,embedfield,answer,combined,embedding_combined,embedding_question,embedding_answer
12375,"Cannot set property 'username' of null<p>Having an error where a logged in user will try to update their account username but run into an error. For the life of me I cannot figure out why it is sometimes (maybe 1/20 users run into this) unable to find the current user. User's can only access this page if logged in. <strong>The errors are:</strong></p>
<blockquote>
<p>throw er; // Unhandled 'error' event</p>
<p>TypeError: Cannot set property 'username' of null</p>
</blockquote>
<p>The error seems to be happening here: <em>user.username = req.body.username;</em></p>
<pre><code>router.post(&quot;/updateAccount&quot;, function (req, res) {
    if (req.user) {
        User.findOne({username: req.body.currentUser}, function (err, user) {
            if (err) {
                return done(err);
            }
            user.username = req.body.username;
            user.save(function (err) {
                if (err) {
                    req.flash(&quot;error&quot;, &quot;It looks like that email address is taken.&quot;);
                    res.redirect('back')
                } else {
                    req.logout();
                    req.login(user, function (err) {
                        if (err) console.log('There was an account error' + err)
                        req.flash(&quot;success&quot;, &quot;Your account has been created! Your username is &quot; + user.username);
                        res.redirect('/results')

                    });
                }
            });
        });

    } else {
        res.redirect('/results')
    }

});
</code></pre>
",They are in a property file in classpath. Have added the file and populated the fields as told by @Stanislav. Issue is fixed now. Thanks for your answer.,"Embed Field: Cannot set property 'username' of null<p>Having an error where a logged in user will try to update their account username but run into an error. For the life of me I cannot figure out why it is sometimes (maybe 1/20 users run into this) unable to find the current user. User's can only access this page if logged in. <strong>The errors are:</strong></p>
<blockquote>
<p>throw er; // Unhandled 'error' event</p>
<p>TypeError: Cannot set property 'username' of null</p>
</blockquote>
<p>The error seems to be happening here: <em>user.username = req.body.username;</em></p>
<pre><code>router.post(&quot;/updateAccount&quot;, function (req, res) {
    if (req.user) {
        User.findOne({username: req.body.currentUser}, function (err, user) {
            if (err) {
                return done(err);
            }
            user.username = req.body.username;
            user.save(function (err) {
                if (err) {
                    req.flash(&quot;error&quot;, &quot;It looks like that email address is taken.&quot;);
                    res.redirect('back')
                } else {
                    req.logout();
                    req.login(user, function (err) {
                        if (err) console.log('There was an account error' + err)
                        req.flash(&quot;success&quot;, &quot;Your account has been created! Your username is &quot; + user.username);
                        res.redirect('/results')

                    });
                }
            });
        });

    } else {
        res.redirect('/results')
    }

});
</code></pre>; Answer: They are in a property file in classpath. Have added the file and populated the fields as told by @Stanislav. Issue is fixed now. Thanks for your answer.","[-0.009625150822103024, 0.016532300040125847, -0.017337145283818245, -0.02897440828382969, -0.026493903249502182, 0.010152917355298996, -0.0021737401839345694, 0.004291405435651541, -0.018537815660238266, -0.029528561979532242, 0.022746756672859192, -0.012811543419957161, 0.016321193426847458, 0.009057801216840744, 0.015925368294119835, -0.009103980846703053, 0.012976470403373241, -0.008866485208272934, 0.023841872811317444, -0.028499417006969452, 0.0004391186230350286, 0.018273930996656418, -0.0094932084903121, 0.015503155067563057, -0.02046416513621807, -0.009486611932516098, 0.012349747121334076, -0.018946833908557892, 0.011228242889046669, -0.0011676844442263246, -2.3798476831871085e-05, 0.005452492740005255, -0.018155183643102646, -0.024382835254073143, -0.030847979709506035, -0.004278210923075676, 0.009447028860449791, -0.030478542670607567, 0.02529323287308216, 0.02039819397032261, 0.017812136560678482, 0.0016476225573569536, -0.007283184211701155, -0.001009354367852211, -0.01505455281585455, 0.025794612243771553, 0.010238679125905037, -0.031217416748404503, -0.01584620401263237, 0.010852208361029625, 0.009486611932516098, 0.023485630750656128, -0.02712722308933735, 0.0005339517374522984, -0.0017878107028082013, -0.02534600906074047, 0.0181815717369318, 0.02208704873919487, 0.02810359187424183, 0.016466330736875534, 0.014948999509215355, 0.017231592908501625, -0.0032935957424342632, -0.013576805591583252, -0.020714854821562767, 0.014117767103016376, -0.01041680108755827, 0.0073557524010539055, -0.009301893413066864, -0.0016096893232315779, 0.022918282076716423, -0.014038601890206337, -0.011135883629322052, -0.0068015968427062035, 0.009842853993177414, 0.01058172807097435, -0.01991000957787037, -0.0036481893621385098, 0.01595175638794899, 0.0048752473667263985, 0.0034172912128269672, -0.015292048454284668, -0.038236718624830246, 0.02241690270602703, 0.010944567620754242, -0.004185852129012346, 0.016466330736875534, 0.006491533946245909, 0.0078109512105584145, -0.012118848972022533, 0.005660301074385643, 0.016149669885635376, -0.0018059526337310672, -0.002153949113562703, 0.005953871179372072, 0.006075917277485132, -0.030372990295290947, 0.031613241881132126, -0.015067747794091702, 0.00022780567815061659, -0.019949592649936676, 0.009018218144774437, -0.0390811450779438, -0.025095319375395775, -0.019685707986354828, -0.003902177093550563, 0.01855100877583027, -0.012481689453125, 0.03005632944405079, -0.041113048791885376, 0.0075074853375554085, 0.014421232976019382, -0.00911717489361763, 0.013524029403924942, 0.0009854398667812347, -0.005020383279770613, -0.0004910706775262952, -0.027813320979475975, -0.015569126233458519, 0.018590591847896576, 0.004347480367869139, 0.018696146085858345, 0.0006902202730998397, 0.0012550958199426532, -0.013246951624751091, -0.008035252802073956, -0.03163963183760643, 0.0061352914199233055, 0.01221120823174715, -0.018946833908557892, 0.04454353451728821, -0.023868262767791748, 0.020899573341012, 0.008859888650476933, -0.009334878996014595, 0.007190824951976538, -0.01223759725689888, 0.009018218144774437, -0.031111864373087883, -0.04633793979883194, 0.00936126708984375, 0.024923795834183693, 0.00482906773686409, 0.017231592908501625, -0.0233404953032732, 0.007058883551508188, -0.017442699521780014, 0.020173892378807068, 0.01567467860877514, -0.004314495250582695, 0.01394624263048172, 0.014144155196845531, 0.013187577947974205, -0.043013010174036026, -0.009915422648191452, 0.013735136017203331, -0.010429995134472847, 0.014751086942851543, 0.007857130840420723, -0.015885787084698677, 0.014817058108747005, 0.031666018068790436, 0.0046674394980072975, -0.012376136146485806, 0.03538677468895912, 0.02907996065914631, -0.011327198706567287, -0.008958844467997551, -0.019632931798696518, -0.0009095733985304832, -0.016030922532081604, 0.041482485830783844, -0.054729435592889786, 0.01757463999092579, 0.009143562987446785, -0.0043606748804450035, -0.028578583151102066, 0.013477849774062634, -0.04863372817635536, -0.003559128614142537, -0.032747942954301834, -0.014038601890206337, -0.007711994927376509, 0.04976842552423477, -0.020794019103050232, 0.007243602070957422, 0.016294805333018303, -0.021968301385641098, -0.006023140624165535, -0.0026025508996099234, 0.021941913291811943, 0.016360776498913765, -0.00013225097791291773, -0.021638445556163788, -0.6337425708770752, -0.011782397516071796, 0.03842143714427948, 0.0013779666041955352, -0.034384019672870636, 0.01131400465965271, -0.02159886434674263, -0.0025332814548164606, -0.015925368294119835, 0.018748922273516655, -0.019500989466905594, 0.027760542929172516, 0.022377319633960724, 0.0038625947199761868, -0.0057988399639725685, -0.005894497502595186, 0.03929225355386734, -0.018814893439412117, 0.009163354523479939, -0.002864785259589553, -0.006841179449111223, 0.015186495147645473, -0.006827985402196646, -0.0001829660905059427, 0.004027521703392267, 0.017732970416545868, 0.023300912231206894, -0.02799803949892521, 0.0010159513913094997, 0.009262310341000557, -0.01708645559847355, 0.031613241881132126, 0.014038601890206337, 0.0010942919179797173, 0.0531725250184536, -0.015397601760923862, -0.04567823186516762, 0.013115009292960167, -0.00124520028475672, 0.04813234880566597, -0.0058285268023610115, -0.012527869082987309, 0.02403978630900383, 0.0027674781158566475, -0.008569616824388504, 0.0034337840043008327, 0.02393423207104206, -0.008351912721991539, 0.01106991246342659, -0.003423888236284256, 0.007302975747734308, -0.007738383486866951, 0.0025035946164280176, 0.013207368552684784, 0.00017709056555759162, -0.009176548570394516, 0.013853883370757103, -0.00021059140271972865, -0.0128907086327672, -0.0035393373109400272, -0.02235093154013157, 0.0001187475718325004, -0.026058495044708252, -0.006781805772334337, -0.0034502765629440546, -0.008945650421082973, 0.016268417239189148, -0.007843936793506145, -0.004974203649908304, -0.013906660489737988, 0.026309184730052948, 0.006481638178229332, -0.008483854122459888, 0.0033381262328475714, 0.0060429321601986885, 0.029027184471488, 0.00862899050116539, -0.03261600062251091, -0.021796775981783867, -0.008609198965132236, 0.00534693943336606, -0.004347480367869139, -0.01661146618425846, -0.021941913291811943, 0.02370993234217167, -0.012105654925107956, -0.008351912721991539, -0.008906068280339241, -0.01033763587474823, -0.0057922424748539925, 0.015661485493183136, 0.010133125819265842, -0.013576805591583252, 0.0018174975411966443, -0.012000101618468761, 0.024712689220905304, 0.009084189310669899, 0.020226670429110527, 0.013735136017203331, -0.0016830818494781852, -0.02637515589594841, 0.00019533562590368092, 0.014381649903953075, 0.018801698461174965, 0.04140331968665123, 0.036389533430337906, -0.0027311942540109158, 0.015133718028664589, 0.009598761796951294, -0.03446318581700325, 0.006448653060942888, -0.015344825573265553, -0.020714854821562767, -0.013306325301527977, -0.010515756905078888, -0.03749784454703331, 0.016703825443983078, 0.003209482878446579, 0.006554206367582083, 0.0009689471917226911, 0.013108412735164165, 0.013497640378773212, 0.0058846017345786095, -0.02002875693142414, -0.020530136302113533, 0.01851142756640911, -0.0023271224927157164, -0.0078109512105584145, -0.006643266882747412, 0.015239271335303783, 0.023789096623659134, -0.0063760848715901375, 0.02913273684680462, -0.016400359570980072, -0.003638293594121933, -0.009743898175656796, 0.03992557153105736, 0.02095234952867031, 0.029185514897108078, 0.012006699107587337, -0.0023716529831290245, 0.023050222545862198, 0.009908825159072876, -0.012514675036072731, -0.0035393373109400272, -0.03142852336168289, -0.0019741784781217575, -0.009407446719706059, -0.032800719141960144, 0.016360776498913765, -0.0015659836353734136, -0.014935805462300777, -0.002059940481558442, 0.03211462125182152, -0.007962684147059917, -0.010621310211718082, 0.018458649516105652, -0.022430097684264183, -0.009592165239155293, -0.020582912489771843, -0.002703156555071473, 0.044517144560813904, -0.03997834771871567, 0.009031412191689014, 0.004106686916202307, -0.016479523852467537, -0.0018999611493200064, 0.01969890296459198, -0.01456636842340231, -0.023577990010380745, 0.0026338871102780104, 0.011630664579570293, -0.025477951392531395, -0.01199350506067276, -0.0037042645271867514, 0.0189864169806242, -0.042907457798719406, -0.0018076018895953894, -0.004888441879302263, -0.005172116681933403, 0.0017861614469438791, 0.0070456890389323235, -0.017482280731201172, -0.013339310884475708, 0.001774616539478302, 0.016413552686572075, 0.038500603288412094, 0.017812136560678482, -0.01964612677693367, 0.027364717796444893, -0.012310164980590343, -0.008081432431936264, -0.011485529132187366, -0.011366781778633595, -0.018946833908557892, 0.008160596713423729, 0.025055738165974617, 0.022971058264374733, -0.010515756905078888, 0.004792783875018358, -0.023564795032143593, 0.016030922532081604, 0.030320214107632637, -0.004476123955100775, -0.0013606492429971695, -0.053040582686662674, -0.013128203339874744, -0.025385592132806778, 0.02865774743258953, -0.0015445430763065815, -0.0002832624304573983, 0.004486019257456064, -0.02963411621749401, -0.023855067789554596, -0.012488286010921001, 0.027100834995508194, -0.012844529002904892, 0.006062723230570555, -0.011683441698551178, 0.001804303377866745, -0.013787912204861641, -0.013504237867891788, 0.0037042645271867514, 0.003618502290919423, -0.00854982528835535, 0.025675863027572632, 0.010350829921662807, -0.006992912385612726, -0.02018708735704422, -0.02810359187424183, 0.00458497554063797, 0.010898387990891933, 0.010403607040643692, 0.018485039472579956, 0.012257387861609459, 0.0016195849748328328, 0.02995077706873417, -0.008543227799236774, 0.03615203872323036, -0.029343845322728157, 0.011076509952545166, 0.00960535928606987, 0.010377218015491962, -0.0214273389428854, 0.026361960917711258, 0.014685116708278656, 0.029238291084766388, 0.00607921602204442, -0.00830573309212923, 0.024277281016111374, 0.01666424237191677, 0.010218888521194458, 0.01212544646114111, -0.03214101120829582, 0.021664835512638092, -0.0009458573767915368, 0.007553664967417717, 0.030584096908569336, 0.020714854821562767, 0.02702166885137558, -0.010720266960561275, 0.006273829843848944, 0.01617605797946453, -0.018300320953130722, 0.009262310341000557, 0.01704687438905239, -0.03857976570725441, -0.002313928445801139, -0.026005718857049942, -0.029343845322728157, 8.457672083750367e-05, -0.010806028731167316, -0.0031962888315320015, -0.0006469268701039255, 0.0022479575127363205, -0.002782321535050869, 0.02067527174949646, 0.008833499625325203, 0.014249708503484726, 0.010647699236869812, -0.04282829165458679, -0.015265660360455513, 0.010370621457695961, 0.011986907571554184, 0.008213373832404613, -0.01611008681356907, -0.01703367941081524, 0.015582320280373096, 0.01221120823174715, 0.010034170001745224, -0.02105790190398693, 0.009070995263755322, 0.022073853760957718, -0.014592757448554039, 0.02236412651836872, -0.00572297303006053, 0.014513592235744, -0.0037999222986400127, 0.011841772124171257, 0.013161188922822475, 0.018696146085858345, 0.0352812223136425, -0.02979244664311409, -0.0018999611493200064, 0.03902836889028549, 0.005821929778903723, -0.007606441620737314, -0.023643961176276207, 0.03287988156080246, -0.0002601726446300745, 0.011241436935961246, -0.015595514327287674, -0.0187225341796875, -0.0015709314029663801, -0.0036152037791907787, 0.008655378594994545, -0.013919854536652565, -0.021572476252913475, 0.021414145827293396, 0.01058172807097435, -0.014830252155661583, -0.020041951909661293, -0.034489572048187256, 0.04367271810770035, 0.031982678920030594, 0.014064989984035492, 0.00409679114818573, 0.010001184418797493, -0.016545495018363, -0.004769694060087204, -0.017983660101890564, -0.0046014683321118355, -0.004670737776905298, 0.005680092144757509, -0.02886885404586792, 0.01527885440737009, 0.018894057720899582, 0.018656563013792038, 0.028314698487520218, -0.0004263367736712098, 0.019065583124756813, -0.00984945148229599, -0.018432261422276497, -0.036917299032211304, -0.01638716459274292, -0.004703723359853029, 0.02235093154013157, 0.032325729727745056, 0.0320090688765049, 0.024184921756386757, 0.006056126207113266, 0.0005714726867154241, 0.005607524421066046, -0.0007706222822889686, 0.01612328179180622, 0.0076592182740569115, 0.045229632407426834, 0.020767631009221077, -0.0040802983567118645, 0.06860970705747604, 0.0020253057591617107, 0.0070522865280508995, -0.0016072153812274337, -0.014777475968003273, 0.010443189181387424, 0.0379728339612484, 0.009097383357584476, 0.005983558017760515, 0.013682358898222446, -0.01943502016365528, -0.0020450970623642206, -0.00535683473572135, 0.01943502016365528, 0.012198014184832573, -0.003026413731276989, 0.0018339903326705098, -0.01758783496916294, -0.016347581520676613, 0.030636873096227646, -0.017389921471476555, 0.040506117045879364, -0.009724106639623642, -0.031085476279258728, -0.013682358898222446, -0.040295008569955826, -0.031507689505815506, 0.021176651120185852, -0.000463857693830505, -0.021071096882224083, -0.024514775723218918, -0.01486983522772789, 0.002092926064506173, -0.0022050763946026564, 0.03235211595892906, 0.0076328301802277565, -0.011215048842132092, -0.009275504387915134, 0.009809868410229683, 0.019091971218585968, 0.024554358795285225, 0.023208552971482277, -0.024105757474899292, -0.013669164851307869, 0.013471252284944057, -0.026625843718647957, -0.022126631811261177, -0.014698310755193233, -0.005633912514895201, 0.001612163265235722, 0.0031336164101958275, -0.0061319926753640175, 0.009189742617309093, -0.008833499625325203, 0.026559874415397644, 0.024382835254073143, -0.0018290424486622214, 0.007065480574965477, -0.010601519607007504, 0.01353722345083952, -0.0076592182740569115, -0.012165028601884842, 0.05826547369360924, 0.013207368552684784, 0.006422264501452446, 0.005815332289785147, -0.0026998580433428288, -0.002426078775897622, -0.0017795643070712686, -0.007573456037789583, 0.01090498548001051, 0.0026866637635976076, 0.025029350072145462, -0.02979244664311409, 0.007738383486866951, -0.0034832621458917856, -0.0020038653165102005, 0.009889033623039722, 0.004077000077813864, 0.0021044709719717503, 0.01505455281585455, 0.01612328179180622, 0.03169240802526474, 0.015978146344423294, -0.004964308347553015, -0.0057955412194132805, -0.026929309591650963, 0.040769997984170914, -0.004383764695376158, 0.0007227933965623379, 0.003687771735712886, -0.0029521966353058815, -0.002214972162619233, -0.0014843445969745517, 0.010687281377613544, 0.00996160227805376, 0.005739465821534395, -0.0055811358615756035, -0.023512018844485283, -0.020912766456604004, -0.024712689220905304, 0.021638445556163788, 0.008972038514912128, -0.0021951808594167233, 0.007329363841563463, -0.030372990295290947, -0.015450378879904747, -0.02789248526096344, -0.02973967045545578, -0.0031962888315320015, -0.021044708788394928, -0.005699883680790663, -0.020582912489771843, 0.031824350357055664, 0.023960622027516365, -0.00928210187703371, 0.021044708788394928, 0.0001412189012626186, -0.011835174635052681, -0.002496997592970729, -0.03794644773006439, 0.0005793067393824458, 0.007698800880461931, 0.011551500298082829, 0.016782989725470543, 0.011564694344997406, -0.009348073042929173, 0.02306341752409935, -0.006428861524909735, 0.0022281662095338106, 0.015292048454284668, 0.00267346971668303, -0.02072804793715477, -0.02609807811677456, 0.00960535928606987, 0.015146912075579166, 0.047393474727869034, 0.05151005834341049, 0.006827985402196646, -0.0073821404948830605, 0.025148097425699234, -0.023921038955450058, 0.0053040580824017525, -0.03061048500239849, -0.03989918529987335, -0.010806028731167316, 0.005587732885032892, -0.02588697150349617, -0.00802865531295538, -0.03507011756300926, 0.012983067892491817, -0.016162864863872528, -0.0040506115183234215, 0.004984099417924881, -0.025319620966911316, 0.01600453443825245, -0.0003671691520139575, -0.014012213796377182, -0.0132931312546134, -0.0042056431993842125, 0.008424480445683002, -0.010397009551525116, -7.06094506313093e-05, -0.019936397671699524, 0.0026025508996099234, 0.0004514881584327668, 0.012052878737449646, -0.01589898020029068, 0.0043606748804450035, -0.021559281274676323, 0.024224504828453064, -0.008345315232872963, -0.004654244985431433, 0.010007781907916069, -0.016914932057261467, -0.005482179578393698, -0.010832417756319046, -0.007184227928519249, -0.02339327149093151, 0.0023716529831290245, 0.027707766741514206, 0.014104573056101799, 0.007679009810090065, -0.023591184988617897, -7.390799146378413e-05, -0.0050038909539580345, -0.031164640560746193, 0.02165164053440094, 0.023960622027516365, 0.028314698487520218, 0.025702252984046936, 0.014408038929104805, -0.033671535551548004, -0.014579563401639462, 0.0039945365861058235, -0.0018999611493200064, 0.020160699263215065, 0.022337738424539566, -0.012923694215714931, -0.019461408257484436, 0.014012213796377182, -0.005528359208256006, -0.009763688780367374, 0.007494291290640831, 0.03132297098636627, 0.021506505087018013, -2.5628138246247545e-05, -0.019131552428007126, 0.021955106407403946, -0.034331243485212326, -0.006432160269469023, -0.022324543446302414, 0.002619043691083789, -0.013009455986320972, -0.004644349683076143, -0.02072804793715477, 0.014592757448554039, 0.011485529132187366, 0.03868532180786133, 0.01851142756640911, -0.0010646049631759524, -0.022007882595062256, -0.014117767103016376, 0.0025844089686870575, 0.023129388689994812, -0.009638344869017601, 0.01486983522772789, -0.0039615510031580925, 0.01001437846571207, 0.0059208860620856285, 0.02132178656756878, -0.019342660903930664, -0.016413552686572075, 0.009724106639623642, 0.027470272034406662, -0.00811441708356142, 0.0031055789440870285, 0.006293621379882097, -0.0016797833377495408, -0.0068081943318247795, 0.014144155196845531, -0.00789671391248703, -0.04755180701613426, 0.010106737725436687, -0.01899961195886135, 0.01741631142795086, 0.023142581805586815, -0.005205101799219847, -0.004030820447951555, -0.020741242915391922, 0.015476766973733902, -0.03317015618085861, -0.020002368837594986, -0.004769694060087204, -0.047235146164894104, 0.00668944651260972, -0.015120523981750011, 0.024448806419968605, 0.03976724296808243, -0.02332730032503605, -0.005660301074385643, 0.011419557966291904, 0.00409679114818573, -0.03369792178273201, -0.0005677618319168687, -0.01704687438905239, 0.011465737596154213, -0.01321396604180336, 0.009150160476565361, 0.007058883551508188, -0.0069269416853785515, 0.029053572565317154, -0.015872592106461525, -0.018814893439412117, 0.015661485493183136, 0.010232082568109035, 0.020991932600736618, 0.0032441176008433104, -0.032959047704935074, 0.031718794256448746, -0.00895224791020155, 0.015450378879904747, -0.030161883682012558, -0.019672514870762825, 0.028499417006969452, -0.010588325560092926, -0.002600901760160923, -0.02111067995429039, -0.01099074725061655, -0.029053572565317154, -0.01844545640051365, 0.024712689220905304, 0.003978043794631958, -0.012765363790094852, -0.014803864061832428, 0.027008475735783577, 0.009367863647639751, -0.0045717814937233925, -0.00992861669510603, -0.008055043406784534, -0.028895242139697075, -0.016400359570980072, 0.008107820525765419, -0.016914932057261467, 0.006455250084400177, 0.0025151395238935947, -0.0021671431604772806, 0.0018917147535830736, 0.013240354135632515, -0.02860497124493122, -0.020701659843325615, -0.03185073658823967, -0.030214659869670868, -0.03501734137535095, -0.007731786463409662, -0.011307408101856709, 0.03224656358361244, 0.0042023444548249245, -0.033090990036726, -0.00401432765647769, -0.032642386853694916, -0.04406854510307312, -0.017284369096159935, -0.007771369069814682, 0.006603684276342392, 0.05063924193382263, 0.011736217886209488, -0.00130622333381325, 0.003948356956243515, 0.002508542500436306, 0.046047668904066086, -0.040717221796512604, -0.0012377784587442875, -0.0020104623399674892, 0.0072304075583815575, -0.0012493233662098646, 0.005132534075528383, -0.029475785791873932, 0.01041680108755827, -0.012785155326128006, -0.0077845631167292595, 0.022971058264374733, -0.008094626478850842, -0.016400359570980072, -0.0068675680086016655, -0.009803271852433681, -6.680839305772679e-06, 0.0014950649347156286, 0.004519004840403795, 0.011129286140203476, -0.016782989725470543, -0.0065014297142624855, 0.014196932315826416, -0.010588325560092926, -0.007494291290640831, 0.0055844346061348915, -0.0005269423709250987, -0.01947460137307644, 0.009143562987446785, -0.018854474648833275, 0.005482179578393698, -0.004476123955100775, -0.030478542670607567, 0.018894057720899582, -0.023472435772418976, 0.026164047420024872, 0.01905238814651966, -0.008826903067529202, 0.016888543963432312, -0.02805081568658352, 0.021084291860461235, -0.0198044553399086, -0.00615838123485446, -0.011854966171085835, -0.03982001915574074, -0.007514082361012697, -0.004957711324095726, 0.01996278576552868, -0.027971649542450905, -0.002005514455959201, 0.008609198965132236, -0.00482906773686409, -0.021678028628230095, 0.0065014297142624855, -0.017759358510375023, -0.018590591847896576, -0.012626824900507927, 0.0007730961660854518, 0.003925267141312361, 0.002214972162619233, -0.018748922273516655, -0.007124854251742363, 0.019342660903930664, -0.013735136017203331, 0.011762606911361217, 0.00014802213991060853, -0.03570343554019928, 0.019844038411974907, 0.014803864061832428, 0.011907742358744144, 0.017601028084754944, 0.2078346461057663, -0.0075404709205031395, 0.016189252957701683, -0.007606441620737314, 0.012877514585852623, -0.006290322635322809, 0.007982475683093071, 0.00358881545253098, -0.02187594212591648, 0.014817058108747005, -0.025623086839914322, 0.02046416513621807, 0.0010662542190402746, -0.0112612284719944, -0.009308489970862865, -0.006197963375598192, -0.06845137476921082, -0.013359101489186287, -0.018537815660238266, -0.012765363790094852, 0.012059475295245647, -0.009453626349568367, -0.02203427255153656, -0.024000203236937523, 0.0428546778857708, 0.0036943689920008183, 0.020648883655667305, 0.02419811673462391, 0.015173301100730896, -0.003090735524892807, -0.013550417497754097, -0.011551500298082829, 0.01236953865736723, -0.0036613834090530872, -0.020754436030983925, -0.025253649801015854, 0.00806164089590311, 0.012013295665383339, -0.014948999509215355, 0.01025847066193819, -0.0007310397340916097, -0.005142429377883673, 0.01600453443825245, -0.03499095141887665, -0.013972630724310875, 0.0008551474311389029, -0.007256796117872, -0.0038988785818219185, 0.01082582026720047, 0.017996855080127716, -0.004489318002015352, 2.1169949832255952e-05, 0.0401630662381649, 0.007408529054373503, -0.010951165109872818, -0.0026553275529295206, 0.008239761926233768, 0.004103388171643019, -0.018115602433681488, 0.024396028369665146, -0.021453728899359703, 0.022205796092748642, 0.006339801009744406, 0.029977165162563324, -0.016321193426847458, 0.011406363919377327, -0.004413451533764601, -0.022654397413134575, 0.023630766198039055, -0.02111067995429039, -0.011050120927393436, 0.0015346474247053266, -0.00721721351146698, 0.03142852336168289, 0.005076458677649498, -0.026032106950879097, -0.0032276250422000885, 0.01985723339021206, 0.013893465511500835, 0.0181815717369318, -0.013253548182547092, -0.021691223606467247, -0.008661976084113121, 0.00011637674469966441, -0.02224537916481495, -0.02973967045545578, -0.0010646049631759524, -0.0034403810277581215, -0.009743898175656796, -0.028499417006969452, -0.02093915455043316, 0.019778067246079445, -0.006788402795791626, -0.01221120823174715, -0.011571290902793407, -0.003968148026615381, 0.005554747302085161, 0.01353722345083952, -0.021361369639635086, 0.03522844612598419, -0.03781450539827347, 0.017178814858198166, 0.03520205616950989, -0.012620228342711926, -0.022218989208340645, 0.015714261680841446, -0.008510242216289043, 0.015028164722025394, -0.006293621379882097, -0.005802138242870569, -0.006953330244868994, -0.019606543704867363, 0.012554257176816463, -0.008978636004030704, 0.015344825573265553, 0.02632237784564495, 3.5923203540733084e-05, 0.0009615254821255803, 0.00360860675573349, 0.010542145930230618, 0.017337145283818245, -0.006821388378739357, -0.0028383969329297543, 0.0036547863855957985, 0.019712096080183983, -0.033513203263282776, -0.018353097140789032, 0.002373302122578025, -0.00854982528835535, -0.021189844235777855, 0.022509261965751648, -0.01090498548001051, -0.015265660360455513, -0.015146912075579166, 0.004152866546064615, -0.018814893439412117, 0.007085271645337343, -0.048158738762140274, 0.01698090322315693, 0.02121623232960701, 0.016703825443983078, -0.017983660101890564, 0.012673004530370235, -0.017192009836435318, -0.0034106941893696785, -0.0379992239177227, -0.017772553488612175, -0.01856420375406742, -0.021691223606467247, -0.013405281119048595, -0.012026490643620491, -0.004344182088971138, 0.00022162089589983225, -0.013167786411941051, 0.01022548507899046, -0.0026685218326747417, -0.006062723230570555, -0.0542544461786747, 0.007184227928519249, 0.024936990812420845, -0.030399378389120102, 0.008457466028630733, 0.015938563272356987, 0.004222135990858078, -0.03097992204129696, -0.014249708503484726, -0.16635215282440186, 0.04206302762031555, 0.008576213382184505, -0.00806164089590311, -0.0031764975283294916, 0.014724698849022388, -0.01882808655500412, 0.007085271645337343, -0.022390514612197876, -0.0170996505767107, 0.0016096893232315779, -0.010067155584692955, -0.03422568738460541, 0.001202319166623056, 0.007223810534924269, 0.01106991246342659, 0.01921071857213974, -0.008378300815820694, 0.0314812995493412, 0.027100834995508194, 0.02897440828382969, -0.04509769007563591, 0.02717999927699566, -0.00992861669510603, -0.010370621457695961, 0.009156757034361362, 0.015872592106461525, 0.006023140624165535, -0.004261718597263098, -0.026467515155673027, -0.010350829921662807, -0.00032676197588443756, 0.025926552712917328, 0.01943502016365528, 0.005412910133600235, -0.008991830050945282, 0.003981342073529959, 0.0008699909085407853, 0.008747737854719162, 0.006352995056658983, -0.013642776757478714, 0.012903902679681778, -0.0016756601398810744, 0.02794526144862175, 0.009743898175656796, 0.0038197136018425226, 0.021836359053850174, 0.010885193943977356, 0.0067752087488770485, -0.02126901037991047, 0.00876093190163374, -0.015305242501199245, -0.009084189310669899, 0.018353097140789032, 0.025979330763220787, 0.014724698849022388, -0.02175719477236271, 0.012059475295245647, -0.002097873715683818, -0.012930290773510933, 0.005099548492580652, -0.017060067504644394, -0.00021832235506735742, -0.007494291290640831, -0.0019824246410280466, -0.004944516811519861, -0.020582912489771843, 0.018432261422276497, -0.03092714585363865, 0.0027691274881362915, -0.014236514456570148, -0.004225434269756079, 0.008536631241440773, 0.019764874130487442, -0.0015651589492335916, 0.0021358069498091936, -0.014500398188829422, 0.01172302383929491, -0.0037471456453204155, 0.010199096985161304, 0.005026980768889189, 0.016242029145359993, -0.006019842345267534, 0.04427964985370636, -0.029766058549284935, -0.006887359078973532, 0.004093492869287729, -0.006887359078973532, 0.0045717814937233925, -0.013827495276927948, 0.009077591821551323, -0.02377590350806713, -0.010944567620754242, -0.004027521703392267, -0.004123179707676172, 0.007982475683093071, 0.019619736820459366, 0.0054887766018509865, -0.002680066740140319, -0.022562038153409958, -0.009664732962846756, -0.0074744997546076775, -0.014592757448554039, -0.005841720849275589, 0.04011029005050659, -0.0003294420603197068, 0.006089111790060997, 0.001539595308713615, 0.031560465693473816, -0.004073701333254576, -0.015199689194560051, 0.011043524369597435, -0.005330446641892195, 0.037682563066482544, -0.006633371114730835, -0.006475041154772043, 0.020200280472636223, 0.011841772124171257, 0.008609198965132236, -0.009295295923948288, 0.046153221279382706, -0.00996160227805376, 0.020648883655667305, 0.014685116708278656, -0.013339310884475708, -0.0037537426687777042, -0.08829541504383087, -0.021941913291811943, -0.010832417756319046, 0.027311941608786583, -0.028446640819311142, 0.0001487436966272071, -0.004288106691092253, 0.020820407196879387, 0.0025299829430878162, 0.016796184703707695, -0.015199689194560051, -0.01921071857213974, 0.010819222778081894, 0.014737892895936966, 0.010100140236318111, 0.009776883758604527, -0.0049709053710103035, 0.0336451455950737, -0.008173790760338306, 0.0379728339612484, -0.022021077573299408, -0.026295989751815796, 0.008919262327253819, -0.013774718157947063, -0.027100834995508194, 0.018102407455444336, -0.013669164851307869, 0.00742172310128808, 0.017614223062992096, -0.0005075634107924998, 0.011973713524639606, -0.02236412651836872, 0.04391021281480789, -0.002066537505015731, 0.01394624263048172, 0.009796674363315105, -0.01851142756640911, -0.007711994927376509, 0.045994892716407776, -0.01486983522772789, 0.00860260147601366, -0.011248033493757248, 0.03441040590405464, -0.02322174794971943, 0.003945058211684227, 0.005937378387898207, -0.034040968865156174, 0.037629786878824234, -0.005868108943104744, -0.025755029171705246, -0.01567467860877514, -0.0029901298694312572, 0.013550417497754097, -0.03786728158593178, 0.016519106924533844, 0.0015024866443127394, 0.028446640819311142, 0.022390514612197876, -0.024923795834183693, -0.010984150692820549, -0.031507689505815506, -0.017350340262055397, -0.02339327149093151, -0.012910500168800354, 0.012600436806678772, -0.013893465511500835, -0.005637211259454489, -0.014474009163677692, -0.0007743331370875239, 0.0004473649896681309, -0.01394624263048172, 0.013524029403924942, -0.019936397671699524, 0.013491043820977211, -0.021889135241508484, 0.00620126212015748, 0.006184769328683615, -0.017719777300953865, 0.01893364079296589, -0.017680194228887558, 0.002495348220691085, 0.0057625556364655495, 0.005023682024329901, 0.008906068280339241, 0.008206776343286037, 0.024765465408563614, 0.025082126259803772, 0.012541063129901886, -0.0030742427334189415, -0.039318639785051346, 0.013603193685412407, -0.003823012113571167, 0.01579342782497406, 0.0016492718132212758, -0.01801004819571972, 0.026361960917711258, -0.009354669600725174, -0.0063134124502539635, -0.0011396468617022038, 0.0076922038570046425, 0.016677437350153923, -0.014038601890206337, -0.041746366769075394, 0.03153407573699951, 0.007223810534924269, -0.00693353870883584, -0.013669164851307869, 0.0015231025172397494, -0.00037232312024571, -0.006544310599565506, -0.0064651453867554665, 0.011551500298082829, 0.02913273684680462, -0.0030940340366214514, 0.0162816122174263, 0.008338718675076962, -0.012996261939406395, 0.022707175463438034, 0.026889728382229805, 0.015608708374202251, 0.019778067246079445, 0.008121014572679996, 0.013240354135632515, 0.0075404709205031395, -0.0008642184548079967, 0.004921426996588707, -0.016914932057261467, -0.006550907623022795, 0.012204611673951149, 0.0073887379840016365, -0.009625150822103024, -0.015120523981750011, 0.004519004840403795, -0.04298662021756172, 0.0024128847289830446, 0.016571883112192154, 0.0048488592728972435, -0.004924725741147995, -0.005901094526052475, 0.04472825303673744, 0.020160699263215065, 0.007942893542349339, -0.010970956645905972, -0.01903919316828251, -0.008483854122459888, -0.00851683970540762, 0.0052446844056248665, -0.008002267219126225, -0.03923947364091873, -0.00628042733296752, 0.00595716992393136, 0.015701068565249443, 0.04361994192004204, 0.014447621069848537, -0.017271174117922783, -0.008391494862735271, -0.01584620401263237, -0.03615203872323036, 0.019830845296382904, 0.00032263880711980164, -0.001498363446444273, -0.015450378879904747, 0.03409374877810478, -0.01948779635131359, 0.003516247496008873, -0.011274422518908978, 0.01725798100233078, -0.016294805333018303, -0.005208400543779135, 0.027338329702615738, 0.013128203339874744, -0.0189864169806242, -0.008727946318686008, -0.006244143005460501, -0.0013375594280660152, 0.0018900654977187514, 0.007401932030916214, 0.033777087926864624, -0.021308591589331627, 0.012923694215714931, -0.006626774091273546, 0.02029263973236084, 0.011624068021774292, -0.0069863153621554375, -0.014262902550399303, 0.026071690022945404, 0.022931475192308426, 0.008404688909649849, -0.010845611803233624, 0.008285941556096077, -0.00996160227805376, 0.015859397128224373, -0.021585669368505478, 0.007039092015475035, -0.017930883914232254, 0.012145237997174263, 0.025253649801015854, -0.014038601890206337, -0.03591454401612282, 0.005406313110142946, 0.017878105863928795, 0.00454539293423295, 0.0041132839396595955, -0.0003750031755771488, 0.00632330821827054, -0.012132043950259686, -0.03214101120829582, -0.013398684561252594, -0.033618755638599396, -0.047340698540210724, -0.002384847030043602, 0.010898387990891933, -0.00020450970623642206, -0.018524620682001114, -0.010984150692820549, -0.0008617445128038526, -0.01802324317395687, 0.009750494733452797, 0.00405720854178071, -0.0057955412194132805, -0.01849823258817196, 0.008239761926233768, 0.0198044553399086, -0.02088637836277485, 0.011868160218000412, -0.013669164851307869, 0.02555711567401886, 0.014962194487452507, 0.004459631163626909, -0.024211309850215912, 0.006860970985144377, -0.0036976675037294626, 0.012033087201416492, -3.994330108980648e-05, -0.003179796040058136, -0.009644941426813602, 0.0027278955094516277, -0.0004993170732632279, -0.0059142885729670525, -0.007164436858147383, -0.02224537916481495, 0.07715953141450882, 0.01479067001491785, 0.008167194202542305, -0.002018708735704422, 0.01779894158244133, 0.040189456194639206, 0.008074834942817688, 0.007626233156770468, 0.0057922424748539925, -0.01394624263048172, 0.015146912075579166, -0.01001437846571207, -0.006066021975129843, -0.017403116449713707, -0.02675778605043888, 0.014962194487452507, -0.005046771839261055, 0.025042543187737465, -0.01069387886673212, -0.02393423207104206, 0.005558046046644449, 0.00187522207852453, 0.038395047187805176, -0.0015775285428389907, -0.012752169743180275, -0.010799432173371315, 0.0074613057076931, 0.01479067001491785, -0.019382242113351822, -0.011287616565823555, -0.01139316987246275, 0.008233165368437767, 0.0035690241493284702, -0.01313480082899332, 0.003700966015458107, 0.0014018811052665114, 0.005162220913916826, 0.021308591589331627, 0.012903902679681778, 0.013088621199131012, 0.00041644115117378533, -0.007698800880461931, -0.01033763587474823, -0.018814893439412117, 0.011129286140203476, -0.0031237208750098944, -0.009572373703122139, 0.001283958088606596, -0.03776172921061516]","[-0.021075807511806488, 0.019245339557528496, -0.004719175864011049, -0.020376669242978096, -0.016842849552631378, 0.005008364096283913, -0.0031349945347756147, 0.008001942187547684, -0.006257277447730303, -0.03691444173455238, 0.022931698709726334, -0.0211647879332304, 0.005761525593698025, 0.011313309893012047, 0.022995255887508392, -0.004499901086091995, 0.0149234002456069, -0.006533754523843527, 0.01957583986222744, -0.0309908427298069, -0.0006530576501972973, 0.0015126785729080439, -0.008523117750883102, 0.030177302658557892, -0.011370512656867504, -0.02440624311566353, 0.0032986560836434364, -0.02524520643055439, 0.042304154485464096, -0.0060920268297195435, -0.0012957871658727527, 0.0034321278799325228, -0.01972837932407856, -0.028321409597992897, -0.02616044133901596, 0.001283075544051826, -0.003540176199749112, -0.02169867418706417, 0.022118156775832176, 0.004801800940185785, 0.021444443613290787, 0.0010868405224755406, -0.005634409841150045, 0.01572423055768013, -0.019524993374943733, 0.025207072496414185, 0.000251252407906577, -0.0362534373998642, -0.009120562113821507, 0.00956546701490879, 0.007944740355014801, 0.007048573810607195, -0.03676190227270126, 0.0034511953126639128, 0.002149846637621522, -0.01693182997405529, 0.015190343372523785, 0.026020614430308342, 0.02502910979092121, 0.022334253415465355, 0.011364156380295753, 0.02138088457286358, -0.013563260436058044, -0.010251892730593681, -0.027075674384832382, 0.013817492872476578, -0.0038230090867727995, 0.0010757178533822298, -0.003918346017599106, -0.0037054268177598715, 0.021724097430706024, -0.01402087789028883, -0.012501843273639679, -0.01578778773546219, 0.013512413948774338, 0.01868603006005287, -0.023249488323926926, -0.008942599408328533, 0.005373822525143623, 0.008987090550363064, 0.018546201288700104, -0.013690376654267311, -0.027101097628474236, 0.026516364887356758, 0.014580187387764454, -0.015673384070396423, 0.022245272994041443, 0.00534839928150177, -0.0028299165423959494, -0.02411387674510479, -0.005945843644440174, 0.009597246535122395, -0.0020354425068944693, -0.0004802595649380237, -0.0007773928227834404, 0.007728643249720335, -0.033965352922677994, 0.019308896735310555, -0.011904398910701275, -0.001970295561477542, -0.016677599400281906, 0.013753934763371944, -0.029948493465781212, -0.022029176354408264, -0.01163745578378439, -0.00824346300214529, -0.0009986538207158446, -0.01557169109582901, 0.037143249064683914, -0.03650766983628273, 0.0062286765314638615, 0.022944409400224686, -0.00891717616468668, 0.028067179024219513, 0.009686227887868881, -0.020274978131055832, 0.008694724179804325, -0.0059712668880820274, -0.013105643913149834, 0.009514621458947659, 0.0022849072702229023, 0.011402291245758533, 0.005332509521394968, 0.0019750625360757113, -0.005936310160905123, -0.012743363156914711, -0.0325162336230278, 0.0030190013349056244, 0.00983241107314825, -0.01138322427868843, 0.04011775925755501, -0.022397812455892563, 0.01881314441561699, 0.015597114339470863, 0.0009009335772134364, -0.001571469590999186, -0.004102664068341255, 0.004967051558196545, -0.012991239316761494, -0.05867667496204376, 0.008109990507364273, 0.034270431846380234, 0.005373822525143623, 0.019296186044812202, -0.00801465380936861, 0.021444443613290787, -0.016919119283556938, 0.010900183580815792, 0.0042488472536206245, -0.0027409354224801064, 0.004417275544255972, 0.01655048318207264, 0.013486991636455059, -0.044643085449934006, -0.0023786553647369146, 0.01942330040037632, -0.005643943324685097, 0.013092932291328907, -0.0005879107629880309, -0.023846931755542755, 0.008033721707761288, 0.025817228481173515, 0.01398274302482605, -0.013512413948774338, 0.028677335008978844, 0.026821443811058998, -0.0005541456630453467, -0.003419416258111596, -0.011974312365055084, -0.0014689825475215912, -0.026745174080133438, 0.03818560019135475, -0.04423631355166435, 0.025969767943024635, -0.0001597885857336223, -0.0011051134206354618, -0.029160374775528908, 0.012559045106172562, -0.04141434282064438, -0.011516695842146873, -0.029134951531887054, -0.00809092354029417, -0.007410853635519743, 0.058930907398462296, -0.019753802567720413, 0.006095204968005419, 0.006622735410928726, -0.010925606824457645, -0.007868470624089241, -0.011179838329553604, 0.0064479513093829155, 0.012597179971635342, 0.005408779252320528, -0.022359676659107208, -0.6410706043243408, -0.00723924720659852, 0.03808390721678734, 0.026516364887356758, -0.028906144201755524, 0.021050384268164635, -0.024317260831594467, 0.0042869821190834045, -0.012679805979132652, 0.022702889516949654, -0.010442567057907581, 0.03282131254673004, 0.02661805786192417, -0.013143778778612614, -0.004881248343735933, -0.01949957013130188, 0.03739748150110245, -0.004607949405908585, 0.0032541656401008368, -0.011993380263447762, -0.010290027596056461, 0.006120627745985985, -0.020897844806313515, 0.001591331441886723, 0.009991305880248547, 0.010448922403156757, 0.03940591216087341, -0.014910688623785973, 0.003835720708593726, 0.008504049852490425, -0.009883256629109383, 0.030177302658557892, 0.014821707271039486, 0.004868536721915007, 0.05633774399757385, -0.01935974322259426, -0.03498227894306183, 0.014910688623785973, 0.003699071006849408, 0.04451596736907959, -0.01694454252719879, 0.0011964779114350677, 0.027685830369591713, 0.010194690898060799, -0.01148491632193327, 0.0020163750741630793, 0.03241454064846039, -0.01545728649944067, 0.023694394156336784, 0.0023643546737730503, 0.010633240453898907, -0.01745300553739071, -0.0025407280772924423, -0.001978240441530943, 0.001362522947601974, -0.015088651329278946, 0.01008664257824421, -0.007817624136805534, -0.004341006278991699, 0.0006014168611727655, -0.02125377021729946, -0.0029808664694428444, -0.033965352922677994, -0.0060507142916321754, -0.016423366963863373, 0.0060920268297195435, 0.0226901788264513, -0.011014588177204132, -0.010684086941182613, -0.019308896735310555, 0.025219783186912537, 0.0029649771749973297, 0.003339968854561448, 0.00729644950479269, 0.014491206035017967, 0.01986820623278618, 0.00903158076107502, -0.02561384253203869, -0.00816719327121973, -0.014427648857235909, 0.0015341293765231967, 0.00910149421542883, -0.013512413948774338, -0.03137218952178955, 0.037982214242219925, -0.017897911369800568, -0.002269017742946744, -0.0006824532174505293, 0.003886566963046789, 0.005237172823399305, 0.02049107477068901, 0.004417275544255972, -0.022931698709726334, 0.005043321289122105, -0.0012012447696179152, 0.012756074778735638, 0.00917776394635439, 0.025079956278204918, 0.011319666169583797, -0.004623838700354099, -0.021724097430706024, 0.002586807357147336, 0.01062052883207798, 0.03139761462807655, 0.04278719425201416, 0.03419416397809982, -0.005227639339864254, 0.008415069431066513, 0.02041480503976345, -0.027304483577609062, 0.005672544706612825, -0.025601131841540337, -0.0035052194725722075, -0.02071988210082054, -0.006800697650760412, -0.02977053076028824, 0.020986825227737427, -0.0008270474500022829, 0.0005295169539749622, -0.019321609288454056, 0.020427515730261803, 0.00372131634503603, 0.011809062212705612, -0.024368107318878174, -0.01708436943590641, 0.004201178904622793, -0.0013299495913088322, -0.005354755092412233, -0.00823710672557354, 0.015101362019777298, 0.020516498014330864, -0.01541915163397789, 0.021711386740207672, -0.013792069628834724, 0.016003884375095367, -0.005697967950254679, 0.03561785817146301, 0.0177707951515913, 0.028295986354351044, -0.00029057887149974704, 0.0008238696027547121, 0.01308022066950798, 0.001889259205199778, -0.00017915389616973698, 0.0032954784110188484, -0.027685830369591713, 0.010518835857510567, -0.011993380263447762, -0.023300334811210632, 0.01949957013130188, 0.0007622978300787508, -0.013614106923341751, -0.009298523887991905, 0.03127049654722214, -0.017707237973809242, -0.006034824997186661, 0.02336389198899269, -0.016919119283556938, -0.012686161324381828, -0.02478758990764618, -0.018406374379992485, 0.04489731788635254, -0.02486385963857174, 0.01080484688282013, -0.012114140205085278, -0.011980668641626835, -3.7830618566658814e-06, 0.016219981014728546, -0.019321609288454056, -0.023529142141342163, -0.004480833653360605, 0.015508132986724377, -0.013842915184795856, -0.011503984220325947, 0.008103635162115097, 0.02192748337984085, -0.037448327988386154, -0.004960695747286081, 0.0028807627968490124, 0.002159380353987217, 0.01935974322259426, 0.023020679131150246, -0.002407256281003356, -0.01595303788781166, 0.008510406129062176, 0.031321343034505844, 0.03462635725736618, 0.01663946360349655, -0.033685699105262756, 0.01896568387746811, -0.009629025124013424, -0.0011956833768635988, -0.006397104822099209, -0.020160572603344917, -0.014325955882668495, -0.0007710370700806379, 0.03007560968399048, 0.01827925816178322, -0.005160903558135033, 0.010525192134082317, -0.008662944659590721, 0.007321872748434544, 0.027533292770385742, -0.00457299267873168, -0.008103635162115097, -0.04906671494245529, -0.0098260547965765, -0.022880852222442627, 0.027838369831442833, -0.010951030068099499, -0.00723924720659852, -9.901132580125704e-05, -0.02298254519701004, -0.01949957013130188, -0.003689537523314357, 0.035414475947618484, -0.01227939035743475, 0.008974378928542137, -0.013398010283708572, -0.0008051994373090565, 0.0012814865913242102, -0.009285812266170979, 0.006552821956574917, -0.00035115753416903317, -0.008593031205236912, 0.024279126897454262, 0.015203054994344711, -0.007073996588587761, -0.010855693370103836, -0.02720279060304165, -0.006301768124103546, 0.011052723042666912, -0.001491227769292891, 0.015927614644169807, -0.0024295016191899776, 0.02684686705470085, 0.020605478435754776, -0.014122570864856243, 0.02705025114119053, -0.022957121953368187, 0.0066290912218391895, 0.010677730664610863, 0.0005827466957271099, -0.017046235501766205, 0.029541723430156708, 0.014732726849615574, 0.023935914039611816, -0.0003116324369329959, -0.014859842136502266, 0.01670302264392376, 0.011262464337050915, 0.010556970722973347, 0.00740449782460928, -0.0317535400390625, 0.02669432759284973, -0.012158630415797234, 0.014262397773563862, 0.019906342029571533, 0.027685830369591713, 0.022741025313735008, -0.0034321278799325228, 0.006336724851280451, 0.022880852222442627, -0.022118156775832176, 0.008840907365083694, 0.01957583986222744, -0.02168596349656582, -0.009133273735642433, -0.02327491156756878, -0.029440030455589294, -0.000656235555652529, -0.02206731028854847, 0.0020020746160298586, 0.001014543347992003, 0.0028203828260302544, -0.0016048375982791185, 0.009819699451327324, 0.005307086743414402, 0.020732594653964043, -0.0021705031394958496, -0.04830402135848999, -0.016372520476579666, 0.014656457118690014, 0.019029242917895317, 0.01927076280117035, -0.038821179419755936, -0.007862115278840065, 0.005586741492152214, 0.015965750440955162, 0.007417209446430206, -0.012419218197464943, 0.005977622698992491, 0.026414671912789345, -0.017503852024674416, 0.016512349247932434, -0.009387505240738392, 0.025651978328824043, -0.00572656886652112, 0.011618387885391712, 0.003699071006849408, 0.020897844806313515, 0.029084105044603348, -0.03826186805963516, -0.016766579821705818, 0.02518164925277233, 0.014529340900480747, -0.012997595593333244, -0.030253570526838303, 0.03816017508506775, -0.008027365431189537, 0.007264670450240374, -0.022181715816259384, -0.006244565825909376, -0.015215766616165638, -0.008332443423569202, 0.007531614042818546, -0.010703153908252716, -0.013347163796424866, 0.013537837192416191, 0.010461634024977684, -0.012768786400556564, -0.016448790207505226, -0.033075541257858276, 0.03915167972445488, 0.03157557547092438, -5.352768857846968e-05, -0.0003831351059488952, 0.004881248343735933, -0.007487123366445303, 0.0019544060342013836, -0.016906406730413437, -0.006959592457860708, 0.004938450641930103, 0.006851544138044119, -0.0162454042583704, 0.027075674384832382, 0.007677797228097916, 0.02024955488741398, 0.02009701542556286, -0.012552689760923386, 0.022702889516949654, -0.01572423055768013, -0.028372256085276604, -0.036329708993434906, -0.003211264032870531, -0.01775808446109295, 0.020923268049955368, 0.03320265933871269, 0.03711782768368721, 0.023478297516703606, -0.002437446266412735, 0.0011178249260410666, 0.0038833890575915575, -0.009196831844747066, 0.005723390728235245, 0.0013180323876440525, 0.019613975659012794, 0.017643678933382034, 0.008319731801748276, 0.060964759439229965, 0.00880912784487009, -0.0023039747029542923, -0.004938450641930103, -0.017707237973809242, 0.004166221711784601, 0.03696528822183609, 0.014351379126310349, -0.001639794441871345, 0.006927813403308392, -0.020694458857178688, -0.001739898114465177, 0.0023436984047293663, 0.022016463801264763, 0.007652373984456062, -0.0037530953995883465, 0.009584534913301468, -0.031117958948016167, -0.007747710682451725, 0.030482379719614983, -0.01126881968230009, 0.04098214954137802, -0.012457353062927723, -0.031626421958208084, -0.02040209248661995, -0.03076203539967537, -0.028906144201755524, 0.010569682344794273, 0.004302871413528919, -0.005002008751034737, -0.028245141729712486, -0.005666188895702362, 0.006965948268771172, -0.010989164933562279, 0.017478428781032562, 0.0018177565652877092, -0.009171408601105213, 0.0063716815784573555, 0.020287688821554184, 0.012374727986752987, 0.03165184706449509, 0.026414671912789345, -0.014109859243035316, -0.008968022651970387, 0.025715535506606102, -0.0340416245162487, -0.015902191400527954, -0.015825923532247543, -0.011967957019805908, 0.010270960628986359, -0.009571823291480541, 0.007213824428617954, 0.0006927813519723713, -0.008891753852367401, 0.028321409597992897, 0.02064361423254013, -0.003438483690842986, 0.011173482984304428, -0.005628054030239582, 0.016753869131207466, -0.004236135631799698, -0.009476486593484879, 0.049397218972444534, 0.014008166268467903, -0.00023238365247379988, 0.004449054598808289, 0.00964173674583435, -0.0040549952536821365, 0.0034861520398408175, -0.020694458857178688, 0.0066862935200333595, 0.005437380168586969, 0.0145547641441226, -0.030431533232331276, 0.00816083699464798, 0.008631166070699692, -0.0020036634523421526, 0.018991107121109962, 0.004728709347546101, -0.00737271923571825, 0.024240991100668907, 0.024533357471227646, 0.04014318436384201, 0.013499703258275986, -0.012101428583264351, -0.000497340748552233, -0.02977053076028824, 0.03709240257740021, -0.00910785049200058, -0.005659833084791899, 0.0009160285699181259, -0.007703220471739769, -0.007188401184976101, 0.007862115278840065, 0.02214358001947403, 0.02078344114124775, 0.0009970648679882288, -0.012018803507089615, -0.023478297516703606, -0.02758413925766945, -0.02237238921225071, 0.022423235699534416, 0.016219981014728546, -0.008643877692520618, 0.0020338534377515316, -0.04670236259698868, -0.01055061537772417, -0.022639332339167595, -0.019334319978952408, 0.0018463577143847942, -0.026719750836491585, -0.009362081997096539, -0.029872223734855652, 0.02735533006489277, 0.023020679131150246, 0.0012648026458919048, 0.019919052720069885, -0.009203187189996243, -0.014529340900480747, 0.0025089490227401257, -0.03416873887181282, 0.013995454646646976, 0.005663010757416487, 0.010404432192444801, 0.01311835553497076, 0.010302739217877388, -0.015698807314038277, 0.020961403846740723, -0.006851544138044119, 0.009431995451450348, 0.005275307688862085, 0.0012703640386462212, -0.007671441417187452, -0.032770466059446335, 0.01220947690308094, 0.01791062206029892, 0.03241454064846039, 0.038668639957904816, 0.008179904893040657, -0.008929887786507607, 0.01685556024312973, -0.007226536050438881, 0.0013315384276211262, -0.03755002096295357, -0.03757544234395027, -0.0098260547965765, 0.011217973195016384, -0.01308022066950798, -0.0006427295156754553, -0.030050186440348625, 0.005977622698992491, -0.01843179762363434, 0.0017017633654177189, 0.007448988500982523, -0.0031270498875528574, 0.008586674928665161, 0.0028712290804833174, -0.019919052720069885, 0.004814512562006712, -0.0018415908562019467, 0.014783572405576706, -0.01663946360349655, -0.008834551088511944, -0.013703088276088238, -0.00415668822824955, -0.00020030676387250423, 0.01560982596129179, -0.012400150299072266, 0.0011281531769782305, -0.031321343034505844, 0.01829197071492672, -0.0069023906253278255, -0.0067434958182275295, 0.014071724377572536, -0.015393729321658611, -0.0062699890695512295, -0.007169333752244711, 0.001133714453317225, -0.017427582293748856, -0.001233818125911057, 0.012114140205085278, 0.004859003238379955, 0.014249686151742935, -0.032389119267463684, -0.013753934763371944, -0.009737073443830013, -0.032694194465875626, 0.003816653275862336, 0.03241454064846039, 0.03376196697354317, 0.007900250144302845, 0.013652241788804531, -0.031473882496356964, -0.017592832446098328, -0.006498797796666622, -0.0027314017061144114, 0.021342750638723373, 0.025804515928030014, 0.001055061467923224, -0.0149234002456069, 0.013334452174603939, -0.004217068199068308, -0.028524795547127724, -0.004878070671111345, 0.013652241788804531, 0.02093598060309887, -0.001480899634771049, -0.013881050050258636, 0.013092932291328907, -0.02570282481610775, 0.006257277447730303, -0.027151944115757942, 0.001940105576068163, -0.008383289910852909, -0.003648224752396345, -0.018762297928333282, 0.019092800095677376, 0.0016652175690978765, 0.025957055389881134, 0.013550548814237118, 0.004404563922435045, -0.0037944079376757145, -0.0177707951515913, -0.013690376654267311, 0.017732661217451096, -0.009737073443830013, 0.011459493078291416, -0.017109792679548264, 0.003120694076642394, 0.004916205536574125, 0.024584203958511353, -0.011211617849767208, -0.012635314837098122, 0.005427846685051918, 0.019524993374943733, -0.009412928484380245, 0.004642906133085489, 0.0029697439167648554, -0.0023293979465961456, -0.008707435801625252, 0.012775142677128315, -0.0043505397625267506, -0.044338006526231766, 0.002168914070352912, -0.01386833842843771, 0.008980734273791313, 0.03091457299888134, -0.0010026262607425451, -0.0005879107629880309, -0.016194559633731842, 0.016766579821705818, -0.033812813460826874, -0.01609286665916443, 0.009489198215305805, -0.03755002096295357, 0.0041090198792517185, -0.013131067156791687, 0.017440294846892357, 0.03467720374464989, -0.015050516463816166, -1.914185850182548e-05, 0.01004850771278143, 0.006460662931203842, -0.05163445696234703, 0.018037738278508186, -0.010061219334602356, 0.001849535503424704, -0.0027425242587924004, 0.00823710672557354, 0.002507359953597188, -0.0019035597797483206, 0.030736612156033516, -0.029795954003930092, -0.023173218593001366, 0.001940105576068163, 0.020313112065196037, 0.016728445887565613, -0.0019512282451614738, -0.016741156578063965, 0.04568543657660484, -0.014249686151742935, 0.0021069450303912163, -0.023173218593001366, -0.033838238567113876, 0.026287557557225227, -0.010989164933562279, -0.009501909837126732, -0.022041887044906616, 0.0002673405106179416, -0.02773667685687542, -0.025118090212345123, 0.0332789272069931, -0.001154370722360909, -0.00740449782460928, -0.01545728649944067, 0.018190277740359306, -0.004115375690162182, -0.003978725988417864, -0.005872752051800489, -0.003699071006849408, -0.019372455775737762, -0.010741288773715496, 0.012603536248207092, -0.009635381400585175, 0.003606912214308977, -0.0067879860289394855, -0.00877099297940731, -0.005869574379175901, 0.022105446085333824, -0.01601659692823887, -0.014249686151742935, -0.01971566677093506, -0.014287821017205715, -0.03747375309467316, -0.01708436943590641, -0.013792069628834724, 0.02903325855731964, 0.008859974332153797, -0.02811802551150322, 5.486836380441673e-05, -0.02804175578057766, -0.044617660343647, -0.013486991636455059, -0.019169069826602936, 0.013741223141551018, 0.05384627357125282, 0.006603667978197336, -0.01618184708058834, -0.011122636497020721, 0.007029506377875805, 0.04088045656681061, -0.040321145206689835, -0.00725831463932991, 0.015584402717649937, -0.009451063349843025, 0.005475515034049749, 0.0032128531020134687, -0.02842310257256031, 0.0017462539253756404, -0.007379075046628714, -0.00749983498826623, 0.022207139059901237, -0.019169069826602936, -0.005332509521394968, -0.010931963101029396, -0.02321135252714157, -0.00226742890663445, 0.0014427648857235909, 0.007093064021319151, 0.01602930761873722, -0.015406440943479538, -0.004550747107714415, 0.015177631750702858, -0.007067641243338585, -0.016080154106020927, 0.014262397773563862, 0.0020433871541172266, -0.01231752522289753, -0.0011210028314962983, -0.017262332141399384, 0.003606912214308977, -0.007626950740814209, -0.024457089602947235, 0.018927549943327904, -0.02684686705470085, 0.023300334811210632, 0.007569748442620039, -0.015508132986724377, 0.014300532639026642, -0.020198708400130272, 0.02509266883134842, -0.03264334797859192, 0.010309095494449139, 0.002257895190268755, -0.023986760526895523, -0.011001876555383205, -0.0005056827212683856, 0.020961403846740723, -0.029643414542078972, -0.0031858407892286777, 0.012425573542714119, -0.004283803980797529, -0.02766040712594986, 0.005135480314493179, -0.004741420969367027, -0.008859974332153797, -0.006343080662190914, -0.0016493280418217182, 0.0030746145639568567, 0.011008231900632381, -0.03482974320650101, -0.0011273586424067616, 0.0031238719820976257, -0.003220797749236226, 0.003540176199749112, 0.002596341073513031, -0.04049910977482796, 0.015749653801321983, 0.0018749587470665574, 0.015342882834374905, 0.016982676461338997, 0.2245374321937561, 0.0010582393733784556, 0.007652373984456062, -0.019893629476428032, 0.012609891593456268, -0.0034575508907437325, -0.0016620396636426449, 0.005192682147026062, -0.015012381598353386, 0.013614106923341751, -0.027253637090325356, 0.017275042831897736, 0.005186326336115599, -0.010614173486828804, -0.01220947690308094, -0.016842849552631378, -0.046524398028850555, -0.017338601872324944, -0.02138088457286358, -0.025512149557471275, 0.009273100644350052, 0.005373822525143623, -0.018406374379992485, -0.024736743420362473, 0.036100901663303375, 0.01466916874051094, 0.01775808446109295, 0.017885198816657066, 0.014897977001965046, -0.014694591984152794, -0.012228544801473618, -0.01224125549197197, 0.0081227021291852, 6.246552220545709e-05, -0.01571151800453663, -0.01995718851685524, 0.01700809970498085, 0.0028473949059844017, -0.009120562113821507, 0.003492507850751281, -0.011694657616317272, 0.00021609693067148328, 0.012438285164535046, -0.030253570526838303, -0.006616379600018263, 0.01405901275575161, -0.00020557016250677407, 0.0042710923589766026, 0.02516893669962883, 0.012622603215277195, -0.01994447596371174, 0.011510339565575123, 0.029084105044603348, -0.0036259794142097235, -0.00967987161129713, 0.002952265553176403, 0.01055061537772417, 0.007601527497172356, -0.018775010481476784, 0.031778961420059204, -0.015469998121261597, 0.013842915184795856, 0.0004901904612779617, 0.033456891775131226, -0.017580121755599976, 0.004960695747286081, -0.006336724851280451, -0.025118090212345123, 0.03271961957216263, -0.022779159247875214, -0.004646084271371365, -0.006699005141854286, -0.002515304833650589, 0.031778961420059204, 0.01595303788781166, -0.02631298080086708, -0.0040931301191449165, 0.032617926597595215, 0.017402159050107002, 0.017630968242883682, -0.0026916780043393373, -0.014440360479056835, -0.0019448724342510104, -0.001978240441530943, -0.02471132017672062, -0.019741090014576912, 1.8930826627183706e-05, -0.008109990507364273, -0.0014252864057198167, -0.02623671106994152, -0.020160572603344917, 0.012031515128910542, -0.00888539757579565, -0.02018599584698677, -0.008287953212857246, 0.004582526162266731, 0.015444574877619743, 0.017135215923190117, -0.022105446085333824, 0.020503785461187363, -0.03393993154168129, 0.007506190799176693, 0.0230588149279356, -0.01829197071492672, -0.015406440943479538, -0.00363869103603065, -0.004433165304362774, 0.018241124227643013, -0.007792201358824968, -0.005357932765036821, -0.01844450831413269, -0.010194690898060799, 0.021152077242732048, -0.0009438351262360811, 0.00918412022292614, 0.02705025114119053, -0.009692583233118057, 0.0007734204991720617, -0.01835552789270878, 0.011332377791404724, 0.024393530562520027, -0.014465782791376114, -0.017745371907949448, -0.008586674928665161, 0.022474082186818123, -0.02933833748102188, -0.02221984975039959, -0.010442567057907581, -0.00566936656832695, -0.019766513258218765, 0.0234274510294199, -0.007646018173545599, -0.006692649330943823, -0.013105643913149834, 0.0028569286223500967, -0.028067179024219513, 0.005567674059420824, -0.04174484312534332, 0.007531614042818546, 0.004016860853880644, 0.021508000791072845, 0.00152141775470227, 0.005643943324685097, -0.024507934227585793, 0.01035994105041027, -0.03406704589724541, -0.02214358001947403, -0.01958855241537094, -0.025143513455986977, -0.01549542136490345, -0.015025093220174313, 0.0016143711982294917, 0.0028569286223500967, -0.010862048715353012, 0.016232693567872047, -0.000437357957707718, -0.014656457118690014, -0.038821179419755936, 0.010340874083340168, 0.028245141729712486, -0.0200207456946373, 0.008535829372704029, 0.016448790207505226, 0.007868470624089241, -0.03348231315612793, -0.008758281357586384, -0.15833549201488495, 0.02237238921225071, 0.015520844608545303, -0.018012315034866333, -0.01609286665916443, 0.011427714489400387, -0.014834418892860413, 0.015088651329278946, -0.01217134203761816, -0.02373252809047699, -0.0024581027682870626, -0.025423169136047363, -0.029363760724663734, -0.001908326637931168, 0.004817690700292587, 0.006997727323323488, 0.012234900146722794, -0.007448988500982523, 0.03841440752148628, 0.02033853530883789, 0.019919052720069885, -0.04860910028219223, 0.029490876942873, -0.010245537385344505, -0.0068261208944022655, -0.003460728796198964, 0.01247006468474865, 0.004468122031539679, -0.005850506946444511, -0.022474082186818123, -0.0149234002456069, -0.002435857430100441, 0.022855428978800774, 0.020198708400130272, 0.014465782791376114, -0.003867499530315399, 0.012450996786355972, 0.006177830044180155, 0.00820532813668251, 0.017859775573015213, -0.012978527694940567, 0.028321409597992897, 0.007328228559345007, 0.025308765470981598, 0.004077240824699402, 0.013512413948774338, 0.033990778028964996, 0.01723690889775753, 0.002057687845081091, -0.01499966997653246, 0.02055463194847107, -0.008637521415948868, -0.013537837192416191, 0.01159932091832161, 0.0260841716080904, 0.0041503324173390865, -0.01292768120765686, 0.00566936656832695, 0.0020958224777132273, -0.00913962908089161, 0.016461502760648727, -0.01609286665916443, 0.013347163796424866, 0.008688367903232574, -0.0025375501718372107, -0.005494582466781139, -0.02865191176533699, 0.016054730862379074, -0.03910083323717117, 0.0008262529736384749, -0.022181715816259384, -0.0005287224776111543, 0.006362148094922304, 0.013258182443678379, -0.005138657987117767, 0.011631099507212639, -0.013499703258275986, 0.007004083134233952, 0.008669300936162472, 0.009190475568175316, 0.011395935900509357, 0.007175689563155174, -0.010518835857510567, 0.039355065673589706, -0.03170269355177879, -0.0006359764374792576, 0.01088111661374569, -0.012107783928513527, -0.011891687288880348, -0.023783374577760696, 0.0009724362171255052, -0.014287821017205715, -0.013245470821857452, -0.005322976037859917, -0.016436079517006874, -0.003718138439580798, 0.02849937230348587, 0.01016291230916977, -0.0034416615962982178, -0.02584265172481537, -0.018342817202210426, 0.0064066387712955475, -0.02296983264386654, -0.011643811129033566, 0.02788921631872654, -0.007843047380447388, 0.0018066340126097202, 0.0005052855121903121, 0.018876703456044197, -0.01123068481683731, -0.012673449702560902, 0.011014588177204132, -0.0041312649846076965, 0.03666020929813385, -0.016067443415522575, -0.012527266517281532, 0.01882585696876049, 0.012342948466539383, 0.01008664257824421, -0.0011011409806087613, 0.042431268841028214, -0.008370578289031982, 0.00906335934996605, 0.015825923532247543, -0.013601395301520824, -0.00024012978246901184, -0.08750654757022858, -0.03406704589724541, -0.00616194074973464, 0.02918579801917076, -0.03155015408992767, 0.006514687091112137, 0.004738243296742439, 0.021139364689588547, 0.0009756141225807369, 0.012705229222774506, -0.023618124425411224, -0.022283406928181648, 0.015775077044963837, 0.018253834918141365, 0.017974181100726128, 0.0026185864116996527, -0.00016038444300647825, 0.01723690889775753, 0.007360007613897324, 0.03816017508506775, -0.01935974322259426, -0.02093598060309887, 0.010461634024977684, -0.010137489065527916, -0.04332108050584793, 0.008453203365206718, -0.011249752715229988, 0.004083596635609865, 0.006819765083491802, 0.00993410311639309, 0.0066290912218391895, -0.016118289902806282, 0.04207534343004227, -0.007817624136805534, 0.01054425910115242, 0.01655048318207264, -0.0215334240347147, -0.005326153710484505, 0.044948164373636246, -0.003870677435770631, -0.00744263269007206, -0.01745300553739071, 0.03482974320650101, -0.022779159247875214, -0.0036164456978440285, 0.0007023150683380663, -0.022359676659107208, 0.03233827278017998, -0.015330171212553978, -0.01499966997653246, -0.0027028005570173264, -0.0011154415551573038, 0.025969767943024635, -0.04141434282064438, 0.03371112048625946, -0.0008723324863240123, 0.029643414542078972, 0.028906144201755524, -0.03264334797859192, 0.0021403131540864706, -0.013067509047687054, -0.01792333461344242, -0.009171408601105213, -0.015622537583112717, 0.008478626608848572, -0.0008318143081851304, -0.008739214390516281, -0.01949957013130188, 0.0011496039805933833, -0.002276962623000145, -0.012520911172032356, 0.014313244260847569, -0.022105446085333824, 0.008453203365206718, -0.02669432759284973, 0.016461502760648727, 0.012520911172032356, -0.016042020171880722, 0.027533292770385742, -0.013995454646646976, -0.0034353057853877544, 0.006819765083491802, -0.009622669778764248, 0.014109859243035316, -0.00824346300214529, 0.011853552423417568, 0.019702956080436707, 0.012463708408176899, -0.016385233029723167, -0.04021945223212242, 0.02849937230348587, -0.0036164456978440285, 0.01254633441567421, 0.01311835553497076, -0.013588683679699898, 0.02903325855731964, -0.007741354871541262, -0.01224125549197197, 0.010995520278811455, 0.008224395103752613, 0.008408713154494762, -0.011726437136530876, -0.04301600158214569, 0.011135348118841648, 0.020669035613536835, 0.005377000197768211, -0.007112131454050541, 0.007182045374065638, -0.0040740626864135265, -0.0011956833768635988, -0.00914598535746336, 0.012673449702560902, 0.036482248455286026, 0.0062127867713570595, 0.017033522948622704, -0.0036355131305754185, -0.01069679856300354, 0.01890212669968605, 0.025728248059749603, 0.001093990751542151, 0.0072773820720613, 0.001382384798489511, 0.013614106923341751, 0.0068833231925964355, -0.008891753852367401, -0.004039105959236622, -0.008751926012337208, -0.011084501631557941, 0.009654448367655277, 0.017198773100972176, -0.005526361521333456, -0.012705229222774506, 0.005411956924945116, -0.03508397191762924, 0.003482974134385586, 0.01859704777598381, -0.005558140575885773, -0.011993380263447762, 0.0038230090867727995, 0.04276176914572716, 0.008529473096132278, 0.0007189990137703717, -0.01663946360349655, -0.020618190988898277, 0.0029888113494962454, -0.0024009004700928926, 0.008345155045390129, -0.007684153039008379, -0.044719353318214417, -0.001669984427280724, 0.004795445129275322, 0.021342750638723373, 0.03134676814079285, 0.020071592181921005, -0.01979193650186062, -0.016614040359854698, -0.0032923005055636168, -0.040778763592243195, 0.01405901275575161, 0.0014578598784282804, -0.0021546136122196913, -0.022855428978800774, 0.035109397023916245, -0.026567211374640465, 0.002256306353956461, -0.00896166730672121, 0.028397679328918457, -0.016308963298797607, -0.01806316152215004, 0.024126587435603142, 0.024444377049803734, -0.02102496102452278, 0.0041280873119831085, -0.0032668772619217634, 0.004016860853880644, 0.011720080859959126, 0.0002476772933732718, 0.02631298080086708, -0.013614106923341751, 0.020465651527047157, -0.016499636694788933, 0.014643745496869087, 0.016842849552631378, -3.356652814545669e-05, -0.016741156578063965, 0.030965419486165047, 0.017427582293748856, 0.01488526538014412, 0.0008119524572975934, 0.013855626806616783, 0.0024024895392358303, 0.01761825568974018, -0.01610557734966278, -0.0010693620424717665, -0.005742458160966635, 0.012063293717801571, 0.027177367359399796, 0.008910820819437504, -0.026109594851732254, 0.01702081225812435, 0.015978461131453514, 0.00964173674583435, 0.007595171686261892, -0.005307086743414402, 0.011357801035046577, -0.00823710672557354, -0.025588419288396835, -0.00805278867483139, -0.029084105044603348, -0.04937179386615753, -0.00884726271033287, 0.0062318542040884495, -0.0012512966059148312, -0.006679937709122896, -0.0031063933856785297, 0.0008540595881640911, -0.02576638199388981, 0.011967957019805908, 0.006257277447730303, -0.009590890258550644, -0.028321409597992897, 0.0024104341864585876, 0.019169069826602936, -0.01553355623036623, 0.011014588177204132, -0.014122570864856243, 0.011287886649370193, 0.02623671106994152, 0.015279324725270271, -0.031473882496356964, 0.004204356577247381, -0.0037435616832226515, 0.014173416420817375, -0.012311169877648354, -0.009514621458947659, -0.012050582095980644, 0.012253967113792896, -0.00997223798185587, -0.005129124503582716, -0.009336658753454685, -0.020135149359703064, 0.07693050801753998, 0.007099419832229614, 0.0040105050429701805, -0.011198906227946281, 0.03683817386627197, 0.036024630069732666, 0.00986418966203928, 0.011078146286308765, 0.0014292588457465172, -0.010054863058030605, 0.013131067156791687, 0.0009803809225559235, 0.003981903661042452, -0.021660540252923965, -0.020529208704829216, 0.028219718486070633, -0.007232891395688057, 0.02145715430378914, 0.003819831181317568, -0.02773667685687542, -0.0013069098349660635, -0.003111160360276699, 0.020808864384889603, -0.010792135260999203, -0.029821377247571945, -0.01988091878592968, 0.01051248051226139, 0.017592832446098328, -0.03157557547092438, -0.015597114339470863, -0.00892353244125843, 0.005437380168586969, -0.0015587580855935812, -0.018342817202210426, 0.0015285681001842022, 0.004341006278991699, -0.0016826960491016507, 0.01564796082675457, 0.008364222943782806, 0.016690310090780258, 0.0064701964147388935, -0.0013299495913088322, -0.005145013798028231, -0.022944409400224686, 0.00748076755553484, -0.010448922403156757, -0.0039310576394200325, 0.006851544138044119, -0.03297385200858116]","[-0.004215362016111612, 0.00319848395884037, -0.025863857939839363, -0.0431327149271965, -0.03335491567850113, 0.02260459214448929, -0.008667283691465855, -0.02507532574236393, -0.021618926897644997, 0.01226824801415205, 0.01909562386572361, -0.0005375983309932053, 0.02288057841360569, -0.0015959565062075853, 0.013641607947647572, 0.01274136733263731, 0.01383874099701643, -0.028413446620106697, 0.019989293068647385, -0.02268344536423683, 0.003706101793795824, 0.016375187784433365, -0.015994062647223473, -0.008049600757658482, -0.02642897330224514, -0.00976465828716755, 0.010231206193566322, -0.022394316270947456, -0.03140987083315849, -0.009613522328436375, 0.009935506619513035, -0.011939693242311478, -0.032224684953689575, -0.014995255507528782, -0.027467207983136177, 0.007747329771518707, 0.01875392533838749, -0.015034682117402554, 0.00895641278475523, 0.0074384878389537334, -0.009028694592416286, 0.002501947106793523, -0.010014359839260578, -0.049966663122177124, -0.023143421858549118, 0.021487504243850708, 0.027519775554537773, -0.024286793544888496, -0.005417873617261648, -0.005867994390428066, 0.01737399399280548, 0.019043054431676865, -0.02105381153523922, -0.014141011983156204, -0.0044354940764606, -0.025640441104769707, 8.229279046645388e-05, 0.0026120131369680166, -0.02092238888144493, -0.008614715188741684, 0.0049578966572880745, -0.01165713556110859, 0.00948210060596466, -0.01235367264598608, -0.003926233854144812, -0.0004279430431779474, 0.008516148664057255, 0.014325003139674664, -0.014114728197455406, 0.0071493592113256454, 0.04058312624692917, -0.0021027526818215847, -0.006042128428816795, 0.026008423417806625, 0.005582151468843222, 0.01659860461950302, -0.01165713556110859, -0.005286451894789934, -0.004576772917062044, 0.010185208171606064, -0.012649372220039368, -0.008365013636648655, -0.03112073987722397, 0.014863833785057068, 0.03133101761341095, 0.00047394074499607086, 0.018412228673696518, 0.027467207983136177, 0.0033479765988886356, 0.013102778233587742, 0.02352454699575901, 0.0272043626755476, 0.017387136816978455, -0.002137250965461135, -0.004580058157444, 0.004540631547570229, -0.0017856970662251115, 0.015928352251648903, 0.011860840022563934, -0.019581884145736694, -0.007905036211013794, -0.007346492260694504, -0.03929519280791283, -0.010329772718250751, -0.033644042909145355, 0.0015778859378769994, 0.029859088361263275, -0.012912215664982796, -0.01845165528357029, -0.019069338217377663, -0.03511597216129303, -0.0033200494945049286, -0.0027598629239946604, -0.04129280522465706, 0.005030178930610418, 0.011394291184842587, 0.018583077937364578, -0.04552459716796875, -0.005818711128085852, 0.0047739059664309025, -0.00427450193092227, 0.03614106401801109, 0.01013921108096838, 0.0034563997760415077, -0.0027056513354182243, -0.012701940722763538, -0.027835188433527946, -0.01709800772368908, 0.009547811932861805, -0.018885347992181778, 0.04363211989402771, 0.022092046216130257, -0.007287352345883846, -0.008463580161333084, -0.001618955284357071, 0.028912849724292755, -0.007399061229079962, 0.008601573295891285, -0.03140987083315849, -0.010185208171606064, 0.015284383669495583, 0.022998858243227005, 0.023103995248675346, -0.01037577074021101, -0.01896420121192932, 0.015547228045761585, 0.0156786497682333, -0.0015212101861834526, 0.012248534709215164, -0.02236803248524666, 0.016953444108366966, -0.0218686293810606, 0.0010850533144548535, -0.02027842216193676, 0.011571710929274559, 0.00648896349593997, 0.0037586705293506384, -0.015704935416579247, -0.00561829237267375, 0.0026957946829497814, -0.0006156301242299378, 0.020593835040926933, 0.035037118941545486, -0.01818881183862686, 0.034117162227630615, 0.03085789643228054, 0.013891310431063175, -0.01950303092598915, -0.014469567686319351, -0.009613522328436375, 0.014141011983156204, 0.0005671682883985341, -0.03940032795071602, 0.00372581509873271, 0.017465990036725998, 0.028439730405807495, -0.012373385950922966, 0.0060749840922653675, 0.004465064033865929, 0.01495582889765501, -0.005056463181972504, 0.0017462704563513398, 0.003453114302828908, 0.0031229164451360703, 0.010480907745659351, 0.002807503566145897, 0.026179270818829536, -0.006426537875086069, 0.010007788427174091, -1.2064133443345781e-06, 0.01896420121192932, 0.015980921685695648, -0.03133101761341095, -0.0283871628344059, -0.6367135047912598, -0.028886565938591957, -0.010520334355533123, -0.0342748686671257, -0.006689382251352072, 0.021645210683345795, 0.009317822754383087, 0.012701940722763538, -0.03968945890665054, 0.015468374826014042, -0.026520969346165657, 0.007175643928349018, 0.0049053276889026165, 0.007077077403664589, -0.011775415390729904, 0.004179221112281084, 0.009547811932861805, -0.02298571541905403, -0.004974324256181717, 0.03758670389652252, -0.017492273822426796, 0.01696658693253994, -0.029622528702020645, -0.018845921382308006, 0.012432525865733624, -0.0016969871940091252, 0.00292742601595819, -0.04505147784948349, -0.002736864145845175, 0.023839959874749184, -0.03206697851419449, -0.00949524249881506, 0.004800190217792988, -0.009390105493366718, 0.03995230048894882, 0.01602034829556942, -0.03853294253349304, 0.011230014264583588, 5.202978354645893e-05, 0.02105381153523922, 0.0014308575773611665, -0.015074108727276325, 0.0014316788874566555, 0.0018744069384410977, -0.010027501732110977, 0.0014784979866817594, 0.017295140773057938, 0.006814233027398586, -0.011519142426550388, -0.014377571642398834, 0.022867435589432716, -0.0070836483500897884, -0.003173842327669263, 0.010047215037047863, 0.024654775857925415, -0.009679233655333519, 0.018136242404580116, 0.008890701457858086, -0.008936699479818344, 0.009698946960270405, 0.008424153551459312, -0.004514347296208143, 0.004856044426560402, -0.027703767642378807, 0.012912215664982796, -0.0027319358196109533, 0.004442065022885799, 0.008739566430449486, 0.004783762618899345, -0.003234625095501542, 0.007471343502402306, -0.00316070020198822, -0.00934410747140646, 0.01165713556110859, 0.00030452953069470823, 0.024207940325140953, 0.02000243589282036, -0.0003388224577065557, -0.01997615024447441, 0.012432525865733624, 0.012997640296816826, -0.020028719678521156, -0.015310668386518955, -0.012885931879281998, -0.022460028529167175, 0.00015493427054025233, -0.008128453977406025, -0.010875174775719643, -0.04047799110412598, -0.03430115431547165, 0.021921196952462196, 0.014837549068033695, 0.020528122782707214, -0.00396237475797534, -0.0008419224759563804, 0.03827010095119476, 0.005733286961913109, 0.003577965311706066, 0.011532284319400787, -0.008595001883804798, -0.03477427363395691, -0.008424153551459312, 0.0007236426463350654, 0.0018497653072699904, 0.02213147282600403, 0.019831586629152298, -0.015034682117402554, 0.008253304287791252, 0.001608277321793139, -0.004093796946108341, 0.025574730709195137, 0.009028694592416286, -0.029648814350366592, -0.0009790943004190922, -0.018070532009005547, -0.0319092720746994, 0.0006000237772241235, -0.008200735785067081, 0.01615176908671856, -0.004074083641171455, 0.01862250454723835, 0.027598628774285316, -0.01113801822066307, 0.003423544345423579, -0.005063034128397703, 0.012708512134850025, -0.0005084390286356211, -0.0027220791671425104, -0.00948210060596466, -0.0029109984170645475, 0.02399766631424427, 0.005519725847989321, 0.019003627821803093, -0.02909684181213379, -0.027598628774285316, -0.030358493328094482, 0.018004819750785828, -0.0032296967692673206, 0.016375187784433365, -0.004701623693108559, -0.01377303060144186, 0.002308099763467908, 0.008877559565007687, -0.021237801760435104, -0.0016222408739849925, -0.016519751399755478, -0.01402273215353489, 0.007431916892528534, -0.020094430074095726, 0.005664290394634008, 0.00010067134280689061, -0.0062589747831225395, 0.010244348086416721, -0.003453114302828908, 0.02335369773209095, 0.004708194639533758, 0.010099784471094608, -0.0307527594268322, 0.007346492260694504, -0.016217481344938278, 0.01797853596508503, 0.026100417599081993, -0.024615349248051643, -0.003154129022732377, 0.006985081825405359, -0.006298401392996311, -0.021040668711066246, 0.017229430377483368, -0.029412254691123962, -0.029780235141515732, 0.030358493328094482, -0.018530508503317833, -0.01155856903642416, -0.0023508118465542793, -0.004336927551776171, 0.0032789800316095352, -0.01984472945332527, -0.018333375453948975, -0.008916986174881458, -0.012846505269408226, -0.01679573766887188, -0.006101268343627453, -0.023853100836277008, -0.02875514328479767, 0.019345324486494064, -0.015363236889243126, 0.026271266862750053, 0.005020322278141975, -0.0201075728982687, 0.026678675785660744, -0.012005403637886047, -0.00021972123067826033, 0.00625240383669734, -0.017794545739889145, -0.014522136189043522, 0.029885374009609222, -0.011006596498191357, 0.008476722054183483, 0.004133223555982113, 0.0058909934014081955, -0.02004186250269413, 0.031015602871775627, 0.03206697851419449, -0.017111150547862053, 0.013391906395554543, -0.016270048916339874, -0.003099917434155941, -0.05135973542928696, 0.019818443804979324, 0.000899419654160738, 0.0066499556414783, 0.0005885243299417198, -0.03164643049240112, -0.003653532825410366, 0.014824407175183296, 0.010454623959958553, -0.00046203064266592264, -0.010835747234523296, -0.020028719678521156, 0.025535304099321365, -0.004593200515955687, -0.008108740672469139, 0.03566794469952583, -0.0017380565404891968, -0.011381149291992188, -0.01655917800962925, 0.010960598476231098, 0.030595052987337112, -0.0011581567814573646, 0.011046023108065128, 0.0037520993500947952, 0.009554382413625717, 0.015389521606266499, 0.01920076087117195, 0.020501838997006416, -0.021382367238402367, 0.026547253131866455, -0.019516173750162125, 0.03569422662258148, -0.022828008979558945, 0.02122466079890728, -0.0019286185270175338, 0.04189734905958176, -0.017347710207104683, 0.010730610229074955, 0.021250944584608078, 0.025035899132490158, -0.013411619700491428, -0.0015696720220148563, 0.013562754727900028, 0.011256298050284386, -0.0015097107971087098, -0.010599187575280666, 0.005013750866055489, 0.016401471570134163, -0.016467181965708733, 0.005578865762799978, 0.036693036556243896, 0.037297576665878296, 0.039321474730968475, -0.00976465828716755, 0.02118523418903351, 0.016283191740512848, 0.012399669736623764, 0.016007205471396446, 0.016270048916339874, -0.02571929432451725, -0.00410693883895874, 0.011105163022875786, -0.02416851371526718, -0.024326220154762268, 0.019687023013830185, -0.004159507807344198, -0.010408625937998295, 0.017465990036725998, 0.0007100897491909564, 0.014706127345561981, -0.0001472337607992813, 0.01676945388317108, 0.005030178930610418, -0.02305142767727375, 0.0011795128230005503, 0.007261068094521761, 0.000799210334662348, -0.0009848439367488027, 0.019489889964461327, -0.005319307092577219, 0.019792160019278526, -0.018845921382308006, 0.019213903695344925, -0.013667892664670944, -0.0008969554910436273, -0.02558787167072296, 0.012872789055109024, -0.01761055365204811, -0.008601573295891285, -0.005769427865743637, 0.011446860618889332, 0.014377571642398834, 0.042501889169216156, 0.018241379410028458, 0.008949841372668743, -0.01235367264598608, 0.020422985777258873, 0.04360583424568176, -0.012123683467507362, 0.008305873721837997, -0.005440872628241777, -0.0013561112573370337, -0.0014957471285015345, 0.015902068465948105, -0.006048699840903282, -0.0056018647737801075, 0.0036108207423239946, 0.04223904386162758, 0.010244348086416721, -0.008016744628548622, -0.008259875699877739, 0.04265959560871124, -0.010572903789579868, 0.01496897079050541, -0.0401625782251358, -0.014443282969295979, 0.024549638852477074, 0.040977392345666885, 0.024681059643626213, 0.03803354129195213, 0.006199834868311882, -0.03064762055873871, 0.0004916006000712514, -0.01642775535583496, 0.011190587654709816, -0.002572586527094245, -0.007037650793790817, 0.00966609176248312, -0.0043599265627563, 0.024799339473247528, 0.00547372829169035, 0.022328605875372887, 0.02541702426970005, 0.014364429749548435, -0.0007310351356863976, -0.008391297422349453, -0.02602156437933445, -0.001953260274603963, 0.0319092720746994, 0.016178054735064507, 0.029727667570114136, 0.01963445357978344, 0.03143615275621414, 0.011854268610477448, -0.006446251180022955, 0.04308014735579491, -0.02875514328479767, 0.0005696324515156448, 0.020396701991558075, 0.02152693085372448, 0.022433742880821228, 0.01004064455628395, 0.054566431790590286, -0.01767626591026783, 0.0109343146905303, -0.01071089692413807, 0.012609945610165596, 0.007576480973511934, -0.013023925013840199, 0.001788982655853033, 0.0024937333073467016, 0.034563999623060226, -0.016217481344938278, 0.021342940628528595, 0.016519751399755478, 0.0031935556326061487, -0.01778140291571617, 0.016204338520765305, -0.015060966834425926, -0.011538855731487274, -0.011952835135161877, -0.0005642934120260179, -0.008476722054183483, -0.028702575713396072, 0.013851883821189404, -0.01713743433356285, 0.01666431501507759, -0.035063400864601135, 0.001663310220465064, 0.01004064455628395, -0.010783178731799126, -0.013720461167395115, -0.012274819426238537, -0.029044272378087044, -0.014443282969295979, -0.01466670073568821, 0.029412254691123962, 0.02348512038588524, -0.022552022710442543, -0.04116138443350792, 0.025968996807932854, 0.02365596778690815, 0.009350678883492947, 0.014443282969295979, -0.02365596778690815, -0.027467207983136177, 0.027651198208332062, -0.009560953825712204, -0.03661418333649635, 0.013260484673082829, -0.007589623332023621, 0.01240624114871025, 0.007287352345883846, -0.04360583424568176, 0.018031105399131775, -0.020974958315491676, 0.0016534535679966211, 0.012340529821813107, 0.01960816979408264, -0.011571710929274559, -0.021947482600808144, -0.011729417368769646, 0.0036371052265167236, 0.004842902533710003, 0.02993794158101082, 0.01471926923841238, 0.014706127345561981, 0.013851883821189404, -0.008936699479818344, 0.008404440246522427, -0.02288057841360569, 0.009560953825712204, 0.0038210959173738956, -0.0053784470073878765, 0.03225097060203552, -0.02386624366044998, -0.0010776608251035213, 0.01255737617611885, -0.016178054735064507, -0.010993454605340958, 0.005404731724411249, 0.03666675090789795, 0.036009639501571655, 0.00036613360862247646, 0.02173720672726631, 0.022998858243227005, -9.19440935831517e-05, -0.01642775535583496, -0.018399085849523544, 0.0063871112652122974, 0.012149968184530735, -0.009830368682742119, 0.013641607947647572, 0.016217481344938278, -0.01147314440459013, -0.03690331056714058, -0.009291538968682289, -0.02801918052136898, 0.005421159323304892, -0.005355448462069035, -0.0037783838342875242, -0.014942687004804611, 0.004307357594370842, -0.010927743278443813, -0.007353063672780991, -0.02079096809029579, -0.01588892564177513, -0.0011614423710852861, -0.02257830835878849, -0.010940885171294212, -0.024050233885645866, -0.01950303092598915, -0.024786198511719704, 0.013201344758272171, 0.004911899100989103, 0.019213903695344925, 0.0044190664775669575, -0.015507801435887814, 0.01264280080795288, 0.013575897552073002, -0.010185208171606064, 0.005588722415268421, -0.045945148915052414, -0.023327413946390152, 0.018937917426228523, 0.009915793314576149, 0.016112342476844788, 0.03193555772304535, 0.0005778463091701269, 0.012623087503015995, -0.004074083641171455, -0.005421159323304892, -0.001554065733216703, -0.011722846888005733, -0.023747963830828667, -0.02315656468272209, 0.014929544180631638, 0.030726473778486252, 0.0336703285574913, 0.04920441284775734, -0.012853075750172138, 0.0035221108701080084, 0.023945096880197525, -0.02497018873691559, 0.0031935556326061487, -0.0038605225272476673, -0.05227968841791153, -0.014627274125814438, -0.0073202080093324184, -0.0408196859061718, 0.0030062792357057333, -0.01976587623357773, -0.0018021247815340757, 0.002950425026938319, -0.021816059947013855, 0.02791404351592064, -0.02322227507829666, 0.02970138192176819, -0.018951058387756348, 0.009744944982230663, 0.0044322083704173565, 0.0007515698089264333, -0.0384540893137455, 0.01383874099701643, -0.012577089481055737, 0.007668476551771164, 0.018872205168008804, -0.004530774895101786, -0.008969554677605629, -0.014614131301641464, 0.01255737617611885, -0.0046556261368095875, 0.021369224414229393, -0.0012583660427480936, -0.009271825663745403, -0.014325003139674664, -0.012307674624025822, 0.009534669108688831, -0.022486312314867973, -0.01973959058523178, 0.013654750771820545, -0.009501813910901546, 0.017163719981908798, 0.003788240486755967, 0.011308867484331131, -0.008890701457858086, -0.003260909579694271, 0.019726449623703957, -0.013681034557521343, 0.031015602871775627, 0.01419358141720295, 0.02494390495121479, 0.032329823821783066, -0.016940301284193993, -0.02305142767727375, -0.004491348285228014, -0.0028765001334249973, 0.01939789392054081, -0.003224768443033099, 0.03004308044910431, -0.018806494772434235, -0.0360359251499176, -0.00032321608159691095, 0.025193605571985245, -0.004225218668580055, 0.006952226161956787, 0.007188785821199417, 0.009488672018051147, 0.012412812560796738, -0.01542894821614027, 0.008568717166781425, -0.04089853912591934, -0.030831612646579742, 0.0033397627994418144, 0.014364429749548435, -0.0156786497682333, 0.013444474898278713, -0.014916402287781239, 0.03112073987722397, 0.0030292782466858625, 0.055302396416664124, 0.004642483778297901, 0.002777933608740568, -0.005181313958019018, 0.00721507053822279, 0.017163719981908798, 0.01174256019294262, -0.011689990758895874, 0.010480907745659351, 0.025706151500344276, 0.005959989968687296, -0.00036674964940175414, 0.017925966531038284, -0.011578282341361046, -0.028360877186059952, 0.01808367297053337, 0.030437346547842026, -0.016283191740512848, -0.018701357766985893, -0.005861423444002867, 0.006728808861225843, 0.019857870414853096, -0.010586045682430267, -0.012110541574656963, -0.005670861341059208, 0.019121907651424408, -0.0013421475887298584, 0.013575897552073002, 0.004731193650513887, 0.01471926923841238, -0.020330989733338356, 0.002580800326541066, 0.0023672396782785654, -0.01520553044974804, 0.001508889370597899, -0.00010647239105310291, -0.0384540893137455, -0.012787365354597569, -0.0016509894048795104, 0.003407116513699293, 0.009284967556595802, -0.004497919697314501, -0.009153545834124088, 0.013247341848909855, 0.01993672363460064, 0.015455232933163643, 0.0015507801435887814, -0.005490155890583992, 0.01584949903190136, -0.042738448828458786, 0.019476747140288353, 0.006755093112587929, -0.0313572995364666, 0.0053784470073878765, -0.00554272485896945, -0.028308309614658356, -0.005736572202295065, -0.00563472043722868, 0.006554674357175827, 0.0006246654083952308, -0.019857870414853096, -0.011604567058384418, 0.019818443804979324, 0.01984472945332527, -0.031620144844055176, 0.006475821137428284, 0.028203170746564865, -0.026941519230604172, -0.01933218352496624, 0.007247925736010075, -0.03827010095119476, -0.019148191437125206, 0.005835138726979494, 0.010717467404901981, 0.020330989733338356, -0.03403830900788307, -0.024654775857925415, 0.006584244314581156, 0.011078878305852413, -0.014272434636950493, -0.02849229983985424, 0.011565140448510647, -0.0313572995364666, -0.003568108659237623, -0.007681618444621563, -0.017176860943436623, 0.009140403009951115, 0.015626082196831703, 0.003591107437387109, 0.022433742880821228, 0.00806274265050888, -0.030805326998233795, -0.020567549392580986, -0.032329823821783066, -0.02696780301630497, -0.03154129162430763, -0.008503006771206856, -0.013293339870870113, 0.014706127345561981, -0.016164911910891533, -0.015323810279369354, -0.0009199543274007738, -0.0325138159096241, -0.016230622306466103, 0.02000243589282036, 0.010645185597240925, -0.0016435969155281782, 0.013497044332325459, -0.0037225293926894665, 0.01963445357978344, 0.02804546430706978, -0.007044221740216017, 0.005118888802826405, -0.006357541307806969, -0.006534961052238941, -0.018464798107743263, 0.02200005017220974, -0.01084889005869627, -0.02014699950814247, -0.036246199160814285, 0.007721045054495335, 0.008443866856396198, -0.0009511670796200633, 0.018228238448500633, -0.0008411011076532304, -0.03183041885495186, 0.017663123086094856, -0.014219865202903748, 0.011525713838636875, -0.0016394900158047676, 0.009252112358808517, -0.012498236261308193, -0.014416998252272606, 0.007523912005126476, 0.023905670270323753, -0.026310693472623825, -0.016940301284193993, -0.025233032181859016, -0.002869928954169154, -0.00013296214456204325, 0.0013593968469649553, -0.02599528059363365, -0.0019220474641770124, 0.0005737393512390554, -0.03511597216129303, 0.02497018873691559, -0.011841126717627048, -0.0036568185314536095, 0.02277544140815735, 0.011282582767307758, 0.011157731525599957, -0.010296917520463467, 0.033985741436481476, -0.0010333058889955282, -0.01920076087117195, -0.008496435359120369, -0.02223660983145237, 0.018109958618879318, -0.010691183619201183, 0.001172941760160029, -0.036587897688150406, 0.0013248984469100833, -0.010362627916038036, 0.008680426515638828, 0.0024756628554314375, 0.02348512038588524, -0.00316398567520082, -0.03771812841296196, -0.026284409686923027, -0.012596802785992622, 0.006367397960275412, -0.001526959938928485, 0.0245364960283041, 0.0030325637198984623, 0.003423544345423579, -0.02284115180373192, 0.014364429749548435, -0.008411010727286339, -0.0242605097591877, -0.004228504374623299, 0.014141011983156204, 0.010967169888317585, 0.0034662564285099506, 0.1940840780735016, -0.009915793314576149, 0.02537759765982628, 0.030542483553290367, 0.007261068094521761, 0.014088443480432034, 0.02223660983145237, -0.00782618299126625, -0.017190003767609596, 0.026179270818829536, 0.00292742601595819, 0.015455232933163643, -0.005884421989321709, 0.0064823925495147705, -0.006873372942209244, 0.021881770342588425, -0.06324028968811035, -0.021277228370308876, -0.03595707193017006, 0.013221058063209057, 0.010862031951546669, -0.007339921314269304, -0.045813724398612976, -0.027362069115042686, 0.036114778369665146, -0.012248534709215164, -0.01419358141720295, 0.020396701991558075, 0.017991678789258003, 0.011052594520151615, -0.012491665780544281, 0.0066565265879035, 0.006755093112587929, 0.002480591181665659, 0.016348902136087418, -0.029859088361263275, 0.022315463051199913, 0.01683516427874565, 0.01973959058523178, -0.011788557283580303, 0.00024456821847707033, -0.028203170746564865, -0.0018875491805374622, -0.039794594049453735, -0.015796929597854614, 0.018307091668248177, -0.008943269960582256, -0.0198053028434515, 0.00026777241146191955, 0.012314246036112309, 0.011604567058384418, -0.03982087969779968, 0.028334593400359154, 0.031751565635204315, 0.015941495075821877, 0.004819903522729874, 0.00618340726941824, -0.018872205168008804, -0.001499032718129456, 0.012057973071932793, -0.02081725187599659, 0.023301128298044205, 0.0032658379059284925, -0.011762273497879505, -0.005976417567580938, -0.003978802356868982, 0.003916377201676369, 0.01495582889765501, 0.009856653399765491, -0.02236803248524666, 0.010927743278443813, -0.006919370498508215, 0.025968996807932854, 0.03051619976758957, -0.00939667597413063, -0.007254497148096561, 0.002201319206506014, -0.010185208171606064, 0.025837574154138565, 0.012938500382006168, -0.010914601385593414, -0.01268879882991314, -0.03650904446840286, -0.010448052547872066, -0.0419762022793293, -0.04515661671757698, -0.005352162756025791, 0.004612913820892572, -0.022262895479798317, -0.0015294241020455956, -0.013799314387142658, -0.015534086152911186, -0.025167321786284447, -0.009324394166469574, 0.0029126410372555256, 0.026691816747188568, -0.01582321524620056, -0.002482233801856637, 0.012038259766995907, 0.02359025739133358, -0.016585461795330048, 0.04124023765325546, 0.022486312314867973, 0.019779017195105553, -0.02058069221675396, 0.014995255507528782, 0.007583051919937134, -0.01696658693253994, -0.003027635393664241, -0.02355083078145981, 0.028360877186059952, -0.025811290368437767, 0.005884421989321709, 0.0007437666645273566, 0.01588892564177513, 0.002278529806062579, 0.012011975049972534, -0.013497044332325459, 0.03343376889824867, -0.004373068455606699, 0.025338171049952507, 0.02058069221675396, 0.01602034829556942, 0.025272458791732788, 0.009212685748934746, -0.002781219081953168, -0.020488696172833443, -0.014916402287781239, -0.008351870812475681, -0.04018886014819145, 0.013996448367834091, 0.0007392489933408797, -0.025574730709195137, -0.012314246036112309, -0.021001242101192474, -0.013378764502704144, 0.002761505777016282, -0.0006534139974974096, -0.0006488963263109326, 0.005184599664062262, -0.005552581511437893, -0.020974958315491676, 0.006278688088059425, 0.013115920126438141, -0.003183698980137706, -0.00807588454335928, -0.005319307092577219, 3.249615474487655e-05, -0.020909247919917107, -0.003929519094526768, -0.028676290065050125, -0.020330989733338356, -0.002326170215383172, -0.013175060041248798, 0.027125509455800056, -0.03711358457803726, -0.010835747234523296, -0.05235854163765907, -0.0011910123284906149, 0.03277665749192238, -0.05183285474777222, 0.004524203948676586, 0.04247560352087021, -0.007261068094521761, -0.011039451695978642, -0.013319624587893486, -0.16517122089862823, 0.033407483249902725, 0.0018251236760988832, 0.011926550418138504, 0.0013470759149640799, 0.020330989733338356, 0.0022226753644645214, 0.0005729179829359055, -0.03164643049240112, -0.0047870478592813015, 0.02139550819993019, 0.02554844506084919, -0.01377303060144186, 0.005256881937384605, -0.004626056179404259, 0.013122491538524628, -0.0020386844407767057, 0.008680426515638828, 0.019213903695344925, 0.024694202467799187, 0.01872764155268669, -0.01960816979408264, 0.02537759765982628, -0.003433400997892022, -0.008003602735698223, 0.03282922878861427, -0.008049600757658482, 0.01619119569659233, -0.005598579067736864, -0.04526175186038017, 0.005444158334285021, 0.019424177706241608, 0.016164911910891533, 0.004915184341371059, 0.007576480973511934, -0.004619484767317772, -0.0034563997760415077, -0.011749130673706532, 0.011427147313952446, -0.002408308908343315, 0.010093213059008121, 0.003988659009337425, -0.002408308908343315, 0.007937891408801079, -0.017860256135463715, 0.013148775324225426, 0.03700844943523407, -0.0008526004967279732, 0.001027556136250496, -0.025430165231227875, 0.0016501680947840214, -0.0039032348431646824, -0.01213025487959385, 0.000635754142422229, 0.012846505269408226, 0.033407483249902725, -0.02203947678208351, 0.023879386484622955, -0.01161113753914833, 0.006452822592109442, -8.69130963110365e-05, -0.008476722054183483, -0.0174397062510252, 0.00348925543949008, 0.022657161578536034, -0.010461194440722466, -0.006705809850245714, 0.019713306799530983, -0.012281389907002449, 0.018123099580407143, 0.017413420602679253, -0.024681059643626213, 0.0073727769777178764, 0.015704935416579247, -0.002009114483371377, -0.016046632081270218, -0.0010563046671450138, 0.007583051919937134, -0.007254497148096561, -0.016007205471396446, -0.01378617249429226, 0.037902116775512695, 0.005562438163906336, 0.002797646913677454, -0.012287961319088936, -0.015836356207728386, -0.01720314659178257, 0.003696245141327381, 0.025088468566536903, -0.012209108099341393, 0.05009808391332626, -0.0206858292222023, -0.009475529193878174, -0.0073727769777178764, 0.010152352973818779, 0.029149409383535385, -0.01713743433356285, -0.017163719981908798, 0.01997615024447441, -0.01709800772368908, 0.0017791260033845901, -0.009127261117100716, 0.005417873617261648, 0.00036613360862247646, 0.03987344726920128, 0.009284967556595802, -0.023800533264875412, 0.0019384751794859767, 0.02270972914993763, 0.007661905139684677, 0.0034498285967856646, 0.02825574018061161, 0.0010949099669232965, 0.0136021813377738, 0.007832754403352737, 0.018477939069271088, -0.0013684320729225874, -0.005279880482703447, 0.013575897552073002, -0.019923582673072815, 0.038611795753240585, 0.012439096346497536, 0.0010793035617098212, 0.009081263095140457, -0.0021306800190359354, 0.007668476551771164, -0.09131203591823578, -1.6004227290977724e-05, 0.0022637448273599148, 0.02440507337450981, -0.013168488629162312, 0.00023204204626381397, -0.0013922522775828838, 0.012498236261308193, -0.01307649351656437, 0.0019368324428796768, -0.006383826024830341, -0.0032313396222889423, -0.003045705845579505, -0.027414638549089432, 0.011749130673706532, 0.013096206821501255, -0.01336562167853117, 0.02315656468272209, -0.013615324161946774, 0.010257490910589695, -0.009133832529187202, -0.030069364234805107, 0.012866218574345112, -0.01425929181277752, 0.018845921382308006, -0.00013419422612059861, -0.023169707506895065, 0.012675656005740166, 0.02331427112221718, 0.005936990957707167, 0.022657161578536034, -0.0289654191583395, 0.012393099255859852, -0.019923582673072815, 0.005105746444314718, 0.0023475263733416796, -0.018399085849523544, 0.004530774895101786, 0.026350120082497597, -0.011571710929274559, 0.025338171049952507, 0.005394875071942806, 0.007011366076767445, -0.033617760986089706, 0.017084866762161255, -0.007898464798927307, -0.009856653399765491, 0.046181708574295044, 0.02410280331969261, -0.01920076087117195, -0.024457642808556557, 0.0026218697894364595, -0.04032028466463089, -0.020265279337763786, 0.01638832874596119, -0.013996448367834091, 0.021842343732714653, 0.023038284853100777, -0.021724063903093338, -0.02754606120288372, 0.008562146686017513, -0.0033069071359932423, -0.03677188977599144, 0.013904452323913574, 0.01188055332750082, -0.023537687957286835, -0.01889849081635475, -0.01872764155268669, -0.005999416578561068, -0.019450463354587555, -0.023603400215506554, -0.01605977490544319, -0.015507801435887814, 0.018070532009005547, -0.029307115823030472, -0.010645185597240925, -0.0016920588677749038, -0.015704935416579247, 0.01619119569659233, -0.016283191740512848, 0.0025758720003068447, -0.011197158135473728, 0.008345300331711769, 0.007464772090315819, 0.025062184780836105, 0.018767068162560463, 0.03204069659113884, -0.0067419507540762424, 0.00474762124940753, -0.020055003464221954, -0.017663123086094856, 0.008233590982854366, 0.007799898274242878, -0.021132664754986763, -0.009041836485266685, 0.011177444830536842, 0.015336953103542328, 0.005263452883809805, -0.023169707506895065, 0.00044478150084614754, -0.012951642274856567, -0.01778140291571617, -0.04620799049735069, 0.02477305568754673, -0.022223468869924545, -0.02017328329384327, -0.0009848439367488027, -0.015941495075821877, 0.016677457839250565, -0.009797513484954834, -0.015271241776645184, 0.007655334193259478, -0.011841126717627048, 0.0009585595689713955, 0.013615324161946774, 0.028203170746564865, -0.018675072118639946, 0.011959406547248363, 0.01686144806444645, 0.015415806323289871, 0.019923582673072815, -0.019450463354587555, -0.004169364459812641, -0.020896105095744133, 0.019542457535862923, 0.010119497776031494, -0.011354864574968815, 0.01174256019294262, 0.000812763231806457, 0.026034707203507423, -0.021671494469046593, -0.00854900386184454, 0.01303049549460411, -0.029359685257077217, 0.0004801011527888477, 0.03819124773144722, -0.007806469686329365, 0.00035483951796777546, 0.0010858746245503426, 0.02464163303375244, 0.0198053028434515, -0.01584949903190136, -0.025771863758563995, -0.022092046216130257, 0.00035915180342271924, -0.010034073144197464, -0.004800190217792988, 0.011676848866045475, -0.01165713556110859, 0.008529290556907654, 0.002188177080824971, 0.0028879994060844183, 0.04886271804571152, 0.008463580161333084, -0.00973180215805769, -0.014127870090305805, -0.023379981517791748, -0.0206858292222023, -0.0025676582008600235, 0.009942078031599522, 0.004616199526935816, -0.009416389279067516, 0.03968945890665054, -0.010349486023187637, 0.007221641484647989, -0.016716884449124336, -0.0066138142719864845, -0.0065579600632190704, 0.026415830478072166, 0.016585461795330048, 0.010809463448822498, -0.018911631777882576, -0.02943853847682476, 0.001690416014753282, -0.005437587387859821, -0.006035557482391596, 0.030253354460000992, 0.015113535337150097, -0.02324856072664261, -0.01297792699187994, 0.014167296700179577, 0.025732437148690224, -0.004218647722154856, -0.009679233655333519, -0.024076519533991814, -0.004080654587596655, 0.03632505238056183, 0.0054835849441587925, -0.02399766631424427, 0.01842537149786949, 0.0001363503688480705, 0.0016485252417623997, -0.029727667570114136, -0.003453114302828908, -0.025325028225779533, 0.01013921108096838, 0.01383874099701643, -0.017255714163184166, 0.0003897485148627311, 0.007780184969305992, -0.009166687726974487, -0.004231790080666542, -0.003899949137121439, 0.021316654980182648, -0.013825599104166031, -0.023064568638801575, -0.029070556163787842, -0.0027565774507820606, -0.04100367799401283, -0.04047799110412598, 0.00217996328137815, 0.01709800772368908, 0.018583077937364578, -0.035510238260030746, 0.0005626506172120571, 0.01636204496026039, 0.006485677789896727, 0.0004665482556447387, 0.009672662243247032, -0.018096815794706345, -0.004593200515955687, 0.021303514018654823, 0.012623087503015995, -0.013037066906690598, 0.021316654980182648, 0.003965660464018583, 0.015179246664047241, 0.0012131897965446115, 0.016874590888619423, 0.00791160762310028, -0.007773614022880793, -0.015902068465948105, -0.003597678616642952, -0.006925941910594702, -0.0022128187119960785, -0.024273652583360672, -0.016112342476844788, -0.00038379343459382653, -0.00868699699640274, 0.013227628543972969, -0.04029399901628494, 0.06944341212511063, 0.024286793544888496, -0.012373385950922966, 0.0013684320729225874, -0.011755702085793018, 0.024851908907294273, 0.019279614090919495, 0.004307357594370842, -0.011315437965095043, -0.023379981517791748, -0.00688651530072093, -0.03206697851419449, -0.007477914448827505, -0.007918178103864193, 0.01946360431611538, -0.015468374826014042, -0.011328580789268017, 0.02558787167072296, -0.014062158763408661, 0.005828567780554295, 0.014561562798917294, 0.012425954453647137, 0.021710922941565514, 0.021684637293219566, -0.00038625759771093726, -0.012393099255859852, 0.002234174869954586, -0.005201027262955904, 0.03947918117046356, -0.03214583173394203, 0.004563630558550358, 0.02109323814511299, -0.021540073677897453, -0.006768235471099615, 0.005273309536278248, 0.010494050569832325, 0.0035418241750448942, -0.008575288578867912, 0.018780210986733437, 0.002428022213280201, -0.018951058387756348, -0.005874565336853266, -0.001145835965871811, -0.005844995379447937, 0.016467181965708733, 0.0050236075185239315, -0.005743143614381552, -0.001326541299931705, -0.008404440246522427]"
12376,"Does MongoRepository utilize MongoDB cursor?<p>Taken from this <a href=""https://stackoverflow.com/a/45493993/10255450"">SO answer</a>:</p>
<pre><code>@Query(&quot;{}&quot;)
Stream&lt;Alarm&gt;  findAllByCustomQueryAndStream();
</code></pre>
<p>I'm trying to understand how would that work for a large collection? Does this utilize MongoDB cursor?</p>
",Sure you can. Why do you say you can't? You can execute JS on the page using Selenium and with that you can do just about anything.,"Embed Field: Does MongoRepository utilize MongoDB cursor?<p>Taken from this <a href=""https://stackoverflow.com/a/45493993/10255450"">SO answer</a>:</p>
<pre><code>@Query(&quot;{}&quot;)
Stream&lt;Alarm&gt;  findAllByCustomQueryAndStream();
</code></pre>
<p>I'm trying to understand how would that work for a large collection? Does this utilize MongoDB cursor?</p>; Answer: Sure you can. Why do you say you can't? You can execute JS on the page using Selenium and with that you can do just about anything.","[-0.005269489251077175, 0.004223585594445467, 0.015775159001350403, 0.004619963001459837, -0.027113554999232292, 0.01883959025144577, -0.0019452476408332586, -0.019945450127124786, -0.03887830674648285, 0.0002068282919935882, 0.022503584623336792, 0.005925677251070738, 0.01125845406204462, -0.008407200686633587, -0.00784094724804163, -0.0067617339082062244, 0.016894342377781868, -0.020918073132634163, -0.00473987590521574, -0.022596849128603935, 0.005539292469620705, 0.011831369251012802, -0.006158840376883745, -0.0038338699378073215, -0.02029186487197876, 0.0108720688149333, 0.005286144092679024, -0.031017374247312546, -0.008287288248538971, 0.017467258498072624, 0.03874506801366806, 0.009752885438501835, -0.029871542006731033, -0.02979160100221634, -0.011318409815430641, -0.008540436625480652, 0.012990524061024189, -0.009293220937252045, 0.02475527487695217, 0.009946078062057495, 0.022876644507050514, -0.00929988268762827, -0.01793358474969864, -0.032349735498428345, 0.010099299252033234, 0.027060260996222496, 0.02939189225435257, -0.003394190687686205, 0.0007265533204190433, -0.006658476311713457, 0.021957315504550934, 0.014909124001860619, -0.027086907997727394, 0.003763920860365033, -0.0009209948475472629, 0.002013531280681491, 0.015348803251981735, 0.027979589998722076, 0.021664196625351906, -0.015588628128170967, 0.02093139849603176, 0.042342446744441986, 0.0009759547538124025, -0.007907564751803875, -0.02159757912158966, -0.007454562000930309, -0.01753387600183487, -0.006974911782890558, -0.012264386750757694, -0.018373263999819756, 0.020345158874988556, 0.007174766156822443, -0.0015488701174035668, -0.009373162873089314, 0.03083084337413311, 0.002321639796718955, -0.03528093174099922, -0.009293220937252045, 0.031203903257846832, 0.0095663545653224, 0.003997084219008684, -0.01937253400683403, -0.024995099753141403, 0.022730085998773575, -0.0016637863591313362, 0.045779936015605927, -0.01462932862341404, 0.027873000130057335, 0.005625896155834198, 0.01925262250006199, -0.0009859474375844002, -0.0018869568593800068, 0.008520451374351978, 0.013110436499118805, 0.01496241893619299, 0.01146497018635273, -0.007467885501682758, 0.01859976537525654, -0.0027096900157630444, -0.02739335037767887, -0.02594107575714588, 0.008547098375856876, -0.02570125088095665, -0.007954197935760021, -0.016920989379286766, -0.009386486373841763, 0.018812943249940872, -0.005379409063607454, 0.004893097095191479, -0.00981284212321043, -0.02663390524685383, 0.010885392315685749, 0.031683553010225296, -0.045007169246673584, -0.014336208812892437, -0.009166646748781204, 0.01750722900032997, -0.022223787382245064, -0.017946908250451088, -0.004713228438049555, 0.01698760874569416, 0.028272708877921104, 0.03520098701119423, -0.02014530450105667, 0.015188920311629772, 0.013443526811897755, -0.023369619622826576, 0.019798889756202698, 0.011678148061037064, -0.026407403871417046, 0.0144960917532444, 0.0071081481873989105, 0.004266887437552214, 0.006475276313722134, -0.02344956062734127, 0.00929988268762827, 0.004313520155847073, 0.008127404376864433, -0.021824080497026443, -0.014216296374797821, 0.006705108564347029, 0.025634633377194405, 0.0019752257503569126, -0.0072480458766222, -0.022503584623336792, 0.025194954127073288, 0.006631828844547272, -0.024475479498505592, 0.02097136899828911, -0.005402725655585527, 0.006854999344795942, 0.01883959025144577, -0.010725509375333786, 0.000659518875181675, -0.006618505343794823, -0.011424998752772808, -4.74588705401402e-06, 0.01790693774819374, -0.005722492001950741, -0.03109731525182724, 0.01712084375321865, 0.01989215612411499, 0.015348803251981735, 0.0014048086013644934, -0.0019619022496044636, 0.02739335037767887, 0.0250483937561512, -0.007800975814461708, 0.0001420838525518775, -0.01145164668560028, 0.015641922131180763, 0.04713894799351692, -0.04140979424118996, 0.013163730502128601, -0.01331029087305069, -0.005575932562351227, -0.006988235749304295, -0.003384198062121868, -0.025101689621806145, -0.016507957130670547, -0.007394605781883001, -0.00395711325109005, 0.01521556731313467, 0.0283526498824358, -0.03544081375002861, -0.034721337258815765, -0.0154820391908288, -0.005829080939292908, -0.004027062561362982, -0.006528570782393217, 0.018253350630402565, 0.030217956751585007, -0.015402098186314106, -0.019412506371736526, -0.6280218958854675, -0.008407200686633587, 0.004646610468626022, -0.03237638249993324, 0.025727897882461548, -0.016014983877539635, -0.013923176564276218, 0.015402098186314106, -0.016707811504602432, 0.010212549939751625, 0.0029428531415760517, 0.01593504287302494, 0.0012674088357016444, -0.016174867749214172, -0.008000830188393593, -0.004713228438049555, -0.000392213900340721, -0.012750698253512383, -0.009852812625467777, 0.020211922004818916, -0.01764046587049961, 0.02648734487593174, -0.009106690064072609, 0.0035673975944519043, -0.006708439439535141, -0.018493175506591797, -0.02199728600680828, -0.01975891925394535, -0.01173144206404686, 0.01949244737625122, -0.054227109998464584, 0.009213279001414776, 0.022556878626346588, 0.026580609381198883, 0.06603182852268219, 0.008720305748283863, -0.008873526938259602, 0.006954926531761885, -0.02344956062734127, 0.06347369402647018, -0.00969292875379324, -0.004266887437552214, 0.036053698509931564, -0.005482667125761509, -0.020505042746663094, 0.008840218186378479, 0.008120742626488209, -0.004953053314238787, -0.022570202127099037, -0.006205473095178604, -0.010485684499144554, 0.018399911001324654, 0.005552615970373154, 0.01858644187450409, 0.024075770750641823, 0.0039671058766543865, 0.04423439875245094, -0.0038738406728953123, 0.013416878879070282, 0.007694386877119541, 0.025101689621806145, -0.0022949925623834133, -0.027446644380688667, -0.015055683441460133, -0.031550318002700806, 0.015135625377297401, -0.012177783064544201, -0.02584781125187874, 0.0032642853911966085, -0.00035390848643146455, 0.03640011325478554, 0.00011335480667185038, -0.005975640844553709, -0.019532417878508568, 0.006815028376877308, 0.011638176627457142, 0.033255741000175476, -0.010565625503659248, -0.02002539113163948, -0.0031260529067367315, 0.012490888126194477, 0.00026168409385718405, -0.03719953075051308, 0.008034138940274715, 0.0021401054691523314, -0.005466012749820948, -0.03877171501517296, -0.021251164376735687, -0.002013531280681491, -0.004326843656599522, 0.0039537823759019375, 0.02755323424935341, 0.020131981000304222, -0.005066304467618465, -0.0017270734533667564, 0.024169035255908966, 0.00020412192679941654, 0.015295509248971939, 0.023009881377220154, -0.027233466506004333, -0.016521280631422997, -0.02596772462129593, -0.015188920311629772, -0.0011891325702890754, 0.04124990850687027, 0.01239762268960476, -0.022876644507050514, 0.002921202452853322, 0.017054226249456406, -0.03783906251192093, -0.013137083500623703, 0.01206453237682581, -0.008973454125225544, -0.007394605781883001, 0.004550014156848192, -0.03277609124779701, 0.01804017275571823, -0.00309940567240119, -0.016428016126155853, -0.008593730628490448, -0.007374620530754328, 0.012750698253512383, 0.009126675315201283, 0.0023566142190247774, 0.006631828844547272, 0.012610800564289093, 0.003001144155859947, -0.014855829998850822, 0.01489580050110817, 0.005539292469620705, 0.011504940688610077, -0.006611843593418598, 0.003997084219008684, -0.006332047749310732, -0.015029036439955235, -8.75923506100662e-05, 0.026007695123553276, -0.01962568424642086, 0.009033409878611565, -0.005476005375385284, -0.0006524407071992755, 1.4078272215556353e-05, 0.019732272252440453, -0.0077210343442857265, 0.012024561874568462, -0.023276353254914284, -0.04106337949633598, 0.004786508157849312, -0.019825536757707596, -0.028539180755615234, -0.004283541813492775, -0.002411574125289917, -0.006888308562338352, 0.024928482249379158, 0.004326843656599522, -0.012111165560781956, 0.0026497337967157364, -0.016907665878534317, 0.0031227220315486193, -0.03791900724172592, 0.005652543157339096, 0.023276353254914284, -0.024342242628335953, 0.0018619750626385212, 0.01859976537525654, -0.0071681044064462185, -0.006901632063090801, 0.03266950324177742, -0.0017753716092556715, -0.024741951376199722, 0.008766938000917435, -0.01192463468760252, -0.00015395019727293402, -0.008273964747786522, 0.009772870689630508, 0.004836471751332283, -0.027873000130057335, 0.0030344531405717134, 0.008313935250043869, -0.015735188499093056, -0.0018353278283029795, 0.0015297174686565995, 0.012370975688099861, -0.0076477546244859695, 0.022330377250909805, -0.005958986468613148, 0.0023399596102535725, 0.029418539255857468, -0.012604138813912868, 0.010672214441001415, 0.0029411877039819956, 0.012570830062031746, -0.006575203500688076, 0.00691495556384325, -0.012484226375818253, 0.004037055186927319, 0.021517636254429817, 0.03083084337413311, -0.004916413687169552, 0.02555469237267971, 0.014469444751739502, 0.015175596810877323, 0.022197140380740166, -0.010765479877591133, 0.00451337406411767, -0.011318409815430641, -0.003960444126278162, -0.039198070764541626, 0.029311951249837875, 0.0009593002032488585, 0.01160486787557602, -0.0010259182890877128, -0.005862390156835318, 0.020131981000304222, 0.003470801515504718, 0.024568744003772736, 0.015255537815392017, 0.007374620530754328, -0.0031460383906960487, 0.017493905499577522, -0.009533045813441277, -0.003950451500713825, 0.0016804408514872193, 0.011345057748258114, 0.0025431448593735695, 0.03450816124677658, 0.008593730628490448, 0.021411048248410225, -0.01271738950163126, -0.003166023874655366, -0.011051937937736511, 0.019066091626882553, 0.0014214630937203765, 0.030804196372628212, 0.018226703628897667, 0.013936500065028667, 0.032083261758089066, -0.005745808593928814, 0.02912542037665844, -0.009433118626475334, 0.007188089657574892, 0.02306317538022995, 0.028405945748090744, -0.012364313937723637, 0.019319240003824234, 0.023676062002778053, 0.0289921835064888, 0.018026849254965782, -0.0014997393591329455, 0.013623395003378391, -0.007874255999922752, 0.006768396124243736, -0.03152367100119591, 0.006611843593418598, 0.012231077998876572, -0.007674401625990868, -0.0007148951408453286, 0.008380553685128689, -0.0002441968536004424, 0.008627040311694145, -0.008067448623478413, 0.011937958188354969, -0.015788482502102852, -0.004033724311739206, 0.007141456939280033, 0.019066091626882553, 0.000630373484455049, 0.012484226375818253, 0.01113187987357378, -0.005389401689171791, -0.008813570253551006, -0.027979589998722076, -0.0019069422269240022, -0.02119787037372589, 0.022623496130108833, -0.0028395953122526407, -0.00942645687609911, 0.01764046587049961, 0.022889968007802963, 0.0065685417503118515, -0.03450816124677658, -0.03978431224822998, 0.012803993187844753, -0.0032009982969611883, -0.0023399596102535725, -0.010932025499641895, -0.015388773754239082, 0.015975013375282288, 0.0010509000858291984, 0.017587170004844666, 0.0020518365781754255, 0.0421559140086174, -0.004603308625519276, -0.02648734487593174, -0.02383594587445259, 0.017493905499577522, 0.027713118121027946, 0.00960632599890232, 0.0007511187577620149, 0.009466427378356457, -0.0007257206016220152, 0.016534604132175446, -0.004936398938298225, 0.006128862500190735, 0.042635563760995865, 0.004370145499706268, -0.02069157175719738, -0.04996355250477791, 0.0006928279181011021, 0.003440823405981064, -0.007461223751306534, -0.02029186487197876, -0.022983234375715256, -0.007601121906191111, -0.001722077140584588, 0.010598935186862946, -0.02201060950756073, -0.008253978565335274, 0.019532417878508568, -0.0005891535547561944, -0.01701425574719906, -0.013077126815915108, -0.020131981000304222, 0.015561981126666069, 0.0435149222612381, 0.012031223624944687, -0.009932754561305046, 0.0211046040058136, 0.0015480373986065388, -0.005182886030524969, -0.029338598251342773, -0.03179014474153519, 0.019159356132149696, -0.015122301876544952, -0.039597779512405396, -0.015122301876544952, 0.016934312880039215, -0.009926092810928822, -0.006052251905202866, 0.002411574125289917, -0.003394190687686205, -5.7614222896518186e-05, -0.007601121906191111, -0.01232434343546629, 0.010372433811426163, 0.0019452476408332586, 0.019052768126130104, 0.03842530399560928, 0.046685945242643356, 0.002185072749853134, 0.021131251007318497, -0.01232434343546629, -0.0009568020468577743, -0.03397521749138832, 0.003470801515504718, 0.0009135002619586885, 0.017493905499577522, 0.044207751750946045, -0.018546471372246742, 0.04071696475148201, 0.009239926002919674, 0.007554489187896252, 0.007268031593412161, -0.0015413756482303143, 0.0011641507735475898, 0.02201060950756073, -0.010026019997894764, 0.0022483598440885544, 0.02475527487695217, -0.02214384637773037, -0.00014989066403359175, 0.0035240959841758013, 0.0005504317814484239, 0.021810756996273994, -0.01343686506152153, -0.017427287995815277, -0.018506499007344246, 0.013789940625429153, 0.020651601254940033, 0.010725509375333786, 0.007161442656069994, -0.018772972747683525, -0.026807110756635666, -0.04679253324866295, -0.008920159190893173, 0.0011108563048765063, 0.012091179378330708, -0.006411989219486713, -0.00580243393778801, -0.01206453237682581, -0.009366501122713089, 0.0015430410858243704, -0.005569270811975002, 0.02306317538022995, 0.014123030938208103, -0.016801077872514725, -0.024835215881466866, 0.010159255936741829, 0.04716559499502182, 0.01660122349858284, 0.029232008382678032, 0.018666382879018784, -0.015069007873535156, -0.005622565280646086, -0.01883959025144577, -0.017866967245936394, -0.025128336623311043, -0.020465070381760597, -0.0031277183443307877, 0.009106690064072609, 0.0038605171721428633, -0.016641194000840187, -0.02343623712658882, 0.04180949926376343, -0.014029765501618385, 0.008607055060565472, 0.03573393449187279, -0.013030494563281536, 0.020611630752682686, 0.009319867938756943, 0.019812213256955147, 0.057931073009967804, -0.005052980501204729, -0.017080873250961304, 0.007987506687641144, -0.01593504287302494, -0.01133173331618309, 0.018399911001324654, -0.006282084155827761, -0.017094196751713753, 0.01390985306352377, 0.0015705210389569402, -0.02949848212301731, -0.006728425156325102, 0.008986777625977993, -0.003594044828787446, 0.010652229189872742, -0.008074110373854637, 0.0369064100086689, -0.006828352343291044, -0.004523367155343294, 0.03440157324075699, -0.015735188499093056, 0.008460494689643383, 0.02292994037270546, -0.007521179970353842, 0.020225245505571365, 0.008746952749788761, 0.0039537823759019375, -0.010059328749775887, 0.00533943809568882, -0.006695115938782692, -0.012630785815417767, -0.01173144206404686, -0.0021700835786759853, 0.029418539255857468, -0.009399809874594212, -0.04061037674546242, -0.042342446744441986, -0.021011339500546455, -0.006665138062089682, 0.0001314666005782783, -0.004236909095197916, 0.008993439376354218, 0.0016171536408364773, -0.031283844262361526, 0.012364313937723637, -0.021131251007318497, -0.004200269468128681, -0.02821941487491131, 0.0023865923285484314, 0.03109731525182724, 0.0007323824102059007, 0.006408658344298601, 0.00024336413480341434, -0.0031143948435783386, 0.021637549623847008, -0.02384926937520504, -0.004070363938808441, -0.01566857099533081, -0.011818045750260353, 0.005269489251077175, 0.052495039999485016, 0.014043089002370834, 0.022063905373215675, 0.02135775238275528, 0.0009692929452285171, -0.027113554999232292, -0.016547929495573044, 0.008114080876111984, -0.017214110121130943, -0.00046174650196917355, 0.01909273862838745, -0.0015605282969772816, 0.020918073132634163, 0.009586340747773647, 0.003335899906232953, 0.006605181843042374, 0.0028962206561118364, 0.01740063913166523, -0.03250961750745773, -0.005399394780397415, -0.02845923975110054, -0.027086907997727394, -0.010039343498647213, 0.03144372999668121, -0.007041530217975378, -0.010952010750770569, -0.040770258754491806, 0.0018136769067496061, 0.01858644187450409, -0.02042509987950325, 0.003763920860365033, -0.02267679199576378, 0.00929988268762827, 0.004103673156350851, -0.008487141691148281, 0.0018236696487292647, 0.0022866653744131327, -0.024968452751636505, 0.001890287734568119, -0.0072547076269984245, -0.02227708324790001, 0.026673875749111176, 0.0016987607814371586, -0.004383469000458717, 0.019412506371736526, 0.022450288757681847, -0.00027833861531689763, 0.012710727751255035, -0.008573745377361774, 0.004007076844573021, -0.0062187970615923405, -0.017600493505597115, -0.0005212863907217979, -0.015375450253486633, 0.0022333709057420492, -0.015335479751229286, -0.004067033063620329, 0.024955129250884056, 0.019692301750183105, 0.007974183186888695, -0.028166120871901512, -0.006315392907708883, 0.0011941288830712438, -0.026460697874426842, 0.036879763007164, 0.018413234502077103, -0.0060422588139772415, 0.03202996775507927, -0.0017870297888293862, -0.0032509618904441595, -0.008473818190395832, 0.008846879936754704, 0.0033742052037268877, 0.029818248003721237, 0.02424897812306881, -0.002999478718265891, -0.0329093262553215, -0.0015905064065009356, -0.0011166854528710246, 0.015322156250476837, -0.01187133975327015, 0.010825436562299728, 0.0015297174686565995, -0.017693759873509407, -0.009712914936244488, -0.0018253350863233209, -0.01482918206602335, 0.009726238436996937, -0.006238782312721014, 0.026247519999742508, -0.009846150875091553, 0.011951281689107418, -0.043541569262742996, 0.028565827757120132, -0.0029744969215244055, 0.031070668250322342, 0.0022400326561182737, 0.02081148512661457, -0.006488599814474583, 0.014616004191339016, -0.01674778200685978, 0.02159757912158966, -0.022956587374210358, 0.023342972621321678, -0.013670028187334538, 0.006418650969862938, 0.03386862576007843, 0.026513991877436638, -0.002258352469652891, -0.01488247700035572, -0.0022050582338124514, 0.03253626450896263, -0.010299153625965118, 0.0028029552195221186, 0.026687199249863625, 0.0055726016871631145, -0.0007236388046294451, -0.016947636380791664, -0.013490159064531326, -0.003973768092691898, -0.0035707284696400166, -0.008267302066087723, 0.04316851124167442, 0.017040902748703957, 0.00895346887409687, -0.020771514624357224, -0.01145164668560028, 0.009786194190382957, -0.020624954253435135, -0.01961236074566841, 0.016547929495573044, -0.03144372999668121, -0.011804722249507904, -0.0023099815007299185, 0.007847608998417854, 0.057238247245550156, -0.010532316751778126, -0.003517434000968933, 0.024595391005277634, 0.012803993187844753, -0.004939729813486338, 0.0035540740936994553, 0.018439881503582, 0.019972097128629684, -0.006385342217981815, 0.027899647131562233, -0.0028828969225287437, -0.011285101063549519, -0.0019252622732892632, -0.017853641882538795, -0.030244603753089905, -0.02479524537920952, -0.012997185811400414, 0.009319867938756943, -0.024288948625326157, -0.028912242501974106, 0.003147703828290105, 0.0064353058114647865, 0.024821892380714417, -0.012477564625442028, -0.01701425574719906, 0.008973454125225544, -0.03176349401473999, 0.015522010624408722, 0.005449357908219099, -0.028965536504983902, 0.003149369265884161, 0.007920888252556324, 0.0059823025949299335, 0.0008660349412821233, -0.035254281014204025, -0.029418539255857468, -0.012311019003391266, 0.0008414695039391518, -0.02001206763088703, -0.01949244737625122, -0.02359612099826336, -6.490057421615347e-05, -0.03733276575803757, 0.024995099753141403, -0.017347345128655434, -0.002038512844592333, 0.009073381312191486, 0.001996876671910286, 0.025394808501005173, 0.015042359940707684, -0.019026121124625206, -0.017853641882538795, -0.02976495400071144, -0.030484428629279137, -0.01895950362086296, -0.014282913878560066, -0.01608160138130188, 0.014402826316654682, 0.016534604132175446, 0.0012507542269304395, -0.032616205513477325, 0.00227334164083004, -0.03847859799861908, -0.018919531255960464, 0.0197722427546978, 0.003780575469136238, 0.03477463126182556, 0.024169035255908966, -0.0019419167656451464, 0.04628623649477959, 0.020864779129624367, 0.0006541062030009925, -0.03152367100119591, 0.023902563378214836, -0.019958773627877235, 0.002704693702980876, 0.018146762624382973, -0.006908293813467026, -0.029045479372143745, 0.011285101063549519, 0.005689183250069618, -0.018253350630402565, 0.01805349625647068, 0.01965233124792576, -0.02187737450003624, -0.021917345002293587, 0.002639740938320756, -0.01882626675069332, 0.0077210343442857265, -0.00018215877935290337, 0.0026214211247861385, -0.006282084155827761, 0.0010808781953528523, 0.02885894849896431, -0.002704693702980876, -0.013963147066533566, 0.011531587690114975, 0.008680334314703941, -0.012990524061024189, 0.015402098186314106, -0.01820005662739277, -0.01817340962588787, 0.0015905064065009356, -0.004786508157849312, 0.012037885375320911, 0.007834285497665405, 0.004916413687169552, 0.03701299801468849, -0.028539180755615234, 0.0072280606254935265, -0.028512533754110336, -0.004326843656599522, 0.010139270685613155, 0.001244925195351243, 0.0022533561568707228, -0.03184343874454498, 0.013270319439470768, -0.01805349625647068, -0.003397521562874317, -0.0077543435618281364, 0.01569521799683571, -0.03149702399969101, -0.012604138813912868, -0.028032884001731873, -0.009246587753295898, -0.012017900124192238, -0.033122505992650986, -0.017227433621883392, -0.0013590086018666625, -0.0019152695313096046, -0.02925865724682808, -0.0029178715776652098, 0.002055167453363538, -0.01416300144046545, 0.0024632031563669443, 0.022556878626346588, 0.003920473624020815, -0.016388045623898506, 0.012017900124192238, 0.04983031749725342, -0.003367543453350663, -0.006135524250566959, 0.22575531899929047, -0.0020318510942161083, -0.008860203437507153, 0.011498278938233852, -0.009879459626972675, 0.008020815439522266, 0.009586340747773647, -0.007734357845038176, -0.023809298872947693, -0.0002768813574220985, -0.009279897436499596, 0.00399042246863246, -0.01831996999680996, -0.003117725718766451, -0.00365733215585351, 0.004753199405968189, -0.02281002700328827, -0.03083084337413311, -0.013623395003378391, -0.023369619622826576, 0.02211719937622547, -0.0006008117343299091, -0.013803264126181602, -0.024821892380714417, 0.012990524061024189, -0.0036173611879348755, 0.02660725638270378, 0.001353179570287466, 0.024062447249889374, 0.016041630879044533, -0.01991880312561989, -0.003132714657112956, 0.01714749075472355, -0.007940873503684998, 0.012144474312663078, -0.014362855814397335, -0.0060289353132247925, 0.012597477063536644, -0.005206202156841755, 0.004047047812491655, -0.0022033925633877516, -0.02079816162586212, -0.002383261453360319, -0.004306858405470848, 0.002936191391199827, -0.022583525627851486, 0.002936191391199827, -0.012204430066049099, 0.006335378624498844, 0.02331632375717163, -0.017107520252466202, -0.009672943502664566, 0.010865407064557076, 0.007521179970353842, 0.008214008063077927, -0.007487871218472719, 0.02187737450003624, 0.0011783071095123887, 0.0028179443906992674, 0.024875188246369362, -0.0043501597829163074, 0.01205120887607336, 0.011851354502141476, 0.02885894849896431, -0.003670655656605959, 0.009006762877106667, 0.0004796501016244292, 0.014949094504117966, 0.017693759873509407, -0.008027477189898491, -0.01895950362086296, -0.014336208812892437, 0.015402098186314106, 0.001627979101613164, 0.013063803315162659, -0.019146032631397247, 0.009153323248028755, 0.01357676275074482, 0.024209007620811462, 0.003687310265377164, -0.0164679866284132, -0.01804017275571823, -0.02251690812408924, 2.911938281613402e-05, -0.013356923125684261, -0.019732272252440453, 0.012710727751255035, -0.006165502592921257, -0.019665654748678207, -0.00830061174929142, -0.0006274589686654508, 0.019146032631397247, -0.025981048122048378, -0.00790090300142765, -0.015908395871520042, -0.004390130750834942, 0.02554136887192726, 0.02067824825644493, -0.011371704749763012, -0.02356947399675846, -0.025208277627825737, 0.048151541501283646, 0.016694488003849983, -0.0028462570626288652, -0.005852397531270981, 0.04362151399254799, -0.00491308281198144, 0.013336937874555588, -0.0018419896950945258, -0.02752658724784851, 0.019932126626372337, -0.02158425562083721, 0.014069736003875732, -0.03370874375104904, 0.01013260893523693, -0.0029911512974649668, -0.004057040438055992, -0.006298738531768322, 0.00810741912573576, 0.001012594671919942, 0.0016338081331923604, -0.03336232900619507, 0.002982824109494686, 0.006202142219990492, -0.003059434937313199, -0.034188393503427505, -0.020225245505571365, -0.00790090300142765, -0.035653989762067795, -0.019199328497052193, -0.013949823565781116, -0.0077676670625805855, 0.0050463187508285046, -0.0447939895093441, 0.0035740595776587725, -3.3647331292741e-05, 0.002461537718772888, -0.017200786620378494, -0.008167375810444355, 0.008000830188393593, 0.03152367100119591, -0.022490261122584343, 0.018493175506591797, 0.017187461256980896, -0.015362126752734184, -0.011311748065054417, 0.022770056501030922, -0.011518264189362526, -0.027206819504499435, -0.03192337974905968, 0.0017703751800581813, -0.021690843626856804, 0.017853641882538795, -0.009799517691135406, 0.002431559609249234, -0.007954197935760021, 0.0072480458766222, -0.039997488260269165, -0.004093680530786514, 0.01566857099533081, -0.02779305912554264, -0.008067448623478413, 0.01618819124996662, -0.00836056750267744, -0.022450288757681847, -0.016641194000840187, -0.1688368320465088, 0.013570101000368595, 0.016161544248461723, -0.042475681751966476, 0.008273964747786522, 0.03179014474153519, 0.015522010624408722, -0.014149677939713001, -0.03240302950143814, -0.021530959755182266, 0.024195682257413864, -0.02225043624639511, -0.04807160049676895, -0.02582116425037384, -0.0009726238204166293, -0.018626412376761436, -0.018080145120620728, -0.004393461626023054, 0.011458308435976505, 0.03546746075153351, 0.03714623674750328, -0.016827724874019623, 0.0115382494404912, -0.01661454699933529, -0.01397647149860859, 0.007208075374364853, 0.017200786620378494, 0.018240027129650116, 0.019932126626372337, -0.022303730249404907, -0.004190276842564344, 0.011844692751765251, 0.011904649436473846, -0.020664924755692482, 0.005449357908219099, -0.004263556562364101, -0.022703438997268677, -0.015708541497588158, 0.0017287388909608126, -0.00728135509416461, 0.03144372999668121, 0.008533774875104427, -0.002181741874665022, 0.019439153373241425, -0.0014997393591329455, 0.01271738950163126, 0.006048920564353466, -0.008653687313199043, 0.03173684701323509, -0.048418015241622925, 0.009866136126220226, -0.045646701008081436, -0.01034578587859869, 0.00553263071924448, -0.004263556562364101, -0.003594044828787446, 0.01211782731115818, -0.0021434363443404436, -0.019412506371736526, -0.02146434225142002, -0.008134066127240658, -0.017893614247441292, -0.008946807123720646, -0.0048897662200033665, -0.016707811504602432, 0.006848337594419718, -0.011878001503646374, 0.012584153562784195, -0.018919531255960464, 0.00929988268762827, -0.02595439925789833, 0.012311019003391266, 0.015308832749724388, -0.0038438625633716583, 0.006418650969862938, 0.0008860203088261187, -0.010832098312675953, 0.0025881121400743723, 0.004316851031035185, -0.003767251968383789, -0.022596849128603935, 0.030111366882920265, -0.013610071502625942, 0.027606528252363205, 0.002258352469652891, -0.009732900187373161, 0.002624751999974251, -0.003703964641317725, 0.0034175070468336344, 0.0329892672598362, 0.04956384375691414, -0.027046935632824898, -0.004067033063620329, -0.0027113554533571005, 0.0024931812658905983, -0.006322054658085108, 0.008473818190395832, 0.014029765501618385, 0.029338598251342773, -0.0006707606953568757, 0.0030344531405717134, -0.02779305912554264, -0.02332964725792408, -0.0028945552185177803, 0.038398656994104385, 0.005249503999948502, 0.014655975624918938, -0.015601951628923416, 0.0514025017619133, -0.007221398875117302, -0.045779936015605927, -0.008054125122725964, 0.003917142748832703, 0.01806681975722313, 0.02026521787047386, 0.031710200011730194, 0.02728676237165928, -0.017720406875014305, 0.01728072762489319, -0.030537722632288933, 0.057771191000938416, -0.008587068878114223, -0.02030518837273121, 0.010119284503161907, 0.004343498032540083, 0.010019357316195965, -0.07269363850355148, -0.0035773904528468847, 0.005919015500694513, -0.008833556436002254, -0.0016979280626401305, 0.01566857099533081, -0.012670757248997688, 0.02226375974714756, -0.032083261758089066, 0.005525968968868256, -0.03408180549740791, -0.029844895005226135, -0.013749970123171806, 0.006954926531761885, 0.018253350630402565, 0.006538563407957554, 0.023382943123579025, 0.007081500720232725, 0.0036939720157533884, 0.024302272126078606, 0.0038805026561021805, -0.01422961987555027, 0.0034807941410690546, -0.011951281689107418, -0.007681063376367092, 0.023422913625836372, -0.019345887005329132, 0.0077809905633330345, 0.028246061876416206, -0.01686769537627697, 0.01198459044098854, -0.036027051508426666, 0.0007257206016220152, -0.013463512063026428, 0.007827622815966606, -0.0032642853911966085, -0.032616205513477325, -0.012897258624434471, 0.0154820391908288, -0.009379824623465538, 0.015455392189323902, 0.010379095561802387, 0.008607055060565472, -0.014269590377807617, -0.0021900690626353025, -0.0023599450942128897, -0.02439553663134575, 0.03975766524672508, 0.012737374752759933, -0.0296317171305418, -0.01701425574719906, -0.005266158375889063, -0.018133439123630524, -0.017080873250961304, 0.00810741912573576, 0.011917972937226295, 0.0024515450932085514, -0.010971996001899242, -0.01817340962588787, 0.016014983877539635, 0.0013540122890844941, -0.024995099753141403, 0.012184444814920425, 0.020465070381760597, 0.0309640783816576, -0.00028666589059866965, -0.009732900187373161, -0.01305047981441021, -0.015255537815392017, 0.004456748720258474, -0.03016466274857521, 0.014043089002370834, -0.02755323424935341, -0.006155509501695633, -0.02162422612309456, 0.009486413560807705, -0.0002918704121839255, -0.021277811378240585, -0.010139270685613155, 0.0027996243443340063, -0.001030081883072853, 0.008846879936754704, -0.011964605189859867, -0.028565827757120132, 0.02476859837770462, -0.007867594249546528, 0.0128439636901021, 0.008700319565832615, 0.0111918356269598, -0.04061037674546242, -0.002010200172662735, -0.0036273538134992123, 0.01106526143848896, -0.02727343700826168, -0.01489580050110817, 0.017573846504092216, -0.00651857815682888, 0.0047098975628614426, -0.00780763803049922, 0.018892884254455566, -0.009839489124715328, -0.011578220874071121, -0.05787777900695801, 0.024462155997753143, -0.00030352859175764024, -0.019305916503071785, 0.003365878015756607, -0.004293534439057112, 0.014043089002370834, -0.0283526498824358, 0.01750722900032997, 0.02386259287595749, -0.028432592749595642, -0.005545954219996929, 0.007141456939280033, 0.01989215612411499, -0.01305047981441021, 0.010046005249023438, 0.005169562064111233, -0.012897258624434471, 0.01343686506152153, 0.028112825006246567, -0.01581512950360775, -0.011418337002396584, 0.012537520378828049, 0.014083060435950756, -0.03608034551143646, -0.0032193183433264494, 0.007507856469601393, 0.00830061174929142, -0.024848539382219315, -0.04031725600361824, 0.03440157324075699, -0.02281002700328827, 8.496405826008413e-06, -0.002195065375417471, 0.01245091762393713, -0.04490057751536369, 0.01528218574821949, 0.01921265199780464, 0.030511075630784035, 0.008980115875601768, -0.003225980093702674, -0.005329445470124483, -0.00533943809568882, -0.023382943123579025, 0.0151622723788023, 0.01521556731313467, -0.010625582188367844, -0.004806493874639273, 0.011484955437481403, 0.012111165560781956, 0.02162422612309456, 0.0329093262553215, -0.0355474017560482, -0.006954926531761885, -0.019452476873993874, -0.03408180549740791, 0.020385129377245903, 0.031070668250322342, -0.017893614247441292, 0.004060371313244104, 0.044580813497304916, 0.020598307251930237, 0.02225043624639511, -0.006032266188412905, 0.01074549462646246, 0.0034025178756564856, -0.020505042746663094, -0.010518993251025677, 0.03147037699818611, -0.001105859992094338, -0.026180902495980263, -0.0037739137187600136, 0.015322156250476837, 0.01001269556581974, 0.0014989065239205956, -0.01337024662643671, -0.028432592749595642, -0.001290725078433752, -0.005715830251574516, 0.016907665878534317, -0.0022500252816826105, -0.006598519627004862, -0.01305047981441021, 0.01568189449608326, 0.01895950362086296, 0.03450816124677658, -0.010971996001899242, 0.0028645771089941263, 0.011711456812918186, -0.01106526143848896, -0.015348803251981735, -0.004226916469633579, -0.008873526938259602, 0.01594836637377739, -0.006625167094171047, -0.021770784631371498, -0.022503584623336792, 0.01292390562593937, 0.011098570190370083, 0.020052039995789528, 0.003484125016257167, 0.01724075712263584, 0.004946391563862562, -0.033388976007699966, -0.013003847561776638, 0.0016512954607605934, -0.014402826316654682, -0.0329093262553215, -0.0012765687424689531, 0.026140930131077766, -0.003950451500713825, -0.00896679237484932, -0.001687935320660472, -0.008800246752798557, 0.013416878879070282, 0.0004963045939803123, -0.008520451374351978, -0.012470902875065804, -0.017893614247441292, 0.019932126626372337, 0.006098884157836437, -0.005476005375385284, 0.01741396263241768, -0.0035274268593639135, 0.023529501631855965, -0.0011957943206653, -0.012983862310647964, -0.02399582974612713, 0.03733276575803757, -0.001289892359636724, 0.03269615024328232, -0.007401267532259226, -0.013803264126181602, -0.010445713065564632, -0.03003142587840557, -0.03147037699818611, 0.0010833763517439365, -0.006558549124747515, 0.00810741912573576, 0.07578471302986145, 0.028272708877921104, 0.014735917560756207, 0.011518264189362526, -0.03794565424323082, 0.006635159719735384, 0.015641922131180763, 0.018626412376761436, -0.03258955851197243, -0.003950451500713825, 0.012823978438973427, -0.006401996593922377, -0.00672509428113699, -0.0036073685623705387, -0.009899444878101349, -0.006874985061585903, 0.006928279530256987, 0.008140727877616882, -0.019732272252440453, -0.004923075437545776, 0.024582067504525185, 0.008313935250043869, 0.013936500065028667, -0.01712084375321865, -0.023263029754161835, 0.004220254719257355, 0.023556150496006012, -0.009473089128732681, -0.004126989282667637, -0.03306920826435089, 0.02121119387447834, -0.0029545114375650883, -0.021530959755182266, -0.00044925560359843075, 0.004663264844566584, 0.02611428312957287, -0.00020204011525493115, 0.009612987749278545, -0.002381596015766263, 0.020451746881008148, -0.006208803970366716, 0.010725509375333786, -0.0019385858904570341, 0.006072237156331539, -0.0164946336299181, 0.0028345989994704723, 0.004140313249081373, -0.01133839599788189, -0.01187133975327015]","[-0.0010206146398559213, 0.013764869421720505, 0.026468835771083832, 0.002987983636558056, -0.017457881942391396, 0.02172834984958172, 0.011320765130221844, -0.006623923312872648, -0.03529177978634834, -0.0013588611036539078, 0.028389202430844307, 0.0029208380728960037, 0.00651649059727788, -0.00411267438903451, -0.006419129204005003, -0.00776204327121377, 0.015027208253741264, -0.016880430281162262, 0.010300151072442532, -0.013724581338465214, 0.01360371895134449, 0.010421013459563255, -0.01940510794520378, -0.0003430725773796439, -0.004166390746831894, 0.0009610228589735925, 0.001423488836735487, -0.04122745990753174, 0.003355606459081173, 0.013731296174228191, 0.03722557798027992, 0.010293436236679554, -0.02544822171330452, -0.018867941573262215, -0.005646953359246254, -0.019807981327176094, 0.016517842188477516, -0.003093738341704011, 0.01741759479045868, 0.004102602601051331, 0.008614793419837952, -0.014302034862339497, -0.014530329965054989, -0.03773588314652443, 0.010689595714211464, 0.028335485607385635, 0.030296141281723976, 0.0016979469219222665, 0.005150075536221266, -0.0251527801156044, 0.02676427736878395, 0.01001142431050539, -0.0175921730697155, 0.009675695560872555, 0.000996274407953024, -0.00033971527591347694, 0.006513133179396391, 0.03206878900527954, 0.009507831186056137, -0.009192246943712234, 0.02849663607776165, 0.0458470843732357, 0.00597261032089591, -0.0012875188840553164, -0.012388382107019424, -0.014167742803692818, -0.017108725383877754, -0.016544701531529427, 0.00026165839517489076, -0.013220989145338535, 0.018867941573262215, 0.0036493688821792603, 0.0005669615347869694, -0.017860757187008858, 0.028416061773896217, 0.008681938983500004, -0.030591582879424095, -0.01724301651120186, 0.020398864522576332, 0.010750027373433113, 0.013576860539615154, -0.01761903241276741, -0.014503471553325653, 0.01281139999628067, -0.00807762797921896, 0.05194391682744026, -0.013805156573653221, 0.020398864522576332, 0.0002648058580234647, 0.02973211742937565, -1.3888144167140126e-05, 0.006956294644623995, 0.0059692529030144215, 0.007010011468082666, 0.012482386082410812, 0.0053582270629704, -0.009991280734539032, 0.024817051365971565, -0.015121212229132652, -0.035372357815504074, -0.02180892415344715, 0.011354338377714157, -0.02178206667304039, 0.0013957913033664227, -0.017538458108901978, -0.012274234555661678, 0.011327479965984821, -0.003830662230029702, 0.007721755653619766, -0.008124629966914654, -0.0337071418762207, 0.016987862065434456, 0.017498169094324112, -0.044343020766973495, -0.007748614065349102, -0.012985979206860065, 0.028872651979327202, -0.01522864494472742, -0.008514074608683586, -0.009789843112230301, 0.011132757179439068, 0.018599359318614006, 0.028684644028544426, -0.018317347392439842, 0.02051972597837448, 0.009561548009514809, -0.03349227458238602, 0.016289547085762024, 0.003978382796049118, -0.020183997228741646, 0.00427382392808795, 0.018639646470546722, 8.07191008789232e-06, -0.0001563235855428502, -0.009984565898776054, 0.005606666207313538, 0.026200253516435623, 0.0001496090117143467, -0.012388382107019424, -0.0190828088670969, 0.00799033883959055, 0.026925425976514816, -0.009353396482765675, -0.006637352518737316, -0.02597195841372013, 0.02782517857849598, 0.007500174921005964, -0.02547507919371128, 0.01134762354195118, -0.014127455651760101, 0.0036023668944835663, 0.00019524710660334677, 0.003194456687197089, 0.010830601677298546, -0.007869476452469826, -0.005784602370113134, -0.006909292656928301, 0.02190292812883854, -0.007352454587817192, -0.033787716180086136, -0.0029728759545832872, 0.009749555960297585, 0.016464125365018845, -0.003931380808353424, -0.0036426542792469263, 0.02718058042228222, 0.029033802449703217, 0.0021100537851452827, 0.01250252965837717, -0.01714901253581047, 0.005062785930931568, 0.036339253187179565, -0.03671526908874512, 0.01111261360347271, -0.009440685622394085, -0.0016752852825447917, -0.0035083629190921783, -0.013885730877518654, -0.016987862065434456, -0.007661324460059404, 0.00923253409564495, 0.002773117506876588, 0.0182099137455225, 0.012099655345082283, -0.03292825073003769, -0.03929366543889046, -0.003669512690976262, 0.0004574300837703049, -0.008211919106543064, 0.001147352159023285, 0.006811931729316711, 0.027046289294958115, -0.03134361281991005, -0.011340908706188202, -0.6149471998214722, -0.007164446637034416, -0.004575979430228472, -0.03580208867788315, 0.03255223482847214, -0.01811590977013111, -0.013832014985382557, 0.016222402453422546, -0.012207088991999626, 0.015080925077199936, 0.0030316284392029047, 0.01056873332709074, 0.000915699522010982, -0.029651541262865067, -0.017659319564700127, -0.008628223091363907, -0.005163504276424646, -0.003870949847623706, -0.0070905862376093864, 0.015295791439712048, -0.02051972597837448, 0.024723047390580177, -0.014087168499827385, -0.004270466510206461, -0.013335136696696281, -0.019781123846769333, -0.016840141266584396, -0.018720222637057304, -0.006012897472828627, 0.02911437675356865, -0.04673340916633606, 0.0005073696956969798, 0.03846105933189392, 0.020922601222991943, 0.05565035715699196, 0.003971668425947428, -0.0010273292427882552, 0.005801388528198004, -0.014731766656041145, 0.045632220804691315, -0.012844973243772984, -0.008366354741156101, 0.03811189904808998, -0.010944749228656292, -0.014557188376784325, 0.014516901224851608, 0.006667568348348141, -0.012623392045497894, -0.015322648920118809, -0.012186945416033268, -0.008292494341731071, 0.00992413517087698, 0.007419600151479244, 0.013214274309575558, 0.03897136449813843, -0.0024692832957953215, 0.03781646117568016, -0.004549121484160423, 0.007204733788967133, -0.00040644133696332574, 0.027100006118416786, -0.007627751678228378, -0.021996932104229927, -0.012992693111300468, -0.0448533296585083, 0.030537866055965424, -0.0018095766426995397, -0.022158082574605942, 0.017081866040825844, -0.005240722093731165, 0.030511006712913513, 0.008285779505968094, -0.0019740837160497904, -0.016370121389627457, -0.003046736354008317, -0.001376486849039793, 0.032847676426172256, -0.015336078591644764, 0.006190833635628223, 0.001484759384766221, 0.01118647400289774, -0.010340438224375248, -0.0438595712184906, 0.014919774606823921, 0.0034378599375486374, -0.00945411529392004, -0.030322998762130737, -0.021218042820692062, 0.00027214991860091686, -0.005949109327048063, -0.004210035316646099, 0.023299558088183403, 0.02755659632384777, -0.016343263909220695, 0.007997052744030952, 0.031853921711444855, -0.002143626566976309, 0.003382464637979865, 0.01952596940100193, -0.04184520244598389, -0.019284246489405632, -0.031880781054496765, -0.013173987157642841, -0.0020781594794243574, 0.03829990699887276, 0.0048949215561151505, -0.027986329048871994, -0.0009383611613884568, 0.023474138230085373, -0.02693885564804077, -0.02237294800579548, 0.010756741277873516, 0.0071711610071361065, -0.005240722093731165, 0.010071855038404465, -0.03265966847538948, 0.031853921711444855, 0.0008229545201174915, -0.027314871549606323, -0.00776204327121377, -0.008185060694813728, 0.014087168499827385, 0.008084342814981937, 0.003177670296281576, 0.015107782557606697, 0.012764398008584976, 0.01001142431050539, 0.006006183102726936, 0.010065141133964062, 0.010515017434954643, 0.01166992262005806, -0.01920367032289505, 0.0010592234320938587, -0.001080206478945911, -0.01553751528263092, -0.020882314071059227, 0.017833897843956947, -0.02752973884344101, 0.005304510705173016, -0.010595591738820076, -0.010958178900182247, -0.010078569874167442, 0.020654017105698586, -0.0028452991973608732, 0.011596063151955605, -0.01955282874405384, -0.024441035464406013, -0.0002920838014688343, -0.02395758591592312, -0.02527364157140255, -0.01823677308857441, -0.01606125198304653, -0.01764588989317417, 0.018250202760100365, 0.01427517645061016, -0.010212861001491547, 0.001969047822058201, -0.027247726917266846, 0.003127311123535037, -0.043725281953811646, 0.011824358254671097, 0.018545642495155334, -0.017847327515482903, 0.006479560397565365, 0.016786426305770874, -0.016987862065434456, -0.009836845099925995, 0.027422305196523666, -0.004844562616199255, -0.025085633620619774, -0.0035654366947710514, -0.012556246481835842, 0.013623863458633423, 0.003679584478959441, 0.014852629043161869, 0.004982211161404848, -0.019445395097136497, 0.004857991356402636, 0.010595591738820076, -0.021043462678790092, -0.00010963634122163057, 0.011461771093308926, 0.013899160549044609, -0.004582694265991449, 0.02480362169444561, -0.005912179127335548, 0.005895392503589392, 0.016437267884612083, -0.02653598226606846, 0.02691199816763401, -0.006536634173244238, 0.009816701523959637, -0.008292494341731071, -0.0026035746559500694, -0.005140003282576799, 0.0022728820331394672, 0.019861698150634766, 0.017538458108901978, 0.010105428285896778, 0.013610433787107468, 0.024293314665555954, 0.020748021081089973, 0.01203250978142023, -0.001740752370096743, 0.001457901089452207, -0.008037340827286243, 0.005680526606738567, -0.03776274248957634, 0.03255223482847214, -0.005455588456243277, 0.01490634586662054, -0.0074263145215809345, 0.0008233741973526776, 0.02641511894762516, -0.00022158081992529333, 0.03201507031917572, 0.014302034862339497, 0.013858873397111893, -0.011461771093308926, 0.028577210381627083, -0.014006593264639378, 0.015792669728398323, 0.005297795869410038, 0.016370121389627457, 0.010958178900182247, 0.026133107021450996, 0.01490634586662054, 0.022816110402345657, 0.0002606092602945864, 0.009474258869886398, -0.01103875320404768, 0.02158062905073166, -0.0026908640284091234, 0.028657786548137665, 0.01406031008809805, 0.02644197829067707, 0.028281770646572113, -0.0055025904439389706, 0.007184590213000774, -0.0062244064174592495, -0.016719279810786247, 0.021835781633853912, 0.021876070648431778, -0.013160557486116886, 0.011878075078129768, 0.022238656878471375, 0.019781123846769333, 0.029597826302051544, 0.004908350761979818, 0.0122675197198987, -0.010837316513061523, 0.002605253364890814, -0.02849663607776165, 0.0030534507241100073, 0.009675695560872555, -0.014409467577934265, 0.0047673447988927364, 0.003464718349277973, 0.011065611615777016, 0.007715041283518076, -0.006842147093266249, 0.021795494481921196, -0.005415300838649273, -0.005905464291572571, 0.0131941307336092, 0.017014721408486366, 0.008655080571770668, 0.0072181629948318005, 0.013086697086691856, -0.0049284943379461765, 0.0020714448764920235, -0.03620496392250061, -0.0008363836677744985, -0.031558480113744736, 0.028389202430844307, 0.005885320715606213, -0.010313579812645912, 0.013872302137315273, 0.03161219507455826, 0.009373540058732033, -0.04442359507083893, -0.03225679695606232, 0.003582223318517208, 0.01273753959685564, -0.015134640969336033, -0.018720222637057304, -0.008695368655025959, 0.013939447700977325, 0.006231121253222227, 0.01861278899013996, -6.116554141044617e-05, 0.038568492978811264, -0.016638705506920815, -0.0041966065764427185, -0.029597826302051544, 0.0062714084051549435, 0.030349858105182648, -0.0003827305044978857, -0.0022997402120381594, 0.01266367919743061, -0.008198490366339684, 0.014610905200242996, -0.008117915131151676, 0.009662266820669174, 0.0386490672826767, 0.0027143650222569704, -0.011394625529646873, -0.0495535284280777, 0.004146247170865536, -0.004250322934240103, -0.005546235013753176, -0.01773989386856556, -0.0361781045794487, -0.003097095526754856, -0.007278594188392162, 0.00839992705732584, -0.007936622016131878, -0.002277917927131057, 0.038890790194272995, -0.002380315214395523, -0.017901044338941574, -0.012455527670681477, -0.027744604274630547, 0.009353396482765675, 0.03043043240904808, 0.0219297856092453, -0.005297795869410038, 0.010756741277873516, -0.009299679659307003, 0.00941382721066475, -0.022265514358878136, -0.03241794556379318, 0.029624683782458305, -0.005959181115031242, -0.02715372107923031, -0.01174378301948309, -0.00011939345131395385, -0.014651192352175713, -0.0017995048547163606, 0.002736187307164073, 0.005244079511612654, -0.0009601835627108812, -0.01521521620452404, -0.012985979206860065, 0.017780182883143425, 0.001013060798868537, 0.017229586839675903, 0.03241794556379318, 0.021298617124557495, 0.00822534877806902, 0.033169977366924286, -0.02022428624331951, 0.004763987381011248, -0.030645297840237617, -0.0009484330657869577, 0.006264694035053253, 0.009433970786631107, 0.04329554736614227, -0.0070771570317447186, 0.04839862138032913, 0.010649308562278748, 0.0014990278286859393, 0.0010583840776234865, 0.004515548702329397, 0.007621037308126688, 0.006405699998140335, -0.003894450841471553, -0.01001142431050539, 0.033734001219272614, -0.028711501508951187, -0.0022913471329957247, -0.003941452596336603, 0.019472254440188408, 0.012750969268381596, -0.017686178907752037, -0.02014371007680893, -0.027247726917266846, 0.0209360308945179, 0.03150476515293121, 0.015604660846292973, -0.01232795137912035, -0.017551885917782784, -0.009769699536263943, -0.04267780855298042, -0.009460829198360443, -0.004250322934240103, 0.0014092203928157687, -0.008030625991523266, 0.008265635930001736, -0.023581570014357567, -0.01234138011932373, 0.005787959322333336, -0.023299558088183403, 0.013711152598261833, 0.0006601262139156461, -0.007500174921005964, -0.03883707523345947, 0.01905594952404499, 0.052937671542167664, 0.0240381620824337, 0.02881893515586853, 0.006093472708016634, -0.009407113306224346, 0.01344256941229105, -0.02064058929681778, -0.019606545567512512, -0.031182464212179184, -0.013449284248054028, 0.0015569409588351846, -0.00589203555136919, -0.0013739689020439982, -0.0158598143607378, -0.013583575375378132, 0.05468346178531647, -0.013113555498421192, 0.007822474464774132, 0.0413886122405529, -0.03462032228708267, 0.014100597240030766, 0.012771112844347954, 0.016423838213086128, 0.05291081219911575, -0.014396038837730885, -0.022681817412376404, 0.020533155649900436, -0.003941452596336603, -0.01442289724946022, 0.02225208654999733, -0.00543208746239543, -0.024024732410907745, 0.006600422319024801, -0.002319884020835161, -0.031853921711444855, -0.004686770029366016, 0.020251143723726273, -0.00839992705732584, -0.0030987742356956005, -0.001093635568395257, 0.019485682249069214, -0.0004244867304805666, -0.0006525723147206008, 0.03204192966222763, -0.011072326451539993, 0.0159806776791811, 0.01119990274310112, 0.0018632932333275676, 0.017659319564700127, 0.013180701062083244, -0.014691479504108429, 0.0027647241950035095, 0.0019707262981683016, -0.008232062682509422, -0.02782517857849598, -0.011481914669275284, 0.00034622004022821784, 0.0256496574729681, -0.0018414708320051432, -0.0517827644944191, -0.05280337855219841, -0.007775472477078438, -0.022171510383486748, 0.007184590213000774, 0.007500174921005964, -0.0026203610468655825, 0.014194601215422153, -0.023729290813207626, 0.00839992705732584, -0.011750497855246067, -0.02148662507534027, -0.0262673981487751, 0.0035654366947710514, 0.02108374983072281, 0.0012111406540498137, -0.003924666438251734, 0.006818646099418402, -0.00809105671942234, 0.01811590977013111, -0.0327133871614933, -0.0020009418949484825, -0.01744445413351059, -0.010179288685321808, 0.0008779300842434168, 0.05465660244226456, -0.0004255358944647014, 0.03040357492864132, 0.0314779058098793, -0.0036963708698749542, -0.012227232567965984, -0.026173394173383713, -0.0003806322056334466, -0.024320174008607864, -0.011938505806028843, 0.004471903666853905, -0.0021855926606804132, 0.019445395097136497, -0.000992917106486857, 0.0030484148301184177, -0.000292713288217783, 0.00404552835971117, 0.01150877308100462, -0.02076145075261593, -0.003248173277825117, -0.024521609768271446, -0.024669330567121506, -0.018867941573262215, 0.014825770631432533, 0.009843559935688972, -0.0053515126928687096, -0.028980085626244545, -0.004307396709918976, 0.01573895290493965, -0.02014371007680893, 0.022158082574605942, -0.024494752287864685, 0.011233475990593433, 0.010313579812645912, -0.0058416761457920074, 0.006519847549498081, 0.007560606114566326, -0.023259270936250687, 0.008789372630417347, -0.009729412384331226, -0.018653076142072678, 0.023460708558559418, -0.016732709482312202, -0.0010474729351699352, 0.026844851672649384, 0.021204613149166107, 0.011173045262694359, -0.0011372803710401058, -0.010387440212070942, -0.0028788719791918993, -0.0070905862376093864, -0.010212861001491547, -0.007795616053044796, -0.012999407947063446, -0.008722227066755295, 0.01203250978142023, 0.00713758822530508, 0.02368900366127491, 0.017216157168149948, 0.008131344802677631, -0.0281206201761961, -0.01620897278189659, 0.006852218881249428, -0.02740887552499771, 0.029006943106651306, 0.023124979808926582, -0.0030114848632365465, 0.0170952957123518, -0.00891023501753807, -0.008104486390948296, -0.0025263570714741945, 0.008097771555185318, -0.001982476795092225, 0.026576269418001175, 0.02671056054532528, -0.013543288223445415, -0.030215565115213394, -0.0023836723994463682, 0.0015980676980689168, -0.0014260069001466036, -0.023380134254693985, 0.007305452600121498, 0.0022594528272747993, -0.008366354741156101, -0.005133288912475109, 0.005509304814040661, -0.005103073548525572, 0.019243957474827766, 0.0007788901566527784, 0.034727755934000015, -0.0031659197993576527, 0.017108725383877754, -0.04130803421139717, 0.022064078599214554, 0.0009064669720828533, 0.03650040552020073, -0.009675695560872555, 0.016262689605355263, 0.002106696367263794, 0.029356101527810097, -0.017954761162400246, 0.008534219115972519, -0.022735534235835075, 0.020089993253350258, -0.019928844645619392, -0.001622408046387136, 0.035694655030965805, 0.029248667880892754, -0.00043434876715764403, -0.002333313226699829, 0.002049622591584921, 0.029302384704351425, 0.00019503728253766894, -0.01024643424898386, 0.017189299687743187, -0.0029527321457862854, -0.001143994857557118, -0.01312027033418417, -0.013637292198836803, -0.003018199233338237, 0.0014654549304395914, 0.004619624465703964, 0.051755908876657486, 0.021365761756896973, 0.014355750754475594, -0.020680876448750496, -0.001915331115014851, 0.004028742201626301, -0.02881893515586853, -0.007506889291107655, 0.022480381652712822, -0.02822805382311344, -0.019767694175243378, -0.0061438316479325294, 0.00886994693428278, 0.05672468990087509, -0.012677108868956566, -0.003897808026522398, 0.0314779058098793, 0.0037601592484861612, -0.007621037308126688, 0.007876191288232803, 0.01843821071088314, -0.0008275707950815558, -0.013791726902127266, 0.04066343605518341, 0.0012405168963596225, -0.015497228130698204, 0.008279064670205116, -0.02207750640809536, -0.035748373717069626, -0.029544109478592873, -0.0018666505347937346, 0.007970195263624191, -0.03257909417152405, -0.010998466052114964, 0.003552007721737027, 0.008594649843871593, 0.013556716963648796, -0.013449284248054028, -0.01131405122578144, 0.026227110996842384, -0.03961596265435219, 0.005623452365398407, 0.0050695003010332584, -0.01764588989317417, 0.028093762695789337, -0.004424901679158211, 0.011246904730796814, 0.0075203184969723225, -0.02556908316910267, -0.029544109478592873, -0.01823677308857441, 0.006956294644623995, -0.03813875839114189, -0.016705850139260292, -0.010226290673017502, -0.004481975454837084, -0.03843419998884201, 0.030000699684023857, -0.010797029361128807, 0.00047715415712445974, 0.01335528027266264, -0.003733301069587469, 0.014758625067770481, 0.014181172475218773, -0.018223343417048454, -0.022090936079621315, -0.019109666347503662, -0.026079390197992325, -0.018787367269396782, -0.026643414050340652, -0.015967248007655144, 0.0015166535740718246, 0.003481504740193486, 0.011891503818333149, -0.01841135136783123, 0.01046801544725895, -0.02817433699965477, -0.01411402691155672, 0.015121212229132652, 0.01282482873648405, 0.03308940306305885, 0.02004970610141754, 6.76702766213566e-05, 0.043429840356111526, 0.022560955956578255, -0.007433029357343912, -0.019337961450219154, 0.023084692656993866, -0.011676637455821037, 0.001154906116425991, 0.024320174008607864, -0.014087168499827385, -0.036688413470983505, 0.007923193275928497, 0.010139000602066517, -0.013422425836324692, 0.005166861694306135, 0.03322369232773781, -0.03486204892396927, -0.008158203214406967, -0.007130873389542103, -0.018653076142072678, 0.013288134709000587, 0.008440215140581131, -0.0005094680236652493, -0.0031625626143068075, 0.005156789906322956, 0.022977259010076523, 0.01756531558930874, -0.015188357792794704, 0.02579737827181816, 0.0025112491566687822, -0.005885320715606213, 0.016047822311520576, -0.01914995349943638, -0.026106249541044235, -0.005606666207313538, -0.0013638971140608191, 0.012865116819739342, 0.019445395097136497, 0.006503061391413212, 0.035023197531700134, -0.0246559027582407, -0.0005560503341257572, -0.01025986298918724, 0.0023517783265560865, -0.005717456340789795, 0.0022678461391478777, 0.008540933020412922, -0.007943336851894855, 0.011824358254671097, -0.008594649843871593, -0.014046881347894669, -0.015926960855722427, 0.00961526483297348, -0.0337071418762207, -0.016759566962718964, -0.03513063117861748, -0.008158203214406967, -0.025730233639478683, -0.03338484466075897, 0.00419996352866292, 0.004340969491750002, -0.0022124508395791054, -0.02160748653113842, 0.0030584868509322405, -0.0053582270629704, -0.025609370321035385, 0.00992413517087698, 0.014651192352175713, 0.009957707487046719, -0.03131675720214844, 0.01001142431050539, 0.0317196287214756, 0.0016148540889844298, -0.005663739982992411, 0.23205554485321045, 0.011790785007178783, -0.008594649843871593, 0.01008528470993042, -0.013791726902127266, 0.015174929052591324, 0.013704437762498856, -0.014490042813122272, -0.016289547085762024, 0.014785483479499817, -0.013979734852910042, 0.0014654549304395914, -0.009944278746843338, -0.0002711007837206125, -0.012891975231468678, 0.00768818287178874, -0.02321898378431797, -0.04125431925058365, -0.016907287761569023, -0.01650441437959671, 0.02636140212416649, -0.011569204740226269, -0.008440215140581131, -0.025313930585980415, 0.0017659319564700127, -0.004236893728375435, 0.029356101527810097, -0.008138058707118034, 0.02172834984958172, 0.018626218661665916, -0.019606545567512512, -0.0027378660161048174, 0.01305983867496252, -0.00784261804074049, 0.015430082567036152, -0.01761903241276741, -0.015765810385346413, 0.0069495802745223045, -0.0031759918201714754, -0.004334255121648312, -0.013106840662658215, -0.02324584126472473, -0.009326538071036339, -0.0008300887420773506, 0.0017827183473855257, -0.014436325989663601, -0.0035553649067878723, -0.008903520181775093, 0.017041578888893127, 0.023850154131650925, -0.016544701531529427, 0.0018213271396234632, -0.00636205542832613, -0.0013009479735046625, 0.007003296632319689, -0.004948638379573822, 0.021097179502248764, -0.010776884853839874, -0.015040636993944645, 0.03139733150601387, -0.004535692278295755, 0.009621978737413883, 0.011716924607753754, 0.014933204278349876, 0.01344256941229105, 0.00782918930053711, -0.004226821940392256, 0.012408525682985783, 0.015926960855722427, -0.014436325989663601, -0.007594178896397352, -0.010521731339395046, 0.01490634586662054, 0.005183648318052292, 0.009762984700500965, -0.016464125365018845, 0.013160557486116886, 0.009635408408939838, 0.021298617124557495, 0.005452231038361788, 0.001875043730251491, -0.016598418354988098, -0.003662798088043928, -0.012858401983976364, -0.0065970653668046, -0.012515959329903126, 0.010374010540544987, 0.0007427993114106357, -0.013791726902127266, -0.008829659782350063, -0.0027781534008681774, 0.0071711610071361065, -0.03561408072710037, -0.00776875764131546, 0.0001712215453153476, -0.0029728759545832872, 0.015430082567036152, 0.003639297094196081, -0.006184119265526533, -0.03166591376066208, -0.025179637596011162, 0.036339253187179565, 0.017189299687743187, -0.0027697603218257427, -0.013382138684391975, 0.03749416023492813, -0.012542816810309887, 0.01761903241276741, 0.004908350761979818, -0.022171510383486748, 0.016396980732679367, -0.012200374156236649, 0.006429200991988182, -0.03134361281991005, -0.00428053829818964, -0.0018448281334713101, -0.002692542737349868, -0.012979264371097088, 0.0017978261457756162, -0.004246965516358614, 0.007365883328020573, -0.03513063117861748, 0.002240987727418542, 0.008977380581200123, -0.01458404678851366, -0.035399213433265686, -0.014355750754475594, -0.011206617578864098, -0.029544109478592873, -0.03451289236545563, -0.01342914067208767, -0.009205675683915615, 0.001686196424998343, -0.06284837424755096, -0.005861819721758366, 0.005005712155252695, 0.01843821071088314, -0.023111550137400627, -0.01573895290493965, -0.007050298620015383, 0.03768216818571091, -0.01568523608148098, 0.018491925671696663, 0.003877664217725396, -0.01645069755613804, -0.015873244032263756, 0.025636229664087296, -0.01964683271944523, -0.022856397554278374, -0.02822805382311344, 0.0017306804656982422, -0.02483048103749752, 0.020654017105698586, -0.013079983182251453, -0.0043476843275129795, -0.005405229050666094, 0.015000349842011929, -0.04184520244598389, -0.0019472254207357764, 0.016987862065434456, -0.024494752287864685, -0.019069379195570946, 0.018102481961250305, -0.015430082567036152, -0.022466951981186867, -0.009474258869886398, -0.16963690519332886, 0.0036829416640102863, 0.010421013459563255, -0.03784331679344177, 0.010266577824950218, 0.023474138230085373, 0.03306254372000694, -0.0014830806758254766, -0.03357285261154175, -0.01932453364133835, 0.010152430273592472, -0.012844973243772984, -0.033169977366924286, -0.018451638519763947, -0.0031021314207464457, -0.028281770646572113, -0.01984827034175396, -0.013576860539615154, -0.00100970349740237, 0.03427116572856903, 0.04971467703580856, -0.010051711462438107, 0.014248318038880825, -0.017659319564700127, -0.010306864976882935, 0.015779240056872368, 0.006543348543345928, 0.03290139511227608, 0.026965713128447533, -0.01952596940100193, -0.008594649843871593, 0.011079041287302971, 0.02304440550506115, -0.02301754616200924, 0.004666626453399658, -0.0016165327979251742, -0.018988804891705513, -0.025394504889845848, 0.00048051142948679626, -0.005331368651241064, 0.01987512782216072, 0.00782918930053711, -0.0012875188840553164, 0.01814276911318302, -0.005529448390007019, 0.030672157183289528, 0.010528446175158024, -0.011528916656970978, 0.017135582864284515, -0.047243714332580566, -0.001814612653106451, -0.033734001219272614, -0.007110729813575745, 0.0030786304268985987, -0.021191183477640152, -0.01001142431050539, 0.029033802449703217, -5.612961103906855e-05, -0.016101539134979248, -0.029356101527810097, -0.003860877826809883, -0.009433970786631107, -0.010353866964578629, -0.002311490708962083, -0.002239309251308441, 0.009897276759147644, -0.006963009480386972, 0.009192246943712234, -0.01632983423769474, 0.004320825915783644, -0.027932612225413322, 0.01685357093811035, 0.005247436463832855, -0.0018767223227769136, 0.0008695368305779994, 0.002993019763380289, -0.013597005046904087, -0.008977380581200123, 0.00800376757979393, -0.009245962835848331, -0.014261746779084206, 0.0319613553583622, -0.026670273393392563, 0.025166209787130356, 0.007271879352629185, -0.015322648920118809, 0.003426109440624714, -0.004223464522510767, 0.0005413622129708529, 0.013160557486116886, 0.05468346178531647, -0.011381196789443493, 0.0012103012995794415, 0.0002494882501196116, -0.00014436326455324888, 0.008084342814981937, 0.0018263631500303745, 0.012079511769115925, 0.02723429724574089, -0.00744645856320858, 0.006409057416021824, -0.018344206735491753, -0.028657786548137665, -0.007943336851894855, 0.03719871863722801, 0.0014763660728931427, 0.021244900301098824, -0.00809105671942234, 0.04001883789896965, -0.007157731801271439, -0.03459346666932106, -0.0019505826057866216, 0.011320765130221844, 0.008702082559466362, 0.013321707025170326, 0.02274896390736103, 0.014973491430282593, -0.02787889540195465, 0.017457881942391396, -0.02582423761487007, 0.0686497688293457, -0.010233004577457905, -0.02718058042228222, 0.020707733929157257, 0.011596063151955605, 0.007903048768639565, -0.08073598891496658, 0.008500645868480206, 0.00458940863609314, -0.008843089453876019, -0.01776675321161747, 0.014087168499827385, -0.011649779044091702, 0.025810807943344116, -0.04356413334608078, -0.0014889559242874384, -0.021379191428422928, -0.048506055027246475, -0.013469427824020386, 0.006227763835340738, 0.025085633620619774, -0.012979264371097088, 0.02371586114168167, -0.012186945416033268, 0.018626218661665916, 0.024723047390580177, 0.01583295688033104, -0.015349507331848145, 0.015725523233413696, -0.004810989368706942, -0.0159806776791811, 0.00396495359018445, -0.01568523608148098, -0.0007545498083345592, 0.029356101527810097, -0.015430082567036152, 0.016638705506920815, -0.025757091119885445, -0.00945411529392004, -0.01975426636636257, 0.014167742803692818, -0.0015342793194577098, -0.044933903962373734, -0.016934145241975784, 0.016088109463453293, -0.009756270796060562, 0.017135582864284515, 0.029382959008216858, 0.005244079511612654, -0.011770641431212425, -0.005646953359246254, -0.007997052744030952, -0.01835763454437256, 0.03714500367641449, 0.012851687148213387, -0.02037200517952442, -0.008836374618113041, -0.013140413910150528, -0.0314779058098793, -0.0246559027582407, 0.013744724914431572, 0.009004238992929459, 0.00604647072032094, 0.005925608333200216, -0.01127376314252615, 0.017363877967000008, 0.0018465068424120545, -0.023594999685883522, 0.016598418354988098, 0.02571680396795273, 0.035345498472452164, -0.00667764013633132, -0.011716924607753754, -0.010958178900182247, -0.011293906718492508, -0.00652991933748126, -0.028711501508951187, -0.0013781655579805374, -0.02512592263519764, -0.005405229050666094, -0.019579686224460602, 0.02822805382311344, 0.010253149084746838, -0.017686178907752037, -0.016289547085762024, 0.00613375985994935, -0.010038282722234726, 0.005234007723629475, -0.015336078591644764, -0.02371586114168167, 0.024561898782849312, -0.01521521620452404, 0.013261276297271252, 0.01747131161391735, 0.003766873851418495, -0.026482265442609787, -0.0008317673928104341, -0.0011834430042654276, 0.005848390515893698, -0.02685828134417534, -0.012361523695290089, 0.010360581800341606, 0.009118386544287205, 0.011220047250390053, -0.01682671345770359, 0.010414298623800278, -0.022305801510810852, -0.004790845792740583, -0.05817503482103348, 0.028684644028544426, 0.017686178907752037, -0.017431024461984634, 0.011267049238085747, -0.003582223318517208, 0.028657786548137665, -0.015604660846292973, 0.011099184863269329, 0.027986329048871994, -0.026952285319566727, -0.006566849537193775, 0.006301624234765768, 0.021473195403814316, -0.01741759479045868, 0.0015846386086195707, 0.014704909175634384, -0.011622920632362366, 0.010286721400916576, 0.0208151675760746, -0.021620916202664375, -0.014852629043161869, 0.02844291925430298, 0.01583295688033104, -0.026965713128447533, 0.0032498519867658615, -0.006761572323739529, 0.014624333940446377, -0.025045346468687057, -0.018371064215898514, 0.04359098896384239, -0.024588756263256073, 0.008332781493663788, 0.011622920632362366, 0.019485682249069214, -0.043053824454545975, 0.003854163223877549, 0.012938977219164371, 0.027395445853471756, -0.010004709474742413, -0.005385085474699736, -0.013435854576528072, -0.0014914738712832332, -0.022359518334269524, 0.009111671708524227, 0.027610313147306442, -0.007580749690532684, -0.015994105488061905, 0.019794553518295288, 0.00917881727218628, 0.023769577965140343, 0.03300882875919342, -0.0337071418762207, -0.020721163600683212, -0.016020964831113815, -0.03564094007015228, 0.011374481953680515, 0.033116258680820465, -0.02133890427649021, -0.0019673691131174564, 0.045336779206991196, 0.020130282267928123, 0.03351913392543793, -0.0035318639129400253, 0.010924605652689934, 0.012871830724179745, -0.01803533546626568, -0.01272411085665226, 0.026522552594542503, -0.011770641431212425, -0.015174929052591324, -0.011052182875573635, 0.015107782557606697, 0.005529448390007019, -0.00044651891221292317, -0.008279064670205116, -0.020183997228741646, -0.006452701985836029, 0.0029090875759720802, 0.012354808859527111, -0.002962804166600108, -0.013288134709000587, 0.00333882006816566, 0.01087760366499424, 0.03872964158654213, 0.03913251683115959, -0.004035456571727991, 0.021674633026123047, 0.013637292198836803, -0.006620566360652447, 0.002046265173703432, -0.016020964831113815, -0.008393213152885437, 0.004612909629940987, -0.0009131815750151873, -0.008453643880784512, -0.024226170033216476, 0.01250252965837717, 0.009581691585481167, 0.02943667583167553, 0.0058282469399273396, 0.023447278887033463, 0.005640238989144564, -0.034996338188648224, -0.014248318038880825, 0.007184590213000774, -0.01712215319275856, -0.03582894802093506, -0.010306864976882935, 0.02785203792154789, 0.0007939979550428689, -0.0027932613156735897, -0.000791060330811888, -0.007815759629011154, 0.022023789584636688, 0.00636876979842782, -0.005314582493156195, -0.027959469705820084, -0.006942865438759327, 0.017726466059684753, 0.006402342580258846, -0.00010738066339399666, 0.019888557493686676, 0.0029107662849128246, 0.020425722002983093, 3.163192013744265e-05, -0.01914995349943638, -0.029060659930109978, 0.03547978773713112, 0.005173576530069113, 0.039589107036590576, -0.0010650986805558205, -0.018518785014748573, -0.01143491268157959, -0.026629986241459846, -0.027744604274630547, 2.3999342374736443e-05, -0.0005304510705173016, -0.011690067127346992, 0.07826503366231918, 0.020157139748334885, 0.01870679296553135, 0.008191775530576706, -0.042785242199897766, 0.007950050756335258, 0.027422305196523666, 0.023004118353128433, -0.03819247707724571, -0.006066614296287298, 0.00721144862473011, -0.011159615591168404, -0.00527765229344368, -0.017162442207336426, -0.008816231042146683, 0.0019606545101851225, -0.006694426294416189, 0.007493460550904274, -0.004132817965000868, -0.00921910535544157, 0.007594178896397352, 0.017363877967000008, 0.010656023398041725, -0.02252066880464554, -0.014355750754475594, -0.005415300838649273, 0.02098974585533142, -0.012066083028912544, 0.0008040698012337089, -0.02497820183634758, 0.02363528683781624, 0.008332781493663788, -0.02715372107923031, -0.006546705961227417, -0.00020636811677832156, 0.01870679296553135, -0.005952466279268265, 0.005223935469985008, 0.00021990216919220984, 0.010018139146268368, -0.01438260916620493, 0.010105428285896778, -0.011408055201172829, 0.0025465006474405527, -0.012791256420314312, -0.005781244952231646, -0.006268051452934742, -0.009971137158572674, -0.00376351666636765]","[-0.005082482937723398, 0.0004148799926042557, 0.007774737197905779, -0.014029600657522678, -0.03286563977599144, 0.007209656294435263, -0.03473625332117081, -0.010885931551456451, -0.038009826093912125, -0.01449725404381752, 0.003422962734475732, 0.00887891836464405, 0.008846443146467209, -0.019914239645004272, 0.010736541822552681, -0.006452966947108507, 0.022642217576503754, -0.02413610927760601, 0.007813707925379276, -0.03852944076061249, 0.004952579271048307, -0.009502456523478031, 0.009495961479842663, -0.014731081202626228, -0.03122885338962078, 0.026045694947242737, -0.009437505155801773, -0.0161600224673748, -0.012594165280461311, -0.006742002908140421, 0.03873728588223457, 0.0020151312928646803, -0.017861761152744293, -0.026357462629675865, -0.013704841956496239, 0.0011244789930060506, -0.005478688981384039, -0.02249932289123535, 0.0076513285748660564, -0.017848771065473557, 0.026240549981594086, 0.006319815758615732, -0.004920103121548891, -0.03476223349571228, -0.024941513314843178, 0.00876850076019764, 0.00560859264805913, -0.007261617574840784, -0.0059885610826313496, 0.02774743363261223, 0.013445034623146057, 0.012418795377016068, -0.023772379383444786, -0.028682740405201912, -0.004975312389433384, 0.00034241806133650243, -0.01609507016837597, 0.01334111113101244, 0.021473083645105362, -0.023785369470715523, 0.019914239645004272, 0.020654689520597458, -0.0027312254533171654, 9.907695130095817e-06, -0.021564016118645668, 0.003099827328696847, -0.011334098875522614, 0.01136657502502203, -0.008794480934739113, -0.008541169576346874, 0.010489724576473236, 0.008222904987633228, -0.014977898448705673, -0.007164189592003822, 0.061314553022384644, -0.007963097654283047, -0.02129121869802475, 0.008671073243021965, 0.01977134495973587, -0.007411006838083267, 0.009444000199437141, -0.016718607395887375, -0.019303692504763603, 0.021615978330373764, 0.02178485319018364, 0.014899956062436104, 0.015757320448756218, 0.0226941779255867, -0.002810791600495577, -0.01840735599398613, 0.004553125239908695, 0.005478688981384039, 0.0038873685989528894, 0.034892138093709946, 0.016030117869377136, 0.012782525271177292, -0.013743813149631023, -0.018680153414607048, 0.007229141425341368, -0.0057969531044363976, 0.008183933794498444, -0.0028416437562555075, -0.034892138093709946, -0.016263945028185844, -0.019563499838113785, -0.02785135619342327, 0.018017644062638283, 0.0009994467254728079, 0.0036080756690353155, -0.00829435233026743, -0.01677056960761547, 0.02340864948928356, 0.030449429526925087, -0.04892173781991005, -0.0008662953623570502, -0.01041827816516161, -0.0029861615039408207, -0.00813846755772829, -0.03762011602520943, -0.01726420409977436, 0.023434629663825035, 0.006641327403485775, 0.0408417284488678, -0.02314884215593338, 0.02478562854230404, 0.02151205576956272, -0.011308117769658566, -0.007488949224352837, 0.010255898348987103, -0.022966977208852768, 0.051026176661252975, -0.007482453715056181, 0.015549474395811558, 0.00986618734896183, -0.019563499838113785, 0.020485814660787582, -0.03533380851149559, 0.022148583084344864, -0.018238481134176254, -0.0076643191277980804, 0.005686535034328699, 0.019563499838113785, 0.010151974856853485, 0.007891650311648846, 0.015263685956597328, 0.012477251701056957, 0.016328897327184677, -0.022876044735312462, 0.014536225236952305, -0.006228882819414139, -0.01609507016837597, 0.01878407597541809, -0.011905675753951073, -0.006884896662086248, 0.006154188420623541, -0.0028432675171643496, 0.02348659187555313, -0.0017325907247141004, 0.018394365906715393, -0.02508440613746643, 0.016121050342917442, 0.012308376841247082, 0.015055839903652668, -0.0018478803103789687, 0.005007788073271513, 0.03361907973885536, 0.011756286025047302, -0.029721969738602638, -0.013289149850606918, 0.005842419341206551, 0.02561701275408268, 0.05297473445534706, -0.019290700554847717, 0.019797325134277344, -0.010502715595066547, 0.013730822131037712, -0.003351515857502818, -0.009853196330368519, 0.0034619339276105165, 0.0018559993477538228, -0.0052221291698515415, 0.004634315147995949, 0.005439717788249254, 0.017926711589097977, -0.02907245047390461, 0.0022164820693433285, -0.011360079981386662, -0.026916049420833588, 0.007839689031243324, -0.01738111674785614, 0.011678343638777733, 0.020472824573516846, -0.02508440613746643, -0.04141330346465111, -0.6422439813613892, -0.017173271626234055, 0.019004913046956062, -0.013652880676090717, 0.026422414928674698, 0.04395941644906998, 0.0007741449517197907, 0.02648736722767353, -0.01677056960761547, 0.01506883092224598, -1.6923002476687543e-05, 0.021044401451945305, -0.0031306794844567776, -0.01417249534279108, -0.00601454172283411, -0.019901249557733536, -0.008203419856727123, -0.014601177535951138, -0.006063255947083235, 0.01992722973227501, 0.002255453262478113, 0.02068067155778408, -0.018355393782258034, 0.020862536504864693, 0.021849803626537323, 0.0017942950362339616, 0.005069492384791374, -0.023655466735363007, -0.0014987640315666795, 0.011282137595117092, -0.017173271626234055, 0.003760712454095483, -0.0048389132134616375, 0.01700439676642418, 0.05240315943956375, -0.002724730409681797, -0.012561689130961895, 0.005384508986026049, -0.017147289589047432, 0.04744083434343338, -0.018277453258633614, -0.004244603682309389, 0.01821250095963478, 0.010249403305351734, -0.005488432012498379, 0.003442448331043124, -0.0007116287597455084, 0.016536742448806763, -0.01540658064186573, 0.014588186517357826, 0.009690817445516586, -0.0027296016924083233, 0.00526434788480401, 0.013522976078093052, -0.021914755925536156, 0.014938927255570889, 0.03213817998766899, 0.001577518181875348, -0.0004745545156765729, 0.019225750118494034, 0.011996608227491379, 0.0039263395592570305, -0.02520132064819336, -0.030865121632814407, 0.0041309380903840065, 0.007475958671420813, -0.01905687525868416, -0.02800724096596241, -0.018199510872364044, 0.018926970660686493, 0.018693143501877785, -0.02231745794415474, -0.004900617524981499, -0.011769276112318039, 0.01716027967631817, 0.0333852544426918, 0.04323195666074753, -0.0037119986955076456, -0.015029859729111195, -0.008170943707227707, -0.0070472764782607555, 0.004471935331821442, -0.02876068279147148, -0.025863830000162125, 0.02831900864839554, -0.017692886292934418, -0.03419065847992897, -0.01619899272918701, 0.0012722444953396916, -0.013535967096686363, 0.022707169875502586, 0.013886706903576851, 0.0042640892788767815, 0.0028497627936303616, 4.5567787310574204e-05, 0.007566891144961119, -0.005209139082580805, 0.007690299768000841, 0.014731081202626228, -0.003432705532759428, 0.004452449735254049, 0.0074304924346506596, 0.007333064451813698, -0.011756286025047302, 0.027071934193372726, 0.025162348523736, -0.0073720356449484825, 0.016367867588996887, 0.011665353551506996, -0.026916049420833588, 0.009398533962666988, -0.015107802115380764, -0.006936858408153057, -0.009281620383262634, -0.0011577667901292443, -0.026201579719781876, -0.001148835988715291, -0.0009604755905456841, 0.02060272917151451, -0.04725896939635277, -0.005774219986051321, -0.001907960744574666, 0.016004137694835663, 0.002003764733672142, -0.01684851199388504, 0.009502456523478031, -0.0059106191620230675, -0.030501391738653183, 0.005533898249268532, -0.007138208951801062, 0.005215634126216173, -0.011509468778967857, -0.019407615065574646, -0.014185485430061817, 0.002440565964207053, 0.0324239656329155, 0.0070018102414906025, -0.008320332504808903, 0.00534229027107358, -0.007216151338070631, 0.006008046679198742, 0.00931409653276205, -0.011873199604451656, 0.015887223184108734, 0.004959074314683676, -0.008183933794498444, -0.026968011632561684, 0.0032086216378957033, -0.00048348537529818714, -0.004283574875444174, 0.006612098775804043, 0.010379306972026825, -0.0024178328458219767, 0.02117430604994297, -0.010093518532812595, -0.007683804724365473, -0.0019729125779122114, -0.008255381137132645, -0.0020411121658980846, -0.011340593919157982, -0.0002447873121127486, 0.01396464928984642, -0.002573717385530472, -0.0135489571839571, 0.007592872250825167, 0.013821754604578018, -0.0030413707718253136, 0.017822789028286934, -0.027903318405151367, -0.030423449352383614, 0.017212241888046265, -0.012438280507922173, -0.0029049718286842108, 0.015016869641840458, 0.004618077073246241, 0.004325793590396643, -0.013367092236876488, -0.0025185083504766226, 0.017692886292934418, 0.0022749388590455055, 0.011048310436308384, 0.014302399009466171, 0.005904123652726412, -0.01307480875402689, 0.03894513472914696, -0.0023967234883457422, -0.014276417903602123, 0.026656242087483406, -0.02611064538359642, -0.01307480875402689, 0.00677447859197855, 0.02052478678524494, -0.0004911984433420002, 0.020446844398975372, -0.0004672474169638008, -0.0080800112336874, 0.0010554676409810781, 0.04915556311607361, -0.011639372445642948, 0.029799912124872208, 0.01478304248303175, 0.005316309630870819, 0.002063845284283161, -0.02459077350795269, -0.000344041851349175, -0.016939444467425346, -0.002768572885543108, -0.02394125424325466, 0.011236671358346939, -0.0010408534435555339, -0.005800200626254082, -0.019030893221497536, 0.0002455992216710001, -0.01396464928984642, 0.01265911664813757, 0.007846184074878693, 0.007904641330242157, -0.0028854862321168184, 0.024564791470766068, -0.007300588767975569, 0.025487108156085014, -0.02105739153921604, 0.02668222226202488, -0.02743566408753395, -0.016445809975266457, 0.030761199072003365, 0.02485058084130287, 0.01347101479768753, -0.016069089993834496, -0.02064169943332672, -0.015432560816407204, -0.0005853786133229733, -0.011386060155928135, 0.008658082224428654, 0.018537260591983795, -0.004023767542093992, 0.03387888893485069, -0.001995645696297288, 0.01582227274775505, 0.0023950997274369, 0.019303692504763603, -0.003377496497705579, 0.022265495732426643, -0.008865928277373314, 0.017731856554746628, 0.022681187838315964, 0.05429975315928459, -0.014977898448705673, -0.03517792373895645, 0.010158469900488853, -0.006371777039021254, -0.004881131928414106, -0.040555939078330994, 0.015029859729111195, 0.017511021345853806, -0.011113262735307217, -0.013380082324147224, 0.026240549981594086, 0.00908676441758871, 0.016679637134075165, 0.0033612586557865143, 0.018875010311603546, 0.005673544481396675, -0.0001892737636808306, -0.01882304809987545, 0.006690041162073612, 0.0005646751960739493, 0.0016051226994022727, 0.02091449685394764, -0.002534746192395687, -0.03642500191926956, -0.007255122531205416, 0.0009523566113784909, -0.00119105470366776, 0.014757061377167702, -0.011847218498587608, 0.0023983472492545843, 0.019381634891033173, 0.02212260290980339, -0.0017910473980009556, -0.025668973103165627, -0.043257936835289, 0.019628450274467468, -0.009703807532787323, 0.011593906208872795, -0.017848771065473557, -0.01927771046757698, 0.011821238324046135, -0.003377496497705579, 0.01708233915269375, 0.004734990186989307, 0.028864605352282524, 0.009171201847493649, -0.02751360647380352, -0.019290700554847717, 0.02170691080391407, 0.015510503202676773, 0.011587411165237427, -0.010444258339703083, -0.009742778725922108, 0.02101842127740383, -0.008417760953307152, 0.0018836038652807474, 0.001813780632801354, 0.03499605879187584, 0.008573644794523716, -0.030683256685733795, -0.03559361770749092, 0.003103074850514531, -0.03486615791916847, 0.007885155268013477, -0.020732631906867027, -0.015367609448730946, -0.031748466193675995, 0.01718626171350479, 0.0037964361254125834, -0.02751360647380352, -0.008736024610698223, -0.006047017872333527, -0.005887885577976704, -0.01726420409977436, -0.01878407597541809, 0.014341370202600956, 0.014679119922220707, 0.07763046026229858, 0.014120533131062984, -0.008183933794498444, 0.01292541902512312, -0.006388015113770962, -0.03260583057999611, -0.0110093392431736, -0.02068067155778408, 0.011093776673078537, -0.023057909682393074, -0.0002772632287815213, -0.0049980455078184605, 0.017056357115507126, -0.008950365707278252, 0.0008285421063192189, -0.014757061377167702, 0.0030235089361667633, -0.008365798741579056, -0.021265238523483276, -0.012386319227516651, -0.009554417803883553, 0.019862277433276176, 0.019147807732224464, 0.029124412685632706, 0.05840471014380455, 0.021304208785295486, -0.005757981911301613, 0.004663543310016394, 0.003012142376974225, -0.017225231975317, -0.015315648168325424, 0.011671848595142365, 0.010866445489227772, 0.04216674342751503, -0.02735772170126438, 0.0006799647235311568, -0.014614167623221874, 0.003151788841933012, 0.013302139937877655, -0.013691850937902927, -0.012483746744692326, 0.012217444367706776, 0.011996608227491379, 0.0007473523146472871, 0.010866445489227772, -0.005257852841168642, -0.005985313560813665, 0.032735735177993774, -0.024525821208953857, -0.005072739906609058, 0.00609248410910368, -0.0104767344892025, -0.018225491046905518, 0.005462450906634331, 0.008515188470482826, 0.014679119922220707, -0.007852679118514061, -0.012113520875573158, -0.0323200449347496, -0.010138984769582748, -0.005949589889496565, 0.010184451006352901, 0.0018462565494701266, -0.015549474395811558, -0.018017644062638283, -0.0017455811612308025, -0.009067279286682606, -0.01233435794711113, -0.012964390218257904, 0.001193490345031023, 0.03878924995660782, -0.0074175018817186356, -0.023668456822633743, 0.011613392271101475, 0.023928264155983925, 0.004062738735228777, 0.0024259518831968307, 0.025188330560922623, -0.01718626171350479, 0.0009767134906724095, 0.0044686878100037575, -0.033800944685935974, -0.012685097754001617, -0.03335927426815033, -0.007553901057690382, 0.009833711199462414, 0.010216927155852318, -0.012535708025097847, -0.009495961479842663, 0.011866704560816288, 0.007501939311623573, 0.02785135619342327, 0.03535979241132736, -0.020823564380407333, 0.012691592797636986, -0.00465055275708437, 0.009619370102882385, 0.03193033114075661, 0.012353843078017235, -0.011048310436308384, -0.010197441093623638, -0.025357205420732498, 0.0009718421497382224, -0.00714470399543643, -0.014055581763386726, -0.0070342859253287315, 0.011405546218156815, 0.007294093258678913, -0.03845150023698807, -0.017277194187045097, 0.016004137694835663, -0.007287598215043545, 0.01621198281645775, -0.02170691080391407, 0.017316164448857307, 0.019992182031273842, -0.004631067160516977, 0.038347575813531876, -0.004624572116881609, -0.013561947271227837, 0.0013623652048408985, -0.024266013875603676, 0.019134817644953728, 0.005329299718141556, 0.015445551835000515, -0.030527371913194656, 0.012860467657446861, -0.02049880661070347, 0.012009598314762115, 0.00660235621035099, -0.004007529467344284, 0.04042603448033333, -0.01438034139573574, -0.01832941360771656, -0.006579623091965914, -0.018537260591983795, 0.005819686222821474, -0.0012771158944815397, -0.024279003962874413, -0.007411006838083267, -0.002568845869973302, -0.011379565112292767, -0.009223164059221745, -0.01658870466053486, 0.0004822675255127251, -0.031436700373888016, 0.0024486850015819073, 0.027825376018881798, -0.0031712744385004044, 0.018108578398823738, 0.007014800328761339, 0.02318781241774559, 0.013912688009440899, -0.01840735599398613, 0.00611846474930644, -0.012548699043691158, -0.005140939261764288, 0.0017455811612308025, 0.033567119389772415, 0.054975252598524094, 0.015692368149757385, -0.01428940799087286, 0.008885414339601994, -0.02974794991314411, 0.011801752261817455, -0.014419312588870525, -0.0018024140736088157, 0.02433096617460251, 0.0076643191277980804, 0.006254863925278187, 0.02964402735233307, 0.020511796697974205, -0.007125218864530325, 0.01438034139573574, 0.007391521241515875, 0.025149358436465263, -0.00753441546112299, -0.0179526936262846, -0.027903318405151367, -0.030163642019033432, 0.007092742715030909, 0.022785110399127007, -0.005806696135550737, -0.005153929814696312, -0.03260583057999611, -0.009444000199437141, 0.022070640698075294, 0.0029553095810115337, -0.0017342146020382643, 0.0019826553761959076, 0.02907245047390461, 0.0004140680830460042, -0.00813846755772829, 0.007540910504758358, 0.012477251701056957, -0.033307310193777084, -0.002953685587272048, -0.0010148728033527732, 0.0039847963489592075, 0.024408908560872078, 0.029124412685632706, -0.0004497916088439524, 0.006550394929945469, 0.017368126660585403, -0.022096620872616768, 0.01404259167611599, -0.018654173240065575, 0.006206149701029062, 0.012158987112343311, -0.00505650183185935, 0.011301622726023197, -0.027123894542455673, -0.006865411065518856, -0.01878407597541809, -0.017588961869478226, 0.008268371224403381, 0.0104767344892025, 0.015458541922271252, -0.014354360289871693, -0.018433336168527603, -0.02314884215593338, -0.004663543310016394, 0.03055335395038128, 0.004091966897249222, 0.008852938190102577, 0.03720442205667496, 0.00952194258570671, 0.0045141540467739105, -0.03548969328403473, 0.014886965043842793, -0.0004173156921751797, 0.013042332604527473, 0.009002326987683773, 0.020057132467627525, -0.02792929857969284, -0.018381375819444656, 0.0011147361947223544, 0.0009604755905456841, -0.009288115426898003, -0.0014468026347458363, -0.005079234950244427, -0.008411264978349209, -0.007053771521896124, -0.0221615731716156, -0.019797325134277344, 0.012776030227541924, -0.0165497325360775, -0.009677826426923275, -0.02383733168244362, 0.012555194087326527, -0.02186279557645321, 0.05255904048681259, -0.014432302676141262, -0.002911466872319579, 0.026786144822835922, 0.021421121433377266, 0.0020654690451920033, -0.008859433233737946, -0.031436700373888016, 0.011015835218131542, -0.030787179246544838, 0.0034067248925566673, -0.0006982324412092566, 0.014718091115355492, 0.0190179031342268, 0.02611064538359642, -0.0006860540015622973, -0.023889292031526566, 0.0031907600350677967, 0.023473601788282394, -0.01367886085063219, 0.009567408822476864, 0.02340864948928356, 0.003949072677642107, -0.0025379937142133713, -0.009255639277398586, -0.007943611592054367, 0.01169133372604847, -0.02865675836801529, -0.005293576512485743, 0.0235645342618227, 0.023473601788282394, -0.011736800894141197, -0.02831900864839554, -0.021434113383293152, -0.004312803037464619, -0.009723292663693428, -0.005621583200991154, 0.008489207364618778, -0.016614684835076332, -0.0003420121211092919, 0.006975829601287842, 0.013445034623146057, 0.02455180138349533, 0.0067225173115730286, -0.012477251701056957, 0.013730822131037712, 0.029540104791522026, -0.009327086620032787, 0.022707169875502586, 0.012275900691747665, 0.052429139614105225, -0.018771085888147354, -0.0025623508263379335, -0.011717314831912518, -0.02360350452363491, 0.008664577268064022, -0.012347348034381866, -0.03255387023091316, -0.030371489003300667, 0.002528250915929675, 0.0023074147757142782, 0.014211466535925865, -0.02117430604994297, 0.010807989165186882, 0.01760195381939411, 0.02842293307185173, -0.010164965875446796, -0.016562722623348236, -0.023473601788282394, -0.0270979143679142, 0.022213535383343697, 0.03320338949561119, -0.03161856532096863, -0.03608725219964981, 0.019186777994036674, 0.008222904987633228, 0.02186279557645321, -0.00516042485833168, -0.020589739084243774, -0.005991808604449034, -0.012262910604476929, 0.012113520875573158, -0.013029342517256737, -0.02759154886007309, -0.001953426981344819, -0.014679119922220707, 0.012756544165313244, -0.008144962601363659, -0.03756815195083618, -0.0006344984285533428, -0.012756544165313244, 0.006703031715005636, 0.02155102603137493, -0.004345279186964035, -0.008794480934739113, -0.01988825760781765, -0.024486849084496498, -0.033073484897613525, 0.004842160735279322, 0.011171719059348106, 0.022551285102963448, 0.024240033701062202, -0.011379565112292767, -0.03146268054842949, -0.01299686636775732, -0.036217156797647476, -0.016406839713454247, 0.01068458054214716, 0.004127690568566322, 0.030423449352383614, 0.008326827548444271, 0.01075602788478136, 0.039750535041093826, 0.019069865345954895, 0.020200027152895927, -0.035879407078027725, -0.01068458054214716, -0.018589220941066742, -0.004091966897249222, 0.0021369161549955606, 0.023239774629473686, -0.030007757246494293, -0.0032703259494155645, 0.013743813149631023, -0.004445954691618681, 0.02466871589422226, -0.010333840735256672, -0.007573386654257774, -0.014899956062436104, -0.008268371224403381, -0.001968041295185685, 0.021122343838214874, -0.0014687238726764917, 0.013886706903576851, -0.007547405548393726, -0.007092742715030909, 0.026838107034564018, -0.015003878623247147, -0.008716539479792118, -0.013639889657497406, 0.0045466297306120396, -0.0031631554011255503, -0.004835665691643953, -0.005209139082580805, 0.012269405648112297, 0.011301622726023197, 0.005468946415930986, -0.0031647791620343924, -0.008885414339601994, 0.002434070920571685, 0.01716027967631817, -0.027409683912992477, 0.012171978130936623, -0.0404520146548748, -0.004101709928363562, 0.028059201315045357, 0.0008005316485650837, 0.014315389096736908, -0.04694720357656479, -0.005819686222821474, -0.02246035262942314, 0.003975053783506155, 0.006884896662086248, -0.002438942203298211, -0.015575455501675606, 0.001524744788184762, -0.003724989015609026, 0.019004913046956062, 0.04162114858627319, -0.007677309215068817, -0.025552060455083847, -0.007573386654257774, -0.012003103271126747, -0.0031290557235479355, -0.011074291542172432, -0.004825923126190901, -0.008248886093497276, -0.024603763595223427, 0.036866672337055206, -0.010203937068581581, -0.015185744501650333, 0.010424773208796978, 0.036217156797647476, 0.004751228261739016, -0.007989078760147095, 0.20743024349212646, -0.013159246183931828, -0.0029342002235352993, 0.019758354872465134, 0.001527992426417768, 0.004036758095026016, -0.0004445142694748938, 0.00745647307485342, 0.0032605831511318684, -0.030007757246494293, 0.0026500357780605555, 0.012477251701056957, -0.013925678096711636, 0.0036990081425756216, 0.00863210204988718, -0.028890585526823997, -0.011340593919157982, -0.010671590454876423, -0.007605862338095903, -0.030917083844542503, 0.016679637134075165, 0.01428940799087286, -0.025980742648243904, -0.015731340274214745, 0.024071158841252327, 0.01981031708419323, 0.003054361091926694, 0.0110093392431736, 0.026838107034564018, 0.0026922544930130243, -0.016108060255646706, 0.012113520875573158, 0.0019193273037672043, 0.017134299501776695, 0.030943064019083977, -0.016497772186994553, 0.03806178644299507, -0.005423480179160833, 0.01623796485364437, -0.0066510699689388275, 0.008203419856727123, -0.0035626094322651625, -0.008235895074903965, -0.04398539662361145, 0.01951153762638569, 0.002185629913583398, -0.007060266565531492, -0.008300847373902798, -0.002339890692383051, 0.005680039990693331, -0.017329154536128044, -0.013717832043766975, 0.03954268991947174, 0.016822529956698418, 0.00544621329754591, -0.009586893953382969, 0.01218496821820736, 0.026019712910056114, 0.02831900864839554, 0.020057132467627525, -0.014796032570302486, 0.015471532009541988, 0.015393589623272419, 0.03897111490368843, -0.02212260290980339, 0.03286563977599144, -0.0015832014614716172, 0.02907245047390461, 0.012957895174622536, 0.000951544672716409, -0.00819692388176918, -0.014666128903627396, 0.023668456822633743, 0.005524155218154192, 0.0010903793154284358, -0.0031647791620343924, -0.017225231975317, 0.006540651898831129, 0.0359053872525692, 0.012912428937852383, -0.020888516679406166, 0.009418019093573093, -0.032501909881830215, 0.0057222587056458, -0.007547405548393726, -0.03193033114075661, 0.012574679218232632, -0.01708233915269375, -0.00973628368228674, -0.021005431190133095, -0.01026888843625784, -0.004640810191631317, -0.006800459232181311, -0.031592581421136856, -0.011457507498562336, 0.020096104592084885, 0.005686535034328699, 0.03915297985076904, 0.013912688009440899, 0.01791372150182724, -0.020706651732325554, 0.04232262820005417, -0.00834631361067295, 0.014951917342841625, 0.021992698311805725, -0.003429458010941744, 0.010138984769582748, -0.019940219819545746, -0.01334111113101244, -0.011567926034331322, 0.008547664619982243, -0.032579850405454636, 0.030085699632763863, -0.00458235340192914, 0.004874636884778738, 0.011801752261817455, -0.025136368349194527, -0.011827733367681503, 0.015835262835025787, 0.010840464383363724, -0.009151716716587543, -0.016069089993834496, -0.026916049420833588, 0.011567926034331322, 0.015562464483082294, -0.008242391049861908, -0.01574433036148548, -0.017731856554746628, -0.018225491046905518, -0.02277212031185627, -0.008995831944048405, -0.015562464483082294, 0.023122860118746758, 0.0066770510748028755, 0.003945825155824423, -0.030449429526925087, -0.010561171919107437, -0.0066965362057089806, 0.014445292763411999, 0.005647563841193914, 0.0017439574003219604, -0.0009888920467346907, 0.004023767542093992, 0.009976604953408241, -0.01651076227426529, -0.026656242087483406, 0.009827216155827045, -0.0019826553761959076, -0.03320338949561119, -0.02759154886007309, -0.014873974956572056, -0.014718091115355492, 0.008073516190052032, 0.0014459907542914152, 0.02417508140206337, 0.0015109425876289606, -0.021356170997023582, -0.021888775750994682, -0.010138984769582748, 0.028137143701314926, -0.036944616585969925, 0.013120274990797043, 0.023668456822633743, -0.0012105401838198304, -0.01590021513402462, -0.018537260591983795, -0.16305513679981232, 0.002010260010138154, 0.012561689130961895, -0.045674145221710205, 0.021914755925536156, 0.04011426493525505, 0.01882304809987545, -0.00834631361067295, -0.01943359524011612, -0.006949848495423794, 0.021797843277454376, -0.020823564380407333, -0.03813973069190979, -8.103759319055825e-05, -0.0038256642874330282, -0.014977898448705673, -0.012353843078017235, 0.01087294053286314, 0.04240057244896889, 0.008307342417538166, 0.005530650727450848, -0.01829044334590435, 0.009405029006302357, 7.819594611646608e-05, 0.010846960358321667, -0.013432043604552746, -0.008593130856752396, -0.02668222226202488, 0.012399309314787388, -0.04738887399435043, -0.013496995903551579, 0.014120533131062984, -0.005416984669864178, -0.015965165570378304, -0.006475700065493584, -0.0033190399408340454, -0.0065049282275140285, 0.006612098775804043, -0.011522459797561169, 0.008534673601388931, 0.021434113383293152, 0.026513347402215004, -0.00011194046237505972, -0.0015223091468214989, -0.005111711099743843, 0.0012551946565508842, 0.019589480012655258, 0.005780715029686689, 0.03112492896616459, -0.015718350186944008, 0.03564557805657387, -0.0397765152156353, 0.002664649859070778, 0.0010782007593661547, 0.029670007526874542, -0.003200502833351493, -0.013587928377091885, 0.02246035262942314, -0.014432302676141262, 0.012087540701031685, -0.007644833531230688, -0.04203684255480766, 0.0049103605560958385, 0.0013526224065572023, -0.011548439972102642, -0.005439717788249254, -0.012016093358397484, 0.0021888776682317257, -0.02686408720910549, -0.0005756358150392771, -0.012990371324121952, -0.006543899420648813, 0.00486814184114337, -0.0077227759175002575, 0.006910877302289009, 0.008787985891103745, 0.0028351484797894955, 0.01375680323690176, -0.002007012255489826, 0.0020768356043845415, -0.021317198872566223, 0.0221615731716156, 0.013769793324172497, 0.020407874137163162, -0.007599367294460535, 0.013782784342765808, 0.012542203068733215, 0.0077682421542704105, 1.6111105196614517e-06, 0.023083889856934547, 0.03312544524669647, -0.03650294244289398, -0.031332775950431824, -0.029098432511091232, -0.0021271733567118645, -0.01874510571360588, 0.01404259167611599, 0.010853455401957035, 0.0234216395765543, -0.01878407597541809, 0.00238210940733552, -0.008787985891103745, -0.01052869576960802, -0.00827486626803875, 0.03993239998817444, 0.018693143501877785, 0.005114958621561527, -0.00581643870100379, 0.0485839881002903, -0.009547922760248184, -0.034970078617334366, -1.7125978047261015e-05, 0.009093259461224079, 0.024317974224686623, 0.013237188570201397, 0.034476444125175476, 0.043257936835289, -0.0006462709861807525, 0.011399051174521446, -0.005491679534316063, 0.015458541922271252, 0.004371259827166796, -0.026708204299211502, 0.017355136573314667, -0.015887223184108734, -0.010145479813218117, -0.10553377866744995, -0.02436993643641472, 0.027617529034614563, -0.0017033624462783337, 0.02129121869802475, 0.02405816689133644, 0.0019274463411420584, 0.008943870663642883, -0.0062938351184129715, 0.01210702583193779, -0.025409165769815445, 0.0002462081320118159, -0.0021369161549955606, -0.006813449785113335, 0.00863210204988718, 0.0063393013551831245, 0.017030376940965652, -0.004618077073246241, -0.018459318205714226, 0.02834499068558216, 0.0034651814494282007, -0.024149099364876747, -0.03276171535253525, -0.01716027967631817, -0.006004799157381058, 0.02591579034924507, -0.017978673800826073, 0.0025996980257332325, 0.009495961479842663, 0.007885155268013477, -0.00468627642840147, -0.029046470299363136, 0.007287598215043545, -0.015575455501675606, 0.00428032735362649, -0.0006828063633292913, -0.016445809975266457, -0.010372811928391457, 0.013250178657472134, -0.004530392121523619, 0.0033385255374014378, -0.022785110399127007, 0.021849803626537323, -0.02561701275408268, -0.0035918375942856073, -0.014951917342841625, -0.010924901813268661, 0.01992722973227501, -0.0035496188793331385, -0.014120533131062984, -0.026045694947242737, 0.01923874020576477, -0.0044686878100037575, -0.005962580442428589, 0.004361517261713743, -0.008365798741579056, -0.0026971257757395506, -0.0073265694081783295, -0.019381634891033173, 0.012022588402032852, 0.009573903866112232, -0.0333852544426918, 0.006716021802276373, 0.011184710077941418, 0.0014557334361597896, 0.006264606490731239, 0.0065309093333780766, 0.00963885523378849, 0.0007562831742689013, -0.005641068797558546, 0.009294610470533371, 0.04653150960803032, -0.0316445454955101, -0.0019371891394257545, -0.030605314299464226, -0.0064594619907438755, -0.011327603831887245, -0.009333581663668156, -0.00296018086373806, 0.004699266981333494, 0.0021223018411546946, 0.0034262104891240597, -0.003867883002385497, -0.02668222226202488, 0.017588961869478226, -0.021577006205916405, 0.0008736024610698223, 0.005209139082580805, 0.010769017972052097, -0.03798384591937065, 0.005621583200991154, 0.020472824573516846, 0.0005082482821308076, -0.0016538366908207536, -0.028474893420934677, 0.0033710014540702105, -0.0073265694081783295, -0.010723551735281944, 0.010593648068606853, 0.017290184274315834, 0.0024519325233995914, -0.01590021513402462, -0.02474665641784668, 0.004046500660479069, -0.019979191944003105, -0.012704582884907722, -0.016380857676267624, -0.009677826426923275, -0.0030689751729369164, -0.03468429297208786, -0.003988043870776892, -0.014029600657522678, -0.03073521889746189, -0.004299812950193882, -0.018537260591983795, -0.007514929864555597, -0.01417249534279108, -0.0036925130989402533, -0.0005727941752411425, -0.029280297458171844, 0.00756039610132575, 0.0021823823917657137, -0.005050006788223982, -0.01293841004371643, -0.011600401252508163, 0.002099568722769618, -0.016640665009617805, 0.02717585675418377, -0.0077097853645682335, 0.03894513472914696, -0.019303692504763603, -0.043439801782369614, 0.008781490847468376, -0.016082080081105232, 0.0023220288567245007, -0.012418795377016068, -0.03221612051129341, -0.021758871152997017, 0.012535708025097847, 0.024915531277656555, 0.017355136573314667, 0.03278769552707672, 0.0009832087671384215, -0.0056183356791734695, -0.009145221672952175, -0.011132747866213322, 0.0015596564626321197, 0.007105733267962933, -0.019862277433276176, 0.004874636884778738, -0.002848138799890876, 0.0009734659688547254, -0.0048064375296235085, 0.010820979252457619, -0.033645059913396835, -0.016380857676267624, -0.01019094604998827, -0.031514640897512436, 0.011171719059348106, -0.017848771065473557, 0.013535967096686363, 0.00808650627732277, 0.02998177707195282, 0.016030117869377136, 0.016224972903728485, -0.012685097754001617, 0.015965165570378304, 0.012665611691772938, -0.025565050542354584, 0.01745905913412571, 0.012879952788352966, 0.007138208951801062, -0.01813455857336521, 0.005348785314708948, 0.024110129103064537, 0.01692645438015461, 0.0313587561249733, -0.010301364585757256, -0.010100013576447964, 0.009781749919056892, -0.02105739153921604, 0.025902800261974335, -0.004465440288186073, 0.007242131978273392, -0.035957347601652145, 0.017238222062587738, 0.0013063441729173064, 0.007391521241515875, -0.002778315683826804, 0.0023577522952109575, -0.007294093258678913, 0.011126252822577953, -0.026708204299211502, -0.0018819799879565835, -0.021577006205916405, 0.027279779314994812, -0.01779680885374546, -0.007657824084162712, -0.014016610570251942, 0.01499088853597641, 0.00829435233026743, 0.00903480313718319, 0.0006515483255498111, -0.0014500501565635204, 0.008723034523427486, -0.0012202829821035266, -0.019992182031273842, -0.005225376691669226, -0.014692110009491444, -0.006534156855195761, 0.007079752162098885, 0.009781749919056892, 0.0024681705981492996, 0.0036860178224742413, 0.022005688399076462, -0.007411006838083267, 0.00564431631937623, 0.0024064662866294384, -0.0005736060556955636, -0.002526627155020833, -0.02352556213736534, 0.01527667697519064, 0.005553383845835924, 0.011236671358346939, 0.043283917009830475, -0.010613133199512959, 0.019121825695037842, 0.0069563440047204494, 0.014055581763386726, -0.004825923126190901, 0.039490729570388794, -0.0004956638440489769, 0.01605609804391861, -0.021395141258835793, -0.010820979252457619, -0.026578299701213837, -0.035048022866249084, -0.02470768615603447, 0.002432446926832199, 0.0069303628988564014, 0.029540104791522026, 0.06983623653650284, 0.04702514410018921, -0.024343956261873245, -0.002434070920571685, -0.01631590723991394, 0.008677568286657333, -0.01252271793782711, 0.009885672479867935, -0.029799912124872208, 0.013172236271202564, 0.03878924995660782, -0.012776030227541924, 0.0024194566067308187, -0.013380082324147224, 0.0022262248676270247, 0.0020703403279185295, 0.007411006838083267, 0.0069303628988564014, -0.029618047177791595, 0.020940478891134262, 0.034554388374090195, 0.0037574649322777987, -0.006595861166715622, -0.008398274891078472, -0.021771863102912903, 0.007904641330242157, 0.03130679577589035, -0.0018089092336595058, -0.008528178557753563, -0.061314553022384644, 0.020122084766626358, -0.007989078760147095, -0.012438280507922173, -0.01613404043018818, -0.0029861615039408207, 0.012899438850581646, 0.012379824183881283, -0.0015182496281340718, 0.000955604191403836, 0.01593918539583683, 0.005699525587260723, 0.021564016118645668, -0.0017098576063290238, 0.0008817214402370155, -0.014692110009491444, 0.0032086216378957033, -0.005907371174544096, -0.006936858408153057, -0.016406839713454247]"
12377,"joining collections sub-subdocument with other collections subdocument using aggregate mongodb mongoose<p>So, I have this kind of model</p>
<pre><code>const produkSchema = new mongoose.Schema({
    nama_produk: String,
    etalase: {type: mongoose.Schema.Types.ObjectID, ref: 'kategori'},
    kategori: {type: mongoose.Schema.Types.ObjectID, ref: 'kategori'},
    jenis: {type: mongoose.Schema.Types.ObjectID, ref: 'kategori.jenis'},
    bahan: String,
    warna: String,
    deskripsi: String,
    foto_produk: [String],
    harga: Number,
    link_bukalapak: String,
    link_shopee: String,
    link_tokopedia: String,
}, {
    weights: {
        nama_produk: 5,
    },
    timestamps: true
})

const tokoSchema = new mongoose.Schema({
    username: {type: String, trim: true},
    password: {type: String, required: true, select: false},
    merek: String,
    listMerek: [{type: mongoose.Schema.Types.ObjectID, ref: 'produk'}],
    deskripsi: String,
    follower: [{type: mongoose.Schema.Types.ObjectID, ref: 'user'}],
    email: {type: String, trim: true, unique: true},
    instagram: String,
    whatsapp: String,
    website: String,
    alamat: String,
    foto_profil: String,
    bukalapak: String,
    shopee: String,
    tokopedia: String,
    fotoktp: String,
    banner: [{
        gambar: {type: String, required: true, trim: true},
        order: {type: Number, required: true},
    }],
    produk: [produkSchema],
    etalase: [{type: mongoose.Schema.Types.ObjectID, ref: 'kategori'}],
    approve: {type: Number, default: 0}, // 0: pending, 1: reject, 2: approve
    populer: {type: Boolean, default: false},
}, {timestamps: true});

exports.toko = mongoose.model(&quot;toko&quot;, tokoSchema);

const jenisSchema = new mongoose.Schema({
    label: String,
    gambar: String,
}, {timestamps: true})

const kategoriSchema = new mongoose.Schema({
    label: String,
    gambar: String,
    jenis: [jenisSchema]
}, {timestamps: true});
</code></pre>
<p>so what I want to join is, <code>toko.produk.jenis</code> with <code>kategori.jenis</code>, but as you know, mongoose can't populate between subdocument, I have tried <code>toko.find().populate(&quot;produk.jenis&quot;, &quot;label&quot;)</code> but it showing error <code>Schema hasn't been registered for model &quot;kategori.jenis&quot;. Use mongoose.model(name, schema)</code> any query suggestions? I've tried</p>
<pre><code>{
    $lookup: {
           &quot;from&quot;: &quot;kategoris&quot;,
           &quot;localField&quot;: &quot;produk.jenis&quot;,
           &quot;foreignField&quot;: &quot;jenis&quot;,
           &quot;as&quot;: &quot;jenisnya&quot;
        }
}
</code></pre>
<p>but it doesn't seem work, and returning an empty array instead. What should I do? Should I rearrange my schema?</p>
","It is a custom list. I need 1Q - ""decision of head of operations"" (procede/don't procede) to only be editable by 1 person (on all items created on the list). How can I do that for a single Q for all items created?? I can see how to set permissions for the entire list, but not for 1 question when any item added.  Basically,1 question in all items can only be answered by 1 specific user. I need everyone to be able to update all items (bar this field) as a case progresses (except for this one question in all cases, which can only be answered by the head of operations). Is this possible?","Embed Field: joining collections sub-subdocument with other collections subdocument using aggregate mongodb mongoose<p>So, I have this kind of model</p>
<pre><code>const produkSchema = new mongoose.Schema({
    nama_produk: String,
    etalase: {type: mongoose.Schema.Types.ObjectID, ref: 'kategori'},
    kategori: {type: mongoose.Schema.Types.ObjectID, ref: 'kategori'},
    jenis: {type: mongoose.Schema.Types.ObjectID, ref: 'kategori.jenis'},
    bahan: String,
    warna: String,
    deskripsi: String,
    foto_produk: [String],
    harga: Number,
    link_bukalapak: String,
    link_shopee: String,
    link_tokopedia: String,
}, {
    weights: {
        nama_produk: 5,
    },
    timestamps: true
})

const tokoSchema = new mongoose.Schema({
    username: {type: String, trim: true},
    password: {type: String, required: true, select: false},
    merek: String,
    listMerek: [{type: mongoose.Schema.Types.ObjectID, ref: 'produk'}],
    deskripsi: String,
    follower: [{type: mongoose.Schema.Types.ObjectID, ref: 'user'}],
    email: {type: String, trim: true, unique: true},
    instagram: String,
    whatsapp: String,
    website: String,
    alamat: String,
    foto_profil: String,
    bukalapak: String,
    shopee: String,
    tokopedia: String,
    fotoktp: String,
    banner: [{
        gambar: {type: String, required: true, trim: true},
        order: {type: Number, required: true},
    }],
    produk: [produkSchema],
    etalase: [{type: mongoose.Schema.Types.ObjectID, ref: 'kategori'}],
    approve: {type: Number, default: 0}, // 0: pending, 1: reject, 2: approve
    populer: {type: Boolean, default: false},
}, {timestamps: true});

exports.toko = mongoose.model(&quot;toko&quot;, tokoSchema);

const jenisSchema = new mongoose.Schema({
    label: String,
    gambar: String,
}, {timestamps: true})

const kategoriSchema = new mongoose.Schema({
    label: String,
    gambar: String,
    jenis: [jenisSchema]
}, {timestamps: true});
</code></pre>
<p>so what I want to join is, <code>toko.produk.jenis</code> with <code>kategori.jenis</code>, but as you know, mongoose can't populate between subdocument, I have tried <code>toko.find().populate(&quot;produk.jenis&quot;, &quot;label&quot;)</code> but it showing error <code>Schema hasn't been registered for model &quot;kategori.jenis&quot;. Use mongoose.model(name, schema)</code> any query suggestions? I've tried</p>
<pre><code>{
    $lookup: {
           &quot;from&quot;: &quot;kategoris&quot;,
           &quot;localField&quot;: &quot;produk.jenis&quot;,
           &quot;foreignField&quot;: &quot;jenis&quot;,
           &quot;as&quot;: &quot;jenisnya&quot;
        }
}
</code></pre>
<p>but it doesn't seem work, and returning an empty array instead. What should I do? Should I rearrange my schema?</p>; Answer: It is a custom list. I need 1Q - ""decision of head of operations"" (procede/don't procede) to only be editable by 1 person (on all items created on the list). How can I do that for a single Q for all items created?? I can see how to set permissions for the entire list, but not for 1 question when any item added.  Basically,1 question in all items can only be answered by 1 specific user. I need everyone to be able to update all items (bar this field) as a case progresses (except for this one question in all cases, which can only be answered by the head of operations). Is this possible?","[-0.007877380587160587, 0.008739075623452663, 0.00451541505753994, -0.01796667091548443, -0.03560766205191612, 0.016297560185194016, 0.02177983894944191, -0.0106660146266222, -0.021155618131160736, -0.03826737776398659, 0.015144111588597298, -0.011473428457975388, 0.01151413843035698, -0.01228084322065115, -0.01515768188983202, 0.004020110238343477, 0.016650380566716194, -0.010435324162244797, -0.0017004896653816104, -0.020870648324489594, -0.008732290007174015, 0.01210443302989006, 0.02187482826411724, 0.004345790017396212, -0.00736850593239069, 0.0150084113702178, 0.03596048057079315, -0.0036978230345994234, 0.0033042931463569403, 0.0010457375319674611, 0.025172336027026176, 0.016283990815281868, -0.016596101224422455, -0.031021002680063248, -0.02187482826411724, -0.01093741413205862, 0.0004516263143159449, -0.02053139917552471, 0.026705745607614517, 0.008793354965746403, 0.02792704477906227, -0.02144058793783188, -0.005190521944314241, -0.02097920887172222, -0.015496931970119476, 0.01766812987625599, -0.0007641601841896772, -0.01622971147298813, -0.00467486260458827, 0.0032992043998092413, 0.006201486568897963, 0.0322694405913353, -0.02808988466858864, 0.018414480611681938, -0.019310100004076958, -0.013780327513813972, 0.025810126215219498, 0.024643106386065483, 0.021169189363718033, 0.0074499258771538734, 0.032567981630563736, 0.002361178630962968, -0.01446561235934496, 0.007205666042864323, -0.017871679738163948, -0.01632470078766346, -0.013427508063614368, -0.006500026676803827, -0.017437441274523735, -0.016460401937365532, 0.021793408319354057, 0.01974433846771717, -0.010292839258909225, -0.0010126606794074178, 0.03188948333263397, -0.014886281453073025, 0.008094500750303268, 0.0022051238920539618, -0.01411279197782278, 0.006910518743097782, 0.00668322155252099, -0.03115670382976532, -0.01880800910294056, 0.012925418093800545, 0.0016368803335353732, 0.00567904207855463, -0.007490635849535465, 0.03840307891368866, 0.012606522999703884, -0.009688974358141422, -0.01765456050634384, 0.015374802052974701, 0.01602616161108017, -0.021522007882595062, -0.0036808603908866644, 0.022512618452310562, -0.018292350694537163, 0.027058565989136696, -0.016650380566716194, 0.0005839337245561182, -0.036693260073661804, 0.007354936096817255, -0.013576777651906013, -0.016704661771655083, -0.02768278494477272, -0.006445746403187513, 0.018414480611681938, -0.017437441274523735, 0.025321606546640396, -0.00848124548792839, 0.006150599103420973, 0.05056179314851761, 0.011052759364247322, -0.0047800298780202866, -0.00470200227573514, -0.015130541287362576, 0.0031889481469988823, -0.014872712083160877, -0.017640991136431694, -0.018794439733028412, 0.0062218415550887585, 0.009607554413378239, 0.016161860898137093, -0.024928076192736626, 0.012172283604741096, 0.020219288766384125, -0.002021928783506155, 0.01701677031815052, -0.007008901331573725, -0.02357107773423195, 0.010035009123384953, 0.01617543026804924, 0.01836019940674305, 0.017600281164050102, -0.016460401937365532, 0.006537343841046095, -0.014343482442200184, 0.021250609308481216, -0.026909295469522476, -0.03085816279053688, 0.021861258894205093, 0.012389402836561203, 0.012572597712278366, -0.0012569205136969686, -0.025335175916552544, 0.023109696805477142, -0.0041897352784872055, 0.0008913789060898125, 0.002744531026110053, 0.023883186280727386, 0.022946856915950775, -0.0005631546955555677, -0.0018845327431336045, 0.00437971530482173, -0.004101530183106661, -0.011032404378056526, 0.012246917933225632, 0.0010465857340022922, -0.0017174521926790476, 0.008881560526788235, 0.017193181440234184, 0.013977092690765858, -0.01048960443586111, 0.003136364510282874, 0.022214077413082123, 0.04027573764324188, -0.003558730473741889, -0.009146175347268581, -0.006269336678087711, -0.025389455258846283, 0.003568907966837287, 0.03289366140961647, -0.02619008533656597, 0.015836181119084358, -0.0034213343169540167, -0.016745371744036674, 0.0029599545523524284, 0.027126414701342583, -0.03278510272502899, -0.02798132412135601, -0.02054496854543686, 0.0005953834042884409, -0.004583265166729689, 0.02990826405584812, -0.03739890083670616, -0.02495521679520607, -0.008888345211744308, -0.025213045999407768, -0.014750582166016102, 0.022485477849841118, -0.0020948676392436028, 0.02148129791021347, -0.00705639598891139, -0.014926991425454617, -0.6048960089683533, -0.01970362849533558, 0.01656896062195301, -0.03218802064657211, -0.0004673166258726269, -0.007999510504305363, -0.012233348563313484, 0.005356754641979933, -0.023774627596139908, 0.020178578794002533, -0.033409323543310165, 0.012314768508076668, -4.105452899239026e-05, -0.006879986263811588, -0.009465069510042667, -0.0002022777043748647, 0.025633715093135834, -0.05295011028647423, -0.011615913361310959, 0.007680615875869989, -0.01593117043375969, 0.015049121342599392, 0.023326817899942398, 0.0016487541142851114, -0.013631057925522327, -0.004878412466496229, 0.012097648344933987, -0.016446830704808235, 0.015456221997737885, 0.03590619936585426, -0.05115887150168419, 0.032242301851511, -0.006842668633908033, -0.007551700808107853, 0.05338435247540474, 0.004556125029921532, -0.021522007882595062, 0.024643106386065483, -0.016283990815281868, 0.03357216343283653, -0.0019405089551582932, -0.011866958811879158, 0.0027971146628260612, -0.021155618131160736, 0.004159202799201012, 0.003538375487551093, 0.04578515514731407, -0.004847879987210035, 0.00715817091986537, -0.01845519058406353, -0.003918335307389498, 0.0011907668085768819, -0.011948378756642342, 0.02286543697118759, 0.007538130972534418, -0.024941645562648773, 0.028849804773926735, -0.0327579602599144, 0.023096127435564995, 0.012640448287129402, 0.0013832910917699337, -0.0033178632147610188, 0.0018438227707520127, -0.02112847939133644, -0.030451063066720963, 0.02639363519847393, -0.0008192883105948567, -0.016338270157575607, 0.0004117644566576928, -0.004851272329688072, 0.0007047915132716298, -0.009051185101270676, -0.023937467485666275, 0.01622971147298813, -0.01238261815160513, 0.04030287638306618, 0.005835096817463636, 0.004512022715061903, -0.017111761495471, 0.014099222607910633, 0.027017856016755104, -0.01652825064957142, -0.01476415153592825, -0.0008812014129944146, -0.0001824527862481773, -0.025769416242837906, -0.025538725778460503, -0.005221054423600435, 0.00950577948242426, 0.015836181119084358, 0.00747706601396203, 0.017844540998339653, -0.0031397570855915546, -0.0035519455559551716, 0.004664685111492872, 0.008800140582025051, 0.005326222162693739, 0.019160829484462738, 0.020232858136296272, -0.03186234086751938, -0.02922976389527321, 0.002310291165485978, -0.005119279492646456, 0.004970009904354811, 0.003518020501360297, 0.009037614800035954, -0.020083589479327202, 0.009865384548902512, 0.024982355535030365, -0.028252724558115005, -0.006489849183708429, -0.00013273149670567364, -7.79744514147751e-05, -0.006272729020565748, -0.009342939592897892, -0.028252724558115005, 0.03585192188620567, -0.022594038397073746, 0.010014654137194157, 0.011575203388929367, 0.0016792865935713053, 0.029256904497742653, 0.024398846551775932, -0.021047057583928108, -0.008664440363645554, 0.011052759364247322, -0.006703576538711786, -0.010611734353005886, -0.0002781848597805947, 0.009933234192430973, 0.0035926555283367634, -0.027099275961518288, 0.020029308274388313, -0.00979753490537405, -0.005448352079838514, -0.011615913361310959, 0.009431145153939724, 0.010713509283959866, 0.012477608397603035, -0.01158877369016409, 0.007151386234909296, 0.006578053813427687, 0.0322694405913353, -0.008596590720117092, 0.005716359242796898, -0.027574224397540092, -0.04575801640748978, -0.007517775986343622, -0.027723494917154312, 0.00029281500610522926, -0.023109696805477142, -0.02177983894944191, -0.0016708053881302476, 0.0044000702910125256, -0.0110391890630126, 0.008006295189261436, -0.01228084322065115, -0.015035551972687244, -0.0347391813993454, -0.023543937131762505, 0.001222995575517416, 0.03259512037038803, -0.032676540315151215, -0.0029565622098743916, -0.003046463243663311, -0.04488953575491905, -0.009166530333459377, -0.0033534844405949116, 0.0003193188749719411, -0.023258967325091362, -0.00903083011507988, -0.011581989005208015, -0.015361231751739979, -0.01726103015244007, 0.015388371422886848, 0.004060820210725069, -0.024887366220355034, 0.007897735573351383, -0.0029514734633266926, -0.005590836983174086, -0.014234921894967556, -0.00726673100143671, 0.0008795051253400743, 0.008800140582025051, 0.0005508568719960749, 0.00033182871993631124, 0.030342502519488335, 0.005702789407223463, -0.01697606034576893, 0.05759104713797569, 0.01925581879913807, 0.028307003900408745, -0.011975518427789211, -0.0029243333265185356, -0.004837702494114637, 0.009315799921751022, 0.00723280617967248, 0.02093849889934063, 0.0006335490033961833, 0.004389892797917128, 0.0024375098291784525, -0.007700970862060785, 0.033517882227897644, -0.03140096366405487, 0.018645169213414192, -0.01924224942922592, -0.009193670004606247, -0.01597188040614128, 0.040764257311820984, 0.02321825735270977, 0.014479181729257107, 0.0002942992141470313, 0.00034709495957940817, -0.011819463223218918, 0.00947863981127739, 0.040899958461523056, -0.008678010664880276, -0.003935297951102257, -0.029609723016619682, 0.02088421769440174, -0.02490093559026718, -0.006377896293997765, 0.023245397955179214, 0.017993809655308723, -0.012470822781324387, 0.025715135037899017, -2.6702671675593592e-05, 0.014452042058110237, -1.2006263204966672e-05, -0.024588827043771744, 0.013603917323052883, 0.011751613579690456, 0.0072463760152459145, 0.023774627596139908, -0.009098679758608341, -0.0009609251283109188, 0.022634748369455338, -0.018292350694537163, 0.04402105510234833, -0.020219288766384125, 0.0017624028259888291, 0.050588931888341904, 0.010849209502339363, -0.005326222162693739, 0.024643106386065483, 0.01979861967265606, 0.01741030067205429, 0.02609509602189064, 0.004274547565728426, 0.027669215574860573, -0.010048579424619675, 0.012212993577122688, 0.016053300350904465, 0.003758887993171811, 0.018794439733028412, -0.013759972527623177, 0.0037249629385769367, 0.032975081354379654, 0.004678254947066307, 0.016338270157575607, -0.009688974358141422, -0.028008464723825455, 0.012830427847802639, -0.010387829504907131, 0.000758223352022469, 0.007409215904772282, -0.012891492806375027, -0.012314768508076668, -0.01735602132976055, -0.03007110394537449, -0.009247950278222561, -0.018916569650173187, -0.019337238743901253, -0.03631329908967018, 0.004484882578253746, -0.010917059145867825, 0.01542908139526844, 0.016351841390132904, 0.016555391252040863, 0.019527219235897064, -0.017179610207676888, 0.005767246708273888, 0.006639118772000074, 0.010978124104440212, 0.00472575007006526, -0.006174346432089806, 0.0008795051253400743, 0.009587199427187443, 0.0017437440110370517, 0.027845624834299088, 0.007795960642397404, 0.023842476308345795, 0.01696249097585678, -0.017627419903874397, -0.020449979230761528, 0.00890191551297903, 0.03397926315665245, 0.003272064495831728, 0.027302825823426247, -0.002529107267037034, -0.011866958811879158, 0.031482383608818054, -0.02187482826411724, -0.014275631867349148, 0.05219019204378128, -0.009227595292031765, -0.008834064938127995, -0.037480320781469345, -0.0030074496753513813, 0.0015045729232951999, -0.0213320292532444, -0.004193127620965242, -0.006968191359192133, 0.0058317044749855995, -0.0070699662901461124, -0.011643053963780403, -0.001133942510932684, 0.0121519286185503, 0.00757884094491601, 0.0005177800194360316, -0.005533164367079735, -0.030098242685198784, -0.02762850560247898, 0.032432280480861664, 0.014438471756875515, 0.016541821882128716, -0.023693207651376724, 0.00934972520917654, -0.009858599863946438, -0.008542310446500778, -0.022539757192134857, -0.02327253669500351, 0.013196817599236965, 0.009587199427187443, -0.029446883127093315, 0.0024137625005096197, 0.015035551972687244, 0.011242738924920559, 0.006435568910092115, -0.00747706601396203, 0.0010152050526812673, -0.009268305264413357, 0.004875019658356905, -0.00477663753554225, 0.0150084113702178, -0.015700481832027435, 0.023286107927560806, 0.034956302493810654, 0.026325786486268044, 0.022499047219753265, 0.016433261334896088, 0.0017844539834186435, 0.018835149705410004, -0.03598761931061745, 0.019622208550572395, 0.00015743311087135226, 0.014194211922585964, 0.004925907123833895, -0.015890460461378098, 0.05840524658560753, 0.00806057546287775, 0.02302827686071396, -0.0007077599293552339, 0.0005321981734596193, 0.018862290307879448, 0.05181023105978966, 0.004098137840628624, 0.010984908789396286, 0.014682731591165066, -0.009560059756040573, -0.029148343950510025, -0.018984420225024223, 0.010957769118249416, 0.007409215904772282, -0.0029972721822559834, 0.0009609251283109188, 0.003633365500718355, -0.005902946926653385, 0.022458337247371674, -0.0220783781260252, -0.0010482819052413106, -0.03408782184123993, -0.020897788926959038, -0.024046026170253754, 0.0014884585980325937, -0.007117460947483778, 0.03894587978720665, 0.008108070120215416, -0.023747486993670464, -0.026461485773324966, -0.031129563227295876, 0.007802745793014765, -0.020572109147906303, -0.019092978909611702, -0.005051429849117994, -0.028062744066119194, -0.024371705949306488, -0.002118615200743079, 0.03712749853730202, 0.010469249449670315, 0.007293871138244867, 0.00927508994936943, 0.008006295189261436, 0.009234379976987839, -0.02684144489467144, -0.005458529572933912, -0.022743307054042816, -0.006988546345382929, -0.025715135037899017, 0.015198391862213612, -0.002839521039277315, 0.0048003848642110825, -0.0072463760152459145, 0.002554550999775529, 0.0008205604972317815, 0.007483850698918104, -0.00586562929674983, -0.008399825543165207, 0.032432280480861664, -0.0003663898096419871, 0.011249523609876633, 0.002739442279562354, 0.0015613972209393978, -0.011581989005208015, 0.0033229519613087177, -0.006995331030339003, -0.024928076192736626, -0.002361178630962968, -0.009661834686994553, 0.004009932745248079, -0.002868357114493847, 0.013637842610478401, -0.007287085987627506, 0.008359115570783615, -0.008474460802972317, -0.009587199427187443, 0.013590347953140736, 0.02202409878373146, -0.0009176707244478166, -0.001876051421277225, 0.019730769097805023, 0.01826521009206772, 0.006462709046900272, 0.00011163439194206148, 0.009912879206240177, -0.010333549231290817, 0.039217278361320496, -0.016446830704808235, -0.03161808103322983, 0.015049121342599392, 0.0005372869200073183, -0.014384192414581776, 0.010055364109575748, -0.004339005332440138, -0.015171251259744167, 0.018333060666918755, -0.017233891412615776, -0.018278779461979866, -0.0332464836537838, 0.022702597081661224, 0.015252672135829926, 0.010035009123384953, 0.0062286267057061195, 0.014085652306675911, -0.0034840956795960665, -0.02217336744070053, -0.015510501340031624, -0.020504258573055267, -0.023937467485666275, -0.031129563227295876, -0.021209899336099625, 0.015334092080593109, -0.012267272919416428, 0.030776742845773697, 0.0045595173723995686, 0.012145143002271652, 0.011914453469216824, -0.016894640401005745, -0.005719752050936222, -0.037778858095407486, -0.008460890501737595, 0.005740107037127018, 0.032378003001213074, 0.013101828284561634, 0.010584594681859016, -0.007375291083008051, 0.036096181720495224, -0.02614937536418438, 0.0071310312487185, 0.021006347611546516, 0.01865874044597149, -0.01924224942922592, -0.02475166693329811, -0.008793354965746403, 0.006516988854855299, 0.015564781613647938, 0.036883238703012466, 0.008175920695066452, -0.002988790860399604, 0.042799755930900574, -0.033517882227897644, 0.013142538256943226, -0.013413937762379646, -0.03764316067099571, 0.005665471777319908, 0.02564728632569313, -0.018428049981594086, -0.006544128991663456, -0.029094064608216286, 0.013264668174088001, -0.004630759824067354, 0.006764641497284174, 0.011229168623685837, -0.0038403079379349947, 0.016283990815281868, -0.002132185036316514, 0.01386853214353323, -0.029094064608216286, -0.004138847813010216, -0.004508629906922579, -0.012986483052372932, -0.005343184806406498, -0.01578190177679062, -0.0060013290494680405, -0.006133636459708214, 0.016148291528224945, -0.015089831314980984, 0.013251097872853279, -0.010211419314146042, 0.020314278081059456, 0.010340333916246891, -0.006700183730572462, 0.01821093074977398, -0.011317374184727669, -0.015917601063847542, -0.019310100004076958, 0.003738533006981015, -0.022485477849841118, 0.0038708404172211885, 0.01850946992635727, -0.0055942293256521225, 0.0009524438646622002, -0.014832002110779285, -0.009539704769849777, 0.0037147854454815388, -0.02237691730260849, 0.033762142062187195, -0.000509298755787313, 0.020273568108677864, 0.008990120142698288, 0.00895619485527277, 0.0004830069374293089, 0.0038437005132436752, 0.030288223177194595, 0.0021203113719820976, 0.017695270478725433, 0.012993267737329006, 0.0017216928536072373, -0.04014003649353981, -0.0007896039169281721, -0.020748518407344818, -0.017383160069584846, -0.020572109147906303, 0.016691090539097786, 0.00673410901799798, -0.0020609425846487284, 0.0008650870295241475, 0.01606687158346176, -0.0262986458837986, -0.001312048640102148, -0.002283151261508465, 0.010917059145867825, 0.007646691054105759, -0.021644137799739838, -0.032432280480861664, 0.03392498195171356, -0.0074295708909630775, 0.026651466265320778, 0.012016228400170803, -0.004240622743964195, -0.029989684000611305, 0.01044210884720087, -0.02028713934123516, 0.03558051958680153, 0.00950577948242426, 0.03710035979747772, -0.016446830704808235, 0.004149025306105614, 0.02272973768413067, 0.0015588528476655483, -0.013115397654473782, -0.000182982868864201, 0.014126362279057503, 0.029256904497742653, 0.004281332716345787, 0.008352330885827541, 0.0076059806160628796, 0.010727079585194588, 0.021644137799739838, -0.0002402312820777297, -0.004898767452687025, -0.019377948716282845, -0.0013298592530190945, -0.010923843830823898, 0.019065840169787407, 0.0033483956940472126, 0.0022085162345319986, 0.00021415144146885723, -0.002361178630962968, 0.008155565708875656, -0.021019918844103813, -0.013088257983326912, -0.01312218327075243, -0.021318458020687103, -0.015456221997737885, -0.011609128676354885, 0.004291510209441185, 0.01746458001434803, -0.017505289986729622, -0.006401644088327885, 0.002508752280846238, -0.001280668075196445, -0.013854962773621082, 0.0205992478877306, 0.0006148903048597276, -0.009831459261476994, -0.00676124868914485, 0.013162893243134022, 0.005546734668314457, -0.02912120334804058, 0.003324648132547736, -0.007952015846967697, -0.023625357076525688, 0.014859141781926155, 0.012715082615613937, 0.01677251048386097, -0.03085816279053688, -0.02857840433716774, 0.026855016127228737, -0.009431145153939724, 0.03248656168580055, -0.015754761174321175, -0.04062855616211891, 0.023774627596139908, -0.0025935648009181023, -0.010476034134626389, -0.018278779461979866, -0.022648317739367485, -0.012348692864179611, -0.013990662060678005, 0.02936546318233013, -0.0220783781260252, -0.023598216474056244, -0.005166774615645409, 0.0036876455415040255, 0.011500569060444832, 0.011541279032826424, -0.0013934685848653316, -0.02544373646378517, -0.015456221997737885, -0.017111761495471, -0.005265157204121351, -0.016148291528224945, -0.0027309609577059746, 0.010374259203672409, 0.015890460461378098, 0.02340823784470558, 0.014832002110779285, -0.02054496854543686, -0.03191662207245827, -0.028686964884400368, -0.042148396372795105, -0.019920749589800835, -0.0049937572330236435, -0.015591921284794807, 0.04326113685965538, 0.01578190177679062, -0.002032106276601553, -0.03194376081228256, 0.0031024394556879997, -0.046219393610954285, -0.026950005441904068, -0.0009244557586498559, -0.014452042058110237, 0.036286160349845886, 0.025660855695605278, -0.019635779783129692, 0.03245942294597626, 0.013278237544000149, 0.024724526330828667, -0.030451063066720963, 0.008616945706307888, -0.0039624376222491264, -0.013624272309243679, 0.009512565098702908, -0.013027193024754524, -0.030342502519488335, -0.0070428261533379555, 0.012348692864179611, -0.007239590864628553, 0.013692122884094715, 0.029745424166321754, -0.011595558375120163, -0.03180806338787079, 0.004030287731438875, 0.00470200227573514, 0.004264370072633028, -0.0010381044121459126, 0.046165116131305695, -0.023001138120889664, -0.014655591920018196, 0.0013858354650437832, -0.013875317759811878, 0.008596590720117092, -0.0003895011905115098, 0.010930629447102547, -0.0041795577853918076, 0.03283938392996788, 0.008080930449068546, 0.00018224076484329998, -0.001923546427860856, -0.015388371422886848, 0.038375940173864365, 0.013508928008377552, 0.013990662060678005, 0.04073711857199669, -0.004213482607156038, 0.00686980877071619, -0.005875806789845228, 0.009173315018415451, 0.0163789801299572, -0.028469843789935112, 0.016501111909747124, -0.028361285105347633, 0.019106550142169, -0.028958363458514214, 0.003663897980004549, -0.023625357076525688, 0.004681647289544344, 0.02728925459086895, -0.002656326163560152, -0.020409269258379936, 0.0026376673486083746, -0.002948080888018012, -0.03026108257472515, -0.01044210884720087, 0.025810126215219498, -0.012362263165414333, -0.0066459039226174355, -0.029338324442505836, 0.0003986185183748603, -0.021739128977060318, -0.014384192414581776, 0.008739075623452663, -0.011453073471784592, -0.020368559285998344, -0.009397219866514206, 0.014940561726689339, -0.001427393639460206, -0.008603375405073166, 0.20702381432056427, 0.002079601399600506, -0.025294465944170952, 0.0050005423836410046, 0.0001046373654389754, -0.009091895073652267, 0.02346251718699932, 0.01093741413205862, -0.007802745793014765, 0.00778917595744133, -0.0014647110365331173, 0.0089290551841259, 0.006832491140812635, -0.005651901941746473, 0.017573140561580658, -0.0015970184467732906, -0.056288328021764755, -0.02416815608739853, -0.013088257983326912, -0.006004721857607365, 0.04290831834077835, 0.017478151246905327, -0.0017183002782985568, -0.01791238971054554, 0.011683763936161995, 0.0013408849481493235, 0.026868585497140884, -0.006130244117230177, 0.03824023902416229, 0.003351788269355893, -0.01806166023015976, -0.010950984433293343, 0.025918686762452126, 0.0010593076003715396, -0.030831024050712585, -0.005119279492646456, 0.011853388510644436, -0.000359392783138901, 0.0089290551841259, 0.02792704477906227, 0.004942869767546654, -0.018794439733028412, 0.028496984392404556, 0.0007565270643681288, -0.01884871907532215, -0.010652444325387478, 0.0020982602145522833, 0.022091947495937347, -0.0009007082553580403, 0.025810126215219498, -0.02887694351375103, -0.009037614800035954, 0.01602616161108017, 0.016311131417751312, -0.011453073471784592, -0.005397464614361525, 0.013108612969517708, -0.005353362299501896, -0.001442659879103303, 0.04212125763297081, -0.006310046650469303, 0.023638926446437836, 0.016935350373387337, 0.021766267716884613, -4.5136126573197544e-05, 0.00910546537488699, -0.02024642936885357, -0.03091244399547577, -0.0016267028404399753, 0.008101285435259342, 0.007483850698918104, -0.01855017989873886, 0.0003642694791778922, -0.01376675721257925, 0.010917059145867825, -0.028659824281930923, 0.020965637639164925, 0.021304888650774956, -0.010896704159677029, 0.02097920887172222, -0.007857025600969791, -0.010571024380624294, -0.010584594681859016, 0.014085652306675911, -0.026312215253710747, 0.0031533269211649895, -0.013359657488763332, -0.004138847813010216, -0.0011017137439921498, -0.024575255811214447, 0.005977581720799208, 0.02475166693329811, -0.015320521779358387, 0.0030244120862334967, -0.024086736142635345, -0.0038911954034119844, -0.020015738904476166, 0.016582531854510307, -0.010991694405674934, -0.023286107927560806, -0.05105031281709671, 0.0496118925511837, 0.033707860857248306, -0.003589262953028083, -0.012538673356175423, 0.01955435983836651, 0.003589262953028083, 0.004647722467780113, 0.0038131680339574814, -0.026827875524759293, 0.000831162033136934, -0.03552624210715294, -0.0016326397890225053, -0.011324158869683743, 0.007300655823200941, -0.004573087673634291, 0.020259998738765717, -0.0005500087863765657, 0.010503173805773258, -0.0018132902914658189, -0.009532920084893703, -0.043288275599479675, -0.005068392027169466, 0.007694185711443424, -0.006578053813427687, -0.016691090539097786, -0.026176515966653824, 0.01557835191488266, 0.01014356967061758, -0.02043640799820423, 0.033762142062187195, 0.005845274310559034, -0.017247460782527924, -0.0015274722827598453, 0.0041795577853918076, 0.004104922991245985, -0.0016190697206184268, -0.015388371422886848, 0.00875943060964346, 0.01280328817665577, -0.006907126400619745, -0.015144111588597298, 0.031292401254177094, 0.0017013378674164414, -0.00021521160670090467, -0.026312215253710747, -0.01905226893723011, 0.004101530183106661, -0.009315799921751022, -0.03606903925538063, -0.004617189988493919, 0.014343482442200184, 0.011982303112745285, -0.02644791640341282, 0.013759972527623177, -0.02168484777212143, 0.0110391890630126, -0.03587906062602997, 0.020015738904476166, -0.01746458001434803, -0.02922976389527321, -0.008026650175452232, 0.012559028342366219, -0.01568691059947014, -0.01613472029566765, -0.0035824780352413654, -0.17087334394454956, 0.02385604754090309, 0.03989577665925026, -0.017233891412615776, -0.009363294579088688, 0.021915538236498833, 0.00833876058459282, -0.007097105961292982, -0.02435813657939434, -0.020070018246769905, 0.01690821163356304, -0.01840090937912464, -0.06627584248781204, -0.022336207330226898, 0.0007662805146537721, -0.006591624114662409, 0.01238261815160513, -0.016446830704808235, 0.03302936255931854, 0.0352277010679245, 0.024928076192736626, -0.02480594627559185, 0.016446830704808235, -0.010089289397001266, 0.009783964604139328, 0.013800682500004768, 0.010306409560143948, 0.0005148116033524275, -0.01731531135737896, 0.00441364012658596, -0.01287113782018423, -0.00578081700950861, 0.0317537821829319, -0.005305867176502943, 0.004084567539393902, -0.0038403079379349947, 0.012491177767515182, -0.016555391252040863, -0.010319978930056095, 0.010001084767282009, 0.009627909399569035, -0.004084567539393902, -0.004081175196915865, 0.03240514174103737, 0.011493783444166183, 0.037290338426828384, 0.014669162221252918, -0.003292419482022524, 0.019432229921221733, -0.00803343579173088, 0.01059137936681509, -0.032079461961984634, -0.010231774300336838, 0.02734353579580784, 0.0050107198767364025, 0.027954185381531715, 0.012586168013513088, -0.0005330462590791285, 0.0022644924465566874, -0.009044400416314602, 0.010781358927488327, -0.02708570472896099, -0.02718069590628147, -0.00865765567868948, -0.04773923382163048, -0.0025002711918205023, -0.022960428148508072, 0.017179610207676888, -0.028686964884400368, 0.002854787278920412, -0.001207729335874319, 0.049096234142780304, 0.011045973747968674, 0.005950441583991051, 0.01262687798589468, 0.008148780092597008, -0.005461921915411949, -0.00044229693594388664, 0.010469249449670315, 0.01950007863342762, -0.014099222607910633, 0.026868585497140884, -0.007884165272116661, 0.04260977730154991, -0.012606522999703884, -0.008101285435259342, 0.0006229474674910307, -0.026407206431031227, -0.018197359517216682, 0.004657899960875511, 0.03487488254904747, -0.04377679526805878, -0.01431634183973074, -0.00120264058932662, 0.015211961232125759, -0.003999755252152681, -0.004746105056256056, 0.011873743496835232, 0.0049835797399282455, -0.004953047260642052, 0.019215108826756477, -0.016799651086330414, -0.020368559285998344, 0.020517827942967415, 0.04716929420828819, 0.0036401504185050726, 0.03205232322216034, 0.0016538428608328104, 0.04738641530275345, 0.022241218015551567, -0.002138970186933875, -0.009397219866514206, -0.014058512635529041, 0.03482060134410858, 0.030776742845773697, 0.040465716272592545, -0.0085558807477355, -0.005078569520264864, 0.011242738924920559, 0.0029412959702312946, 0.04391249641776085, -0.028198445215821266, 0.012260488234460354, -0.0028191660530865192, -0.012857567518949509, 0.006669651251286268, -0.1042175441980362, -0.01173125859349966, -0.0052244472317397594, 0.019825758412480354, -0.05338435247540474, -0.011174889281392097, -0.019120119512081146, 0.025810126215219498, -0.0253080353140831, 0.026705745607614517, -0.049937572330236435, -0.023747486993670464, -0.0053805019706487656, 0.007565270643681288, -0.005461921915411949, 0.01707105152308941, -0.023001138120889664, -0.001546979183331132, 0.015171251259744167, 0.021671278402209282, -0.01622971147298813, -0.027750635519623756, 0.023584647104144096, -0.03096672333776951, -0.016216140240430832, 0.019934318959712982, -0.018428049981594086, 0.007280300837010145, 0.023096127435564995, -0.014940561726689339, 0.006374503951519728, -0.034657761454582214, 0.015999021008610725, -0.015171251259744167, -0.026434345170855522, -0.023991746827960014, -0.014913422055542469, -0.009166530333459377, 0.016799651086330414, -0.006533951498568058, 0.002697036135941744, 0.0008828976424410939, 0.00671036122366786, -0.029094064608216286, 0.001343429321423173, 0.0018540002638474107, -0.03061390295624733, 0.03601476177573204, 0.018889429047703743, -0.03427780047059059, -0.01317646261304617, -0.012416543439030647, -0.0026885548140853643, -0.04176843538880348, 0.038918737322092056, 0.021304888650774956, -0.006554306484758854, 0.019418658688664436, 0.01795309968292713, 0.032242301851511, -0.027954185381531715, -0.004959832411259413, -0.005777424201369286, -0.000317410595016554, 0.0367203988134861, 0.007483850698918104, -0.0075042056851089, -0.007117460947483778, -0.007259945850819349, 0.002347608795389533, -0.01567334122955799, -0.004247407894581556, -0.026312215253710747, -0.001217906828969717, -0.010496389120817184, 0.008678010664880276, -0.027452094480395317, -0.016582531854510307, 0.01690821163356304, -0.015076261945068836, -0.002069423906505108, -0.0007985092233866453, -0.01865874044597149, -0.017057480290532112, 0.04054713621735573, 0.010448894463479519, 0.0014044942799955606, 0.00039013728382997215, 0.00420330511406064, -0.04543233662843704, 0.012233348563313484, 0.005288904532790184, 0.03349074348807335, -0.021155618131160736, 0.009682189673185349, 0.020775659009814262, -0.0016597796930000186, -0.008569450117647648, 0.0021050451323390007, 0.00018149864627048373, -0.016840361058712006, -0.030641043558716774, -0.05099603161215782, 0.040709976106882095, 0.018726589158177376, -0.003721570363268256, -0.009627909399569035, 0.021739128977060318, -0.02863268367946148, -0.02024642936885357, 0.033517882227897644, 0.02808988466858864, 0.0076670460402965546, 0.02346251718699932, -0.02192910760641098, -0.011378439143300056, 0.0046239751391112804, -0.020477117970585823, 0.024819515645503998, 0.015306951478123665, 0.018428049981594086, 0.012830427847802639, 0.011968733742833138, 0.01446561235934496, -0.00040095087024383247, 0.007877380587160587, -0.016853930428624153, -0.002953169634565711, 0.016840361058712006, -0.0025104486849159002, -0.0035146281588822603, -0.002817469649016857, 0.030776742845773697, -0.03338218107819557, -0.011595558375120163, 0.009912879206240177, 0.032079461961984634, -0.019486509263515472, 0.017898820340633392, 0.04005861654877663, 0.0260408166795969, 0.012470822781324387, -0.009892524220049381, -0.021155618131160736, 0.0011305500520393252, -0.029501164332032204, -0.021359167993068695, 0.003528197994455695, -0.022051237523555756, 0.00715817091986537, 0.011371653527021408, -0.009220809675753117, 0.04668077453970909, 0.02198338881134987, 0.0032076069619506598, -0.02822558395564556, -0.01307468768209219, -0.020558537915349007, 0.018319489434361458, 0.02544373646378517, 0.02232263796031475, -0.0046036201529204845, 0.021562717854976654, -0.017491720616817474, -0.012586168013513088, -0.016094010323286057, -0.013006838038563728, -0.020775659009814262, 0.0060182916931807995, 0.019323669373989105, 0.018726589158177376, -0.028605544939637184, -0.011493783444166183, -0.004220267757773399, -0.003109224606305361, 0.0036605054046958685, 0.0029294220730662346, -0.011202028952538967, -0.017206750810146332, -0.00031868278165347874, -0.007918090559542179, 0.020368559285998344, -0.004868234973400831, -0.02768278494477272, -0.01076778955757618, 0.013203603215515614, 0.006890163756906986, 0.012850782833993435, -0.0032296583522111177, 0.02941974438726902, 0.004864842165261507, 0.005651901941746473, -0.01647397130727768, 0.015225531533360481, -0.005495847202837467, 0.025769416242837906, 0.015741191804409027, -0.029094064608216286, -0.03446778282523155, -0.007782390806823969, 0.03392498195171356, -0.0022560113575309515, 0.02619008533656597, -0.002295024925842881, -0.002461257390677929, -0.007334581110626459, -0.019038699567317963, -0.0019082801882177591, -0.03492916002869606, -0.0300168227404356, -0.004634152632206678, 0.008969765156507492, -0.004664685111492872, -0.011045973747968674, 0.004440780263394117, 0.012884708121418953, -0.008108070120215416, -0.009614340029656887, -0.006944443564862013, 0.0032890269067138433, -0.03802311792969704, 0.010001084767282009, 0.005322829820215702, -0.007721325848251581, 0.01245046779513359, -0.003392498241737485, 0.06225912645459175, 0.02936546318233013, -0.020219288766384125, -0.014614881947636604, 0.030586764216423035, -0.006289691664278507, -0.006703576538711786, 0.014329912140965462, -0.00035112356999889016, -0.0034416893031448126, -0.02392389625310898, -0.018577320501208305, 0.02689572609961033, 0.008806925266981125, -0.030993863940238953, 0.09151603281497955, 0.011785538867115974, -0.014397761784493923, 0.023245397955179214, -8.619065920356661e-05, 0.011602343991398811, 0.017057480290532112, 0.004678254947066307, -0.02734353579580784, -0.0173695906996727, 0.021074198186397552, -0.004288117866963148, -0.0068290987983345985, -0.010747434571385384, -0.015469791367650032, 0.004308472853153944, 0.015917601063847542, 0.0046036201529204845, 0.008121640421450138, -0.02673288621008396, -0.014886281453073025, -0.009641479700803757, 0.009268305264413357, 0.016582531854510307, 0.005512809380888939, 0.005411034449934959, 0.02574227564036846, 0.023245397955179214, -0.020952068269252777, -0.02882266417145729, 0.004895374644547701, -0.0012950861128047109, -0.038185957819223404, -0.021209899336099625, -0.007097105961292982, -0.022960428148508072, -0.0012883011950179935, 0.021549148485064507, 0.013922812417149544, 0.013352872803807259, 0.002829343546181917, -0.004291510209441185, -0.022634748369455338, -0.01428920216858387, -0.012986483052372932, 0.0009066451457329094, 0.010021439753472805, -0.01312218327075243, -0.04271833598613739]","[-0.002240637317299843, 0.00805087573826313, 0.0026378182228654623, -0.00844638142734766, -0.034563127905130386, 0.020820999518036842, 0.018944026902318, -0.009961366653442383, -0.01838093437254429, -0.038129378110170364, 0.009371461346745491, -0.01741563342511654, 0.011221621185541153, -0.024963749572634697, -0.010631714947521687, -0.0016004551434889436, 0.013661686331033707, -0.012555612251162529, 0.006019722670316696, -0.023046554997563362, 0.010866336524486542, -0.0012987987138330936, 0.011690864339470863, -0.005322560667991638, -0.004146100487560034, 0.015820205211639404, 0.03408047929406166, 0.0010239561088383198, 0.010725563392043114, 0.002156843664124608, 0.011999224312603474, 0.01157690491527319, -0.01931942068040371, -0.04153474420309067, -0.014077302068471909, -0.010953481309115887, -0.0015552067197859287, -0.02453472651541233, 0.01817983016371727, -0.004682378843426704, 0.02297952026128769, -0.02441406436264515, -0.0030567855574190617, -0.026210594922304153, -0.02107573300600052, 0.005004145670682192, -0.0019859049934893847, -0.01532414834946394, -0.002259071683511138, 0.0050544217228889465, -0.0028271914925426245, 0.03534073010087013, -0.022094661369919777, 0.022228730842471123, -0.009934552945196629, -0.015082823112607002, 0.02356942556798458, 0.026827314868569374, 0.014318627305328846, 0.0020981882698833942, 0.03121138922870159, 0.0005861352547071874, -0.018541818484663963, 0.010269726626574993, -0.021115953102707863, -0.021236615255475044, -0.007755923084914684, -0.019453490152955055, -0.020391978323459625, -0.00988092552870512, 0.02745744213461876, 0.02693457156419754, -0.013675093650817871, -0.0032562140841037035, 0.028959020972251892, -0.003360118018463254, 0.006083405576646328, 0.004568419884890318, -0.019131723791360855, -0.0008052552002482116, 0.008245277218520641, -0.030782366171479225, -0.015860427170991898, 0.010953481309115887, 0.0012661191867664456, 0.005094642750918865, -0.0014328681863844395, 0.037459030747413635, 0.00999488402158022, -0.017442448064684868, -0.009947960264980793, 0.007528004702180624, 0.006069998722523451, -0.025660909712314606, -0.0032997867092490196, 0.02342194877564907, -0.017697179690003395, 0.015498438850045204, -0.02698819898068905, -0.00326794502325356, -0.021947184577584267, 0.003737188410013914, -0.017053645104169846, -0.0182066448032856, -0.032310761511325836, -0.0075615220703184605, 0.013675093650817871, -0.015190078876912594, 0.026854129508137703, -0.0031891793478280306, 0.004715896211564541, 0.049954310059547424, 0.004028789699077606, -0.010745673440396786, -0.005795156117528677, -0.010993702337145805, 0.0035930636804550886, -0.01028983760625124, -0.00326794502325356, -0.019507117569446564, 0.0017814490711316466, 0.016959797590970993, 0.020418791100382805, -0.020888034254312515, 0.004414239898324013, 0.009974773973226547, -0.0007755085243843496, 0.018313899636268616, -0.019574152305722237, -0.02037857100367546, 0.009042990393936634, 0.0211963951587677, 0.022081254050135612, 0.024521319195628166, -0.006009667180478573, 0.016986610367894173, 0.00010725563333835453, 0.016638029366731644, -0.0290126483887434, -0.0312650166451931, 0.014171150512993336, 0.011684160679578781, 0.005128160119056702, 0.0025003969203680754, -0.031157761812210083, 0.023354914039373398, 0.008473195135593414, 0.012696385383605957, -0.00622753007337451, 0.017791029065847397, 0.017053645104169846, -0.0027802670374512672, 0.003807574976235628, -0.0048231519758701324, -0.004109231289476156, -0.019976362586021423, 0.015699543058872223, -0.006200716365128756, 0.00838605035096407, 0.00838605035096407, 0.011697567999362946, 0.02131705731153488, -0.011094254441559315, 0.008687706664204597, 0.019131723791360855, 0.04362623021006584, -0.0030668408144265413, -0.009827297180891037, -0.014613579958677292, -0.026532363146543503, 0.005265581421554089, 0.017630144953727722, -0.02236280031502247, 0.0096328966319561, -0.01783124916255474, -0.0169195756316185, 0.002807080978527665, 0.026800502091646194, -0.028556812554597855, -0.0309432502835989, -0.011818230152130127, 0.013654982671141624, 0.00041456817416474223, 0.021772893145680428, -0.026197189465165138, -0.017281563952565193, -0.016584401950240135, -0.024373842403292656, -0.012113182805478573, 0.020660117268562317, 0.002311023650690913, 0.019373048096895218, -0.0028305433224886656, -0.022376205772161484, -0.6195085644721985, -0.019507117569446564, 0.01286397222429514, -0.03196217864751816, 0.008419567719101906, -0.004290225449949503, -0.0012602537171915174, 0.011161289177834988, -0.026089932769536972, 0.03134546056389809, -0.03485808148980141, 0.025044189766049385, 0.001075908076018095, -0.012213734909892082, -0.00390477548353374, -0.004752765409648418, 0.031130947172641754, -0.04780919849872589, -0.00916365347802639, 0.009170357137918472, -0.008493305183947086, 0.009498827159404755, 0.027886465191841125, -0.0006917150458320975, -0.006385061889886856, -0.0047058407217264175, 0.022349392995238304, -0.008613968268036842, 0.021115953102707863, 0.0451546236872673, -0.047380175441503525, 0.03418773412704468, -0.006116922944784164, -0.015417997725307941, 0.05386914312839508, 0.004260059911757708, -0.023850971832871437, 0.020512640476226807, -0.003723781555891037, 0.03885335475206375, 0.0032930830493569374, -0.012843862175941467, 0.0046253991313278675, -0.01756311021745205, 0.005392947234213352, 0.002872440032660961, 0.057220879942178726, -0.014251592569053173, 0.003656746819615364, -0.012964524328708649, -0.00277691544033587, -0.003750595496967435, -0.009914442896842957, 0.01870270073413849, 0.010812708176672459, -0.027832837775349617, 0.027350187301635742, -0.022724786773324013, 0.01844796910881996, 0.012381322681903839, 0.004679027013480663, -0.010470830835402012, 0.009773669764399529, -0.018582038581371307, -0.03764672577381134, 0.03796849399805069, -0.0034221250098198652, -0.010839522816240788, 0.003210965543985367, -0.009257501922547817, -0.012079665437340736, -0.010014995001256466, -0.020244501531124115, 0.01307178009301424, -0.009706635028123856, 0.03668142855167389, 0.0020127189345657825, 0.008205056190490723, -0.0004910296993330121, 0.03290066495537758, 0.023113589733839035, -0.01348069217056036, -0.01362816896289587, -0.020043397322297096, 0.010625011287629604, -0.02488330751657486, -0.028798136860132217, -0.010779190808534622, 0.0120930727571249, 0.017898283898830414, 0.0061202747747302055, 0.0070453546941280365, -0.005463333800435066, -0.007548115216195583, 0.013849384151399136, 0.018260272219777107, -0.0018920564325526357, 0.013078483752906322, 0.009874221868813038, -0.03327605873346329, -0.022617531940340996, 0.011295358650386333, -0.010249616578221321, 0.002864060690626502, -0.0034455873537808657, 0.009378164075314999, -0.028905393555760384, 0.012803641147911549, 0.03708363696932793, -0.012414840050041676, -0.0011798120103776455, -0.004270114935934544, 0.009787076152861118, -0.0009225660469383001, -0.014224778860807419, -0.025486620143055916, 0.034268174320459366, -0.022563904523849487, 0.0027568049263209105, 0.009431792423129082, 0.004782930947840214, 0.030406972393393517, 0.02710886113345623, -0.014050488360226154, -0.009693227708339691, 0.010638418607413769, -0.007910102605819702, -0.013105297461152077, -0.003041702788323164, 0.009344646707177162, 0.0034187734127044678, -0.018488189205527306, 0.008828479796648026, 0.0002760994539130479, 0.010149064473807812, -0.023261066526174545, 0.012615944258868694, 0.01106744073331356, 0.007300086785107851, -0.02025790698826313, 0.0047125443816185, 0.0058286734856665134, 0.017281563952565193, 0.006123626139014959, 0.012803641147911549, -0.01679891347885132, -0.036520544439554214, -0.014600173570215702, -0.030058391392230988, 0.008922328241169453, -0.036225590854883194, -0.017576517537236214, -0.010055216029286385, -0.00409917626529932, -0.0057616387493908405, 0.008821776136755943, -0.001552692847326398, -0.008453085087239742, -0.032686155289411545, -0.024749238044023514, 0.0015845344169065356, 0.026358071714639664, -0.02547321282327175, -0.006341489497572184, -0.00019450558465905488, -0.0417492538690567, -0.008533526211977005, 0.00185015972238034, -0.005235415417701006, -0.01941327005624771, -0.02324765920639038, -0.01645033247768879, -0.012220438569784164, -0.015056009404361248, 0.03064829669892788, -0.0014085681177675724, -0.02423977293074131, 0.006388413719832897, -0.0009208901901729405, -0.004246652591973543, -0.0036936160176992416, 0.006576111074537039, 0.007729108911007643, 0.017107274383306503, 0.007058761548250914, -0.0036466915626078844, 0.028261858969926834, -0.010061918757855892, -0.03627921640872955, 0.06054580584168434, 0.008882107213139534, 0.021115953102707863, -0.006247640587389469, -0.014479510486125946, 0.008158131502568722, 0.007320196833461523, -0.002316051395609975, 0.022845450788736343, 0.006931395269930363, -0.010122250765562057, 0.012253955937922001, -0.008392753079533577, 0.027966907247900963, -0.026036305353045464, 0.018220050260424614, -0.011208213865756989, -0.005537072196602821, -0.011697567999362946, 0.037190891802310944, 0.01630285568535328, 0.015270520932972431, -0.002931095426902175, -0.00245850021019578, 0.0009393247310072184, 0.01260253693908453, 0.03912149369716644, -0.0077827367931604385, -0.0013130436418578029, -0.03228394687175751, 0.016986610367894173, -0.02134387195110321, -0.0038947202265262604, 0.02834230102598667, 0.0048332070000469685, -0.013983453623950481, 0.022201916202902794, 0.011027219705283642, 0.015056009404361248, 0.004069010727107525, -0.01949371211230755, 0.010222802869975567, 0.01830049231648445, 0.007742516230791807, 0.01590064726769924, 0.0005010848981328309, 0.00339195947162807, 0.008453085087239742, -0.026089932769536972, 0.017576517537236214, -0.014667208306491375, 0.004441053606569767, 0.052126239985227585, 0.005439871922135353, -0.006596221588551998, 0.028503185138106346, 0.016785506159067154, 0.02356942556798458, 0.03563568368554115, -0.0016808968503028154, 0.023194031789898872, -0.011965706944465637, 0.005711362697184086, 0.013031559996306896, 0.0057683419436216354, 0.03223031759262085, -0.024574946612119675, 0.006623035296797752, 0.01931942068040371, 0.012857269495725632, 0.02515144646167755, 0.0002760994539130479, -0.03153315559029579, 0.033973220735788345, -0.008660892024636269, 0.005198546685278416, 0.007320196833461523, -0.008486602455377579, -0.006039832718670368, -0.010021698661148548, -0.025754759088158607, -0.002200416289269924, -0.015283928252756596, -0.01387619785964489, -0.05035651847720146, 0.010899853892624378, -0.013929825276136398, 0.0207807794213295, 0.01847478374838829, 0.022108066827058792, 0.010591493919491768, -0.02651895582675934, 0.0009611110435798764, 0.007320196833461523, 0.00854693353176117, 0.013353326357901096, -0.011033923365175724, -0.0019993120804429054, -0.008111207745969296, -0.010779190808534622, 0.024963749572634697, 0.011087550781667233, 0.018340714275836945, 0.01229417696595192, -0.008600560948252678, -0.032712969928979874, 0.008024062030017376, 0.03341012820601463, 0.0041058799251914024, 0.033946409821510315, 0.009907739236950874, -0.011690864339470863, 0.022966112941503525, -0.016182193532586098, -0.01838093437254429, 0.04507417976856232, -0.009947960264980793, -0.006515779998153448, -0.03188173845410347, 0.011395910754799843, 0.0006979995523579419, -0.02552684023976326, 0.002373030874878168, -0.0054700374603271484, 0.009404978714883327, -0.015887239947915077, -0.01453313883394003, -0.002259071683511138, 0.0119321895763278, 0.00234621693380177, 0.008339125663042068, -0.0021635473240166903, -0.034938521683216095, -0.02564750425517559, 0.032310761511325836, 0.001979201566427946, 0.014278406277298927, -0.022872263565659523, 0.007849771529436111, -0.001173108466900885, -0.013822569511830807, -0.016959797590970993, -0.015377776697278023, 0.009686524048447609, 0.014130929484963417, -0.012213734909892082, -0.006539241876453161, 0.015766577795147896, 0.009659710340201855, 0.0001883258082671091, -0.010035105049610138, -0.0017261453904211521, -0.012119886465370655, -0.0015669377753511071, -0.005265581421554089, 0.013614761643111706, -0.025138039141893387, 0.018903804942965508, 0.032096248120069504, 0.017817841842770576, 0.02503078430891037, 0.02218850888311863, 0.006736994720995426, 0.013654982671141624, -0.03955051675438881, 0.009190467186272144, 0.010309947654604912, 0.009311129339039326, 0.016986610367894173, -0.005027608014643192, 0.05038333311676979, 0.01197241060435772, 0.030112018808722496, -0.0065492973662912846, 0.005466685630381107, 0.020070210099220276, 0.04282181337475777, 0.009512234479188919, -0.0014404096873477101, 0.01496216095983982, -0.005185139365494251, -0.028235046193003654, -0.011778009124100208, 0.0120461480692029, 0.007883288897573948, -0.00247023138217628, -0.003696967614814639, 0.005459981970489025, -0.004434349946677685, 0.03322243317961693, -0.01964118890464306, -0.0006058267317712307, -0.029093090444803238, -0.014747649431228638, -0.02389119192957878, 0.011369097046554089, -0.0009317833464592695, 0.03501896560192108, -0.001523365150205791, -0.020164059475064278, -0.024816272780299187, -0.03759310021996498, 0.009874221868813038, -0.03424135968089104, -0.010980295948684216, -0.014144336804747581, -0.023073367774486542, -0.015860427170991898, 0.01198581699281931, 0.029146717861294746, 0.013561134226620197, 0.005764990113675594, 0.0016331346705555916, 0.005949336104094982, 0.02684072218835354, -0.0312650166451931, -0.001706872833892703, -0.020593082532286644, -0.007011836860328913, -0.019051281735301018, 0.003616526024416089, 0.001032335450872779, 0.0006602925132028759, 0.007139203138649464, 0.005654382985085249, 0.00967311765998602, 0.008171538822352886, -0.0014714131830260158, -0.020713744685053825, 0.02995113655924797, 0.001256902003660798, 0.014439289458096027, -0.006586166098713875, -0.0014496269868686795, -0.013983453623950481, -0.0005589023930951953, 0.0011219944572076201, -0.022644346579909325, -0.002604300854727626, -0.0166916586458683, 0.010625011287629604, -0.010953481309115887, 0.0143454410135746, -0.021008698269724846, 0.015417997725307941, 0.0027433980721980333, -0.016906170174479485, 0.019426677376031876, 0.018260272219777107, -0.01726815663278103, 0.007608446758240461, 0.009183763526380062, 0.0143454410135746, -0.0008316501043736935, -0.003948348108679056, -0.003599767107516527, -0.003847795771434903, 0.02997794933617115, -0.01178471278399229, -0.033302873373031616, 0.02295270562171936, -0.004109231289476156, -0.01694639027118683, 0.003140578977763653, 0.004166211001574993, -0.01835411973297596, 0.025419585406780243, -0.02529892325401306, -0.011201510205864906, -0.037753984332084656, 0.03375871106982231, 0.012381322681903839, 0.008486602455377579, 0.008225166238844395, 0.013460582122206688, -0.010524459183216095, -0.01771058700978756, -0.019480304792523384, -0.018582038581371307, -0.03292747959494591, -0.03056785650551319, -0.022818636149168015, 0.006381710059940815, -0.00988092552870512, 0.027484256774187088, 0.0007650343468412757, 0.004990738816559315, 0.008412864059209824, -0.01100710965692997, -0.008124614134430885, -0.04467197135090828, -0.005868894048035145, 0.009552454575896263, 0.028583627194166183, 0.017000017687678337, 0.013447174802422523, -0.01147635281085968, 0.038746096193790436, -0.011054033413529396, -0.0019775256514549255, 0.014546545222401619, 0.011570201255381107, 0.0038511476013809443, -0.032069433480501175, -0.0032880555372685194, 0.012535502202808857, 0.008962549269199371, 0.032954294234514236, 0.002461852040141821, -0.0008287173695862293, 0.03440224379301071, -0.023435356095433235, 0.009921146556735039, -0.014626987278461456, -0.03475082665681839, -0.0020244501065462828, 0.021115953102707863, -0.004839910659939051, 0.0019155185436829925, -0.020512640476226807, 0.008245277218520641, -0.0034388836938887835, 0.01469402201473713, 0.015364369377493858, -0.007105685770511627, 0.030755553394556046, -0.010752377100288868, 0.01931942068040371, -0.02572794444859028, -0.011469649150967598, -0.013494099490344524, -0.007601743098348379, -0.008975955657660961, -0.008178242482244968, -0.007199534215033054, -0.006502372678369284, 0.023261066526174545, -0.0039081270806491375, 0.006877767387777567, -0.016209008172154427, 0.014412475749850273, 0.013105297461152077, -0.007380528375506401, 0.01469402201473713, -0.0008580450667068362, -0.02285885624587536, -0.014023673720657825, -0.0058990600518882275, -0.022697973996400833, 0.011080848053097725, 0.019480304792523384, -0.01182493381202221, 0.004668971989303827, -0.00526893325150013, -0.011087550781667233, 0.0025473213754594326, -0.019694816321134567, 0.041320234537124634, -0.004380722530186176, 0.023837564513087273, 0.014868312515318394, 0.012642757967114449, 0.001779773156158626, 0.002912660827860236, 0.02871769666671753, 0.004565068054944277, 0.0048432620242238045, 0.01254220586270094, -0.002639494137838483, -0.03955051675438881, -0.0035930636804550886, -0.01577998511493206, -0.018783142790198326, -0.01909150369465351, 0.014680614694952965, -0.003254538169130683, 0.010564680211246014, -0.007802847307175398, 0.014519731514155865, -0.03568931296467781, -0.0022171749733388424, -0.008258683606982231, 0.009646303951740265, 0.006850953679531813, -0.01679891347885132, -0.02834230102598667, 0.036520544439554214, -0.005067828577011824, 0.02169245108962059, 0.015096230432391167, 0.006606276612728834, -0.010169174522161484, 0.011523277498781681, -0.026505548506975174, 0.029817067086696625, 0.006237585563212633, 0.03193536400794983, -0.021705858409404755, -0.015243707224726677, 0.021531568840146065, -0.0024869900662451982, -0.021182987838983536, -0.007648667320609093, 0.004112583119422197, 0.024226365610957146, 0.004333797842264175, 0.004960573278367519, 0.0024450933560729027, 0.02005680277943611, 0.02444087713956833, 0.005704659037292004, 0.0006577786989510059, -0.013246070593595505, -0.006063295062631369, -0.0019188703736290336, 0.006978319492191076, 0.008057579398155212, 0.0023780586197972298, -0.0029813714791089296, -0.005309153813868761, 0.00481644831597805, -0.017174309119582176, -0.0016783830942586064, -0.01501578837633133, -0.0214243121445179, -0.030541041865944862, 0.0014580063289031386, -0.004953869618475437, 0.009773669764399529, -0.016463739797472954, -0.005587348248809576, 0.0024115759879350662, 0.00906310137361288, -0.005992908496409655, 0.025111224502325058, -0.012166811153292656, -0.016436925157904625, -0.0029646127950400114, 0.016343077644705772, 0.005175084341317415, -0.03534073010087013, 0.003170744748786092, -0.012528798542916775, -0.021880149841308594, 0.0166916586458683, 0.021303649991750717, 0.005855487193912268, -0.022242136299610138, -0.021732673048973083, 0.03032653033733368, -0.017777621746063232, 0.019802071154117584, -0.009331240318715572, -0.03753947094082832, 0.0240922961384058, -0.009344646707177162, -0.02011043205857277, -0.012381322681903839, -0.024011855944991112, 0.0030299716163426638, -0.013621465303003788, 0.03772716969251633, -0.015190078876912594, -0.02292589098215103, -0.012260659597814083, 0.0010440665064379573, 0.026974791660904884, 0.016664844006299973, -0.00390477548353374, -0.014774464070796967, -0.02087462693452835, -0.01371531467884779, -0.0031858275178819895, -0.006964912638068199, -0.007943619973957539, 0.009954663924872875, 0.022121474146842957, 0.01844796910881996, 0.010772488079965115, -0.017375413328409195, -0.027242930606007576, -0.013192443177103996, -0.03818300738930702, -0.016986610367894173, -0.0014496269868686795, 0.002683066762983799, 0.03185492381453514, 0.008687706664204597, -0.00038984909770078957, -0.028235046193003654, -0.0003282609104644507, -0.0402744896709919, -0.025365957990288734, 0.003341683419421315, -0.011912078596651554, 0.04086439684033394, 0.028529997915029526, -0.01162382960319519, 0.02491012029349804, 0.008962549269199371, 0.01899765431880951, -0.028905393555760384, 0.00226577534340322, 0.004849965684115887, -0.01683913543820381, 0.003090302925556898, -0.013199146836996078, -0.02693457156419754, -0.012481874786317348, 0.01106744073331356, -0.005594051443040371, 0.012555612251162529, 0.03727133199572563, -0.007541411556303501, -0.031399086117744446, 0.0035930636804550886, 0.0016348104691132903, -0.004494681488722563, 0.0071324994787573814, 0.045744527131319046, -0.037807609885931015, -0.020445605739951134, 0.0013817541766911745, -0.0030785719864070415, 0.0058286734856665134, -0.004933759104460478, 0.020593082532286644, -0.0027165841311216354, 0.03367827087640762, 0.0029545575380325317, -0.007742516230791807, -0.007528004702180624, -0.008211759850382805, 0.03947007283568382, 0.004035493358969688, 0.012937710620462894, 0.03882654011249542, 0.0037975197192281485, -0.0011303737992420793, 0.0006016370607540011, 0.010725563392043114, 0.012977931648492813, -0.01988251321017742, 0.02960255555808544, -0.01978866383433342, 0.01679891347885132, -0.02807416208088398, 0.005798507947474718, -0.02807416208088398, 0.010195989161729813, 0.032069433480501175, -0.006177254021167755, -0.01683913543820381, 0.0077827367931604385, 0.0070654647424817085, -0.02906627766788006, -0.013601355254650116, 0.029119905084371567, -0.01738881878554821, -0.006529186852276325, -0.02470901608467102, -0.0020428847055882215, -0.023086775094270706, -0.019855698570609093, -0.0021886853501200676, -0.0026311147958040237, -0.02745744213461876, -0.02149134688079357, 0.013541024178266525, 0.002790322294458747, -0.017603330314159393, 0.1972431093454361, 0.0037304849829524755, -0.030433787032961845, 0.0008341639186255634, 0.007367121521383524, -0.006123626139014959, 0.013688500039279461, 0.018903804942965508, -0.006998430006206036, 0.0117243817076087, -0.0040489002130925655, 0.02230917103588581, 0.014600173570215702, -0.004447757266461849, 0.014680614694952965, 0.007849771529436111, -0.054727185517549515, -0.02364986762404442, -0.014224778860807419, -0.00276686018332839, 0.03499215096235275, 0.0044645159505307674, -0.003125496208667755, -0.022201916202902794, 0.0076218536123633385, -0.009378164075314999, 0.025071004405617714, -0.012609240598976612, 0.045395947992801666, 7.075310713844374e-05, -0.021062325686216354, 0.002292589284479618, 0.020539453253149986, -0.0009669765713624656, -0.018917212262749672, -0.011871857568621635, 0.02090144157409668, -0.0014999030390754342, 0.012475171126425266, 0.014439289458096027, -0.007930213585495949, -0.016906170174479485, 0.01966800168156624, 0.0037807610351592302, -0.02456154115498066, 0.0005019228556193411, -0.0009728420991450548, 0.021973997354507446, 0.012374619022011757, 0.021705858409404755, -0.02874450944364071, -0.009304426610469818, 0.017549702897667885, 0.02005680277943611, -0.016530774533748627, -0.002014394849538803, 0.011999224312603474, 0.0015133100096136332, -0.00024928554194048047, 0.041266605257987976, -0.015860427170991898, 0.014774464070796967, 0.015538659878075123, 0.01827367953956127, 0.004025437869131565, 0.0035494910553097725, -0.01194559596478939, -0.02540617808699608, 0.004866724368184805, 0.0014454371994361281, 0.0077626267448067665, -0.016168786212801933, 0.003985217306762934, -0.007447563111782074, 0.008332422003149986, -0.018434561789035797, 0.010470830835402012, 0.01689276285469532, -0.009398275054991245, 0.027859650552272797, 0.009907739236950874, -0.012166811153292656, 0.005945984274148941, 0.009746856056153774, -0.021330464631319046, 0.007105685770511627, -0.019976362586021423, 0.0027417221572250128, -0.0006695097545161843, -0.015377776697278023, -0.006002963986247778, 0.01465380098670721, -0.007025244180113077, -0.011556794866919518, -0.009002769365906715, -0.0038544994313269854, -0.02251027710735798, 0.017616737633943558, -0.004015382844954729, -0.02297952026128769, -0.05016882345080376, 0.021437719464302063, 0.03198899328708649, -0.0012275743065401912, -0.010175878182053566, 0.004035493358969688, 0.012327694334089756, -0.003928237594664097, 0.0017278211889788508, -0.018689293414354324, -0.0016390001401305199, -0.03893379494547844, -0.013313105329871178, -0.0035662497393786907, 0.004521495196968317, 0.003740540239959955, 0.011992520652711391, -0.0045550125651061535, -0.0019641187973320484, -0.002376382704824209, -0.00019450558465905488, -0.045744527131319046, -0.01674528606235981, 0.005500202998518944, -0.004095824435353279, -0.009720041416585445, -0.015887239947915077, 0.0022020922042429447, 0.005030959378927946, -0.021786300465464592, 0.03863884136080742, 0.00994125660508871, -0.003210965543985367, -0.001860214862972498, -0.003038350958377123, -0.01061160396784544, 0.0017563110450282693, -0.014720835722982883, -0.0005739852203987539, 0.011959003284573555, -0.007568225730210543, -0.0091033224016428, 0.01864907331764698, -0.010336761362850666, -0.011369097046554089, -0.019547339528799057, -0.015257113613188267, 0.008801665157079697, -0.004172914661467075, -0.03196217864751816, -0.006053240038454533, 0.00891562458127737, 0.008895514532923698, -0.030246088281273842, 0.01516326516866684, -0.026250816881656647, 0.0033534143585711718, -0.03979184105992317, 0.017201121896505356, -0.017925098538398743, -0.03282022476196289, -0.01726815663278103, 0.016557589173316956, -0.010236209258437157, -0.011918782256543636, -0.004377370700240135, -0.1682840883731842, 0.019078096374869347, 0.04233916103839874, -0.017589924857020378, -0.0035092702601104975, 0.01301144901663065, 0.02218850888311863, -0.007641964126378298, -0.01286397222429514, -0.024199552834033966, 0.023488983511924744, -0.015860427170991898, -0.06467514485120773, -0.008500008843839169, 0.0018719460349529982, -0.010718859732151031, 0.009921146556735039, -0.022295765578746796, 0.036574169993400574, 0.034938521683216095, 0.0325520858168602, -0.020365163683891296, 0.01580679975450039, -0.014291813597083092, 0.013239366933703423, 0.02060648798942566, -0.0012610916746780276, -0.00668336683884263, -0.01595427468419075, -0.002205444034188986, -0.02055286057293415, -0.006334785837680101, 0.027832837775349617, -0.011757899075746536, 0.0037472436670213938, -0.0033802282996475697, 0.005956039298325777, -0.017643552273511887, -0.005805211141705513, 0.013091891072690487, 0.0009443523595109582, -0.004062307067215443, -0.0037807610351592302, 0.021156173199415207, 0.012636054307222366, 0.0481845922768116, 0.016463739797472954, 0.008205056190490723, 0.01721452921628952, -0.0039785136468708515, 0.011516573838889599, -0.025044189766049385, -0.0013918094336986542, 0.02582179382443428, 0.017951911315321922, 0.01756311021745205, 0.0026026249397546053, 0.000865586509462446, 0.0025975974276661873, -0.009867518208920956, 0.012026038020849228, -0.026693245396018028, -0.015243707224726677, -0.005500202998518944, -0.0359574519097805, -0.004739358555525541, -0.02253708988428116, -0.001669165794737637, -0.034268174320459366, -0.006596221588551998, 0.00010819831368280575, 0.050839170813560486, -0.003599767107516527, -0.0037606507539749146, 0.0022959408815950155, 0.006663256324827671, -0.013427064754068851, 0.0024417415261268616, 0.01976185105741024, 0.01214670017361641, -0.012770123779773712, 0.02043219842016697, -0.0118852648884058, 0.04713885113596916, -0.008955845609307289, -0.0036064707674086094, 0.011442835442721844, -0.02587542124092579, -0.020740557461977005, -0.006194012705236673, 0.03689593821763992, -0.03129183128476143, -0.006354896351695061, -0.002642845967784524, 0.014171150512993336, -0.003737188410013914, -0.003837740747258067, 0.012555612251162529, 0.00916365347802639, -0.012589129619300365, 0.021410906687378883, -0.01387619785964489, -0.02163882367312908, 0.02248346246778965, 0.05266251787543297, 0.01598108932375908, 0.02359624020755291, 0.0028456260915845633, 0.03654735907912254, 0.019507117569446564, 0.005892356391996145, -0.0025523488875478506, -0.01102051604539156, 0.0366009846329689, 0.026532363146543503, 0.03469719737768173, -0.008432974107563496, -0.003888016799464822, 0.016705064103007317, 0.005751583259552717, 0.025392770767211914, -0.017429040744900703, 0.011858451180160046, 0.005734824575483799, -0.0029729921370744705, 0.007487784139811993, -0.11015153676271439, -0.021062325686216354, -0.004467867314815521, 0.019198758527636528, -0.0667666345834732, -0.0253793653100729, -0.012113182805478573, 0.025929048657417297, -0.018220050260424614, 0.015458217822015285, -0.04813096672296524, -0.024950342252850533, -0.006033129524439573, -0.003807574976235628, -0.004558364395052195, 0.011235027574002743, -0.02503078430891037, -0.007085575256496668, 0.015538659878075123, 0.020217686891555786, -0.00803746934980154, -0.015914054587483406, 0.023167217150330544, -0.02572794444859028, -0.014479510486125946, 0.02804734744131565, -0.01674528606235981, -0.0014957133680582047, 0.017053645104169846, -0.006891174707561731, 0.021357277408242226, -0.02359624020755291, 0.0030718683265149593, -0.017469260841608047, -0.02772558107972145, -0.01768377237021923, -0.024011855944991112, 0.0030400268733501434, 0.017107274383306503, -0.006807380821555853, 0.0005718903848901391, -0.00409917626529932, 0.011938893236219883, -0.01773739978671074, -0.006254344247281551, -0.0040388451889157295, -0.02362305298447609, 0.03536754474043846, 0.01961437426507473, -0.04123979061841965, -0.009378164075314999, -0.010397093370556831, 0.0018468080088496208, -0.03469719737768173, 0.054700374603271484, 0.02547321282327175, -0.0005496851517818868, 0.03450949862599373, 0.01403708104044199, 0.027350187301635742, -0.022255543619394302, -0.0052521745674312115, -0.0032997867092490196, 0.008727927692234516, 0.02535255067050457, 0.00048390726442448795, -0.012495281174778938, -0.009974773973226547, -0.009089915081858635, -0.009244094602763653, -0.005868894048035145, -0.0009577592718414962, -0.03767354041337967, -0.007528004702180624, -0.019252385944128036, 0.024052076041698456, -0.023542610928416252, -0.012139997445046902, 0.01612856611609459, -0.02342194877564907, 0.0006699287332594395, -0.004960573278367519, -0.021384092047810555, -0.011409318074584007, 0.0451546236872673, -0.002399844815954566, 0.010725563392043114, 0.006009667180478573, 0.00510134594514966, -0.04890856891870499, 0.011811526492238045, -0.0011211564997211099, 0.027618326246738434, -0.024896714836359024, 0.021209802478551865, 0.018984246999025345, -0.001930601429194212, -0.012253955937922001, -0.0019724981393665075, -0.00277691544033587, -0.020418791100382805, -0.0353139191865921, -0.04949847608804703, 0.031077319756150246, 0.023488983511924744, 0.00510134594514966, -0.0014906857395544648, 0.02339513599872589, -0.025164853781461716, -0.027015013620257378, 0.03566249832510948, 0.008225166238844395, 0.0005115590756759048, 0.017026832327246666, -0.019426677376031876, -0.01897083967924118, 0.014104115776717663, -0.028208231553435326, 0.025955863296985626, 0.020646709948778152, 0.01812620274722576, -0.00571471406146884, 0.021504754200577736, 0.0015183375217020512, 0.0016130241565406322, 0.013018152676522732, -0.014586766250431538, -0.002195388777181506, 0.021290242671966553, 0.014144336804747581, -0.0036198776215314865, -0.0011077496455982327, 0.026237409561872482, -0.02587542124092579, -0.00845978781580925, 0.009612786583602428, 0.04212465137243271, -0.027993720024824142, 0.013433768413960934, 0.046656202524900436, 0.01630285568535328, 0.01765695959329605, -0.015940869227051735, -0.02364986762404442, 0.008097800426185131, -0.020123837515711784, -0.02745744213461876, -0.005848783999681473, -0.020512640476226807, 0.015082823112607002, 0.00784306786954403, -0.016785506159067154, 0.04888175427913666, 0.025687724351882935, 0.006757104769349098, -0.04333127662539482, -0.028771324083209038, -0.015216893516480923, 0.009539048187434673, 0.03161359950900078, 0.02663961797952652, -0.011154585517942905, 0.009559158235788345, -0.015216893516480923, -0.008962549269199371, -0.010732267051935196, -0.0015401238342747092, -0.027859650552272797, 0.0023981689009815454, 0.012736606411635876, 0.020150652155280113, -0.03627921640872955, -0.00494046276435256, -0.005858839023858309, -0.002872440032660961, 0.0022238786332309246, 0.0034522907808423042, -0.015136451460421085, -0.018246864899992943, -0.0024166035000234842, -0.007648667320609093, 0.022550497204065323, -0.010839522816240788, -0.015391183085739613, -0.0019004357745870948, 0.004471219144761562, 0.015297334641218185, 0.0182066448032856, 0.007393935229629278, 0.037807609885931015, 0.0096328966319561, 0.003408718155696988, -0.01137580070644617, 0.009136839769780636, -0.0018853528890758753, 0.030246088281273842, 0.01275001373142004, -0.02248346246778965, -0.03233757242560387, -0.0021853335201740265, 0.03027290292084217, 0.0032930830493569374, 0.024226365610957146, -0.0013071780558675528, -0.007930213585495949, -0.011791416443884373, -0.02374371513724327, -0.005094642750918865, -0.0430363230407238, -0.028315488249063492, -0.012562315911054611, 0.004923704080283642, -0.004963924642652273, 0.00034606701228767633, 0.0015619101468473673, 0.009612786583602428, -0.00419972836971283, -0.006646497640758753, 0.0009083211771212518, -0.005547127220779657, -0.038477957248687744, 0.010061918757855892, 0.00318750343285501, 0.0021886853501200676, 0.016182193532586098, -0.017496075481176376, 0.058883342891931534, 0.040649887174367905, -0.016195600852370262, -0.01750948280096054, 0.032069433480501175, 0.001178136095404625, 0.002403196645900607, 0.013292995281517506, -0.006827491335570812, -0.003559546312317252, -0.01741563342511654, -0.02163882367312908, 0.016155380755662918, 0.011878561228513718, -0.025593874976038933, 0.08060260862112045, 0.008573747240006924, -0.02458835393190384, 0.020834406837821007, 0.013473989441990852, 0.020244501531124115, 0.016758693382143974, 0.0097937798127532, -0.024977155029773712, -0.023033147677779198, 0.0017328488174825907, -0.0029562334530055523, 0.0007956189219839871, 0.0019423324847593904, -0.018260272219777107, 0.01356783788651228, 0.00901617668569088, 0.007005133666098118, 0.010665232315659523, -0.034026850014925, -0.009465309791266918, -0.016879355534911156, -0.0013892956776544452, 0.012072962708771229, 0.009760262444615364, 0.0039885686710476875, 0.02532573603093624, 0.022724786773324013, -0.018689293414354324, -0.03957732766866684, -0.001970822224393487, -0.0016264311270788312, -0.045422762632369995, -0.01532414834946394, -0.008593857288360596, -0.013903011567890644, -0.002488665981218219, 0.010785894468426704, 0.01563250832259655, 0.0162760429084301, 0.002931095426902175, -0.014291813597083092, -0.0207807794213295, -0.017522890120744705, -0.012099776417016983, -0.00678391894325614, 0.014600173570215702, -0.010464128106832504, -0.04250004515051842]","[0.000643072125967592, 0.013230848126113415, -0.013895101845264435, -0.03920452296733856, -0.032128188759088516, 0.0256347693502903, -0.000976893468759954, -0.007239009253680706, -0.033673595637083054, -0.030691230669617653, 0.0276953112334013, -0.0063849687576293945, 0.005649545229971409, 0.007571136113256216, -0.00865563191473484, 0.01689102128148079, 0.014938929118216038, 0.000954017392359674, -0.008350617252290249, 0.00042977381963282824, -0.019710710272192955, 0.014193338342010975, 0.01538628339767456, 0.016741903498768806, -0.00348055362701416, -0.0021571298129856586, 0.022272832691669464, -0.01142109651118517, 0.00902164913713932, 0.006700150668621063, 0.02811555378139019, 0.03136904165148735, -0.02183903381228447, -0.012241246178746223, -0.03806580230593681, 0.008804749697446823, -0.01415267027914524, -0.004832784179598093, 0.019629374146461487, -0.00569021375849843, 0.015684520825743675, 0.008614962920546532, 0.00140814995393157, -0.003934686072170734, -0.002948472974821925, 0.006496807560324669, -0.011800670064985752, -0.010268819518387318, -0.006269741337746382, -0.010689061135053635, 0.0004134640039410442, 0.027600416913628578, -0.03668307140469551, 0.0002268544922117144, -0.022598180919885635, -0.003497498808428645, 0.007713476195931435, -0.0023062480613589287, -0.006313798949122429, -0.003589003114029765, 0.008154052309691906, 0.007503355387598276, -0.023696232587099075, -0.0011378732742741704, 0.003268738044425845, 0.01131264679133892, -0.018978675827383995, 0.00659509003162384, 0.015806525945663452, -0.002013095188885927, 0.03142326697707176, 0.010743286460638046, -0.0043244268745183945, 0.017880624160170555, 0.007516911253333092, -0.005710548255592585, -0.013976438902318478, -0.003860127180814743, 0.01575230062007904, -0.015942087396979332, 0.0041990322060883045, -0.009997695684432983, -0.040587253868579865, 0.01499315444380045, 0.021500129252672195, 0.0058359429240226746, 0.03714397922158241, 0.024658722802996635, -0.0010929683921858668, -0.011434651911258698, 0.010844958014786243, 0.026068566367030144, 0.036520395427942276, 0.017107920721173286, -0.028278227895498276, 0.0361679345369339, -0.011949787847697735, 0.04652486741542816, 0.035788360983133316, 0.009428335353732109, -0.02449604868888855, 0.009746905416250229, -0.03475809097290039, -0.011882007122039795, -0.011177084408700466, -0.006120623089373112, 0.010363712906837463, -0.018897339701652527, -0.012403920292854309, -0.006767931394279003, -0.02147301658987999, 0.04153618961572647, 0.015698077157139778, -0.006683205254375935, 0.010811067186295986, -0.046036846935749054, 0.01130586862564087, -0.02399446815252304, -0.03153171390295029, -0.02070031315088272, 0.03603237122297287, 0.0029281387105584145, 0.00544959120452404, -0.028874700888991356, 0.010384047403931618, 0.0148847047239542, -0.020483413711190224, -0.0036872855853289366, 0.006198571063578129, -0.013793430291116238, 0.04858541116118431, 0.01735193282365799, 0.000923515937756747, 0.02536364458501339, 2.0148956537013873e-05, 0.005676657427102327, -0.018612658604979515, 0.03410739079117775, -0.0008684438653290272, -0.0019961500074714422, 0.01983271725475788, 0.016999471932649612, 0.0299863088876009, -0.008079493418335915, 0.026136348024010658, 0.036195047199726105, -0.014247563667595387, -0.02678704634308815, -0.0041753086261451244, -0.0027468244079500437, -0.027071725577116013, -0.0006396830431185663, 0.004832784179598093, 0.0067170956172049046, 0.018395759165287018, 0.012254802510142326, -0.006357856560498476, -0.0027976601850241423, -0.011068634688854218, -0.023547114804387093, -0.00111076096072793, -0.012376807630062103, 0.013020727783441544, 0.014911817386746407, 0.013976438902318478, 0.02453671768307686, 0.01698591560125351, -0.01078395452350378, 0.002619735198095441, 0.0009701153612695634, -0.01863977126777172, 0.01868044026196003, -0.033402469009160995, 0.0010031586280092597, 0.018111079931259155, 0.00502596003934741, 0.00683571258559823, -0.002573983045294881, -0.0028722193092107773, 0.003816069569438696, -0.016565673053264618, 0.011990456841886044, -0.00571393733844161, 0.042376670986413956, -0.03567991033196449, -0.03519188612699509, 0.011875228956341743, 0.004317648708820343, 0.0015547263901680708, 0.0045074354857206345, 0.016335217282176018, 0.016999471932649612, -0.011048301123082638, 0.01396288350224495, -0.6151260137557983, -0.04115661606192589, -0.030392993241548538, -0.027437742799520493, 0.01744682528078556, 0.021039217710494995, 0.0012590318219736218, 0.004104138817638159, -0.025580544024705887, 0.026909051463007927, -0.014681361615657806, 0.04001789540052414, -0.006218905560672283, -0.023642007261514664, -0.03638483211398125, -0.023370884358882904, 0.006852657534182072, -0.009482559747993946, -0.009041983634233475, -0.01439668145030737, 4.056268517160788e-05, -0.011210975237190723, -0.0012234468013048172, -0.0033094065729528666, 0.0013064785161986947, -0.006344300229102373, 0.00456843851134181, -0.02568899281322956, -0.019995391368865967, 0.004514213651418686, -0.03378204256296158, 0.006188403815031052, -0.0025858446024358273, 9.918264549924061e-05, 0.042702022939920425, 0.005330974701792002, -0.04560304805636406, 0.017324820160865784, 0.004134640097618103, 0.019168462604284286, -0.012132796458899975, -0.021988151594996452, 0.0057241041213274, -0.0023977523669600487, -0.0001759128354024142, 0.007998156361281872, -0.03231797367334366, 0.013251182623207569, 0.02591944858431816, -0.021174779161810875, -0.018707552924752235, -0.014966041781008244, -0.008391286246478558, -0.010492496192455292, 0.0009277522331103683, 0.010933073237538338, 0.018707552924752235, -0.008614962920546532, 0.014112001284956932, 0.010824623517692089, -0.004575216677039862, 0.022923529148101807, -0.0421326607465744, -0.03058278001844883, -0.009814687073230743, -0.0003177233738824725, -0.001318340189754963, -0.019670041278004646, -0.021540798246860504, -0.030962353572249413, 0.022286389023065567, -0.008323505520820618, -0.0020419021602720022, 0.017040139064192772, 0.005042905453592539, 0.03348380699753761, 0.011475320905447006, -0.0021113776601850986, -0.027315737679600716, -0.011346536688506603, 0.023913132026791573, -0.0127089349552989, -0.002485867589712143, 0.015196496620774269, -0.017880624160170555, 0.010478940792381763, -0.003483942709863186, -0.0052055795677006245, -0.0064561390317976475, 0.0006667954730801284, 0.015996312722563744, 0.02322176657617092, 0.01495248544961214, 0.010323043912649155, -0.0258652251213789, 0.002411308465525508, 0.010424715466797352, 0.005405533593147993, 0.03684574365615845, -0.02023940160870552, -0.023452220484614372, -0.022354168817400932, 0.007333902642130852, 0.0009726571734063327, 0.035788360983133316, 0.02262529358267784, -0.005920669063925743, 0.00392790837213397, 0.04080415517091751, -0.03576124832034111, 0.018395759165287018, -0.009421557188034058, -0.011332981288433075, 0.017880624160170555, 0.004883619956672192, -0.03191128745675087, 0.009408000856637955, 0.007320346310734749, 0.004022801294922829, -0.010546721518039703, 0.012742825783789158, -0.008113384246826172, 0.018287310376763344, -0.017745062708854675, 0.03177572786808014, 0.024346930906176567, 0.01093985140323639, -0.002318109618499875, 0.011949787847697735, 0.007632139138877392, 0.016904577612876892, -0.03774045407772064, 0.027871541678905487, -0.02619057334959507, -0.005269971676170826, 0.010472162626683712, 0.008899643085896969, 0.016064094379544258, 0.021581465378403664, 0.004446432460099459, 0.006642536725848913, -0.013407079502940178, 0.019019344821572304, -0.023872463032603264, -0.01991405338048935, -0.03557145968079567, -0.02394024468958378, 0.004097360651940107, -0.05078151449561119, -0.0019012566190212965, 0.003180622821673751, -0.01657922938466072, 0.007374571170657873, 0.032670434564352036, 0.0021554352715611458, -0.01178711373358965, -0.02528230845928192, -0.021771252155303955, -0.017975516617298126, -0.025905892252922058, 0.00681198900565505, 0.026339691132307053, -0.03730665519833565, -0.011936231516301632, -0.002101210644468665, -0.027627529576420784, -0.004022801294922829, -0.019520923495292664, -0.008553960360586643, -0.03806580230593681, -0.005886778701096773, -0.008987758308649063, -0.013827321119606495, -0.006896715145558119, -0.009401222690939903, -0.008201499469578266, -0.013895101845264435, -0.002274052007123828, 0.014789811335504055, -0.0047277240082621574, -0.0016318272100761533, -0.013684981502592564, -0.004226144403219223, -0.008194721303880215, 0.016647011041641235, -0.01215990912169218, -0.016606342047452927, 0.020998548716306686, -0.011454986408352852, 0.042051322758197784, 0.012627597898244858, 0.00890642125159502, 0.005602098535746336, -0.0026095679495483637, -0.023506445810198784, 0.02971518412232399, 0.006866213865578175, 0.02051052637398243, 0.01634877361357212, 0.03763200342655182, 0.009557118639349937, 0.005327585618942976, 0.033998943865299225, -0.03210107609629631, 0.01058061234652996, -0.021229004487395287, 0.01927691325545311, -0.022787967696785927, 0.026841269806027412, 0.022950641810894012, 0.0031823173630982637, 0.014857592061161995, 0.007537245750427246, -0.009489337913691998, 0.008052380755543709, 0.03098946623504162, -0.0019300635904073715, -0.0020842652302235365, -0.011061856523156166, 0.030528556555509567, 0.022191494703292847, -0.011922675184905529, 0.010262041352689266, 0.005497037898749113, -0.004253257066011429, 0.0021147667430341244, 0.026814159005880356, 0.01518294122070074, -0.0010726341279223561, -0.02093076892197132, -0.013271517120301723, -0.01685035228729248, -0.004609107039868832, 0.028684914112091064, 0.005395366344600916, 0.023275990039110184, 0.02395380102097988, -0.00486667500808835, 0.045901283621788025, -0.005893556866794825, -0.005795274395495653, -0.00895386841148138, 0.010458606295287609, -0.007069556973874569, 0.012092127464711666, -0.008242167532444, 0.02651592157781124, 0.0028146053664386272, 0.0017275678692385554, 0.020551195368170738, -8.530872582923621e-05, -0.0015564209315925837, -0.007828704081475735, -0.01638944260776043, 0.0069136605598032475, -0.005754605866968632, 0.021120555698871613, 0.028088441118597984, 0.018165303394198418, 0.010106145404279232, -0.0025943173095583916, -0.0021283230744302273, -0.016497891396284103, -0.03345669433474541, -0.004710778594017029, -0.0025045075453817844, -0.012058237567543983, -0.014911817386746407, -0.0208358746021986, -0.02596011757850647, -0.030826792120933533, -0.02806132845580578, 0.0106483930721879, 0.011278755962848663, 0.009421557188034058, 0.0047277240082621574, -0.006818767171353102, -0.012031124904751778, 0.0004136758216191083, 0.03248064965009689, 0.005561430007219315, -0.011414318345487118, 0.006801821757107973, 0.00913687702268362, -0.0007705850875936449, 0.006689983420073986, 0.016402998939156532, 0.015508289448916912, 0.025390757247805595, 0.03467675298452377, -0.0031890952959656715, 0.01561673916876316, -0.015942087396979332, -0.014545799233019352, -0.016511447727680206, 0.00038550436147488654, 0.01858554594218731, 0.006940772756934166, 0.015304946340620518, -0.008994536474347115, 0.010824623517692089, -0.0026587091851979494, -0.03622215986251831, -0.011136416345834732, 0.036249272525310516, 0.030528556555509567, -0.020713869482278824, -0.04066859185695648, 0.005880000535398722, -0.009516450576484203, 0.008167608641088009, -0.015942087396979332, -0.01215313095599413, -0.004131251014769077, 0.01991405338048935, -0.0004833631683140993, -0.005344530567526817, -0.01307495217770338, 0.03643905743956566, -0.010275597684085369, -0.00447693420574069, -0.01078395452350378, -0.014667805284261703, 0.04733823984861374, 0.045630160719156265, 0.033077120780944824, -0.009367331862449646, 0.01131264679133892, -0.035788360983133316, 0.01105507928878069, -0.025255195796489716, -0.024848509579896927, 0.034866537898778915, -0.0254043135792017, -0.039855219423770905, 0.01914134994149208, -0.01396288350224495, -0.005991839338093996, 0.03153171390295029, -0.012939389795064926, -0.0035415564198046923, -0.02797999046742916, 0.0012361557455733418, -0.0019927609246224165, 0.015535402111709118, 0.010146813467144966, 0.024563828483223915, 0.042647797614336014, 0.026841269806027412, -0.0042905365116894245, 0.026136348024010658, -0.006347689311951399, 0.022638849914073944, -0.012437811121344566, 0.004815839231014252, 0.0037313431967049837, -9.203387162415311e-05, 0.00028023202321492136, -0.037930238991975784, 0.03516477718949318, 0.009123320691287518, 0.014139113947749138, 0.0009794352808967233, -0.0025062018539756536, 0.00699499761685729, 0.032128188759088516, 0.012993615120649338, 0.0026214297395199537, 0.01571163348853588, -0.0124784791842103, -0.00607995456084609, 0.01251914817839861, 0.007503355387598276, -0.01336641050875187, -0.00044354182318784297, -0.021540798246860504, -0.034324292093515396, 0.00799137819558382, -0.0024723114911466837, -0.017433268949389458, -0.004500657320022583, -0.01575230062007904, -0.014681361615657806, -0.018856670707464218, -0.014559355564415455, -0.00411091698333621, 0.015196496620774269, 0.008262502029538155, -0.017826398834586143, -0.019751379266381264, -0.019710710272192955, 0.011529545299708843, -0.022489730268716812, -0.022598180919885635, -0.0012836024397984147, -0.013718871399760246, -0.03329402208328247, 0.00390418479219079, 0.03947564586997032, 0.009787574410438538, 0.019819160923361778, 0.018368646502494812, 0.008960646577179432, -0.012004012241959572, -0.017961962148547173, -0.04175308719277382, 0.022150825709104538, -0.015874307602643967, -0.007435574196279049, 0.01661989837884903, 0.004585383925586939, -0.012349695898592472, -0.026759933680295944, -0.0032280695158988237, -0.016836797818541527, 0.00854040402919054, 0.01881600171327591, -0.008675966411828995, 0.00420242128893733, 0.006157902535051107, 0.006578144617378712, 0.02871202491223812, 0.02166280336678028, -0.0037720119580626488, -0.013217292726039886, 0.010919516906142235, -0.013393523171544075, 0.0024367263540625572, 0.011387205682694912, -0.02216438204050064, 0.025566987693309784, 0.009780796244740486, 0.0011675275163725019, -0.03519188612699509, -0.0011692220577970147, 0.01319018006324768, 0.006012173369526863, 0.004297314677387476, 0.028278227895498276, 0.010302710346877575, 0.03904184699058533, 0.04733823984861374, 0.028468014672398567, -0.0020046227145940065, 0.007903262972831726, -0.043840743601322174, 0.024021580815315247, -0.000543942442163825, -0.020944325253367424, 0.018843114376068115, 0.004314259625971317, -0.009448669850826263, 0.006771320477128029, -0.002314720768481493, 1.650837657507509e-05, 0.013027505949139595, -0.0027502134907990694, -0.007503355387598276, -0.02056475169956684, -0.0008870836463756859, -0.0007739741122350097, 0.01415267027914524, -0.01071617379784584, -0.011319424957036972, -0.007781257387250662, -0.0012293775798752904, -0.01211246196180582, -0.026434585452079773, 0.007150894030928612, -0.02349288947880268, -0.005669879261404276, -0.00408719340339303, -0.014410237781703472, 0.014505131170153618, 0.010241706855595112, 0.005673268344253302, 0.006656093057245016, -0.03860804811120033, 0.014057776890695095, -0.030609892681241035, 0.007889706641435623, 0.01289194356650114, 0.019073570147156715, 0.011536323465406895, 0.02399446815252304, 0.001112455385737121, -0.0015462537994608283, -0.01735193282365799, 0.022950641810894012, 0.01112963818013668, 0.0031552049331367016, -0.03877072408795357, 0.004005856346338987, 0.0019351470982655883, 0.018029741942882538, -0.002179158618673682, 0.046036846935749054, 0.002319804159924388, -0.018829558044672012, 0.031477488577365875, -0.02160857804119587, 0.0036567843053489923, -0.008967424742877483, -0.04492523893713951, 0.0033077120315283537, 0.01666056551039219, -0.028630688786506653, -0.011143194511532784, -0.0453319251537323, 0.008709856308996677, 0.005002236925065517, -0.008499735966324806, 0.01895156316459179, 0.014572911895811558, -0.012864830903708935, -0.01462713722139597, -0.011658329516649246, -0.00975368358194828, 0.04996814206242561, 0.003326351987197995, -0.02087654359638691, -0.01542695239186287, 0.004219366237521172, 0.022218607366085052, 0.010194260627031326, 0.0024757005739957094, -0.019073570147156715, 0.015399839729070663, 0.0001883040531538427, 0.021459460258483887, -0.01918201893568039, -0.005842721089720726, 0.028468014672398567, -0.014857592061161995, -0.008316727355122566, 0.0004676888056565076, 0.019249800592660904, 0.00045879255048930645, 0.016308104619383812, -0.00041642942233011127, 0.01311562117189169, -9.860015416052192e-05, -0.035788360983133316, -0.0361679345369339, 0.01937180571258068, -0.027898654341697693, 0.020917212590575218, 0.011895563453435898, 0.002573983045294881, 0.01863977126777172, -0.0027502134907990694, -0.009238548576831818, -0.018829558044672012, 0.0043244268745183945, -0.004138029180467129, 0.033863380551338196, 0.025146745145320892, 0.01451868750154972, -0.0018029742641374469, 0.0006595937302336097, 0.009835020639002323, -0.026109235361218452, -0.020890099927783012, 0.0006320577231235802, 0.007916819304227829, 0.003910962957888842, 0.0036533952224999666, -0.008648853749036789, -0.005283528007566929, -0.011807448230683804, 0.007882928475737572, 0.01190234161913395, 0.0036161155439913273, 0.014410237781703472, -0.018395759165287018, 0.02014450915157795, -0.016036981716752052, 0.018422871828079224, 0.019534479826688766, -0.011522768065333366, -0.03589681163430214, -0.006689983420073986, -0.014789811335504055, 0.010092589072883129, -0.011346536688506603, 0.0037143980152904987, 0.011156749911606312, 0.009462225250899792, 0.012539482675492764, 0.006737430114299059, -0.015372727997601032, 0.00445321062579751, 0.015942087396979332, 0.025295864790678024, -0.0055377064272761345, -0.009889245964586735, 0.031396154314279556, -0.019060013815760612, -0.012864830903708935, -0.01625388115644455, -0.00805915892124176, -0.020171621814370155, -0.011454986408352852, -0.007754144724458456, 0.030284544453024864, 0.018016185611486435, -0.0017572221113368869, -0.00201478973031044, 0.002060541883111, 0.0012920750305056572, -0.00957067497074604, -0.015603182837367058, 0.007679585833102465, -0.010472162626683712, 0.005642767064273357, -0.009150433354079723, 0.013108843006193638, 0.0014259425224736333, -0.0033043231815099716, 0.009394444525241852, 0.016430111601948738, 0.016145430505275726, -0.010607724077999592, 0.00644597178325057, 0.010065476410090923, -0.0019910663831979036, -0.020998548716306686, 0.012783493846654892, -0.0010997464414685965, -0.0210663303732872, 0.02179836481809616, -0.017107920721173286, -0.008120162412524223, -0.021581465378403664, 0.019304024055600166, 0.010363712906837463, -0.016552116721868515, -0.005158132873475552, 0.003999078180640936, 0.007069556973874569, 0.03703553229570389, -0.006910271476954222, -0.03822847455739975, 0.01307495217770338, -0.012668265961110592, 0.02990497089922428, -0.002060541883111, -0.014613580889999866, 0.0012293775798752904, -0.017460381612181664, 0.022286389023065567, -0.002545176073908806, -0.03375492990016937, -0.0015826859744265676, -0.006896715145558119, -0.014234007336199284, -0.016199655830860138, 0.0038669053465127945, -0.012248024344444275, 0.015901418402791023, -0.014938929118216038, -0.008730190806090832, -0.02917293645441532, -0.0055953203700482845, -0.021269673481583595, 0.005273360759019852, -0.003165371948853135, 0.01794840581715107, -0.02632613480091095, -0.022598180919885635, -0.026814159005880356, -0.007835482247173786, -0.034595414996147156, -0.03492076322436333, -0.017135033383965492, 0.03483942523598671, 0.011373649351298809, -0.006750986445695162, -0.03437851741909981, -0.002955250907689333, -0.04375940561294556, 0.0019792048260569572, -0.01119741890579462, 0.007022110279649496, 0.03622215986251831, 0.017826398834586143, -0.009238548576831818, 0.013210514560341835, 0.00456843851134181, 0.013244404457509518, -0.015481176786124706, 0.00769314169883728, -0.021784808486700058, -0.009530006907880306, 0.019520923495292664, -0.004375262651592493, -0.016958802938461304, -0.02170347236096859, 0.0024282538797706366, 0.00158014427870512, 0.01850420981645584, 0.014301788061857224, -0.03630349785089493, -0.0006112997652962804, -0.01396288350224495, 0.017975516617298126, 0.0274784117937088, 0.00131664564833045, 0.014450905844569206, -0.009597787633538246, 0.012207355350255966, -0.00598845025524497, 0.004409153014421463, -0.013176623731851578, 0.008113384246826172, -0.03483942523598671, -0.009889245964586735, 0.00502596003934741, -0.0012175159063190222, -0.025309421122074127, 0.007652473170310259, -0.004832784179598093, 0.020090283825993538, 0.012939389795064926, -0.0006367176538333297, 0.014044220559298992, -0.008316727355122566, 0.004124472849071026, -0.006683205254375935, 0.012024346739053726, -0.01689102128148079, -0.027397073805332184, 0.00296541815623641, -0.03378204256296158, 0.008520069532096386, 0.0019910663831979036, -0.0023367495741695166, -0.022733742371201515, 0.00046895971172489226, -0.0010938156628981233, -0.005602098535746336, -0.028142664581537247, 0.006981441751122475, -0.003585614264011383, -0.024753615260124207, -0.018246641382575035, -0.019859828054904938, -0.01908712647855282, -0.0006282450049184263, -0.03581547364592552, 0.003768622875213623, -0.03226374834775925, 0.007740588393062353, 0.0136239780113101, -0.017731506377458572, -0.016457224264740944, 0.014559355564415455, 0.002892553573474288, 0.004615885205566883, 0.037984464317560196, 0.2238399237394333, 0.005558040924370289, -0.0017385822720825672, 0.018029741942882538, -0.02403513714671135, 0.00011607493797782809, 0.02116122469305992, 0.001289533218368888, -0.020185178145766258, -0.005286917090415955, 0.009238548576831818, 0.0006939078448340297, -0.00589694594964385, 0.010634836740791798, -0.0029264441691339016, -0.019060013815760612, -0.05671912804245949, -0.03915029764175415, -0.03150460124015808, 0.0038567380979657173, 0.031477488577365875, 0.031667277216911316, -0.012715713120996952, -0.011698998510837555, 0.024075806140899658, 0.02985074557363987, 0.018124636262655258, 0.01844998449087143, 0.009102986194193363, -0.003299239557236433, -0.004707389511168003, -0.008709856308996677, 0.014776255004107952, -0.008154052309691906, -0.009224992245435715, -0.02097143791615963, 0.016931690275669098, -0.018938006833195686, 0.011319424957036972, 0.012803828343749046, 0.023926688358187675, 0.006612034980207682, 0.010424715466797352, -0.020795205608010292, 0.004066859371960163, 0.016565673053264618, 0.003975354600697756, 0.004704000428318977, -0.008377729915082455, 0.006313798949122429, -0.03196551278233528, 0.0005778329214081168, 0.03614082187414169, 0.017704393714666367, 0.01119741890579462, 0.010431493632495403, -0.007550802081823349, -0.0018233085284009576, -0.007137337699532509, 0.026407472789287567, -0.0208358746021986, 0.03223663568496704, -0.004253257066011429, 0.01409844495356083, 0.008899643085896969, 0.013095286674797535, -0.014871148392558098, -0.024577384814620018, 0.007686363998800516, -0.0001385273935738951, 0.0009828242473304272, -0.0320468507707119, 0.008438732475042343, 0.031070804223418236, 0.007747366558760405, -0.0014471240574494004, 0.028901811689138412, 0.030528556555509567, 0.005192023701965809, -0.0028129108250141144, -0.013237626291811466, -0.003724565263837576, -0.04413897916674614, 0.012749603018164635, -0.033348243683576584, -0.04308159649372101, 0.022679517045617104, -0.020076727494597435, -0.005520761478692293, -0.01123808789998293, 0.005957948509603739, -0.0011463459813967347, -0.03416161611676216, 0.000692636938765645, -0.008025269024074078, 0.026665039360523224, 0.0015640462515875697, 0.01675545983016491, -0.014545799233019352, -0.03860804811120033, -0.015304946340620518, 0.08117450773715973, 0.006493418477475643, 0.015088047832250595, -0.000799392000772059, 0.012980058789253235, -0.014613580889999866, 0.009855355136096478, -0.0017809454584494233, -0.03223663568496704, 0.0017148589249700308, -0.020551195368170738, 0.0013581615639850497, 0.00668659433722496, -0.010485718958079815, -0.004260034766048193, -0.01721637137234211, 0.0023740290198475122, 0.01542695239186287, -0.01060094591230154, 0.0174061581492424, -0.019670041278004646, 0.014206894673407078, 0.0028806920163333416, 0.01380698662251234, -0.026217686012387276, -0.026068566367030144, 0.02819688990712166, 0.0021317119244486094, -0.03803868964314461, 0.03226374834775925, -0.019032901152968407, -0.026678595691919327, -0.010912738740444183, 0.0021164612844586372, 0.0032026516273617744, -0.019073570147156715, -0.02705816924571991, 0.008364173583686352, 0.0013861211482435465, -0.018802445381879807, -0.0008667493821121752, 0.021811921149492264, 0.01661989837884903, 0.03272465988993645, -0.03185706213116646, -0.01652500405907631, -0.0251874141395092, -0.018016185611486435, -0.04240378364920616, -0.012383585795760155, -9.844129090197384e-05, 0.0010404381901025772, -0.01652500405907631, 0.026719264686107635, -0.0007070404244586825, -0.00044523636461235583, -0.018992232158780098, 0.010926295071840286, 0.022909972816705704, -0.03437851741909981, 0.009333441965281963, 0.049019210040569305, -0.021676359698176384, -0.02632613480091095, -0.0016402999171987176, -0.17178413271903992, 0.02193392626941204, 0.02844090200960636, -0.0005316571332514286, -0.009746905416250229, 0.03098946623504162, 0.003463608445599675, 0.01114997174590826, -0.03332113102078438, 0.0017707782099023461, -0.011685442179441452, -0.0031365652102977037, -0.025377200916409492, -0.01840931549668312, 0.00427020201459527, -0.015277834609150887, -0.004405763931572437, -0.006700150668621063, 0.010689061135053635, 0.016308104619383812, 0.027573304250836372, -0.013244404457509518, 0.006107066757977009, 0.014179782010614872, 0.023018423467874527, -0.009943470358848572, -0.0013327436754480004, 0.030230319127440453, -0.01332574151456356, -0.014789811335504055, 0.00642224820330739, -0.00044693087693303823, 0.019290467724204063, 0.022598180919885635, -0.004354928154498339, -0.0021859367843717337, 0.00504968361929059, -0.00129376957193017, -0.013447747565805912, -0.0021757697686553, 0.011502433568239212, 0.03164016455411911, 0.0087030790746212, 0.00780836958438158, 0.01987338438630104, 0.02413003146648407, 0.03519188612699509, -0.0034941097255796194, -0.01685035228729248, -0.018422871828079224, 4.53086749985232e-06, -0.02399446815252304, -0.003829625668004155, -0.006408692337572575, 0.02224572002887726, 0.014234007336199284, 0.032860223203897476, 0.00018375001673121005, -0.004483712371438742, 0.004297314677387476, 0.0016021730843931437, -0.0194531437009573, 0.018897339701652527, -0.0026739598251879215, -0.0412108413875103, -0.00957067497074604, -0.020496970042586327, 0.02797999046742916, 0.00012253531895112246, 0.018192416056990623, -0.02659725956618786, 0.0008980980492196977, 0.018422871828079224, 0.0030535333789885044, 0.021852590143680573, -0.002362167462706566, -0.0062155164778232574, 0.003268738044425845, 0.0023350550327450037, 0.02619057334959507, 0.0031077582389116287, 0.022652406245470047, -0.000511322810780257, 0.014572911895811558, -0.024346930906176567, 0.009509672410786152, -0.013861211948096752, -0.0018860059790313244, 0.0038059023208916187, -0.009231770411133766, 0.01629454828798771, -0.026570146903395653, -0.02871202491223812, -0.00902164913713932, -0.0044023748487234116, 0.00022833720140624791, -0.016728347167372704, -0.004893787205219269, 0.0030179484747350216, -0.01844998449087143, 0.010506052523851395, 0.011393983848392963, -0.021554352715611458, 0.007205118890851736, 0.00392790837213397, -0.027681754902005196, -0.0019487033132463694, 0.00030120176961645484, 0.036195047199726105, 0.008553960360586643, -0.007788035087287426, 0.021676359698176384, 0.0074423523619771, 0.009285994805395603, 0.016416555270552635, 0.031667277216911316, 0.00310267461463809, -0.02366911992430687, -0.008947090245783329, 0.03741510584950447, 0.053140293806791306, -0.013908658176660538, 0.002570593962445855, -0.02605501189827919, -0.005103908479213715, 0.01075684279203415, -0.0961405485868454, 0.002016484271734953, 0.009163989685475826, 0.020063171163201332, -0.01817885972559452, 0.033592257648706436, -0.0005676657310687006, 0.023330215364694595, -0.03980099409818649, 0.02779020369052887, -0.005764772649854422, -0.012614041566848755, -0.0022147437557578087, -0.0034907208755612373, 0.004127861931920052, 0.006449360866099596, -0.00033572770189493895, -0.020117396488785744, 0.013285073451697826, 0.025743218138813972, 0.019520923495292664, -0.04571149870753288, 0.021079886704683304, -0.025621213018894196, -0.009665568359196186, -0.018612658604979515, -0.013359632343053818, 0.01101441029459238, 0.021906815469264984, -0.020402077585458755, -0.03172150254249573, -0.025607656687498093, -0.0039584096521139145, -0.009679124690592289, 0.0004193948407191783, -0.0030264209490269423, -0.000986213330179453, -0.0004117694916203618, 0.019981835037469864, -0.0215272419154644, 0.012071793898940086, 0.009340220130980015, -0.008255723863840103, -0.03356514498591423, 0.0295253973454237, -0.007571136113256216, -0.011834559962153435, 0.016728347167372704, -0.01831442303955555, -0.008594629354774952, -0.0013886629603803158, -0.002091043395921588, -0.02206948958337307, -0.01615898683667183, 0.01142787467688322, -0.017636612057685852, 0.004578605759888887, -5.315247108228505e-06, -0.01638944260776043, 0.017189258709549904, -0.003168761031702161, 0.0032907668501138687, -0.022137269377708435, -0.005808830726891756, 0.017040139064192772, 0.03565279766917229, -0.0038702941965311766, -0.010960185900330544, -0.011468542739748955, -0.0067306519486010075, -0.017040139064192772, 0.010851736180484295, -0.010302710346877575, 0.01428823173046112, -0.02362845093011856, -0.023614896461367607, -0.002153740730136633, -0.0004926830297335982, 0.011644773185253143, -0.0033077120315283537, -0.019656486809253693, -0.01499315444380045, 0.01011970080435276, -0.01708080805838108, -0.0015564209315925837, 0.01233613956719637, 0.021689916029572487, 0.005351308733224869, 0.01023492868989706, -0.02041563391685486, 0.018599102273583412, 0.017419712617993355, 0.023099759593605995, -0.009706237353384495, -0.011285534128546715, 0.026624372228980064, 0.028332451358437538, 0.018124636262655258, 0.0084726233035326, -0.010079032741487026, -0.009401222690939903, -0.024116475135087967, -0.04880230873823166, 0.009943470358848572, -0.014247563667595387, -0.023181097581982613, -0.012736047618091106, 0.032860223203897476, 0.008201499469578266, -0.00517507828772068, 0.008967424742877483, 0.031152140349149704, -0.012512370012700558, 0.038120027631521225, -0.03540878742933273, -0.015738744288682938, -0.03310423344373703, 0.023452220484614372, 0.0274784117937088, 0.0027773259207606316, 0.015142272226512432, 0.019724266603589058, -0.021771252155303955, 0.014057776890695095, 0.008858975023031235, -0.012017568573355675, 0.008370951749384403, 0.0009167378302663565, 0.002063930965960026, 0.014600024558603764, -0.024008024483919144, -0.018002629280090332, 0.03904184699058533, -0.017013028264045715, -0.02070031315088272, 0.015372727997601032, -0.03760489076375961, -0.010356934741139412, 0.01872110925614834, 0.02183903381228447, 0.020917212590575218, -0.0068797701969742775, 0.0026214297395199537, -0.027044612914323807, -0.00277054775506258, -0.020618975162506104, 0.006767931394279003, 0.014179782010614872, -0.029606735333800316, 0.017324820160865784, 0.0021893258672207594, -0.0007061931537464261, 0.02655659057199955, 0.024116475135087967, -0.00392790837213397, -0.0033365190029144287, 0.007184784393757582, -0.022598180919885635, 0.0054123117588460445, 0.000305226247292012, 0.0002457060618326068, -0.014925372786819935, 0.04378651827573776, -0.019385362043976784, 0.01462713722139597, -0.018151748925447464, -0.020388521254062653, 0.009828243404626846, -0.006828934419900179, 0.019588705152273178, -0.01744682528078556, -0.023736901581287384, -0.008696300908923149, -0.024333374574780464, -0.0015920059522613883, -0.00557498587295413, 0.025675438344478607, -0.007503355387598276, -0.009455448016524315, 0.0011031355243176222, -0.021256117150187492, 0.0238046832382679, 0.03126059100031853, -0.035327449440956116, -0.02774953655898571, 0.017460381612181664, 0.0031890952959656715, 0.0019792048260569572, -0.0037448995281010866, 0.004971735179424286, -0.01264115422964096, 0.00872341264039278, -0.03608659654855728, 0.02224572002887726, -0.011461764574050903, -0.006883159279823303, 0.019900497049093246, 0.0044159311801195145, -0.012898721732199192, -0.003241625614464283, -0.004575216677039862, 0.01481692399829626, 0.012146352790296078, 0.0028891644906252623, 0.014166225679218769, -0.002360472921282053, -0.030528556555509567, -0.0027603807393461466, -0.02536364458501339, -0.02060542069375515, -0.0044735451228916645, 0.02619057334959507, -0.014749142341315746, -0.01598275639116764, 0.03348380699753761, 0.01629454828798771, -0.003636449808254838, -0.00642224820330739, 0.002333360491320491, -0.0025994007010012865, -0.03668307140469551, 0.001501348800957203, 0.008459066972136497, -0.03676440566778183, 0.011895563453435898, -0.0021300173830240965, 0.022367725148797035, 0.007252565585076809, 0.00301117030903697, -0.019981835037469864, 0.0148847047239542, 0.007164450362324715, 0.003948242403566837, 0.005500426981598139, 0.011834559962153435, -0.03128770366311073, -0.007652473170310259, -0.015833638608455658, 0.017894180491566658, 0.028603576123714447, -0.026773490011692047, 0.07103447616100311, 0.0293084979057312, -0.007022110279649496, 0.009184323251247406, -0.016823241487145424, -0.0024163920897990465, 0.03123347833752632, -0.00015992076077964157, -0.008011712692677975, 0.011570214293897152, 0.0728238895535469, 0.016186099499464035, 0.0029281387105584145, -0.033592257648706436, -0.004944622982293367, -0.00495817931368947, -0.00954356323927641, 0.01685035228729248, 0.00401941267773509, -0.0010844958014786243, 0.009414779022336006, 0.021622134372591972, 0.003089118516072631, -0.005344530567526817, -0.0254043135792017, -0.011177084408700466, 0.01348163839429617, -0.02116122469305992, -0.028549350798130035, -0.01931758038699627, 0.02482139691710472, 0.023831794038414955, -0.021174779161810875, -0.03717109188437462, -0.03218241035938263, -0.00854040402919054, -0.0028586629778146744, 0.020632531493902206, 0.006876381114125252, 0.010438271798193455, -0.007530467584729195, 0.011590548790991306, 0.004080415237694979, -0.022042376920580864, -0.03410739079117775, 0.00565632339566946, 0.0015928532229736447, -0.014071332290768623, -0.029335610568523407]"
12378,"Is there a prefered order to MongoDB bindIP addresses?<p>Is there a preferred order of multiple IPs listed in MongoDB's config file (net.bindIP)? Is it better to have the loopback IP listed first?  If so, why?</p>
<p>I am running a replica set (primary-secondary-secondary) configuration.  All 3 machines have the mongodb application set to one of 3 private IP addresses (192.168.x.x) and then the loopback IP (127.0.0.1) address listed after that. All three of my boxes are listening on port 27017 with respect to their own private IP.</p>
<p>Closest to my answer was <a href=""https://stackoverflow.com/questions/37371081/what-does-the-bindip-configuration-option-in-mongodb-do"">here</a>.</p>
",`$pic_start = 1; echo ...` remove loop at all,"Embed Field: Is there a prefered order to MongoDB bindIP addresses?<p>Is there a preferred order of multiple IPs listed in MongoDB's config file (net.bindIP)? Is it better to have the loopback IP listed first?  If so, why?</p>
<p>I am running a replica set (primary-secondary-secondary) configuration.  All 3 machines have the mongodb application set to one of 3 private IP addresses (192.168.x.x) and then the loopback IP (127.0.0.1) address listed after that. All three of my boxes are listening on port 27017 with respect to their own private IP.</p>
<p>Closest to my answer was <a href=""https://stackoverflow.com/questions/37371081/what-does-the-bindip-configuration-option-in-mongodb-do"">here</a>.</p>; Answer: `$pic_start = 1; echo ...` remove loop at all","[-0.033591657876968384, 0.015200156718492508, 0.03125317394733429, -0.028914688155055046, -0.01852905936539173, 0.023137252777814865, -0.006513370666652918, -0.02423771657049656, -0.008287868462502956, -0.005608926527202129, 0.021665383130311966, -0.003562751691788435, 0.021871719509363174, 0.0047113606706261635, -0.015860434621572495, 0.03298640251159668, -0.0024674462620168924, 0.019326897338032722, -0.011210975237190723, 0.026644980534911156, -0.02222936972975731, 0.03824111819267273, -0.006293277721852064, -0.03372921794652939, -0.03345410153269768, 0.00669907359406352, 0.0011787000112235546, -0.021101394668221474, -0.012841037474572659, 0.005522952880710363, 0.006310472264885902, 0.00206336984410882, -0.02399011142551899, -0.010990883223712444, -0.027470329776406288, 0.013184932991862297, 0.005904676392674446, -0.0227933581918478, -0.0029420212376862764, -0.00575336255133152, 0.03122566267848015, -0.005495441611856222, -0.016190575435757637, -0.02249073050916195, -0.013817699626088142, 0.026356110349297523, 0.013948379084467888, -0.006802242249250412, -0.02579212188720703, 0.012180759571492672, 0.021555336192250252, 0.007407497148960829, -0.028612060472369194, -0.011190341785550117, 0.004487829282879829, -0.007758270017802715, 0.00444656191393733, 0.024815460667014122, 0.00789582822471857, -0.0076275900937616825, 0.007441886700689793, 0.022848380729556084, -0.025627052411437035, 0.0006409342167899013, -0.008549228310585022, -0.012868549674749374, -0.0033804874401539564, 0.014292274601757526, -0.01423725113272667, -0.02877712994813919, 0.028859665617346764, 0.00836352538317442, -0.011843741871416569, -0.008941268548369408, 0.00974598340690136, -0.0029764107894152403, -0.01200881227850914, -0.004333076532930136, 0.015268935821950436, 0.013439415022730827, 0.016314376145601273, -0.019546989351511, -0.03829614073038101, 0.006705951876938343, 0.011052783578634262, -0.01274474710226059, 0.013198688626289368, 0.019904639571905136, 0.021912986412644386, 0.0021545018535107374, 0.028048072010278702, 0.02927233837544918, 0.022587019950151443, -0.00499335490167141, -0.013687019236385822, 0.010406261309981346, 0.0024072646629065275, 0.046384550631046295, -0.0005609786603599787, -0.023412369191646576, -0.017180992290377617, 0.013061130419373512, -0.005804946646094322, -0.019657036289572716, -0.032628752291202545, -0.010440651327371597, 0.0017358098411932588, -0.021128905937075615, 0.023577438667416573, -0.006475542206317186, -0.013315612450242043, 0.025076819583773613, 0.007648224011063576, -0.010901469737291336, -0.007978362962603569, -0.011561748571693897, 0.007916461676359177, -0.03722319006919861, -0.014911285601556301, -0.00769636919721961, 0.032876357436180115, 0.015805412083864212, 0.02327481098473072, -0.03670046851038933, 0.008961902931332588, -0.01726352609694004, -0.01362511795014143, -0.010303093120455742, 0.011293509975075722, -0.005495441611856222, 0.025627052411437035, 0.04976847767829895, 0.0012285647680982947, 0.021128905937075615, -0.01213261391967535, -0.010488796047866344, 0.011802474968135357, 0.00299704447388649, -0.026906341314315796, -0.018597839400172234, 0.0113966790959239, 0.008418548852205276, -0.006478981114923954, -0.01298547349870205, -0.011843741871416569, 0.04630201682448387, 0.012902938760817051, 0.010275580920279026, -0.0005304579972289503, 0.01647944562137127, -0.00568802235648036, -0.00769636919721961, -0.01625935360789299, 0.028391968458890915, -0.0113966790959239, -0.011616772040724754, 0.01697465591132641, 0.01947821117937565, 0.005051816813647747, 0.0003181028296239674, 0.016919631510972977, 0.01064010988920927, -0.016850853338837624, 0.02250448614358902, 0.019574500620365143, 0.02573709934949875, 0.0002602855092845857, -0.02302720583975315, 0.030180221423506737, -0.00013605343701783568, 0.003992620389908552, -0.013363758102059364, -0.041377440094947815, 0.020592430606484413, -0.006210742983967066, -0.0015243144007399678, 0.011871254071593285, -0.0035558738745748997, -0.037608351558446884, -0.028364455327391624, -0.02022102288901806, -0.002328168833628297, -0.0018123263726010919, 0.047429993748664856, -0.03480216860771179, -0.02498053014278412, -0.007414375431835651, -0.022339416667819023, 0.020661208778619766, 0.0106263542547822, 0.0025087136309593916, -0.006809120066463947, -0.005223764572292566, 0.00023771739506628364, -0.5990925431251526, -0.02247697487473488, 0.018639106303453445, -0.018845442682504654, 0.012572799809277058, 0.017401084303855896, -0.0011520481202751398, 0.001311959233134985, 0.002044455613940954, 0.019657036289572716, 0.005003671627491713, 0.003493972821161151, -0.03804853931069374, -0.015956725925207138, 0.0016687503084540367, -0.014773727394640446, -0.01274474710226059, -0.013790187425911427, -0.014952552504837513, -0.007854560390114784, -0.010103633627295494, 0.006661245133727789, -0.0024485320318490267, 0.0039032078348100185, -0.014099692925810814, -0.005137790460139513, 0.01780000329017639, -0.03345410153269768, -0.0028388528153300285, 0.028584549203515053, -0.042615462094545364, -0.00028822696185670793, 0.018157653510570526, 0.009113216772675514, 0.04393601790070534, 0.005787752103060484, -0.026576202362775803, 0.021417777985334396, 0.012964840047061443, 0.04608192294836044, -0.0020754060242325068, -0.03422442451119423, 0.00387569610029459, -0.004009815398603678, -0.009436477907001972, 0.01473245956003666, 0.021582847461104393, -0.0020926008000969887, -0.0030658235773444176, -0.0375533290207386, 0.0008872490143403411, 0.00826723501086235, -0.017139725387096405, 0.013687019236385822, 0.028914688155055046, -0.014113448560237885, 0.03381175175309181, -0.013157420791685581, 0.012559044174849987, -0.012352706864476204, 0.017332306131720543, 0.0113966790959239, -0.02554451674222946, -0.004738872405141592, -0.012730991467833519, -0.007166770752519369, -0.012675967998802662, -0.007490032352507114, 0.012710358016192913, -0.019918395206332207, 0.027924271300435066, 0.009904175065457821, 0.005887481849640608, -0.016644515097141266, 0.010303093120455742, 0.021596603095531464, -0.014663681387901306, 0.0003778545942623168, -0.025049308314919472, 0.006148841697722673, -0.003714065533131361, 0.010578208602964878, -0.0007118625799193978, -0.0072493054904043674, -0.010729522444307804, -0.005261593032628298, -0.023838797584176064, -0.02949243225157261, 0.0017375292954966426, -0.011802474968135357, 0.015599074773490429, 0.025420716032385826, 0.010825812816619873, 0.0032119788229465485, -0.004240224603563547, 0.018611595034599304, -0.0044775125570595264, 0.013948379084467888, 0.012655334547162056, -0.01605301722884178, -0.01925811730325222, -0.01539273839443922, -0.010454406961798668, 0.0021871719509363174, 0.04231283441185951, 0.003196503734216094, 0.005591731984168291, 0.027580374851822853, 0.02079876698553562, -0.02222936972975731, -0.03004266321659088, 0.010516307316720486, -0.014718703925609589, 0.01605301722884178, 0.0113966790959239, -0.03548995777964592, -0.0007131521706469357, -0.00023126935411710292, -0.007421253249049187, -0.0046907272189855576, 0.018680373206734657, 0.01301298476755619, -0.004405294544994831, -0.0028732423670589924, 0.009917930699884892, 0.0010170693276450038, 0.015805412083864212, -0.007166770752519369, 0.009635936468839645, -0.009828518144786358, -0.010543819516897202, 0.015076355077326298, 0.052437104284763336, -0.031115615740418434, 0.00661997776478529, 0.024664146825671196, 0.02075750008225441, -0.019148070365190506, -0.01726352609694004, 0.006111013237386942, 0.0038860130589455366, 0.006877899169921875, 0.021651625633239746, -0.02227063663303852, 0.0027941465377807617, -0.05224452167749405, -0.043413300067186356, -0.008776199072599411, -0.0267412718385458, -0.003679675981402397, 0.02026229165494442, -0.00812279898673296, 0.013061130419373512, -0.0026961364783346653, -0.002690978115424514, -0.0021459045819938183, 0.010585086420178413, -0.040387023240327835, -0.01623184233903885, -0.03169335797429085, -0.004577241837978363, 0.02177542820572853, -0.03279382362961769, -0.01211885828524828, 0.01388647872954607, -0.03730572387576103, -0.020055953413248062, -0.0045497301034629345, 0.00663029495626688, -0.024416541680693626, -0.007194282487034798, -0.006956994999200106, -0.03631530702114105, -0.028942199423909187, -0.036370329558849335, -0.005808386020362377, -0.025393202900886536, -0.020674964413046837, -0.004133617505431175, 0.013707652688026428, 0.014292274601757526, 0.0040854718536138535, 0.01898300088942051, 0.011314144358038902, 0.029822571203112602, 0.0027064532041549683, 0.018143897876143456, -0.005399150773882866, -0.01927187293767929, 0.028130607679486275, -0.012476509436964989, 0.006736902054399252, -0.014003402553498745, 0.003934158477932215, 0.009711593389511108, 0.02575085498392582, 0.014938796870410442, 0.006970750633627176, -0.01802009530365467, 0.015035087242722511, 0.013171176426112652, 0.01548902876675129, 0.022862136363983154, -0.020551161840558052, 0.006224498618394136, -0.020840033888816833, -0.001344629330560565, -0.023109741508960724, 0.019615767523646355, -0.006389568094164133, -0.0014228654326871037, -0.019670791923999786, 0.0007002560887485743, -0.013810821808874607, 0.017593665048480034, 0.0404970683157444, 0.0007905285456217825, 0.026122260838747025, -0.015227668918669224, 0.03469212353229523, -0.008714297786355019, 0.008384158834815025, 0.03774591162800789, 0.03416940197348595, -0.003947914112359285, 0.00986978504806757, 0.02551700547337532, 0.0008098726393654943, -0.009395210072398186, -0.026920096948742867, -0.011726818047463894, -0.0004197667876724154, 0.02471916936337948, 0.007435008883476257, 0.02399011142551899, -0.0032274541445076466, 0.01848779246211052, 0.010433772578835487, 0.04500897228717804, -0.014402320608496666, 0.011114684864878654, 0.02452658861875534, 0.019560744985938072, -0.002175135537981987, 0.0275115966796875, 0.02100510336458683, -0.0010841288603842258, 0.03758084028959274, -0.0011073417263105512, 0.022449463605880737, 0.0077032470144331455, -0.017098456621170044, -0.018914222717285156, 0.006386129185557365, 0.013597606681287289, -0.005182497203350067, 0.018130142241716385, 0.014113448560237885, 0.004831724334508181, 0.026204796507954597, 0.020399847999215126, -0.02899722196161747, 0.026823807507753372, -0.012070712633430958, 0.013405025005340576, -0.010199923999607563, -0.022421950474381447, 0.011706184595823288, 0.006960433907806873, -0.021459044888615608, -0.0003350826445966959, -0.008611129596829414, 0.009071948938071728, -0.015131378546357155, 0.0165344700217247, -0.003055506618693471, -0.009787250310182571, 0.013068008236587048, 0.0021424656733870506, 0.023893821984529495, -0.02924482710659504, -0.01780000329017639, 0.01162364985793829, -0.023095985874533653, -0.006547759752720594, 0.023866310715675354, -0.019615767523646355, 0.023852555081248283, 0.029960129410028458, -0.00986978504806757, 0.008948146365582943, -0.02053740620613098, 0.022201858460903168, -0.0141409607604146, 0.0007269079796969891, -0.003968548029661179, 0.0380210280418396, -0.010557575151324272, 0.006458347197622061, 0.005419784691184759, 0.004590997472405434, 0.0004904801608063281, -0.018831687048077583, -0.010812057182192802, 0.05727914348244667, 0.02000093087553978, 0.0008472711779177189, -0.03452705219388008, 0.00850796140730381, 0.0037690887693315744, 0.00836352538317442, 0.004793895874172449, -0.019629525020718575, -0.0055642202496528625, -0.003579946467652917, -0.006210742983967066, -0.010296215303242207, -0.003748455084860325, 0.015695365145802498, 0.01037187222391367, -0.017896292731165886, -0.04132241755723953, -0.03529737889766693, 0.042615462094545364, 0.01423725113272667, 0.005880603566765785, 0.020564917474985123, 0.007930217310786247, -0.012565921992063522, -0.008418548852205276, 0.004756067413836718, -0.02852952480316162, 0.02049613930284977, -0.009402087889611721, 0.005846214480698109, 0.010743278078734875, 0.004212713334709406, -0.003105371491983533, 0.020936325192451477, 0.011183463968336582, -0.01452612318098545, -0.03023524396121502, -0.013521949760615826, -0.01375579833984375, -0.0078820725902915, -0.009835395961999893, 5.916068039368838e-05, 0.03295889124274254, -0.0023659972939640284, -0.003593702334910631, 0.018336478620767593, -0.013659507967531681, 0.028859665617346764, -0.021431533619761467, -0.008294746279716492, 0.012799770571291447, 0.04206522926688194, 0.008143432438373566, -0.014746216125786304, 0.043633390218019485, 0.014539878815412521, 0.023357344791293144, 0.0035833853762596846, 0.0029987639281898737, 0.006200426258146763, 0.012442119419574738, -0.0113966790959239, 0.004223030060529709, 0.0349397286772728, -0.01774497888982296, -0.020840033888816833, 0.014182227663695812, -0.004601314663887024, 0.009594669565558434, -0.01451236754655838, -0.0227933581918478, -0.02148655615746975, -0.014017158187925816, -0.0015243144007399678, -0.010860202834010124, 0.0037518939934670925, 6.46952394163236e-05, -0.02297218330204487, -0.03133570775389671, -0.008755565620958805, -0.017070945352315903, 0.02852952480316162, 0.025379447266459465, -0.002598126418888569, -0.05095147714018822, -0.03870881721377373, -0.009945441968739033, -0.00769636919721961, -0.009752861224114895, -0.008060897700488567, -0.04685224965214729, -0.02250448614358902, 0.00203069974668324, 0.007318084593862295, 0.03582010045647621, 0.017180992290377617, 0.008927512913942337, -0.009938564151525497, -0.018432769924402237, 0.007146137300878763, -0.018336478620767593, 0.003528362140059471, -0.009979831986129284, -0.018597839400172234, 0.015200156718492508, 0.012098224833607674, -0.0049383314326405525, -0.028859665617346764, -0.0024416542146354914, -0.0043124426156282425, -0.011018394492566586, 0.01064010988920927, -0.0014581145951524377, 0.004044204484671354, 0.002087442437186837, 0.0024915188550949097, 0.017098456621170044, 0.005058694630861282, -0.02951994352042675, 0.004394977353513241, 0.0022318782284855843, -0.015420249663293362, -0.01628686487674713, 0.006609661038964987, 0.012689723633229733, -0.007902706041932106, 0.01511762198060751, -0.014980064705014229, 0.0028715229127556086, -0.005842775106430054, -0.026810050010681152, 0.021912986412644386, 0.015090110711753368, 0.03378424048423767, 0.02896971069276333, 0.0035386790987104177, 0.008624885231256485, 0.01026870310306549, 0.014416076242923737, 0.0023298882879316807, -0.002960935467854142, 0.02129397541284561, 0.004680410493165255, -0.01627310924232006, 0.01976708136498928, 0.003882574150338769, -0.028199385851621628, 0.005344127770513296, 0.02172040566802025, -0.011162830516695976, 0.03576507419347763, -0.0025671757757663727, -0.02203678898513317, -0.034664612263441086, 0.0011460299137979746, 0.016383156180381775, 0.0015595636796206236, -0.01426476240158081, 0.008638640865683556, 0.009422721341252327, -0.0384887233376503, 0.002359119476750493, -0.019189339131116867, -0.02227063663303852, -0.026424888521432877, -0.012400852516293526, 0.01110780704766512, 0.013934623450040817, 0.014429832808673382, 0.024127669632434845, 0.014085937291383743, -0.021211441606283188, 0.00424710288643837, -0.02802056074142456, -0.02123895287513733, -0.01038562785834074, 0.0005897798691876233, 0.02500804141163826, 0.03004266321659088, 0.0136388735845685, 0.012737869285047054, 0.01539273839443922, -0.006640611682087183, -0.003385645803064108, 0.02429273910820484, -0.003731260308995843, -0.0029317045118659735, -0.006616538856178522, -0.003968548029661179, 0.009188873693346977, 0.022930916398763657, 0.014471099711954594, 0.00812279898673296, 0.023357344791293144, 0.04844792187213898, -0.026094749569892883, -0.010860202834010124, -0.003359853755682707, -0.03782844543457031, -0.00775139220058918, 0.021348999813199043, -0.010303093120455742, 0.002842291723936796, -0.02476043626666069, 0.0009543084888719022, -0.02052365057170391, -0.024375274777412415, 0.015695365145802498, -0.018102630972862244, 0.025847144424915314, 0.008741809986531734, 0.010392505675554276, 0.0013016423908993602, -0.016933387145400047, -0.010777668096125126, -0.0011219573207199574, -0.011032150126993656, 0.007469398435205221, 0.009415843524038792, -0.018584083765745163, 0.023714996874332428, 0.009752861224114895, -0.0027821101248264313, 0.0024313372559845448, 0.008686786517500877, -0.000981820048764348, -0.01946445368230343, -0.020812522619962692, -0.007414375431835651, 0.007407497148960829, 0.001886263838969171, -0.024196449667215347, -0.016933387145400047, 0.01624559797346592, 0.0019447259837761521, -0.0064411526545882225, 0.011066540144383907, -0.025365691632032394, 0.006568393670022488, 0.014567390084266663, 0.009126972407102585, 0.010227436199784279, 0.008597373962402344, 0.010083000175654888, 0.03392179682850838, 0.0008640360902063549, -0.011843741871416569, -0.010674499906599522, 0.0017065787687897682, 0.012063834816217422, 0.05373014882206917, 0.06184606999158859, -0.0007402338669635355, -0.03631530702114105, 0.0012053517857566476, -0.0025087136309593916, 0.011768084950745106, -0.015337714925408363, 0.003351256251335144, 0.013803943991661072, -0.029960129410028458, -0.0009190592681989074, 0.015076355077326298, -0.02152782492339611, 0.012717235833406448, -0.017208503559231758, 0.019684547558426857, -0.026576202362775803, -0.030372802168130875, -0.019629525020718575, -0.010433772578835487, -0.02099134773015976, 0.02498053014278412, -0.007276817224919796, 0.017387328669428825, -0.04272551089525223, -0.0018260822398588061, 0.028612060472369194, 0.025159355252981186, 0.006747219245880842, 0.015764145180583, -0.012813526205718517, 0.007827049121260643, -0.007386863697320223, 0.015268935821950436, 0.009718471206724644, -0.01698841154575348, 0.011706184595823288, 0.04253292828798294, -0.020152244716882706, 0.003806917229667306, -0.0011890168534591794, -0.010543819516897202, -0.0028319749981164932, -0.004229907877743244, -0.006970750633627176, -0.00874868780374527, -0.003552434965968132, -0.01463616918772459, 0.018914222717285156, 0.0051034013740718365, -0.007937096059322357, -0.015447761863470078, -0.006867582444101572, 0.018914222717285156, -0.01925811730325222, 0.0018604716751724482, 0.007297451142221689, -0.03218856826424599, -0.02254575304687023, -0.010708888992667198, 0.011609893292188644, 0.011926277540624142, -0.006540881935507059, 0.006080063059926033, 0.012318317778408527, 0.002073686569929123, -0.015365226194262505, 0.02002844214439392, 0.006282960996031761, 0.0006353459320962429, 0.001049739308655262, 0.014856262132525444, -0.017387328669428825, 0.0005717253661714494, -0.007792659569531679, 0.003741577034816146, -0.01452612318098545, -0.022930916398763657, 0.001937848050147295, 0.009347065351903439, 0.007785781752318144, -0.010715766809880733, -0.018694130703806877, 0.005457613151520491, 0.01102527230978012, -0.01676831766963005, -0.027704177424311638, -0.010364994406700134, -0.01647944562137127, -0.028130607679486275, 0.008452937938272953, 0.019822105765342712, -0.017070945352315903, -0.0340043343603611, 0.02374250814318657, 0.0003752753837034106, -0.018831687048077583, -0.023316077888011932, -0.0062898388132452965, 0.007909583859145641, -0.0409647673368454, -0.03733323514461517, 0.0013162579853087664, -0.019065536558628082, -0.01537898276001215, 0.012868549674749374, -0.0006632874137721956, 0.001446938025765121, -0.0037346992176026106, 0.0435783676803112, 0.013466926291584969, -0.003954791929572821, -0.02623230777680874, -0.027098922058939934, -0.017855025827884674, -0.045641738921403885, -0.004498146008700132, -0.004522218834608793, -0.037168167531490326, 0.04679722711443901, 0.014842506498098373, -0.006860704161226749, -0.029134780168533325, -0.009635936468839645, -0.0590398870408535, -0.020674964413046837, 0.006307033356279135, 0.010358115658164024, 0.015530296601355076, 0.0008257777662947774, 0.008673030883073807, 0.03158331289887428, 0.03023524396121502, 0.041404951363801956, -0.01451236754655838, 0.021596603095531464, -0.028391968458890915, -0.008721176534891129, 0.027594130486249924, -0.014883773401379585, -0.03749830648303032, -0.01198817789554596, 0.034114379435777664, 0.026301085948944092, 0.02627357468008995, 0.03023524396121502, 0.011149074882268906, -0.010378750041127205, -0.008370403200387955, -0.00861800741404295, 0.00674034096300602, -0.004450000822544098, 0.009780372492969036, -0.013948379084467888, 0.004766384139657021, 0.020317314192652702, -0.018061362206935883, -0.014870017766952515, -0.008384158834815025, 0.015145134180784225, 0.006472103297710419, 0.0030830183532088995, -0.018817931413650513, 0.02423771657049656, 0.008569862693548203, -0.02205054461956024, 0.012483387254178524, -0.00700514018535614, -0.01676831766963005, 0.04767759516835213, -0.0031363219022750854, 0.02722272463142872, 0.001683365786448121, -0.00898941420018673, -0.02803431637585163, 0.005320054944604635, 0.01214636955410242, -0.007276817224919796, 0.0018501548329368234, -0.00837728101760149, 0.006104135420173407, 0.003934158477932215, -0.026631224900484085, -0.0005545305903069675, -0.011823108419775963, -0.037140656262636185, 0.003070981940254569, 0.004546291194856167, -0.0180063396692276, -0.004240224603563547, -0.019381919875741005, 0.009690959937870502, -0.015337714925408363, -0.0049280147068202496, -0.011774963699281216, -0.02476043626666069, -0.0003484085900709033, -0.0005549605120904744, -0.011850620619952679, -0.032408662140369415, 0.0071530151180922985, 0.01575038954615593, 0.00901692546904087, -0.004450000822544098, 0.18971997499465942, 0.004535974469035864, -0.003906646743416786, 0.020702475681900978, -0.028859665617346764, -0.007159892935305834, 0.04022195562720299, 0.0009517293074168265, -0.0021441851276904345, 0.018611595034599304, -0.006090379785746336, -0.013845210894942284, -0.023618705570697784, -0.0006989664980210364, 0.0028474503196775913, -0.008040264248847961, -0.04079969599843025, -0.01950572244822979, -0.01799258403480053, -0.014079059474170208, 0.01998717524111271, 0.008349769748747349, -0.011513602919876575, -0.023866310715675354, 0.03257372975349426, 0.02205054461956024, 0.01539273839443922, 0.01997341960668564, 0.014443588443100452, 0.037635862827301025, -0.01998717524111271, -0.009787250310182571, -0.014856262132525444, -0.014498610980808735, -0.012751624919474125, -0.009546523913741112, -0.0016343607567250729, -0.003375329077243805, -0.00901692546904087, 0.03004266321659088, -0.016149306669831276, -0.009415843524038792, 0.01672705076634884, -0.018102630972862244, -0.002121831988915801, -0.008501083590090275, 0.0023470830637961626, -0.01722225919365883, -0.011465458199381828, 0.02877712994813919, 0.010832691565155983, -0.009126972407102585, 0.02902473509311676, -0.0006993963615968823, 0.0117474514991045, -0.033151473850011826, 0.03320649638772011, 0.02624606341123581, -0.010179290547966957, 0.026369865983724594, 0.02899722196161747, 0.040111906826496124, -0.015874192118644714, 0.016617003828287125, 0.007668857462704182, 0.026149772107601166, 0.010908347554504871, 0.019093047827482224, 0.014017158187925816, -0.009023803286254406, 0.03653540089726448, 0.014209739863872528, 0.008597373962402344, -0.01452612318098545, -0.011231609620153904, -0.029712524265050888, 0.038873884826898575, 0.010922104120254517, 0.03210603445768356, 0.032353635877370834, -0.03573756292462349, -0.0070017012767493725, -0.02525564469397068, 0.004047643858939409, -0.028832152485847473, -0.0023969479370862246, 0.007689491380006075, 0.006815997883677483, -0.02152782492339611, -0.011816230602562428, 0.006162597797811031, -0.00789582822471857, -0.024870483204722404, -0.00406139949336648, -0.0028887176886200905, -0.010564452968537807, 0.023137252777814865, 0.025558272376656532, -0.009890418499708176, -0.004394977353513241, -0.01797882840037346, 0.07103494554758072, 0.02022102288901806, 0.003968548029661179, -0.031913451850414276, 0.0025602979585528374, 0.008287868462502956, 0.020950080826878548, -0.012469630688428879, -0.0026944170240312815, 0.002792427083477378, -0.03667295724153519, 0.013205566443502903, -0.0141409607604146, 0.007084236014634371, 0.016685783863067627, 0.01452612318098545, -0.015090110711753368, -0.008920635096728802, 0.009553401730954647, 0.002276584506034851, -0.049163222312927246, 0.013652630150318146, -0.004738872405141592, -0.0033804874401539564, -0.0069260443560779095, -0.04432118311524391, 0.005770557560026646, 0.01572287827730179, -0.019161827862262726, 0.01577790081501007, -0.0014710106188431382, -0.005216886289417744, -0.009766616858541965, -0.0023402052465826273, 0.00852171704173088, 0.007620712276548147, -0.03317898511886597, 0.004666654393076897, 0.03730572387576103, -0.0009345345315523446, 0.0021441851276904345, 0.024856727570295334, -0.006558076944202185, 0.029629988595843315, -0.005371639039367437, 0.012799770571291447, -0.0020324192009866238, -0.03604019060730934, -0.02396260015666485, -0.021610358729958534, -0.0003419605491217226, 0.01137604471296072, -0.008755565620958805, -0.0026703444309532642, 0.00826723501086235, 0.018460281193256378, -0.04071716219186783, 0.014051548205316067, 0.012930450029671192, -0.02573709934949875, 0.010530063882470131, -0.004009815398603678, -0.019423186779022217, -0.032408662140369415, -0.015915459021925926, -0.17387329041957855, 0.016837097704410553, 0.033371567726135254, -0.01026870310306549, 0.010158657096326351, 0.031363219022750854, 0.010928981937468052, -0.01101151667535305, -0.03997435048222542, -0.0174698643386364, 0.011974422261118889, -0.010812057182192802, -0.03703060746192932, -0.034417007118463516, 0.011575504206120968, 0.016121795400977135, -0.004240224603563547, 0.0355449840426445, 0.03180340677499771, 0.022394439205527306, 0.03571005165576935, -0.015681609511375427, 0.010158657096326351, -0.027938026934862137, -0.009450233541429043, 0.012352706864476204, -0.01802009530365467, 0.04371592774987221, -0.0043124426156282425, -0.0010944457026198506, -0.010296215303242207, 0.001700560562312603, 0.06333169341087341, 0.0014813275774940848, 0.0259709469974041, 0.011348533444106579, 0.0024657268077135086, -0.01722225919365883, 0.0017203345196321607, -0.00316211418248713, 0.02576461061835289, 0.02478794753551483, -0.011919398792088032, 0.022655799984931946, 0.028832152485847473, -0.0020066271536052227, 0.024402786046266556, 0.0023900698870420456, 0.026218552142381668, -0.02122519724071026, 0.0007432429702021182, 0.0013248553732410073, 0.009766616858541965, -0.015158889815211296, 0.00334953679703176, -0.0008163206512108445, 0.008838100358843803, 0.012469630688428879, -0.019629525020718575, -0.02696136385202408, -0.017868781462311745, -0.029877593740820885, 0.004663215484470129, -0.011066540144383907, -0.03048284910619259, -0.019615767523646355, 0.0013162579853087664, 0.010956493206322193, -0.005179057829082012, 0.02477419190108776, -0.006681879051029682, -0.023095985874533653, 0.027112677693367004, -0.032353635877370834, 0.0054266625083982944, 0.009828518144786358, -0.023948844522237778, -0.009154483675956726, -0.011981300078332424, 0.02404513582587242, -0.020138489082455635, 0.029629988595843315, -0.0008601672598160803, 0.021692894399166107, 0.0015707402490079403, -0.005660511087626219, -0.026920096948742867, 0.0035558738745748997, 0.005866847932338715, 0.004243663977831602, 0.029657501727342606, -0.051914382725954056, -0.009553401730954647, 0.009807883761823177, 0.007428131066262722, 0.01625935360789299, 0.02224312536418438, -0.0018914223182946444, -0.0009938564617186785, 0.01748361997306347, 0.01597048155963421, -0.03835116699337959, -0.0003230463189538568, 0.011582382023334503, 0.019120559096336365, 0.007675735279917717, 0.034884706139564514, 0.013790187425911427, 0.05381268262863159, 0.014581145718693733, -0.04919073358178139, -0.0006770432228222489, 0.0016283426666632295, 0.052161987870931625, 0.0009663448436185718, 0.02550324983894825, 0.010069244541227818, -0.00593906594440341, 0.010743278078734875, -0.007723880931735039, 0.022917160764336586, -0.01548902876675129, 0.003834428731352091, 0.0174698643386364, -0.014278518967330456, -0.03881886228919029, -0.08787203580141068, -0.003297952702268958, 0.022421950474381447, -0.0030589455273002386, -0.016850853338837624, 0.003954791929572821, 0.008081531152129173, 0.044623810797929764, -0.004082032945007086, 0.035902634263038635, -0.021802939474582672, -0.009065071120858192, -0.0036521644797176123, 0.007648224011063576, -0.019588256254792213, -0.01598423719406128, -0.02627357468008995, -0.002893876051530242, -0.012332073412835598, 0.038158584386110306, 0.03106059320271015, -0.020427361130714417, 0.015654098242521286, -0.022600777447223663, -0.0025998458731919527, -0.02203678898513317, -0.01748361997306347, -0.011032150126993656, 0.013920867815613747, -0.006898532621562481, -0.0017194747924804688, -0.008624885231256485, 0.004745750222355127, -0.010069244541227818, -0.009684082120656967, -0.002378033706918359, -0.012043201364576817, -0.0051034013740718365, 0.01086708065122366, -0.012332073412835598, -0.016176817938685417, 0.004673532675951719, 0.020826278254389763, -0.0043021258898079395, 0.0031242857221513987, -0.003053787164390087, -0.05626121535897255, 0.019093047827482224, 0.014154716394841671, -0.019326897338032722, -0.02498053014278412, -0.016121795400977135, -0.03843370079994202, 0.008033386431634426, 0.021637869998812675, 0.013047374784946442, 0.017153481021523476, 0.01250402070581913, -0.011039027944207191, 0.046164460480213165, 0.0033546953927725554, -0.009766616858541965, -0.012111980468034744, 0.015874192118644714, 0.01803385093808174, 0.012077590450644493, 0.005038061179220676, -0.014099692925810814, 0.002969532972201705, 0.0034544249065220356, -0.05227203294634819, -0.01202256791293621, -0.047402482479810715, 0.02976754680275917, -0.03645286709070206, -0.0029454603791236877, -0.028446990996599197, -0.021348999813199043, 0.0018639107001945376, 0.001760742161422968, 0.027208968997001648, 0.0039032078348100185, 0.012304561212658882, -0.028639571741223335, 0.002367716748267412, 0.002427898347377777, 0.018405258655548096, 0.004522218834608793, -0.008624885231256485, -0.03725070133805275, -0.02451283298432827, 0.023701241239905357, 0.012896060943603516, -0.015434005297720432, -0.02100510336458683, -0.00656495476141572, -0.005956260487437248, -0.004467195365577936, 0.003683114890009165, 0.0026926975697278976, -0.02954745478928089, 0.002360838931053877, -0.05229954421520233, 0.022380683571100235, 0.005773996468633413, -0.01388647872954607, 0.01698841154575348, -0.01000046543776989, -0.0021888914052397013, -0.038406189531087875, 0.005643316078931093, 0.006657806225121021, -0.008487327955663204, 0.03073045238852501, -0.023302322253584862, 0.0032584047876298428, -0.004560047294944525, 0.01548902876675129, 0.01287542749196291, 0.0016025505028665066, 0.019423186779022217, 0.00889312382787466, -0.02004219777882099, 0.007269939407706261, -0.011369166895747185, 0.014154716394841671, -0.027374038472771645, 0.0008446919964626431, 0.004628825932741165, 0.0026445521507412195, -0.024182694032788277, -0.01624559797346592, 0.02847450226545334, -0.03650788962841034, 0.0020788449328392744, 0.0014151277719065547, -0.00668531795963645, -0.011664916761219501, -0.008611129596829414, 0.04258795082569122, 0.009608425199985504, 0.01928562857210636, -0.023659972473978996, -0.02427898347377777, 0.014801238663494587, -0.041184861212968826, 0.016672028228640556, -0.008067775517702103, -0.023880066350102425, 0.0004582400433719158, -0.005299421492964029, -0.00663029495626688, 0.02152782492339611, 0.01412720512598753, -0.04145997762680054, 0.006049112416803837, -0.023714996874332428, -0.022380683571100235, 0.007187404669821262, 0.024168938398361206, -0.013233077712357044, -0.009463989175856113, 0.04671468958258629, 0.00749691016972065, 0.000685210688970983, -0.019436942413449287, -0.020826278254389763, 0.009154483675956726, 0.0008601672598160803, -0.009319553151726723, 0.010089877992868423, -0.03851623460650444, -0.038131073117256165, -0.005481685511767864, -0.004762945231050253, 0.04184513911604881, 0.006561515852808952, -0.005031183362007141, -0.007462520617991686, 0.01802009530365467, 0.006097257602959871, -0.009752861224114895, 0.002505274722352624, -0.01511762198060751, -0.020702475681900978, -0.004078594036400318, 0.023329833522439003, -0.0011597857810556889, -0.006317350547760725, 0.019698303192853928, 0.00043524205102585256, -0.015323959290981293, -0.031088104471564293, 0.010502551682293415, -0.011114684864878654, 0.008776199072599411, -0.007132381200790405, -0.004401855636388063, -0.010832691565155983, 0.015640342608094215, 0.01463616918772459, 0.010083000175654888, 0.01675456203520298, -0.002522469498217106, -0.012675967998802662, -0.027098922058939934, -0.03730572387576103, 0.023646216839551926, -0.011857498437166214, -0.01489752996712923, -0.026865074411034584, 0.023302322253584862, -0.028832152485847473, -0.014374809339642525, 0.0033289031125605106, 0.021692894399166107, -0.009340186603367329, 0.0070704803802073, -0.003741577034816146, 0.0012999229365959764, -0.011541115120053291, 0.01978083699941635, 0.008542350493371487, -0.0019911518320441246, -0.017373573035001755, -0.021665383130311966, 0.02553076110780239, -0.007242427673190832, -0.005595170892775059, -0.01799258403480053, 0.03766337409615517, -0.005780874285846949, 0.021156417205929756, 0.008611129596829414, -0.007916461676359177, -0.019918395206332207, -0.009292041882872581, -0.012882305309176445, 0.01049567386507988, 0.020826278254389763, -0.010901469737291336, 0.08897250145673752, 0.014952552504837513, 0.024196449667215347, 0.03747079521417618, -0.017703711986541748, 0.002472604624927044, 0.01898300088942051, 0.02148655615746975, 0.008129676803946495, -0.03194096311926842, 0.0020203827880322933, 0.0007217495585791767, -0.0078820725902915, -0.015131378546357155, -0.008439182303845882, -0.007820171304047108, -0.0018914223182946444, 0.004405294544994831, -0.009030681103467941, 0.0035249232314527035, 0.014003402553498745, -0.011905643157660961, 0.034114379435777664, 0.0019842740148305893, -0.005529830697923899, 0.021954253315925598, 0.011094051413238049, -0.009023803286254406, -0.012579677626490593, -0.025572029873728752, -0.0036487255711108446, 0.005660511087626219, -0.06410201638936996, 0.0060387952253222466, 0.003892890876159072, -0.0021269903518259525, 0.0050139883533120155, 0.0057396069169044495, 0.028158118948340416, 0.010076122358441353, -0.020619941875338554, -0.01598423719406128, -0.015915459021925926, -0.03180340677499771, 0.028171874582767487, 0.010702011175453663, -0.01951947808265686, -0.008934390731155872, -0.016795828938484192]","[-0.024322396144270897, 0.01775023154914379, 0.03442305698990822, -0.01839667372405529, -0.022517744451761246, 0.01777716539800167, 0.008989589288830757, -0.016726696863770485, -0.0002188476937590167, -0.006908853072673082, 0.010295942425727844, 0.0021261894144117832, 0.016026385128498077, 0.013285738416016102, -0.015703164041042328, 0.030840689316391945, 0.00435675261542201, 0.023218056187033653, 0.005366818513721228, 0.030544403940439224, -0.015878241509199142, 0.02025519497692585, -0.0028096677269786596, -0.031433261930942535, -0.023177653551101685, -0.0015016318066045642, -0.00752162653952837, -0.02059188485145569, -0.0024679284542798996, 0.005555364303290844, 0.01752128265798092, -0.00026829884154722095, -0.029978767037391663, -0.018652556464076042, -0.01364262867718935, 0.007541827857494354, 0.006464424077421427, -0.011858178302645683, -0.01043061725795269, -0.010861579328775406, 0.01014106534421444, -0.010666299611330032, -0.01628226786851883, -0.02053801342844963, -0.0184505432844162, 0.02239653654396534, 0.012093859724700451, -0.014369876123964787, -0.03345339372754097, 0.004208609461784363, 0.027446867898106575, 0.009245472960174084, -0.021373001858592033, -0.008558628149330616, 0.007642834447324276, -0.013346342369914055, 0.0015984298661351204, 0.02604624256491661, -0.0013964165700599551, -0.008477822877466679, 0.0073128798976540565, 0.0279316995292902, -0.014841239899396896, 0.0027423298452049494, -0.005737176164984703, -0.013885044492781162, 0.0014822722878307104, 0.0009141099872067571, -0.009838045574724674, -0.022517744451761246, 0.038463324308395386, 0.006720307283103466, -0.008928985334932804, -0.0054610916413366795, 0.006218641065061092, 0.007959322072565556, -0.024672551080584526, -0.006003160495311022, 0.00015634983719792217, 0.012928848154842854, 0.002961177611723542, -0.015891708433628082, -0.01595904678106308, -0.0006472841487266123, 0.004683340433984995, -0.005403854418545961, 0.01598598249256611, -0.01027574110776186, 0.02724485471844673, 0.0011194901308044791, 0.024443604052066803, 0.010457552969455719, 0.02760847844183445, -0.00474731158465147, -0.006487992126494646, 0.010787507519125938, 0.013925447128713131, 0.040348779410123825, -0.011238670907914639, -0.03164874389767647, -0.013137594796717167, 0.027056308463215828, -0.005666471552103758, -0.012208334170281887, -0.042180366814136505, -0.019164323806762695, 0.009710103273391724, -0.035742878913879395, 0.027177516371011734, -0.003993128426373005, -0.0171576589345932, 0.01599944941699505, 0.0024645617231726646, -0.025574877858161926, -0.007400418631732464, -0.01691524311900139, 0.0085788294672966, -0.026207853108644485, -0.009083862416446209, -0.01504325307905674, 0.03132552281022072, 0.009130998514592648, 0.02203291282057762, -0.03620077297091484, 0.007992991246283054, -0.020430274307727814, -0.021669287234544754, -0.01775023154914379, 0.001818119315430522, -0.0001912813022499904, 0.023110315203666687, 0.051419105380773544, -0.014989383518695831, 0.0171576589345932, -0.00445439200848341, -0.020915105938911438, 0.019514480605721474, -0.005087367258965969, -0.015474215149879456, -0.020147455856204033, 0.008888582699000835, 0.01550114993005991, -0.0011624179314821959, -0.01653815060853958, -0.00306723453104496, 0.04546644911170006, 0.018288932740688324, 0.00467997370287776, -0.0013947332045063376, 0.00713106757029891, -0.008228672668337822, -0.015406877733767033, -0.014962447807192802, 0.018531348556280136, -0.01470656506717205, -0.0067977458238601685, 0.025265123695135117, 0.01105685904622078, 0.002828185446560383, -0.007299412041902542, 0.011400281451642513, 0.009090595878660679, -0.0060435631312429905, 0.021952107548713684, 0.0049560582265257835, 0.030167311429977417, 3.0249380870372988e-05, -0.02545366995036602, 0.029897961765527725, -0.0060435631312429905, 0.0024409934412688017, -0.010457552969455719, -0.038167037069797516, 0.014908578246831894, -0.006487992126494646, -8.322524809045717e-05, 0.010356546379625797, -0.0031817087437957525, -0.025063110515475273, -0.01564929261803627, -0.009582161903381348, -0.004104235675185919, -0.0008593980455771089, 0.040941353887319565, -0.02235613390803337, -0.024349329993128777, -0.0037305112928152084, -0.009434019215404987, 0.0162553321570158, -0.00276758149266243, -0.0026076543144881725, -0.002829869044944644, -0.01752128265798092, -0.002100937766954303, -0.6257562637329102, -0.027110178023576736, 0.01753474958240986, -0.012039990164339542, 0.008935719728469849, 0.02421465516090393, 0.0034207578282803297, 0.008363348431885242, 0.005117669235914946, 0.01838320679962635, 0.014504551887512207, 0.010080461390316486, -0.017359672114253044, -0.021938638761639595, 2.856593710021116e-05, -0.017979178577661514, -0.004740577656775713, -0.01393891405314207, -0.021548079326748848, -0.004740577656775713, -0.020174389705061913, 0.0020908371079713106, -0.0032254783436656, -0.004060466308146715, -0.010336345061659813, -0.003639605361968279, 0.03641625493764877, -0.044308241456747055, 0.0057506440207362175, 0.03770913928747177, -0.03889428451657295, -0.005282646510750055, 0.023218056187033653, 0.008915518410503864, 0.04177634045481682, 0.006141202989965677, -0.02484763041138649, 0.025696085765957832, 0.017736762762069702, 0.044308241456747055, -0.002242346992716193, -0.025318993255496025, 0.0005732125719077885, 0.009164667688310146, -0.009912116453051567, 0.006454323418438435, 0.027527673169970512, 0.006753976456820965, 0.00015677069313824177, -0.030167311429977417, 0.011858178302645683, -0.0015588689129799604, -0.019783830270171165, 0.0058146147057414055, 0.030140377581119537, -0.015810903161764145, 0.036308515816926956, -0.0010664616711437702, 0.015851305797696114, -0.017857970669865608, 0.012551756575703621, 0.0012053457321599126, -0.033911291509866714, -0.015245266258716583, -0.020928572863340378, 0.00719840545207262, -0.014033187180757523, -0.0059189884923398495, 0.012322808615863323, -0.0319988988339901, 0.026302125304937363, 8.038443775149062e-05, -0.006319647654891014, -0.024686019867658615, 0.008693303912878036, 0.016497747972607613, -0.0005656370776705444, 0.017682893201708794, -0.017386607825756073, 0.009770707227289677, -0.014356408268213272, 0.00968316849321127, 0.0052927471697330475, -0.020362935960292816, 0.007050262298434973, -0.004376953933387995, -0.009898649528622627, -0.023218056187033653, 0.00032974453642964363, -0.0022440305911004543, 0.02301604300737381, 0.011575358919799328, 0.007137801498174667, -0.01682097092270851, 8.254135173046961e-05, 0.021871302276849747, -0.0004410622641444206, 0.0009612463763915002, 0.0027658981271088123, -0.012895178981125355, -0.014208265580236912, -0.01517792884260416, -0.017938775941729546, -0.006588998716324568, 0.0269620344042778, 0.005454357713460922, 0.0013787404168397188, 0.028039438650012016, 0.01595904678106308, -0.009279142133891582, -0.0313524566590786, -0.0026682582683861256, -0.0006165612721815705, 0.014868175610899925, 0.012753769755363464, -0.03132552281022072, 0.0006047771894373, -0.003040299518033862, -0.012309340760111809, 0.003723777597770095, 0.02359514869749546, 0.00029586523305624723, 0.005612601526081562, 0.010646098293364048, 0.003979661036282778, -0.006282612215727568, 0.020403338596224785, -0.0029157246463000774, 0.009757240302860737, -0.006141202989965677, -0.02269282191991806, 0.005999793764203787, 0.031756483018398285, -0.02820104919373989, 0.016955645754933357, 0.007710172329097986, 0.012343009933829308, -0.03003263659775257, -0.01902964897453785, 0.003151406766846776, 0.0002581981825642288, 0.0003552066336851567, 0.009326278232038021, -0.01593211106956005, 0.006080599036067724, -0.036093033850193024, -0.02610011212527752, -0.007346548605710268, -0.03159487247467041, -0.0052961139008402824, 0.018868038430809975, -0.00811419915407896, 0.013952381908893585, 0.004326450638473034, -0.0040200636722147465, 0.0030689178965985775, 0.019245129078626633, -0.03875960782170296, -0.008073796518146992, -0.028443465009331703, -0.010976053774356842, 0.022315731272101402, -0.028605075553059578, -0.015810903161764145, 0.018517881631851196, -0.0313524566590786, -0.02456481195986271, -0.0025605179835110903, -0.007622633129358292, -0.030005700886249542, -0.016699763014912605, -0.004851684905588627, -0.03213357552886009, -0.024039577692747116, -0.019150856882333755, -0.015272201970219612, -0.012854776345193386, -0.028712816536426544, -0.003360153641551733, 0.014531486667692661, 0.010901981964707375, 0.01927206479012966, 0.021049780771136284, -0.00023883857647888362, 0.055109214037656784, -0.008208471350371838, 0.02639639750123024, -0.00858556292951107, -0.028928298503160477, 0.023689420893788338, -0.015245266258716583, 0.011292540468275547, -0.010370013304054737, -0.004962792154401541, 0.01690177619457245, 0.02173662558197975, 0.005538530182093382, 0.00230295117944479, -0.004575599916279316, 0.010787507519125938, 0.016093721613287926, 0.011083793826401234, 0.016214929521083832, -0.02448400668799877, -0.008700037375092506, -0.026517605409026146, 0.003212010720744729, -0.012087126262485981, 0.01517792884260416, -0.01548768300563097, -0.0010816126596182585, -0.012511353939771652, 3.053872205782682e-05, -0.025898098945617676, 0.03253760188817978, 0.05039557069540024, -0.010639364831149578, 0.02266588620841503, -0.01227567158639431, 0.04040265083312988, -0.007393685169517994, 0.02608664520084858, 0.04449678584933281, 0.02882055751979351, 0.0014376610051840544, 0.0019292265642434359, 0.03003263659775257, 0.005255711264908314, -0.0061041670851409435, -0.006296079605817795, -0.014948980882763863, 0.0006868450436741114, 0.020107053220272064, 0.006996392272412777, 0.021925171837210655, -0.004070566967129707, 0.016753632575273514, -0.006558696739375591, 0.020928572863340378, -0.019756896421313286, 0.011164599098265171, 0.01690177619457245, 0.015272201970219612, -0.006050297059118748, 0.03102923557162285, 0.02179049514234066, -0.003942625131458044, 0.04438904672861099, 0.004383687395602465, 0.01931246742606163, -0.0013366542989388108, -0.024281993508338928, -0.029628610238432884, -0.0006460215663537383, 0.014154395088553429, -0.009804376401007175, 0.021076716482639313, 0.016659360378980637, 0.011265605688095093, 0.01684790477156639, 0.016430411487817764, -0.013858108781278133, 0.029359258711338043, -0.02394530363380909, 0.013992784544825554, -0.0037978491745889187, -0.01905658282339573, 0.011622495949268341, 0.02366248518228531, -0.007333081215620041, 0.005454357713460922, -0.00981784425675869, 0.015837838873267174, -0.021076716482639313, 0.02119792439043522, -0.005360085051506758, -0.010316143743693829, 0.010962585918605328, 0.007333081215620041, 0.017588621005415916, -0.02539980039000511, -0.01411399245262146, 0.0063364822417497635, -0.020093584433197975, -0.006996392272412777, 0.025938501581549644, -0.011959184892475605, 0.02448400668799877, 0.015541552565991879, 0.006343216169625521, 0.00889531709253788, -0.028955232352018356, 0.013885044492781162, -0.009265674278140068, -0.0012928848154842854, -0.009090595878660679, 0.03439612314105034, -0.01134641095995903, -0.0003678324574138969, 0.002661524573341012, 0.00691558700054884, -0.012140996754169464, -0.01290864683687687, -0.007097398862242699, 0.05036863684654236, 0.018787233158946037, -0.0016371490200981498, -0.034827083349227905, 0.008558628149330616, -0.0073196133598685265, 0.0014696463476866484, 0.011265605688095093, -0.02305644564330578, -0.017898373305797577, -0.001957845175638795, -0.02029559761285782, -0.01873336173593998, 0.007636100985109806, 0.03229518607258797, 0.006764077115803957, -0.013373277150094509, -0.041587796062231064, -0.027433399111032486, 0.03248373046517372, 0.01489511039108038, -0.0028820557054132223, 0.01963568851351738, -0.004090768285095692, -0.016080254688858986, -0.015595423057675362, 0.01841014064848423, -0.028955232352018356, 0.033561136573553085, 0.00310427020303905, 0.015528085641562939, 0.024686019867658615, -0.014868175610899925, 0.0035588000901043415, 0.029601674526929855, 0.004976259544491768, -0.006834781728684902, -0.026490671560168266, -0.016443878412246704, -0.022935237735509872, 0.0005496444064192474, -0.004871886223554611, 0.006787645164877176, 0.02733912691473961, -0.00719840545207262, 0.004198508802801371, 0.014531486667692661, -0.017952244728803635, 0.02763541229069233, -0.024308927357196808, -0.006713573820888996, 0.010168000124394894, 0.02852427028119564, 0.01900271326303482, -0.008518225513398647, 0.040348779410123825, -0.0028315524104982615, 0.02882055751979351, -0.001989830518141389, 0.0023315695580095053, 0.014194797724485397, 0.007003126200288534, -0.017090320587158203, -0.003390455851331353, 0.04665159434080124, -0.017076853662729263, 0.004565499257296324, 0.014033187180757523, -0.0025251656770706177, 0.0033870888873934746, -0.02302950993180275, -0.01959528587758541, -0.020187858492136, -0.011689833365380764, -0.002750747138634324, -0.013258802704513073, 0.0023046345449984074, -0.003164874156937003, -0.01966262236237526, -0.030732950195670128, -0.0023046345449984074, -0.007259009405970573, 0.01591864414513111, 0.024133849889039993, -0.00029923213878646493, -0.04667852818965912, -0.04048345610499382, -0.004464492667466402, -0.020403338596224785, -0.007750574965029955, -0.00935321394354105, -0.028039438650012016, -0.014652694575488567, 0.009232006035745144, 0.025561410933732986, 0.04794447869062424, 0.021655820310115814, 0.011225203052163124, -0.032349053770303726, 0.0033820385579019785, 0.006656336598098278, -0.018504414707422256, -0.007461022585630417, -0.004181674215942621, -0.008403751067817211, 0.021992510184645653, 0.0020403338130563498, -0.01333287451416254, -0.021898236125707626, -0.0012819424737244844, -0.0072522759437561035, -0.013009653426706791, 0.013588758185505867, -0.0046025351621210575, 0.009440752677619457, 0.01194571703672409, 0.0018955576233565807, 0.022921770811080933, 0.001085821189917624, -0.03536578640341759, -0.003033565590158105, 0.005043597426265478, -0.024133849889039993, -0.011965918354690075, 0.0008425635751336813, 0.0013509636046364903, -0.006255676969885826, 0.017373139038681984, -0.03183728829026222, 0.0017171126091852784, 0.0011843027314171195, -0.030867625027894974, 0.025036174803972244, 0.010114130564033985, 0.00996598694473505, 0.022517744451761246, 0.012477684766054153, 0.013844641856849194, 0.0156762283295393, 0.014962447807192802, 0.007710172329097986, 0.0017591987270861864, 0.02607317641377449, 0.0028584874235093594, -0.03434225171804428, 0.014800837263464928, -0.0058179814368486404, -0.0139658497646451, 0.012881712056696415, 0.01653815060853958, 0.006147936452180147, 0.028308790177106857, 0.003178341779857874, -0.032375991344451904, -0.03216050937771797, 0.014531486667692661, 0.013561823405325413, 0.009595629759132862, -0.005188373848795891, -0.0046631391160190105, 0.009952519088983536, -0.03919057175517082, -0.007595698349177837, -0.01301638688892126, -0.03229518607258797, -0.01838320679962635, -0.012235268950462341, 0.006454323418438435, 0.002983062295243144, 0.009420551359653473, 0.031729549169540405, 0.013460815884172916, -0.026261722669005394, 0.0030520835425704718, -0.034261446446180344, -0.01781756803393364, 0.006700105965137482, 0.004117703530937433, 0.024187719449400902, 0.026881229132413864, 0.009622564539313316, 0.01905658282339573, 0.019783830270171165, 0.004296148661524057, -0.010349811986088753, 0.0071512688882648945, -0.005131136626005173, -0.0024191087577492, -0.015864774584770203, -0.012794172391295433, 0.005737176164984703, 0.013911979272961617, 0.014491084031760693, 0.012329542078077793, 0.006693372502923012, 0.05319682136178017, -0.009023258462548256, -0.014019719325006008, -0.008666368201375008, -0.04565499350428581, -0.01319146528840065, 0.029628610238432884, -0.006454323418438435, 0.011407014913856983, -0.028120243921875954, -0.008161335252225399, -0.00797952339053154, -0.021265260875225067, 0.002732229186221957, -0.012235268950462341, 0.036093033850193024, 0.010659566149115562, -0.00668327184394002, 0.013204933144152164, -0.009703369811177254, -0.013629160821437836, 0.0027591644320636988, -0.022221457213163376, 0.00613446906208992, 0.005107568576931953, -0.02236960083246231, 0.02724485471844673, 0.0066866385750472546, 0.0051446040160954, 0.0022861165925860405, -0.007871783338487148, -0.005400487687438726, -0.017669426277279854, -0.01622839830815792, -0.005929089151322842, 0.004484693985432386, 0.0010992888128384948, -0.02210024930536747, 0.005945923272520304, 0.017373139038681984, 0.005504861008375883, -0.006996392272412777, 0.007030060980468988, -0.026598410680890083, 0.0022574979811906815, 0.019204726442694664, 0.014760434627532959, -0.0017036451026797295, 0.002378706121817231, 0.020389871671795845, 0.020982442423701286, 0.006578898057341576, -0.016376540064811707, -0.026153981685638428, -0.00719840545207262, 0.012013054452836514, 0.046516917645931244, 0.047055620700120926, 0.0017625655746087432, -0.04517016187310219, -0.0018282199744135141, 0.002205311320722103, 0.015891708433628082, -0.017036451026797295, -0.00876737479120493, 0.01997237652540207, -0.016969112679362297, 0.0054173218086361885, 0.0074408212676644325, -0.02179049514234066, 0.020026246085762978, -0.020039714872837067, 0.015393409878015518, -0.0294131301343441, -0.024066511541604996, -0.0236086156219244, 0.003966193646192551, -0.013885044492781162, 0.019851168617606163, -0.010807708837091923, 0.024739889428019524, -0.020376402884721756, -0.0010841378243640065, 0.0193528700619936, 0.02181743085384369, -0.0016716596437618136, 0.01226220466196537, -0.019501011818647385, 0.0016834437847137451, -0.02052454650402069, 0.020470676943659782, -0.0027810491155833006, -0.00622537499293685, 0.010814442299306393, 0.03620077297091484, -0.005929089151322842, 0.0027709484566003084, 0.0013265536399558187, -0.022234926000237465, 0.0033685709349811077, 0.00844415370374918, -0.005225409287959337, 0.011918782256543636, -0.001776033197529614, -0.008376816287636757, 0.021628884598612785, 0.005380286369472742, -0.0028500703629106283, -0.003040299518033862, -0.005471192300319672, 0.00858556292951107, -0.03154100105166435, 0.010774039663374424, 0.007683237548917532, -0.0263829305768013, -0.02545366995036602, -0.020349469035863876, 0.006602466572076082, 0.017090320587158203, 0.004993094131350517, 8.68551796884276e-05, 0.003361837239935994, -0.011837976984679699, -0.01626880094408989, 0.034476928412914276, 0.011716768145561218, 0.005545263644307852, -0.010518156923353672, 0.01937980391085148, -0.01442374661564827, -0.008787576109170914, -0.002405641134828329, 0.010235338471829891, -0.0272852573543787, -0.025386331602931023, 0.004851684905588627, -0.004100868944078684, -0.010901981964707375, -0.015514617785811424, -0.004868519492447376, 0.001989830518141389, 0.011077060364186764, -0.019123921170830727, -0.018490945920348167, -0.009110797196626663, -0.018208127468824387, -0.017278866842389107, 0.00214470736682415, 0.02639639750123024, -0.006296079605817795, -0.03587755188345909, 0.029978767037391663, 0.0033803549595177174, -0.016349606215953827, -0.03181035444140434, -0.005797780118882656, 0.011050124652683735, -0.03067907877266407, -0.023258458822965622, 0.01624186523258686, -0.020726559683680534, -0.010955852456390858, 0.008134400472044945, -0.005195107311010361, 0.00263963988982141, -5.776316538685933e-05, 0.04824076592922211, 0.026261722669005394, -0.0017061702674254775, -0.016026385128498077, -0.02795863337814808, -0.00890205055475235, -0.04613982513546944, -0.020039714872837067, -0.010013123042881489, -0.023393133655190468, 0.04764819145202637, 0.008538426831364632, 0.008545160293579102, -0.034530799835920334, -0.006922320928424597, -0.039729271084070206, -0.021669287234544754, 0.017130723223090172, 0.01807345263659954, 0.006730407942086458, -0.001594221219420433, 0.004262479487806559, 0.02828185446560383, 0.029951831325888634, 0.039109766483306885, -0.008242140524089336, 0.014773902483284473, -0.02882055751979351, -0.024430135264992714, 0.025359397754073143, -0.009312811307609081, -0.033291783183813095, -0.006319647654891014, 0.0294131301343441, 0.016120657324790955, 0.023271925747394562, 0.02911684289574623, 0.016672827303409576, -0.006009894423186779, -0.022760160267353058, 0.0056462702341377735, 0.008706770837306976, -0.0027238118927925825, 0.010491221211850643, -0.018827635794878006, 0.0034274915233254433, 0.011710034683346748, -0.012713367119431496, -0.021911704912781715, -0.010814442299306393, 0.027500737458467484, 0.008625965565443039, -0.004814649000763893, -0.012383412569761276, 0.010868312790989876, 0.011770638637244701, -0.015231799334287643, 0.005147971212863922, -0.015595423057675362, -0.01517792884260416, 0.03383048623800278, -0.010221870616078377, 0.02667921595275402, 0.018625622615218163, -0.006319647654891014, -0.022894835099577904, 0.004972892813384533, 0.026127047836780548, -0.01411399245262146, -0.001083296025171876, 0.0031817087437957525, -0.0021043047308921814, 0.009009790606796741, -0.026531074196100235, -0.009016525000333786, -0.024780292063951492, -0.03778994455933571, 0.004642937798053026, 0.010646098293364048, -0.018006114289164543, -0.008969387970864773, -0.01805998384952545, 0.010854844935238361, -0.02359514869749546, -0.005252344533801079, -0.005848283413797617, -0.027985569089651108, -0.006255676969885826, -0.004211976192891598, -0.008228672668337822, -0.030894560739398003, -0.007454289123415947, 0.00033100711880251765, 0.005821348633617163, -0.012302607297897339, 0.1993197351694107, 0.010834643617272377, 0.0010967636480927467, 0.010673033073544502, -0.025992371141910553, -0.00303019885905087, 0.038463324308395386, 0.001114439801312983, 0.004353385418653488, 0.020336000248789787, 0.0017911841860041022, 0.0015824370784685016, -0.006787645164877176, 0.004471226595342159, -0.007918919436633587, -0.013103926554322243, -0.041587796062231064, -0.02549407258629799, -0.001480588805861771, -0.00356216705404222, 0.012794172391295433, 0.006218641065061092, -0.009029991924762726, -0.020766962319612503, 0.03528498113155365, 0.031056171283125877, 0.004036898259073496, 0.019568350166082382, 0.014073589816689491, 0.03838251903653145, -0.009164667688310146, -0.004488061182200909, -0.016632424667477608, -0.015770500525832176, -0.014477616176009178, -0.01443721354007721, 0.009380148723721504, -0.022342665120959282, -0.005855017341673374, 0.013844641856849194, -0.023406602442264557, -0.0014090423937886953, 0.009157934226095676, -0.019999312236905098, -0.01060569565743208, 0.0037305112928152084, -0.003356786910444498, -0.013252069242298603, -0.0037406119517982006, 0.020699623972177505, 0.004780980292707682, -0.008477822877466679, 0.021615417674183846, -0.005447623785585165, 0.016349606215953827, -0.027083242312073708, 0.020740026608109474, 0.02243693917989731, -0.017063386738300323, 0.02879362180829048, 0.027554607018828392, 0.027150580659508705, -0.007636100985109806, 0.016713229939341545, 0.012760504148900509, 0.020336000248789787, 0.01656508632004261, 0.028066374361515045, 0.01504325307905674, -0.014450681395828724, 0.030840689316391945, 0.009582161903381348, 0.01119826827198267, -0.0005100834532640874, -0.004649671725928783, -0.021399937570095062, 0.041614729911088943, 0.020807364955544472, 0.02665228210389614, 0.02511698007583618, -0.016996048390865326, 0.0027541141025722027, -0.010477754287421703, 0.004814649000763893, -0.01783103682100773, 0.004750678315758705, 0.012181399390101433, -0.0034880954772233963, -0.008854914456605911, -0.003001580247655511, -0.00020990439224988222, -0.02111711911857128, -0.026881229132413864, -0.019258596003055573, 0.007009859662503004, -0.007050262298434973, 0.018571751192212105, 0.017413541674613953, -0.0035217644181102514, -0.01485470775514841, -0.02149420976638794, 0.06491359323263168, 0.017629023641347885, 0.0059021539054811, -0.025561410933732986, -0.0033029166515916586, 0.007622633129358292, 0.020147455856204033, -0.00797952339053154, 0.008248873986303806, -0.005127769894897938, -0.03428838402032852, 0.01106359250843525, -0.015285668894648552, 0.015124058350920677, 0.016416942700743675, -0.0024578277952969074, -0.020766962319612503, -0.014235200360417366, 0.0016876523150131106, 0.002745696809142828, -0.05774885416030884, 0.012625828385353088, -0.004683340433984995, -0.0026480569504201412, -0.013689764775335789, -0.03310323879122734, -0.004969526082277298, 0.014221732504665852, -0.023164186626672745, 0.01061242911964655, -0.004552031867206097, 0.0030689178965985775, -0.011757170781493187, -0.005962757859379053, 0.008087263442575932, 0.0006237159250304103, -0.024766825139522552, 0.0013459132751449943, 0.027096711099147797, -0.002828185446560383, -0.0006199281779117882, 0.034503862261772156, -0.012080392800271511, 0.015783969312906265, 0.0015630775596946478, -0.0008522433927282691, -0.008282543160021305, -0.0294131301343441, -0.01960875280201435, -0.01088851410895586, -0.006158037111163139, 0.009656233713030815, -0.009023258462548256, -0.0006813738727942109, 0.008787576109170914, 0.012221802026033401, -0.03232211992144585, 0.013258802704513073, 0.021952107548713684, -0.02183089777827263, 0.007400418631732464, -0.010309409350156784, -0.023527810350060463, -0.029574740678071976, -0.008834713138639927, -0.1699066162109375, 0.010046792216598988, 0.04261132702231407, -0.007434087805449963, 0.002656474243849516, 0.03216050937771797, 0.02970941551029682, -0.002895523328334093, -0.04018716886639595, -0.017090320587158203, 0.0162553321570158, -0.0037305112928152084, -0.027217919006943703, -0.0325106643140316, -0.0019797298591583967, 0.01683443784713745, -0.007400418631732464, 0.030275052413344383, 0.020740026608109474, 0.02297564037144184, 0.02879362180829048, -0.016969112679362297, 0.00460590235888958, -0.04174940660595894, -0.0051681725308299065, 0.003999862354248762, -0.018881505355238914, 0.036981891840696335, 0.00659236591309309, -0.010471019893884659, -0.01624186523258686, -0.002489813370630145, 0.06442876160144806, 0.003089119214564562, 0.03348033130168915, 0.009858246892690659, -0.0007777510327287018, -0.006080599036067724, -0.0007226182497106493, 0.0028584874235093594, 0.023177653551101685, 0.01989157125353813, -0.0007600748795084655, 0.024187719449400902, 0.02973635122179985, 0.0014317688765004277, 0.01393891405314207, -0.0016480914782732725, 0.01814078912138939, -0.02332579717040062, 0.006417287513613701, 0.011757170781493187, 0.004427457228302956, -0.018598686903715134, 0.003706943243741989, -0.002471295418217778, 0.012928848154842854, 0.02849733643233776, -0.014814305119216442, -0.022612016648054123, -0.010120864026248455, -0.021373001858592033, 0.021534612402319908, -0.006821314338594675, -0.02457827888429165, -0.006996392272412777, 0.0001016379173961468, 0.0027911497745662928, -0.022167587652802467, 0.015204863622784615, -0.011171332560479641, -0.010767306201159954, 0.020349469035863876, -0.02487456426024437, 0.006417287513613701, 0.018962310627102852, -0.0074408212676644325, -0.006087332498282194, -0.009622564539313316, 0.016187995672225952, -0.009851512499153614, 0.028416531160473824, -0.007218606770038605, 0.017359672114253044, -0.009285875596106052, -0.006834781728684902, -0.02203291282057762, -0.011777372099459171, -0.005477926228195429, 0.0062119076028466225, 0.03334565460681915, -0.044981617480516434, -0.017036451026797295, -0.00904345978051424, 0.005114302039146423, 0.018033050000667572, 0.018908441066741943, -3.919267328456044e-05, 0.0035453324671834707, 0.008336413651704788, 0.013541621156036854, -0.03102923557162285, -0.009474421851336956, 0.00797278992831707, 0.02456481195986271, 0.004764145705848932, 0.044362109154462814, 0.00876064132899046, 0.044254370033741, 0.0028315524104982615, -0.04104909300804138, 0.0008202579920180142, 0.006393719464540482, 0.052254095673561096, 0.0011893530609086156, 0.011413748376071453, 0.019756896421313286, -0.0077775102108716965, 0.00797952339053154, 0.011716768145561218, 0.02453787624835968, 0.0006716940551996231, -0.0007213556673377752, 0.022450406104326248, -0.00048104405868798494, -0.017871439456939697, -0.09772054105997086, 0.008134400472044945, 0.016403475776314735, 0.0020100318361073732, -0.02242347039282322, 0.0036901086568832397, 0.015393409878015518, 0.04077974334359169, -0.010006389580667019, 0.015070188790559769, -0.01900271326303482, -0.015218331478536129, -0.004060466308146715, 0.0022255126386880875, -0.020470676943659782, -0.016376540064811707, -0.01753474958240986, 0.0074408212676644325, -0.008403751067817211, 0.03156793862581253, 0.04409275949001312, -0.02149420976638794, 0.0028921563643962145, -0.010302675887942314, -0.0050637987442314625, -0.020066648721694946, -0.01746741309762001, -0.007191671524196863, 0.005888686049729586, -0.011642697267234325, 0.0012802589917555451, 0.0018332703039050102, -0.011629229411482811, -0.003828151151537895, -0.008794310502707958, 0.010208402760326862, -0.010006389580667019, -0.011130929924547672, 0.017278866842389107, -0.008774109184741974, -0.020753495395183563, 0.0048954542726278305, 0.030275052413344383, -0.0018635722808539867, -0.010235338471829891, -0.0026632079388946295, -0.0503147654235363, 0.017615554854273796, 0.017602087929844856, -0.008464355021715164, -0.008807777427136898, -0.007891984656453133, -0.03838251903653145, -0.008282543160021305, 0.024443604052066803, -0.0017541483975946903, 0.014773902483284473, 0.020160922780632973, -0.003999862354248762, 0.05920334905385971, 0.011918782256543636, -0.0005222884356044233, -0.007885250262916088, 0.004814649000763893, 0.014464149251580238, 0.003351736580953002, 0.012794172391295433, -0.0036934756208211184, -0.004043631721287966, -0.010228604078292847, -0.030786819756031036, -0.020120520144701004, -0.05061105266213417, 0.029386194422841072, -0.034827083349227905, 0.004811282269656658, -0.019878104329109192, -0.016982581466436386, -0.00950135663151741, -0.007663036230951548, 0.02391836978495121, 0.00826907530426979, 0.003760813269764185, -0.023204589262604713, -0.011164599098265171, 0.0047708796337246895, 0.021373001858592033, -0.003422441193833947, -0.002318102167919278, -0.03372274711728096, -0.014383343048393726, 0.024026108905673027, 0.01333287451416254, -0.024470537900924683, -0.015204863622784615, -0.014140927232801914, -0.009777441620826721, -0.012949049472808838, 0.004730476997792721, -0.010194935835897923, -0.02917071431875229, 0.011184800416231155, -0.049883805215358734, 0.0184505432844162, 0.022181054577231407, -0.02243693917989731, 0.018881505355238914, -0.010174734517931938, 0.011730236001312733, -0.03687415271997452, 0.00713106757029891, 0.0028685880824923515, -0.007292678579688072, 0.0325106643140316, -0.021696222946047783, 0.004104235675185919, -0.010949118062853813, 0.016416942700743675, 0.01898924633860588, -0.010592227801680565, 0.022248392924666405, 0.008491290733218193, -0.01088851410895586, 0.007259009405970573, -0.0048281168565154076, 0.01753474958240986, -0.03067907877266407, 0.004976259544491768, 0.0048954542726278305, 0.01990503817796707, -0.032941628247499466, -0.006949255708605051, 0.032349053770303726, -0.026881229132413864, 0.00950135663151741, -0.008794310502707958, -0.012248736806213856, -0.013103926554322243, -0.009144466370344162, 0.0534123033285141, -0.002745696809142828, 0.02459174580872059, -0.021575015038251877, -0.03100229986011982, 0.013534887693822384, -0.03533885255455971, 0.007750574965029955, -0.0058752186596393585, -0.03461160510778427, -0.006716940551996231, 0.0012221802026033401, -0.01411399245262146, 0.023271925747394562, 0.010477754287421703, -0.04196488484740257, -0.014612291939556599, -0.02666574902832508, -0.016134124249219894, 0.008343147113919258, 0.02398570626974106, -0.0184505432844162, -0.012093859724700451, 0.04702868312597275, -0.0013964165700599551, 0.013110660016536713, -0.0187064278870821, -0.0024207921233028173, 0.003390455851331353, -0.002316418569535017, -0.004033531062304974, -0.0021800596732646227, -0.0319988988339901, -0.032995495945215225, -0.015891708433628082, 0.002190160332247615, 0.03369580954313278, 0.0014637543354183435, -0.0024477271363139153, 0.0033668875694274902, 0.016336137428879738, 0.008962654508650303, -0.016996048390865326, 0.011541690677404404, -0.027689283713698387, -0.015326072461903095, -0.006063764449208975, 0.019810765981674194, -0.002190160332247615, -0.013386745005846024, 0.030328921973705292, 0.013911979272961617, -0.01810038648545742, -0.014342940412461758, 0.00024052202934399247, -0.011427216231822968, 0.001999931177124381, -0.005609234794974327, 0.009932317771017551, -0.008922251872718334, 0.02515738271176815, 0.014477616176009178, 0.02053801342844963, 0.01197938621044159, -0.0042456453666090965, -0.01226220466196537, -0.031460195779800415, -0.03310323879122734, 0.02515738271176815, -0.009912116453051567, -0.012322808615863323, -0.04269213229417801, 0.01598598249256611, -0.020995911210775375, -0.005595766939222813, 0.004855051636695862, 0.015460747294127941, -0.00038235215470194817, 0.0019241762347519398, 0.01120500173419714, 0.004801181610673666, -0.01134641095995903, 0.0165112167596817, 0.008067062124609947, 0.008531693369150162, -0.010915448889136314, -0.027554607018828392, 0.01777716539800167, -0.0025622013490647078, 0.0002903940621763468, -0.019568350166082382, 0.020915105938911438, 0.003952725790441036, 0.024120382964611053, 0.0038988557644188404, -0.004461125936359167, -0.017224997282028198, -0.026921631768345833, -0.012827841565012932, 0.004568866454064846, 0.029628610238432884, -0.00797278992831707, 0.07019287347793579, 0.01593211106956005, 0.020618818700313568, 0.03331872075796127, -0.0035116637591272593, 0.00963603239506483, 0.019783830270171165, 0.02424159087240696, -0.00010305832256563008, -0.03523110970854759, -0.0016034801956266165, 0.0055856662802398205, -0.007434087805449963, -0.024187719449400902, -0.004124436993151903, 0.016780568286776543, -0.00936668086796999, 0.0009410450584255159, 0.0019443775527179241, -0.0009570377878844738, 0.00295107695274055, -0.002210361650213599, 0.014881642535328865, -0.004110969603061676, 0.005578932818025351, 0.019123921170830727, 0.008888582699000835, -0.01121173519641161, -0.02145380713045597, -0.03213357552886009, 0.0062758782878518105, 0.0065654306672513485, -0.06857676804065704, 0.00551159493625164, -0.010302675887942314, -0.002839969703927636, 0.010168000124394894, -0.004562132526189089, 0.0411568321287632, -0.0005193424294702709, -0.02882055751979351, -0.00797278992831707, -0.016982581466436386, -0.02549407258629799, 0.0285781417042017, 0.008349881507456303, -0.0336688756942749, -0.010181467980146408, -0.003016731236129999]","[-0.038819558918476105, 0.013912253081798553, 0.004673255607485771, -0.030447836965322495, -0.00018232506408821791, 0.004121352918446064, -0.023495294153690338, -0.033429548144340515, -0.016714774072170258, -0.022821543738245964, 0.015395940281450748, -0.002368881832808256, -0.0018581924960017204, -0.023007899522781372, 0.006074515637010336, 0.015696978196501732, -0.006712429225444794, -0.009554371237754822, -0.02022688277065754, 0.007031386252492666, -0.027394453063607216, 0.031709328293800354, -0.0147221889346838, -0.028999987989664078, -0.017460200935602188, 0.012958967126905918, 0.006974045652896166, -0.020398903638124466, -0.008228369988501072, -0.01376890204846859, 0.008450564928352833, -0.004644585307687521, -0.004049676936119795, -0.009848241694271564, -0.02987443283200264, -0.003356214612722397, -0.009618879295885563, -0.01313815638422966, 0.015725648030638695, -0.009884078986942768, 0.030046453699469566, -0.011439441703259945, -0.0035855770111083984, 0.003397428197786212, -0.0196821466088295, 0.02246316522359848, 0.011561290360987186, 0.01576865464448929, 0.010435981675982475, 0.011704642325639725, -0.004597996361553669, -0.014299302361905575, -0.042116641998291016, -0.010099106468260288, -0.01865001767873764, 0.03317151591181755, -0.008407559245824814, 0.006769769825041294, 0.01387641578912735, -0.009977257810533047, 0.011167074553668499, 0.006235785782337189, -0.041141852736473083, 0.00024436935200355947, -0.01601235195994377, -0.0030211308039724827, 0.005902493838220835, 0.026247641071677208, 0.016571421176195145, 0.0003821210702881217, 0.027896182611584663, 0.00826420821249485, -0.020198212936520576, -0.010651009157299995, 0.015596632845699787, -0.020169541239738464, 0.021459704264998436, 0.027394453063607216, 0.020054861903190613, -0.009697722271084785, 0.050803735852241516, -0.007038553711026907, -0.049742937088012695, 0.015639638528227806, 0.019467120990157127, -0.005626542493700981, -0.01011344138532877, 0.055333640426397324, -0.013095150701701641, -0.016026686877012253, 0.024943143129348755, 0.0465892069041729, 0.011589961126446724, -0.004422390833497047, -0.009353678673505783, 0.011188576929271221, -0.03477704897522926, 0.010686847381293774, 0.008916457183659077, -0.009425354190170765, 0.0005268164095468819, -0.019194751977920532, -0.021875424310564995, -0.008880618959665298, -0.021216006949543953, -0.00635763444006443, 0.006658672355115414, 0.007138899993151426, 0.006633586250245571, -0.0184493251144886, -0.015481951646506786, 0.032483428716659546, 0.0017865168629214168, 0.010156447067856789, 0.011102565564215183, -0.013811907730996609, -0.003874071640893817, -0.02180374786257744, -0.0262906476855278, -0.01777557283639908, 0.01101655513048172, 0.015955010429024696, 0.00632896414026618, -0.00319136050529778, 0.01546761579811573, -0.007482943125069141, 0.0022201547399163246, 0.0019746655598282814, 0.008013343438506126, -0.007576121482998133, 0.05298267677426338, 0.01865001767873764, 0.021000979468226433, 0.0217177364975214, -0.0182199627161026, -0.0024996900465339422, -0.0016234546201303601, 0.026749370619654655, -0.022821543738245964, -0.03018980473279953, 0.017116157338023186, 0.0028598604258149862, -0.01632772386074066, -0.008020510897040367, 0.008593916893005371, 0.031193265691399574, 0.005751974880695343, 0.0032021119259297848, -0.030046453699469566, 0.017316849902272224, -0.017288178205490112, -0.016972806304693222, -0.006891618482768536, 0.0030300901271402836, 0.01293029636144638, 0.008593916893005371, -0.0146648483350873, 0.012450069189071655, 0.0027648902032524347, 0.018047941848635674, 0.006027926225215197, 0.021058320999145508, -0.0022595764603465796, -0.009733560495078564, 0.038733549416065216, 0.0295590590685606, 0.019753823056817055, -0.016872460022568703, 0.0197968278080225, 0.01493721641600132, 0.013575377874076366, 0.010134943760931492, -0.016915464773774147, 0.028025198727846146, -0.01918041706085205, -0.003805979620665312, -0.006766186095774174, 0.004461812321096659, -0.014607507735490799, -0.00921032764017582, -0.039995040744543076, 0.020599596202373505, 0.019624806940555573, 0.040281742811203, -0.043177440762519836, 0.006174861453473568, -0.003995920531451702, -0.023165587335824966, 0.008328716270625591, 0.005952666979283094, -0.004902618005871773, 0.01801927201449871, -0.004085515160113573, -0.012700933963060379, -0.5660660266876221, -0.01842065528035164, -0.008808943443000317, -0.02755213901400566, 0.022721197456121445, 0.016342060640454292, 0.017531875520944595, -0.021746408194303513, -0.020384568721055984, 0.0069346241652965546, -0.005784228909760714, -0.0029512469191104174, -0.02319425716996193, -0.02065693773329258, 0.02287888340651989, -0.02692139334976673, -0.017976265400648117, -0.028756290674209595, -0.003748639253899455, -0.0014594964450225234, 0.01790459081530571, 0.0033687578979879618, 0.006766186095774174, 0.007013467140495777, -0.011188576929271221, -0.0199115090072155, -0.013238501735031605, -0.004006671719253063, -0.00938234943896532, 0.023681651800870895, -0.022950559854507446, -0.010937712155282497, 0.004859612323343754, -0.011475279927253723, 0.03793077915906906, -0.02012653648853302, -0.0026054116897284985, -0.008443397469818592, 0.004286206793040037, 0.022821543738245964, -0.030275816097855568, -0.01186949573457241, 0.009604543447494507, -0.015266924165189266, -0.012249377556145191, 0.008722933009266853, -0.0024369738530367613, -0.00916015449911356, -0.031221935525536537, -0.010787192732095718, 0.0029243684839457273, -0.004705509636551142, -0.012887290678918362, 0.02848392352461815, 0.016141368076205254, 0.003838233882561326, 0.03443300724029541, -0.02447008341550827, 0.005275331437587738, 0.015955010429024696, 0.023265931755304337, 0.024871468544006348, -0.004565742332488298, 0.002125184517353773, -0.0022201547399163246, 0.00916015449911356, -0.009525700472295284, -0.008701429702341557, 0.018779033794999123, -0.011934003792703152, -0.005049553234130144, 0.005637293681502342, 0.0031519390176981688, 0.018578341230750084, 0.012951798737049103, 0.019151747226715088, -0.007293002679944038, -0.03821748495101929, -0.01579732447862625, -0.005210823379456997, 0.00444389320909977, -0.0027308440767228603, -0.03600987046957016, 0.00725358072668314, -0.015481951646506786, -0.007056472823023796, -0.028139879927039146, -0.02692139334976673, 0.0020535087678581476, -0.015008891932666302, -0.01684379018843174, 0.012736772187054157, 0.017331184819340706, 0.01467201579362154, -0.016557086259126663, 0.012894458137452602, -0.01599801704287529, 0.04312010109424591, 0.012206371873617172, -0.027408787980675697, -0.02001185528934002, -0.021474039182066917, 0.00463741784915328, 0.01992584392428398, 0.07024218887090683, -0.011790652759373188, 3.301001925137825e-05, 0.004988628905266523, 0.053126029670238495, -0.015352935530245304, -0.002035589888691902, 0.01576865464448929, -0.022721197456121445, 0.0004811231337953359, -0.003424306632950902, -0.0362105630338192, 0.01989717409014702, -0.004723428748548031, 0.017732568085193634, -0.0293296966701746, 0.014062772504985332, 0.02289321832358837, 0.003361590439453721, -0.03400295227766037, 0.0025426954962313175, 0.04056844487786293, 0.009683387354016304, -0.006081683095544577, 0.008543743751943111, -0.013654220849275589, 0.030591189861297607, 0.01275827456265688, 0.042202651500701904, -0.03408896178007126, 0.005823650863021612, 0.005114061292260885, -0.010844533331692219, 0.010557830333709717, 0.029788421466946602, 0.0009685179102234542, 0.01293029636144638, 0.012643593363463879, 0.02254917472600937, -0.013295842334628105, 0.0074471053667366505, -0.060322269797325134, -0.006139023695141077, -0.006794856395572424, 0.012966134585440159, 0.004956374876201153, -0.0033526308834552765, -0.003863320220261812, 0.006221450865268707, -0.00016563806275371462, 0.01551062148064375, -0.004519152920693159, -0.011367766186594963, -0.013919421471655369, -0.027939187362790108, -0.01883637346327305, 0.01169747393578291, 0.02530152164399624, -0.012227874249219894, -0.014428318478167057, -0.013116653077304363, -0.02415471151471138, 0.014464156702160835, -0.0059168292209506035, -0.00010191388719249517, -0.01939544454216957, 0.02998911403119564, 0.0032415336463600397, -0.029415708035230637, -0.010185116901993752, -0.04246068373322487, 0.014227626845240593, -0.025674235075712204, -0.006579829379916191, -0.020255552604794502, 0.013467864133417606, 0.01599801704287529, -0.0040102554485201836, -0.009869744069874287, 0.02904299460351467, 0.001325104502029717, 0.017746903002262115, -0.0062142834067344666, -0.012206371873617172, 0.010414479300379753, 0.005726888310164213, 0.006522488780319691, 0.026104290038347244, -0.002587492810562253, 0.0020803872030228376, 0.01747453585267067, 0.017431531101465225, 0.013539539650082588, 0.004920536652207375, -0.009497030638158321, -0.0029279524460434914, 0.027695490047335625, 0.024341067299246788, 0.016915464773774147, -0.026864051818847656, 0.015051896683871746, -0.010980716906487942, 0.013224166817963123, -0.013009139336645603, 0.005110477562993765, -0.005995672196149826, -0.001814291113987565, -0.03678397089242935, 0.018678687512874603, 0.014062772504985332, 0.02151704579591751, 0.04524170234799385, 0.02107265591621399, 0.01863568276166916, -0.00731092132627964, 0.006221450865268707, 0.025158170610666275, -0.01876469887793064, 0.0016189748421311378, 0.0197968278080225, -0.022377153858542442, -0.000541151559446007, 0.011661636643111706, -0.015123573131859303, 0.0017291762633249164, -0.027150755748152733, -0.012399896048009396, 0.012292382307350636, 0.012966134585440159, 0.019323768094182014, -0.002282871166244149, 0.025616895407438278, 0.03093523159623146, 0.016915464773774147, 0.0165284164249897, 0.006049429066479206, -0.01938110962510109, 0.011561290360987186, -0.0051068938337266445, 0.014048437587916851, -0.004375801421701908, 0.0059096612967550755, 0.026018278673291206, 0.0038310661911964417, -0.043578825891017914, 0.043148770928382874, 0.016170037910342216, -0.0021269763819873333, -0.005497526377439499, 0.026333652436733246, 0.018162623047828674, -0.00842189509421587, 0.004382968880236149, 0.009296338073909283, 0.018779033794999123, 0.023179922252893448, 0.008393224328756332, -0.02765248529613018, 0.024857133626937866, 0.012270879931747913, 0.00905980821698904, -0.0315946489572525, 0.00725716445595026, 0.0012847869656980038, -0.03357289731502533, -0.01685812510550022, 0.005741223692893982, -0.015453280881047249, 0.00034941904596053064, -0.024914473295211792, 0.015223918482661247, 0.0016503330552950501, 0.015754319727420807, 0.0037665581330657005, 0.006644337438046932, -0.006963294465094805, -0.04647452384233475, -0.023681651800870895, -0.003461936255916953, -0.012521744705736637, -0.01672910898923874, -0.026563014835119247, -0.020699942484498024, -0.012937463819980621, 0.05467422306537628, -0.025760246440768242, -0.00646156445145607, 0.02118733711540699, -0.009984425269067287, -0.0006392576615326107, -0.019237758591771126, 0.007948835380375385, 0.026233306154608727, -0.01371156144887209, 0.01631338894367218, -0.0018304182449355721, 0.017675228416919708, 0.03646859526634216, -0.02392534911632538, -0.012636425904929638, 0.028856636956334114, -0.0035819930490106344, 0.03463369980454445, -0.013001971878111362, 0.008120857179164886, -0.001674523577094078, 0.004451061133295298, -0.0162990540266037, 0.008973797783255577, 0.01981116272509098, 0.014471324160695076, 0.001453224802389741, 0.010887539014220238, -0.0070779756642878056, -0.01012060884386301, 0.0278675127774477, -0.024126041680574417, -0.013195496052503586, -0.02699306793510914, 0.024341067299246788, -0.0036232066340744495, 0.010937712155282497, 0.0024907304905354977, 0.010256792418658733, -0.006533239968121052, 0.023366278037428856, -0.014485659077763557, -0.0260612852871418, 0.0015007100300863385, -0.03018980473279953, -0.019467120990157127, 0.007232078351080418, 0.0064866510219872, -0.01388358324766159, 0.007490110583603382, -0.0130879832431674, 0.019352439790964127, -0.039163604378700256, -0.015854664146900177, 0.007009883411228657, -0.01027829572558403, 0.00728583475574851, 0.01111690141260624, 0.03385959938168526, 0.010457484982907772, -0.0015365477884188294, 0.023652981966733932, 0.008794608525931835, 0.019008396193385124, -0.008565246127545834, -0.03222539648413658, 0.024957478046417236, 0.021574385464191437, 0.012342555448412895, -0.010084770619869232, 0.02012653648853302, 0.010134943760931492, 0.009339343756437302, 0.019624806940555573, -0.026419663801789284, 0.0054007638245821, 0.03314284235239029, 0.010715517215430737, -0.006221450865268707, -0.005096142180263996, 0.021588720381259918, -0.03752939775586128, 0.023753326386213303, 0.003349047154188156, -0.00921749509871006, 0.023351943120360374, 0.010084770619869232, -0.02350962907075882, 0.016686102375388145, 0.005662380252033472, 0.02254917472600937, -0.03678397089242935, -0.01107389573007822, -0.014707854017615318, 0.0018340019742026925, -0.007611959241330624, -0.0332861952483654, 0.026448333635926247, -0.009532867930829525, -0.006984796840697527, -0.04160057753324509, -0.011905333958566189, -0.016915464773774147, -0.010557830333709717, -0.01651408150792122, 0.0013752775266766548, -0.043808188289403915, -0.055476993322372437, 0.0074471053667366505, -0.010543495416641235, 0.013647053390741348, -0.002935119904577732, 0.0016368938377127051, 0.029702410101890564, 0.0042432015761733055, 0.001056320616044104, -0.03291347995400429, 0.02266385592520237, -0.019954515621066093, -0.004698342178016901, -0.026405328884720802, 0.008278543129563332, -0.002677087439224124, -0.009618879295885563, 0.014034101739525795, 0.013381853699684143, 0.008579581044614315, 0.03360156714916229, -0.0359812006354332, -0.004920536652207375, -0.01694413647055626, -0.00321644707582891, -7.472052061530121e-07, 0.013575377874076366, -0.004092682618647814, 0.014908545650541782, 0.011654469184577465, 0.009611711837351322, -0.023280266672372818, -0.00012823230645153672, 0.018607011064887047, 0.014736523851752281, 0.01832030899822712, -0.0022326980251818895, -0.005293250549584627, 0.012005680240690708, -0.0076908026821911335, 0.003320376854389906, 0.011941172182559967, 0.03039049729704857, 0.024871468544006348, 0.01694413647055626, -0.0041356878355145454, 0.0009712057653814554, -0.024556094780564308, 0.003076679538935423, -0.031164593994617462, 0.006533239968121052, 0.019968850538134575, 0.01684379018843174, 0.021445369347929955, -0.004985045175999403, -0.036497265100479126, -0.009031138382852077, 0.019352439790964127, -0.01609836146235466, 0.028870971873402596, -0.01981116272509098, -0.028455253690481186, -0.02404003031551838, -0.007941667921841145, -0.01737418957054615, -0.017087487503886223, -0.015238254331052303, -0.0043793851509690285, -0.012536079622805119, 0.00921032764017582, 0.00911714881658554, -0.013403356075286865, -0.019983185455203056, -0.027308441698551178, -0.0036249984987080097, 0.015825994312763214, 0.014542999677360058, 0.025559555739164352, 0.011489614844322205, 0.005891742650419474, -0.023882344365119934, -0.01196267455816269, 0.007977505214512348, -0.02224813774228096, -0.02604695037007332, -0.013632718473672867, 0.008178197778761387, 0.027294106781482697, 0.041571907699108124, -0.003748639253899455, 0.0007633462082594633, 0.001184440916404128, 0.002832981990650296, 0.02276420220732689, -0.020714277401566505, -0.009475527331233025, -0.03635391592979431, 0.01619870774447918, 0.00842189509421587, 0.018162623047828674, 0.020714277401566505, -0.017560547217726707, 0.04765000566840172, 0.024513090029358864, -0.030591189861297607, -0.023151250556111336, 0.007475775666534901, -0.01106672827154398, 0.000849805015604943, -0.027165090665221214, 0.01566830836236477, 0.009934252128005028, 0.005411515478044748, -0.0018438573461025953, 0.010127776302397251, -0.024283727630972862, 0.0383608341217041, -0.006361218634992838, 0.021029651165008545, -0.009131484664976597, 0.04025307297706604, -0.018477994948625565, 0.010794360190629959, -0.0021018898114562035, -0.005816482938826084, -0.0007431874400936067, 0.007346759084612131, 0.012543248012661934, -0.003902741940692067, 0.014650513418018818, 0.012177701108157635, 0.003759390441700816, 0.01186232827603817, 0.020814623683691025, -0.008866284042596817, -0.02340928465127945, 0.012098858132958412, 0.02213345654308796, 0.007171154022216797, -0.017030145972967148, -0.01276544202119112, -0.02024121768772602, 0.010729852132499218, -0.004981460981070995, -0.024097369983792305, 0.005128396209329367, -0.013052145019173622, -0.020384568721055984, 0.013281507417559624, -0.005694634281098843, 0.02904299460351467, 0.012055852450430393, -0.0005496630328707397, 0.025072159245610237, -0.019968850538134575, -0.004655336961150169, -0.006142607424408197, -0.007461440283805132, -0.013525204733014107, 0.03801679238677025, 0.04205930233001709, -0.015912005677819252, 0.007798316422849894, -0.017116157338023186, -0.003576617455109954, -0.002650209004059434, -0.03557981923222542, 0.0064042238518595695, -2.5688459572847933e-05, -0.021574385464191437, -0.03847551718354225, -0.002766682067885995, -0.029186345636844635, 0.00460874754935503, 0.008952295407652855, 0.037443384528160095, 0.005368509795516729, -0.006884451024234295, -0.022721197456121445, 0.002718301024287939, -0.0349777415394783, 0.00447256350889802, -0.005361342336982489, -0.017617886886000633, -0.017517540603876114, -0.01493721641600132, 0.028784960508346558, 0.006131856236606836, 0.008851949125528336, 0.008923624642193317, -0.0018348979065194726, 0.01186949573457241, 0.013639885932207108, -0.002032006159424782, 0.003266619984060526, -0.04753532633185387, 0.011195744387805462, 0.038934241980314255, -0.010392976924777031, 0.0008995300158858299, -0.012356890365481377, 0.02362431026995182, -0.0021448952611535788, -0.030562518164515495, -0.026089955121278763, -0.03578050807118416, -0.026118624955415726, -0.006898786406964064, 0.0017838289495557547, 0.017675228416919708, -0.0002918544923886657, -0.019653476774692535, -0.005422266665846109, 0.013360350392758846, -0.019653476774692535, -0.0029100333340466022, -0.00012386456364765763, -0.0072141592390835285, -0.0034314740914851427, -0.0005487671005539596, 0.01181215513497591, -0.0024781874381005764, -0.002535527804866433, 0.0008188948850147426, 0.015266924165189266, 0.03555114567279816, -0.03443300724029541, 0.0197968278080225, -0.011503949761390686, -0.01186232827603817, -0.01748887076973915, 0.0019728736951947212, -0.024914473295211792, 0.016141368076205254, 1.4839110008324496e-05, -0.01842065528035164, -0.010550662875175476, -0.023997023701667786, -0.004565742332488298, 0.030275816097855568, 0.007293002679944038, 0.015926340594887733, -0.01885070838034153, 0.021588720381259918, 0.01611269824206829, -0.00542943412438035, -0.039364293217659, -0.008608251810073853, -0.036697957664728165, -0.03440433740615845, 0.022276807576417923, 0.010894706472754478, -0.02912900410592556, -0.007891494780778885, 0.0024674360174685717, 0.018133951351046562, -0.019194751977920532, 0.006332548335194588, -0.017847249284386635, -0.002435181988403201, -0.01598368212580681, -0.038819558918476105, -0.035436466336250305, -0.028784960508346558, -0.02627631276845932, 0.023380612954497337, 0.006171277724206448, -0.00651173759251833, -0.016485411673784256, 0.004813023377209902, -0.041256532073020935, 0.01207735575735569, -0.01376890204846859, 0.0025677820667624474, 0.0020499250385910273, -0.011453776620328426, 0.004791520535945892, -0.024011360481381416, -0.02246316522359848, 0.01372589636594057, 0.008780273608863354, -0.007199824322015047, -0.0018232506699860096, -0.006307461764663458, -0.044639624655246735, -0.015195248648524284, -0.01692979969084263, 0.0072034080512821674, 0.019524460658431053, 0.0003590504638850689, 0.0196821466088295, 0.03400295227766037, 0.0130306426435709, 0.017116157338023186, -0.008988132700324059, 0.01926642842590809, 0.002422638703137636, 0.038188815116882324, 0.03423231467604637, -0.018348978832364082, -0.044324252754449844, -0.011038057506084442, 0.020097866654396057, 0.04678989574313164, 0.0029781253542751074, 0.011546955443918705, -0.02478545717895031, 0.014048437587916851, 0.0056838830932974815, -0.03277013078331947, 0.02808254025876522, 0.0016942343208938837, 0.005275331437587738, -0.016342060640454292, 0.0029100333340466022, 0.03566582873463631, 0.011797820217907429, -0.018248632550239563, -0.00888778641819954, -0.04228866472840309, 0.008665592409670353, -0.00025512068532407284, -0.035522475838661194, 0.01770389825105667, -0.005203655920922756, -0.028584269806742668, 0.02383933775126934, -0.0027630983386188745, -0.01399109698832035, 0.041571907699108124, 0.01197700947523117, 0.008300046436488628, -0.021373694762587547, 0.007042137440294027, -0.03867620974779129, -0.002716509159654379, 0.01938110962510109, 0.019352439790964127, -0.006056596525013447, -0.009869744069874287, 0.011955507099628448, -0.01012060884386301, 0.0037271364126354456, 0.010493322275578976, 0.0347483791410923, -0.016700439155101776, 0.01546761579811573, 0.012321053072810173, -0.023380612954497337, 0.0062608723528683186, 0.005902493838220835, 0.011059560813009739, 0.02107265591621399, -0.0017488871235400438, -0.03325752541422844, -0.04747798293828964, 0.015596632845699787, 0.010242457501590252, -0.018406320363283157, -0.04822340980172157, 0.006049429066479206, 0.004705509636551142, 0.007095894310623407, 0.03879088908433914, 0.18429255485534668, -0.0005693738348782063, -0.017288178205490112, 0.043693505227565765, -0.014607507735490799, 0.006096018478274345, 0.002221946604549885, 0.011998511850833893, -0.013862080872058868, 0.009805236011743546, -0.04438159242272377, -0.030361827462911606, -0.04165791720151901, -0.002718301024287939, 0.020155206322669983, -0.0258319228887558, -0.03357289731502533, -0.022219467908143997, -0.04555707424879074, -0.012407063506543636, 0.018377650529146194, 0.006361218634992838, -0.0315946489572525, -0.02097230963408947, 0.03297082334756851, -0.0002860308450181037, 0.007181905210018158, 0.017818579450249672, 0.023050906136631966, 0.010450317524373531, -0.026405328884720802, -0.017832914367318153, -0.01811961643397808, 0.013740232214331627, 0.012736772187054157, -0.014320804737508297, -0.007877159863710403, 0.01823429763317108, 0.014026934280991554, 0.009554371237754822, -0.02287888340651989, -0.023796333000063896, 0.0040460932068526745, -0.004873947706073523, 0.019209086894989014, -0.01011344138532877, -0.00471626129001379, -0.022592181339859962, -0.0021162249613553286, 0.009009636007249355, -0.013546707108616829, 0.018578341230750084, 0.040941160172224045, 0.009188825264573097, 0.008579581044614315, -0.03494907170534134, 0.04059711843729019, 0.03698465973138809, -0.0019477871246635914, 0.03007512353360653, -0.011934003792703152, 0.061411742120981216, -0.024613436311483383, -0.010894706472754478, -0.013102318160235882, 0.02373899146914482, -0.01487987581640482, -0.00816386193037033, -0.0012453652452677488, -0.014378145337104797, 0.032999493181705475, 0.0023151251953095198, -0.0056301262229681015, -0.011718977242708206, -0.005253829061985016, -0.01737418957054615, 0.022162126377224922, 0.022104786708950996, 0.03566582873463631, 0.037242695689201355, -0.01684379018843174, -0.0217177364975214, -0.02034156396985054, -0.02035589888691902, -0.020255552604794502, -0.015324264764785767, 0.0162990540266037, 0.015223918482661247, -0.030677199363708496, -0.028756290674209595, 0.004160774406045675, -0.012471571564674377, 0.008228369988501072, 0.01281561516225338, -0.004074763506650925, 0.004945623222738504, -0.0011548746842890978, 0.024541759863495827, 0.0043793851509690285, -0.0011262045009061694, -0.002537319902330637, 0.008077851496636868, -0.002539111766964197, 0.012414230965077877, -0.0045764935202896595, -0.018664352595806122, 0.0007261644350364804, -0.0007812651456333697, -0.01832030899822712, -0.020714277401566505, 0.0013976761838421226, -0.02541620284318924, 0.022076115012168884, 0.0044868988916277885, -0.007081559393554926, 0.013998264446854591, 0.019968850538134575, -0.022620851173996925, 0.005124812480062246, 0.004003087989985943, 0.026462668552994728, -0.0019531629513949156, 0.0033132091630250216, -0.004644585307687521, -0.037042003124952316, -0.005465272348374128, -0.03698465973138809, 0.0007310921209864318, 0.03506375104188919, -0.04071179777383804, -0.004508401732891798, -0.020413240417838097, -0.0008717557066120207, 0.01282278262078762, 0.006210699677467346, -0.019366774708032608, 0.010486154817044735, -0.007163986098021269, 0.016241714358329773, 0.027251102030277252, 0.008522240445017815, 0.04406622052192688, 0.005160650238394737, 0.019108742475509644, -0.002279287204146385, -0.03801679238677025, 0.03821748495101929, 0.0021771492902189493, -0.023982688784599304, -0.018291639164090157, -0.03752939775586128, 0.01186949573457241, 0.00365366879850626, -0.0068808672949671745, 0.02373899146914482, -0.013890750706195831, 0.021431034430861473, -0.05008697882294655, 0.010428814217448235, -0.003128644311800599, -0.024083035066723824, 0.0035855770111083984, 0.02531585656106472, -0.012349722906947136, -0.028010863810777664, -0.03993770107626915, -0.1821136176586151, 0.0005290562403388321, 0.007583288941532373, -0.0342896543443203, 0.034060291945934296, 0.02286454848945141, 0.002945871325209737, -0.013596880249679089, 0.007733807899057865, 0.004777185618877411, -0.007912997156381607, -0.00029790212283842266, -0.02332327328622341, -0.0034207229036837816, 0.004092682618647814, -0.00921749509871006, -0.012378393672406673, 0.04039642587304115, 0.03896291181445122, 0.018521001562476158, 0.04223132133483887, -0.030591189861297607, 0.0025409036315977573, -0.01033563632518053, 0.0022989981807768345, 0.01005610078573227, -0.028096875175833702, 0.02479979209601879, -0.0016485410742461681, -0.029172010719776154, -0.022319812327623367, 0.016256049275398254, -0.0012991221155971289, -0.00010941743676085025, 0.005289666820317507, -0.0019011979456990957, -0.0017426154809072614, -0.010471819899976254, -0.004268288146704435, 0.0050997259095311165, 0.0064938184805214405, 0.023036569356918335, -0.001965706003829837, -0.016256049275398254, -0.0010357138235121965, 0.031193265691399574, 0.02246316522359848, -0.006088850554078817, 0.018033606931567192, -0.006744683254510164, -0.0013448153622448444, -0.022692527621984482, 0.03549380600452423, -0.011647301726043224, -0.00019531628640834242, -0.006038677878677845, 0.01758921705186367, -0.011260252445936203, -0.004949206952005625, -0.021861089393496513, -0.022305477410554886, -0.04790803790092468, -0.0017408236162737012, 0.017001476138830185, -0.015653973445296288, -0.0347483791410923, -0.016557086259126663, 0.026247641071677208, -0.008823278360068798, 0.0296737402677536, 0.006246537435799837, -0.03517843410372734, 0.01398392952978611, -0.0032988740131258965, 0.0020373817533254623, 0.01758921705186367, -0.013639885932207108, -0.0074040996842086315, 0.017130492255091667, 0.033114172518253326, -0.007074391469359398, 0.05180719494819641, 0.019223423674702644, 0.0262906476855278, 0.0146648483350873, -0.01298046950250864, 0.007074391469359398, 0.03632524609565735, -0.001403947826474905, -0.021359357982873917, 0.017216503620147705, -0.019624806940555573, 0.013252836652100086, 0.020097866654396057, 0.004465396050363779, 0.01493721641600132, -0.007013467140495777, 0.00278101721778512, -0.030447836965322495, -0.004028174560517073, 0.008937959559261799, 0.0048201908357441425, -0.00804918073117733, 0.0036249984987080097, 0.016256049275398254, 0.013424858450889587, 0.016284719109535217, 0.027738496661186218, 0.04618782177567482, 0.02256350964307785, -0.0296737402677536, 0.0065439916215837, 0.026649026200175285, 0.024742452427744865, 0.019553130492568016, 0.03555114567279816, -0.002601827960461378, -0.010980716906487942, -0.004185860976576805, 0.0017945803701877594, 0.0022595764603465796, -0.01208452321588993, -0.002608995418995619, -0.004031758289784193, -0.0315946489572525, -0.04575776681303978, -0.10728418827056885, -0.022377153858542442, 0.031107254326343536, 0.0067733535543084145, -0.0038023958913981915, 0.025760246440768242, 0.015324264764785767, 0.03827482461929321, -0.011403604410588741, 0.0364399254322052, -0.00017650141671765596, 0.004056844860315323, 0.001027650316245854, -0.007669299840927124, 0.02012653648853302, -0.014206123538315296, 0.0020373817533254623, -0.03494907170534134, -0.02035589888691902, 0.036382585763931274, 0.0009335760260000825, -0.025989608839154243, 0.04980027675628662, -0.02371032163500786, 0.018062276765704155, 0.001931660110130906, -0.012586252763867378, 0.004956374876201153, 0.017875919118523598, 0.017976265400648117, -0.007783981040120125, -0.02024121768772602, 0.019108742475509644, -0.02309391088783741, -0.019123077392578125, -0.021101325750350952, -0.016557086259126663, -0.016069691628217697, 0.01961047202348709, -0.015926340594887733, -0.018678687512874603, 0.013181161135435104, 0.007171154022216797, -0.015725648030638695, 0.03942163661122322, -0.025774581357836723, 0.0013475031591951847, 0.028340572491288185, -0.014707854017615318, -0.020370233803987503, -0.014922880567610264, -0.023380612954497337, -0.010342803783714771, 0.009977257810533047, 0.023753326386213303, 0.022592181339859962, 0.025072159245610237, 0.017445866018533707, -0.027150755748152733, -0.0056838830932974815, 0.0037271364126354456, -0.02670636586844921, -0.004680423066020012, 0.038618866354227066, 0.0015266924165189266, 0.0216030552983284, -0.014600340276956558, -0.014586005359888077, 0.027681155130267143, -3.670579826575704e-05, -0.01546761579811573, -0.006952542811632156, -0.03337220475077629, 0.0036375417839735746, -0.029931772500276566, 0.004952790681272745, -0.02699306793510914, -0.03147996589541435, 0.033114172518253326, 0.016442405059933662, -0.0026304982602596283, -0.011489614844322205, 0.020298559218645096, -0.014980221167206764, 0.02477112226188183, -0.011489614844322205, 0.01012060884386301, 0.04481164738535881, -0.020097866654396057, -0.013682891614735126, -0.013639885932207108, 0.01905140094459057, 0.01865001767873764, -0.007826986722648144, -0.038819558918476105, 0.009704889729619026, 0.02045624516904354, 0.016485411673784256, -0.012464404106140137, 0.034260984510183334, -0.0451270192861557, -0.03302816301584244, -0.04228866472840309, 0.02065693773329258, -0.032569438219070435, 0.016141368076205254, 0.008135192096233368, 0.02415471151471138, -0.0030713037122040987, -0.019553130492568016, -0.027150755748152733, -0.015367270447313786, -0.01589767076075077, 0.0201408714056015, -0.040511105209589005, 0.016686102375388145, -0.016385065391659737, -0.016600092872977257, 0.001415595063008368, 0.0037916444707661867, 0.0007355718989856541, -0.017187833786010742, -0.01863568276166916, -0.011926836334168911, 0.01551062148064375, -0.002522984752431512, 0.002524776617065072, 0.014184621162712574, -0.01000592764467001, 0.006135439965873957, 0.009396684356033802, -0.03368758037686348, 0.014965886250138283, -0.04022440314292908, -0.01551062148064375, 0.028655944392085075, -0.007242829538881779, 0.013890750706195831, -0.0033239605836570263, 0.013697226531803608, 0.03583785146474838, -0.010199451819062233, -0.02753780409693718, -0.004490482620894909, 0.014657680876553059, -0.02574591152369976, 0.0022470331750810146, 0.004655336961150169, 0.009454024955630302, 0.007454272825270891, -0.013546707108616829, 0.001313457265496254, 0.01117424201220274, 0.011167074553668499, -0.023566970601677895, 0.024814127013087273, 0.013639885932207108, -0.057684604078531265, -0.002558822510764003, -0.021474039182066917, 0.002822230802848935, -0.02340928465127945, 0.010457484982907772, 0.031078584492206573, 0.007877159863710403, -0.012629258446395397, -0.025401867926120758, 0.02310824580490589, 0.004074763506650925, 0.003942163661122322, 0.02180374786257744, -0.03030448593199253, -0.022534839808940887, -0.015223918482661247, 0.0032415336463600397, 0.03609588369727135, 0.03816014155745506, -0.013940923847258091, -0.030963903293013573, 0.007662132382392883, -0.009884078986942768, 0.027609480544924736, 0.009826738387346268, 0.011826490983366966, -0.012794112786650658, 0.0070170508697628975, 0.02447008341550827, 0.0019137412309646606, 0.014643345959484577, 0.015367270447313786, -0.006002840120345354, 0.01832030899822712, -0.04076913744211197, 0.007482943125069141, 0.009124316275119781, 0.0001601503900019452, -4.784913107869215e-05, 0.002021254738792777, -0.03216805309057236, -0.0162990540266037, -0.025387533009052277, 0.012041517533361912, 0.031824011355638504, 0.0036249984987080097, -0.01493721641600132, -0.02045624516904354, -0.031393956393003464, 0.020943639799952507, -0.01704448089003563, -0.02353830076754093, 0.003981585148721933, 0.010041765868663788, -0.004239617846906185, -0.02120167203247547, 0.01971081830561161, 0.027566473931074142, -0.031938690692186356, 0.025029154494404793, -0.025387533009052277, -0.01608402654528618, -0.02699306793510914, 0.022735532373189926, 0.011640133336186409, -0.005633709952235222, 0.017861584201455116, -0.014284967444837093, 0.008579581044614315, -0.0066371699795126915, -0.004859612323343754, -0.005780645180493593, 0.04099849984049797, -0.017230838537216187, -0.003931412007659674, 0.004225282464176416, -0.02012653648853302, -0.04053977504372597, 0.009640381671488285, -0.006913121324032545, -0.011718977242708206, 0.015266924165189266, -0.03592386096715927, 0.08629754185676575, 0.01737418957054615, 0.001414699130691588, 0.011138403788208961, -0.02360997535288334, 0.005167818162590265, 0.012278047390282154, -0.00270038191229105, -0.020384568721055984, -0.018908049911260605, 0.032798800617456436, -0.012894458137452602, 0.013489366509020329, -0.002705757739022374, -0.01748887076973915, -0.020384568721055984, 0.027251102030277252, 0.009174489416182041, -0.0044761477038264275, 0.0006800232222303748, 0.032684121280908585, -0.011769150383770466, 0.024943143129348755, 0.01265076082199812, -0.018693022429943085, -0.015352935530245304, 0.030046453699469566, 0.008844781666994095, -0.012851453386247158, -0.023480959236621857, -0.009891246445477009, 0.011210079304873943, -0.023022234439849854, -0.008034845814108849, 0.03910626098513603, 0.01685812510550022, -0.009282003156840801, 0.010586501099169254, 0.00018781273683998734, 0.01371156144887209, -0.01568264327943325, 0.0004300542059354484, -0.021660396829247475, -0.011733312159776688, 0.01725950837135315, 0.016915464773774147, -0.0027738495264202356, 0.012901626527309418, -0.046675216406583786]"
12379,"Agreggation with mongodb<p>Heya I know I maybe shouldnt write here about such an issue but I just cant wrap my head around this. I have mongodb collection, let's call it summary. In there I got following fields: id, subsummaryId, date, price. Subsummaries are in intervals of 1 minute. I want to write aggregationbuilder that would make a report from the existing subsummaries. Report would return average hourly price for each hour per subsummaryId for last 24h. I'm having an issue with aggregation by hour.</p>
<pre><code>db.Report.aggregate([{ $match: { date: { $gt: 0, $lt: 20 }}}, {$group: { _id: &quot;$subsummaryId&quot;, hour: {&quot;$hour&quot;: &quot;$date&quot;}, price: {$avg: &quot;$price&quot; }}}])
</code></pre>
<p>I'm getting</p>
<blockquote>
<p>&quot;unknown group operator '$hour'&quot;</p>
</blockquote>
<p>Cheers!</p>
",That would mean that the client is connecting three times. Is your client code being started inside an event handler of some sorts?,"Embed Field: Agreggation with mongodb<p>Heya I know I maybe shouldnt write here about such an issue but I just cant wrap my head around this. I have mongodb collection, let's call it summary. In there I got following fields: id, subsummaryId, date, price. Subsummaries are in intervals of 1 minute. I want to write aggregationbuilder that would make a report from the existing subsummaries. Report would return average hourly price for each hour per subsummaryId for last 24h. I'm having an issue with aggregation by hour.</p>
<pre><code>db.Report.aggregate([{ $match: { date: { $gt: 0, $lt: 20 }}}, {$group: { _id: &quot;$subsummaryId&quot;, hour: {&quot;$hour&quot;: &quot;$date&quot;}, price: {$avg: &quot;$price&quot; }}}])
</code></pre>
<p>I'm getting</p>
<blockquote>
<p>&quot;unknown group operator '$hour'&quot;</p>
</blockquote>
<p>Cheers!</p>; Answer: That would mean that the client is connecting three times. Is your client code being started inside an event handler of some sorts?","[-0.023182330653071404, 0.012301390990614891, 0.014039031229913235, -0.025733627378940582, -0.02007940039038658, 0.0033390966709703207, 0.014314847066998482, -0.024037359282374382, -0.0018996823346242309, -0.0286021139472723, 0.0213619451969862, 0.020920639857649803, 0.0189899280667305, 0.0013540838845074177, -0.016080070286989212, -0.004161372780799866, 0.009977641515433788, 0.0057335239835083485, 0.0015566361835226417, -0.014232102781534195, -0.0004128619912080467, 0.010136235505342484, -0.002965021412819624, -0.008495130576193333, -0.02436833828687668, 0.0005942971329204738, 0.0076607875525951385, -0.010391365736722946, 0.02036900818347931, 0.02923648990690708, 0.009625975973904133, 0.007226377725601196, -0.028409041464328766, -0.007626310922205448, -0.030698314309120178, 0.00947427749633789, 0.010218980722129345, 0.0004637155507225543, 0.0299536120146513, 0.001699715736322105, 0.037179987877607346, -0.032270465046167374, 0.0015859416453167796, -0.02412010356783867, -0.0091570895165205, 0.0250992514193058, 0.030753476545214653, -0.03461490198969841, -0.024547617882490158, -0.008095198310911655, -0.008074511773884296, 0.016742028295993805, -0.05568723753094673, 0.012556520290672779, 0.006085189059376717, -0.003201188752427697, 0.03963474929332733, 0.034780390560626984, 0.0003919603186659515, -0.007426344323903322, 0.0026995486114174128, 0.0033459921833127737, -0.011970411986112595, -0.012542730197310448, -0.02694721706211567, -0.027747083455324173, -0.003299448173493147, -0.002611632226034999, -0.0195553507655859, -0.017459148541092873, 0.008833005093038082, 0.013901123777031898, -0.01218416914343834, -0.033153075724840164, 0.026119770482182503, -0.011625641956925392, -0.03298758715391159, -0.0019307115580886602, 0.007419448811560869, 0.004195849876850843, 0.02093442901968956, -0.00655752420425415, -0.015376738272607327, 0.0280366912484169, 0.008508921600878239, 0.013239164836704731, -0.009170879609882832, 0.012308286502957344, 0.000938636134378612, 0.004226879216730595, 0.03450457379221916, -0.020962011069059372, 0.015680136159062386, 0.004547515418380499, 0.016011115163564682, 0.027057543396949768, -0.016314512118697166, 0.0275815948843956, 0.0046406034380197525, -0.013335701078176498, -0.027678130194544792, -0.0004255753883626312, -0.001453205244615674, -0.015900788828730583, -0.015183667652308941, 0.0023547785822302103, 0.01732124201953411, -0.02478206157684326, 0.008019348606467247, 0.0076814740896224976, -0.0005326695390976965, -0.0017169542843475938, 0.006543733179569244, -0.002904686611145735, -0.008426177315413952, 0.0030563853215426207, 0.028188388794660568, -0.028767602518200874, -0.004457875154912472, -0.023954614996910095, 0.01032241154462099, 0.02242383547127247, 0.05201888829469681, -0.030174264684319496, 0.012115214951336384, -0.0009610461420379579, 0.005605958867818117, -0.005240502767264843, 0.010915416292846203, -0.0245338287204504, 0.023527100682258606, 0.038448743522167206, 0.006254126317799091, 0.025940489023923874, -0.02258932590484619, 0.003992435522377491, -0.01009486336261034, 0.0103982612490654, -0.01334949117153883, -0.015156085602939129, 0.0017290211981162429, 0.006147247739136219, 0.0030718999914824963, -0.022782396525144577, -0.025402648374438286, 0.03858665004372597, 0.011646328493952751, 0.006671298295259476, -0.0006167071987874806, -0.0187692753970623, -0.008846796117722988, 0.013501190580427647, -0.011074010282754898, 0.01648000255227089, 0.004881942179054022, -0.01368736568838358, 0.015721509233117104, -0.0027667786926031113, -0.008550293743610382, 0.012735800817608833, 0.021403316408395767, 0.03298758715391159, 0.001406661351211369, -0.002570259850472212, -0.01150842010974884, 0.02737473137676716, 0.005605958867818117, -0.025154413655400276, -0.003771783085539937, -0.009198461659252644, 0.009998328052461147, 0.016493793576955795, -0.031029293313622475, 0.0123772406950593, -0.0019151968881487846, 0.011198127642273903, -0.0001954414474312216, 0.032298047095537186, -0.025512974709272385, -0.0411517396569252, -0.017597056925296783, 0.005736971739679575, -0.0053922017104923725, 0.04564753919839859, -0.01772117428481579, -0.02789878286421299, -0.00023185777536127716, -0.013308119028806686, 0.009701825678348541, 0.028546949848532677, 0.010156922042369843, 0.01969325728714466, 0.007736637257039547, -0.018865810707211494, -0.6178277134895325, -0.021761877462267876, -0.0036373226903378963, -0.023209910839796066, 0.007322913035750389, -0.02032763510942459, 0.004740586504340172, 0.015225039795041084, -0.026147350668907166, 0.03740064054727554, -0.008798528462648392, 0.013197792693972588, -0.01074992585927248, -0.0047199004329741, 0.005605958867818117, -0.010515483096241951, -0.002752987900748849, -0.030946549028158188, -0.03673868253827095, 0.01207384280860424, -0.009253624826669693, 0.015404320321977139, 0.009694930166006088, 0.014011450111865997, 0.004995716270059347, -0.017335031181573868, -0.0033459921833127737, -0.005888670217245817, 0.015762880444526672, 0.02527853101491928, -0.041565462946891785, 0.010025909170508385, -0.0013144353870302439, -0.006847130600363016, 0.05725938826799393, 0.0007602176629006863, -0.010570646263659, 0.021196454763412476, 0.002223765943199396, 0.04768857732415199, 0.0160524882376194, -0.03320823982357979, 0.017831500619649887, -0.020231099799275398, -0.011011951602995396, -0.002604736713692546, 0.02138952538371086, -0.00533014303073287, 0.01250135712325573, -0.02998119220137596, 0.00022453140991274267, 0.020768940448760986, -0.003499414771795273, 0.027416104450821877, 0.0012713391333818436, -0.028147017583251, 0.010481005534529686, -0.011308453977108002, 0.007984871044754982, -0.005619749892503023, 0.006919532548636198, -0.0005175858386792243, -0.007729741744697094, -0.0027736739721149206, -0.04892974719405174, -0.0007080712239257991, 0.005816268734633923, 0.002965021412819624, 0.010487901046872139, -0.01555601879954338, -0.00966734904795885, 0.006378243677318096, -0.017914244905114174, 0.021555015817284584, 0.015183667652308941, -0.001958293141797185, 0.007819381542503834, -0.029870865866541862, -0.031525760889053345, 0.01301161665469408, 0.016466211527585983, -0.002742644865065813, -0.02907099947333336, -0.015073341317474842, 0.005947281140834093, -0.0193346980959177, -0.02719545178115368, -0.020313844084739685, 0.02224455587565899, 0.01690751686692238, -0.001553188543766737, 0.0286021139472723, 0.00018197388271801174, -0.020534496754407883, -0.008053825236856937, 0.028091853484511375, 0.0018393475329503417, 0.03406326845288277, 0.0024323519319295883, -0.0273609422147274, -0.03784194588661194, 0.01416314858943224, -0.006388586945831776, 0.005857640877366066, 0.02478206157684326, 0.0013747700722888112, -0.012342763133347034, -0.0075849383138120174, 0.025195786729454994, -0.016397258266806602, -0.0007584938430227339, 0.013514980673789978, -0.0033149628434330225, 0.00016581278759986162, -0.005692151375114918, -0.04007605463266373, 0.030394917353987694, -0.024161476641893387, 0.0033063436858356, 0.011549792252480984, -0.004585439804941416, 0.008136570453643799, 0.02934681624174118, -0.02100338414311409, -0.00391658628359437, 0.002211699029430747, 0.01306677982211113, -0.0013963181991130114, 0.004330310504883528, -0.0053784106858074665, 0.016135232523083687, 0.002430628053843975, 0.017197124660015106, -0.003335649147629738, 0.017307450994849205, -0.015349157154560089, 0.03221530094742775, -0.013397759757936, 0.009260520339012146, -0.013997659087181091, 0.0015152638079598546, 0.017059216275811195, 0.036435287445783615, -0.007915917783975601, -0.0021961843594908714, -0.05276358872652054, -0.03800743818283081, 0.003926929552108049, -0.02032763510942459, 0.017583265900611877, -0.034173596650362015, -0.01636967621743679, -0.009343264624476433, 0.010522378608584404, -0.01772117428481579, -0.007143632974475622, 0.014659617096185684, -0.03502862527966499, 0.005123280920088291, -0.029870865866541862, -0.009095030836760998, 0.007653892505913973, -0.024520037695765495, -0.007950394414365292, -0.024451082572340965, -0.027457477524876595, -0.018396923318505287, -0.0030046699102967978, -0.0032149795442819595, -0.022230764850974083, -0.006495465524494648, -0.012811650522053242, -0.01099816057831049, -0.011749759316444397, 0.011342930607497692, 0.024023568257689476, -0.013018512167036533, -0.009853524155914783, -0.01363220252096653, -0.003364954376593232, 0.002322025364264846, 0.03122236393392086, 0.011273976415395737, 0.0017574647208675742, 0.026037024334073067, -0.003816602984443307, 0.012908185832202435, 0.014687199145555496, 0.006198963150382042, 0.03171883150935173, 0.024726899340748787, 0.018479667603969574, -0.027098916471004486, 0.007447030395269394, -0.024630364030599594, 0.008426177315413952, 0.006650611758232117, 0.024547617882490158, 0.012328972108662128, 0.024878598749637604, 0.016590328887104988, 0.0377592034637928, 0.005826611537486315, -0.012901290319859982, 0.0177487563341856, -0.010984369553625584, -0.008074511773884296, -0.00462336465716362, 0.021844621747732162, -1.408708340022713e-05, 0.026299050077795982, -0.02245141752064228, -0.008350327610969543, -0.0080262441188097, 0.003640770446509123, 0.036821428686380386, -0.008557189255952835, 0.007350494619458914, -0.011156754568219185, 0.0010911967838183045, 0.004161372780799866, -0.004726795479655266, 0.01665928214788437, -0.002189289079979062, -0.007474611978977919, 0.0160524882376194, 0.0038786616642028093, 0.03375986963510513, 0.009232938289642334, 0.005174996796995401, 0.007709055673331022, 0.014756152406334877, 0.02538885734975338, 0.0014221759047359228, 0.011646328493952751, 0.00028852932155132294, 0.0009101926116272807, -0.0073849717155098915, 0.022934095934033394, -0.0004063975648023188, -0.012459984980523586, 0.01803836226463318, 0.03257386386394501, -0.03395294398069382, 0.0219273678958416, 0.020217308774590492, 0.014825106598436832, 0.004926762077957392, 0.004716452676802874, 0.0200104471296072, -0.005326695274561644, -0.00235995021648705, -0.014907851815223694, -0.017486730590462685, 0.02043796144425869, -0.027236824855208397, -0.0032339419703930616, 0.01874169334769249, 0.013556353747844696, 0.015390529297292233, 0.007750427816063166, -0.02740231342613697, 0.02443729154765606, -0.009170879609882832, 0.012722010724246502, 0.008288268931210041, 0.009012285619974136, 0.0028219418600201607, -0.01071544922888279, -0.004513038322329521, 0.009501859545707703, -0.0434134304523468, -0.01750052161514759, -0.036931753158569336, 0.006867817137390375, -0.004833674523979425, -0.008502026088535786, 0.006550628691911697, 0.002111715730279684, 0.015031969174742699, -0.04600609838962555, 0.0016721341526135802, 0.009226042777299881, -0.017486730590462685, 0.017348822206258774, -0.0061334571801126, 0.0189899280667305, 0.013246060349047184, -0.015362948179244995, 0.004054494202136993, 0.006243783514946699, 0.014494127593934536, -0.019651886075735092, -0.014576872810721397, -0.007433239836245775, 0.036821428686380386, 0.0513293482363224, 0.01274959184229374, -0.02807806245982647, -0.001823832863010466, -0.01062580943107605, -0.0034804523456841707, 0.0033253058791160583, -0.018962346017360687, 0.030643150210380554, 0.003513205563649535, -0.008750260807573795, -0.04915039986371994, 0.0030787955038249493, 0.029181325808167458, -0.01441138330847025, -0.007302226964384317, -0.023637427017092705, 0.002365121617913246, -0.0006434269016608596, 0.0008718369645066559, -0.01580425351858139, 0.013232269324362278, 0.01543190237134695, -0.0002577155246399343, -0.0024547618813812733, -0.023540889844298363, -0.029181325808167458, 0.02107233740389347, 0.05452881008386612, 0.022368673235177994, -0.004251013044267893, 0.006771281361579895, 0.007067783270031214, 0.01704542525112629, -0.022437626495957375, -0.023733962327241898, 0.024161476641893387, -0.00391658628359437, -0.03133269026875496, -0.015335366129875183, -0.00045509630581364036, 0.02722303383052349, -0.01317021157592535, -0.0028702097479254007, -0.006836787797510624, -0.009874210692942142, -0.01150842010974884, -0.003654561238363385, -0.014825106598436832, -0.0001487897679908201, 0.0035097578074783087, 0.04123448207974434, 0.000541288813110441, -0.0015988704981282353, 0.019569141790270805, 0.007812486495822668, 0.013928704895079136, -0.029898447915911674, 0.007357390131801367, 0.0006080879829823971, 0.020837893709540367, 0.018052153289318085, -0.018024571239948273, 0.04410297051072121, 0.008391699753701687, 0.013742528855800629, 0.0207965224981308, -0.009901792742311954, 0.0014333809958770871, 0.043634083122015, -0.01003970019519329, -0.005692151375114918, 0.0189899280667305, -0.01260478887706995, -0.013128838501870632, 0.007412553299218416, -0.004309623967856169, 0.031911905854940414, -0.008460653945803642, -0.02195494808256626, -0.024809643626213074, -0.0007270335918292403, -0.011287767440080643, -0.024313176050782204, -0.002351330826058984, -0.01161874644458294, -0.01863136701285839, -0.019210580736398697, -0.014811315573751926, -0.003592502558603883, 0.04851602390408516, -0.0021634313743561506, -0.02810564450919628, -0.018079735338687897, -0.03387019783258438, 0.009543231688439846, 0.007702160160988569, 0.011439465917646885, -0.00730912247672677, -0.01799699105322361, -0.01643862947821617, 0.033042751252651215, 0.020493123680353165, -0.002413389505818486, -0.007419448811560869, 0.008991600014269352, 0.022644488140940666, -0.0022254898212850094, -0.022079065442085266, -0.010363783687353134, -0.011432570405304432, -0.00589556572958827, -0.017528103664517403, -0.0008709750254638493, -0.00017809521523304284, -0.005264636594802141, -0.007474611978977919, 0.04942621663212776, -0.010329307056963444, -0.013197792693972588, 0.025609510019421577, -0.00259956531226635, 0.006074846256524324, -0.01015002653002739, -0.014218311756849289, 0.02640937641263008, -0.008198629133403301, -0.0012394478544592857, 0.011356721632182598, -0.03033975325524807, -0.0264507494866848, -0.025981862097978592, 0.01584562659263611, 0.014949223957955837, -0.008322745561599731, 0.013956286944448948, -0.033539216965436935, -0.001526468899101019, 0.005757657811045647, -0.02111371047794819, 0.028436623513698578, 0.014135566540062428, 0.04173095151782036, -0.0106809725984931, 0.007247063796967268, 0.025319904088974, -0.003342544427141547, -0.004830226767808199, -0.004447531886398792, 0.00288227666169405, 0.03657319396734238, 0.00011829918366856873, -0.010363783687353134, 0.0027960841543972492, -0.011667014099657536, -0.013845960609614849, -0.008515817113220692, -0.0064161685295403, 0.012060051783919334, 0.007688369136303663, 0.000499916379339993, 0.004423398058861494, -0.03513894975185394, 0.0011489457683637738, 0.013156420551240444, 0.005785239394754171, 0.007522879634052515, -0.0064161685295403, -0.01331501454114914, -0.01870032027363777, -0.007016067858785391, -0.008715784177184105, -0.007040201686322689, -0.02496134303510189, -0.016038697212934494, 0.01088783424347639, 0.0056749130599200726, -0.00011140378046547994, -0.008488235995173454, 0.01416314858943224, -0.007805590983480215, -0.010184504091739655, -0.025402648374438286, -0.02794015407562256, -0.015197458676993847, 0.0015281926607713103, 0.039579588919878006, 0.026685193181037903, 0.03387019783258438, 0.021789459511637688, 0.018162479624152184, -0.0056749130599200726, 0.002363397739827633, 0.019003719091415405, 0.022285928949713707, -0.01122570876032114, -0.007715951185673475, -0.016176605597138405, 0.01301161665469408, -0.007260854821652174, 0.02609218843281269, -0.005964519921690226, 0.012294495478272438, 0.03671110048890114, -0.015280202962458134, 0.0007261716527864337, -0.02061724103987217, -0.038421161472797394, -0.006181724835187197, 0.01994149200618267, -0.014825106598436832, 0.004120000638067722, -0.04490283504128456, -0.013439131900668144, 0.03610430657863617, 0.007702160160988569, 0.027305778115987778, -0.02923648990690708, 0.022906513884663582, 0.017417777329683304, -0.012597893364727497, -0.00890885479748249, 0.008005557581782341, -0.023278865963220596, -0.015900788828730583, -0.001865205354988575, -0.007419448811560869, 0.02213422954082489, 0.014825106598436832, 0.011584269814193249, -0.0046130213886499405, -0.0015256069600582123, -0.0076745785772800446, 0.028629694133996964, 0.001341155031695962, 0.0025082011707127094, 0.015266411937773228, -0.01722470484673977, 0.00670232716947794, -0.0008895064238458872, -0.01619039662182331, -0.023361610248684883, 0.022106647491455078, 0.008088302798569202, 0.01643862947821617, 0.005168101284652948, -0.01587320677936077, -0.010880938731133938, 0.0207965224981308, -0.025402648374438286, 0.04139997437596321, 0.009267415851354599, 0.034780390560626984, 0.011129173450171947, 0.02934681624174118, -0.013466713018715382, -0.0013514980673789978, 0.014273474924266338, 0.00054258166346699, 0.025319904088974, 0.039800241589546204, -0.016810981556773186, -0.014135566540062428, -9.416528337169439e-05, -0.010122445411980152, -0.0021910129580646753, -0.02581637166440487, 0.02400977723300457, 0.01441138330847025, -0.034559737890958786, -0.014121776446700096, 0.0061369044706225395, -0.030753476545214653, -0.001241171732544899, 0.0122669143602252, -0.0001482510706409812, 0.017266077920794487, -0.012025575153529644, -0.018548622727394104, 0.02687826380133629, 0.00688505545258522, 0.03218771889805794, 0.006833340041339397, 0.008915750309824944, -0.0318843238055706, -0.003895900212228298, -0.025361275300383568, 0.009032972157001495, -0.0016445525689050555, 0.024602781981229782, -0.04625433310866356, 0.022658279165625572, 0.003533891635015607, 0.002442694967612624, -0.021403316408395767, -0.025361275300383568, -0.008867482654750347, 0.02934681624174118, -0.02493376098573208, -0.010508587583899498, 0.03298758715391159, 0.006778176873922348, 0.009412218816578388, 0.008426177315413952, -0.01849345862865448, -0.027609175071120262, -0.010363783687353134, -0.014204520732164383, 0.02387186884880066, 0.008184838108718395, 0.005626645404845476, -0.001841071411035955, -0.0007619415409862995, 0.01679719053208828, -0.010708553716540337, -0.023733962327241898, -0.0070953648537397385, -0.019362278282642365, -0.004778511356562376, -0.01863136701285839, 0.008074511773884296, 0.03632495924830437, -0.00259956531226635, -0.02143089845776558, 0.004788854159414768, 0.0041441344656050205, -0.011956620961427689, -0.0031736071687191725, 0.004706109408289194, -0.022341091185808182, -0.007750427816063166, 0.0025444021448493004, 0.0022151467856019735, -0.019458815455436707, 0.01292197685688734, -0.038421161472797394, -0.03268418833613396, -0.014494127593934536, 0.008715784177184105, 0.029622631147503853, -0.029760539531707764, -0.025126831606030464, -0.008350327610969543, 0.008633038960397243, 0.023678798228502274, -0.007688369136303663, -0.006405825261026621, 0.007902126759290695, -0.021734295412898064, -0.020134564489126205, -0.0047681680880486965, -0.026395585387945175, 0.007440134882926941, -0.02663002908229828, 0.03665594011545181, -0.024837225675582886, -0.026119770482182503, 0.0027891886420547962, 0.012280704453587532, 0.03511136770248413, -0.030891384929418564, -0.002430628053843975, -0.03585607185959816, -0.040820758789777756, -0.013673575595021248, 0.008315850980579853, 0.0005568034248426557, -0.011308453977108002, 0.0073780762031674385, 0.020106982439756393, 0.0009032972157001495, 0.002089305780827999, -0.021582597866654396, -0.0131150484085083, -0.015142295509576797, -0.026933426037430763, -0.010019013658165932, -0.02195494808256626, -0.024988925084471703, 0.05759036913514137, 0.02715407870709896, -0.007633205968886614, -0.015500855632126331, -0.014687199145555496, -0.0596865713596344, -0.016714446246623993, 0.0032132556661963463, -0.0049681346863508224, 0.03935893625020981, 0.028202179819345474, -0.018617575988173485, 0.06018303707242012, 0.018121106550097466, 0.030394917353987694, -0.01623176783323288, 0.015087132342159748, -0.010053491219878197, -0.012949557974934578, 0.010156922042369843, 0.00631963275372982, -0.030036356300115585, -0.009660453535616398, 0.027181660756468773, 0.004309623967856169, 0.022754814475774765, 0.028298715129494667, -0.011287767440080643, -0.011570478789508343, 0.0033390966709703207, -0.0005361172370612621, 0.007950394414365292, -0.0017298831371590495, 0.017597056925296783, -0.019527768716216087, 0.003421841422095895, 0.01486647967249155, -0.00646098842844367, -0.011329139582812786, 0.015886997804045677, 0.010970579460263252, -0.015252621844410896, 0.01094299741089344, -0.0118118179962039, -0.004044151399284601, -0.010956788435578346, -0.02107233740389347, 0.022148020565509796, 0.021555015817284584, 0.011763550341129303, 0.04035187140107155, 0.006440302357077599, 0.007984871044754982, -0.01216348260641098, 0.03009151853621006, -0.011915248818695545, -0.024740690365433693, -0.008970913477241993, -0.015514646656811237, 0.0052577415481209755, -0.02428559400141239, 0.012308286502957344, 0.012984035536646843, -0.0030132890678942204, 0.008998495526611805, 0.0002880983811337501, -0.03673868253827095, 0.006123113911598921, -0.009219148196280003, -0.023416772484779358, -0.004785406403243542, 0.0005102594732306898, 0.013701156713068485, -0.004226879216730595, -0.006529942620545626, -0.00730912247672677, -0.033042751252651215, -0.004730243235826492, 0.007867650128901005, -0.003889004699885845, -0.0218170415610075, -0.0014868202852085233, 0.03163608908653259, -0.023347819223999977, 0.0026598998811095953, 0.19461572170257568, 0.006623030174523592, 0.0014954395592212677, 0.03262902423739433, -0.02602323330938816, 0.0044268458150327206, 0.0018927869386970997, 0.002194460481405258, -0.02468552626669407, 0.028740020468831062, 0.006643716711550951, 0.0035959503147751093, -0.011025742627680302, -0.01062580943107605, 0.009067448787391186, -0.023251283913850784, -0.03582848981022835, -0.0007360837771557271, -0.026740355417132378, -0.011487733572721481, 0.04236532747745514, -0.0024323519319295883, -0.024202849715948105, -0.017955617979168892, 0.0263404231518507, -0.02733336016535759, 0.012287599965929985, -0.0018686529947444797, 0.010370679199695587, 0.00664716400206089, -0.009205357171595097, -0.01919678971171379, 0.005364620126783848, -0.011549792252480984, -0.0160524882376194, -0.019817374646663666, 0.025168204680085182, -0.007826277054846287, 0.00534048629924655, 0.031415436416864395, 0.007488403003662825, -0.025292322039604187, 0.033677127212285995, -0.02970537729561329, 0.010087967850267887, -0.003864870872348547, 0.005823164246976376, 5.3439340263139457e-05, 0.011708386242389679, 0.03762129321694374, -0.0205758698284626, -0.012763382866978645, 0.03309791162610054, 0.029815703630447388, -0.005119833629578352, -0.025788789615035057, 0.013149525038897991, -0.0025288874749094248, -0.01686614565551281, 0.024092523381114006, -0.0025202680844813585, 0.010667181573808193, 0.004444084130227566, 0.024354547262191772, -0.00045294148731045425, 0.022892722859978676, 0.0046268124133348465, 0.0029270965605974197, 0.009963850490748882, -0.0028098749462515116, 0.006340318825095892, -0.0034873478580266237, -0.02658865600824356, -0.008805423974990845, -0.006964352447539568, -0.01388043724000454, 0.027664339169859886, 0.042696308344602585, 0.005878327414393425, 0.0025150966830551624, -0.019596721976995468, -0.01856241375207901, -0.012556520290672779, 0.0001491129951318726, -0.015859415754675865, -0.005192235112190247, -0.0125496257096529, 0.02344435453414917, -0.0011127449106425047, -0.01799699105322361, -0.016852354630827904, 0.010487901046872139, -0.005071565508842468, -0.009032972157001495, -0.015569809824228287, -0.006764385849237442, -0.001209280570037663, 0.01838313229382038, -0.013742528855800629, -0.007991766557097435, -0.021803250536322594, 0.024657944217324257, 0.027181660756468773, -0.00594038562849164, -0.01969325728714466, 0.0021634313743561506, 0.003349439939484, 0.006978143472224474, 0.014287265948951244, -0.028546949848532677, 0.012556520290672779, -0.03745580464601517, -0.002258243039250374, -0.013363282196223736, 0.02857453189790249, 0.001682477188296616, 0.02061724103987217, -0.022713443264365196, -0.006392034236341715, -0.011818713508546352, -0.008515817113220692, -0.04752308502793312, 0.0075849383138120174, -0.00016689019685145468, -0.006585105787962675, -0.028988255187869072, 0.0037373059894889593, 0.015514646656811237, -0.0049612391740083694, 0.005033641122281551, 0.02482343465089798, -0.014894060790538788, -0.0071022603660821915, -0.02552676573395729, -0.0047612725757062435, -0.00235995021648705, -0.0063506620936095715, -0.0246441550552845, 0.0003109393874183297, 0.013273642398416996, -0.008839900605380535, -0.018410714343190193, 0.03072589635848999, 0.011156754568219185, 0.0056749130599200726, -0.022644488140940666, 0.00579902995377779, 0.016355885192751884, -0.00966734904795885, -0.030394917353987694, -0.013983868062496185, 0.0007528913556598127, 0.011122277937829494, -0.022534161806106567, 0.0005059498944319785, -0.01643862947821617, -0.016286931931972504, -0.03508378937840462, -0.005423231050372124, -0.02100338414311409, -0.015818044543266296, 0.0009610461420379579, 0.01448033656924963, 0.006219649687409401, -0.03657319396734238, 0.0033253058791160583, -0.17608089745044708, 0.030974131077528, 0.040931086987257004, -0.016700655221939087, 0.004530276637524366, -0.0004178180533926934, 0.02778845652937889, -0.010122445411980152, -0.011536002159118652, -0.01391491387039423, 0.009081239812076092, -0.02810564450919628, -0.05229470133781433, -0.021761877462267876, 0.022782396525144577, -0.0013290881179273129, -0.011011951602995396, 0.014714780263602734, 0.03908311948180199, 0.0364077053964138, 0.03913828358054161, -0.03497346118092537, 0.009853524155914783, -0.01250135712325573, 0.008867482654750347, 0.022658279165625572, 0.005926595069468021, 0.01810731738805771, -0.0005507699679583311, 0.015087132342159748, -0.008219314739108086, 0.0066126873716712, 0.008805423974990845, -0.01916920766234398, 0.008764051832258701, -0.010763716883957386, -0.013590830378234386, -0.00575421005487442, 0.004495800007134676, 0.01969325728714466, 0.028795184567570686, -0.0056680175475776196, -0.018079735338687897, 0.011011951602995396, 0.028684858232736588, 0.01648000255227089, 0.021348154172301292, -0.00022011404507793486, 0.011777340434491634, -0.025623301044106483, 0.02613355964422226, -0.023389192298054695, 0.011832503601908684, -0.005605958867818117, -0.008302059955894947, 0.030808640643954277, 0.004899180494248867, 0.008281373418867588, -0.008901959285140038, -0.04542688652873039, -0.007453925907611847, -0.037290316075086594, 0.0010472387075424194, -0.014935432933270931, -0.028133226558566093, -0.01071544922888279, -0.01641104929149151, 0.0036511134821921587, -0.019500186666846275, 0.006529942620545626, -0.006281707901507616, 0.0050956993363797665, 0.019458815455436707, -0.014838897623121738, 0.002282376866787672, 0.0117014916613698, -0.020355217158794403, 0.00651615159586072, 0.0080262441188097, 0.012211751192808151, -0.005278427619487047, 0.02729198709130287, -0.012087633833289146, 0.03822809085249901, -0.013570143841207027, -0.015335366129875183, 0.025057878345251083, -0.009736302308738232, 0.002299615414813161, -0.0006649749702773988, 0.025237157940864563, -0.02149985171854496, -0.006943666376173496, 0.007509089075028896, 0.01235655415803194, -0.007522879634052515, 0.00023616739781573415, -0.0011808370472863317, 0.015376738272607327, -0.012722010724246502, -0.0029564020223915577, -0.010425842367112637, -0.03621463477611542, -0.007198796141892672, 0.02132057212293148, 0.013997659087181091, 0.02683689072728157, 0.0023203017190098763, 0.04291696101427078, -0.00947427749633789, -0.044709764420986176, 0.00021246446704026312, 0.009598394855856895, 0.019900120794773102, 0.012480671517550945, 0.02387186884880066, -0.012342763133347034, 0.005254293791949749, 0.01467340812087059, -0.002530611352995038, 0.04253081977367401, -0.02089305780827999, 0.0008929541218094528, -0.008750260807573795, -0.00845375843346119, -0.0006766109727323055, -0.0850064754486084, -0.0003755837387870997, 0.016590328887104988, 0.00892954133450985, -0.015680136159062386, -0.03193948417901993, -0.028243552893400192, 0.011384302750229836, -0.009357055649161339, 0.026174932718276978, -0.043303102254867554, -0.004092419054359198, -0.012432403862476349, 0.015597391873598099, 0.003895900212228298, -0.0026150799822062254, -0.02007940039038658, -0.012060051783919334, 0.013763215392827988, 0.033290982246398926, -0.01094299741089344, -0.016810981556773186, 0.009432905353605747, 0.006116218399256468, 0.003382192924618721, 0.03977265954017639, -0.019776003435254097, 0.024037359282374382, 0.043303102254867554, 0.012170378118753433, 0.017969409003853798, -0.029153745621442795, 0.012997826561331749, -0.0021910129580646753, -0.0015023349551483989, -0.039303772151470184, -0.015514646656811237, -0.0019031299743801355, 0.009350160136818886, -0.024299385026097298, 0.007764218840748072, 0.035773325711488724, 0.017762547358870506, -0.006398929748684168, 0.008688202127814293, 0.010481005534529686, -0.02333402819931507, 0.032049812376499176, 0.014880269765853882, -0.025926697999238968, -0.026616238057613373, -0.009398427791893482, -0.027609175071120262, -0.01870032027363777, 0.023499518632888794, 0.027953945100307465, 0.009674244560301304, 0.01761084794998169, -0.018576202914118767, 0.01555601879954338, -0.009274311363697052, -0.01497680600732565, -0.0122669143602252, 0.031663671135902405, 0.039165861904621124, 0.007488403003662825, 0.00579902995377779, -0.010156922042369843, -0.018521040678024292, -0.01334949117153883, -0.03072589635848999, 0.01634209416806698, -0.03773162141442299, 0.01188077125698328, -0.02658865600824356, 0.008246896788477898, 0.004254460800439119, -0.01441138330847025, 0.003059833077713847, 0.0011635984992608428, -0.004581992514431477, -0.008067616261541843, -0.005833507049828768, -0.014742362312972546, 0.024313176050782204, 0.00023573644284624606, 0.010218980722129345, -0.013976972550153732, 0.02457519993185997, -0.03257386386394501, 0.010612018406391144, 0.024051150307059288, 0.005350829102098942, -0.018314179033041, -0.023568471893668175, 0.0038579755928367376, -0.014838897623121738, 0.018259014934301376, -0.009205357171595097, -0.013466713018715382, -0.0188796017318964, -0.014011450111865997, -0.04509590566158295, 0.032325629144907, 0.0075987293384969234, -0.02118266373872757, 0.019900120794773102, 0.0009093306725844741, 0.006778176873922348, -0.02111371047794819, -0.009750093333423138, 0.01263926550745964, 0.003978644963353872, 0.020106982439756393, -0.03249111771583557, -0.019707048311829567, -0.011729072779417038, -0.04010363668203354, 0.018893392756581306, 0.0033908123150467873, 0.026547284796833992, -0.0028029794339090586, -0.006312737241387367, 0.0029408875852823257, -0.003349439939484, 0.028657276183366776, -0.03546993061900139, 0.00026245610206387937, 0.010274143889546394, 0.027278196066617966, -0.0069609046913683414, -0.02421663887798786, 0.026436958461999893, -0.03282209858298302, 0.006726461462676525, -0.0022737577091902494, 0.029650213196873665, -0.031277526170015335, 0.006609239615499973, 0.03759371116757393, 0.021830832585692406, 0.009694930166006088, -0.0109636839479208, -0.01767980121076107, 0.008991600014269352, -0.0182038526982069, 0.014825106598436832, -0.001738502411171794, -0.010274143889546394, 0.005743866786360741, 0.027071334421634674, -0.008688202127814293, 0.030422497540712357, 0.028436623513698578, -0.014797525480389595, -0.0256646741181612, -0.0298432856798172, -0.015404320321977139, -0.014149357564747334, 0.02584395371377468, 0.0025013058912009, 0.0002986569597851485, 0.03293242305517197, 0.013087466359138489, -0.014769943431019783, -0.01467340812087059, 0.006691984366625547, -0.01441138330847025, -0.015114713460206985, 0.025416439399123192, -0.0017790128476917744, -0.009405323304235935, -0.007316017989069223, -0.010501692071557045, 0.00041717159911058843, 0.017197124660015106, 0.008412386290729046, -0.014632035978138447, -0.005368067882955074, 0.012080738320946693, 0.007515984587371349, -0.010687868110835552, 0.006450645159929991, -0.018796855583786964, -0.009488068521022797, -0.004926762077957392, 0.025623301044106483, 0.03284967690706253, -0.01641104929149151, 0.030063938349485397, -0.0008895064238458872, -0.013466713018715382, -0.02514062263071537, -0.0020634480752050877, -0.010839566588401794, 0.010936101898550987, 0.003087414661422372, -0.002323749242350459, -0.035911235958337784, -0.016080070286989212, 0.019155416637659073, 0.015583600848913193, 0.02776087448000908, 0.03271177038550377, -0.009522545151412487, -0.014032135717570782, -0.0021341259125620127, 0.0035580256953835487, -0.021044757217168808, -0.027457477524876595, 0.0062782601453363895, 0.017279868945479393, -0.0037510967813432217, -0.0023444355465471745, -0.006392034236341715, 0.012701324187219143, -0.0036269796546548605, -0.001538535812869668, 0.002623699139803648, -0.005702494643628597, -0.014852688647806644, 0.007729741744697094, -0.00924672931432724, 0.009143298491835594, 0.025733627378940582, -0.02252037078142166, 0.053866852074861526, 0.014466546475887299, -0.02624388597905636, -0.004006226547062397, 0.010487901046872139, -0.005343934055417776, 0.013639098033308983, -0.021789459511637688, -0.014894060790538788, -0.025416439399123192, 0.0017617742996662855, -0.019955283030867577, -0.016080070286989212, 0.01668686419725418, -0.002011732431128621, 0.07794558256864548, 0.004113105125725269, 0.000527928932569921, 0.01849345862865448, -0.015349157154560089, 0.009343264624476433, 0.0011480838293209672, 0.013252955861389637, -0.023416772484779358, 1.878726834547706e-05, 0.016176605597138405, 0.011673909611999989, -0.025306113064289093, -0.01969325728714466, -0.026464538648724556, 0.004140686709433794, 0.018865810707211494, 0.014907851815223694, -0.0021668788976967335, -0.01648000255227089, 0.020203517749905586, -0.0038924524560570717, 0.0246441550552845, 0.010901625268161297, 0.008074511773884296, 0.017886662855744362, 0.008667515590786934, 0.005699046887457371, -0.0042854901403188705, -0.0297329593449831, -0.011170545592904091, 0.003347716061398387, -0.025375066325068474, -0.00041415487066842616, -0.011467047967016697, -0.006509256083518267, -0.024175267666578293, -0.008901959285140038, 0.021872203797101974, 0.021306781098246574, 0.0048957327380776405, 0.02771950140595436, -0.031029293313622475, -0.0021272304002195597, -0.0218170415610075, -0.00986731518059969, 0.0035856072790920734, -0.0170730073004961, -0.03207739442586899]","[-0.01677427440881729, 0.023486707359552383, 0.006913261488080025, -0.033167317509651184, -0.023486707359552383, 0.0018942541209980845, 0.01651558093726635, -0.025774110108613968, -0.0002225280477432534, -0.03134284168481827, 0.02288762666285038, 0.011811431497335434, 0.020695533603429794, -0.0022652759216725826, -0.010381805710494518, -0.001571737346239388, 0.011682084761559963, 0.003642141819000244, 0.008666254580020905, -0.007713171187788248, 0.002668634755536914, -0.002141034696251154, -7.233225460367976e-06, -0.00504794018343091, -0.012417320162057877, -0.00034783303271979094, 0.008196520619094372, -0.009217682294547558, 0.01919783093035221, 0.025379261001944542, 0.013281903229653835, 0.003955297637730837, -0.031097762286663055, -0.011722930707037449, -0.029845139011740685, -0.0026499133091419935, 0.0018602153286337852, 0.007005165796726942, 0.03033529594540596, -0.0005169628420844674, 0.027707507833838463, -0.03529133275151253, 0.0028626553248614073, -0.02727181278169155, -0.009183643385767937, 0.017917975783348083, 0.022234084084630013, -0.035781487822532654, -0.022492777556180954, -0.006940492428839207, -0.011273619718849659, 0.021920926868915558, -0.055224400013685226, 0.005970389116555452, 0.009231297299265862, -0.0056912717409431934, 0.03420209512114525, 0.03632611036300659, -0.004523744340986013, -0.0009964831406250596, 0.007223013788461685, 0.0003627249679993838, -0.015780344605445862, -0.010667731054127216, -0.028565283864736557, -0.029191596433520317, 0.0027656450401991606, -0.005296423099935055, -0.01507234014570713, -0.003106032032519579, 0.018190285190939903, 0.008291829377412796, -0.00902706477791071, -0.031451765447854996, 0.02762581594288349, -0.00727066770195961, -0.03529133275151253, -0.0044148205779492855, -0.001414308324456215, -0.004656495060771704, 0.01947014033794403, 0.0011258302256464958, -0.00833948329091072, 0.022778702899813652, 0.009347029030323029, 0.01247178204357624, -0.009231297299265862, 0.005824022926390171, 0.0008433089824393392, 0.0010254160733893514, 0.036380570381879807, -0.023486707359552383, 0.019415678456425667, 0.006831568665802479, 0.015290187671780586, 0.026985887438058853, -0.013758445158600807, 0.026087265461683273, 0.00401316350325942, -0.016039038076996803, -0.022560855373740196, 0.0038089314475655556, -0.008679870516061783, -0.011225965805351734, -0.011852278374135494, -0.012356051243841648, 0.014119256287813187, -0.0166108887642622, 0.007046012673527002, 0.00920406635850668, -0.002842232119292021, -0.009135989472270012, 0.004727976396679878, -0.0059499661438167095, -0.0031655998900532722, -0.0023486707359552383, 0.027339890599250793, -0.02486187219619751, 0.0008918141247704625, -0.03335793316364288, 0.009530837647616863, 0.018993599340319633, 0.045176174491643906, -0.030988838523626328, 0.01587565243244171, -0.006756683345884085, 0.01588926836848259, -0.014187333174049854, 0.01279174629598856, -0.02638680674135685, 0.015576113015413284, 0.04283430799841881, 0.0017512914491817355, 0.027530506253242493, -0.01188631635159254, -0.00020167934417258948, -0.008393945172429085, 0.011518698185682297, -0.010517960414290428, -0.010906001552939415, 0.006535431835800409, 0.009040680713951588, 3.185810419381596e-05, -0.02494356408715248, -0.0174958948045969, 0.037034112960100174, 0.009918879717588425, -0.001981052802875638, -0.001056901877745986, -0.01530380267649889, -0.007182167377322912, 0.010320535860955715, -0.013118517585098743, 0.015467188321053982, 0.007284283638000488, -0.018802981823682785, 0.0136835603043437, -0.002295910846441984, -0.0042446269653737545, 0.006463950499892235, 0.01991945132613182, 0.025460952892899513, 0.009803147986531258, -0.0027809625025838614, -0.017795436084270477, 0.024249175563454628, 0.01413287129253149, -0.02576049417257309, -0.008462022989988327, -0.006467354483902454, 0.016393041238188744, 0.01520849484950304, -0.02908267080783844, 0.012846208177506924, -0.0003601720673032105, 0.013084479607641697, 0.006702221464365721, 0.02595110982656479, -0.0231599360704422, -0.037578731775283813, -0.009142796508967876, 0.012730476446449757, -0.008455215021967888, 0.0396755188703537, -0.010885578580200672, -0.028565283864736557, 0.0037306423764675856, -0.008707101456820965, 0.0058138114400208, 0.024439791217446327, 0.006062293890863657, 0.016719812527298927, 0.0034293998032808304, -0.01957906410098076, -0.6348083019256592, -0.026985887438058853, -0.015657804906368256, -0.017523126676678658, 0.004489705432206392, -0.011409774422645569, 0.007685940247029066, 0.017359741032123566, -0.029218826442956924, 0.034882865846157074, -0.0110421571880579, 0.016896814107894897, -0.015099571086466312, -0.0038633933290839195, 0.00462245661765337, -0.01292790099978447, -0.0009539347956888378, -0.03196915239095688, -0.026318728923797607, 0.013921831734478474, -0.013397634960711002, 0.009503606706857681, 0.00021912418014835566, 0.010511152446269989, 0.008278213441371918, -0.022601701319217682, 0.007910595275461674, -0.005606174934655428, 0.01714189350605011, 0.024385329335927963, -0.04324277490377426, 0.009183643385767937, -0.00742724584415555, -0.007733594160526991, 0.06186875328421593, 0.005721906665712595, -0.012580706737935543, 0.008421176113188267, 0.011831854470074177, 0.039975058287382126, 0.008039942942559719, -0.032350387424230576, 0.019905835390090942, -0.020967843011021614, -0.008468830026686192, -0.00609973631799221, 0.026768039911985397, 0.000719493196811527, 0.012723668478429317, -0.027707507833838463, 0.006698817480355501, 0.017101047560572624, -0.0037851042579859495, 0.015317418612539768, -0.0037306423764675856, -0.03384809195995331, 0.00785613339394331, -0.013404442928731441, 0.010926425457000732, -0.00017444837430957705, -0.0018687250558286905, -0.008462022989988327, -0.009347029030323029, -0.002493335399776697, -0.05198391526937485, 0.007127705495804548, 0.015399111434817314, 0.003485563676804304, 0.004789246246218681, -0.017196355387568474, -0.01588926836848259, -0.004023375455290079, -0.016202425584197044, 0.02216600626707077, 0.022397469729185104, -0.0009420212591066957, 0.014500489458441734, -0.030308065935969353, -0.023622862994670868, 0.012328820303082466, 0.013928638771176338, -0.0027826642617583275, -0.02638680674135685, -0.017986053600907326, 0.01440518070012331, -0.020409608259797096, -0.018108593299984932, -0.023459477350115776, 0.01686958409845829, 0.017632050439715385, 0.0023401612415909767, 0.028864823281764984, 0.002537585562095046, -0.0206274576485157, -0.004567994736135006, 0.027326274663209915, -0.005058152135461569, 0.024657640606164932, 0.0024354695342481136, -0.03447440266609192, -0.038722433149814606, 0.010756231844425201, -0.004714360926300287, 0.0008445854182355106, 0.024358099326491356, -0.0003340048133395612, -0.015494419261813164, -0.011845470406115055, 0.035236869007349014, -0.009993764571845531, 0.003526410087943077, 0.01188631635159254, 0.00013094265887048095, 0.004847112111747265, -0.008462022989988327, -0.03970274701714516, 0.03183300048112869, -0.018598750233650208, 0.004418224096298218, 0.004918593447655439, -0.001953821862116456, 0.010347766801714897, 0.03267715871334076, -0.01768651232123375, -0.0055823479779064655, -0.012240319512784481, 0.014282641932368279, -0.0029392424039542675, -7.913999434094876e-05, 6.839652633061633e-05, 0.010558807291090488, -0.0036387378349900246, 0.008557330816984177, -0.0008305444498546422, 0.02099507488310337, -0.023364169523119926, 0.01975606568157673, -0.010694961994886398, 0.007781248539686203, -0.011879509314894676, -0.0033187740482389927, 0.011954394169151783, 0.0276530459523201, -0.0010024398798123002, 0.0009335115319117904, -0.05345438793301582, -0.03006298653781414, 0.004996882285922766, -0.016747044399380684, 0.01417371816933155, -0.03403870761394501, -0.008121635764837265, -0.013792484067380428, 0.007209398318082094, -0.012539859861135483, -0.004843708127737045, 0.012995978817343712, -0.026945041492581367, 0.002415046328678727, -0.02664550021290779, -0.016216039657592773, 0.013186595402657986, -0.021675849333405495, -0.011838662438094616, -0.02701311744749546, -0.02900097891688347, -0.015085955150425434, 0.005885292310267687, -0.012410513125360012, -0.029736215248703957, -0.007611054927110672, -0.013738022185862064, -0.002328247530385852, -0.014922569505870342, 0.01784989796578884, 0.01839451678097248, -0.00821013655513525, -0.009285759180784225, -0.009843993932008743, -0.006698817480355501, 0.007985481061041355, 0.031642381101846695, 0.005282807629555464, 0.0022380449809134007, 0.024698486551642418, -0.0058342344127595425, 0.0142690259963274, 0.010048226453363895, -0.0011011521564796567, 0.02674080803990364, 0.022751472890377045, 0.01820390112698078, -0.022411085665225983, 0.004159530159085989, -0.02064107172191143, 0.00536450045183301, -4.366528082755394e-05, 0.025147797539830208, 0.02011006884276867, 0.02558349259197712, 0.01386736985296011, 0.03992059454321861, 0.010157150216400623, -0.004996882285922766, 0.017278047278523445, -0.010647308081388474, -0.0005510015762411058, -0.0026328940875828266, 0.01794520579278469, 0.00011051943147322163, 0.0306892991065979, -0.02439894527196884, -0.006028254982084036, -0.012049702927470207, 0.009843993932008743, 0.03534579277038574, -0.007297899108380079, 0.003696603700518608, -0.017809052020311356, 0.006300564855337143, 0.009571684524416924, 0.0088909100741148, 0.022574471309781075, -0.006341411266475916, -0.006831568665802479, 0.013942254707217216, 0.011695699766278267, 0.025379261001944542, 0.014364334754645824, 0.010511152446269989, 0.005177287384867668, 0.013751638121902943, 0.022029850631952286, 0.0054530007764697075, 0.006474161986261606, 0.006726048421114683, -0.004649687558412552, -0.012587513774633408, 0.016665350645780563, 2.697833588172216e-05, -0.016488349065184593, 0.013336366042494774, 0.03237761929631233, -0.03787827491760254, 0.011859085410833359, 0.019143369048833847, 0.015154032967984676, 0.008176097646355629, 0.008414368145167828, 0.019973913207650185, -0.011028541252017021, -0.007849326357245445, -0.017890743911266327, -0.0187621358782053, 0.021389923989772797, -0.03553641214966774, 0.006065697874873877, 0.021335462108254433, 0.01606626994907856, 0.01413287129253149, 0.004425032064318657, -0.025433722883462906, 0.031560689210891724, -0.006763491313904524, 0.009939302690327168, 0.009843993932008743, 0.01930675469338894, -9.557430894346908e-05, -0.016120731830596924, 0.00043144062510691583, 0.0005641915486194193, -0.044740475714206696, -0.017291663214564323, -0.037905503064394, 0.008666254580020905, -0.010906001552939415, -0.011505083180963993, 0.008414368145167828, 0.01027288194745779, 0.016542810946702957, -0.04171783849596977, 0.0031638978980481625, 0.009666993282735348, -0.008393945172429085, 0.017822667956352234, -0.004881150554865599, 0.01839451678097248, 0.009524030610918999, -0.015194878913462162, 0.003293244866654277, 0.00874794740229845, 0.013595059514045715, -0.023391399532556534, -0.00934022106230259, -0.012485397979617119, 0.03123391792178154, 0.05310038477182388, 0.009707839228212833, -0.03202361613512039, 0.003184321103617549, -0.010987694375216961, -0.010660923086106777, -0.0007926764083094895, -0.02145800180733204, 0.027053965255618095, 0.0014202650636434555, -0.010157150216400623, -0.04533955827355385, 0.014691106043756008, 0.023731786757707596, -0.0148544916883111, -0.007277475669980049, -0.02611449733376503, 0.0030073197558522224, 0.006702221464365721, 0.004945824388414621, -0.01569865271449089, 0.010844732634723186, 0.02394963428378105, 0.00045228932867757976, 0.0028609533328562975, -0.024072173982858658, -0.027761969715356827, 0.02279231883585453, 0.04542125016450882, 0.02341863140463829, -0.0008960689883679152, 0.0031894268468022346, 0.0034157843329012394, 0.023854326456785202, -0.020082836970686913, -0.015508035197854042, 0.024031328037381172, 0.006055485922843218, -0.021212922409176826, -0.013983100652694702, -0.0029409443959593773, 0.028238512575626373, -0.011498275212943554, -0.006314180325716734, -0.004339935258030891, -0.00578998401761055, -0.02351393923163414, -0.006109947804361582, -0.004343339242041111, -0.0006292905891314149, 0.009939302690327168, 0.041581686586141586, 0.00022635739878751338, 0.006314180325716734, 0.014609413221478462, 0.003211552044376731, 0.008312252350151539, -0.03363024443387985, -0.001678108237683773, -0.001665343763306737, 0.012274357490241528, 0.02415386773645878, -0.011831854470074177, 0.035590872168540955, 0.01358825247734785, 0.009673800319433212, 0.012737284414470196, -0.01193397119641304, 0.004377377685159445, 0.03760596364736557, -0.006674990523606539, -0.014677491039037704, 0.013452096842229366, -0.011743353679776192, -0.012818977236747742, 0.010742615908384323, -0.004316108301281929, 0.02378624863922596, -0.010055034421384335, -0.01731889508664608, -0.02548818476498127, 0.002360584447160363, -0.002801385708153248, -0.023663708940148354, -7.031120185274631e-05, -0.004979862831532955, -0.013193403370678425, -0.021389923989772797, -0.011709315702319145, -0.0024082385934889317, 0.0422079972922802, -0.000884155451785773, -0.02332332171499729, -0.016937660053372383, -0.04547571390867233, 0.014037562534213066, -0.004591821692883968, 0.010660923086106777, -0.012628360651433468, -0.023268859833478928, -0.018149439245462418, 0.03839566186070442, 0.019184214994311333, -0.004850515630096197, -0.004108471795916557, 0.011008118279278278, 0.020845305174589157, 0.0025154605973511934, -0.032159771770238876, -0.010300112888216972, -0.008400753140449524, -0.00893175695091486, -0.00878879427909851, -0.010163958184421062, 0.009163220413029194, -0.009231297299265862, -0.0044148205779492855, 0.05503378063440323, -0.0038089314475655556, -0.012274357490241528, 0.033957015722990036, -0.008999833837151527, 0.006920069456100464, -0.00774040212854743, -0.008291829377412796, 0.02378624863922596, -0.011205542832612991, 0.004806265700608492, 0.013479327782988548, -0.016583658754825592, -0.026618270203471184, -0.02431725338101387, 0.011600391939282417, 0.012546667829155922, -0.009809955954551697, 0.026005571708083153, -0.0355636402964592, -0.0022482567001134157, 0.010511152446269989, -0.02872866950929165, 0.029600059613585472, 0.013445289805531502, 0.03354854881763458, -0.0033970631193369627, 0.00910875853151083, 0.0348011739552021, -0.003914451226592064, -0.015494419261813164, -0.015276571735739708, 0.0018414941150695086, 0.03548194840550423, 0.007706363219767809, -0.013792484067380428, 0.002141034696251154, -0.0116276228800416, -0.012260742485523224, -0.013540597632527351, -0.007229821290820837, 0.022996550425887108, 0.010756231844425201, -0.008591369725763798, 0.01341125089675188, -0.03202361613512039, 0.012757707387208939, 0.012873439118266106, 0.007529362104833126, 0.008945371955633163, -0.016284117475152016, -0.007862941361963749, -0.013111710548400879, -0.009020257741212845, -0.007869749329984188, -0.015412726439535618, -0.02547456882894039, -0.01741420291364193, 0.005919331219047308, 0.008850064128637314, -0.00010791334352688864, -0.002588643692433834, 0.021485231816768646, -0.008250982500612736, -0.014092025347054005, -0.0231599360704422, -0.02539287507534027, -0.012607937678694725, 0.00653202785179019, 0.03850458562374115, 0.025433722883462906, 0.03929428383708, 0.01489533856511116, 0.018639596179127693, -0.006028254982084036, 0.0017283153720200062, 0.01278493832796812, 0.024834640324115753, -0.002653317293152213, -0.019415678456425667, -0.01068815402686596, 0.014527720399200916, -0.013445289805531502, 0.015916500240564346, -0.006780510768294334, 0.015821190550923347, 0.03188746050000191, -0.00534067302942276, 0.0001242412836290896, -0.022397469729185104, -0.031560689210891724, -0.012315204367041588, 0.016556426882743835, -0.005589155945926905, 0.008523291908204556, -0.042589232325553894, -0.014609413221478462, 0.037823811173439026, 0.013928638771176338, 0.031097762286663055, -0.029409443959593773, 0.022302161902189255, 0.014486873522400856, -0.01802689954638481, -0.006872415076941252, 0.01520849484950304, -0.029028208926320076, -0.0142690259963274, -0.009088334627449512, -0.0011394456960260868, 0.017169123515486717, 0.015385495498776436, 0.010878770612180233, 0.008911333978176117, 0.0021052940282970667, -8.96175333764404e-05, 0.03052591346204281, 0.010654115118086338, 0.009428721852600574, 0.01767289638519287, -0.012580706737935543, 0.002852443605661392, 0.006743067875504494, -0.013983100652694702, -0.017482280731201172, 0.021662233397364616, 0.0059908125549554825, 0.009946110658347607, 0.00653202785179019, -0.01579396054148674, -0.015399111434817314, 0.02699950337409973, -0.024929950013756752, 0.03945767134428024, 0.0077199786901474, 0.04354231432080269, 0.01712827757000923, 0.02637319080531597, -0.008359906263649464, 0.004550975281745195, 0.0164202731102705, -0.0019589276053011417, 0.017877129837870598, 0.04667387530207634, -0.01364952139556408, -0.010940040461719036, -0.001242412836290896, -0.00874794740229845, -0.005116017535328865, -0.027966201305389404, 0.01829920895397663, 0.00938106793910265, -0.030199142172932625, -0.015521650202572346, 0.0017785225063562393, -0.028292974457144737, 0.00417314562946558, 0.01624327152967453, -0.0005786580150015652, 0.01857151836156845, -0.005504059139639139, -0.018163055181503296, 0.027938971295952797, 0.010116304270923138, 0.027435198426246643, 0.008673062548041344, 0.012131395749747753, -0.026686346158385277, -0.008802410215139389, -0.026604654267430305, 0.01055199932307005, -0.004547571297734976, 0.02610088139772415, -0.04746357351541519, 0.021321846172213554, 0.0034379095304757357, 0.0036387378349900246, -0.021675849333405495, -0.024072173982858658, -0.009054296649992466, 0.026345958933234215, -0.0241402518004179, -0.015235725790262222, 0.03605379909276962, 0.010381805710494518, 0.008257790468633175, 0.014827260747551918, -0.015834806486964226, -0.027122043073177338, -0.012213088572025299, -0.009755493141710758, 0.011566353030502796, 0.013792484067380428, -0.0005829128785990179, -0.0016227953601628542, 0.002469508210197091, 0.012390089221298695, -0.012730476446449757, -0.017019353806972504, -0.007815287448465824, -0.012710053473711014, -0.005449597258120775, -0.016978507861495018, 0.00311794551089406, 0.03420209512114525, -0.00475520733743906, -0.02137630805373192, 0.004942420404404402, 0.006715836934745312, -0.00834629125893116, 0.00938106793910265, 0.006634144112467766, -0.026441268622875214, -0.010531576350331306, -0.000964146398473531, 0.0038089314475655556, -0.028320204466581345, 0.014350718818604946, -0.04882512241601944, -0.030907146632671356, -0.019225062802433968, 0.013812907971441746, 0.02262893319129944, -0.02350032329559326, -0.023214397951960564, -0.0022754876408725977, 0.006681798491626978, 0.021648617461323738, -0.004265049938112497, -0.007978673093020916, 0.010157150216400623, -0.02189369685947895, -0.025910263881087303, -0.005167075898498297, -0.028047895058989525, 0.013220634311437607, -0.029382212087512016, 0.033793628215789795, -0.030498681589961052, -0.017427818849682808, 0.003856585593894124, 0.015045108273625374, 0.03150622919201851, -0.02351393923163414, 0.0012526244390755892, -0.032895006239414215, -0.03970274701714516, -0.007182167377322912, 0.00982357095927, 0.003114541759714484, -0.010674539022147655, 0.0028898862656205893, 0.018108593299984932, -0.003989336546510458, 0.005037728697061539, -0.01723720133304596, -0.010511152446269989, -0.00968741625547409, -0.0211039986461401, -0.014881722629070282, -0.020886151120066643, -0.01910252310335636, 0.05429854616522789, 0.02001475915312767, -0.0017529934411868453, -0.013983100652694702, -0.012669206596910954, -0.04879789054393768, -0.014963415451347828, -0.004186761099845171, -0.0016006702790036798, 0.03877689689397812, 0.02394963428378105, -0.02072276547551155, 0.055523939430713654, 0.01957906410098076, 0.02468487061560154, -0.015453573316335678, 0.012247126549482346, -0.0029766850639134645, -0.016910430043935776, 0.012247126549482346, -0.0012526244390755892, -0.037034112960100174, -0.008850064128637314, 0.03033529594540596, -0.0010492431465536356, 0.023350553587079048, 0.02655019238591194, -0.007849326357245445, -0.00401656748726964, 0.001216883771121502, -0.006834972649812698, 0.004476089961826801, -0.004676918499171734, 0.02118569239974022, -0.021022304892539978, -0.0055959634482860565, 0.00964656937867403, -0.009544453583657742, -0.008421176113188267, 0.0142690259963274, 0.007345553021878004, -0.017999667674303055, 0.013207018375396729, -0.013629098422825336, -0.00934022106230259, -0.013846945948898792, -0.018530672416090965, 0.019320370629429817, 0.01850344054400921, 0.01605265401303768, 0.036026567220687866, 0.00799228809773922, 0.006623932626098394, -0.009163220413029194, 0.03237761929631233, -0.008489253930747509, -0.01688319817185402, 0.0030294449534267187, -0.016134347766637802, 0.006712432950735092, -0.020314300432801247, 0.0061337752267718315, 0.006041870452463627, -0.010517960414290428, 0.009047488681972027, 0.0003554917639121413, -0.04092814028263092, 0.01023884303867817, -0.006623932626098394, -0.027789201587438583, -0.0022652759216725826, 0.0012619850458577275, 0.011287235654890537, -0.003591083688661456, -0.01440518070012331, -0.009619338437914848, -0.0398661345243454, -0.011253196746110916, 0.006484373938292265, -0.0015104676131159067, -0.024290021508932114, -0.01000057253986597, 0.02799343317747116, -0.020681919530034065, -0.0005858912481926382, 0.19399340450763702, 0.008230559527873993, 0.008952179923653603, 0.030634837225079536, -0.028211280703544617, 0.005088786594569683, -0.004438647534698248, 0.007495323196053505, -0.01956544816493988, 0.028783131390810013, -0.0011905038263648748, 0.00978272408246994, -0.002382709411904216, -0.007570208515971899, 0.0023078243248164654, -0.023282475769519806, -0.040083982050418854, -0.0021069960203021765, -0.034065939486026764, -0.012587513774633408, 0.037197500467300415, -0.0012577302986755967, -0.025270337238907814, -0.020967843011021614, 0.025814956054091454, -0.020259838551282883, 0.00372383464127779, -0.006484373938292265, 0.011409774422645569, 0.0012202876387163997, -0.004186761099845171, -0.016352195292711258, 0.00520451832562685, -0.011927163228392601, -0.010987694375216961, -0.02576049417257309, 0.03033529594540596, -0.018816597759723663, 0.010150342248380184, 0.028919285163283348, 0.0017870321171358228, -0.02927328832447529, 0.03654395788908005, -0.03384809195995331, 0.010524768382310867, 0.008863679133355618, 0.0018840425182133913, 0.0034566307440400124, 0.019592680037021637, 0.03632611036300659, -0.02612811140716076, -0.016120731830596924, 0.034855637699365616, 0.022683395072817802, -0.007005165796726942, -0.024426177144050598, 0.012213088572025299, -0.00022167708084452897, -0.015140417031943798, 0.024902718141674995, 0.0023537767119705677, 0.009394682943820953, 0.011430198326706886, 0.02683611772954464, 0.003979125060141087, 0.02657742239534855, 0.0023588824551552534, -0.000567595474421978, 0.014037562534213066, 0.0007441712659783661, 0.012818977236747742, -0.010436267592012882, -0.0177818201482296, 0.0010892386781051755, -0.010851539671421051, -0.011137465015053749, 0.02162138745188713, 0.04506724700331688, 0.005851253867149353, 0.005684464238584042, -0.009762301109731197, -0.013111710548400879, -0.00906110368669033, 0.0015700353542342782, -0.020041991025209427, -0.008455215021967888, -0.011246388778090477, 0.019687987864017487, 0.0013436779845505953, -0.018734904006123543, -0.01812220737338066, 0.007794864010065794, -0.012281165458261967, -0.010477114468812943, -0.008543715812265873, 0.0022346412297338247, -0.001322403782978654, 0.021975388750433922, -0.012907478027045727, -0.009660185314714909, -0.019442910328507423, 0.01985137350857258, 0.025352029129862785, 0.003948490135371685, -0.01171612273901701, -0.008373522199690342, 0.004353550728410482, 0.002130822977051139, 0.009455952793359756, -0.030471451580524445, 0.01219947263598442, -0.03207807615399361, -0.009387875907123089, -0.009040680713951588, 0.026277882978320122, 0.007297899108380079, 0.011287235654890537, -0.022765086963772774, -0.008523291908204556, -0.015371880494058132, -0.00208657281473279, -0.04836219549179077, -0.004268453922122717, -0.007086859084665775, -0.007325130049139261, -0.028755899518728256, 0.010701769962906837, 0.012573898769915104, 0.00034102529752999544, -0.006790722254663706, 0.025256721302866936, -0.014200949110090733, -0.0025035468861460686, -0.017713744193315506, -0.012621552683413029, -0.00774040212854743, -0.00774040212854743, -0.010797077789902687, -0.010184381157159805, 0.006409488618373871, -0.013445289805531502, -0.0077199786901474, 0.03142453357577324, 0.0037612770684063435, 0.007223013788461685, -0.028075125068426132, 0.0022925068624317646, 0.011818239465355873, -0.012430936098098755, -0.02683611772954464, -0.004605437163263559, 0.004319511819630861, 0.010368190705776215, -0.022656163200736046, 0.012492205947637558, -0.01858513429760933, -0.01868044212460518, -0.03842289373278618, -0.006041870452463627, -0.014146487228572369, -0.01927952468395233, -6.680096703348681e-05, 0.026604654267430305, 0.01027288194745779, -0.03422932326793671, -0.0015428044134750962, -0.17384248971939087, 0.02683611772954464, 0.040329061448574066, -0.01957906410098076, 0.000719493196811527, 0.004768822807818651, 0.03333070129156113, -0.006293756887316704, -0.005034324713051319, -0.022560855373740196, 0.008128443732857704, -0.02791173942387104, -0.04852558299899101, -0.013806100003421307, 0.01633857935667038, -0.0042037805542349815, -0.008584561757743359, 0.00938106793910265, 0.03812335059046745, 0.033439625054597855, 0.03858627751469612, -0.02774835377931595, 0.006647759582847357, -0.012533051893115044, 0.012063317932188511, 0.021131230518221855, 0.005313442088663578, 0.01489533856511116, -0.00477563077583909, 0.01912975311279297, -0.009142796508967876, 0.0033885533921420574, 0.007481707725673914, -0.017182739451527596, 0.01068134605884552, -0.006300564855337143, -0.01850344054400921, -0.0060929288156330585, 0.0012934708502143621, 0.023364169523119926, 0.027966201305389404, -0.008945371955633163, -0.005139844957739115, 0.010504345409572124, 0.02746242843568325, 0.02612811140716076, 0.02360924705862999, -4.962205275660381e-05, 0.00833948329091072, -0.01919783093035221, 0.032159771770238876, -0.02190731279551983, 0.010892386548221111, -0.003764681052416563, -0.008673062548041344, 0.02719011902809143, -0.0015887566842138767, 0.006787318270653486, -0.009748686105012894, -0.037388116121292114, -0.0006360983243212104, -0.033412396907806396, 0.003129859222099185, -0.015222109854221344, -0.020709149539470673, -0.009210874326527119, -0.02092699706554413, 0.000353364332113415, -0.021839234977960587, 0.0055074626579880714, -0.007059628143906593, 0.009312990121543407, 0.01805412955582142, -0.012641975656151772, -9.578705066815019e-05, 0.012533051893115044, -0.019796911627054214, 0.010374997742474079, 0.008019519038498402, 0.01606626994907856, 0.002324843779206276, 0.020055606961250305, -0.013084479607641697, 0.03384809195995331, -0.009762301109731197, -0.010640500113368034, 0.03014468029141426, -0.008999833837151527, 0.005197710823267698, -0.009701031260192394, 0.021403539925813675, -0.009231297299265862, -0.004384185653179884, 0.005881888791918755, 0.008012712001800537, -0.006324391812086105, -0.002971579087898135, 0.0038089314475655556, 0.014949800446629524, -0.023554785177111626, -0.002908607479184866, -0.007406822871416807, -0.04166337847709656, -0.005585751961916685, 0.022560855373740196, 0.012703245505690575, 0.023228013888001442, 0.002474613953381777, 0.04582971706986427, -0.00982357095927, -0.03439271077513695, 0.005064959637820721, 0.010429459623992443, 0.014786414802074432, 0.011634429916739464, 0.020082836970686913, -0.018993599340319633, -0.0014951502671465278, 0.012723668478429317, 0.001201566425152123, 0.02935498207807541, -0.008509676903486252, -0.00126794190146029, -0.010388613678514957, -0.006807741709053516, 0.00026975676883012056, -0.09176835417747498, 0.0028201069217175245, 0.015943730250000954, 0.01247859001159668, -0.025324799120426178, -0.03346685692667961, -0.02757135219871998, 0.011430198326706886, -0.014432411640882492, 0.023854326456785202, -0.039348747581243515, -0.01009588036686182, -0.012315204367041588, 0.008250982500612736, 0.006787318270653486, 0.006208660081028938, -0.017278047278523445, -0.01919783093035221, 0.013663137331604958, 0.02522948943078518, -0.007188974879682064, -0.016719812527298927, 0.006960915867239237, 0.0174958948045969, -0.003075397340580821, 0.026781655848026276, -0.017822667956352234, 0.029218826442956924, 0.03896751254796982, 0.015630574896931648, 0.008230559527873993, -0.0220843143761158, 0.01530380267649889, -0.0022652759216725826, 0.002666932763531804, -0.041227683424949646, -0.01840813271701336, 0.007386399433016777, 0.009721455164253712, -0.025011641904711723, 0.009496799670159817, 0.0330311618745327, 0.011879509314894676, -0.0022227275185287, 0.007924211211502552, 0.0005658935406245291, -0.01358825247734785, 0.020504917949438095, 0.01027968991547823, -0.025610724464058876, -0.02351393923163414, -0.003938278649002314, -0.03744257986545563, -0.024017712101340294, 0.024453407153487206, 0.02720373496413231, 0.01131446659564972, 0.02837466634809971, -0.020041991025209427, 0.008489253930747509, -0.01010268833488226, -0.01000057253986597, -0.012328820303082466, 0.034773942083120346, 0.03060760535299778, 0.007862941361963749, 0.0017989457119256258, -0.006954107899218798, -0.013772061094641685, -0.02595110982656479, -0.01885744370520115, 0.01983775943517685, -0.04139106720685959, 0.010783462785184383, -0.027162889018654823, 0.0177818201482296, 0.0015810979530215263, -0.013751638121902943, 0.001783628249540925, -0.0027026734314858913, -0.0024099405854940414, -0.008625408634543419, -0.013969485647976398, -0.009442337788641453, 0.02083168923854828, -0.00744766928255558, 0.014119256287813187, -0.010892386548221111, 0.025787724182009697, -0.02729904279112816, 0.008012712001800537, 0.02720373496413231, 0.0018312825122848153, -0.021948158740997314, -0.019769681617617607, 0.0016474734293296933, -0.010170766152441502, 0.01220628060400486, -0.010340959765017033, -0.012287973426282406, -0.020804457366466522, -0.015004262328147888, -0.043841853737831116, 0.0346105583012104, 0.009592107497155666, -0.01848982647061348, 0.01850344054400921, -0.0038259506691247225, 0.005973793100565672, -0.019905835390090942, -0.007046012673527002, 0.005606174934655428, -0.00565382931381464, 0.018517056480050087, -0.03153345733880997, -0.026631884276866913, -0.018884675577282906, -0.036925189197063446, 0.0228740107268095, 0.005293019115924835, 0.022819548845291138, -0.011062580160796642, -0.0039314706809818745, 0.0011956095695495605, -0.004836900159716606, 0.03161515295505524, -0.026250651106238365, 0.0061473906971514225, 0.008713909424841404, 0.035046253353357315, -0.0007228970644064248, -0.019429294392466545, 0.026250651106238365, -0.03104330040514469, 0.007522554136812687, -0.0016857669688761234, 0.02979067713022232, -0.03346685692667961, 0.009387875907123089, 0.03804165869951248, 0.018108593299984932, 0.012689630500972271, -0.007406822871416807, -0.02269701100885868, 0.005395135376602411, -0.015644190832972527, 0.01616157777607441, -0.014037562534213066, -0.020504917949438095, 0.012982362881302834, 0.02747604437172413, -0.008489253930747509, 0.028238512575626373, 0.02943667396903038, -0.013778869062662125, -0.029572829604148865, -0.02439894527196884, -0.01054519135504961, -0.01840813271701336, 0.027135657146573067, 0.004547571297734976, -0.002483123680576682, 0.03006298653781414, 0.005687868222594261, -0.008434792049229145, -0.022942088544368744, 0.011185118928551674, -0.01714189350605011, -0.01821751706302166, 0.032976698130369186, -0.0010271179489791393, -0.018816597759723663, -0.009741878136992455, -0.013874176889657974, 0.0026192786172032356, 0.01757758855819702, 0.004159530159085989, -0.01337040401995182, -0.002049130154773593, 0.009585300460457802, 0.007617862895131111, -0.011151080951094627, 0.003499179147183895, -0.014745567925274372, -0.009701031260192394, 0.0004705851315520704, 0.025460952892899513, 0.02935498207807541, -0.010116304270923138, 0.03292223811149597, 0.0030447624158114195, -0.013125325553119183, -0.025828571990132332, -0.005800195969641209, -0.0053985388949513435, 0.009394682943820953, 0.0010534980101510882, 0.0005705738440155983, -0.030444219708442688, -0.01731889508664608, 0.018271978944540024, 0.022928472608327866, 0.025365645065903664, 0.026168959215283394, -0.009714647196233273, -0.006736260373145342, -0.0015504631446674466, 0.007570208515971899, -0.027843663468956947, -0.024970795959234238, 0.010245651006698608, 0.025719648227095604, -0.002789471996948123, -0.0010407335357740521, 0.0001049349521053955, 0.017550356686115265, -0.006593297701328993, -0.004898170009255409, 0.00969422422349453, -0.00550065515562892, -0.014037562534213066, 0.007386399433016777, -0.012322012335062027, 0.0041765496134757996, 0.027693891897797585, -0.01740058697760105, 0.0529642291367054, 0.01874851994216442, -0.016011808067560196, -0.004731380380690098, 0.009149604476988316, -0.0021495444234460592, 0.01143700536340475, -0.025433722883462906, -0.016733428463339806, -0.030988838523626328, 0.0019504179945215583, -0.017019353806972504, -0.018884675577282906, 0.023037396371364594, -0.002244852716103196, 0.07090943306684494, 0.0060180434957146645, -0.003951894119381905, 0.010109496302902699, -0.005960177630186081, 0.00699835829436779, -0.00026975676883012056, 0.012281165458261967, -0.028238512575626373, -0.002997108269482851, 0.021212922409176826, 0.006610317155718803, -0.025515414774417877, -0.023976866155862808, -0.01677427440881729, 0.004908381495624781, 0.008176097646355629, 0.014459642581641674, -0.001043286407366395, -0.020314300432801247, 0.007529362104833126, 0.010694961994886398, 0.02226131409406662, 0.009095142595469952, 0.011682084761559963, 0.010490729473531246, 0.004935612436383963, 0.011123850010335445, 0.0004599480307660997, -0.036026567220687866, -0.0040744333527982235, 0.0039008359890431166, -0.026876963675022125, -0.0032711199019104242, -0.008822833187878132, -0.003846373874694109, -0.027966201305389404, -0.0027792605105787516, 0.021566925570368767, 0.0184762105345726, 0.008080788888037205, 0.026182573288679123, -0.029681753367185593, -0.004629264120012522, -0.02207069844007492, -0.016284117475152016, 0.0028762707952409983, -0.012083740904927254, -0.02989960089325905]","[-0.019435018301010132, 0.0033168683294206858, 0.017984643578529358, -0.00028036258299835026, -8.638577128294855e-05, 0.009793481789529324, -0.01815040037035942, -0.0003666943812277168, 0.0029145621228963137, -0.019186383113265038, 0.008992321789264679, 0.03171485662460327, 0.007369284052401781, 0.007907994091510773, -0.00934455543756485, 0.006298769265413284, 0.01628563366830349, 0.0008775629103183746, 0.0010601547546684742, -0.008412172086536884, -0.024835936725139618, 0.0009505132911726832, 0.0039332774467766285, -0.029477136209607124, -0.023150740191340446, -0.010083556175231934, -0.006039774045348167, -0.008239508606493473, 0.017100606113672256, -0.0033842071425169706, 0.0045203338377177715, -0.007390003651380539, 0.002690099412575364, -0.008308573625981808, -0.01230055745691061, 0.025650909170508385, 0.03060980886220932, 0.007327844854444265, -0.008736779913306236, 0.009455060586333275, 0.03060980886220932, 0.0030147070065140724, 0.0073969098739326, 0.007914900779724121, -0.04414663836359978, 0.0315767265856266, 0.02095445804297924, -0.008246415294706821, -0.013350352644920349, 0.0013813091209158301, 0.03375919535756111, 0.007825115695595741, -0.04014084115624428, -0.003341041272506118, -0.0039505441673099995, 0.01926926150918007, -0.006108839530497789, -0.005597754847258329, 0.0054078251123428345, -0.02185230888426304, 0.011761846952140331, 0.012341996654868126, 0.016630960628390312, -0.0020011714659631252, 0.01850954070687294, -0.005200628656893969, -0.004876020830124617, 0.007410723250359297, 0.008702247403562069, -0.025816665962338448, 0.0017145498422905803, 0.016437577083706856, -0.0020477906800806522, -0.02864835038781166, 0.004230258986353874, 0.004175006877630949, -0.026728330180048943, -0.004955446347594261, 0.004489254672080278, 0.02309548854827881, 0.015235839411616325, -0.032626520842313766, -0.038731906563043594, 0.030278295278549194, 0.004320044070482254, -0.0008093607611954212, 0.021009711548686028, 0.024849750101566315, 0.0016851971158757806, -0.011734220199286938, 0.011423425748944283, 0.009758948348462582, -0.018744364380836487, -0.0025606018025428057, 0.018882494419813156, -0.017514999955892563, -0.005791138391941786, 0.03724009171128273, 0.00570480665192008, 0.01250084675848484, -0.014904324896633625, 0.014448492787778378, -0.016216568648815155, -0.01417223084717989, -0.027211789041757584, 0.027211789041757584, 0.017363054677844048, -0.012162426486611366, -0.0016955569153651595, -0.033206671476364136, 0.005912002641707659, 0.0177912600338459, 0.018896307796239853, -0.019048253074288368, -0.025637095794081688, 0.01806752197444439, 0.0037986000534147024, 0.0034912587143480778, -0.004071408417075872, 0.017432119697332382, 0.003158017760142684, 0.03351055830717087, 0.01859242096543312, -0.010974500328302383, 0.0012630345299839973, 0.01285998709499836, -0.020125674083828926, -0.005811857990920544, -0.01003521028906107, 0.002721178811043501, 0.058788515627384186, 0.004230258986353874, 0.0154568487778306, 0.010055930353701115, -0.028593098744750023, 0.0017154131783172488, -0.030499303713440895, 0.019020626321434975, -0.012818547897040844, -0.004686091095209122, -0.008709154091775417, 0.0002596429258119315, 0.00409212801605463, 0.01588505506515503, 0.014255109243094921, 0.05224110931158066, 0.025927171111106873, 0.018343783915042877, -0.005438904277980328, -0.027736686170101166, -0.02754330262541771, 0.008798939175903797, -0.012652791105210781, 0.004824222065508366, 0.014227483421564102, 0.032184500247240067, -0.0130119314417243, 0.01047722902148962, -0.016202755272388458, -0.010318378917872906, -0.018578607589006424, 0.035444390028715134, -3.960472167818807e-05, -0.026755956932902336, 0.02189374901354313, 0.029200874269008636, -0.007762956898659468, -0.015815988183021545, 0.005017605144530535, -0.011934510432183743, -0.029062742367386818, -0.005141923204064369, -0.006578484550118446, -0.0063402084633708, 0.0025692349299788475, 0.016934849321842194, 0.0018008816987276077, -0.0014279282186180353, -0.004862207919359207, -0.013785464689135551, -0.01658952236175537, -0.00774223729968071, 0.024311039596796036, 0.005038324743509293, -0.04795905202627182, 0.0030526930931955576, -0.02153460867702961, -0.038593776524066925, 0.018923934549093246, 0.008481238037347794, 0.025291768833994865, -6.0162485169712454e-05, -0.003746800823137164, -0.031079454347491264, -0.6360651850700378, 0.015277278609573841, 0.018039897084236145, -0.026617825031280518, 0.009897079318761826, 0.028372088447213173, 0.014586623758077621, 0.016838157549500465, -0.017639316618442535, 0.027681434527039528, -0.006840933114290237, 0.026438254863023758, 0.007086115423589945, -0.008198069408535957, 0.005687539931386709, -0.017611689865589142, 5.267589585855603e-06, 0.009068294428288937, -0.023026421666145325, -0.010449603199958801, -0.00562883447855711, -0.0010981407249346375, -0.007175900507718325, 0.007224246393889189, 0.0029145621228963137, 0.018923934549093246, -0.021810870617628098, -0.017432119697332382, -0.010145715437829494, 0.011064285412430763, -0.009482686407864094, -0.039533067494630814, 0.04400850832462311, -0.017639316618442535, 0.04751703143119812, -0.03389732539653778, 0.0035102516412734985, 0.03795837238430977, -0.035223379731178284, 0.035665400326251984, 0.0012345450231805444, -0.006523231975734234, 0.01045650988817215, 0.01877199113368988, -0.008674620650708675, 0.025333208963274956, 0.022681094706058502, -0.013226034119725227, -0.00748669495806098, -0.007162087596952915, 0.0033721206709742546, -0.0191311314702034, -0.0070274099707603455, 0.013819997198879719, 0.02283303812146187, -0.0029370083939284086, 0.005121203605085611, 0.017363054677844048, -0.010739678516983986, -0.002679739613085985, -0.007348564453423023, -0.00044504052493721247, -0.01770838163793087, -0.018923934549093246, 0.008978509344160557, -0.015954120084643364, -0.02950476109981537, -0.025250330567359924, 0.008004685863852501, 0.001706780050881207, 0.009316929616034031, 0.003898744937032461, 0.004143927246332169, 0.009517219848930836, -0.00523861451074481, 0.02095445804297924, 0.02598242461681366, -0.014186044223606586, -0.004623932298272848, 0.02433866634964943, -0.02255677804350853, -0.015001016668975353, -0.04329022765159607, -0.009786575101315975, 0.018219467252492905, -0.0064196339808404446, -0.03447747603058815, -0.014849072322249413, 0.026935527101159096, -0.02171417884528637, -0.002771251369267702, -0.029035117477178574, -0.005701353307813406, -0.006723521742969751, 0.028482593595981598, 0.0315767265856266, -0.02349606715142727, 0.016202755272388458, 0.0011205869959667325, -0.007583386730402708, 0.0045134276151657104, -0.011278389021754265, -0.0033134152181446552, -0.0110159395262599, 0.0242419745773077, 0.002230814192444086, -0.017722195014357567, 0.024255787953734398, 0.029532387852668762, -0.019062064588069916, -0.019946103915572166, 0.0003360465925652534, -0.008232601918280125, -0.013060277327895164, -0.0030164336785674095, -0.028454966843128204, 0.017432119697332382, 0.0067028021439909935, -0.016092250123620033, -0.0055010635405778885, -0.0019735454116016626, -0.008129003457725048, 0.02197662740945816, -0.020899206399917603, -0.002301606349647045, 0.008101377636194229, 0.012825454585254192, -0.012362715788185596, 0.011451052501797676, -0.016119876876473427, -0.00021647702669724822, 0.018702924251556396, 0.01176875364035368, -0.03226738050580025, 0.01399266067892313, -0.0059948815032839775, 0.0293666310608387, -0.01983559876680374, 0.015760736539959908, -0.015650231391191483, -0.006329848896712065, 0.005932722706347704, -0.0020857767667621374, 0.015277278609573841, 0.0005050411564297974, 0.0026279406156390905, -0.02772287279367447, -0.002044337335973978, -0.021686552092432976, 0.01682434417307377, 0.005235161166638136, -0.013156969100236893, -0.0009755495120771229, -0.0028351368382573128, -0.026617825031280518, 0.014186044223606586, 0.011741126887500286, -0.034063082188367844, -0.008716059848666191, -0.02299879677593708, -0.0009487866773270071, 0.0108985286206007, -0.011665155179798603, 0.004893287550657988, -0.012466314248740673, 0.004440908785909414, -0.0027073659002780914, -0.00914426613599062, -0.020346682518720627, -0.006947984453290701, -0.023965712636709213, -0.01285998709499836, -0.008764405734837055, 0.0200151689350605, -0.0018060615984722972, 0.04483729228377342, -0.01810896210372448, -0.020429560914635658, 0.012286744080483913, 0.006215890869498253, -0.0032564362045377493, 0.02828921005129814, 0.01672765240073204, -0.006754601374268532, 0.03585878387093544, 0.0048691146075725555, 0.0036155765410512686, 0.013198408298194408, 0.0027056392282247543, 0.024131469428539276, -0.021299786865711212, 0.025871919468045235, -0.03411833569407463, 0.008640088140964508, -0.012714950367808342, 0.003802053164690733, 0.011893071234226227, 0.012645884416997433, -0.006126105785369873, 0.01926926150918007, 0.03820700943470001, 0.023703264072537422, 0.019407393410801888, -0.016879597678780556, 0.0031701042316854, -0.010684425942599773, -0.009234051220119, -0.021134028211236, 0.028454966843128204, -0.008868004195392132, -0.0033617608714848757, 0.010629173368215561, 0.00017093699716497213, 0.0007774180267006159, -0.009413621388375759, 0.027391359210014343, -0.02069200947880745, 0.006892732344567776, 0.009275490418076515, 0.0131293423473835, 0.00834310706704855, -0.032764650881290436, 0.03251601383090019, 0.006695895921438932, -0.019365953281521797, -0.0062331571243703365, 0.023827580735087395, 0.03884240984916687, 0.00863318145275116, -0.014780007302761078, -0.009040667675435543, 0.01899299956858158, -0.005742792505770922, 0.007168994285166264, 0.02389664761722088, 0.022612029686570168, -0.0046135722659528255, 0.014227483421564102, 0.01640995219349861, -0.012017388828098774, 0.014103165827691555, 0.01319150160998106, 0.01762550324201584, -0.018260905519127846, 0.038952916860580444, 0.016520457342267036, 0.029836276546120644, -0.010753490962088108, -0.009531032294034958, 0.03630080074071884, 0.020498625934123993, 0.0329304076731205, -0.014337988570332527, 0.006036320701241493, 0.02922849915921688, 0.007044676225632429, -0.010863996110856533, 0.003884931793436408, 0.03848326951265335, 0.04096962884068489, 0.00015766348224133253, 0.0005702216294594109, 0.01801227033138275, -0.009220237843692303, 0.023951899260282516, 0.005307679995894432, -0.027294667437672615, 0.002527795499190688, 0.02624487318098545, -0.012038108892738819, -0.0025157092604786158, 0.0034843520261347294, 0.0060881199315190315, -0.025015506893396378, 0.015857428312301636, 0.01574692316353321, 0.02994677983224392, -0.002035704208537936, -0.03118995949625969, 0.0022808865178376436, -0.03135571628808975, 0.007990873418748379, -0.00655085826292634, 0.01370258629322052, -0.008577929809689522, -0.013398697599768639, 0.015512101352214813, 0.023026421666145325, 0.0054837968200445175, 0.02201806753873825, 0.0007476335158571601, -0.00241383770480752, 0.002101316349580884, -0.012825454585254192, -0.004382202867418528, 0.009275490418076515, 0.02309548854827881, -0.0004933863529004157, -0.011216229759156704, -0.01018715463578701, 0.026507321745157242, 0.00947578065097332, -0.016520457342267036, 0.02429722622036934, 0.029477136209607124, 0.02183849737048149, 0.004081768449395895, -0.031245211139321327, 0.009102826938033104, -0.018178027123212814, -0.006267690099775791, -0.008398359641432762, -0.021023524925112724, -0.00843289215117693, -0.0069583444856107235, -0.003202910302206874, -0.013053370639681816, 0.036632318049669266, 0.008736779913306236, 0.002389664761722088, -0.019821785390377045, -0.02909036912024021, -0.023482253775000572, -0.00789418164640665, 0.031107081100344658, 0.01658952236175537, 0.0023862114176154137, 0.008032312616705894, 0.00029395983438007534, -0.00836382620036602, -0.004233712330460548, -0.021064963191747665, 0.017943205311894417, -0.03011253848671913, -0.015097708441317081, -0.021134028211236, 0.010256219655275345, 0.021341225132346153, 0.018620045855641365, 0.015650231391191483, 0.013951221480965614, -0.017404494807124138, 0.016340887174010277, -0.02606530301272869, -0.02598242461681366, 0.003964357078075409, -0.007210433483123779, 0.019628401845693588, -0.025084571912884712, 0.004250978585332632, 0.02754330262541771, 0.02460111491382122, 0.027681434527039528, 0.009973051957786083, 0.02647969499230385, 0.031107081100344658, 0.004834581632167101, 0.011209323070943356, 0.00629531592130661, 0.03643893450498581, -0.017142046242952347, 0.006081213243305683, 0.01983559876680374, 0.01020787376910448, -0.0042578852735459805, -0.009102826938033104, -0.0038193196523934603, 0.006923811510205269, 0.022487711161375046, -0.028675977140665054, -0.020346682518720627, 0.0067960405722260475, 0.014821446500718594, 0.004430548753589392, 0.009082106873393059, -0.01842666231095791, -0.01801227033138275, -0.0029577279929071665, -0.02317836694419384, -0.0010903708171099424, -0.020028982311487198, -0.020457187667489052, -0.015332531183958054, -0.02385520748794079, -0.01618894189596176, -0.001269940985366702, 0.010339098051190376, -0.019959915429353714, -0.0011896524811163545, -0.03069268725812435, -0.008833471685647964, -0.033261921256780624, -0.007790583185851574, -0.004793142434209585, -0.0025088025722652674, 0.0029680877923965454, -0.029200874269008636, 0.001667930744588375, 0.013785464689135551, 0.020457187667489052, -0.0058774701319634914, 0.013391791842877865, -0.015733109787106514, 0.024808311834931374, 0.0009686429984867573, -0.017293989658355713, -0.020208552479743958, -0.000726482248865068, -0.011451052501797676, 0.008177349343895912, -0.019255448132753372, 0.0178050734102726, -0.008446704596281052, 0.012818547897040844, -0.008992321789264679, -0.008170443587005138, 0.010200967080891132, -0.03875953331589699, 0.02175561711192131, -0.01895156130194664, -0.017376868054270744, 0.02607911452651024, -0.012632071040570736, -0.012272930704057217, 0.0011965589364990592, -0.030223041772842407, -0.020305244252085686, -0.008287854492664337, -0.00439256289973855, -0.008080658502876759, -0.0003947522200178355, -0.01726636290550232, -0.03751635551452637, -0.005532142706215382, 0.013488482683897018, -0.018702924251556396, 0.019227823242545128, 0.0002656861615832895, 0.03132808953523636, 0.012100267224013805, 0.005653007421642542, 0.01855098083615303, -0.006243517156690359, -0.0023257790599018335, 0.0113474540412426, -0.021078776568174362, 0.004855301231145859, -0.012203865684568882, 0.01461424957960844, -0.0044961608946323395, 0.0056150215677917, -0.025112198665738106, 0.007970153354108334, -0.008515770547091961, -0.017736008390784264, 0.011064285412430763, -0.0013200134271755815, -0.023371748626232147, -0.018260905519127846, -0.019821785390377045, -0.026148181408643723, -0.004927820060402155, -0.0046170256100595, -0.014517558738589287, -0.017459746450185776, 0.003192550502717495, 0.01672765240073204, 0.004326950758695602, -0.00434767035767436, -0.026369189843535423, -0.0008533900254406035, 0.0095655657351017, -0.0050314185209572315, 0.016216568648815155, -0.0012466314947232604, -0.025015506893396378, -0.018122775480151176, -0.012583726085722446, -0.021285973489284515, -0.0029715411365032196, -0.015774549916386604, -0.020719636231660843, 0.0032806091476231813, 0.02864835038781166, 0.015829801559448242, -0.00809447094798088, 0.017418308183550835, -0.002952548209577799, 0.005055590998381376, -0.0012172786518931389, -0.018053710460662842, 0.0035206114407628775, 0.01283236127346754, -0.006882372312247753, -0.004579039756208658, 0.018454289063811302, 0.035085249692201614, -0.0005283507052809, 0.027501864358782768, 0.02989152818918228, -0.030803192406892776, -0.009758948348462582, 0.004330404102802277, -0.05657842010259628, -0.0036708288826048374, 0.010953781194984913, -0.0010014490690082312, 0.015401596203446388, -0.023786142468452454, -0.007017049938440323, -0.0009487866773270071, -0.010104276239871979, -0.002289519878104329, 0.01140961330384016, 0.035886410623788834, -0.017915578559041023, 0.027930069714784622, -0.009793481789529324, 0.019158756360411644, 0.010781117714941502, -0.01784651353955269, 0.010138808749616146, 0.007479788735508919, -0.0032685226760804653, 0.021949000656604767, 0.028537845239043236, -0.006032867357134819, 0.02251533791422844, -0.022542964667081833, 0.016700027510523796, -0.031107081100344658, -0.03964357078075409, -0.011209323070943356, -0.006405820604413748, 0.015498287975788116, -0.0320463702082634, -0.01230055745691061, -0.00974513590335846, -0.0035637773107737303, 0.0030475130770355463, 0.014268922619521618, -0.0029042023234069347, 0.00818425603210926, -0.0028679429087787867, 0.0007036043098196387, -0.008550303056836128, 0.028040574863553047, -0.0040506888180971146, 0.014407053589820862, 0.0015444762539118528, 0.027570929378271103, -0.019241634756326675, -0.043262600898742676, -0.025112198665738106, -0.0025105292443186045, 0.03519575670361519, 0.014096259139478207, -0.024877376854419708, 0.002719452138990164, 0.009841826744377613, -0.0029784475918859243, -0.027736686170101166, -0.01971128024160862, 0.0193521399050951, 0.02980864979326725, -0.01739068143069744, -0.011388893239200115, 0.009392901323735714, -0.013440137729048729, 0.015898866578936577, -0.001871673739515245, -0.0035223381128162146, -0.013944314792752266, -0.0010765577899292111, -0.013819997198879719, -0.002757438225671649, -0.013074090704321861, 0.03621792420744896, 0.012072641402482986, 0.004016156308352947, -0.012963585555553436, 0.0021203095093369484, 0.006979064084589481, -0.025471339002251625, 0.006778774317353964, -0.0011672062100842595, 0.007659358903765678, -0.018481915816664696, -6.647549889748916e-05, -0.005076311063021421, -0.031659603118896484, -0.011934510432183743, 0.0051764557138085365, 0.028593098744750023, -0.010159527882933617, 0.012942866422235966, 0.0329304076731205, 0.015028642490506172, 0.009268583729863167, 0.0012285017874091864, 0.0023395922034978867, -0.003905651392415166, -0.019559336826205254, -0.0023482253309339285, 0.021962814033031464, -0.02406240440905094, 0.0059258160181343555, -0.0023741249460726976, -0.009551752358675003, -0.023330310359597206, -0.034145958721637726, -0.006923811510205269, -0.004976165946573019, -0.03461560606956482, -0.019227823242545128, -0.011029752902686596, 0.019103504717350006, 0.046909257769584656, 0.016851970925927162, 0.00259686098434031, 0.020443374291062355, 0.010850182734429836, -0.020429560914635658, -0.010484135709702969, -0.026880275458097458, 0.018661485984921455, -0.025595657527446747, 0.032847531139850616, -0.00110159395262599, -0.0169072225689888, 0.010145715437829494, -0.002873122924938798, -0.0300296600908041, -0.017736008390784264, 0.0293666310608387, 0.032322634011507034, -0.005653007421642542, 0.006644096691161394, 0.03273702412843704, 0.005414731800556183, 0.004803502466529608, -0.014738568104803562, 0.018633859232068062, 0.024435358121991158, -0.027709059417247772, -5.0477134209359065e-05, 0.028040574863553047, 0.018302345648407936, -0.009959238581359386, -0.0293666310608387, -0.011817099526524544, 0.011160977184772491, -0.02647969499230385, -0.007272592280060053, -0.001670520636253059, 0.013419417664408684, -0.034947119653224945, -0.018979186192154884, -0.01886868104338646, -0.014213670045137405, -0.011810192838311195, 0.012369622476398945, 0.013771651312708855, -0.0021893749944865704, -0.00616063829511404, 0.00010429963003844023, 0.01832997053861618, 0.007548854220658541, -0.0025329755153506994, -0.019877037033438683, -0.01748737320303917, -0.027156535536050797, -0.03237788379192352, 0.0002618012367747724, -0.030002033337950706, 0.014047913253307343, 0.005949988961219788, -0.03146621957421303, -0.014738568104803562, -0.012162426486611366, -0.03190824016928673, -0.013177688233554363, 0.020028982311487198, 0.006329848896712065, 0.03453272581100464, 0.00044978875666856766, 0.005383652169257402, 0.018053710460662842, -0.018026083707809448, 0.020857766270637512, -0.0346984826028347, 0.0012155519798398018, 0.0066268304362893105, -0.015443035401403904, -0.0031096721068024635, 0.027916256338357925, -0.028220145031809807, 0.010774211026728153, 0.013799278065562248, 0.004585945978760719, 0.002748805098235607, 0.025706162676215172, -0.015166773460805416, -0.01886868104338646, -0.013267473317682743, 0.00360866985283792, 0.00881275162100792, 0.00035957200452685356, -0.0036052167415618896, -0.01310171652585268, 0.009558659046888351, 0.04168790951371193, 0.01931070163846016, -0.027156535536050797, 0.0046826377511024475, 0.007887274958193302, -0.013343445956707, -0.01185853872448206, -0.022252889350056648, 0.003301328746601939, 0.02069200947880745, -0.013336539268493652, 0.030941322445869446, 0.006122652441263199, -0.0036915484815835953, 0.015898866578936577, -0.0034895320422947407, 0.024172909557819366, 0.013578267768025398, 0.005366385914385319, -0.05779397115111351, 0.0069341715425252914, 0.009531032294034958, -0.019780345261096954, -0.025250330567359924, -0.01203120220452547, 0.0019821785390377045, 0.01850954070687294, 0.005829124245792627, 0.001987358322367072, -0.0028990223072469234, -0.02219763770699501, 0.009634630754590034, -0.007203526794910431, -0.023054048418998718, 0.005003792233765125, -0.011754940263926983, 0.010421977378427982, 0.017280176281929016, -0.012825454585254192, -0.01632707379758358, -0.022432459518313408, -0.01979415863752365, 0.010739678516983986, -0.008308573625981808, -0.023482253775000572, 0.0016394412377849221, 0.024614928290247917, 0.005853297188878059, 0.005283507052809, 0.21747329831123352, 0.006882372312247753, -0.028137266635894775, 0.020498625934123993, -0.020540066063404083, 0.013965034857392311, 0.021037336438894272, -0.0017102332785725594, -0.005912002641707659, 0.015954120084643364, -0.0027073659002780914, -0.013985753990709782, -0.011527024209499359, -0.003947090823203325, 0.0055943019688129425, -0.012093360535800457, -0.015415409579873085, -0.02295735664665699, -0.02527795545756817, -0.00374334747903049, 0.012038108892738819, -0.00592926936224103, 0.013150062412023544, -0.018896307796239853, 0.020125674083828926, 0.004344217013567686, 0.023164553567767143, 0.01726636290550232, 0.02806819975376129, 0.00965535081923008, -0.025429900735616684, 0.010166434571146965, 0.00440637581050396, 0.014904324896633625, 0.0027418984100222588, -0.007369284052401781, 0.007507415022701025, 0.002311966149136424, 0.002619307255372405, -0.005998334847390652, 0.017653129994869232, -0.0014728207606822252, -0.015512101352214813, -0.034587979316711426, -0.0007778496947139502, -0.015318717807531357, -0.006723521742969751, -0.019407393410801888, 0.028178704902529716, 0.004976165946573019, -0.01486288569867611, 0.001136126695200801, 0.019200196489691734, 0.0351405031979084, 0.007673171814531088, -0.018274718895554543, 0.003415286773815751, 0.007624825928360224, -0.009544845670461655, 0.015222026035189629, -0.023123113438487053, 0.012915239669382572, -0.023454628884792328, 0.024324852973222733, -0.002664199797436595, -0.005473437253385782, 0.005021058488637209, 0.04337310418486595, 0.013833810575306416, -0.03146621957421303, -0.0034429128281772137, 0.021562235429883003, 0.00974513590335846, 0.0023948445450514555, -0.019006812945008278, -0.0035879502538591623, 0.03707433491945267, 0.0077767702750861645, 0.03464323282241821, 0.01248012762516737, 0.0003174852463416755, -0.009731322526931763, 0.02015329897403717, -0.027349919080734253, -0.0050072455778717995, -0.015733109787106514, 0.016202755272388458, -0.004506520926952362, -0.0040506888180971146, 0.016741465777158737, -0.009966145269572735, -0.021506981924176216, -0.0063712880946695805, -0.022612029686570168, -0.006188264582306147, 0.0089025367051363, -0.0014702308690175414, 0.004081768449395895, -0.0012414514785632491, -0.004561773035675287, -0.0251398254185915, 0.04265482351183891, 0.025858106091618538, 0.0012285017874091864, -0.021244533360004425, 0.001022168667986989, 0.00285240332596004, 0.010912341997027397, 0.024352479726076126, -0.009482686407864094, 0.003574137343093753, -0.0355825200676918, 0.012355810031294823, -0.023247431963682175, -0.010090462863445282, -0.017514999955892563, -0.010532481595873833, -0.01699010096490383, -0.01636851206421852, 0.00929621048271656, -0.006999783683568239, -0.02776431292295456, 0.012618258595466614, 0.013115529902279377, 0.003353127744048834, -0.015774549916386604, -0.007155180908739567, -0.018357597291469574, 0.0026572933420538902, -0.013958128169178963, 0.03411833569407463, -0.018122775480151176, 0.008460517972707748, -0.002653839997947216, 0.0026106741279363632, -0.020263804122805595, 0.008280947804450989, -0.017293989658355713, -0.003857305506244302, 0.005981068126857281, 0.0066337366588413715, -0.010152622126042843, -0.015677858144044876, -0.02980864979326725, 0.0035810437984764576, 0.004696450661867857, 0.02283303812146187, 0.006944531574845314, -0.021189281716942787, -0.011416519060730934, -0.014987203292548656, 0.001838867668993771, 0.010263126343488693, 0.005300773773342371, 0.0002633120457176119, -0.005034871399402618, 0.002077143406495452, -0.01792939193546772, 0.009593191556632519, -0.0018423210131004453, -0.032543640583753586, -0.025347022339701653, -0.0047758761793375015, 0.0068651060573756695, -0.032460764050483704, 0.012714950367808342, -0.17636553943157196, 0.010352911427617073, 0.015235839411616325, -0.03674282133579254, 0.023247431963682175, -0.011582276783883572, 0.022252889350056648, 0.007597200106829405, -0.019006812945008278, 0.007769863586872816, 0.013750932179391384, 0.002244627336040139, -0.031024202704429626, -0.007825115695595741, 0.01944883167743683, -0.014628062956035137, -0.00279197096824646, 0.0014615976251661777, 0.045942340046167374, 0.004969259258359671, 0.01810896210372448, -0.0278057511895895, 0.027639994397759438, -0.019200196489691734, 0.006191717926412821, 0.002196281449869275, -0.025692349299788475, -0.04127351567149162, 0.019421204924583435, -0.021783243864774704, -0.013440137729048729, 0.027570929378271103, 0.012563006021082401, 0.012045015580952168, 0.006619923748075962, -0.010767304338514805, -0.011602995917201042, 0.004102488048374653, 0.025347022339701653, 0.02171417884528637, -0.0035879502538591623, 0.015636418014764786, -0.00965535081923008, 0.0063263955526053905, -0.008771312423050404, 0.01065679918974638, 0.016479017212986946, 0.012314370833337307, 0.013419417664408684, -0.007797489874064922, 0.0016023184871301055, -0.024269601330161095, -0.0011879258090630174, -0.0108985286206007, -0.012307464145123959, 0.006537045352160931, 0.014600437134504318, 0.0157883632928133, -0.008564116433262825, -0.026258684694767, 0.018578607589006424, -0.051191315054893494, 0.002077143406495452, -0.008598648943006992, 0.006782227661460638, 0.003126938361674547, 0.014337988570332527, 0.01408244576305151, -0.02812345325946808, 0.022584402933716774, -0.009973051957786083, -0.019255448132753372, -2.6600991986924782e-05, -0.02371707744896412, -0.002111676149070263, 0.0016411677934229374, 0.006402367725968361, 0.02900749072432518, 0.027598556131124496, 0.002139302436262369, 0.005777325015515089, 0.03580353036522865, -0.0157883632928133, 0.025250330567359924, -0.04196416959166527, -0.005511423107236624, 0.011575370095670223, 0.02197662740945816, -0.011464864946901798, -0.02367563731968403, 0.020540066063404083, -0.04224042966961861, -0.02251533791422844, -0.015360157005488873, 0.013419417664408684, -0.007258779369294643, 0.01116788387298584, -0.016879597678780556, 0.01734924130141735, -0.011105724610388279, -0.02255677804350853, 0.000814972328953445, -0.007293311879038811, -0.00028770079370588064, 0.020401934161782265, 0.02415909618139267, 0.00809447094798088, 0.018385224044322968, 0.021783243864774704, -0.00792180746793747, -0.04577658325433731, 0.0012630345299839973, 0.01957315020263195, 0.04210229963064194, -0.010608453303575516, 0.02131359837949276, 0.007597200106829405, 0.026134368032217026, -0.0074521624483168125, 0.0014667775249108672, 0.07459069043397903, -0.00949649978429079, -0.003411833429709077, 0.009724415838718414, -0.0036984549369663, 0.003539604600518942, -0.11232805252075195, -0.013771651312708855, 0.029062742367386818, 0.0012768475571647286, 0.016216568648815155, 0.00974513590335846, 0.010415070690214634, 0.0012828907929360867, -0.012784015387296677, 0.02123071998357773, -0.05055591091513634, 0.011506304144859314, -0.007162087596952915, -0.0031062187626957893, 0.0011931057088077068, -0.03447747603058815, -0.0032115436624735594, 0.008391452953219414, -0.011596089228987694, 0.02638300321996212, -0.01806752197444439, -0.023067861795425415, 0.010553201660513878, -0.018979186192154884, 0.001649801037274301, 0.01570548489689827, -0.023482253775000572, -0.006188264582306147, 0.0023965712171047926, 0.019504083320498466, 0.04334547743201256, -0.015111520886421204, 0.002667653141543269, -0.0016972834710031748, 0.0010143988765776157, -0.002356858691200614, -0.02646588161587715, -0.026576386764645576, 0.02950476109981537, -0.0026244872715324163, -0.002244627336040139, 0.010725865140557289, 0.02594098448753357, -0.017818886786699295, -0.007244965992867947, 0.0110159395262599, -0.020443374291062355, 0.043842751532793045, -0.0032322632614523172, -0.00010456941527081653, -0.02189374901354313, 0.015277278609573841, 0.00478278286755085, -0.02642444334924221, 0.0302506685256958, 0.002790244296193123, 0.009648444131016731, 0.025650909170508385, -0.029477136209607124, 0.008204976096749306, 0.024269601330161095, -0.0507216677069664, 0.005387105513364077, -0.005549409426748753, 0.0295876394957304, 0.0039091045036911964, -0.0035223381128162146, -0.011140258051455021, -0.009841826744377613, 0.014476119540631771, -0.018468102440238, 0.004109394270926714, -0.028952239081263542, 0.007168994285166264, -0.04141164571046829, 0.011810192838311195, 0.0018941201269626617, -0.0202499907463789, -0.00245873024687171, -0.0113474540412426, 0.001212962088175118, 0.01548447459936142, -0.0002700027544051409, 0.01664477400481701, -0.004154286812990904, 0.017998456954956055, -0.0052213482558727264, 0.010504855774343014, -0.018965372815728188, -0.03177011013031006, -0.005138469859957695, 0.003985076677054167, 0.016851970925927162, 0.00685129314661026, -0.024007150903344154, -0.0018423210131004453, -0.0013251934433355927, 0.014600437134504318, -0.008957789279520512, 0.012894520536065102, 0.01989085040986538, -0.011243855580687523, -0.02143791690468788, 0.0022826131898909807, -0.011865445412695408, -0.015028642490506172, 0.02630012482404709, -0.0373782217502594, 0.017114419490098953, -0.020305244252085686, -0.010283846408128738, 0.0131293423473835, 0.020540066063404083, 0.015111520886421204, -0.016092250123620033, 0.014448492787778378, -0.001528073218651116, 0.0033738473430275917, -0.0012276384513825178, -0.025015506893396378, -0.0024742698296904564, -0.006654456257820129, -0.014586623758077621, -0.012383435852825642, 0.012507753446698189, 0.011782566085457802, -0.007541947532445192, -0.013895968906581402, -0.009185705333948135, 0.019780345261096954, -0.030444052070379257, -0.004699904005974531, 0.015152961015701294, -0.031604353338479996, 0.013626613654196262, 0.002332685748115182, -0.013840717263519764, -0.02087157964706421, -0.0072380597703158855, 0.038096506148576736, 0.03317904472351074, 0.013467763550579548, -0.02482212334871292, -0.030941322445869446, 0.011375079862773418, -0.014531371183693409, 0.004541053436696529, 0.025015506893396378, -0.00154015957377851, -0.008198069408535957, 0.007148274686187506, 0.011754940263926983, 0.005898189730942249, 0.00013586469867732376, -0.0346984826028347, -0.014752380549907684, -0.03447747603058815, -0.03420121222734451, 0.013978848233819008, -0.01739068143069744, -0.0023965712171047926, -0.02802676148712635, 0.03331717476248741, 0.036411307752132416, 0.01917256973683834, 0.02989152818918228, 0.025871919468045235, 0.0045583201572299, 0.0033272281289100647, 0.01926926150918007, -0.00553904939442873, -0.008177349343895912, 0.0030319734942167997, -0.024407731369137764, 0.0050141518004238605, 0.025968611240386963, 0.023648010566830635, -0.0021082230377942324, 0.015995558351278305, 0.0034170132130384445, -0.010118088684976101, 0.01774982176721096, 0.0191311314702034, -0.035085249692201614, -0.0049623530358076096, -0.019324513152241707, 0.032543640583753586, 0.008957789279520512, 0.015512101352214813, 0.004831128288060427, -0.021078776568174362, 0.005224801599979401, -0.019200196489691734, 0.0024069310165941715, 0.003916011191904545, -0.012473220936954021, -0.0038883851375430822, 0.0200151689350605, -0.016838157549500465, 0.01152011752128601, 0.017818886786699295, -4.279494987713406e-06, 0.020843954756855965, 0.002712545683607459, 0.02059531770646572, -0.04293108731508255, -0.03547201678156853, -0.006834026426076889, -0.02073344960808754, -0.02931137941777706, -0.019476458430290222, -0.021700365468859673, 0.00025014643324539065, 0.008267134428024292, 0.01299121230840683, 0.007769863586872816, -0.005953442305326462, 0.02545752562582493, -0.009468873962759972, -0.005735885817557573, -0.01708679273724556, 0.0007135324412956834, -0.015387782827019691, 0.030775565654039383, 0.0014598710695281625, -0.030444052070379257, 0.023330310359597206, 0.028109639883041382, -0.0202499907463789, -0.01406172662973404, 0.0320463702082634, 0.012576819397509098, 0.018578607589006424, -0.016617147251963615, -0.007079209201037884, -0.01716967113316059, -0.029200874269008636, -0.026700705289840698, -0.03237788379192352, 0.0013605894055217505, -0.016492830589413643, 0.06436900049448013, -0.00860555563122034, -0.0029922607354819775, 0.024283412843942642, 0.014600437134504318, 0.022846851497888565, -0.0006215890753082931, 0.00889563001692295, -0.010470322333276272, -0.027336105704307556, 0.015208212658762932, -0.0024155641440302134, 0.001371812541037798, -0.032764650881290436, -0.007327844854444265, 0.025070760399103165, -0.010408164002001286, 0.02438010461628437, 0.002652113325893879, 0.003254709532484412, 0.027971507981419563, 0.004541053436696529, 0.005145376082509756, -0.0200151689350605, 0.0059016430750489235, -0.00048129988135769963, -0.0013502296060323715, -0.007410723250359297, -0.016700027510523796, -0.0072656855918467045, 0.0043511237017810345, -0.004074861761182547, -0.02219763770699501, -0.022722534835338593, -0.01961458846926689, 0.0003312983608338982, -0.002640026854351163, -0.04320734739303589, 0.02287447825074196, 0.03591403737664223, -0.018219467252492905, 0.009662256576120853, -0.024808311834931374, -0.01381309051066637, -0.001263897749595344, 0.0060881199315190315, -0.005445810966193676, -0.010083556175231934, -0.02265346795320511]"
12380,"How to get array of objects from current collection and data from another collection in same query<p>I have a users collection. Each user can have multiple friends whose _id values are stored in an array in their user document.</p>
<p>I want to render a list which has a user's list of friend names and under each individual name I want to have a location but the locations are in another document because each user can have multiple locations with no limit on the number, like their visited/favourite places.</p>
<p>These are the 2 queries in isolation but I need to somehow combine them.</p>
<p>This is the query which looks at the user ID values in the user's array of friends and then gets the relevant user info based on the ID.</p>
<pre><code>friends = await User.findOne({ _id: userId })
  .populate(&quot;friends&quot;, &quot;name mobile&quot;, null, { sort: { name: 1 } })
  .exec();
</code></pre>
<p>Then, to get the places for a particular user:</p>
<pre><code>const place = await Place.find({ creator: userId });
</code></pre>
<p>So, I basically want to list the friends in a loop, each with their places under their name like:</p>
<pre><code>Joe Soap
 - London Bridge
 - Eiffel Tower

Bob Builder
 - Marienplatz
</code></pre>
<p>The data in mongoDb look like this:</p>
<p><strong>Users:</strong></p>
<pre><code>{
    &quot;_id&quot;: {
        &quot;$oid&quot;: &quot;5f2d9ec5053d4a754d6790e8&quot;
    },
    &quot;friends&quot;: [{
        &quot;$oid&quot;: &quot;5f2da51e053e4a754d5790ec&quot;
    }, {
        &quot;$oid&quot;: &quot;5f2da52e053d4a754d6790ed&quot;
    }],
    &quot;name&quot;: &quot;Bob&quot;,
    &quot;email&quot;: &quot;bob@gmail.com&quot;,
    &quot;created_at&quot;: {
        &quot;$date&quot;: &quot;2020-08-07T18:34:45.781Z&quot;
    }
}
</code></pre>
<p><strong>Places:</strong></p>
<pre><code>{
    &quot;_id&quot;: {
        &quot;$oid&quot;: &quot;5f3695d79864bd6c7c94e38a&quot;
    },
    &quot;location&quot;: {
        &quot;latitude&quot;: -12.345678,
        &quot;longitude&quot;: 12.345678
    },
    &quot;creator&quot;: {
        &quot;$oid&quot;: &quot;5f2da51e053e4a754d5790ec&quot;
    },
}
</code></pre>
<p>The first join is basically getting data from the array inside the same user collection. The second one is getting data from another collection, places.</p>
<p><strong>UPDATE: almost working</strong></p>
<pre><code>friends = await User.aggregate([
  { $match: { _id: new mongoose.Types.ObjectId(userId) } },
  {
    $lookup: {
      from: &quot;users&quot;,
      localField: &quot;friends&quot;,
      foreignField: &quot;_id&quot;,
      as: &quot;friends_names&quot;,
    },
  },
  { $unwind: &quot;$friends_names&quot; },
  {
    $lookup: {
      from: &quot;places&quot;,
      localField: &quot;friends&quot;,
      foreignField: &quot;creator&quot;,
      as: &quot;friends_places&quot;,
    },
  },
  { $unwind: &quot;$friends_places&quot; },
  {
    $project: {
      &quot;friends_names.name&quot;: 1,
      &quot;friends_places.saved_at&quot;: 1,
    },
  },
]);
</code></pre>
<p>Data returned:</p>
<pre><code>[
  {
    _id: 5f2d9ec5053d4a754d6790e8,
    friends_names: { name: 'Bob' },
    friends_places: { saved_at: 2020-08-17T13:40:28.334Z }
  },
  {
    _id: 5f2d9ec5053d4a754d6790e8,
    friends_names: { name: 'Natalie' },
    friends_places: { saved_at: 2020-08-17T13:40:28.334Z }
  }
]
</code></pre>
",Thers most likely something wrong with your input string.try to get it before passing it in the deserializer.,"Embed Field: How to get array of objects from current collection and data from another collection in same query<p>I have a users collection. Each user can have multiple friends whose _id values are stored in an array in their user document.</p>
<p>I want to render a list which has a user's list of friend names and under each individual name I want to have a location but the locations are in another document because each user can have multiple locations with no limit on the number, like their visited/favourite places.</p>
<p>These are the 2 queries in isolation but I need to somehow combine them.</p>
<p>This is the query which looks at the user ID values in the user's array of friends and then gets the relevant user info based on the ID.</p>
<pre><code>friends = await User.findOne({ _id: userId })
  .populate(&quot;friends&quot;, &quot;name mobile&quot;, null, { sort: { name: 1 } })
  .exec();
</code></pre>
<p>Then, to get the places for a particular user:</p>
<pre><code>const place = await Place.find({ creator: userId });
</code></pre>
<p>So, I basically want to list the friends in a loop, each with their places under their name like:</p>
<pre><code>Joe Soap
 - London Bridge
 - Eiffel Tower

Bob Builder
 - Marienplatz
</code></pre>
<p>The data in mongoDb look like this:</p>
<p><strong>Users:</strong></p>
<pre><code>{
    &quot;_id&quot;: {
        &quot;$oid&quot;: &quot;5f2d9ec5053d4a754d6790e8&quot;
    },
    &quot;friends&quot;: [{
        &quot;$oid&quot;: &quot;5f2da51e053e4a754d5790ec&quot;
    }, {
        &quot;$oid&quot;: &quot;5f2da52e053d4a754d6790ed&quot;
    }],
    &quot;name&quot;: &quot;Bob&quot;,
    &quot;email&quot;: &quot;bob@gmail.com&quot;,
    &quot;created_at&quot;: {
        &quot;$date&quot;: &quot;2020-08-07T18:34:45.781Z&quot;
    }
}
</code></pre>
<p><strong>Places:</strong></p>
<pre><code>{
    &quot;_id&quot;: {
        &quot;$oid&quot;: &quot;5f3695d79864bd6c7c94e38a&quot;
    },
    &quot;location&quot;: {
        &quot;latitude&quot;: -12.345678,
        &quot;longitude&quot;: 12.345678
    },
    &quot;creator&quot;: {
        &quot;$oid&quot;: &quot;5f2da51e053e4a754d5790ec&quot;
    },
}
</code></pre>
<p>The first join is basically getting data from the array inside the same user collection. The second one is getting data from another collection, places.</p>
<p><strong>UPDATE: almost working</strong></p>
<pre><code>friends = await User.aggregate([
  { $match: { _id: new mongoose.Types.ObjectId(userId) } },
  {
    $lookup: {
      from: &quot;users&quot;,
      localField: &quot;friends&quot;,
      foreignField: &quot;_id&quot;,
      as: &quot;friends_names&quot;,
    },
  },
  { $unwind: &quot;$friends_names&quot; },
  {
    $lookup: {
      from: &quot;places&quot;,
      localField: &quot;friends&quot;,
      foreignField: &quot;creator&quot;,
      as: &quot;friends_places&quot;,
    },
  },
  { $unwind: &quot;$friends_places&quot; },
  {
    $project: {
      &quot;friends_names.name&quot;: 1,
      &quot;friends_places.saved_at&quot;: 1,
    },
  },
]);
</code></pre>
<p>Data returned:</p>
<pre><code>[
  {
    _id: 5f2d9ec5053d4a754d6790e8,
    friends_names: { name: 'Bob' },
    friends_places: { saved_at: 2020-08-17T13:40:28.334Z }
  },
  {
    _id: 5f2d9ec5053d4a754d6790e8,
    friends_names: { name: 'Natalie' },
    friends_places: { saved_at: 2020-08-17T13:40:28.334Z }
  }
]
</code></pre>; Answer: Thers most likely something wrong with your input string.try to get it before passing it in the deserializer.","[-0.011941417120397091, 0.012999259866774082, 0.008862823247909546, -0.0166678037494421, -0.04068625718355179, 0.027069924399256706, 0.0014113045763224363, -0.019407344982028008, -0.028561754152178764, -0.04285619407892227, 0.011554897762835026, -0.0060317376628518105, 0.00020925875287503004, -0.017291659489274025, -0.007384555879980326, 0.004370382055640221, 0.004112702794373035, -0.02100767195224762, -0.005546893458813429, -0.030351947993040085, -0.014877608977258205, 0.02353021875023842, 0.00409574992954731, -0.00884248036891222, -0.03610227257013321, 0.008917071856558323, 0.022662246599793434, -0.016491496935486794, -0.0009052692330442369, 0.004763682838529348, 0.010063068009912968, 0.006106329150497913, -0.001125653157941997, -0.04670782387256622, -0.030351947993040085, -0.03097580559551716, -0.006564049515873194, -0.031409792602062225, 0.03271175175905228, 0.01551502663642168, 0.007886352948844433, -0.02510342188179493, -0.0230555459856987, -0.029022864997386932, -0.024533813819289207, 0.03379672020673752, 0.0021597621962428093, -0.020695744082331657, -0.012653426267206669, 0.0003880028089042753, 0.017562901601195335, 0.023652277886867523, -0.032142143696546555, -0.010456368327140808, -0.013100975193083286, -0.010259718634188175, 0.012592396698892117, 0.021129731088876724, 0.010476711206138134, 0.022146886214613914, 0.02019394561648369, 0.009547708556056023, -0.00847630389034748, -0.0007098904461599886, -0.02690717950463295, -0.008510208688676357, -0.006642031483352184, -0.0037431358359754086, 0.01946159452199936, -0.021346723660826683, 0.011188721284270287, 0.007276059128344059, -0.013399341143667698, -0.0013011125847697258, 0.025998519733548164, -0.02127891406416893, 0.005404491443186998, 0.0014257143484428525, 0.011507430113852024, -0.004177122376859188, 0.005021362565457821, -0.04429377242922783, -0.02201126515865326, 0.02975521795451641, -0.001207025721669197, 0.03686175122857094, 0.006204654462635517, 0.0461382158100605, 0.01635587587952614, -0.003916052170097828, -0.014633490703999996, 0.013955386355519295, 0.0025089860428124666, -0.010083410888910294, 0.012158410623669624, 0.01719672605395317, -0.028534628450870514, 0.035505540668964386, -0.01845799945294857, 0.008184718899428844, -0.027802277356386185, 0.012436432763934135, -0.03222351521253586, -0.022960612550377846, -0.02867024950683117, -3.6739478673553094e-05, 0.015040353871881962, -0.00922221876680851, 0.02152303047478199, -0.005685904528945684, -0.0009917275747284293, 0.012592396698892117, 0.010700485669076443, 0.0015426872996613383, -0.013955386355519295, -0.012890762649476528, -0.0019614167977124453, -0.04757579788565636, -0.03697024658322334, -0.008157595060765743, 0.008116908371448517, 0.004204246681183577, 0.010870012454688549, -0.016491496935486794, 0.022730056196451187, -0.005041705444455147, -0.0023648887872695923, 0.00033735690522007644, -0.009825731627643108, -0.011175159364938736, 0.045731354504823685, 0.019298847764730453, 0.012124504894018173, 0.024682996794581413, -0.023245416581630707, 0.0007043808582238853, -0.012999259866774082, -0.007554082199931145, -0.01867499202489853, -0.025022048503160477, 0.02331322617828846, 0.007140438538044691, 0.00317183299921453, -0.0017901953542605042, -0.03992678225040436, 0.024411754682660103, 0.006648812908679247, -0.021211102604866028, 0.007154000457376242, -0.0032040427904576063, 0.025957832112908363, 0.006587783340364695, 0.0020919519010931253, 0.010571646504104137, -0.011839700862765312, -0.00961551908403635, -0.0037770410999655724, 0.007092970889061689, 0.0066725462675094604, 0.0013858756283298135, 0.01871567964553833, 0.004207637161016464, -0.014375811442732811, 0.0009112026891671121, 0.021916331723332405, 0.029646720737218857, -0.008089784532785416, -0.00596392760053277, -0.005689295008778572, -0.012294030748307705, 0.007154000457376242, 0.03301011770963669, -0.0179426409304142, 0.025198355317115784, 0.011968540959060192, -0.02788364887237549, 0.008930633775889874, 0.020153259858489037, -0.04456501454114914, -0.018580058589577675, -0.021061919629573822, 0.006445381324738264, 0.00327015807852149, 0.04017090052366257, -0.01036143396049738, -0.029348354786634445, 0.005234965123236179, -0.01712891459465027, -0.00860514398664236, 0.010964946821331978, 0.008232186548411846, 0.0024869474582374096, 0.012551710940897465, -0.022607997059822083, -0.6015056371688843, 0.011107348836958408, 0.029863713309168816, -0.027042800560593605, -0.009764702059328556, -0.014687739312648773, -0.018091822043061256, 0.005156983155757189, -0.010313966311514378, 0.038055215030908585, -0.01641012355685234, 0.010422463528811932, -0.0006598802283406258, -0.008164376020431519, 0.0015850687632337213, 0.007242153864353895, 0.024777932092547417, -0.03740423545241356, 0.008869604207575321, 0.011948198080062866, -0.020844927057623863, 0.03157253563404083, 0.027029238641262054, 0.0009646033868193626, -0.021848520264029503, -0.004211027640849352, -0.013094194233417511, -0.02456093765795231, -0.008245748467743397, 0.029592471197247505, -0.04046926647424698, 0.024411754682660103, 0.008578019216656685, 0.0030955462716519833, 0.053407493978738785, -0.004716215655207634, -0.02281142957508564, 0.019610777497291565, -0.013419684022665024, 0.03564116358757019, -0.005014581140130758, -0.01763071119785309, 0.018824175000190735, -0.008415274322032928, 0.002122466452419758, -0.0019495498854666948, 0.02788364887237549, 0.014226628467440605, 0.005624875426292419, -0.018851300701498985, 0.008706859312951565, 0.006347056478261948, -0.01306707039475441, 0.019095417112112045, 0.00950702279806137, -0.009683329612016678, 0.012104162015020847, -0.00048060642438940704, 0.02635113336145878, 0.008923852816224098, 0.006882758811116219, -0.0007120094960555434, -0.025795087218284607, 0.005279041826725006, -0.011676955968141556, 0.014430060051381588, 0.025767963379621506, 0.004543298855423927, 0.00487896054983139, -0.012070256285369396, 0.01946159452199936, 0.009242561645805836, -0.012483900412917137, 0.004668748006224632, 0.006170749198645353, 0.015053915791213512, 0.03428495302796364, -0.02051943726837635, -0.025686591863632202, 0.007669359911233187, 0.03604802489280701, -0.006628469564020634, -0.034230705350637436, -0.0008175395196303725, 0.004600937943905592, -0.0052756513468921185, -0.03900456055998802, -0.004862007685005665, 0.031165674328804016, 0.002785313408821821, -0.00563843734562397, 0.022852115333080292, 0.0026412163861095905, -0.000936631578952074, 0.0021394190844148397, 0.021943455561995506, 0.002176714828237891, 0.015528588555753231, 0.013657020404934883, -0.03203364834189415, -0.019570089876651764, -0.015298033133149147, -0.007750732358545065, 0.0031006319914013147, 0.03260325640439987, 0.01874280348420143, -0.01867499202489853, 0.011704080738127232, 0.009113721549510956, -0.029104236513376236, -0.026513878256082535, 0.0032108239829540253, -0.014714863151311874, -0.011303998529911041, -0.016545744612812996, -0.037783972918987274, 0.007838886231184006, 0.0016638984670862556, 0.022702932357788086, 0.006428428925573826, 0.014185941778123379, 0.02508985996246338, 0.02716485783457756, -0.020844927057623863, 0.0024208324030041695, 0.008754326961934566, -0.002497119130566716, -0.011866825632750988, 0.001611345331184566, 0.015216660685837269, -0.0035702192690223455, -0.008076222613453865, 0.021400971338152885, -0.021333161741495132, -0.0042279805056750774, -0.008455961011350155, 0.0045093935914337635, -0.011683736927807331, 0.03027057647705078, -0.020031200721859932, 0.0230555459856987, 0.013928262516856194, 0.03387809172272682, -0.016979731619358063, 0.0006649660645052791, -0.01230759359896183, -0.032440509647130966, -0.0006319084786809981, -0.034963056445121765, -0.02460162341594696, -0.02713773399591446, -0.014172379858791828, -0.005353633314371109, 0.01010375376790762, -0.009934227913618088, 0.002827694872394204, -0.009703672491014004, -0.0065369256772100925, -0.006991255562752485, -0.02640538103878498, -0.0005268022650852799, 0.031192798167467117, -0.009086597710847855, 0.0009349363390356302, 0.0005891031469218433, -0.037539854645729065, -0.011805796064436436, -0.0073031834326684475, 0.013304406777024269, -0.005516378674656153, 0.001356208580546081, -0.005570626817643642, -0.028209138661623, 0.007913477718830109, -0.021984141319990158, 0.01977352239191532, -0.033715344965457916, -0.0010476711904630065, 0.0011231102980673313, -0.02357090637087822, -0.00404150178655982, 0.015582837164402008, 0.011948198080062866, -0.0034464651253074408, 0.0004649252805393189, 0.004502612631767988, 0.027314040809869766, 0.0047501204535365105, -0.011609145440161228, 0.052431024610996246, 0.015365843661129475, 0.01116837840527296, -0.027314040809869766, -0.004424630664288998, -0.0028480379842221737, 0.004414459224790335, 0.01844443753361702, 0.0076490165665745735, 0.0013782470487058163, 0.004217808600515127, 0.01611175760626793, 0.018864862620830536, 0.03542416915297508, -0.011582021601498127, 0.010802201926708221, -0.0385163240134716, -0.018512247130274773, -0.01204991340637207, 0.04763004556298256, 0.005679123569279909, 0.007255716249346733, -0.03027057647705078, 0.008923852816224098, -0.007893133908510208, -0.004200856201350689, 0.04223233461380005, 0.004790807142853737, 0.003946566954255104, -0.0179019533097744, 0.019041169434785843, -0.019814208149909973, 0.00616057775914669, 0.014606366865336895, 0.008978101424872875, -0.02609345316886902, -0.006079205311834812, 0.0010205470025539398, -0.009669767692685127, -0.006526753772050142, -0.020153259858489037, 0.0256459042429924, 0.010693704709410667, 0.02129247598350048, 0.01919035241007805, 0.01369770709425211, -0.009534146636724472, 0.024411754682660103, -0.008306778036057949, 0.026744434610009193, -0.020872050896286964, -0.010090191848576069, 0.04250357672572136, 0.011704080738127232, -0.014687739312648773, 0.027612406760454178, 0.0028073517605662346, 0.012009227648377419, 0.014782673679292202, 0.011019195429980755, 0.028046393766999245, -0.023448847234249115, 0.022919924929738045, 0.0007798199658282101, -0.005563845857977867, -0.001208720961585641, -0.011493868194520473, 0.015745582059025764, 0.015175973996520042, 0.011012413538992405, 0.015799829736351967, -0.008096565492451191, -0.030406197533011436, 0.029863713309168816, -0.014511432498693466, 0.009846074506640434, 0.0102325938642025, -0.01974639669060707, -0.013955386355519295, -0.023123357445001602, -0.01818675734102726, 0.008686516433954239, -0.014538556337356567, -0.017888391390442848, -0.013941824436187744, 0.006357227917760611, -0.002407270250841975, 0.008327120915055275, 0.004583985079079866, 0.019068293273448944, 0.028127767145633698, -0.03222351521253586, 0.02000407688319683, -0.011019195429980755, 0.0230284221470356, -0.0051603736355900764, -0.00871364027261734, -0.019895579665899277, 0.02867024950683117, 0.03409508615732193, -0.00506204878911376, 0.011093786917626858, 0.010856449604034424, 0.01474198792129755, -0.013053507544100285, -0.00654031615704298, 0.017603587359189987, 0.021929893642663956, 0.0017783285584300756, 0.017020417377352715, 0.008632267825305462, -0.0031531851273030043, 0.03252188116312027, -0.01588120311498642, -0.0053807576186954975, 0.05403134971857071, -0.0012358451494947076, 0.011324342340230942, -0.03526142239570618, 0.011446400545537472, -0.002598834689706564, -0.03127416968345642, -0.013833328150212765, -0.026012081652879715, 0.021468782797455788, -0.007974506355822086, -0.018146071583032608, -0.0358310304582119, 0.010090191848576069, 0.023475971072912216, -0.0052756513468921185, 0.004597546998411417, -0.026852929964661598, -0.03604802489280701, 0.03352547809481621, 0.03252188116312027, 0.030433321371674538, -0.02201126515865326, 0.002481861738488078, 0.0032345575746148825, -0.004841664806008339, -0.007262497209012508, -0.022730056196451187, 0.004072016570717096, 0.01695260778069496, -0.027558159083127975, -0.01692548394203186, 0.014172379858791828, -0.0010909002739936113, 0.027761589735746384, -0.009086597710847855, -0.008401712402701378, -0.02050587348639965, 0.0060724238865077496, -0.013487494550645351, -0.019570089876651764, 0.0009112026891671121, 0.023475971072912216, 0.02077711559832096, 0.02152303047478199, 0.0243303831666708, 0.009256123565137386, 0.00013381964527070522, 0.0009807083988562226, -0.042150963097810745, -0.001264664577320218, 0.014633490703999996, 0.02386927232146263, 0.0004941684892401099, -0.004024548921734095, 0.06347056478261948, 0.022892801091074944, 0.007988069206476212, 0.023665839806199074, 0.013073851354420185, -0.002168238628655672, 0.029809465631842613, -0.007208248600363731, -0.001866482081823051, 0.019651463255286217, -0.006404695101082325, -0.02254018746316433, -0.004845055285841227, 0.019325973466038704, 0.029131360352039337, -0.008496646769344807, -0.005570626817643642, -0.016328752040863037, -0.020153259858489037, 0.020668620243668556, -0.01771208457648754, 0.015460778027772903, -0.032955870032310486, -0.022201135754585266, -0.024276133626699448, -0.016247378662228584, -0.016084633767604828, 0.024208324030041695, 0.008401712402701378, -0.016979731619358063, -0.03903168439865112, -0.025930708274245262, 0.018241005018353462, 0.0017681570025160909, 0.014416497200727463, -0.013846890069544315, -0.0032209954224526882, -0.007126876153051853, 0.012538149021565914, 0.024981362745165825, 0.018078260123729706, 0.0032921964302659035, 0.0096290810033679, 0.014945418573915958, -0.012239783070981503, -0.026812244206666946, -0.026486754417419434, -0.004309352952986956, 0.0065979547798633575, -0.04038789123296738, 0.0027751419693231583, 0.014389373362064362, -0.0031769187189638615, -0.00397708173841238, 0.023760775104165077, 0.024303259328007698, 0.0037092305719852448, -0.003212519222870469, -0.0134468087926507, 0.01767139881849289, 0.02720554545521736, 0.00021413262584246695, 0.02994508668780327, -0.0057910108007490635, -0.0011977017857134342, 0.02229606918990612, -0.00029412773437798023, -0.021740024909377098, 0.008822137489914894, -0.0013214558130130172, -0.010368214920163155, 0.0071336571127176285, 0.024940676987171173, -0.0017901953542605042, -0.011453181505203247, -0.021455220878124237, -0.014416497200727463, 5.358613270800561e-05, 0.0058961170725524426, 0.0023733649868518114, -0.018010450527071953, -0.00387875665910542, 0.012090600095689297, -0.0020665228366851807, -0.003224385902285576, 0.014145256020128727, -0.0359666533768177, 0.045188870280981064, -0.0008281348855234683, -0.01474198792129755, 0.006113110110163689, -0.0042686667293310165, -0.01870211772620678, 0.011737985536456108, -0.004061844665557146, 0.001142605789937079, 0.026079891249537468, -0.0083203399553895, -0.0057808393612504005, -0.02738185226917267, 0.01566420868039131, 0.014877608977258205, 0.0025784915778785944, 0.008978101424872875, 0.006747137755155563, -0.000995118054561317, -0.018118947744369507, -0.01868855394423008, -0.03634639084339142, -0.002529329154640436, -0.031111424788832664, -0.014118131250143051, 0.016464373096823692, 0.012273687869310379, 0.03458331897854805, 0.010395338758826256, 0.010151221416890621, -0.01103953830897808, -0.015094601549208164, -0.03469181805849075, -0.01745440438389778, -0.012850076891481876, 0.0012561882613226771, 0.03713299334049225, 0.006865805946290493, 0.03021632879972458, -0.013521400280296803, 0.023204728960990906, -0.013867232948541641, -0.005462130066007376, 0.012266906909644604, 0.014877608977258205, -0.021319599822163582, -0.004845055285841227, 0.009154408238828182, 0.028371883556246758, 0.021400971338152885, 0.013399341143667698, 0.007004817482084036, -0.0028243043925613165, 0.06048690527677536, -0.03767547383904457, 0.0044754883274436, -0.0026361304335296154, -0.038055215030908585, -0.010178345255553722, 0.013216253370046616, -0.014999667182564735, -0.015569275245070457, -0.025767963379621506, 0.017345909029245377, 0.005041705444455147, 0.022201135754585266, 0.014172379858791828, -0.010320747271180153, 0.016260940581560135, -0.01179901510477066, 0.009622300043702126, -0.018878424540162086, -0.0027276745531708, -0.015826955437660217, -0.010259718634188175, -0.018390187993645668, -0.024221885949373245, -0.014945418573915958, -3.1044462957652286e-05, 0.0044754883274436, 0.002968401648104191, 0.00999525748193264, -0.013887575827538967, 0.02641894295811653, -0.01436224952340126, 0.008686516433954239, 0.001101919449865818, -0.008937414735555649, 0.0006340275285765529, -0.01688479818403721, -0.010456368327140808, -0.013412903062999249, -0.007384555879980326, 0.01716960035264492, 0.001389266224578023, 0.013629896566271782, -0.034474823623895645, -0.005645218305289745, 0.00042127229971811175, -0.024425316601991653, 0.013256939128041267, 0.02411338873207569, 0.02279786765575409, 0.009201875887811184, -0.006360618397593498, -0.016857672482728958, -0.011222626082599163, 0.040360767394304276, 0.00985285546630621, 0.028643125668168068, 0.02768021821975708, -0.024276133626699448, -0.059076447039842606, 0.011744766496121883, -0.019122540950775146, 0.011053100228309631, -0.03759410232305527, 0.040360767394304276, -0.002129247644916177, -0.008435617201030254, -0.012063475325703621, 0.02637825720012188, -0.030894432216882706, -0.00193937832955271, -0.006170749198645353, 0.0022597825154662132, -0.007011598441749811, -0.0019614167977124453, -0.04996272549033165, 0.02540178783237934, -0.004390725400298834, 0.032386261969804764, 0.012436432763934135, 0.002763275057077408, -0.031653910875320435, -0.014674177393317223, 0.02310979552567005, 0.03873331844806671, 0.018390187993645668, 0.021170416846871376, -0.03691599890589714, 0.006821729242801666, 0.01064623799175024, 0.01154811680316925, -0.019000481814146042, 0.009649423882365227, 0.01643724925816059, 0.03124704584479332, -0.020817801356315613, -0.007221810985356569, -0.006923445034772158, 0.011771890334784985, 0.01613888330757618, -0.0013087412808090448, -0.007933820597827435, -0.02127891406416893, 0.009262904524803162, -0.0051502021960914135, 0.0332542359828949, 0.008625486865639687, 0.005373976659029722, 0.00012746242282446474, -0.0037668694276362658, -0.003973691258579493, -0.008978101424872875, 0.0017054323107004166, -0.004570423159748316, -0.027463223785161972, -0.013277282007038593, -0.004939990118145943, 0.01973283477127552, 0.020451625809073448, -0.01382654719054699, -0.005753715056926012, 0.016708489507436752, 0.014118131250143051, -0.02104835771024227, 0.0023208120837807655, -0.016491496935486794, 0.009303591214120388, -0.02686649188399315, -0.00935105886310339, 0.01714247651398182, -0.0003723216359503567, -0.004139826633036137, -0.01485048420727253, -0.03219639137387276, 0.010924260132014751, 0.0038923188112676144, -0.005123077891767025, -0.01996339112520218, -0.02896861545741558, 0.006065642926841974, -0.01382654719054699, 0.008998444303870201, -0.03767547383904457, -0.03816371038556099, 0.023258978500962257, -0.006455553229898214, 0.006675936747342348, -0.010578427463769913, 0.011073443107306957, 0.004204246681183577, -0.019556527957320213, 0.029782341793179512, 0.009337496012449265, -0.0018461389699950814, -0.010971727780997753, 0.013996073044836521, 0.009825731627643108, -0.004939990118145943, -0.008523771539330482, -0.03507155552506447, -0.02457449957728386, -0.012904324568808079, 0.023245416581630707, 0.002291992539539933, -0.007011598441749811, 0.01891911029815674, 0.036563385277986526, 0.0034498556051403284, 0.02537466399371624, -0.014891170896589756, -0.02434394508600235, -0.0205329991877079, -0.03859769552946091, -0.010219031944870949, -0.00010044420196209103, -0.02385571040213108, 0.03791959211230278, 0.01687123440206051, -0.01445718389004469, -0.012829733081161976, 0.007445585448294878, -0.04795553535223007, -0.025022048503160477, -0.002293687779456377, 0.007852448150515556, 0.04589410126209259, 0.01192107331007719, -0.021712899208068848, 0.03564116358757019, -0.0038007746916264296, 0.024655872955918312, -0.042395081371068954, 0.008903509937226772, 0.015732020139694214, -0.009323934093117714, 0.005628265906125307, -0.009242561645805836, -0.03697024658322334, -0.019556527957320213, -0.013182347640395164, 0.012022789567708969, 0.03398658707737923, 0.02226894535124302, -0.004848445765674114, -0.01474198792129755, -0.009276467375457287, -0.001676612882874906, -0.016274502500891685, -0.025957832112908363, 0.02693430334329605, -0.005807963199913502, -0.007140438538044691, 0.010917479172348976, -0.0061910925433039665, 0.017318783327937126, -2.406475687166676e-05, 0.022879239171743393, 0.0115142110735178, 0.02715129591524601, -0.002103818580508232, -0.003502408741042018, -0.010639457032084465, -0.025984957814216614, 0.028507504612207413, 0.001930902013555169, 0.026473192498087883, 0.045460112392902374, 0.007547300774604082, 0.0243575070053339, -0.008096565492451191, 0.029104236513376236, 0.00013710421626456082, -0.020627932623028755, 0.0010714047821238637, -0.0166949275881052, 0.019163228571414948, -0.023706527426838875, 0.016030386090278625, -0.02565946616232395, 0.007364213000983, 0.004587375558912754, -0.002417441923171282, -0.014592804946005344, -0.005231574643403292, 0.005689295008778572, -0.005407881923019886, -0.023191167041659355, 0.009052692912518978, -0.020587246865034103, -0.02590358443558216, -0.008876385167241096, 0.0036719348281621933, -0.013426464982330799, -0.002902286360040307, 0.04171697795391083, -0.013141661882400513, -0.046762071549892426, 0.031165674328804016, 0.021943455561995506, 0.009262904524803162, -0.009249342605471611, 0.19930842518806458, -0.002227572724223137, 0.0006382656865753233, 0.009595176205039024, -0.021414533257484436, -0.001619821647182107, -0.009452774189412594, 0.001660507870838046, -0.021862082183361053, 0.016599994152784348, -0.022133324295282364, 0.0014664005720987916, -0.0018766536377370358, -0.006862415466457605, 0.006774262059479952, 0.01010375376790762, -0.040849003940820694, -0.027585282921791077, -0.0044585359282791615, -0.013453589752316475, 0.03103005327284336, 0.016003262251615524, -0.0036041243001818657, -0.02456093765795231, 0.01116159651428461, -0.02408626489341259, 0.027286916971206665, 0.005485863890498877, -0.0032498149666935205, 0.020844927057623863, 0.008272872306406498, -0.020709306001663208, 0.012843295931816101, 0.00616057775914669, -0.029158486053347588, 0.0023038594517856836, 0.013534962199628353, 0.0015189537080004811, 0.0070726280100643635, 0.030867308378219604, -0.008978101424872875, -0.03200652450323105, 0.007065847050398588, 0.0083203399553895, -0.01295179221779108, -0.02487286552786827, -0.008869604207575321, -0.005234965123236179, 0.0012748361332342029, 0.04277481883764267, -0.029917962849140167, -0.022119762375950813, 0.02514410763978958, 0.018891986459493637, -0.018118947744369507, 0.0031328420154750347, 0.03748560696840286, 0.015460778027772903, -0.01843087561428547, 0.01921747624874115, -0.0053163375705480576, 0.027829401195049286, 0.02894149161875248, 0.02102123387157917, -0.01551502663642168, 0.011215845122933388, -0.0016181264072656631, -0.008374588564038277, 0.020099012181162834, 0.010456368327140808, 0.010225812904536724, 0.002827694872394204, 0.012761923484504223, -0.0010536045301705599, 0.003532923525199294, -0.019814208149909973, 0.02999933436512947, 0.008557676337659359, 0.005289213731884956, 0.028073517605662346, -0.03127416968345642, -0.02251306362450123, -0.01036143396049738, 0.016274502500891685, -0.024520251899957657, -0.007866010069847107, -0.0035668285563588142, -0.01765783689916134, -0.0409846231341362, -0.014063883572816849, -0.014958981424570084, 0.010944603942334652, -0.0014816579641774297, -0.0023699745070189238, -0.02155015431344509, 0.0024479564744979143, -0.00518071698024869, 0.017725646495819092, -0.010429244488477707, -0.01050383597612381, -0.03135554492473602, 0.028751622885465622, 0.026446068659424782, -0.004434802103787661, -0.034718941897153854, 0.005946974735707045, 0.010917479172348976, 0.009893542155623436, 0.012212658300995827, -0.009690110571682453, -0.014375811442732811, -0.04516174644231796, -0.014036758802831173, -0.019000481814146042, 0.007818542420864105, 0.02155015431344509, 0.01567777246236801, -0.0035125804133713245, 0.01901404559612274, -0.008544114418327808, -0.004149998538196087, -0.036563385277986526, 0.009913885034620762, 0.012171972543001175, -0.007886352948844433, -0.015596399083733559, -0.03485456109046936, 0.004841664806008339, 0.014769111759960651, -0.01371126901358366, 0.031626783311367035, 0.004360210616141558, -0.0015977832954376936, 0.002868381328880787, -0.008008412085473537, 0.014986105263233185, -0.01586764119565487, -0.03425782918930054, -0.003222690662369132, -0.0008569543133489788, 0.02051943726837635, -0.03146404027938843, 0.020858488976955414, -0.008889947086572647, -0.0007014141301624477, -0.012395747005939484, -0.0030684219673275948, -0.009595176205039024, -0.005204450339078903, -0.024303259328007698, -0.012409308925271034, -0.0026530830655246973, 0.009249342605471611, -0.021156854927539825, 0.004977285396307707, -0.02717842161655426, 0.01692548394203186, -0.044185277074575424, 0.011954979039728642, 0.0012477119453251362, -0.012382185086607933, 0.01230759359896183, 0.0048043690621852875, 0.002310640411451459, -0.01100563257932663, -0.01741371862590313, -0.17012280225753784, 0.041906844824552536, 0.024126950651407242, -0.03206077218055725, -0.009513803757727146, 0.009669767692685127, 0.006106329150497913, -0.0062521216459572315, -0.01385367102921009, -0.015772705897688866, 0.02252662554383278, -0.01485048420727253, -0.03759410232305527, -0.012314374558627605, -0.01448430772870779, 0.013575647957623005, 0.004899303428828716, 0.01179901510477066, 0.039818283170461655, 0.029592471197247505, 0.0281820148229599, -0.035478416830301285, 0.020180383697152138, -0.029158486053347588, 0.0035464854445308447, 0.022730056196451187, 0.016193130984902382, 0.00775751331821084, -0.0039330050349235535, 0.004346648696810007, -0.005106125492602587, -0.0060859862715005875, 0.0410117469727993, -0.007899914868175983, 0.006679327227175236, 0.00020777540339622647, 0.009005225263535976, -0.010063068009912968, -0.0038855376187711954, 0.014375811442732811, 0.021604403853416443, -0.0058011822402477264, -0.01895979605615139, 0.03775684908032417, 0.0102325938642025, 0.024655872955918312, 0.010408900678157806, -0.005746934097260237, 0.02233675681054592, -0.00974435918033123, 0.02024819515645504, -0.04000815376639366, 0.0014265619684010744, 0.018580058589577675, 0.0008489018073305488, 0.029348354786634445, 0.01919035241007805, 0.00029603490838781, -0.020316004753112793, -0.026283323764801025, -0.0018681773217394948, -0.017318783327937126, -0.019678587093949318, -0.02514410763978958, -0.023245416581630707, 0.008388150483369827, -0.028100643306970596, 0.013480713590979576, -0.03409508615732193, -0.0009730797028169036, -0.0035668285563588142, 0.03260325640439987, 0.02228250727057457, 0.012721236795186996, 0.008917071856558323, 0.012205877341330051, -0.021617965772747993, 0.024004893377423286, 0.020112574100494385, 0.02103479579091072, -0.007777856197208166, 0.031192798167467117, -0.011575240641832352, 0.05302775651216507, -0.010497055016458035, -0.020288880914449692, -0.001692717894911766, 0.0032345575746148825, -0.019041169434785843, 0.0065979547798633575, 0.028073517605662346, -0.04440227150917053, -0.004377163480967283, 0.001290941028855741, 0.015040353871881962, 0.015311595052480698, 0.02152303047478199, 0.012294030748307705, 0.013338311575353146, -0.009398525580763817, 0.0024021845310926437, -0.015270909294486046, -0.019637901335954666, 0.007777856197208166, 0.03941142186522484, -0.0026954645290970802, 0.012124504894018173, -0.007804980501532555, 0.04193396866321564, -0.0016715271631255746, -0.0022563920356333256, 0.004282228648662567, -0.0166678037494421, 0.031653910875320435, -0.00423815194517374, 0.022974174469709396, 0.012185534462332726, 0.00847630389034748, 0.020939860492944717, 0.0020410940051078796, 0.03260325640439987, -0.01718316227197647, -0.03048756904900074, 0.004316133912652731, 0.009418868459761143, 0.011588802561163902, -0.10361433774232864, -0.01843087561428547, 0.01643724925816059, 0.018769927322864532, -0.030297700315713882, -0.012755141593515873, -0.00988676119595766, 0.026012081652879715, -0.01893267221748829, 0.0217671487480402, -0.046734947711229324, -0.028073517605662346, 0.010822544805705547, 0.01870211772620678, 0.00215128599666059, 0.009690110571682453, -0.01592188887298107, 0.019108979031443596, -0.00998169556260109, 0.02507629804313183, -0.007465928327292204, -0.02590358443558216, 0.027273355051875114, -0.00455347029492259, -0.006964131258428097, 0.036807503551244736, -0.024181200191378593, 0.0166678037494421, 0.0065369256772100925, 0.009893542155623436, -0.0008044012356549501, -0.01718316227197647, 0.03659050911664963, -0.021658651530742645, -0.012199096381664276, -0.014633490703999996, -0.009452774189412594, -0.010714048519730568, 0.02409982681274414, -0.023692963644862175, -0.0147555498406291, 0.004085578490048647, 0.009798606857657433, -0.007540519814938307, 0.0027276745531708, 0.00442124018445611, -0.03390521556138992, 0.029538223519921303, 0.005360414739698172, -0.05251239612698555, -0.028290512040257454, -0.008367807604372501, -0.01190751139074564, -0.020804239436984062, 0.04592122510075569, 0.0333898551762104, -0.0018190147820860147, -0.006184311117976904, 0.006292807869613171, 0.010558083653450012, -0.04689769446849823, -0.010564865544438362, -0.007208248600363731, 0.007194686681032181, 0.030053582042455673, 0.02354378066956997, -0.008686516433954239, 0.001958026085048914, 0.005211231764405966, 0.009846074506640434, -0.03398658707737923, 0.013955386355519295, -0.043208807706832886, -0.003287110710516572, -0.014389373362064362, -0.0008336444734595716, 0.0027480176649987698, -0.01448430772870779, 0.0036380295641720295, -0.008869604207575321, 0.011839700862765312, 0.004472097847610712, -0.007723608054220676, -0.014552118256688118, 0.033661097288131714, -0.0042144181206822395, 0.030351947993040085, -0.01590832695364952, -0.016844110563397408, -0.06168036907911301, 0.0026937692891806364, 0.012761923484504223, 0.011344685219228268, -0.03941142186522484, -0.008991663344204426, 0.010931041091680527, -0.02565946616232395, -0.000509002071339637, -0.00822540558874607, -0.00659456430003047, -0.006069033406674862, -0.009927446953952312, -0.04041501507163048, 0.042150963097810745, 0.0073031834326684475, -0.007282840088009834, 0.00820506177842617, -0.0024869474582374096, -0.016532182693481445, -0.023231852799654007, 0.029131360352039337, 0.018864862620830536, -0.0042890096083283424, 0.01192785520106554, -0.013941824436187744, -0.007486271671950817, 0.010537740774452686, 0.004085578490048647, 0.015826955437660217, 0.009066254831850529, 0.002022446133196354, 0.013209471479058266, 0.013290844857692719, -0.006506410893052816, 0.013636677525937557, -0.004156779497861862, -0.008808574639260769, 0.015759143978357315, 0.00019400140445213765, 0.0022394394036382437, -0.01280939020216465, -0.0018105384660884738, 0.02051943726837635, -0.024452440440654755, -0.004587375558912754, 0.02537466399371624, 0.03710586950182915, -0.02899574115872383, 0.01971927285194397, 0.031952276825904846, 0.025550970807671547, 0.005848649889230728, -0.013833328150212765, -0.03542416915297508, -0.0004568727745208889, -0.019054731354117393, -0.00947311706840992, -0.016749177128076553, -0.009167970158159733, 0.004665357526391745, 0.013887575827538967, -0.009357839822769165, 0.02565946616232395, 0.016572868451476097, -0.011954979039728642, -0.007967725396156311, -0.030351947993040085, -0.016247378662228584, 0.012639864347875118, 0.012253344990313053, -0.004885741509497166, 0.006513191852718592, 0.04274769499897957, -0.013501056469976902, 0.006655593868345022, -0.0032786342781037092, 0.008238967508077621, -0.03539704531431198, 0.005516378674656153, 0.02051943726837635, 0.01662711799144745, 0.0022987734992057085, -0.004072016570717096, -0.006998036522418261, -0.0034786751493811607, 0.02122466452419758, 0.005468911025673151, -0.0011697299778461456, -0.02536110021173954, -0.0027412367053329945, 0.005299385171383619, 0.009195093996822834, 0.017739208415150642, -0.01872924156486988, -0.01396894920617342, -0.00378043157979846, 0.017535777762532234, 0.006275855470448732, -0.018051136285066605, 0.0140774454921484, 0.006194483023136854, 0.014633490703999996, -0.021373847499489784, 0.021333161741495132, -0.01037499587982893, 0.02129247598350048, 0.00680138636380434, -0.028073517605662346, -0.02641894295811653, -0.035207174718379974, 0.02279786765575409, -0.006269074510782957, -0.006194483023136854, 0.00616057775914669, -0.003943176474422216, -0.0218213964253664, -0.01898691989481449, -0.018769927322864532, -0.0384349524974823, -0.018051136285066605, -0.011059881187975407, 0.023950643837451935, -0.010402119718492031, -0.014728426001966, -0.03097580559551716, 0.0034345982130616903, -0.014131694100797176, 0.006591173820197582, -0.0030853745993226767, -0.016830548644065857, -0.02020750753581524, 0.022092638537287712, 0.01866143010556698, -0.0028887244407087564, 0.017278097569942474, 0.00030429931939579546, 0.0512918084859848, 0.026201950386166573, -0.03124704584479332, -0.014240190386772156, 0.02279786765575409, -0.007852448150515556, 0.013941824436187744, -0.0032345575746148825, -0.0028480379842221737, 0.0019495498854666948, -0.0083474637940526, -0.02103479579091072, 0.005587579682469368, -0.0051400307565927505, -0.023231852799654007, 0.07149931788444519, 0.007276059128344059, 0.0015664210077375174, 0.01738659478724003, -0.009052692912518978, 0.0021851910278201103, 0.005173936020582914, 0.019108979031443596, -0.031653910875320435, -0.026229074224829674, 0.03121992200613022, -0.0061910925433039665, -0.015379405580461025, -0.010280061513185501, -0.0049094753339886665, -0.01179901510477066, -0.0005280737532302737, 0.018241005018353462, -0.01636943779885769, -0.011080224066972733, -0.011866825632750988, -0.009751140139997005, 0.024805055931210518, 0.004255104344338179, -0.0005768124829046428, 0.01639656163752079, 0.008266091346740723, -0.003083679359406233, -0.026310447603464127, -0.020912736654281616, 0.003624467644840479, 0.022919924929738045, -0.02587646059691906, -0.008442399092018604, -0.015216660685837269, -0.019285285845398903, 0.007771075237542391, 0.001930902013555169, 0.02743609994649887, 0.007391336839646101, 0.00999525748193264, 0.020438063889741898, -0.02614770270884037, -0.01714247651398182, -0.004516174551099539, -0.004658576566725969, 0.013575647957623005, -0.009574832394719124, -0.03618364408612251]","[-0.014950353652238846, 0.006427469663321972, 0.012861507944762707, -0.023161225020885468, -0.03662705048918724, 0.022399256005883217, 0.0055768233723938465, -0.015108002349734306, -0.0266294963657856, -0.050946809351444244, 0.013380435295403004, -0.006115456577390432, 0.0006617961917072535, -0.018458036705851555, -0.0012390203773975372, 0.008302832953631878, -3.294611815363169e-05, -0.02573615312576294, 0.005281232297420502, -0.026957930997014046, -0.009176469407975674, 0.007337233982980251, 0.008112340234220028, -0.0039445022121071815, -0.03392075002193451, -0.0010271798819303513, 0.022570041939616203, -0.016842138022184372, 0.013610339723527431, -0.0031431212555617094, 0.012073264457285404, 0.001954187173396349, -0.0107004065066576, -0.046453822404146194, -0.02101982943713665, -0.02882344089448452, -0.011193059384822845, -0.022241607308387756, 0.025473404675722122, 0.013268766924738884, 0.0008506462327204645, -0.027562251314520836, -0.023384559899568558, -0.029401486739516258, -0.01560722291469574, 0.03139837086200714, 0.004187543876469135, -0.014556231908500195, -0.004341908264905214, -0.003317191731184721, 0.011370413936674595, 0.018050778657197952, -0.045113809406757355, -0.013229355216026306, -0.01907549425959587, -0.014700743369758129, 0.008453912101686, 0.022990437224507332, 0.0045225475914776325, 0.022372981533408165, 0.02716812863945961, 0.01755155809223652, -0.008611560799181461, 0.004397742450237274, -0.035339586436748505, -0.00926843099296093, -0.011101096868515015, -0.010161773301661015, 0.027246953919529915, -0.015357612632215023, 0.02598576433956623, 0.011613455601036549, -0.007140173111110926, -0.0009614929440431297, 0.024606337770819664, -0.013702301308512688, -0.003034737892448902, 0.0019623981788754463, -0.004302496090531349, -0.008302832953631878, 0.007494882680475712, -0.04711069166660309, -0.014424857683479786, 0.03292230889201164, 0.013091412372887135, 0.0359964556992054, 0.014070148579776287, 0.0555448979139328, 0.015147414058446884, -0.018497450277209282, -0.012467386201024055, 0.022412393242120743, -0.0033089809585362673, -0.0161195807158947, 0.006962818559259176, 0.014674467965960503, -0.03029482811689377, 0.027667349204421043, -0.024199077859520912, 0.0029657664708793163, -0.01761724427342415, 0.010634719394147396, -0.04894992709159851, -0.013597201555967331, -0.03187131509184837, -0.0005809190915897489, 0.004079160746186972, -0.009859614074230194, 0.02513183280825615, -0.009925300255417824, -0.004072592128068209, 0.01630350574851036, 0.0142540717497468, 0.00017858644423540682, -0.008946564979851246, -0.02155846171081066, -0.011311295442283154, -0.03560233488678932, -0.028140297159552574, -0.006614677608013153, 0.0070547801442444324, 0.008204301819205284, 0.0028902264311909676, -0.0022547051776200533, 0.020205311477184296, -0.011081391014158726, -0.00923558697104454, -0.005317359697073698, -0.00909107644110918, -0.01062158215790987, 0.04190828278660774, 0.01364975143224001, 0.00420396588742733, 0.0300320815294981, -0.01974550262093544, -0.012060127221047878, -0.00480171712115407, -0.004808285739272833, -0.018484313040971756, -0.02423848956823349, 0.0202578604221344, 0.0012833591317757964, 0.005580107681453228, -0.0014467553701251745, -0.03783569112420082, 0.035654883831739426, 0.00261105690151453, -0.022727690637111664, 0.0023417402990162373, -0.0009770935866981745, 0.010595307685434818, 0.0031266994774341583, 0.0053502032533288, 0.011081391014158726, -0.0034124378580600023, -0.018523724749684334, -0.01036540325731039, -0.0009475345141254365, 0.010043537244200706, -0.010214323177933693, 0.0022497784812003374, 0.0027621369808912277, -0.006956249941140413, 0.0012964964844286442, 0.011935321614146233, 0.03142464533448219, 0.000728714803699404, -0.00720586022362113, -0.0005681922775693238, -0.008703523315489292, 0.002238283399492502, 0.02569674141705036, -0.015778008848428726, 0.02461947500705719, 0.009025389328598976, -0.03239681199193001, 0.005038190167397261, 0.016999786719679832, -0.033815648406744, -0.01891784556210041, -0.011258745566010475, 0.019088631495833397, -0.003351677441969514, 0.02388378046452999, -0.004443723242729902, -0.030426202341914177, 0.0018408772302791476, -0.010516483336687088, -0.006811738479882479, 0.006542421877384186, -0.004157985094934702, -0.0010099371429532766, 0.01081207487732172, -0.027194403111934662, -0.6091546416282654, 0.009222449734807014, 0.014083285816013813, -0.031030522659420967, -0.010260304436087608, -0.00655227480456233, -0.008604992181062698, 0.008007241412997246, -0.0107004065066576, 0.04083101823925972, -0.012795820832252502, 0.021282577887177467, 0.004768873564898968, -0.004798432812094688, -0.003964208532124758, -0.004942944273352623, 0.020231585949659348, -0.024724574759602547, 0.011941890232264996, -0.0013219502288848162, -0.027562251314520836, 0.0251581072807312, 0.02010021172463894, -0.004887110088020563, -0.014385445974767208, 0.002246494172140956, -2.8584094252437353e-05, -0.019981974735856056, 0.006752619985491037, 0.03076777420938015, -0.0360490083694458, 0.019259419292211533, 0.009301274083554745, -0.007856161333620548, 0.05078916251659393, 0.0001902869262266904, -0.016539977863430977, 0.027089305222034454, -0.00461779348552227, 0.025683604180812836, -0.010509914718568325, -0.011882771737873554, 0.02609086222946644, -0.009774220176041126, 0.0031595430336892605, -0.005067749414592981, 0.03633803129196167, 0.016999786719679832, 0.0028606674168258905, -0.01831352524459362, 0.01098942942917347, -0.0025913508143275976, -0.018523724749684334, 0.010726681910455227, 0.0070416429080069065, -0.015370749868452549, 0.003855824936181307, -0.001298138638958335, 0.025617916136980057, 0.011239039711654186, 0.018458036705851555, -0.014845253899693489, -0.0251581072807312, 0.0016651646001264453, -0.011698848567903042, 0.03252818435430527, 0.035050563514232635, 0.009531178511679173, 0.004089013673365116, -0.017906267195940018, 0.019443342462182045, 0.00035388852120377123, -0.004226956050843, 0.006910268682986498, 0.010930310934782028, 0.009688827209174633, 0.037310197949409485, -0.01717057265341282, -0.014661330729722977, 0.0057377563789486885, 0.03373682498931885, 0.0004700723511632532, -0.036837249994277954, -0.00501520000398159, 0.010240597650408745, -0.003694891929626465, -0.04408909007906914, -0.005438880994915962, 0.03707372397184372, 0.010752956382930279, -0.008427637629210949, 0.025486543774604797, 0.006286242511123419, -0.003373025683686137, 0.006437322590500116, 0.02442241460084915, -0.0027457152027636766, 0.012060127221047878, 0.006335508078336716, -0.033868201076984406, -0.021124929189682007, -0.02006080001592636, -0.012592191807925701, 0.0006285421550273895, 0.02394946850836277, 0.01284837070852518, -0.0240151546895504, 0.012296600267291069, 0.008197733201086521, -0.028035197407007217, -0.020533746108412743, -0.006348645314574242, -0.004561959765851498, -0.00246818782761693, -0.014148972928524017, -0.03302740678191185, 0.021164340898394585, -0.0041054352186620235, 0.007002230733633041, -0.0033483931329101324, 0.021584736183285713, 0.016855275258421898, 0.03181876614689827, -0.01343955285847187, 0.007843024097383022, 0.0032744952477514744, -0.002927996451035142, -0.011955027468502522, 0.010325990617275238, 0.010536189191043377, -0.007606550585478544, -0.019535303115844727, 0.006851150654256344, -0.020533746108412743, 0.0024320599623024464, -0.020402371883392334, -0.010844917967915535, -0.0031299840193241835, 0.02602517604827881, -0.02835049480199814, 0.022793376818299294, 0.011173352599143982, 0.02350279688835144, -0.014989765360951424, -0.0006773968343622983, -0.0037277352530509233, -0.020625706762075424, 0.005448733922094107, -0.0405157208442688, -0.026471847668290138, -0.027588525786995888, -0.009031957946717739, -0.007698512636125088, 0.0073700775392353535, -0.004210534505546093, 0.014516819268465042, -0.01598820835351944, 0.004325486719608307, -0.011554337106645107, -0.025880664587020874, -0.0074226269498467445, 0.0255390927195549, -0.000679038988891989, -0.010220891796052456, -0.01297974493354559, -0.03302740678191185, -0.007534294854849577, 0.0018375929212197661, 0.014240934513509274, -0.010739819146692753, -0.00652271555736661, -0.0030626547522842884, -0.01996883749961853, 0.018366076052188873, -0.004548822529613972, 0.014227797277271748, -0.023594757542014122, -0.0025026733055710793, 0.001680765300989151, -0.01923314295709133, 0.0013203080743551254, 0.016158994287252426, 0.01770920678973198, -0.004085729364305735, 0.007455470506101847, 0.006870856508612633, 0.037152547389268875, -0.002484609605744481, -0.03315877914428711, 0.054388806223869324, 0.012119244784116745, 0.00877577904611826, -0.019062357023358345, -0.01412269752472639, 0.011041979305446148, 0.00817145872861147, 0.01904921978712082, 0.004128425847738981, 0.020809629932045937, -0.0028491721022874117, 0.018077053129673004, 0.02242553047835827, 0.028166571632027626, -0.007974397391080856, 0.011475512757897377, -0.0398063026368618, -0.012066695839166641, -0.012546210549771786, 0.043327122926712036, -0.0007336413254961371, 0.012073264457285404, -0.038045890629291534, 0.010858055204153061, -0.0033697413746267557, 0.0071073295548558235, 0.03886041045188904, 0.011547768488526344, 0.010010693222284317, -0.02229415625333786, 0.02372613176703453, -0.0067591886036098, 0.00952460989356041, 0.01981118880212307, 0.007856161333620548, -0.024383001029491425, -0.01761724427342415, 0.0006018568528816104, -0.007862729951739311, -0.0004889573319815099, -0.010509914718568325, 0.014385445974767208, 0.01159374974668026, 0.006292811129242182, 0.015160552226006985, 0.013531515374779701, -0.0008235503337346017, 0.018904708325862885, -0.016198405995965004, 0.013209648430347443, -0.02222847007215023, -0.011797378771007061, 0.0337630994617939, 0.0055833919905126095, -0.02149277552962303, 0.027588525786995888, 0.000999263022094965, 0.017301946878433228, 0.013767988421022892, 0.013242492452263832, 0.025407718494534492, -0.022254744544625282, 0.018458036705851555, -0.005337066017091274, -0.012835233472287655, 0.002783485222607851, -0.025933213531970978, 0.007232135161757469, 0.003350035287439823, 0.015475849620997906, 0.01636919192969799, -0.0034682718105614185, -0.027982648462057114, 0.028035197407007217, -0.023016713559627533, 0.004358330275863409, 0.011344139464199543, -0.01929883100092411, -0.013820537365972996, -0.029191287234425545, -0.011935321614146233, 0.016408603638410568, -0.009649415500462055, -0.009688827209174633, -0.005356771871447563, 0.01261189766228199, 0.0002186144411098212, 0.00480171712115407, -0.0007997388020157814, 0.017722344025969505, 0.021794935688376427, -0.03286975622177124, 0.01732822135090828, -0.01652684062719345, 0.0300058051943779, -0.003849256318062544, -0.011521494016051292, -0.02032354660332203, 0.02276710234582424, 0.03166111931204796, -0.0033188338857144117, 0.008020378649234772, -0.0003296664508525282, 0.014109560288488865, -0.005626088473945856, -0.017078611999750137, 0.006604824215173721, 0.02108551561832428, 0.0036554797552525997, 0.0172888096421957, 0.010398246347904205, 0.014976628124713898, 0.025079283863306046, -0.02302985079586506, -0.00772478710860014, 0.05449390783905983, -0.003632489126175642, 0.022110233083367348, -0.036863524466753006, 0.017748618498444557, -0.011580612510442734, -0.03150346875190735, -0.015725459903478622, -0.014608780853450298, 0.026261648163199425, 0.0007549895672127604, -0.016487428918480873, -0.03728392347693443, 0.004115288611501455, 0.025013595819473267, -0.004699902608990669, 0.00978078879415989, -0.02433045208454132, -0.033263880759477615, 0.02806147187948227, 0.02602517604827881, 0.017209984362125397, -0.03633803129196167, 0.0012661162763834, -0.009130488149821758, -0.003602930111810565, -0.005231966730207205, -0.007225566077977419, 0.005025052931159735, 0.02835049480199814, -0.015147414058446884, -0.00832910742610693, 0.013078275136649609, 6.891999510116875e-05, 0.022780239582061768, -0.010851486586034298, -0.008164890110492706, -0.01965354010462761, -0.01923314295709133, -0.016553115099668503, -0.006079328712075949, -0.0009803780121728778, 0.033579178154468536, 0.0255390927195549, 0.02197885885834694, 0.030058356001973152, 0.01914118230342865, -0.0034617031924426556, -0.002824539551511407, -0.05349546670913696, -0.008985976688563824, 0.014346033334732056, 0.008802053518593311, 0.0016011197585612535, 0.014109560288488865, 0.053968410938978195, 0.021729247644543648, 0.012736702337861061, 0.012513367459177971, 0.013584064319729805, 0.0012028925120830536, 0.03126699477434158, -0.0032350830733776093, -0.017682930454611778, 0.02369985729455948, -0.001342477393336594, -0.012802389450371265, -0.005869130603969097, 0.01585683412849903, 0.022412393242120743, -0.009314412251114845, -0.00799410417675972, -0.00892028957605362, -0.02012648619711399, 0.024356726557016373, -0.012927195057272911, 0.012099538929760456, -0.042249858379364014, -0.024356726557016373, -0.031030522659420967, -0.007797042839229107, -0.016093306243419647, 0.02048119530081749, 0.009064801037311554, -0.007783905602991581, -0.04248632863163948, -0.03126699477434158, 0.018707647919654846, -0.005258241668343544, 0.012329443357884884, -0.010325990617275238, -0.000784959236625582, 0.002175880828872323, 0.019916288554668427, 0.03347407653927803, 0.02745715156197548, 0.002548654330894351, 0.01773548126220703, 0.0018605833174660802, 0.007396352477371693, -0.02974305860698223, -0.022924751043319702, -0.016789589077234268, 0.006532568950206041, -0.032948583364486694, -0.012585622258484364, 0.021098652854561806, -0.004755736328661442, -0.002359804231673479, 0.03200269117951393, 0.022937888279557228, -0.0009688827558420599, 0.006565412040799856, -0.015291925519704819, 0.015239376574754715, 0.02821912057697773, 0.008480187505483627, 0.034892916679382324, -0.004394458141177893, 0.00021019829728174955, 0.026905382052063942, 0.00856558047235012, -0.012822096236050129, 0.008723229169845581, -0.014201521873474121, -0.015791146084666252, 0.0073635089211165905, 0.018260976299643517, -0.013143962249159813, -0.01567291095852852, -0.012066695839166641, -0.018050778657197952, 0.005071033723652363, 0.01343955285847187, -0.008460481651127338, -0.0180245041847229, -0.0006010357174091041, 0.021361401304602623, -0.002525663934648037, -0.008000672794878483, 0.013938774354755878, -0.024790260940790176, 0.047058142721652985, -0.002481325063854456, -0.02942776121199131, 0.008026947267353535, -0.009202743880450726, -0.01956157758831978, 0.010687269270420074, -0.0009721671231091022, -0.003202239517122507, 0.02866579219698906, -0.01464819349348545, -0.0013120971852913499, -0.023174362257122993, 0.028639517724514008, 0.014135834760963917, 0.0039050900377333164, 0.009373529814183712, 0.00869695469737053, -0.00613187812268734, -0.013754850253462791, -0.01748587004840374, -0.02531575597822666, 0.0001700676657492295, -0.03213406354188919, -0.013111118227243423, 0.0036784701514989138, 0.008572149090468884, 0.03181876614689827, 0.020560020580887794, 0.011035410687327385, -0.012716996483504772, -0.016395466402173042, -0.028560692444443703, -0.008480187505483627, -0.0043616145849227905, -0.00035470962757244706, 0.03179249167442322, 0.012001008726656437, 0.024566926062107086, -0.009353823959827423, 0.02155846171081066, -0.014595643617212772, -0.005166280083358288, 0.010371971875429153, 0.017590969800949097, -0.008447343483567238, -0.015239376574754715, 0.014398583211004734, 0.030820325016975403, 0.02305612526834011, -0.006332223303616047, 0.006838012952357531, -0.007613119203597307, 0.06227124482393265, -0.032659560441970825, -0.0030035364907234907, -0.003885383950546384, -0.03794079273939133, -0.014135834760963917, 0.008401363156735897, -0.005323928780853748, -0.00804008450359106, -0.034472521394491196, 0.012112676165997982, 0.006401194725185633, 0.020468058064579964, 0.02133512683212757, -0.01456936914473772, 0.011186490766704082, -0.014017598703503609, 0.0017505576834082603, -0.014582506380975246, 0.0005837929202243686, -0.011390119791030884, 0.0016060463385656476, -0.028324220329523087, -0.02006080001592636, -0.028114020824432373, -0.0022612737957388163, 0.00916990078985691, 0.016487428918480873, 0.006545706186443567, -0.010082948952913284, 0.025867527350783348, -0.015213101170957088, 0.0076262569054961205, 0.00540603743866086, 0.004867404233664274, 0.009866182692348957, -0.012217775918543339, -0.011041979305446148, -0.005277947522699833, 0.0011708701495081186, 0.01636919192969799, -0.000562855217140168, 0.01777489297091961, -0.03029482811689377, -0.015567811205983162, -0.0024878939148038626, -0.02111179009079933, 0.017761755734682083, 0.013143962249159813, 0.03329015523195267, -0.008000672794878483, -0.005951239261776209, -0.0101289302110672, -0.007094192318618298, 0.02347652241587639, 0.006962818559259176, 0.02343710884451866, 0.037441570311784744, -0.02251749113202095, -0.05896062031388283, 0.008939996361732483, -0.007659100461751223, 0.01192875299602747, -0.040016498416662216, 0.022688278928399086, -0.0031365526374429464, -0.011337569914758205, -0.011711985804140568, 0.022819651290774345, -0.030216004699468613, -0.00783645547926426, -0.003455134341493249, -0.004795148503035307, -0.0036554797552525997, -0.0015337906079366803, -0.05060523748397827, 0.02394946850836277, -0.0010353907709941268, 0.03420977294445038, 0.005507851950824261, 0.008086065761744976, -0.012894351035356522, -0.009380098432302475, 0.015291925519704819, 0.031161896884441376, 0.006588402669876814, 0.01866823621094227, -0.04232868179678917, -0.010417953133583069, 0.004295927472412586, 0.0056852069683372974, -0.0232794601470232, 0.008710091933608055, 0.02054688334465027, 0.0270367544144392, -0.014608780853450298, -0.010470502078533173, -0.00738978385925293, 0.010509914718568325, 0.023515934124588966, 0.00498564075678587, -0.0038229813799262047, -0.012585622258484364, 0.009800495579838753, 0.002366372849792242, 0.029086189344525337, 0.013262198306620121, 0.001217672135680914, -0.008132046088576317, -0.0038919528014957905, -0.006857719272375107, -0.014201521873474121, 0.006292811129242182, -0.0076196882873773575, -0.020941004157066345, -0.005970945116132498, 0.005231966730207205, 0.01672390103340149, 0.013084843754768372, -0.007081055082380772, -0.0006420901045203209, 0.015594085678458214, 0.014306621626019478, -0.023752406239509583, 0.0217817984521389, -0.0063158017583191395, 0.0005591603112407029, -0.03271210938692093, -0.004762304946780205, 0.01477956771850586, 0.0036160675808787346, -0.0052549573592841625, -0.019758639857172966, -0.036548227071762085, 0.009544315747916698, 0.019535303115844727, -0.006831444334238768, -0.007777336984872818, -0.02341083437204361, 0.014910941012203693, -0.014280346222221851, 0.002594635123386979, -0.036101557314395905, -0.04248632863163948, 0.019377654418349266, -0.004033179488033056, 0.00284588779322803, -0.010864623822271824, 0.008788916282355785, 0.014437994919717312, -0.03018973022699356, 0.04161925986409187, 0.01636919192969799, -0.0026718173176050186, -0.03200269117951393, 0.010043537244200706, 0.010234029032289982, 0.0012012503575533628, -0.007343802601099014, -0.02092786692082882, -0.0236604455858469, -0.008276557549834251, 0.02974305860698223, 0.013715438544750214, 0.0010887614917010069, 0.007179585285484791, 0.03016345575451851, 0.009025389328598976, 0.030505027621984482, -0.01449054479598999, -0.021834347397089005, -0.0036226361989974976, -0.03331642970442772, -0.019995111972093582, -0.0024090695660561323, -0.017315084114670753, 0.040594544261693954, 0.00916990078985691, -0.012565916404128075, -0.008618130348622799, 0.004079160746186972, -0.036837249994277954, -0.02531575597822666, -0.010312853381037712, 0.004706471227109432, 0.039569828659296036, 0.012572485022246838, -0.023292597383260727, 0.023686720058321953, -0.005491430405527353, 0.022083958610892296, -0.04340594634413719, 0.011567474342882633, 0.01943020522594452, -0.02016589790582657, 0.011133940890431404, -0.007212428841739893, -0.03972747549414635, -0.01630350574851036, -0.01929883100092411, -0.0010723397135734558, 0.033815648406744, 0.02325318567454815, -0.004992209374904633, -0.00017417309572920203, -0.016631940379738808, -0.0028852999676018953, -0.020809629932045937, -0.015502124093472958, 0.026734596118330956, -0.003556949319317937, -0.014240934513509274, 0.021295715123414993, 0.0028212552424520254, 0.00923558697104454, -0.009518041275441647, 0.011258745566010475, 0.016421740874648094, 0.029059913009405136, -0.003960924223065376, -0.0043550459668040276, -0.008861172012984753, -0.01569918543100357, 0.02701047994196415, -0.0018983533373102546, 0.030820325016975403, 0.03691607341170311, 0.0071073295548558235, 0.02012648619711399, -0.0004450292035471648, 0.033999573439359665, -0.002164385514333844, -0.016907824203372, 0.007514589000493288, -0.005044758785516024, 0.0314771942794323, -0.021584736183285713, 0.009307842701673508, -0.027877548709511757, 0.008092634379863739, 3.158619438181631e-05, 0.00018802893464453518, -0.013478965498507023, -0.013662888668477535, 0.01245424896478653, -0.01140325702726841, -0.016448017209768295, 0.005888836458325386, -0.02274082787334919, -0.021006692200899124, -0.009590297006070614, -0.003123415168374777, -0.02264886535704136, -0.006384773179888725, 0.02958540990948677, -0.007856161333620548, -0.050684064626693726, 0.01688154973089695, 0.01726253516972065, 0.02251749113202095, -0.008394794538617134, 0.20893710851669312, 0.0047787269577383995, -0.002131541958078742, -0.000713524641469121, -0.018116464838385582, 0.0046900492161512375, -0.011915615759789944, 0.0007200933760032058, -0.013820537365972996, 0.024606337770819664, -0.03749411925673485, 0.008618130348622799, 0.010877761989831924, -0.004805001430213451, -0.003246578387916088, 0.0044207326136529446, -0.03418349847197533, -0.032790932804346085, -0.008946564979851246, -0.00621727155521512, 0.02095414139330387, 0.02063884399831295, 0.0007352834800258279, -0.023292597383260727, 0.00952460989356041, -0.015160552226006985, 0.0292963869869709, 0.009596865624189377, -0.0016963658854365349, 0.016999786719679832, 0.011941890232264996, -0.009813632816076279, 0.00021840915724169463, 0.011843360029160976, -0.018839022144675255, -0.004604656249284744, 0.020520608872175217, -0.006374920252710581, 0.015751734375953674, 0.01364975143224001, -0.025920076295733452, -0.0224912166595459, 0.004286074545234442, 0.02092786692082882, -0.010227460414171219, -0.012841802090406418, -0.009531178511679173, -0.0013482249341905117, 0.01668448932468891, 0.04193456098437309, -0.04443066567182541, -0.01956157758831978, 0.01563349738717079, 0.006026779301464558, -0.022333567962050438, 0.008841465227305889, 0.04067336767911911, 0.027798723429441452, -0.027956372126936913, 0.0262747872620821, -0.011757967062294483, 0.02493477240204811, 0.029401486739516258, 0.022438667714595795, -0.005231966730207205, 0.012638172134757042, 0.006414332427084446, -0.01853686198592186, 0.02274082787334919, 0.011974734254181385, 0.0157648716121912, -0.0008949849288910627, 0.022031407803297043, 0.007632825523614883, 0.014148972928524017, -0.012513367459177971, 0.03210778906941414, 0.016553115099668503, 0.002336813835427165, 0.019784914329648018, -0.01517368946224451, -0.015199963934719563, 0.001947618555277586, 0.025473404675722122, -0.02569674141705036, 0.0004281969158910215, -0.0052483887411653996, -0.02079649269580841, -0.035024289041757584, -0.010752956382930279, -0.016237817704677582, 0.0041941129602491856, -0.005905258469283581, -0.008808622136712074, -0.003317191731184721, 0.02394946850836277, -0.008572149090468884, 0.017669793218374252, -0.011140509508550167, -0.015029178000986576, -0.028586966916918755, 0.02824539504945278, 0.024606337770819664, -0.0018441615393385291, -0.025263207033276558, -0.018865296617150307, 0.010450796224176884, 0.005852708593010902, -0.0008933427161537111, -0.0035996458027511835, -0.009465491399168968, -0.035812534391880035, -0.017748618498444557, -0.01936451718211174, -0.0018113180994987488, 0.03449879586696625, 0.014884666539728642, -0.0025289482437074184, 0.01286807656288147, -0.009807064197957516, 0.0005304222577251494, -0.04006905108690262, 0.0034846935886889696, 0.007081055082380772, -0.0005821507656946778, -0.006838012952357531, -0.027798723429441452, -0.0005673711420968175, 0.01208640169352293, -0.025946350768208504, 0.03838746249675751, 0.0009311127359978855, -0.0026373316068202257, 0.015791146084666252, -0.008401363156735897, 0.003162827342748642, -0.012290031649172306, -0.03510311618447304, -0.004604656249284744, -0.01242140494287014, 0.023515934124588966, -0.010647857561707497, 0.014963490888476372, -0.01265787798911333, 0.0032416516914963722, -0.013925637118518353, -0.009097645059227943, -0.012960038147866726, -0.0033467509783804417, -0.024882223457098007, -0.01208640169352293, -0.007560569792985916, 0.0066442363895475864, -0.02079649269580841, 0.017209984362125397, -0.02334514819085598, 0.024737711995840073, -0.04485106095671654, 0.01949589140713215, 0.01122590247541666, -0.009386667050421238, 0.005120298825204372, 0.00987275131046772, 0.011488649994134903, -0.008164890110492706, -0.013032293878495693, -0.16279858350753784, 0.032055240124464035, 0.03397329896688461, -0.027667349204421043, -0.015331338159739971, 0.011666005477309227, -3.7667370634153485e-05, 0.0024944625329226255, -0.006145015824586153, -0.022977299988269806, 0.016986649483442307, -0.00909107644110918, -0.029059913009405136, -0.011501788161695004, -0.016763314604759216, 0.007133604492992163, 0.0031201308593153954, 0.0064833033829927444, 0.04104121774435043, 0.027588525786995888, 0.029033638536930084, -0.033079955726861954, 0.021124929189682007, -0.030426202341914177, 0.007770767901092768, 0.014582506380975246, 0.00997128151357174, -0.0002867646689992398, 0.0013474038569256663, 0.00043107071542181075, -0.007409489713609219, -0.006013641599565744, 0.03704744949936867, -0.016894686967134476, 0.004512694664299488, 0.009866182692348957, -0.0005345277022570372, 0.00035819923505187035, -0.010923742316663265, 0.019403928890824318, 0.01337386667728424, -0.004640784114599228, -0.009215881116688251, 0.03389447554945946, -0.003292559180408716, 0.0359964556992054, 0.008815190754830837, -0.009196175262331963, 0.020849043503403664, -0.004660490434616804, 0.022464942187070847, -0.0352344885468483, 0.00738978385925293, 0.014188384637236595, -0.004709755536168814, 0.016132717952132225, 0.017512144520878792, -0.003133268328383565, -0.00885460339486599, -0.019627265632152557, 0.007488314062356949, -0.011186490766704082, -0.011646298691630363, -0.01433289609849453, -0.02204454503953457, 0.002515810774639249, -0.036259204149246216, 0.007540863938629627, -0.042407505214214325, -0.007554001174867153, -0.009432648308575153, 0.040305521339178085, 0.025407718494534492, 0.0033418245147913694, 0.00783645547926426, 0.025263207033276558, -0.01967981457710266, 0.02137453854084015, 0.03725764900445938, 0.028114020824432373, 0.002474756445735693, 0.024961046874523163, -0.0018852159846574068, 0.05047386512160301, -0.012795820832252502, -0.02267513982951641, -0.0019706089515239, -0.003790138056501746, -0.047504812479019165, 0.003957639914005995, 0.034288596361875534, -0.03888668492436409, -0.011061685159802437, -0.0020773503929376602, 0.0014007745776325464, 0.00823057722300291, 0.028192846104502678, 0.006328938994556665, 0.020783355459570885, -0.019469616934657097, 0.0010624866699799895, -0.005747609306126833, -0.031030522659420967, 0.0006991556729190052, 0.039990223944187164, -0.00780361145734787, 0.015935657545924187, -0.0031841755844652653, 0.036232929676771164, -0.009583728387951851, 0.003011747496202588, 0.0019673246424645185, -0.008125477470457554, 0.028770891949534416, -0.005688491277396679, 0.01761724427342415, 0.013597201555967331, 0.006752619985491037, 0.02990070730447769, 0.006654089782387018, 0.03780941665172577, 0.00031735014636069536, -0.03407839685678482, 0.0043550459668040276, 0.014805842190980911, 0.018839022144675255, -0.10772662609815598, -0.01598820835351944, 0.02079649269580841, 0.02455378882586956, -0.03886041045188904, -0.010917173698544502, -0.010555895045399666, 0.027273228392004967, -0.026774007827043533, 0.018576273694634438, -0.03770431876182556, -0.02869206666946411, 0.011041979305446148, 0.005002062302082777, 0.02260945364832878, 0.010017262771725655, -0.02050747163593769, -0.0004918311606161296, -0.004893679171800613, 0.02477712370455265, -0.005829718429595232, -0.02041550911962986, 0.02866579219698906, -0.004118572920560837, -0.0082502830773592, 0.025276344269514084, -0.024987321346998215, 0.019995111972093582, -0.0026373316068202257, 0.016579389572143555, -0.0027916959952563047, -0.016185268759727478, 0.03392075002193451, -0.0314771942794323, -0.013833674602210522, -0.01773548126220703, -0.021295715123414993, -0.008723229169845581, 0.0255390927195549, -0.010588739067316055, -0.013465828262269497, -0.0008917005616240203, 0.01184992864727974, -0.009931868873536587, 0.006227124482393265, 0.0008678890299052, -0.018260976299643517, 0.024737711995840073, -0.003625920508056879, -0.04322202503681183, -0.01717057265341282, -0.0172888096421957, -0.005938101559877396, -0.031004248186945915, 0.05433625727891922, 0.023581620305776596, 0.005300938151776791, 0.0026340472977608442, -0.0025322325527668, 0.0114361010491848, -0.041067492216825485, -0.013341022655367851, -0.005041474476456642, 0.016960375010967255, 0.03105679713189602, 0.022110233083367348, -0.01898353360593319, 0.0003914532717317343, 0.0007800327148288488, -0.0003212503215763718, -0.02659008465707302, 0.011291589587926865, -0.040752194821834564, -0.011061685159802437, -0.01824783906340599, 0.006831444334238768, 0.01159374974668026, -0.016158994287252426, 0.01151492539793253, -0.016618803143501282, 0.009183038026094437, 0.004230240825563669, -0.01967981457710266, -0.007875867187976837, 0.033395253121852875, -0.01477956771850586, 0.03423604741692543, -0.011271883733570576, -0.02325318567454815, -0.06468852609395981, 0.008907152339816093, 0.005097308661788702, 0.01380740012973547, -0.03770431876182556, -0.005701628513634205, 0.0058855521492660046, -0.023542208597064018, -0.002524021780118346, -0.003911658655852079, -0.015620360150933266, -0.017459595575928688, -0.008749503642320633, -0.04335339739918709, 0.033815648406744, 0.021321989595890045, -0.0008280663168989122, 0.005599814001470804, -0.0012521578464657068, -0.01253307331353426, -0.027562251314520836, 0.033263880759477615, 0.014083285816013813, -0.010995998047292233, 0.011416394263505936, -0.021138066425919533, -0.012473954819142818, 0.014227797277271748, 0.007895573042333126, 0.02124316431581974, -0.0017374202143400908, -0.002366372849792242, 0.011968165636062622, 0.021164340898394585, -0.007705081254243851, 0.024566926062107086, -0.015410162508487701, -0.003087287303060293, 0.016710763797163963, 0.0032088083680719137, 0.009294705465435982, -0.010174911469221115, -0.0010731607908383012, 0.022937888279557228, -0.016999786719679832, 0.002149605890735984, 0.028744615614414215, 0.034288596361875534, -0.03720509633421898, 0.019128045067191124, 0.021032966673374176, 0.025276344269514084, -0.00446014478802681, -0.02388378046452999, -0.040909841656684875, -0.0016627013683319092, -0.015252513810992241, -0.007475176826119423, -0.007008799351751804, -0.003928080666810274, 0.012467386201024055, 0.0007767483475618064, -0.0030544439796358347, 0.019640402868390083, 0.019062357023358345, -0.014635056257247925, -0.01312425546348095, -0.017722344025969505, -0.01878647319972515, 0.002530590398237109, 0.006627814844250679, -0.005793590564280748, -0.0006039095460437238, 0.03754666820168495, -0.006693501956760883, 0.010963154956698418, -0.001878647250123322, 0.008256851695477962, -0.03484036773443222, 0.0003423933230806142, 0.01329504232853651, 0.020743943750858307, 0.0020888454746454954, -0.0037145980168133974, -0.013597201555967331, -0.010477070696651936, 0.01866823621094227, 0.0005016842042095959, -0.011528062634170055, -0.011606886982917786, 0.005829718429595232, 0.0025864243507385254, 0.013426415622234344, 0.014674467965960503, -0.014503682032227516, -0.01552839856594801, 0.006049769464880228, 0.011363845318555832, 0.00885460339486599, -0.020941004157066345, 0.016934100538492203, -0.00047294615069404244, 0.007987534627318382, -0.017052335664629936, 0.011232471093535423, 0.0029739774763584137, 0.01793254166841507, 0.010995998047292233, -0.016027620062232018, -0.03331642970442772, -0.030531302094459534, 0.012296600267291069, 0.0016676278319209814, -0.011009135283529758, 0.004883825778961182, -0.0008621414308436215, -0.016250954940915108, -0.011974734254181385, -0.011961596086621284, -0.03649567812681198, -0.0176435187458992, -0.023161225020885468, 0.03131954371929169, -0.010844917967915535, -0.0040463171899318695, -0.01878647319972515, 0.007521157618612051, -0.014148972928524017, 0.010023831389844418, -0.0035897926427423954, -0.01501604076474905, -0.02376554347574711, 0.020849043503403664, 0.01757783256471157, 0.0049527972005307674, 0.017525281757116318, 0.0041547007858753204, 0.046585194766521454, 0.042854174971580505, -0.0243698637932539, -0.010562464594841003, 0.017604107037186623, -0.003928080666810274, 0.022123370319604874, -0.0005332960281521082, -0.003586508333683014, -0.00428279023617506, -0.009807064197957516, -0.029506584629416466, 0.01226375624537468, -0.007974397391080856, -0.03200269117951393, 0.07341175526380539, 0.012953469529747963, -0.010437658987939358, 0.018655098974704742, -0.005645794793963432, -0.0006170469569042325, 0.0026751016266644, 0.020047662779688835, -0.03838746249675751, -0.03168739378452301, 0.03244936093688011, 0.0016914394218474627, -0.009137056767940521, -0.011074822396039963, -0.007455470506101847, -0.006190996617078781, -0.012329443357884884, 0.008020378649234772, -0.008874309249222279, -0.01786685548722744, -0.014214659109711647, -0.009137056767940521, 0.008946564979851246, 0.0022103663068264723, -0.006545706186443567, 0.009104213677346706, 0.006240261718630791, -0.0004372288822196424, -0.02535516954958439, -0.03273838385939598, 0.009439216926693916, 0.026038313284516335, -0.023542208597064018, -0.018733922392129898, -0.011777672916650772, -0.025144970044493675, 0.010010693222284317, -0.009222449734807014, 0.025946350768208504, 0.014950353652238846, 0.0056852069683372974, 0.015081727877259254, -0.02028413489460945, -0.007225566077977419, -0.006709923502057791, -0.010503346100449562, 0.013859950006008148, -0.008493324741721153, -0.03770431876182556]","[-0.0006509842933155596, 0.009477972984313965, 0.003634774126112461, -0.006006056908518076, -0.015734581276774406, 0.01846916228532791, -0.01882709190249443, -0.03081057220697403, 0.000834423175547272, -0.018798457458615303, 0.018798457458615303, 0.009678414091467857, -0.001077367807738483, 0.010387114249169827, 0.007752752862870693, -0.0003706807328853756, 0.010494492948055267, -0.0018522852333262563, 0.02512665092945099, -0.04444052651524544, 0.01506167370826006, 0.02207709103822708, -0.0031336727552115917, 3.47862733178772e-05, -0.024153083562850952, 0.008060572668910027, 6.006504554534331e-05, -0.0067899227142333984, -0.017381057143211365, 0.0073876651003956795, 0.011374999769032001, 0.006768446881324053, 0.016020923852920532, -0.028534140437841415, -0.02966519631445408, -0.015977973118424416, 0.02233480103313923, -0.025083700194954872, 0.012742290273308754, -0.02057378739118576, 0.007602422498166561, -0.010508810169994831, 7.606001599924639e-05, -0.024926209822297096, -0.016364537179470062, 0.00695099076256156, 0.003094300627708435, -0.020831497386097908, -0.0003706807328853756, 0.004746145103126764, 0.025169603526592255, 0.020645374432206154, -0.017066078260540962, -0.0026003578677773476, 0.003235682612285018, 0.009707048535346985, 0.01580616645514965, 0.0007923664525151253, 0.007559471298009157, -0.00918447133153677, -0.0023480176459997892, -0.0061671254225075245, -0.00493584806099534, -0.014073788188397884, -0.00602037413045764, -0.005186398513615131, -0.006918777246028185, 0.003922907169908285, 0.00662885420024395, 0.0074234576895833015, 0.002424972364678979, 0.025398677214980125, -0.010723567567765713, 0.018655285239219666, 0.02323678322136402, -0.01616409607231617, -0.02463986724615097, 0.008060572668910027, 0.020716959610581398, 0.0012563324999064207, 0.02766079269349575, -0.0019578742794692516, -0.026085902005434036, -0.011790198273956776, 0.010458700358867645, 0.020387664437294006, -0.005390418227761984, 0.005988160613924265, 0.003412857884541154, -0.02034471370279789, 0.007473567966371775, -0.01011508796364069, 0.01343667320907116, 0.019256606698036194, 0.02222026325762272, -0.018669603392481804, -0.003232103306800127, 0.056094713509082794, 0.004817731212824583, -0.02627202495932579, -0.007269548252224922, -0.000827711948659271, -0.006535792723298073, -0.0061098565347492695, -0.015548457391560078, 0.0005100495181977749, 0.0031784139573574066, -0.0025806718040257692, 0.000312964606564492, 0.007652532774955034, -0.006428414024412632, 0.024553963914513588, 0.032127752900123596, -0.0045385463163256645, 0.00383700430393219, 0.0025914094876497984, 0.009141519665718079, -0.022964756935834885, -0.01470374409109354, -0.013622797094285488, 0.003015556139871478, -0.007559471298009157, 0.034704845398664474, -0.020387664437294006, 0.029249999672174454, -0.008160792291164398, -0.016536343842744827, -0.009155836887657642, -0.015133259817957878, 0.0005274986033327878, 0.06643171608448029, 0.023193832486867905, 0.019342510029673576, 0.009334801696240902, 0.0005623967153951526, 0.030610131099820137, -0.03974449262022972, -0.018454845994710922, -0.01858370006084442, -0.023050660267472267, 0.028748897835612297, 0.007652532774955034, 0.018640968948602676, -0.0065644271671772, 0.020659690722823143, 0.0014898815425112844, 0.007623898331075907, 0.013042951002717018, -0.01301431655883789, -0.023566078394651413, 0.010158039629459381, 0.0025520373601466417, -0.001624105148948729, -0.0027990087401121855, -0.0252411887049675, 0.027488986030220985, 0.00796035211533308, 0.013272025622427464, -0.004531387705355883, 0.013458149507641792, 0.016063876450061798, 0.021719161421060562, 0.0021117841824889183, -0.03221365436911583, 0.018555065616965294, 0.034332599490880966, -0.02929295040667057, 0.002496558241546154, -0.007802863139659166, -0.01826872117817402, -0.011568281799554825, 0.013272025622427464, -0.012914096936583519, 0.011926211416721344, -0.0003460730949882418, 0.0009860957507044077, -0.0013162856921553612, 0.021805064752697945, -0.0131288543343544, 0.0029797630850225687, -0.014617840759456158, 0.026429515331983566, 0.03711013123393059, 0.026644272729754448, -0.02303634211421013, 0.00270057818852365, 0.018182817846536636, -0.014352972619235516, 0.004320208914577961, -0.021418500691652298, 0.04827753081917763, -0.002349807182326913, 0.006639592349529266, -0.0018272300949320197, -0.6065902709960938, -0.03920044004917145, 0.02592841349542141, 0.0018093336839228868, 0.012527532875537872, 0.005433369893580675, 0.015734581276774406, 0.017123347148299217, -0.022120043635368347, 0.03905726596713066, -0.018426211550831795, 0.010279735550284386, -0.015849119052290916, -0.030753303319215775, -0.0005019961390644312, -0.011661343276500702, 0.01640748791396618, -0.03092510998249054, -0.007903083227574825, 0.0381123349070549, -0.007917400449514389, 0.036451540887355804, -0.012856828048825264, 0.008525880984961987, -0.013730175793170929, -0.04071805998682976, 0.009900329634547234, -0.028061673045158386, -0.01372301671653986, -0.004774779547005892, -0.027732377871870995, -0.018397577106952667, -0.001275123911909759, 0.007036894094198942, 0.0513700433075428, -0.03985903039574623, -0.010902532376348972, 0.004728248808532953, 0.001877340255305171, 0.0383700430393219, -0.016092510893940926, -0.0030728247947990894, 0.02847687155008316, 0.03292951360344887, -0.005691078957170248, 0.01395209226757288, 0.008633259683847427, -0.0066145374439656734, -0.0132577084004879, -0.015949338674545288, 0.015075990930199623, -0.023551762104034424, 0.015892069786787033, -0.005594437941908836, 0.033988986164331436, 0.0002691182307898998, 0.03152643144130707, -0.00012628200056497008, 0.022921806201338768, 0.002623623237013817, -0.0159350223839283, 0.02499779686331749, -0.02640088088810444, -0.024854624643921852, -0.005734030622988939, -0.010709250345826149, -0.008504404686391354, -0.014803964644670486, -0.022248897701501846, -0.008031938225030899, 0.007745594251900911, 0.01846916228532791, -0.00824669562280178, 0.0038119491655379534, 0.004549283999949694, 0.0019238711101934314, 0.004384636413305998, 4.2504128941800445e-05, 0.0012250137515366077, 0.021776430308818817, 0.001165955327451229, -0.009792950935661793, -0.03255726769566536, 0.005794878583401442, 0.02091740071773529, -0.00578771997243166, 0.011668501421809196, -0.004585077054798603, 0.0014898815425112844, -0.035306166857481, 0.004674559459090233, -0.006879405118525028, -9.378871618537232e-05, 0.010924008674919605, 0.0056624445132911205, 0.00047559881932102144, -0.02302202582359314, 0.0026397299952805042, 0.02081717923283577, -0.0173381045460701, -0.005734030622988939, 0.028204845264554024, -0.012677863240242004, 0.0036938325501978397, 0.042607929557561874, -0.0012250137515366077, -0.0025556166656315327, 0.009850219823420048, 0.023007707670331, -0.024009911343455315, 0.010358479805290699, 0.0022728522308170795, 0.0011256883153691888, -0.028390968218445778, -7.242479478009045e-05, -0.042035240679979324, -0.010508810169994831, 0.002083149738609791, 0.01928524114191532, -0.00093688047491014, 0.0070404731668531895, 0.009313325397670269, -0.006482103373855352, -0.030381055548787117, 0.021905286237597466, -0.012183920480310917, 0.0029260737355798483, -0.005691078957170248, -0.0038906936533749104, -0.0039587002247571945, -0.019829293712973595, 0.021590307354927063, 0.014159691520035267, -0.029035240411758423, 0.005347466561943293, 0.006908039562404156, 0.02614317089319229, -0.004398953635245562, 0.02080286294221878, 0.01103854551911354, -0.01826872117817402, -0.01954295113682747, -0.0012608066899701953, -0.006295979954302311, 0.00982874445617199, -0.013515418395400047, -0.02184801734983921, -0.010916849598288536, -0.005107653792947531, -0.004420429468154907, -0.0003051348903682083, -0.019499998539686203, -0.019814977422356606, 0.00015715342306066304, -0.014209801331162453, -0.03126871958374977, 0.03358810395002365, -0.024783039465546608, 0.029579294845461845, -0.03650880977511406, -0.011654184199869633, 0.03350220248103142, -0.02150440402328968, 0.006113436073064804, -0.01660792902112007, -0.015562774613499641, 0.006117015145719051, 0.0269592497497797, -0.01639317162334919, -0.015004404820501804, -0.02070264331996441, -0.030753303319215775, -0.012370043434202671, 0.01696585863828659, -0.026085902005434036, 0.04638766497373581, -0.02661563828587532, -0.016994493082165718, 0.008067730814218521, -0.008855176158249378, -0.010451541282236576, 0.03456167131662369, -0.0006438256823457778, -0.01928524114191532, 0.02197687141597271, -0.007140693720430136, -0.016192730516195297, 0.022807268425822258, -0.0025162443052977324, 0.04246475547552109, 0.004012389574199915, 0.015333699993789196, -0.01215528603643179, 0.00900550652295351, -0.006836453452706337, 0.016106827184557915, 0.031125549226999283, 0.03218502178788185, -0.019213655963540077, 0.0011203193571418524, 0.03693832457065582, 0.02429625391960144, 0.013587003573775291, -0.023780835792422295, -0.012591959908604622, -0.017781937494874, -0.007054790388792753, -0.03711013123393059, 0.0065644271671772, 0.014660792425274849, -0.008518721908330917, -0.037711452692747116, -0.018168501555919647, 0.01579185016453266, 0.0173381045460701, 0.03126871958374977, -0.02884911745786667, 0.02104625478386879, -0.002977973548695445, -0.013823237270116806, -0.0016768997302278876, -0.006786343175917864, 0.03461894020438194, -0.0029529184103012085, -0.02080286294221878, 0.021203743293881416, 0.03450440242886543, 0.03965858742594719, 0.014932818710803986, -0.008103524334728718, 0.0064176758751273155, -0.014803964644670486, 0.026787443086504936, 0.005966684781014919, 0.022477973252534866, -0.002838380867615342, 0.035821583122015, 0.00813931692391634, 0.01871255412697792, 0.0015856276731938124, 0.02093171700835228, 0.03158370032906532, 0.025742290541529655, -0.003416437190026045, 0.03172687068581581, 0.015892069786787033, 0.010473017580807209, 0.019242290407419205, -0.02697356790304184, 0.02383810468018055, -0.012248347513377666, 0.012813876383006573, -0.020974669605493546, -0.0077384356409311295, -0.0034146474208682775, 0.004134085960686207, 0.02998017519712448, 0.028548456728458405, 0.024324888363480568, 0.011675660498440266, -0.0022621145471930504, 0.004255781881511211, 0.024238985031843185, -0.004685297142714262, 0.04698898643255234, -0.0034611783921718597, 0.00546558341011405, 0.0053367288783192635, 0.002621833700686693, 0.008647576905786991, -0.008547356352210045, -0.024124449118971825, -0.010909691452980042, -0.015648677945137024, 0.023007707670331, -0.010072136297821999, -0.003173045115545392, 0.011833149008452892, 0.0310396458953619, 0.005873623304069042, -0.029378853738307953, -0.018912995234131813, 0.004162719938904047, 0.00993612315505743, 0.019814977422356606, -0.010988435707986355, -0.007147852331399918, -0.0044061122462153435, 0.014188325963914394, -0.012749449349939823, -0.0036025603767484426, -0.010523127391934395, 0.012112334370613098, -0.012470263987779617, 0.0035810847766697407, 0.011432268656790257, 0.02906387485563755, 0.0011883259285241365, 0.01126762107014656, 0.022964756935834885, 0.0010961591033264995, 0.014574889093637466, -0.016307268291711807, 0.014660792425274849, 0.03315858915448189, 0.021432818844914436, -0.021003304049372673, -0.012305616401135921, 0.002883122069761157, -0.015963654965162277, -0.01370870042592287, 0.008447136729955673, -0.01894162967801094, -0.02047356776893139, -0.034332599490880966, 0.008568832650780678, -0.02323678322136402, 0.023680616170167923, 0.010709250345826149, -0.007452092133462429, -0.0012903359020128846, -0.03473347797989845, 0.013329294510185719, 0.009814427234232426, 0.018769823014736176, 0.03851321339607239, 0.004577918443828821, 0.0035721363965421915, 0.009041299112141132, 0.013071585446596146, -0.009077092632651329, -0.07026872038841248, 0.026357928290963173, -0.024783039465546608, -6.123950151959434e-05, -0.015219162218272686, 0.016249999403953552, 0.007147852331399918, 0.004560021683573723, -0.00024383947311434895, 0.022735681384801865, -0.007881607860326767, 0.017509911209344864, -0.023408589884638786, -0.024854624643921852, 0.013150329701602459, -0.00016543053789064288, 0.02093171700835228, 0.006177863106131554, 0.014567730948328972, -0.0014424559194594622, 0.009256056509912014, 0.030381055548787117, 0.0015444657765328884, -0.013522576540708542, 0.002065253211185336, -0.0014308232348412275, 0.0159350223839283, -0.011525330133736134, 0.05990308150649071, 0.01685132086277008, 0.004466960206627846, 0.016908589750528336, 0.007903083227574825, 0.007394823711365461, 0.008268171921372414, 0.007938876748085022, 0.008303964510560036, -0.005873623304069042, -0.006693281698971987, -0.029135461896657944, 0.011410792358219624, 0.01998678408563137, 0.0006375619559548795, 0.005759085528552532, -0.011604074388742447, -0.03023788519203663, 0.009628303349018097, 0.0022782213054597378, -0.0017252202378585935, -0.00947081483900547, -0.004688876681029797, -0.019600220024585724, 0.0018701816443353891, -0.012634911574423313, -0.006521475501358509, -0.010616188868880272, -0.019557267427444458, -0.029350219294428825, -0.010787995532155037, 0.000800419831648469, 0.013587003573775291, -0.026558369398117065, -0.002818694803863764, -0.01028689369559288, 0.02408149652183056, -0.01590638794004917, 0.0005382364615797997, -0.005189977586269379, -0.005938050337135792, 0.007237334735691547, -0.01826872117817402, 0.01745264232158661, 0.00313904182985425, -0.01168281864374876, -0.02823347970843315, 0.021991189569234848, 0.007681167218834162, 0.007595263887196779, 0.04103303700685501, -0.009313325397670269, -0.012899779714643955, -0.011668501421809196, 0.012520373798906803, 0.007004680577665567, 0.036566078662872314, -0.01204074826091528, -0.03169823810458183, -0.0027131056413054466, -0.0064856824465096, 0.0011963793076574802, 0.018755506724119186, -0.020774228498339653, -0.011196034960448742, -0.010888215154409409, 0.007645374163985252, 0.0009834113297984004, 0.027045153081417084, -0.01696585863828659, 0.018769823014736176, -0.013236233033239841, 0.004377477802336216, 0.005594437941908836, 0.013587003573775291, 0.0005623967153951526, -0.01355121098458767, -0.005594437941908836, 0.0055872793309390545, -0.01417400874197483, 0.008261012844741344, -0.00595594709739089, 0.018898677080869675, 0.007588105276226997, -0.004470539279282093, -0.026887664571404457, -0.05008149519562721, 0.016779735684394836, 0.004144823644310236, 0.018569381907582283, 0.0038942729588598013, 0.014116739854216576, 0.008303964510560036, -0.0037797356490045786, 0.003955121152102947, 0.008833699859678745, 0.01660792902112007, -0.005071861203759909, -0.0318700447678566, -0.03209911659359932, 0.011060021817684174, 0.0048141516745090485, 0.00697604613378644, -0.006897301413118839, -0.01954295113682747, 0.0024392895866185427, -0.004398953635245562, 0.008389867842197418, -0.017008809372782707, -0.0008062362321652472, -0.02579955942928791, -0.004882158245891333, 0.006389041431248188, -0.004996696021407843, 0.02684471197426319, -0.018755506724119186, -0.007058369927108288, -0.0179107915610075, -0.032242290675640106, -0.045757707208395004, -0.03393171727657318, -0.04080396518111229, 0.0053546251729130745, 0.03347356617450714, 0.03000880964100361, 0.042378854006528854, -0.029607929289340973, 0.003905010875314474, 0.008411343209445477, -0.006746971048414707, 0.005454845726490021, 0.0018988159717991948, -0.012119492515921593, -0.027145372703671455, 0.020316079258918762, 0.024224668741226196, -0.010501652024686337, 0.03536343574523926, -0.004792675841599703, 0.0012939152074977756, 0.008504404686391354, 0.0058593060821294785, -0.02047356776893139, 0.012591959908604622, -0.030438324436545372, -0.00042079086415469646, 0.023680616170167923, -0.011532488279044628, 0.005791299510747194, -0.005887940526008606, -0.005823513027280569, 0.03490528464317322, 0.005694658495485783, -0.001507778069935739, 0.017581496387720108, 0.023924008011817932, 0.0018862885190173984, 0.006661068182438612, -0.015763215720653534, 0.02035902999341488, 0.005419052671641111, -0.02463986724615097, 0.010372797027230263, -0.0027542675379663706, 0.02081717923283577, 0.002185159595683217, -0.0007221227861009538, -0.027875550091266632, -0.006682544015347958, -0.017939426004886627, -0.002868805080652237, -0.007165748625993729, 0.005419052671641111, 0.0019202918047085404, -0.01133204810321331, -0.0330154187977314, -0.029922906309366226, -0.02126101218163967, -0.021833699196577072, -0.0012008534977212548, 0.028906386345624924, -0.004957323428243399, 0.005082598887383938, -0.03920044004917145, -0.013343611732125282, -0.00196324335411191, -0.0010165197309106588, 0.011611233465373516, 0.004628028254956007, 0.019113436341285706, 0.0022442180197685957, -0.018855726346373558, -0.034246694296598434, -0.021432818844914436, 0.012219713069498539, -0.0025663545820862055, 0.019814977422356606, -0.006850770674645901, -0.01179735641926527, -0.0397731252014637, 0.024926209822297096, -0.0036598292645066977, -0.02883480116724968, -0.032385461032390594, 0.015376651659607887, -0.020903082564473152, 0.0038155284710228443, -0.015448237769305706, -0.02710242196917534, -0.03719603270292282, 0.03221365436911583, -0.008998347446322441, 0.019557267427444458, -0.0298942718654871, -0.002670154208317399, -0.0046137114986777306, 0.04415418207645416, -0.041691627353429794, 0.03393171727657318, 0.022864537313580513, -0.003412857884541154, -0.018970264121890068, -0.005708975717425346, 0.016436122357845306, 0.010651982389390469, 0.009785792790353298, 0.0017422218807041645, -0.006517896428704262, 0.017738986760377884, -0.017280835658311844, 0.007401982322335243, -0.0216046255081892, -0.015648677945137024, -0.01365858968347311, 0.02870594523847103, -0.011933369562029839, -0.015419603325426579, -0.004470539279282093, -0.014746695756912231, -0.01941409707069397, 0.0003214654279872775, 0.002961866557598114, -0.014646475203335285, -0.00277753290720284, -0.01604955829679966, 0.03547797352075577, 0.010372797027230263, 0.006610957905650139, 0.00607406347990036, -0.007251651957631111, -0.0012831772910431027, -0.006514316890388727, 0.00268805050291121, 0.019814977422356606, -0.026901980862021446, -0.027159690856933594, -0.04183480143547058, -0.00993612315505743, 0.03510572388768196, -0.014109580777585506, -0.009127202443778515, 0.009399228729307652, 0.013844713568687439, -0.011883259750902653, -0.004449063912034035, -0.015090308152139187, 0.021189427003264427, -0.03287224471569061, -0.012434471398591995, -0.0025627752766013145, -0.024153083562850952, 0.013472466729581356, -0.010974118486046791, -0.03232819214463234, -0.009198788553476334, 0.00010184213169850409, 0.008984030224382877, -0.011890417896211147, -0.025298457592725754, 0.005963105708360672, 0.035162992775440216, -0.006210077088326216, -0.007917400449514389, -0.01709471270442009, 0.02093171700835228, -0.026773126795887947, 0.0002469713508617133, 0.0011990638449788094, 0.003743942594155669, 0.0022621145471930504, 0.0054297903552651405, -0.009707048535346985, -0.003983755595982075, -0.033187221735715866, 0.006385462358593941, -0.003629405051469803, -0.008590308018028736, -0.028390968218445778, -0.020759910345077515, -0.027231276035308838, -0.022864537313580513, 0.0037940526381134987, -0.0019363985629752278, -0.009979074820876122, -0.015133259817957878, 0.0024410791229456663, 0.02591409534215927, -0.018784141167998314, 0.02800440415740013, -0.014252752996981144, -0.019714757800102234, -0.04590088129043579, -0.017810571938753128, -0.014252752996981144, -0.014073788188397884, -0.01481828186661005, 0.01579185016453266, -0.000663511804305017, -0.028863435611128807, -0.038541849702596664, -0.014324339106678963, -0.03868502005934715, 0.015892069786787033, -0.0015212004072964191, 0.018182817846536636, 0.04080396518111229, -0.007716960273683071, 0.003167676040902734, 0.04134801775217056, 0.0069402530789375305, 0.022578192874789238, -0.0007462830399163067, 0.0071156383492052555, -0.014002202078700066, 0.007516519632190466, 0.013508259318768978, 0.021132158115506172, -0.025785241276025772, -0.017738986760377884, 0.04048898443579674, 0.02222026325762272, 0.032385461032390594, 0.013894823379814625, 0.028090307489037514, 0.0002624070621095598, -0.01941409707069397, 0.0024947687052190304, 0.035277530550956726, -0.0003700096276588738, 0.0029296530410647392, -0.02614317089319229, 0.016679514199495316, 0.00020849393331445754, 0.004492015112191439, 0.0011722191702574492, 0.01836894266307354, 0.01802532933652401, 0.008840858936309814, -0.019499998539686203, -0.004642345476895571, 0.015734581276774406, 0.004660242237150669, -0.049823787063360214, 0.032156385481357574, 0.010766519233584404, -0.006897301413118839, 0.021547356620430946, -0.0008746902458369732, 0.011868942528963089, -0.003241051686927676, 0.010666299611330032, -0.028677312657237053, 0.012169603258371353, 0.0002709078835323453, -0.03141189366579056, -0.06940969079732895, 0.008647576905786991, 0.005454845726490021, 0.002895649755373597, 0.008031938225030899, -0.011768721975386143, 0.0046387664042413235, -0.03278634324669838, 0.035764314234256744, -0.004628028254956007, 0.00036262732464820147, -0.00602037413045764, 0.01580616645514965, 0.0001602853008080274, 0.0015408864710479975, -0.007054790388792753, 0.0009140624897554517, -0.011997796595096588, -0.027761012315750122, -0.001593681168742478, 0.001097948756068945, -0.013844713568687439, 0.007294603157788515, 0.01722356677055359, -0.011596916243433952, 0.0011507433373481035, 0.17466959357261658, -0.0010549972066655755, 0.03092510998249054, 0.052372243255376816, -0.023222466930747032, 0.02012995444238186, 0.002834801562130451, 0.008511563763022423, -0.034361232072114944, 0.022864537313580513, 0.015319382771849632, -0.0077384356409311295, -0.00936343614012003, -0.009771475568413734, 0.009227422997355461, 0.026128854602575302, -0.047704845666885376, -0.025541849434375763, -0.02277863398194313, -0.004155561327934265, 0.029006607830524445, -0.004219988826662302, -0.00032750549144111574, -0.01546255499124527, 0.03315858915448189, -0.03184140846133232, 0.03355947136878967, -0.014360131695866585, 0.02408149652183056, 0.003405699273571372, -0.014231276698410511, -0.008926762267947197, 0.010745043866336346, -0.012541850097477436, -0.030381055548787117, -0.01766739971935749, -0.0019704019650816917, -0.015877753496170044, 0.003947962541133165, 0.0041161892004311085, 0.007552312687039375, -0.04930836707353592, -0.004721090197563171, -0.026787443086504936, -0.020287444815039635, -0.017381057143211365, -0.014567730948328972, -0.003276844508945942, -0.015634359791874886, 0.01766739971935749, 0.0008160792640410364, 0.011990638449788094, 0.027961453422904015, 0.04326651990413666, 0.000567765673622489, 0.00558012118563056, 0.010787995532155037, -0.028104623779654503, 0.0010675247758626938, 0.002917125355452299, -0.020831497386097908, 0.006814977619796991, 0.005594437941908836, 0.018526431173086166, -0.021833699196577072, 0.02196255512535572, -0.021833699196577072, 0.025155285373330116, 0.021919602528214455, -0.01377312745898962, -0.005823513027280569, 0.0026486783754080534, 0.0009324063430540264, 0.010480175726115704, -0.035764314234256744, -0.018297355622053146, 0.025971364229917526, 0.017753303050994873, 0.030266519635915756, 0.01954295113682747, -0.04229294881224632, 0.013214757665991783, -0.016708148643374443, -0.03479074686765671, -0.037940528243780136, -0.025756606832146645, 0.029579294845461845, -0.005075440276414156, -0.021189427003264427, 0.015605726279318333, 0.0034826539922505617, 0.0023211727384477854, -0.0011060021352022886, -0.010945484042167664, -0.004617290571331978, -0.004524229094386101, -0.009105726145207882, 0.016135461628437042, 0.014646475203335285, 0.006843612063676119, -0.024668501690030098, -0.016063876450061798, 0.009893171489238739, 0.0016876376466825604, -0.031898677349090576, 0.0012187499087303877, -0.0007552312454208732, -0.018211452290415764, 0.04518502205610275, -0.018411893397569656, -0.007910242304205894, -0.04114757478237152, -0.009449338540434837, -0.005530010908842087, -0.005784140899777412, -0.0005928207538090646, -0.006625275127589703, -0.009098567999899387, 0.016249999403953552, 0.0017323788488283753, 0.011024228297173977, -0.041462551802396774, -0.02323678322136402, 0.009585351683199406, -0.002970814937725663, -0.007294603157788515, -0.019013214856386185, -0.011353523470461369, 0.003405699273571372, -0.012935572303831577, -0.009277532808482647, -0.024811673909425735, 0.006739812437444925, -0.008010461926460266, -0.022592511028051376, -0.001880919560790062, -0.0021278909407556057, -0.02628634311258793, -0.016450440511107445, 0.0105159692466259, 0.00936343614012003, -0.013429515063762665, -0.0033502201549708843, -0.02035902999341488, -0.0029081772081553936, -0.0372246690094471, 0.023866739124059677, 0.0023480176459997892, -0.022936122491955757, -0.010673457756638527, -0.017495594918727875, -0.0031032487750053406, 0.01745264232158661, -0.01470374409109354, 0.02733149752020836, -0.020072687417268753, -0.038656387478113174, -0.02509801648557186, -0.010379955172538757, 0.008926762267947197, -0.01964317075908184, 0.02721695974469185, 0.025871144607663155, -0.009578193537890911, -0.016178414225578308, -0.02091740071773529, -0.1839471310377121, 0.012355726212263107, -0.011439426802098751, -0.05053964629769325, 0.021933920681476593, 0.0172092504799366, 0.029951540753245354, -0.0027471089269965887, -0.015548457391560078, 0.0060919602401554585, 0.014689426869153976, -0.011654184199869633, -0.027875550091266632, -0.005368942394852638, -0.0012169602559879422, -0.01755286194384098, -0.005329570267349482, 0.009528083726763725, 0.03473347797989845, 0.021819382905960083, 0.025155285373330116, -0.025742290541529655, 0.027159690856933594, -0.004087554756551981, 0.01756718009710312, 0.01882709190249443, -0.012570484541356564, 0.041462551802396774, -0.005920154042541981, -0.0007950509316287935, 0.006800660397857428, -0.009900329634547234, 0.007645374163985252, 0.01640748791396618, 0.02151872217655182, -0.026300659403204918, -0.01506167370826006, 0.011410792358219624, 0.0011883259285241365, 0.0183546245098114, 0.028534140437841415, 0.020716959610581398, 0.004799834452569485, 0.003477285150438547, 0.013178964145481586, 0.0027542675379663706, 0.008726321160793304, 0.018311673775315285, 0.023408589884638786, 0.0010004129726439714, 0.015491188503801823, -0.012856828048825264, -0.028920704498887062, -0.014030836522579193, 0.007380506489425898, 0.03058149665594101, 0.00753083685413003, 0.007659691385924816, -0.022234581410884857, 0.001494355732575059, -0.008382708765566349, -0.03315858915448189, 0.011997796595096588, -0.008232378400862217, -0.013851871713995934, 0.012484581209719181, -0.022177312523126602, 0.020874448120594025, -0.025713656097650528, 0.006686123088002205, -0.024138765409588814, 0.006850770674645901, 0.022707046940922737, -0.0008469506865367293, 0.031325988471508026, -0.012935572303831577, -0.03564978018403053, 0.04060352221131325, -0.011374999769032001, -0.033530835062265396, -0.012026431038975716, 0.031125549226999283, -0.029693830758333206, 0.02325110137462616, 0.0031712553463876247, 0.00023153565416578203, 0.021790748462080956, 0.01307874359190464, 0.0269592497497797, -0.02045924961566925, 0.02475440502166748, -0.010315528139472008, 0.0001499948266427964, -0.013035792857408524, 0.03298678249120712, 0.04255066066980362, -0.005075440276414156, 0.005243667401373386, -0.009950440376996994, -0.014052311889827251, -0.013730175793170929, -0.016822686418890953, -0.014610682614147663, 0.008533039130270481, -0.007205120753496885, 0.032242290675640106, 0.0015892069786787033, -0.005007433705031872, 0.01849779672920704, -0.0031963104847818613, -0.009979074820876122, 0.016536343842744827, -0.00854019820690155, 0.03937224671244621, -0.023680616170167923, 0.030409689992666245, -0.01151101291179657, -0.004978799261152744, 0.0074807265773415565, 0.014331497251987457, 0.019084801897406578, -0.034475769847631454, 0.0027095263358205557, 0.027374448254704475, 0.012914096936583519, 0.0014719851315021515, -0.10348457843065262, -0.05291629955172539, 0.020860131829977036, -0.007752752862870693, -0.008089207112789154, 0.0128425108268857, 0.0016563187818974257, 0.025484580546617508, -0.022277532145380974, 0.03404625505208969, -0.03367400914430618, -0.016221364960074425, -0.020258810371160507, -0.0019274504156783223, -0.020831497386097908, 0.000632640381809324, 0.0012599118053913116, 0.02360902912914753, 0.007781387306749821, 0.021933920681476593, -0.015090308152139187, -0.03479074686765671, 0.005472742021083832, 0.006360407453030348, -0.02509801648557186, 0.011346365325152874, -0.015591409057378769, -0.0032571584451943636, 0.018755506724119186, -0.010007709264755249, 0.019142068922519684, -0.0028401706367731094, 0.02033039554953575, -0.009127202443778515, 0.0003013318928424269, 0.00987169612199068, -0.03533479943871498, -0.0027650054544210434, 0.027360131964087486, -0.031182818114757538, -0.006854350212961435, 3.224511374355643e-06, -0.008855176158249378, 0.003522026352584362, -0.0017279046587646008, 0.012828193604946136, -0.03570704907178879, 0.07072687149047852, 0.017953744158148766, -0.02104625478386879, -0.027145372703671455, 0.02977973408997059, -0.02966519631445408, -0.02547026425600052, 0.033759910613298416, 0.004420429468154907, 0.004645925015211105, 0.00347549538128078, -0.016436122357845306, -0.01098127756267786, -0.006811398547142744, -0.047962553799152374, 0.021132158115506172, 0.004044603556394577, -0.00039484098670072854, 0.01191189419478178, -0.007752752862870693, -0.010716409422457218, 0.0014648265205323696, -0.024339206516742706, -0.010494492948055267, 0.009463655762374401, -0.0474185012280941, -0.009506607428193092, -0.018311673775315285, -0.016822686418890953, -0.007294603157788515, 0.008933920413255692, -0.014245593920350075, 0.008962554857134819, -0.014145374298095703, -0.00022236369841266423, 0.016765417531132698, 8.914681529859081e-05, 0.015877753496170044, 0.014761012978851795, 0.01567731238901615, -0.017295153811573982, -0.009635462425649166, -0.01603524200618267, -0.011317730881273746, 0.019786342978477478, -0.004273678176105022, -0.02114647440612316, -0.010566079057753086, 0.0032875824254006147, 0.0112175103276968, 0.0038620594423264265, -0.005798458121716976, -0.0026397299952805042, 0.021776430308818817, -0.016235683113336563, -0.023508809506893158, 0.017581496387720108, 0.0004131848691031337, -0.022835902869701385, 0.011833149008452892, -0.018540747463703156, 0.0027524777688086033, 0.02044493332505226, -0.008998347446322441, 0.01974339224398136, -0.015591409057378769, -0.003409278579056263, -0.017280835658311844, 0.008740638382732868, -0.013221915811300278, 0.011890417896211147, -0.00027918501291424036, -0.004849944729357958, 0.015949338674545288, -0.029235681518912315, -0.02337995544075966, -0.014846915379166603, -0.00895539578050375, 0.04266519844532013, -0.01603524200618267, 0.016579294577240944, -0.006983204744756222, 0.028748897835612297, -0.020831497386097908, -0.004477697890251875, 0.023408589884638786, -0.02720264159142971, -0.0014514041831716895, -0.008275330066680908, 0.010387114249169827, 0.002879542764276266, 0.0011704295175150037, 0.024439426138997078, 0.022177312523126602, 0.03931497782468796, -0.01918502151966095, -0.0210319384932518, 0.011804514564573765, -0.03648017346858978, 0.0007673113723285496, 0.005433369893580675, -0.035735681653022766, 0.010200991295278072, -7.359925075434148e-05, -0.00435600196942687, 0.01675110124051571, 0.028319383040070534, -0.00871200393885374, -0.009055616334080696, -0.046330396085977554, -0.03479074686765671, 0.00551927275955677, -0.004019548185169697, -0.0014997245743870735, -0.010623347945511341, 0.04905065894126892, -0.02000110037624836, 0.005057543981820345, -0.0025967785622924566, 0.006668226793408394, 0.01905616745352745, -0.0039587002247571945, 0.021762114018201828, 0.0005386839038692415, -0.007716960273683071, -0.01998678408563137, 0.012183920480310917, 0.020860131829977036, 0.027746694162487984, 0.030867841094732285, 0.02917841263115406, -0.02196255512535572, -0.006031112279742956, 0.00187376094982028, 0.006435572635382414, 0.004742566030472517, -0.018096916377544403, -0.037940528243780136, -0.0010925797978416085, 0.04524229094386101, -0.014195484109222889, 2.4649598344694823e-05, 0.013071585446596146, 0.0023193832021206617, 0.016249999403953552, -0.025599118322134018, 0.005386839155107737, -0.016794051975011826, -0.018197135999798775, 0.0006035586120560765, -0.002389179542660713, -0.004549283999949694, -0.005193557124584913, 0.024095814675092697, 0.021189427003264427, 0.015748897567391396, 0.00609911885112524, -0.0036132982932031155, -0.0129713648930192, -0.033416297286748886, -0.013336453586816788, -0.04976651817560196, -0.013887664303183556, 0.010129405185580254, -0.008175109513103962, 0.00015659416385460645, -0.005963105708360672, 0.011002752929925919, 0.004126927349716425, -0.016894273459911346, 0.013758810237050056, 0.005991739686578512, -0.014159691520035267, -0.012878303416073322, 0.028763214126229286, 0.017696034163236618, 0.0031551485881209373, 0.019943831488490105, -0.003119355533272028, 0.029006607830524445, 0.004853524267673492, 0.010823788121342659, -0.008969713002443314, 0.02780396305024624, 0.016178414225578308, -0.013737333938479424, -0.013923457823693752, -0.009463655762374401, -0.007226596586406231, -0.003559608943760395, 3.556924275471829e-05, 0.006761288270354271, 0.019915197044610977, -0.00303703173995018, 0.06408369541168213, -0.0053224116563797, 0.019385462626814842, -0.01053028553724289, 0.005927312653511763, 0.027231276035308838, 0.0040159691125154495, 0.018397577106952667, -0.012570484541356564, -0.007022576872259378, 0.05076872184872627, -0.028677312657237053, 0.01652202568948269, -0.02604295127093792, 0.01722356677055359, 0.01907048374414444, -0.004513490945100784, 0.04799118638038635, -0.004492015112191439, -0.008647576905786991, -0.003908589947968721, 0.0020849392749369144, 0.03533479943871498, -0.005998898297548294, 0.025513214990496635, -0.007051211316138506, 0.010251101106405258, -0.004921530839055777, -0.023737885057926178, -0.0034862332977354527, -0.011009911075234413, -0.009893171489238739, -0.017595814540982246, -0.009814427234232426, -0.007215858902782202, 0.011138766072690487, -0.020301761105656624, 0.007169328164309263, 0.027231276035308838, 0.017237884923815727, 0.004223568364977837, 0.05068281665444374, -0.02232048474252224, -0.043438322842121124, 0.0032678963616490364, -0.0019328193739056587, 0.033072687685489655, -0.016922906041145325, -0.013744493015110493]"
12381,"How does MongoDB cursor behave when the collection is being changed?<p>Suppose I'm using the cursor to iterate a subset of the documents, ordered by some field let's say.</p>
<p>What happens if while iterating, a new document is being inserted or a current one is being deleted?</p>
<p>Would that affect the cursor or does it MongoDB make some sort of snapshot of the data?</p>
",I found this: https://rawgit.com/sk4zuzu/kibana-rison-json-converter/master/index.html,"Embed Field: How does MongoDB cursor behave when the collection is being changed?<p>Suppose I'm using the cursor to iterate a subset of the documents, ordered by some field let's say.</p>
<p>What happens if while iterating, a new document is being inserted or a current one is being deleted?</p>
<p>Would that affect the cursor or does it MongoDB make some sort of snapshot of the data?</p>; Answer: I found this: https://rawgit.com/sk4zuzu/kibana-rison-json-converter/master/index.html","[-0.0214235782623291, -0.0060232533141970634, 0.017569242045283318, 0.003936054650694132, -0.020184198394417763, 0.017337709665298462, -0.0046136281453073025, -0.032332852482795715, -0.015022382140159607, -0.002817547880113125, 0.03985085338354111, 0.022308850660920143, 0.015594404190778732, -0.01409625168889761, 0.0029911973979324102, 0.0009542208863422275, 0.0010172113543376327, -0.019707513973116875, -0.010555163957178593, -0.014600175432860851, -0.02402491681277752, 0.03677283227443695, -0.024556079879403114, -0.021369101479649544, -0.009193208068609238, 0.016425197944045067, 0.0029673632234334946, -0.015785077586770058, -0.009220446459949017, 0.004474027547985315, 0.027661340311169624, 0.025700122117996216, -0.01526753418147564, -0.03568326681852341, -0.017582861706614494, -0.009806088171899319, 0.006533987354487181, -0.026435580104589462, 0.013762572780251503, -0.006404601503163576, 0.01875414326786995, -0.006145829800516367, -0.02422920987010002, -0.006156044080853462, 0.013551468960940838, 0.02699398249387741, 0.013633186928927898, -0.01186264306306839, -0.004470622632652521, -0.007940207608044147, 0.019026534631848335, 0.029608938843011856, -0.03614633157849312, 0.00039496744284406304, 0.01152215339243412, -0.028138024732470512, 0.00318357371725142, 0.016084708273410797, 0.005321845877915621, 0.0017909730086103082, 0.03508400544524193, 0.03358585387468338, -0.0014215422561392188, -0.0009823113214224577, -0.0024225804954767227, -0.022308850660920143, -0.010194245725870132, -0.012495952658355236, -0.01256405096501112, -0.006302454508841038, 0.03813478723168373, 0.012904539704322815, -0.003015031572431326, -0.001022318727336824, 0.019489601254463196, -0.0016573310131207108, -0.03364032879471779, -0.028519373387098312, 0.02657177485525608, 0.008750571869313717, 0.005539759062230587, -0.005172030534595251, -0.03927883133292198, 0.029064156115055084, 0.004606818314641714, 0.032932113856077194, 0.010255534201860428, 0.024760372936725616, 0.0030524854082614183, 0.02610871009528637, -0.014463979750871658, -0.005475066136568785, 0.02023867703974247, 0.022417807951569557, 0.008914006873965263, 0.015172197483479977, -0.005284391809254885, 0.029391026124358177, -0.015580784529447556, -0.02214541658759117, -0.03018096089363098, 0.01039172988384962, -0.01524029579013586, -0.012918159365653992, -0.022649340331554413, -0.0007682287250645459, 0.01086160447448492, -0.016438817605376244, 0.005321845877915621, 0.01222356129437685, -0.005972180049866438, 0.012679817155003548, 0.014082632027566433, -0.01524029579013586, -0.005076693370938301, 0.01489980611950159, 0.006125400308519602, -0.0341033972799778, -0.01963941566646099, -0.0016020016046240926, 0.010037620551884174, 0.00913872942328453, 0.029282068833708763, -0.037780679762363434, -4.9503934860695153e-05, 0.012788773514330387, 2.49115710175829e-05, 0.0020599595736712217, 0.014504838734865189, -0.03707246109843254, 0.009915044531226158, 0.025645645335316658, -0.0006873625097796321, 0.008873147889971733, 0.005362704396247864, 0.016343479976058006, 0.0038611472118645906, 0.019503219053149223, -0.02053830772638321, -0.023820621892809868, 0.010575593449175358, 0.025795459747314453, 0.0036193998530507088, -0.020851556211709976, -0.037481047213077545, 0.013755762949585915, -0.002490678336471319, 0.00935664214193821, 0.01598937250673771, -0.01001719105988741, 0.026980362832546234, 0.022894492372870445, 0.013905578292906284, 0.010691359639167786, 0.0099490936845541, -0.0027358306106179953, 0.005883652716875076, -0.01590765453875065, -0.012026078067719936, -0.015104100108146667, 0.021055851131677628, 0.011025039479136467, 0.010085289366543293, 0.023057926446199417, 0.0003832631336990744, 0.02598613314330578, 0.013210980221629143, -0.02219989337027073, -0.0032465641852468252, -0.006428435444831848, 0.008396463468670845, 0.019870948046445847, -0.04213894158601761, 0.015430969186127186, -0.010173816233873367, 0.003936054650694132, -0.009846947155892849, 0.01526753418147564, -0.03170635178685188, -0.018440892919898033, -0.039306070655584335, 0.0007524810498580337, 0.0166703499853611, 0.044072918593883514, -0.02751152589917183, -0.044753897935152054, 0.020470209419727325, -0.02296259067952633, -0.007252419367432594, 0.028982438147068024, -0.0017722462071105838, 0.018781382590532303, -0.008287506178021431, -0.0019935641903430223, -0.6197447776794434, -0.01590765453875065, 0.02580907940864563, -0.019884567707777023, 0.008341984823346138, -0.011168044991791248, -0.005206079687923193, 0.014981524087488651, -0.0017347923712804914, 0.010105718858540058, 0.007054935675114393, 0.016057468950748444, -0.0029503386467695236, -0.014491219073534012, -0.025073623284697533, -0.00535929948091507, 0.016738448292016983, -0.017147034406661987, -0.00567595474421978, -0.004000747576355934, -0.011760496534407139, 0.03625528886914253, -0.009622223675251007, 0.014341403730213642, -0.0006201158976182342, -0.018767762929201126, -0.024501601234078407, -0.002410663291811943, -0.006952789146453142, 0.03936054930090904, -0.046115852892398834, 0.010432587936520576, -0.0009891210356727242, 0.015594404190778732, 0.0394422672688961, -0.0028873481787741184, 0.0012768344022333622, 0.008158120326697826, -0.0043412367813289165, 0.0690239667892456, 0.01420520804822445, -0.0131769310683012, 0.01959855668246746, -0.009111490100622177, -0.003745381021872163, -0.026844166219234467, 0.008355604484677315, -0.013490181416273117, 0.012039696797728539, -0.011086327955126762, -0.005287796724587679, 0.0007422664202749729, -0.01751476339995861, 0.02933654747903347, 0.014368643052875996, -0.004657892044633627, 0.03606461361050606, -0.0035887558478862047, 0.04023220017552376, 0.004385500680655241, 0.01607108861207962, 0.008859528228640556, -0.021614253520965576, -0.007436283398419619, -0.03873404860496521, 0.0012223561061546206, 0.00998995266854763, -0.008900387212634087, 0.0031325004529207945, -0.019312545657157898, 0.026013372465968132, 0.007647386752068996, 0.004627247806638479, -0.015785077586770058, 0.005812150426208973, 0.0019050369737669826, 0.012278039939701557, -0.01641157828271389, 0.006486318539828062, 0.016997219994664192, 0.010092099197208881, -0.01891757920384407, -0.039687417447566986, 0.0030558903235942125, -0.01883586123585701, 0.0023919364903122187, -0.04682407155632973, -0.03464818000793457, 0.005757671780884266, -0.007184321526437998, 0.009315784089267254, 0.023929579183459282, -0.003684092778712511, -0.02262210100889206, -0.00618668831884861, 0.01789611019194126, 0.0009465598850511014, 0.00782444141805172, 0.03601013496518135, -0.007415854372084141, -0.012863680720329285, 0.016180045902729034, -0.010739028453826904, 0.011127186007797718, 0.04222065582871437, 0.020592784509062767, -0.029091395437717438, 0.007483952213078737, 0.031951505690813065, -0.017841633409261703, -0.022118177264928818, 0.026776067912578583, -0.007981066592037678, -0.006860856898128986, -0.013721713796257973, -0.03159739449620247, 0.018672427162528038, -0.003922435455024242, -0.02003438211977482, 0.0044365739449858665, 0.02019781805574894, 0.021450817584991455, 0.01590765453875065, -0.0027188060339540243, 0.0010742433369159698, 0.0136468056589365, 0.026721591129899025, 0.008914006873965263, 0.00492006866261363, -0.006067517213523388, 0.01377619244158268, -0.013742143288254738, 0.021069470793008804, -0.012026078067719936, -0.008614376187324524, -0.012257610447704792, 0.02198198065161705, -0.0015543331392109394, -0.008246648125350475, -0.02190026454627514, -0.017569242045283318, -0.010221485048532486, 0.021695969626307487, -0.016888262704014778, -0.0015756136272102594, -0.03788963705301285, -0.052489809691905975, -0.0036296145990490913, -0.007415854372084141, -0.007300087716430426, -0.009159158915281296, -0.009465599432587624, 0.0020548522006720304, 0.016738448292016983, 0.005897272378206253, -0.004688535816967487, -0.0012342733098194003, -0.02993580885231495, -0.002953743562102318, -0.021573394536972046, -0.010241914540529251, 0.03936054930090904, -0.012039696797728539, 0.004307188093662262, -0.014368643052875996, -0.03274143859744072, -0.01901291497051716, 0.0011040361132472754, 0.0034695847425609827, -0.023997677490115166, 0.0038270982913672924, -0.00304567557759583, -0.008042354136705399, -0.021273763850331306, 0.0007869555847719312, -0.0010597725631669164, -0.039523981511592865, 0.004586389288306236, -0.002849894342944026, -0.013653615489602089, 0.010575593449175358, 0.017719056457281113, 0.008164930157363415, -0.010255534201860428, -0.0010614750208333135, 0.008682473562657833, -0.004446788690984249, 0.026925884187221527, -0.014641034416854382, 0.0212192852050066, 0.016724828630685806, 0.0244471225887537, -0.01765095815062523, -0.005372919142246246, -0.01233251765370369, 0.011392767541110516, 0.0022063697688281536, -0.0019493005238473415, -0.007647386752068996, 0.011726447381079197, 0.0218049269169569, -0.013674044981598854, 0.002929909387603402, -0.020334012806415558, 0.016983600333333015, -0.030344394966959953, -0.00899572391062975, -0.021464437246322632, 0.00782444141805172, 0.0018539635930210352, 0.02644919976592064, -0.010024000890552998, -0.004858780652284622, -0.007225180510431528, -0.012209941633045673, 0.03614633157849312, -0.002017398364841938, 0.0042799487709999084, -0.008219408802688122, 0.01530839316546917, -0.013340366072952747, -0.003656853688880801, 0.01296582818031311, 0.008478180505335331, 0.018250219523906708, 0.02474675327539444, -0.0016326456097885966, 0.012100985273718834, 0.0019373834365978837, -0.018999295309185982, 0.02598613314330578, 0.01981646940112114, 0.020211437717080116, 0.010575593449175358, 0.012611718848347664, 0.004565959796309471, 0.017610101029276848, -0.0006384172011166811, 0.04322850704193115, -0.02342565543949604, 0.0022063697688281536, 0.015744218602776527, 0.0016752067022025585, -0.021464437246322632, 0.023480134084820747, 0.007402234710752964, 0.015539925545454025, 0.03554707020521164, 0.006183283403515816, 0.023657187819480896, -0.03018096089363098, 3.13722193823196e-06, -0.005577212665230036, -0.007545240223407745, 0.012278039939701557, -0.003956484142690897, 0.014981524087488651, 0.00892762653529644, 0.004205041099339724, 0.0244471225887537, -0.0003313385241199285, -0.017719056457281113, 0.009574555791914463, 0.004293568432331085, 0.021886644884943962, 0.018508991226553917, -0.0166703499853611, -0.0010597725631669164, -0.005107337608933449, -0.01368766464293003, -0.003956484142690897, -0.047096461057662964, -0.02262210100889206, -0.02555030770599842, 0.027743058279156685, -0.002209774684160948, 0.027416188269853592, 0.021151186898350716, 0.015539925545454025, 0.01959855668246746, -0.01755562238395214, -0.02717103622853756, -0.006963003426790237, -0.007749533746391535, -0.0007512042648158967, -0.021668730303645134, -0.014804469421505928, -0.0003683667164295912, 0.012393806129693985, 0.010739028453826904, 0.009785658679902554, 0.03306831046938896, 0.020184198394417763, -0.01943512260913849, -0.0029997096862643957, 0.013817050494253635, 0.030725743621587753, 0.005791720934212208, 0.006081136874854565, 0.005703193601220846, -0.00950645748525858, 0.01524029579013586, 0.0005209484370425344, 0.003202300751581788, 0.044318072497844696, 0.0099490936845541, 0.0004907300462946296, -0.03609185293316841, -0.029282068833708763, -0.004834946244955063, 0.004957522265613079, -0.01611194759607315, -0.027143796905875206, -0.02002076432108879, -0.020511068403720856, 0.011304240673780441, -0.01065050158649683, -0.018781382590532303, 0.020061621442437172, -0.0024804635904729366, -0.026639873161911964, -0.005144791211932898, -0.03644596040248871, 0.029064156115055084, 0.0367455929517746, 0.016016609966754913, -0.0045897942036390305, 0.004855375736951828, -8.033416816033423e-05, -0.009622223675251007, 0.012543621473014355, -0.028246982023119926, 0.010289582423865795, -0.027484286576509476, -0.022390568628907204, -0.01186264306306839, -0.0013619567034766078, -0.001064028707332909, -0.006935764569789171, -0.002017398364841938, 0.002013993449509144, -0.0274706669151783, 0.007742723915725946, -0.024760372936725616, 0.009656272828578949, -0.003474692115560174, 0.04235685244202614, 0.026857785880565643, 0.003949674312025309, 0.00013289718481246382, 0.02320774272084236, 0.00381688354536891, 0.008648425340652466, -0.03538363426923752, -0.0015058133285492659, 0.0034048918168991804, 0.028029069304466248, 0.010963751003146172, -0.010963751003146172, 0.03949674591422081, 0.030453352257609367, -0.012346137315034866, 0.027484286576509476, 0.005141386762261391, 0.007293277885764837, 0.0170516986399889, 0.010337251238524914, 0.014014534652233124, 0.018781382590532303, 0.0041199191473424435, -0.005451231729239225, 0.001051260274834931, -0.004232280422002077, 0.019149111583828926, -0.01929892599582672, -0.013919197022914886, -0.026776067912578583, 0.0337492860853672, 0.01853623054921627, 0.013204170390963554, 0.023861480876803398, 0.003232944756746292, -0.031488437205553055, -0.031025374308228493, -0.028764525428414345, 0.008151310496032238, 0.00973799079656601, 0.004508076701313257, -0.0016922311624512076, -0.014804469421505928, -0.008512229658663273, -0.008382843807339668, -0.026244904845952988, 0.009526886977255344, 0.007279658690094948, -0.03448474407196045, -0.024093013256788254, 0.008832288905978203, 0.040204960852861404, 0.03276867792010307, 0.01549906749278307, 0.019189970567822456, -0.0075792889110744, -0.014069012366235256, -0.006680397782474756, -0.025618406012654305, -0.013265457935631275, -0.010820746421813965, -0.010786697268486023, 0.025032764300704002, -0.0022029648534953594, 0.0023595900274813175, -0.011188474483788013, 0.04557107016444206, -0.02775667794048786, -0.006074327044188976, 0.009656272828578949, 0.004909853916615248, 0.013197360560297966, 0.007293277885764837, 0.0003707075957208872, 0.02763410098850727, -0.003840717952698469, -0.020211437717080116, 0.028083547949790955, 0.004657892044633627, -0.020824318751692772, -0.004586389288306236, -0.001848856220021844, 0.012802393175661564, 0.0014377154875546694, 0.014477599412202835, -0.0002394064504187554, -0.015403729863464832, -0.023275839164853096, -0.03053506836295128, 0.02525067701935768, -0.008450941182672977, 0.02190026454627514, 0.022118177264928818, 0.010105718858540058, 0.02827422134578228, -0.013190550729632378, 0.01192393060773611, 0.007313707377761602, -0.03320450335741043, 0.027525145560503006, -0.012850061058998108, 0.0008852718747220933, 0.00040262844413518906, -0.016697589308023453, -0.012100985273718834, -0.023534610867500305, -0.0023698045406490564, 0.0028039284516125917, 0.04480837658047676, -0.008491800166666508, -0.02155977487564087, -0.0379168726503849, -0.008771001361310482, 0.00436847610399127, -0.006622514221817255, -0.020388491451740265, 0.007463522721081972, 0.008982104249298573, -0.03306831046938896, 0.015322012826800346, -0.0162890013307333, -0.011644729413092136, -0.025863558053970337, -0.023861480876803398, 0.033776525408029556, 0.01913549192249775, 0.008055973798036575, 0.005287796724587679, -0.008559897541999817, -0.0023391605354845524, -0.030044764280319214, 0.001304073492065072, -0.015403729863464832, -0.007361375726759434, 0.007483952213078737, 0.02376614511013031, 0.013353985734283924, 0.024991905316710472, -0.0023936389479786158, 0.024256449192762375, -0.0031325004529207945, 0.0007209858158603311, -0.00888676755130291, 0.0037215466145426035, -0.014300545677542686, 0.001925466232933104, -0.005679359659552574, 0.005260557867586613, -0.0023442679084837437, 0.006135615054517984, 0.0010793507099151611, 0.013898768462240696, 0.018549850210547447, -0.01322459988296032, 0.0032227300107479095, -0.019843708723783493, -0.03344965726137161, -0.008198979310691357, 0.023194123059511185, -0.00899572391062975, -0.007347756531089544, -0.024651415646076202, -0.003016734030097723, -0.002289789728820324, -0.014818089082837105, 0.02428368851542473, -0.009751609526574612, 0.0059415362775325775, 0.021396338939666748, 0.005444421898573637, -0.02721189521253109, -0.02249952405691147, -7.974894833751023e-05, 0.010262344032526016, -0.004542125388979912, -0.013599137775599957, 0.02849213406443596, -0.016983600333333015, 0.013265457935631275, -0.0007495018071494997, 0.023139644414186478, -0.02427006885409355, 0.013674044981598854, -0.013020305894315243, -0.01167196873575449, -0.01112037617713213, 0.0005681912880390882, -0.010480256751179695, -0.017024459317326546, -0.022799154743552208, -0.020728981122374535, 0.012850061058998108, 0.041131094098091125, 0.003864552127197385, 0.012066936120390892, -0.01921720989048481, -0.012938588857650757, 0.009063822217285633, -0.00697321817278862, 0.03919711336493492, 0.015172197483479977, 0.012421045452356339, 0.010255534201860428, -0.003684092778712511, -0.02138271927833557, -0.025400493294000626, 0.01585317589342594, 5.910679101361893e-05, 0.031788069754838943, 0.04039563611149788, -0.01564888283610344, -0.04175759106874466, -0.0011040361132472754, -0.014164349995553493, 0.018672427162528038, -0.029145874083042145, 0.004208446014672518, 0.010984180495142937, -0.03184254840016365, -0.006608895026147366, 0.012189512141048908, -0.0029350167606025934, 0.0029435288161039352, -0.01759648136794567, 0.03696350380778313, -0.0037249515298753977, -0.02240418829023838, -0.03601013496518135, 0.026667112484574318, 0.0017228751676157117, 0.01485894713550806, -0.02925482951104641, 0.04099489748477936, -0.020715361461043358, 0.007572479080408812, 0.0020565546583384275, 0.025972513481974602, -0.004627247806638479, 0.0029963047709316015, -0.029091395437717438, -0.0036296145990490913, -0.001881202682852745, 0.0033725453540682793, -0.01637071929872036, -0.02789287269115448, -0.036037374287843704, 0.0325780026614666, 0.006173068657517433, 7.315196853596717e-05, 0.018263839185237885, 0.0017637339187785983, -0.008171739988029003, -0.007293277885764837, -0.026503676548600197, -0.020592784509062767, -0.015185817144811153, -0.01284325122833252, 0.029282068833708763, 0.0007720591966062784, -0.014845328405499458, -0.006568036042153835, 0.008743762038648129, 0.00418801698833704, -0.033231742680072784, -0.002155296504497528, 0.007681435905396938, -0.04535315930843353, -0.017868872731924057, 0.007388615049421787, 0.0057678865268826485, 0.02683054655790329, -0.0022199894301593304, 5.221720857662149e-05, 0.014954284764826298, 0.019571317359805107, 0.0030388659797608852, -0.01307478453963995, 0.03159739449620247, -0.009097870439291, 0.005301416385918856, 0.028437655419111252, -0.014695513062179089, -0.012707055546343327, 0.0012649173149839044, -0.013891958631575108, -0.04557107016444206, -0.002381721744313836, -0.005117552354931831, 0.0276749599725008, -0.02143719792366028, -0.010167006403207779, -0.01755562238395214, -0.00618668831884861, 0.016016609966754913, -0.009533696807920933, -0.019067393615841866, 0.01090927328914404, -0.03176083043217659, -0.010126148350536823, 0.02478761225938797, 0.003290827851742506, -0.0006128805107437074, -0.006203712895512581, 0.007034506183117628, -0.010514305904507637, -0.03900643810629845, -0.02384786121547222, 0.007007267326116562, -0.009349832311272621, -0.009057012386620045, -0.022690199315547943, -0.014668273739516735, 0.008219408802688122, -0.018808621913194656, 0.01795058883726597, 0.02334393747150898, -0.0026353863067924976, -0.0043752859346568584, 0.03753552585840225, 0.022976210340857506, 0.011590251699090004, -0.025223437696695328, -0.018222980201244354, -0.014314165338873863, -0.040123242884874344, -0.018767762929201126, -0.019884567707777023, -0.03511124476790428, 0.024773992598056793, 0.03464818000793457, 0.010684550739824772, -0.03304107114672661, -0.009377071633934975, -0.04252028837800026, -0.013428892940282822, 0.014940665103495121, -0.0034797992557287216, 0.04004152864217758, 0.013040735386312008, -0.009826517663896084, 0.03211493790149689, 0.018563469871878624, 0.015526306815445423, -0.02249952405691147, 0.018631568178534508, -0.011957979761064053, 0.010282773524522781, 0.029145874083042145, -0.008573517203330994, -0.012679817155003548, 0.0016641408437862992, -0.0007558859651908278, -0.0003985851362813264, 0.035138484090566635, 0.012686626985669136, -0.008314745500683784, -0.04039563611149788, 0.009540506638586521, 0.006966408342123032, 0.016643110662698746, 0.016738448292016983, 6.13944575889036e-05, -0.020974133163690567, -0.009594985283911228, 0.01793696917593479, 0.000903147563803941, -0.004637462552636862, 0.02657177485525608, 0.006533987354487181, -0.024842090904712677, 0.00515500595793128, -0.01573059894144535, -0.005172030534595251, 0.004010962322354317, -0.005423992406576872, 0.028219742700457573, 0.010916083119809628, 0.015485447831451893, 0.039060916751623154, -0.016180045902729034, 0.0039054108783602715, -0.011835403740406036, 0.03769896179437637, 0.015172197483479977, -0.0021297598723322153, 0.007749533746391535, 0.00558061758056283, 0.03530191630125046, -0.017160654067993164, 0.010670931078493595, -0.009806088171899319, 0.012216751463711262, -0.011590251699090004, -0.003256778931245208, -0.030044764280319214, -0.014695513062179089, -0.011610681191086769, -0.01781439408659935, -0.009846947155892849, 0.010936512611806393, 0.004535316023975611, -0.04723265767097473, 0.00242428295314312, 0.007742723915725946, -0.0329865925014019, 0.007892538793385029, 0.014082632027566433, 0.01504962146282196, -0.010786697268486023, 0.0198981873691082, 0.022458665072917938, -0.012434665113687515, -0.010888843797147274, 0.21235628426074982, 0.015539925545454025, 0.01281601283699274, 0.024692274630069733, -0.018359176814556122, 0.005662335082888603, 0.022267991676926613, 0.012066936120390892, -0.0356287881731987, 0.01054154522716999, 0.020442970097064972, -0.0029196946416050196, -0.02492380701005459, -0.003171656746417284, 4.5966036850586534e-05, -0.0032176226377487183, -0.033395178616046906, -0.016016609966754913, 0.004991571418941021, -0.01769181713461876, 0.027416188269853592, -0.01765095815062523, -0.003592160763218999, -0.02394319884479046, 0.014572937041521072, -0.008198979310691357, 0.008498609997332096, 0.012972637079656124, 0.012700246647000313, 0.018045926466584206, -0.015621643513441086, -0.01679292693734169, -0.008879957720637321, -0.006465889513492584, -0.024392643943428993, 0.002138271927833557, 0.008008304983377457, 0.021695969626307487, 0.0022182869724929333, 0.025359634310007095, -0.009744800627231598, -0.03897920250892639, 0.0008205788908526301, 0.008103642612695694, -0.00010416840814286843, 0.022771915420889854, 0.009322593919932842, -0.0037079271860420704, 0.0140281543135643, 0.02865556813776493, -0.006755304988473654, -0.012060126289725304, 0.017923349514603615, -0.005039239767938852, -0.0030695099849253893, -0.010071669705212116, 0.00015875307144597173, 0.015553545206785202, 0.003091641701757908, 0.018427273258566856, -0.010670931078493595, 0.025264296680688858, -0.006986837834119797, 0.03554707020521164, -0.0031052613630890846, -0.0031665493734180927, -0.007940207608044147, 0.01116123516112566, 0.011208903975784779, -0.01985732838511467, 0.0036909026093780994, -0.020769840106368065, 0.008975294418632984, -0.004252709913998842, 0.014600175432860851, -0.0063160741701722145, 0.017065318301320076, 0.00636714743450284, 0.020388491451740265, 0.027225514873862267, -0.010793507099151611, -0.015376491472125053, 0.0014411204028874636, -0.005968775134533644, -0.019571317359805107, -0.0133676053956151, 0.009526886977255344, -0.004565959796309471, -0.01394643634557724, -0.00044391275150701404, 0.0005447826697491109, 0.004732799716293812, -0.016561392694711685, -0.01267300732433796, -0.011828593909740448, -0.015866795554757118, 0.010990990325808525, 0.03252352774143219, -0.011998838745057583, -0.021314622834324837, -0.03925159201025963, 0.044917330145835876, -0.004943902604281902, -0.01296582818031311, -0.014954284764826298, 0.026857785880565643, 0.0007869555847719312, 0.014559317380189896, -0.008444131352007389, -0.029499981552362442, 0.025918036699295044, -0.023112405091524124, -0.0011551094939932227, -0.015866795554757118, 0.004834946244955063, 0.011903501115739346, 0.0016360505251213908, -0.015512687154114246, -0.0026421959046274424, -0.007790392264723778, 0.003864552127197385, -0.03652767837047577, 0.02066088281571865, 0.0018863100558519363, -0.010112528689205647, -0.02108309045433998, -0.011651539243757725, 0.008988914079964161, 0.006884691305458546, 0.009057012386620045, -0.0023936389479786158, -0.02117842622101307, -0.007892538793385029, -0.02053830772638321, -0.011855833232402802, -0.00618668831884861, 0.0024464146699756384, -0.03557430952787399, 0.0048111118376255035, -0.010521115735173225, -0.004331022500991821, -0.023534610867500305, 0.04646996408700943, -0.0038305032067000866, 0.00585641385987401, -0.0061798784881830215, 0.026898644864559174, -0.004743013996630907, -0.024161111563444138, -0.019925426691770554, -0.0314611978828907, -0.00567595474421978, 0.02797459065914154, -0.007858490571379662, -0.013462942093610764, -0.007953827269375324, 0.02542773075401783, -0.03443026542663574, 0.009594985283911228, 0.003864552127197385, -0.022295230999588966, 0.017964208498597145, -0.004177802242338657, -0.023520993068814278, -0.019326165318489075, 4.7535479097859934e-05, -0.17236924171447754, 0.007722294423729181, 0.041866548359394073, -0.04638824611902237, 0.019108252599835396, 0.013619567267596722, 0.016820164397358894, -0.017405806109309196, -0.024651415646076202, -0.01913549192249775, 0.016479676589369774, -0.0214235782623291, -0.048403941094875336, -0.028927959501743317, -0.002134867012500763, -0.0017552217468619347, -0.0024617367889732122, -0.0011814974714070559, 0.025182578712701797, 0.033613089472055435, 0.014790849760174751, -0.033912722021341324, 0.0011338290059939027, -0.013428892940282822, -0.023017067462205887, 0.02486933022737503, 0.003154632169753313, 0.014845328405499458, 0.015934893861413002, -0.008505419827997684, 0.016643110662698746, 0.0025008930824697018, 0.03524743765592575, -0.020756220445036888, 0.010916083119809628, -0.006758709903806448, -0.0042186607606709, -0.009445169940590858, 0.0023885315749794245, -0.001455591176636517, 0.025073623284697533, 0.002609849441796541, -0.032251134514808655, 0.030671264976263046, 0.016180045902729034, 0.025495829060673714, -0.0012053316459059715, 0.003786239540204406, -0.0009337915689684451, -0.022948971018195152, 0.005212889052927494, -0.03350413590669632, -0.00932940375059843, 0.0011151020880788565, 0.004780468065291643, 0.00848499033600092, 0.012747914530336857, 0.007170701865106821, -0.02903691679239273, -0.02955446019768715, -0.00037985824747011065, -0.024842090904712677, -0.00903658289462328, -0.011610681191086769, -0.02266295999288559, -0.0034457503352314234, -0.010725408792495728, 0.03306831046938896, -0.018304698169231415, 0.014273306354880333, -0.004160777665674686, 0.0325780026614666, 0.0011610680958256125, 0.03230561316013336, -0.016438817605376244, -0.002262550638988614, -0.019108252599835396, 5.798956408398226e-06, -0.009785658679902554, 0.010602832771837711, -0.04287439584732056, 0.022812774404883385, -0.0527077242732048, 0.022948971018195152, 0.004640867467969656, -0.00019971818255726248, 0.009724371135234833, -0.0029162897262722254, 0.02057916484773159, 0.00039390340680256486, 0.017187893390655518, -0.039823614060878754, 0.00792658794671297, 0.0026881620287895203, 0.002713698660954833, 0.020987752825021744, 0.008362414315342903, 0.00631266925483942, -0.0022387162316590548, 0.0057440525852143764, 0.011331479996442795, -0.03238733112812042, -0.009731180965900421, -0.000705663813278079, 0.01387833897024393, 0.002565586008131504, 0.0195168387144804, -0.0042799487709999084, 0.05336146429181099, -0.003970103804022074, -0.03963293880224228, 0.007143463008105755, 0.004412739537656307, 0.02258124202489853, 0.005883652716875076, 0.01963941566646099, -0.008975294418632984, 0.0006528879748657346, 0.010630072094500065, -0.007388615049421787, 0.0697321817278862, -0.026040611788630486, 0.0009618819458410144, -0.014341403730213642, -0.003198895836248994, -0.02516895905137062, -0.10045792907476425, -0.025904417037963867, -0.0007520554354414344, -0.007912968285381794, -0.008273886516690254, 0.012359756976366043, -0.00984013732522726, 0.01203288696706295, 0.00029728960362263024, 0.013081594370305538, -0.05080098658800125, -0.02232247032225132, 0.014681893400847912, 0.00888676755130291, 0.0020531497430056334, -0.008900387212634087, 0.011277001351118088, 0.025700122117996216, -0.0032465641852468252, 0.04690578952431679, -0.006598680280148983, -0.011746876873075962, 0.008158120326697826, -0.02198198065161705, 0.009091060608625412, 0.01925806701183319, -0.021709589287638664, -0.010779887437820435, 0.021192045882344246, -0.02895519882440567, -0.003260183846578002, -0.025618406012654305, -0.007129843346774578, -0.006149234715849161, -0.011168044991791248, -0.010691359639167786, -0.0016692482167854905, -0.026054231449961662, 9.991229308070615e-05, -0.044318072497844696, -0.007436283398419619, 0.02168234996497631, 0.0031648469157516956, -0.003970103804022074, 0.0012232073349878192, -0.005355894565582275, -0.03162463381886482, 0.033395178616046906, 0.011440436355769634, -0.01735132746398449, -0.029690656810998917, 0.011345099657773972, -0.023970438167452812, -0.007368185557425022, 0.031188808381557465, 0.02849213406443596, 0.0009729478042572737, 0.01337441522628069, -0.015894034877419472, 0.016656730324029922, -0.011297430843114853, 0.00033942513982765377, -0.005093717947602272, 0.013197360560297966, 0.015839556232094765, 0.0053933486342430115, -0.02210455760359764, -0.001054665190167725, -0.00684723723679781, -0.00558061758056283, -0.009833327494561672, 0.009560936130583286, -0.03976913541555405, 0.012421045452356339, -0.021505296230316162, 0.010078479535877705, -0.00624116649851203, -0.004439978860318661, 0.011454056017100811, -0.0024532245006412268, 0.021777687594294548, -0.007477142382413149, -0.0011644730111584067, -0.016084708273410797, 0.017868872731924057, 0.01594851352274418, 0.002269360236823559, 0.0056316908448934555, 0.00854627788066864, -0.03614633157849312, 0.0073749953880906105, -0.002322136191651225, -0.004392310511320829, -0.04290163516998291, -0.01645243726670742, 0.021110327914357185, -0.0033112571109086275, 0.014218827709555626, -0.0054716612212359905, 0.009145539253950119, -0.007279658690094948, -0.005127767100930214, -0.03927883133292198, 0.02394319884479046, -0.021151186898350716, -0.0168746430426836, 0.007906158454716206, 0.007395424880087376, 0.013912388123571873, -0.024242829531431198, 0.02288087271153927, 0.0270893182605505, -0.004031391814351082, 0.01519943680614233, -0.010051240213215351, -0.006401196587830782, -0.024201970547437668, -0.008505419827997684, 0.009465599432587624, 0.003427023533731699, 0.023752525448799133, 0.029091395437717438, -0.01793696917593479, -0.015567164868116379, -0.0008937841048464179, 0.01332674641162157, -0.03309554606676102, 0.010732218623161316, 0.009533696807920933, 0.00984013732522726, -0.013081594370305538, -0.017269611358642578, 0.01256405096501112, -0.028927959501743317, 0.009070632047951221, 0.003200598293915391, 0.025441350415349007, -0.021464437246322632, 0.008464560844004154, 0.04039563611149788, 0.04153968021273613, 0.024120252579450607, -0.006540797185152769, -0.02414749190211296, 0.008069593459367752, -0.03549259155988693, 0.011985219083726406, 0.0099490936845541, -0.01993904635310173, -0.004545530304312706, 0.007463522721081972, 0.002652410650625825, 0.03590117767453194, 0.01765095815062523, -0.0052809868939220905, -0.018781382590532303, -0.010153386741876602, -0.01549906749278307, 0.019326165318489075, 0.0270893182605505, -0.02134186215698719, 0.007197941187769175, 0.03707246109843254, 0.006043682806193829, 0.0136468056589365, -0.004950712434947491, 0.005502304993569851, -0.002155296504497528, -0.012829632498323917, -0.008069593459367752, 0.009002533741295338, 0.0028260601684451103, -0.014722751453518867, -0.0017424533143639565, 0.008246648125350475, 0.008784621022641659, 0.001969729783013463, -0.011140805669128895, -0.010357680730521679, 0.0002736681781243533, -0.0006967259687371552, -0.00958817545324564, 0.009976333007216454, -0.0325780026614666, -0.016002990305423737, -0.01590765453875065, 0.037017982453107834, 0.03206045925617218, -0.002534942002967, 0.019189970567822456, 0.015144958160817623, -0.004150562919676304, -0.008498609997332096, 0.017787154763936996, -0.002606444526463747, 0.030072003602981567, 0.02134186215698719, -0.03167911246418953, -0.03720865771174431, 0.006108375731855631, 0.025454970076680183, 0.011399577371776104, -0.0048281364142894745, 0.022159036248922348, -0.022036459296941757, -0.01895843632519245, -0.015131338499486446, 0.0034219161607325077, -0.037181418389081955, -0.03238733112812042, -0.0012904539471492171, 0.022336089983582497, -0.012216751463711262, -0.02738894894719124, -0.03385824337601662, 0.003341901348903775, 0.010466637089848518, 0.006796163972467184, 0.005832579452544451, -0.016016609966754913, -0.0041028945706784725, 0.01216227374970913, 0.008675663731992245, -0.007783582434058189, 0.01050068624317646, -0.014532078057527542, 0.039306070655584335, 0.006775734480470419, 0.004351451527327299, -0.020347632467746735, 0.012039696797728539, 0.03023543953895569, 0.037481047213077545, 0.004429764114320278, -0.026898644864559174, -0.01997990533709526, -0.010766267776489258, -0.02687140554189682, -0.0020701740868389606, 0.02176406793296337, -0.002953743562102318, 0.07447179406881332, 0.004123324062675238, 0.013714903965592384, 0.008096832782030106, -0.030153721570968628, 0.013769382610917091, 0.020211437717080116, 0.007919778116047382, -0.005703193601220846, -0.009629033505916595, 0.010664121247828007, -0.009445169940590858, -0.0208379365503788, -0.0002806907577905804, -0.017610101029276848, 0.008062783628702164, 0.00173564360011369, 0.015934893861413002, 0.014831708744168282, -0.01709255576133728, 0.02525067701935768, -0.012829632498323917, 0.03669111430644989, -0.012652577832341194, 0.00020344227959867567, 0.0070413160137832165, 0.015281153842806816, -0.027661340311169624, -0.01653415523469448, -0.0179914478212595, 0.010561973787844181, 0.016466056928038597, -0.027525145560503006, 0.004286758601665497, -0.006285429932177067, 0.009513267315924168, 0.004623842891305685, -0.011964789591729641, 0.0006975771975703537, 0.009125109761953354, 0.00271540111862123, -0.010337251238524914, -0.009683512151241302, -0.008382843807339668, -0.010214675217866898, -0.0054954951629042625, 0.02078345976769924, -0.011474485509097576, -0.023738905787467957]","[-0.026686882600188255, -0.006779166404157877, 0.01780916191637516, 0.003763965331017971, -0.015673674643039703, 0.029655076563358307, -0.003918418660759926, -0.015149876475334167, -0.012792780995368958, 0.002429285319522023, 0.039701271802186966, 0.010818461887538433, 0.016815287992358208, -0.0035759347956627607, 0.01690930314362049, -0.0042776912450790405, 0.0001921225484693423, -0.024081319570541382, -0.008763558231294155, -0.020226696506142616, -0.027022650465369225, 0.015848275274038315, -0.03207261115312576, -0.023194890469312668, -0.008629251271486282, 0.006560917012393475, -0.00015644714585505426, -0.018131500110030174, 0.011463137343525887, 0.006470259744673967, 0.03228750079870224, 0.018561284989118576, -0.021489186212420464, -0.026592867448925972, -0.016157181933522224, -0.0015218708431348205, 0.009106042794883251, -0.020334141328930855, 0.002444394864141941, -0.007984575815498829, 0.015405059792101383, -0.0034517005551606417, -0.020481880754232407, -0.00941494945436716, 0.012591320089995861, 0.022066708654165268, 0.016694411635398865, -0.006963839288800955, 0.004361633211374283, -0.017124194651842117, 0.01865530014038086, 0.03559146448969841, -0.03714942932128906, -0.008394213393330574, 0.007319753989577293, -0.026283960789442062, 0.004338129423558712, 0.019622312858700752, -0.0034886349458247423, 0.006715370807796717, 0.03295904025435448, 0.038008999079465866, 9.5956347649917e-05, -0.0016998281935229897, -0.008965020067989826, -0.02385299652814865, -0.01415600161999464, -0.01151686068624258, -0.009482103399932384, -0.005096966400742531, 0.038143303245306015, 0.0060035414062440395, 0.0002753301814664155, -0.005214485339820385, 0.02193240076303482, 6.348123861243948e-06, -0.030326614156365395, -0.02672717534005642, 0.0153110446408391, 0.01642579585313797, 0.007682383991777897, -0.004479152150452137, -0.03457072749733925, 0.01614375039935112, 0.011644452810287476, 0.039728131145238876, 0.02500803954899311, 0.008132313378155231, 0.0022311818320304155, 0.01780916191637516, -0.010106632485985756, -0.004230683669447899, 0.013981401920318604, 0.010643862187862396, 0.007944283075630665, 0.02303372137248516, 0.0015243891393765807, 0.030353475362062454, -0.031239904463291168, -0.023973872885107994, -0.03121304325759411, 0.010919192805886269, -0.01758084073662758, -0.0018551211105659604, -0.02901040017604828, -0.0018198654288426042, 0.009804440662264824, -0.017459964379668236, 0.010153640061616898, -0.0005023936391808093, -0.012342851608991623, 0.006288944743573666, 0.015928858891129494, -0.019152237102389336, 0.0027935942634940147, 0.011738467961549759, 0.014814107678830624, -0.016304919496178627, -0.011892921291291714, -0.0008729981491342187, 0.007474207319319248, 0.0016410687239840627, 0.034866202622652054, -0.026888344436883926, 0.011167661286890507, 0.004542948212474585, -0.00034059520112350583, 0.0043817791156470776, 0.01744653284549713, -0.030219167470932007, 0.0011130726197734475, 0.04123237729072571, -0.006513909436762333, 0.01179890614002943, 0.008333775214850903, 0.01422315463423729, 0.005600619129836559, 0.01472009252756834, -0.0069839851930737495, -0.02695549838244915, 0.012893511913716793, 0.02410818077623844, -0.004324698820710182, -0.008562097325921059, -0.04048025235533714, 0.0072928923182189465, -0.003110895399004221, -0.004297837149351835, 0.008152459748089314, -0.014129139482975006, 0.022590506821870804, 0.011402699165046215, 0.014787246473133564, 0.0074271997436881065, 0.016251197084784508, -0.009770864620804787, 0.007883844897150993, -0.014827538281679153, -0.009858164004981518, -0.030380336567759514, 0.020455019548535347, 0.010959484614431858, 0.018212085589766502, 0.020696772262454033, -0.002608921378850937, 0.02303372137248516, 0.012369712814688683, -0.01450520008802414, 0.0021724223624914885, -0.003908345475792885, 0.013994832523167133, -0.004902220331132412, -0.03064895048737526, 0.00672544352710247, -0.026310821995139122, -0.0015638419426977634, -0.009508964605629444, 0.013457602821290493, -0.020159542560577393, -0.019608881324529648, -0.024712564423680305, 0.004526159726083279, 0.020132681354880333, 0.03739118203520775, -0.036424171179533005, -0.04297837242484093, 0.013289717957377434, -0.001974318874999881, -0.006121060345321894, 0.02385299652814865, -0.01096620038151741, 0.010012617334723473, -0.024578256532549858, -0.013497894629836082, -0.6386585831642151, -0.011738467961549759, -0.00045496635721065104, -0.013303149491548538, 0.012685335241258144, -0.009287357330322266, 0.007044423837214708, 0.024618549272418022, -0.0036665922962129116, 0.016855580732226372, 0.0077293915674090385, 0.012101097963750362, -0.0034349120687693357, -0.014397754333913326, -0.02060275711119175, -0.020307280123233795, 0.008011437021195889, -0.0035826500970870256, -0.009643272496759892, -0.007830122485756874, -0.005896095186471939, 0.027613604441285133, -0.02226816862821579, 0.007856983691453934, 0.0037572497967630625, -0.009824587032198906, -0.01690930314362049, -0.0009124509524554014, 0.0027331558521836996, 0.05012352764606476, -0.0434618778526783, 0.005486457608640194, -0.0036330155562609434, 0.017204780131578445, 0.0361286923289299, 0.0022043203935027122, 0.007098146714270115, 0.009179911576211452, -0.004714190028607845, 0.06581062823534012, 0.007910706102848053, -0.00913290400058031, 0.01619747467339039, -0.006466901861131191, 0.00862253550440073, -0.03011172264814377, 0.01316884160041809, -0.01130196824669838, 0.008333775214850903, -0.01422315463423729, 0.0011382553493604064, -0.0035054234322160482, -0.019031360745429993, 0.02139517106115818, 0.017177917063236237, -0.0018886979669332504, 0.03688081353902817, -0.0008780346834100783, 0.03454386815428734, -0.001676324405707419, 0.020159542560577393, 0.006923547014594078, -0.014411184936761856, -0.013806802220642567, -0.0412055142223835, 0.021328017115592957, 0.004250829573720694, -0.010361816734075546, 0.00013378277071751654, -0.013256141915917397, 0.02260393649339676, -0.002711330773308873, 0.0008948231115937233, -0.013430741615593433, 0.01422315463423729, -0.0025384100154042244, 0.013437456451356411, -0.028043387457728386, 0.01716448739171028, 0.00877698976546526, 0.0025535195600241423, -0.018803037703037262, -0.03682709112763405, 0.0022832260001450777, -0.00997904036194086, -0.0030672454740852118, -0.04539590701460838, -0.028285140171647072, -0.00026546698063611984, 0.0027751268353313208, 0.005254777614027262, 0.025760160759091377, -0.006218433380126953, -0.032502394169569016, 0.008360636420547962, 0.01445147767663002, -0.017406240105628967, 0.003448342904448509, 0.023973872885107994, -0.01870902255177498, -0.010825177654623985, 0.010254370979964733, -0.018212085589766502, 0.00936794187873602, 0.040319085121154785, 0.01775543950498104, -0.025169208645820618, 0.008414359763264656, 0.03771352022886276, -0.011362407356500626, -0.011281822808086872, 0.019259681925177574, -0.000850333773996681, -0.0014530383050441742, -0.01127510704100132, -0.02367839589715004, 0.027533018961548805, 0.0016402292530983686, -0.025021471083164215, -0.007413769140839577, 0.017231641337275505, 0.020414726808667183, 0.016586964949965477, -0.00991860218346119, 0.010583424009382725, 0.00400907639414072, 0.030407197773456573, 0.016922734677791595, 0.0197566207498312, -0.017567409202456474, 0.02080421894788742, -0.028607478365302086, 0.008065160363912582, -0.007004131563007832, -0.01532447524368763, -0.018252376466989517, 0.017258502542972565, -0.002978266915306449, -0.0055032460950315, -0.02139517106115818, -0.013679210096597672, -0.023866426199674606, 0.01950143650174141, -0.006231863982975483, 0.005227915942668915, -0.04332756996154785, -0.04340815544128418, -0.0013732933439314365, -0.015485644340515137, -0.007668953388929367, -0.01578112132847309, -0.010630431585013866, 0.007326469291001558, 0.013706071302294731, 0.0086091049015522, 0.0028137401677668095, -0.006990700960159302, -0.026028776541352272, -0.01422315463423729, -0.02142203226685524, -0.016130320727825165, 0.03945951908826828, -0.00018047558842226863, -0.0033257873728871346, -0.014290308579802513, -0.03776724264025688, -0.010341670364141464, -0.002743228804320097, -0.00915976520627737, -0.028177695348858833, 0.0073734768666327, -0.0018148289527744055, 0.0005099484696984291, -0.0112213846296072, 0.007266031112521887, -0.002049866830930114, -0.03336196020245552, 0.018225515261292458, 0.0002677754091564566, -0.010126778855919838, 0.017459964379668236, 0.015418491326272488, 0.02534380927681923, -0.009455242194235325, 0.0031142530497163534, 0.011463137343525887, 0.006252009887248278, 0.01450520008802414, -0.02644512988626957, 0.03545715659856796, 0.024631978943943977, 0.02472599409520626, -0.013276287354528904, -0.010301378555595875, 0.001409388380125165, 0.006762378383427858, 0.0203207116574049, 0.004912293516099453, 0.007044423837214708, 0.008770273998379707, 0.030675813555717468, -0.017956901341676712, 0.00941494945436716, -0.020414726808667183, 0.013591909781098366, -0.020992249250411987, -0.005822226405143738, -0.026995789259672165, 0.0022227875888347626, -0.0016712878132238984, 0.024591686204075813, -0.009240349754691124, 0.001893734559416771, -0.005301785189658403, 0.0024964390322566032, 0.041957635432481766, -0.010126778855919838, 0.00017470456077717245, -0.0006635625613853335, 0.017916608601808548, -0.0019138805801048875, 0.00934108067303896, 0.018615007400512695, -0.0024225700180977583, 0.031938303261995316, 0.023490365594625473, 0.007279461715370417, 0.006806028075516224, 0.0051171123050153255, -0.008703120052814484, 0.01783602498471737, 0.019877497106790543, 0.0016822003526613116, -0.0011382553493604064, 0.006386317312717438, 0.012725627049803734, 0.020307280123233795, -0.01312183402478695, 0.02731812745332718, -0.0283657256513834, -0.0062755136750638485, 0.024309640750288963, -0.0021741013042628765, -0.03712256997823715, 0.024860301986336708, -0.003636373206973076, 0.014088847674429417, 0.032018888741731644, 0.006033760495483875, 0.01254431251436472, -0.026015345007181168, -0.014693230390548706, -0.019205959513783455, -0.013202418573200703, 0.0034147659316658974, -0.01788974739611149, 0.01981034316122532, 0.010543132200837135, 0.008763558231294155, 0.015230460092425346, 0.0032317719887942076, -0.0012817963724955916, 0.015109583735466003, -0.0058524454943835735, 0.018440406769514084, 0.019850635901093483, -0.0039654262363910675, -0.0009132904233410954, 0.007064569741487503, -0.0030655667651444674, -0.003117610700428486, -0.04391852393746376, -0.01896420679986477, -0.04096376150846481, 0.0306220892816782, -0.0055704000405967236, 0.02283225953578949, 0.0071451542899012566, 0.014921553432941437, 0.007903991267085075, -0.01606316678225994, -0.027358420193195343, -0.024591686204075813, 0.010059624910354614, -0.00046671825111843646, -0.020172974094748497, -0.00915976520627737, -0.0018618365284055471, 0.016210904344916344, 0.003444985020905733, 0.002701257821172476, 0.02277853712439537, 0.015364767983555794, -0.0030857129022479057, -0.008441220968961716, 0.011852629482746124, 0.029064124450087547, 0.013047965243458748, 0.001868551829829812, 0.007803260814398527, -0.018413545563817024, 0.008555382490158081, -0.006356098223477602, -0.004878716543316841, 0.03878797963261604, 0.019407421350479126, 0.004566452000290155, -0.03830447420477867, -0.028123972937464714, -0.008615820668637753, 0.004190391395241022, -0.013155410997569561, -0.029279015958309174, -0.023450074717402458, -0.009193342179059982, 0.005365581251680851, -0.01124824583530426, -0.013497894629836082, 0.02508862502872944, 0.005835657007992268, -0.024376794695854187, -0.008649397641420364, -0.036370448768138885, 0.016828719526529312, 0.027721049264073372, 0.014061986468732357, 2.19429985008901e-05, -0.004391852300614119, -0.0029799456242471933, -0.010845323093235493, 0.02551840804517269, -0.03397977352142334, 0.02549154683947563, -0.019595451653003693, -0.012436866760253906, -0.007460776716470718, -0.001734244404360652, 0.007245884742587805, -0.0023570950143039227, 0.01151686068624258, 0.0051238276064395905, -0.03064895048737526, -0.009334364905953407, -0.022335322573781013, 0.016976457089185715, -0.008011437021195889, 0.05060703307390213, 0.029279015958309174, -0.00886428914964199, 0.005607334431260824, 0.02170407772064209, -0.01130196824669838, 0.012517450377345085, -0.03833133354783058, -0.021126555278897285, -0.0011751898564398289, 0.01415600161999464, 0.019085083156824112, -0.00025014756829477847, 0.04069514572620392, 0.010180502198636532, -0.006695224437862635, 0.019259681925177574, 0.0029346169903874397, 0.01477381493896246, 0.0037337460089474916, 0.013571764342486858, -0.0020465091802179813, 0.019461143761873245, 0.0070309932343661785, -0.0003512978146318346, 0.008642681874334812, -0.004217252600938082, 0.02080421894788742, -0.026015345007181168, -0.014317169785499573, -0.025558700785040855, 0.03344254568219185, 0.0311861801892519, 0.019998373463749886, 0.01995808072388172, 0.003770680632442236, -0.028822369873523712, -0.043596185743808746, -0.023476935923099518, 0.015767689794301987, -0.0032888527493923903, 0.011657883413136005, 0.001518513192422688, -0.01944771409034729, -0.012577889487147331, -0.007514499593526125, -0.03451700508594513, 0.0027818423695862293, -0.0007407893426716328, -0.019608881324529648, -0.02952076867222786, 0.0037438191939145327, 0.04287092760205269, 0.03846564143896103, 0.012846504338085651, 0.021234001964330673, -0.020253557711839676, 0.011093792505562305, -0.0061714258044958115, -0.027049513533711433, -0.01394110918045044, -0.00361958472058177, 0.00021531156380660832, 0.01913880556821823, -0.004593313671648502, -0.0014698267914354801, -0.014961845241487026, 0.05162777006626129, -0.029816245660185814, -0.011590729467570782, 0.020763926208019257, -0.007702529896050692, 0.00915976520627737, 0.010852038860321045, 0.00180307705886662, 0.02954762987792492, -0.010046194307506084, -0.01583484373986721, 0.027331558987498283, 0.01693616434931755, -0.026351114735007286, 0.004636963363736868, -0.001367417280562222, 0.013994832523167133, 0.00402250699698925, 0.02260393649339676, 0.000462940864963457, -0.0166541188955307, -0.016466088593006134, -0.036424171179533005, 0.03524226322770119, -0.0030387050937861204, 0.01972975954413414, 0.03618241846561432, 0.02122057043015957, 0.028097109869122505, -0.0008557900437153876, 0.011872774921357632, -0.003144472371786833, -0.021851815283298492, 0.027089804410934448, -5.681833135895431e-05, -0.008105452172458172, -0.01578112132847309, -0.020777355879545212, -0.010348386131227016, -0.026257099583745003, -0.0011239851592108607, 0.011550437659025192, 0.045342180877923965, 0.0016645725117996335, -0.022389044985175133, -0.038573089987039566, -0.0020062169060111046, 0.002961478428915143, -0.004405282903462648, -0.0191925298422575, -0.00018750573508441448, 0.015713967382907867, -0.02534380927681923, 0.018507560715079308, -0.01555279828608036, -0.003372794948518276, -0.026606298983097076, -0.021610062569379807, 0.02269795350730419, 0.015163307078182697, 0.001751032890751958, 0.01528418343514204, -0.009461957029998302, -0.003569219494238496, -0.033093344420194626, 5.5873981182230636e-05, -0.014263447374105453, 0.0007097307243384421, 0.008011437021195889, 0.023436643183231354, 0.009797725826501846, 0.023154597729444504, -0.004996235948055983, 0.029225293546915054, -0.00029463687678799033, 0.0009947143262252212, -0.009005311876535416, 0.0013984759571030736, -0.0077361068688333035, 0.003596080932766199, -0.0029480475932359695, 0.013497894629836082, -0.013753078877925873, 0.0022059993352741003, -0.003070603124797344, 0.012322705239057541, 0.0115705830976367, -0.0071720159612596035, 0.00801815278828144, -0.01642579585313797, -0.034194666892290115, -0.018158361315727234, 0.014854399487376213, 0.00044909041025675833, 0.0003804677107837051, -0.021556340157985687, -0.00835392065346241, -0.008454651571810246, -0.021274294704198837, 0.018386684358119965, -0.009421665221452713, 0.003426517825573683, 0.032582979649305344, 0.00548981549218297, -0.008958304300904274, -0.010502839460968971, -0.007601799443364143, 0.010610285215079784, -0.009522395208477974, -0.005593903828412294, 0.017124194651842117, -0.022671090438961983, 0.01857471466064453, 0.00355243100784719, 0.01639893464744091, -0.01998494379222393, -0.0018819826655089855, -0.0008889471646398306, -0.01786288619041443, -0.010563277639448643, 0.0024057815317064524, -0.013316580094397068, -0.012651758268475533, -0.02001180499792099, -0.009307503700256348, 0.007662237621843815, 0.03287845477461815, -0.002385635394603014, 0.0019239536486566067, -0.019595451653003693, -0.025169208645820618, 0.010811747051775455, -0.008427790366113186, 0.026404837146401405, 0.008320344612002373, 0.01693616434931755, -0.007971145212650299, -0.0063124485313892365, -0.021462325006723404, -0.02365153469145298, 0.008179320953786373, 0.007400338537991047, 0.030917566269636154, 0.027962803840637207, -0.011966790072619915, -0.03435583412647247, -0.00347184669226408, -0.0073734768666327, 0.01639893464744091, -0.026566006243228912, -0.008642681874334812, 0.0155259370803833, -0.03325451537966728, 0.00033912621438503265, 0.01470666192471981, -0.003201552899554372, 0.010858754627406597, -0.006278871558606625, 0.05114426091313362, -0.003999003209173679, -0.03107873536646366, -0.02165035530924797, 0.01205409038811922, -0.0025635927449911833, 0.01264504250138998, -0.03239494934678078, 0.049828048795461655, -0.015069291926920414, 0.013524756766855717, -0.005335362162441015, 0.02085794135928154, -0.016976457089185715, 0.00018645645468495786, -0.036451030522584915, -0.016278058290481567, -0.0026962212286889553, 0.0015470534563064575, -0.020643049851059914, -0.025746731087565422, -0.033173929899930954, 0.028634339570999146, 0.010355101898312569, -0.0061714258044958115, 0.027331558987498283, -0.006450113374739885, -0.005590545944869518, -0.0032905316911637783, -0.02249649167060852, -0.010267801582813263, -0.014250016771256924, -0.007017562165856361, 0.025813885033130646, 0.020696772262454033, -0.011140800081193447, -0.014948414638638496, 0.004942512605339289, -0.003228414338082075, -0.029816245660185814, 0.0054260194301605225, 0.018077777698636055, -0.024873733520507812, -0.027116665616631508, 0.016801856458187103, 0.007883844897150993, 0.020132681354880333, 0.0038579804822802544, -0.004747767001390457, 0.011973505839705467, 0.027533018961548805, 0.00694369338452816, -0.0007651325431652367, 0.03054150566458702, -0.01826580800116062, 0.0017913250485435128, 0.030863843858242035, -0.010576708242297173, -0.019568590447306633, 0.0037337460089474916, -0.01575426012277603, -0.04687328636646271, -0.011913067661225796, -0.001994465012103319, 0.029789384454488754, -0.023127736523747444, -0.008293482474982738, -0.0012801175471395254, 0.006513909436762333, 0.01662725768983364, -0.009233634918928146, -0.007198877166956663, 0.01018721703439951, -0.03634358569979668, -0.013712787069380283, 0.019595451653003693, 0.006873182021081448, 0.00045748462434858084, -0.015190168283879757, 0.01048269309103489, -0.006470259744673967, -0.03736432269215584, -0.024054458364844322, -0.001259131939150393, -0.004375063814222813, -0.0008965019951574504, -0.01502899918705225, -0.021945830434560776, 0.0041064489632844925, -0.010885615833103657, 0.01947457529604435, 0.021798092871904373, -0.00260388501919806, -0.007111577317118645, 0.03333510085940361, 0.025021471083164215, -0.0034231601748615503, -0.018131500110030174, -0.005281638819724321, 0.001435410464182496, -0.034275252372026443, -0.02142203226685524, -0.028795508667826653, -0.03510795906186104, 0.009589549154043198, 0.024994609877467155, 0.01893734559416771, -0.032529253512620926, -0.00781669095158577, -0.03384546935558319, -0.008468082174658775, 0.02833886444568634, -0.0036766654811799526, 0.025222931057214737, 0.010227509774267673, -0.02085794135928154, 0.03634358569979668, 0.023047151044011116, 0.02365153469145298, -0.01803748495876789, 0.02534380927681923, -0.010583424009382725, -0.004919008817523718, 0.029332738369703293, -0.004912293516099453, -0.026740605011582375, 0.0011197880376130342, -0.0012490589870139956, -0.00750778429210186, 0.02495431713759899, 0.011134084314107895, -0.0035490733571350574, -0.022335322573781013, 0.0007189643802121282, -0.0004679773992393166, 0.01826580800116062, 0.020414726808667183, -0.006624713074415922, -0.007501068990677595, -0.01575426012277603, 0.01525732222944498, -0.0009124509524554014, -0.018803037703037262, 0.01770171709358692, -0.00221942993812263, -0.018467269837856293, -7.932531298138201e-05, -0.012678619474172592, -0.00707800080999732, -0.0017812520964071155, 0.005147331394255161, 0.022912845015525818, 0.020307280123233795, 0.017030179500579834, 0.037606075406074524, -0.02726440504193306, 0.009730571880936623, 0.00021174403082113713, 0.0344364196062088, 0.00375389214605093, -0.004516086541116238, 0.012114528566598892, 0.012577889487147331, 0.028580617159605026, -0.005775218829512596, 0.00585580337792635, -0.011066930368542671, 0.01042897067964077, -0.005130542907863855, -0.006950408685952425, -0.034167803823947906, -0.009153050370514393, -0.012483874335885048, -0.013034534640610218, -0.002827171003445983, 0.004012433812022209, 0.007830122485756874, -0.042602311819791794, 0.005704707466065884, 0.0025014756247401237, -0.033684298396110535, 0.019353698939085007, 0.017365949228405952, 0.020052095875144005, -0.011348976753652096, 0.0077293915674090385, 0.026069069281220436, -0.004919008817523718, -0.01588856615126133, 0.21833012998104095, 0.03239494934678078, 0.008179320953786373, 0.03121304325759411, -0.0117854755371809, 0.02387985773384571, 0.02610936015844345, 0.0009644951205700636, -0.0278016347438097, 0.013994832523167133, 0.01210781279951334, -0.001551250577904284, -0.021542908623814583, 0.0025551985017955303, -0.0049760895781219006, -0.0062855868600308895, -0.029225293546915054, -0.020696772262454033, 0.00890458095818758, -0.010509555228054523, 0.019649174064397812, -0.015700535848736763, 0.0007877969183027744, -0.022201014682650566, 0.009649987332522869, 0.008857573382556438, 0.0038781266193836927, 0.005023097153753042, 0.009797725826501846, 0.008541950955986977, -0.019877497106790543, -0.010771454311907291, -0.01345088705420494, -0.009871594607830048, -0.011389268562197685, 0.00288593047298491, 0.00777639914304018, 0.01744653284549713, -0.001826580846682191, 0.001434570993296802, -0.018238946795463562, -0.0289298165589571, -0.009851448237895966, 0.004633605480194092, 0.006215075496584177, 0.030353475362062454, -0.0035557886585593224, 0.0013623808044940233, 0.01614375039935112, 0.024994609877467155, -0.015136444941163063, -0.010066340677440166, 0.009220203384757042, -0.0024880447890609503, 0.0002017758961301297, 0.0019239536486566067, -0.005066747311502695, 0.014035124331712723, -0.008615820668637753, 0.022106999531388283, -0.013215849176049232, 0.007856983691453934, 0.003522211918607354, 0.02593476139008999, 0.0038479072973132133, -0.003972141537815332, -0.006352740805596113, 0.015660244971513748, 0.01524389162659645, -0.019864065572619438, 0.012430150993168354, -0.024067888036370277, 0.017715146765112877, -0.005607334431260824, 0.01981034316122532, 0.00725260004401207, 0.008360636420547962, 0.010811747051775455, 0.009166480973362923, 0.022012984380126, 0.0015839880798012018, -0.012174966745078564, 0.012665188871324062, -0.000558634870685637, -0.015364767983555794, 0.0005800401559099555, 0.014908122830092907, 0.001477381563745439, -0.004744409117847681, -0.00880385097116232, -0.006809385959059, -0.005315215792506933, -0.01809120923280716, -0.013497894629836082, -0.0025149062275886536, -0.010690869763493538, 0.00176950020249933, 0.020508741959929466, -0.008233044296503067, -0.026297390460968018, -0.032448671758174896, 0.04824322089552879, -0.019904358312487602, -0.0183463916182518, 0.0025468042585998774, 0.013215849176049232, -0.002034757286310196, 0.014115708880126476, -0.00585580337792635, -0.020455019548535347, 0.028231417760252953, -0.023503797128796577, 0.004908936098217964, -0.016385504975914955, 0.008179320953786373, 0.01921939104795456, -0.017392810434103012, -0.020508741959929466, -0.010395393706858158, -0.006903401110321283, 0.0014857756905257702, -0.032502394169569016, 0.003228414338082075, 0.004415356088429689, -0.004039295483380556, -0.028016526252031326, 0.001701507018879056, 0.006517267320305109, 0.006413178984075785, 0.010308094322681427, 0.007366761565208435, -0.036370448768138885, -0.00852180551737547, -0.013437456451356411, -0.01619747467339039, -0.011006492190063, 0.0012054090620949864, -0.04464378207921982, -0.009690280072391033, -0.017674855887889862, -0.00022202693799044937, -0.0002927481837105006, 0.040990620851516724, -0.0068429624661803246, 0.007098146714270115, -0.009757433086633682, 0.022429337725043297, -0.013323294930160046, -0.01758084073662758, -0.024349933490157127, -0.024578256532549858, -0.0031310415361076593, 0.030192306265234947, -0.001734244404360652, -0.012457012198865414, -0.002110305242240429, 0.022227875888347626, -0.03336196020245552, 0.005096966400742531, 0.009676849469542503, -0.022872552275657654, 0.001959209330379963, 0.0019625669810920954, -0.015096153132617474, -0.01583484373986721, -0.002026363043114543, -0.1696571260690689, 0.003277100855484605, 0.04378421604633331, -0.028553755953907967, 0.021798092871904373, 0.011523575522005558, 0.011510144919157028, -0.007266031112521887, -0.024255918338894844, -0.014397754333913326, 0.01151686068624258, -0.028231417760252953, -0.03962068632245064, -0.02167721651494503, -0.006413178984075785, -0.005204412154853344, -0.009488818235695362, -0.0062855868600308895, 0.024403655901551247, 0.029037263244390488, 0.00415681442245841, -0.027385281398892403, 0.0009082538890652359, -0.009065750055015087, -0.012638327665627003, 0.017433101311326027, -6.248442514333874e-05, 0.024296211078763008, 0.01955515891313553, -0.01312183402478695, 0.015364767983555794, 0.0009376336238346994, 0.034758757799863815, -0.028231417760252953, 0.007769683841615915, -0.0011617591371759772, 0.002474613953381777, -0.003535642521455884, 0.005677845794707537, -0.00253673130646348, 0.02165035530924797, 0.012121244333684444, -0.02884923294186592, 0.022402476519346237, 0.014652938582003117, 0.022483060136437416, 0.0055670421570539474, 0.0041165221482515335, -0.002303372137248516, -0.02093852497637272, 0.012161536142230034, -0.020468449220061302, 0.00048350667930208147, -0.0038747687358409166, -0.0010240940609946847, -0.004563094116747379, 0.01775543950498104, 0.016130320727825165, -0.024511102586984634, -0.025182640179991722, 0.010052910074591637, -0.01888362132012844, -0.005590545944869518, 0.010287947952747345, -0.022456198930740356, -0.0014110672054812312, -0.013638917356729507, 0.029923690482974052, -0.03607496991753578, 0.008461367338895798, -0.0074540614150464535, 0.03226064145565033, 0.0029295803979039192, 0.01837325468659401, -0.0235709510743618, 0.012732342816889286, -0.00776296854019165, -0.006238579284399748, -0.016869010403752327, 0.0017476752400398254, -0.03653161600232124, 0.030971288681030273, -0.05968621373176575, 0.01388738676905632, 0.0042776912450790405, -0.0077293915674090385, 0.01020064763724804, -0.0008373227901756763, 0.0025820599403232336, -0.002043151529505849, 0.021610062569379807, -0.031884580850601196, 0.002117020543664694, -0.001292708795517683, -0.002519942820072174, 0.021583201363682747, 0.005231273826211691, 0.0006996576557867229, 0.01071101613342762, -0.013544902205467224, 0.01316884160041809, -0.016895871609449387, -0.014881261624395847, 0.00011479086242616177, 0.006315805949270725, 0.0003890717925969511, 0.021663784980773926, -0.01639893464744091, 0.05049958825111389, -0.0035557886585593224, -0.03712256997823715, 0.011134084314107895, 0.01016035582870245, 0.022147292271256447, 0.011496714316308498, 0.013779940083622932, -0.00991860218346119, 0.0009544220520183444, 0.013209134340286255, 0.0011869417503476143, 0.060384612530469894, -0.01857471466064453, 0.007071285042911768, -0.011590729467570782, -0.0045496635138988495, -0.019514866173267365, -0.1078219935297966, -0.023248612880706787, 0.0006702779210172594, -0.012114528566598892, -0.01803748495876789, 0.010502839460968971, -0.01069758553057909, 0.010543132200837135, -0.0035188542678952217, 0.01099306158721447, -0.03293217718601227, -0.03287845477461815, 0.010046194307506084, 0.0003401754947844893, 0.0018081135349348187, -0.017406240105628967, 0.015082722529768944, 0.011254960671067238, 0.006335952319204807, 0.03406035900115967, 0.008320344612002373, -0.007057854440063238, 0.008938157930970192, -0.016815287992358208, 0.003230093279853463, 0.009817872196435928, -0.011147514916956425, -0.011335545219480991, 0.014290308579802513, -0.024631978943943977, -0.004475794266909361, -0.013981401920318604, -0.02275167591869831, -0.01312183402478695, -0.002229503123089671, -0.005798722617328167, -0.004962658975273371, -0.027439003810286522, 0.0008566294563934207, -0.03663906082510948, -0.009233634918928146, 0.032529253512620926, 0.007219023536890745, 0.004422071389853954, -0.0022832260001450777, -0.016331780701875687, -0.012215259484946728, 0.027439003810286522, 0.00749435368925333, -0.01660039648413658, -0.028123972937464714, 0.013135264627635479, -0.023490365594625473, -0.013994832523167133, 0.018225515261292458, 0.02173093892633915, 0.002160670468583703, 0.01972975954413414, -0.01698988676071167, 0.02777477353811264, -0.004694044124335051, -0.005056674126535654, -0.004895505029708147, 0.016237765550613403, 0.006829531863331795, -0.000558634870685637, -0.010435685515403748, -0.0036833807826042175, -0.00020387445692904294, -0.023020289838314056, -0.003278779797255993, 0.005738283973187208, -0.049210235476493835, 0.003948637749999762, -0.02167721651494503, 0.01450520008802414, -0.0003036606649402529, 0.004039295483380556, 0.005459596402943134, -0.004589955788105726, 0.01446490827947855, -0.009952179156243801, -0.0031662972178310156, -0.02057589590549469, 0.009750718250870705, 0.015405059792101383, 0.008454651571810246, 0.013612056151032448, 0.009260496124625206, -0.018897052854299545, 0.011604160070419312, -0.004485867451876402, -0.017876315861940384, -0.04407969117164612, -0.007998006418347359, 0.016613826155662537, 0.0024225700180977583, 0.009717141278088093, 0.0065508438274264336, 0.0075883688405156136, 0.00042936400859616697, -0.005405873525887728, -0.026915205642580986, 0.02147575467824936, -0.01660039648413658, -0.013538187369704247, 0.017312224954366684, 0.007326469291001558, 0.023436643183231354, -0.02365153469145298, 0.01727193407714367, 0.01744653284549713, -0.022053277119994164, 0.018561284989118576, -0.006396390497684479, -0.011402699165046215, -0.026942066848278046, -0.019931219518184662, 0.013397164642810822, -0.013524756766855717, 0.02229502983391285, 0.02331576682627201, -0.017513686791062355, -0.032582979649305344, 0.001360701979137957, 0.01947457529604435, -0.023450074717402458, 0.016586964949965477, 0.005667772609740496, 0.013437456451356411, -0.021099694073200226, -0.013994832523167133, 0.023074014112353325, -0.026539145037531853, 0.017943469807505608, -0.00548981549218297, 0.01750025525689125, -0.013692640699446201, 0.0013816874707117677, 0.03835819661617279, 0.03059522807598114, 0.025424392893910408, 0.0017073829658329487, -0.030944427475333214, 0.015619952231645584, -0.03897600993514061, 0.013551617972552776, 0.013262856751680374, -0.01947457529604435, -0.008770273998379707, 0.024000734090805054, 0.014008263126015663, 0.03432897478342056, 0.022402476519346237, 0.006429967470467091, -0.025975054129958153, -0.00295308418571949, -0.02060275711119175, 0.011966790072619915, 0.012980811297893524, -0.027586743235588074, -0.004445575177669525, 0.03228750079870224, 0.004069514572620392, 0.013000957667827606, -0.0044355024583637714, 0.011100507341325283, -0.005812153220176697, -0.020226696506142616, -0.01662725768983364, -0.001742638647556305, 0.0005699670873582363, -0.00020219561702106148, -0.007017562165856361, 0.01529761403799057, 0.008286767639219761, 0.0001994674967136234, -0.00778982974588871, -0.003028632141649723, -0.0030017707031220198, -0.006087483372539282, -0.008481512777507305, 0.0042676180601119995, -0.03223377838730812, -0.013209134340286255, -0.015217029489576817, 0.046953871846199036, 0.03494678810238838, 0.002644177060574293, 0.033684298396110535, 0.01016035582870245, -0.014881261624395847, -0.0010719409910961986, 0.018467269837856293, 0.0017997192917391658, 0.020481880754232407, 0.013981401920318604, -0.017285363748669624, -0.03403349965810776, 0.010381963104009628, 0.024323072284460068, 0.023638105019927025, -0.0021287724375724792, 0.024027595296502113, -0.027224112302064896, -0.016210904344916344, -0.02218758501112461, 0.0051339007914066315, -0.0355646014213562, -0.029305877164006233, -0.011966790072619915, 0.02173093892633915, -0.009468672797083855, -0.01420972403138876, -0.006487047765403986, 0.004093018360435963, 0.018762744963169098, 0.01391424797475338, 0.0013732933439314365, -0.018950775265693665, -0.0057181380689144135, 0.0036900960840284824, 0.006241937167942524, -0.0005137258558534086, 0.016533242538571358, -0.004912293516099453, 0.03935207054018974, 0.007749537471681833, 0.009858164004981518, -0.023973872885107994, 0.00803158339112997, 0.04166216030716896, 0.040829453617334366, -0.002770090475678444, -0.024309640750288963, -0.0289298165589571, -0.0016973098972812295, -0.043730493634939194, -0.0035725771449506283, 0.025504978373646736, -0.012161536142230034, 0.06672392040491104, 0.0002702936762943864, 0.016439227387309074, 0.00375389214605093, -0.030702674761414528, 0.010341670364141464, 0.026740605011582375, 0.007675668690353632, -0.011080361902713776, 0.007353330962359905, 0.017903177067637444, 0.0027247616089880466, -0.019232820719480515, -0.013746364042162895, -0.014397754333913326, 0.019649174064397812, -0.017365949228405952, 0.01363220252096653, 0.023718688637018204, -0.019071651622653008, 0.01772857829928398, -0.007447346113622189, 0.027130097150802612, -0.019823774695396423, 0.0021556338761001825, -0.00438849488273263, 0.00672544352710247, -0.02997741475701332, -0.02559899352490902, -0.02605563774704933, 0.01688244193792343, 0.01860157586634159, -0.02410818077623844, -0.00723916944116354, -0.011093792505562305, 0.01557965949177742, 0.0005943102878518403, -0.02122057043015957, -0.0074540614150464535, 0.008407643996179104, -0.008515089750289917, -0.013712787069380283, -0.005849087610840797, -0.009374657645821571, -0.020146111026406288, -0.00044027648982591927, 0.00834049005061388, -0.005063389427959919, -0.014948414638638496]","[0.015936853364109993, -0.001992106670513749, 0.026319341734051704, -0.0036883391439914703, -0.005503930151462555, -0.0046936385333538055, -0.0077599696815013885, -0.03545109182596207, -0.0042262920178473, -0.0318199098110199, 0.02376406639814377, 0.029883280396461487, -0.01073215901851654, -0.027596980333328247, -0.013408474624156952, 0.03171231970191002, 0.005840150639414787, 0.017779340967535973, 0.01744312047958374, -0.006721048150211573, 0.0005728357355110347, 0.016219278797507286, -0.007269087713211775, -0.0074842688627541065, -0.008506379090249538, 0.004727260675281286, 0.00199378770776093, -0.025983121246099472, -0.025485515594482422, -0.019514238461852074, 0.03273443132638931, -0.006166284438222647, -0.015049230307340622, -0.03956643119454384, -0.01983701065182686, -0.0032764689531177282, 0.003108358709141612, -0.01451127789914608, 5.910126492381096e-05, -0.019473891705274582, 0.0059141190722584724, -0.018922490999102592, -0.0015054274117574096, -0.01639411225914955, 0.0006606733077205718, 0.016434459015727043, -0.0065596625208854675, -0.02002529427409172, -0.010853198356926441, 0.022836098447442055, 0.010510253719985485, -0.005823339335620403, -0.024167530238628387, -0.010355591773986816, 0.010617843829095364, 0.0015087896026670933, 0.018666964024305344, 0.019742868840694427, -0.00023325298388954252, 0.0035370399709790945, 0.006953040603548288, -0.004928993061184883, -0.018048318102955818, -0.014094363898038864, 0.009010709822177887, -0.012440158985555172, 0.00437422888353467, -0.012460332363843918, -0.0020425396505743265, -0.012857072986662388, 0.028242524713277817, 0.022580569609999657, -0.012662065215408802, -0.008230678737163544, 0.033622052520513535, 0.004838213324546814, -0.03617732971906662, -0.034267596900463104, 0.012359466403722763, -0.021975373849272728, 0.02131638117134571, 0.007033733185380697, -0.002706575207412243, 0.013657277449965477, 0.011115450412034988, -0.01292431727051735, -0.007995324209332466, 0.04725915566086769, -0.014955088496208191, -0.010913718491792679, 0.01664964109659195, 0.02181398682296276, 0.021383624523878098, 0.028645988553762436, 0.0017802877118811011, 0.009252788498997688, -0.00877535529434681, -0.001581917516887188, 0.01829039677977562, -0.04685569182038307, -0.00014173796807881445, 0.018424885347485542, -0.01764485239982605, -0.024234775453805923, -0.027260759845376015, -0.01465921476483345, 0.028592193499207497, 0.020482555031776428, 0.00736995367333293, 0.013038631528615952, -0.002525016199797392, 0.01570822298526764, -0.0022240986581891775, -0.025364475324749947, 0.012151009403169155, -0.009528489783406258, 0.009286411106586456, -0.037199437618255615, -0.006953040603548288, -0.03816775232553482, -0.0031150830909609795, 0.02444995567202568, 0.004145598970353603, -0.03569317236542702, -0.012043419294059277, 0.025108948349952698, -0.002683039754629135, -0.033218588680028915, -0.01486094668507576, -0.025821736082434654, 0.05960517376661301, 0.0015987285878509283, 0.016958963125944138, 0.00230983505025506, -0.001038921414874494, 0.034213799983263016, -0.03184680640697479, 0.026077263057231903, -0.012514127418398857, -0.009817639365792274, 0.00626378832384944, 0.02245953120291233, -0.0038564493879675865, -0.02102050743997097, 0.0082037802785635, 0.02619830332696438, 0.006327670067548752, 0.013932978734374046, 0.021679500117897987, -0.010651466436684132, 0.004807953257113695, 0.00827774964272976, 0.0037892053369432688, 0.003980850800871849, -0.004027921706438065, 0.011982899159193039, 0.013569860719144344, -0.003735410049557686, -0.0036547170020639896, 0.016972411423921585, 0.002345138229429722, 0.0009599095792509615, 0.0023047917056828737, 0.005113914143294096, 0.0031671973410993814, 0.023965798318386078, 0.021154996007680893, -0.029157044366002083, -0.013428648002445698, -0.0030579257290810347, -0.019998395815491676, 0.05487119033932686, -0.03980850800871849, 0.020011845976114273, 0.019769767299294472, 0.01933940500020981, 0.010987686924636364, 0.0011851773597300053, -0.015829261392354965, 0.010631293058395386, -0.013314332813024521, 0.008943465538322926, 0.025929326191544533, 0.019460443407297134, 0.019446995109319687, -0.021047404035925865, 0.021558459848165512, -0.03407931327819824, 0.0032293980475515127, 0.017900381237268448, 0.016192380338907242, 0.006791654508560896, -0.0022745318710803986, -0.016192380338907242, -0.6214430928230286, -0.036500100046396255, 0.01600409671664238, -0.03020605258643627, 0.030098460614681244, 0.049330275505781174, 0.0073027098551392555, 0.002185433404520154, -0.015076127834618092, 0.01753726229071617, -0.004169134423136711, 0.022647814825177193, -0.0034731579944491386, -0.030824696645140648, -0.018155908212065697, -0.007874284870922565, 0.02673625573515892, -0.040965110063552856, 0.008593796752393246, 0.016125136986374855, -0.01952768862247467, 0.015990648418664932, -0.010523702017962933, -0.005379528272897005, 0.009945402853190899, -0.02181398682296276, 0.013529513962566853, -0.012635166756808758, -0.002597303595393896, 0.012393088079988956, -0.03900158032774925, 0.01679757796227932, 0.021289482712745667, 0.008620694279670715, 0.0290763508528471, -0.023992696776986122, -0.02420787699520588, 0.0006329351454041898, 0.016273073852062225, 0.050271693617105484, -0.0007476703613065183, -0.012682237662374973, 0.03254614770412445, -0.0013818664010614157, -0.015842711552977562, -0.010806127451360226, 0.02896876074373722, -0.009656253270804882, 0.020711183547973633, -0.0033151344396173954, 0.00310499663464725, -0.024409610778093338, 0.008782080374658108, -0.004801229108124971, 0.019016632810235023, -0.018666964024305344, 0.028000444173812866, -0.016716884449124336, 0.013549687340855598, 0.01585615985095501, -0.020791877061128616, 0.0057157487608492374, -0.02961430326104164, -0.00464656762778759, -0.015667876228690147, -0.00923934020102024, 0.01436334103345871, -0.015372002497315407, -0.010369041003286839, -0.030044665560126305, 0.015345104970037937, -0.004552425816655159, -0.007800315972417593, -0.005487118847668171, -0.0034008705988526344, 0.013838836923241615, 0.00874845776706934, 0.008076016791164875, 0.003853087080642581, 0.007322882767766714, 0.007242190185934305, -0.014955088496208191, -0.03862501308321953, -0.021679500117897987, 0.03652699664235115, 0.012117387726902962, -0.048173677176237106, -0.015627529472112656, 0.0030629688408225775, -0.03701115399599075, 0.019204916432499886, 0.024019593372941017, 0.009353654459118843, 0.0016726971371099353, -0.02092636562883854, 0.019958050921559334, 0.013529513962566853, -0.0028158468194305897, 0.028000444173812866, -0.0010675002122297883, -0.013388301245868206, 0.024086838588118553, 0.0014776892494410276, -0.011996348388493061, 0.013031907379627228, -0.007100977469235659, -0.03386412933468819, 0.0016768998466432095, 0.018720759078860283, -0.03386412933468819, -0.03190060332417488, 0.0016533643938601017, -0.01585615985095501, 0.0020425396505743265, -0.00827774964272976, -0.04731295257806778, 0.012863797135651112, -0.001528122229501605, -0.007141323760151863, 0.00653612706810236, 0.02262091636657715, 0.004320433828979731, 0.007679276634007692, 0.002642693230882287, 0.0008237402653321624, 0.013785040937364101, 0.008250851184129715, -0.0077532450668513775, -0.017712097615003586, -0.0037858430296182632, 0.000679165474139154, 0.013576584868133068, 0.0034529848489910364, -0.010133686475455761, 0.030636414885520935, -0.0022240986581891775, -0.007141323760151863, 0.0030949099455028772, -0.007464095484465361, -0.020845672115683556, -0.01733553037047386, 0.01699930988252163, 0.0029368861578404903, -0.052181426435709, -0.001194423413835466, -0.006731134839355946, -0.002430874388664961, 0.010873371735215187, 0.007309434004127979, 0.005661953706294298, 0.008466032333672047, -0.006401638966053724, -0.01570822298526764, -0.002333370503038168, -0.0028561933431774378, -0.006099040154367685, 0.006452071946114302, -0.017631404101848602, 0.022002270445227623, -0.018976286053657532, 0.0072959852404892445, 0.01878800243139267, -0.02166604995727539, 0.002958740573376417, -0.025122396647930145, 0.001504586893133819, -0.011700473725795746, 0.03095918521285057, -0.012312395498156548, -0.016340317204594612, 0.011263387277722359, -0.009790741838514805, -0.016757231205701828, 0.007901182398200035, 0.02255367301404476, 0.002503161784261465, -0.032573044300079346, -0.03125505894422531, 0.0027872680220752954, -0.01853247545659542, -0.004027921706438065, 0.027919752523303032, -0.029856381937861443, 0.000845174363348633, 0.023817861452698708, 0.007887733168900013, -0.016165481880307198, 0.022741956636309624, -0.005860323552042246, -0.018021419644355774, 0.004818039946258068, 0.015493041835725307, -0.010052993893623352, -0.0011254982091486454, -0.016622742637991905, 0.012238427065312862, -0.04642533138394356, -0.000185761833563447, -0.019514238461852074, 0.0014129667542874813, 0.016837922856211662, 0.017066553235054016, -0.0013818664010614157, -0.016178932040929794, 0.012144285254180431, -0.03617732971906662, -0.002153492532670498, -0.027368349954485893, 0.02017323113977909, 0.006979938130825758, 0.017510365694761276, -0.028995657339692116, -0.02435581386089325, -0.014067466370761395, 0.00043540558544918895, 0.00596455205231905, 0.0005980522255413234, 0.007901182398200035, -0.025082051753997803, -0.0017987798200920224, 0.014188505709171295, 0.015277860686182976, 0.022136759012937546, 0.003752221120521426, -0.023965798318386078, 0.01963527873158455, -0.0011927422601729631, 0.022029168903827667, 0.014040568843483925, -0.01445748284459114, 0.0006783248973079026, 0.007820488885045052, 0.013388301245868206, 0.011149072088301182, 0.021908128634095192, 0.006795016583055258, 0.016676537692546844, 0.00054341641953215, 0.02808113768696785, -0.0006476448033936322, 0.0012515808921307325, -0.019312506541609764, 0.018317293375730515, -0.009501592256128788, 0.03071710653603077, 0.018371088430285454, 0.02942601963877678, 0.026803499087691307, -0.017174143344163895, 0.029049452394247055, -0.0218677818775177, 0.0158965066075325, -0.015237513929605484, 0.013811939395964146, 0.006821914575994015, -0.0006619341438636184, 0.02266126312315464, 0.00884259957820177, 0.020415309816598892, 0.02837701141834259, 0.022594019770622253, -0.01759105734527111, 0.006115851458162069, -0.004572599194943905, 0.011760993860661983, -0.0012230020947754383, -0.0372801311314106, -0.016837922856211662, -0.025983121246099472, -0.008257576264441013, 0.0018542561447247863, -0.040131282061338425, -0.0031251697801053524, 0.012467056512832642, 0.01733553037047386, 0.007921355776488781, 0.008331544697284698, 0.030797800049185753, 0.024382712319493294, 0.01644790731370449, -0.03569317236542702, -0.017564160749316216, 0.05113241821527481, -0.01908387616276741, -0.0012658702908083797, -0.024786176159977913, -0.004626394249498844, 0.01685137301683426, -0.0119291041046381, 0.01928560994565487, 0.024436507374048233, 0.014175057411193848, 0.02271505817770958, -0.034160006791353226, -0.01100786030292511, -0.006374740973114967, 0.031201263889670372, -0.03259994089603424, -0.0036883391439914703, 0.023629577830433846, 0.03574696555733681, -0.0008434932096861303, 0.00022001430625095963, 0.007100977469235659, 0.06003553792834282, -0.009636079892516136, 0.001560063217766583, 0.0005198809667490423, -0.016434459015727043, -0.014013671316206455, -0.006391552276909351, 0.0025334216188639402, -0.017617955803871155, -0.016757231205701828, -0.02354888617992401, 0.005651867017149925, 0.003000768134370446, 0.005520740989595652, 0.01963527873158455, -0.006233528256416321, -0.014887845143675804, -0.02966809831559658, -0.002239228691905737, 0.03469795733690262, 0.05000271648168564, 0.018397986888885498, -0.002930161776021123, 0.008533276617527008, -0.004185945726931095, -0.024638239294290543, -0.03929745405912399, -0.014107813127338886, -0.019796663895249367, -0.00367152807302773, -0.017564160749316216, -0.0013785040937364101, -0.004111976828426123, -0.0027334727346897125, 0.004451559856534004, -0.03800636902451515, 0.013119325041770935, -0.005382890347391367, 0.019863909110426903, -0.02837701141834259, 0.015022332780063152, 0.020791877061128616, 0.02275540493428707, 0.013374852016568184, 0.02500135824084282, -0.0033891028724610806, 0.01635376550257206, 0.02977569028735161, -0.0010002560447901487, -0.01609823852777481, 0.02574104256927967, 0.028054241091012955, 0.0035572131164371967, 0.012285497970879078, -0.013610206544399261, 0.008983812294900417, 0.03865190967917442, 0.007538063917309046, 0.014618868008255959, -0.0009187225950881839, 0.0009800827829167247, 0.01580236479640007, 0.003489969065412879, 0.001390271820127964, 0.0057224733754992485, -0.010113513097167015, -0.020590145140886307, 0.0158965066075325, 0.0028578743804246187, -0.01213083602488041, 0.011565986089408398, -0.009225890971720219, -0.018357640132308006, 0.0010061399079859257, -0.0025804925244301558, -0.0022005632054060698, 0.0033453942742198706, 0.008768631145358086, -0.01600409671664238, -0.005648504942655563, -0.007638930343091488, -0.0022240986581891775, -0.008661041036248207, -0.0008212186512537301, -0.0038026541005820036, -0.012305671349167824, -0.007800315972417593, -0.01829039677977562, -0.02240573614835739, 0.0053526307456195354, 0.04346659034490585, -0.0226074680685997, -0.02192157879471779, 0.02540482208132744, 0.03738772124052048, 0.0021602169144898653, 0.0003574444563128054, -0.003940504509955645, 0.0028914965223520994, -0.004767606966197491, -0.013065529055893421, -0.013906081207096577, 0.014148159883916378, -0.012803277932107449, 0.016582395881414413, -0.009151922538876534, 0.03200819343328476, 0.004303622525185347, 0.0076658278703689575, 0.015829261392354965, 0.01654204912483692, 0.005917481146752834, 0.0012919272994622588, -0.005076929926872253, 0.016286522150039673, -0.008620694279670715, 0.006405001040548086, 0.010927166789770126, -0.01172737218439579, -0.03270753100514412, 0.03031364269554615, -0.016313420608639717, 0.01685137301683426, -0.020240476354956627, -0.007148048374801874, -0.0037723942659795284, 0.01040938775986433, -0.0019130947766825557, -0.018976286053657532, -0.0018525751074776053, 0.007531339768320322, 0.005194607190787792, -0.015829261392354965, 0.010866647586226463, 0.032976508140563965, -0.014094363898038864, 0.005214780103415251, 0.01983701065182686, -0.004626394249498844, -0.007968426682054996, 0.0014776892494410276, -0.021047404035925865, 0.009602458216249943, -0.0011170926736667752, 0.0020223665051162243, 0.03101298026740551, -0.010570772923529148, -0.03440208360552788, -0.03243855759501457, -0.0029772326815873384, -0.002366992412135005, 0.009945402853190899, -0.025122396647930145, 0.0025603193789720535, -0.005846874788403511, -0.014793703332543373, -0.00181390973739326, 0.014148159883916378, -0.012332568876445293, -0.025176193565130234, -0.026816949248313904, -0.006105764769017696, -0.01364382915198803, 0.009010709822177887, -0.02813493274152279, -0.03106677532196045, -0.012117387726902962, -0.002610752359032631, 0.0085736233741045, 0.0048684729263186455, -0.015398900024592876, 0.013287435285747051, 0.001771882176399231, -0.03545109182596207, -0.012937765568494797, -0.01993115246295929, -0.03340687230229378, 0.022930240258574486, 0.018075214698910713, 0.03572006896138191, 0.03746841475367546, 0.011310458183288574, -0.0011818151688203216, 0.022499877959489822, 0.01187530905008316, -0.0032310793176293373, 0.005614882800728083, 0.010846474207937717, -0.022177105769515038, 0.009770568460226059, 0.02161225490272045, 0.008331544697284698, 0.017658302560448647, -0.005174433812499046, -0.006018347572535276, 0.01853247545659542, 0.010227828286588192, -0.04255206882953644, -0.013852285221219063, -0.030636414885520935, 0.0016163801774382591, 0.016716884449124336, -0.004148961044847965, 0.022029168903827667, -0.010658190585672855, -0.014470931142568588, 0.05228901654481888, -0.0028377012349665165, 0.05035238713026047, 0.011821513995528221, 0.02743559516966343, -0.015277860686182976, 0.008681213483214378, -0.01486094668507576, 0.007585134822875261, 0.008815702050924301, 0.013401749543845654, -0.013126049190759659, -0.023629577830433846, 0.026171404868364334, 0.022822648286819458, 0.013650553300976753, 0.006549575831741095, -0.003631181549280882, -0.017725545912981033, 0.019204916432499886, -0.02540482208132744, 0.01788693107664585, 0.010227828286588192, 0.0005640099407173693, -0.0169051680713892, -0.04295553267002106, -0.030986083671450615, 0.007867559790611267, 0.008701386861503124, 0.01270241104066372, -0.0012120750034227967, 0.01943354681134224, -0.023279909044504166, -0.005450134631246328, -0.011115450412034988, 0.017483467236161232, 0.054091159254312515, 0.01679757796227932, 0.027045579627156258, 0.015640977770090103, -0.011989624239504337, -0.01943354681134224, -0.0046768272295594215, -0.0005623288452625275, -0.019769767299294472, 0.012211529538035393, 0.04976063594222069, -0.013462269678711891, -0.029990870505571365, -0.01307225413620472, -0.0059813628904521465, -0.021948475390672684, -0.03929745405912399, 0.020052192732691765, -0.009454521350562572, 0.009131749160587788, -0.007161497138440609, -0.009205717593431473, -0.020549798384308815, 0.015815813094377518, -0.028592193499207497, -0.00827774964272976, 0.007901182398200035, 0.021598806604743004, -0.05072895064949989, 0.0501910001039505, -0.0036345438566058874, 0.013811939395964146, 0.004034646321088076, 0.0009624312515370548, -0.01620582863688469, 0.004172496497631073, -0.01270241104066372, -0.001835764036513865, 0.016125136986374855, -0.006966489367187023, -0.020496003329753876, 0.007558237295597792, 0.01878800243139267, 0.007538063917309046, -0.01160633284598589, -0.004458284005522728, -0.017322082072496414, 0.033272381871938705, 0.008593796752393246, -0.0074842688627541065, -0.022150207310914993, -0.00464656762778759, 0.002141724806278944, -0.0023922089021652937, -0.003200819483026862, -0.010120238177478313, -0.016958963125944138, 0.0027200239710509777, 0.01923181302845478, -0.010987686924636364, -0.0046768272295594215, -0.01162650529295206, 0.007894458249211311, -0.024328917264938354, -0.03488624095916748, -0.008580347523093224, -0.0021501302253454924, -0.047931596636772156, -0.010254725813865662, -0.02057669684290886, -0.008432410657405853, 0.0158965066075325, 0.0017668388318270445, 0.0028242524713277817, 0.015224065631628036, 0.018720759078860283, -0.014699561521410942, 0.005624969489872456, 0.01016058400273323, -0.0040548196993768215, -0.03165852278470993, 0.019998395815491676, -0.0031033153645694256, -0.011492017656564713, 0.012359466403722763, -0.011828238144516945, -0.04144926741719246, -0.002888134215027094, 0.025620004162192345, 0.0032378036994487047, 0.02256712131202221, 0.002513248473405838, -0.009198993444442749, -0.025915877893567085, 0.007558237295597792, -0.004616307560354471, -0.026521075516939163, 0.03066331148147583, -0.000817015883512795, 0.0068286387249827385, 0.011808064766228199, -0.004851662088185549, -0.004414575640112162, 0.012984836474061012, 0.002778862603008747, 0.008264300413429737, -0.009871434420347214, -0.02241918444633484, 0.014215403236448765, 0.015735119581222534, -0.006499142851680517, -0.023629577830433846, 0.0016231045592576265, -0.010658190585672855, -0.019554585218429565, 0.009064504876732826, 0.0253510270267725, 0.0014650808880105615, 0.0071144262328743935, 0.023992696776986122, 0.003668165998533368, 0.03991610184311867, -0.006677339784801006, -0.02699178270995617, -0.04459628835320473, -0.010207654908299446, -0.024476854130625725, -0.018774554133415222, 0.001899645896628499, 0.021141545847058296, 0.020751530304551125, -0.012372915633022785, -0.04403144121170044, -0.015573734417557716, -0.021208791062235832, 0.0020727994851768017, -0.017375877127051353, 0.020953262224793434, 0.03994299843907356, 0.016313420608639717, 0.03195440024137497, 0.006401638966053724, -0.015721671283245087, 0.0015928447246551514, -0.02256712131202221, -0.010967513546347618, 0.00800204835832119, 0.000434565037721768, 0.024772727862000465, -0.0032293980475515127, -0.009669702500104904, -0.005234953481703997, 0.031631626188755035, -0.010631293058395386, 0.02913014590740204, 0.015250963158905506, -0.014672663994133472, -0.016730332747101784, -0.001346563221886754, 0.017375877127051353, 0.011290284804999828, -0.00038560290704481304, 0.03886709362268448, -0.04478457197546959, 0.009857986122369766, 0.020388413220643997, 0.030232949182391167, 0.007820488885045052, 0.014054018072783947, 0.013139498420059681, -0.004317071288824081, -0.025068601593375206, -0.027946649119257927, 0.016071340069174767, -0.004730622749775648, -0.022204002365469933, 0.024907216429710388, -0.02017323113977909, 0.002375398064032197, 0.020496003329753876, 0.008190331980586052, -0.017900381237268448, -0.007262363098561764, 0.03036743775010109, 0.0036479926202446222, -0.0041422368958592415, 0.028350114822387695, -0.020886018872261047, 0.021208791062235832, -0.015466144308447838, 0.01847868040204048, -0.018007971346378326, 0.011915654875338078, -0.021060854196548462, -0.0022560397628694773, -0.02052289992570877, -0.004959252662956715, 0.010658190585672855, -0.028807373717427254, -0.019568033516407013, 0.02166604995727539, -0.01264861598610878, -0.021047404035925865, -0.017927277833223343, 0.012487229891121387, -0.036096636205911636, -0.018317293375730515, 0.004643205553293228, -0.008795528672635555, -0.02697833441197872, 0.011075103655457497, -0.016192380338907242, 0.0012095533311367035, 0.019097326323390007, 0.19990327954292297, 0.001168366288766265, 0.03574696555733681, 0.04508044943213463, -0.01576201803982258, -0.025902429595589638, -0.01853247545659542, 0.010113513097167015, -0.020267372950911522, 0.023199215531349182, 0.007376678287982941, -0.009037607349455357, -0.008983812294900417, -0.0010548918507993221, 0.02127603441476822, 0.001955122221261263, -0.023831309750676155, -0.012581371702253819, -0.04104579985141754, -0.016488254070281982, 0.01982356235384941, -0.006821914575994015, -0.018075214698910713, -0.015143372118473053, 0.019245263189077377, -0.029237736016511917, 0.0033084098249673843, 0.013179844245314598, 0.015506490133702755, 0.012467056512832642, -0.006307497154921293, -0.009246064350008965, -0.006670615170150995, -0.004243102855980396, -0.015143372118473053, -0.025431720539927483, 0.04169134423136711, 0.0043305205181241035, 0.03246545419096947, 0.0412609837949276, 0.005295473150908947, -0.04438110813498497, 0.0006938750739209354, -0.015560286119580269, -0.020159782841801643, -0.004091803915798664, 0.008069292642176151, -0.021087750792503357, 0.008513103239238262, 0.01749691553413868, -0.006778205744922161, 0.010631293058395386, 0.03512832149863243, -0.0011448308359831572, -0.003755583195015788, -0.031120572239160538, 0.013677450828254223, 0.00797515083104372, 0.02813493274152279, -0.0036648036912083626, -0.005823339335620403, 0.024436507374048233, -0.027059027925133705, 0.006129300221800804, -0.017604505643248558, 0.020361514762043953, -0.014188505709171295, 0.017967624589800835, -0.007033733185380697, -0.006435260642319918, 0.010476631112396717, -0.003489969065412879, 0.0035941973328590393, 0.005221504718065262, -0.03184680640697479, -0.0193797517567873, 0.03149713948369026, 0.021437419578433037, 0.03746841475367546, 0.024786176159977913, 0.001491978531703353, 0.012534300796687603, -0.0013112600427120924, -0.022741956636309624, -0.018599718809127808, -0.0432514064013958, 0.007322882767766714, -0.0024644965305924416, -0.004965977277606726, 0.015775466337800026, 0.0025485516525804996, -0.022594019770622253, -0.003034390276297927, -0.011391151696443558, 0.016757231205701828, 0.011767718009650707, 0.0062940483912825584, 0.04058854281902313, 0.010052993893623352, 0.006435260642319918, -0.032922714948654175, 0.0074775442481040955, 0.0290763508528471, 0.006038520485162735, -0.024073390290141106, 0.007914630696177483, -0.004881922155618668, -0.016515152528882027, 0.002388846827670932, -0.013361403718590736, -0.008217229507863522, -0.007289261091500521, -0.007201843429356813, 0.0031285318545997143, 0.00367152807302773, 0.01689171977341175, -0.0001458356564398855, -0.011431497521698475, 0.004071630537509918, -0.0012011477956548333, -0.004888646304607391, -0.03916296735405922, 0.0067344969138503075, -0.018505576997995377, -0.015062679536640644, 0.010079891420900822, -0.009871434420347214, -0.011586159467697144, 4.5803481043549255e-06, -0.0313088558614254, 0.012722584418952465, 0.015546836890280247, 0.03510142117738724, -0.005890583619475365, -0.022486427798867226, -0.021854333579540253, 0.008587071672081947, 0.0025804925244301558, 0.02459789253771305, 0.0077599696815013885, 0.005322370678186417, -0.019124222919344902, 0.011915654875338078, -0.023871656507253647, -0.013058804906904697, 0.015775466337800026, 0.03171231970191002, -0.009817639365792274, -0.02703212946653366, -0.001402039546519518, -0.017026206478476524, -0.014444033615291119, -0.001911413623020053, -0.026077263057231903, 0.035612478852272034, -0.004656654316931963, -0.0029469728469848633, -0.01773899421095848, 0.023925451561808586, 0.02658831886947155, -0.025431720539927483, 0.02146431803703308, 0.04855024442076683, -0.020899467170238495, -0.009515040554106236, -0.010248001664876938, -0.17053104937076569, 0.02529723197221756, 0.024180980399250984, -0.06380120664834976, 0.016568947583436966, 0.0263327918946743, 0.03558557853102684, 0.0007489311974495649, 0.004912181757390499, -0.011855135671794415, 0.014780254103243351, 0.004253189545124769, -0.011613056994974613, -0.007127874996513128, -0.020105987787246704, -0.022056065499782562, 0.005870410241186619, 0.010422836057841778, 0.044461801648139954, 0.0060855913907289505, 0.01764485239982605, -0.01740277372300625, 0.012776379473507404, -0.011243213899433613, 0.0033571620006114244, 0.01100786030292511, -0.027946649119257927, -0.015977200120687485, -0.0012095533311367035, -0.011808064766228199, 0.013112599961459637, 0.006183095276355743, -0.0026880830992013216, -0.007262363098561764, 0.013798490166664124, -0.01600409671664238, -0.0017533900681883097, -0.013475718908011913, -0.012520852498710155, 0.011216316372156143, 0.01147856842726469, 0.0001435241283616051, 0.023333704099059105, 0.001623945077881217, 0.006159559823572636, 0.04233688861131668, 0.008930017240345478, -0.015345104970037937, 0.00143818324431777, -0.007423749193549156, 0.011297009885311127, -0.025915877893567085, -0.013495891354978085, -0.010523702017962933, 0.029856381937861443, 0.024611342698335648, 0.020065641030669212, 0.004145598970353603, 0.0032932800240814686, -0.013112599961459637, -0.005658591166138649, -0.019998395815491676, -0.0019181381212547421, -0.02767767384648323, -0.005994812119752169, 0.00047575205098837614, -0.013522789813578129, 0.011323907412588596, 0.007363229524344206, 0.00027317917556501925, -0.013838836923241615, 0.0069328672252595425, -0.003426087088882923, 0.023091625422239304, 0.0064655207097530365, -0.0051710717380046844, -0.03507452458143234, 0.007289261091500521, 0.026615217328071594, -0.002119870390743017, -0.006573111284524202, 0.016609294340014458, 0.003930417820811272, 0.015614081174135208, -0.001204509986564517, 0.01112889964133501, 0.01451127789914608, -0.0065529379062354565, 0.010685088112950325, -0.024692034348845482, 0.0201328843832016, -0.004807953257113695, 0.010631293058395386, -0.016461357474327087, -0.0008300443878397346, 0.013852285221219063, -0.0030074925161898136, 0.0062772370874881744, -0.01818280667066574, -0.01590995490550995, 0.0039337798953056335, -0.012090490199625492, -0.026265546679496765, -0.009098127484321594, 0.03736082464456558, 0.01629997044801712, -0.01078595407307148, 0.017322082072496414, 0.0260907132178545, -0.005756095517426729, -0.04080372303724289, 0.0025535947643220425, 0.008943465538322926, 0.005009685643017292, -0.009562111459672451, 0.026803499087691307, -0.000352611270500347, -0.02011943608522415, 0.002471220912411809, -0.008338268846273422, 0.060358308255672455, 0.004616307560354471, -0.027005232870578766, -0.013240364380180836, 0.02177364192903042, -0.019070427864789963, -0.09333481639623642, -0.00623689079657197, 0.018949389457702637, -0.009246064350008965, -0.012964663095772266, 0.03313789516687393, 0.0026258823927491903, 0.0100664421916008, -0.004085079301148653, 0.013105875812470913, -0.022997483611106873, -0.009131749160587788, -0.002321602776646614, -0.0015726714627817273, 0.009198993444442749, 0.028941862285137177, -0.008257576264441013, -0.007766693830490112, -0.008876222185790539, 0.028941862285137177, -0.019796663895249367, -0.01473990734666586, 0.010617843829095364, -0.0016895080916583538, 0.008587071672081947, -0.011350804939866066, -0.04532252624630928, 0.015788916498422623, 0.023616129532456398, -0.003459709230810404, 0.010597670450806618, -0.0332992821931839, 0.016864821314811707, -0.017860034480690956, -0.0313088558614254, -0.00041060932562686503, -0.026225199922919273, -0.008250851184129715, 0.020455656573176384, -0.03892088681459427, 0.0060923160053789616, -0.010960789397358894, 0.005292111076414585, -0.025068601593375206, -0.01336812786757946, 0.011088552884757519, -0.02977569028735161, 0.042605865746736526, 0.01334123034030199, -0.005329095292836428, 0.005376166198402643, 0.003190732793882489, -0.010711985640227795, -0.008627418428659439, 0.044892165809869766, -0.002642693230882287, 0.0020223665051162243, 0.01655549928545952, -0.028108036145567894, -0.00740357581526041, -0.004179221112281084, -0.01480715163052082, -0.029937075451016426, 0.015345104970037937, 0.019863909110426903, -0.003436173778027296, -0.03364894911646843, -0.002654460957273841, -0.00946796964854002, -0.0034462602343410254, 0.017416223883628845, 0.013321056962013245, -0.01963527873158455, 0.033568255603313446, -0.01685137301683426, 0.0021064216271042824, -0.013260537758469582, -0.010496804490685463, 0.003977488726377487, -0.01118269469588995, -0.006199906580150127, 0.0026595043018460274, -0.004565874580293894, 0.015224065631628036, 0.0028158468194305897, 0.010369041003286839, -0.012440158985555172, -0.011572710238397121, -0.011471844278275967, -0.05075585097074509, 0.008499654941260815, 0.020348066464066505, 0.009003985673189163, 0.0008758544572629035, -0.017927277833223343, 0.0010868328390643, -0.001166685251519084, 0.001911413623020053, -0.02369682304561138, -0.00566531578078866, -0.04040025919675827, 0.014874395914375782, -0.05895962938666344, 0.013522789813578129, 0.003331945277750492, -0.02192157879471779, -0.01252757664769888, -0.015250963158905506, -0.007739796303212643, -0.015936853364109993, 0.003691701218485832, 0.022647814825177193, 0.0010952383745461702, 0.00785411149263382, -0.030475027859210968, -0.0037185989785939455, -0.010913718491792679, 0.008472757413983345, 0.016030995175242424, 0.0043305205181241035, 0.018922490999102592, 0.011868583969771862, 0.006694150622934103, -0.00874845776706934, 0.010597670450806618, 0.00901743397116661, -0.013771592639386654, 0.02832321636378765, -0.01184841152280569, 0.03531660512089729, -0.004081717226654291, -0.012204805389046669, -0.007033733185380697, -0.013233639299869537, -0.020617041736841202, 0.004821402486413717, 0.004189307801425457, -0.023199215531349182, 0.0069328672252595425, 0.025082051753997803, 0.035155218094587326, -0.0031285318545997143, -0.0134219229221344, -0.0029890004079788923, -0.012863797135651112, 0.0054467725567519665, -0.01664964109659195, -0.005658591166138649, -0.028108036145567894, 0.012897418811917305, 0.0017786065582185984, 0.00611248891800642, 0.021746743470430374, 0.008741733618080616, -0.03940504416823387, -0.013879182748496532, -0.001038921414874494, -0.002535102656111121, 0.021450869739055634, 0.015089577063918114, -0.003489969065412879, 0.0023922089021652937, 0.026803499087691307, 0.01569477468729019, 0.016730332747101784, 0.007793591823428869, 0.010893545113503933, 0.016313420608639717, -0.018613168969750404, 0.011404599994421005, 0.0221233107149601, -0.008950190618634224, -0.05253109335899353, -0.011108726263046265, -0.003947229124605656, 0.02240573614835739, 0.015116474591195583, 0.005355992820113897, -0.017147246748209, -0.00326806353405118, -0.005655229091644287, -0.0008674489217810333, 0.022849546745419502, -0.015439246781170368, -0.0347786508500576, 0.0105573246255517, 0.017133798450231552, 0.01740277372300625, -0.015600631944835186, -0.005369441583752632, 0.01674378290772438, 0.01948734186589718, -0.0027654138393700123, -0.0067344969138503075, -0.006959764752537012, 0.0038362762425094843, 0.012803277932107449, -0.009232615120708942, -0.012998285703361034, 0.014995435252785683, 0.014215403236448765, 0.007954977452754974, -0.01307225413620472, -0.006119213532656431, -0.007269087713211775, -0.026211751624941826, -0.013771592639386654, 0.0050668432377278805, -0.04080372303724289, -0.03284202143549919, 0.011236489750444889, 0.009528489783406258, -0.012567923404276371, -0.023266460746526718, -0.04384315758943558, 0.015035782009363174, -0.02553931064903736, -0.01473990734666586, 0.008620694279670715, 0.0014045612188056111, -0.011794615536928177, 0.0221233107149601, 0.01319329347461462, 0.00886949710547924, 0.014578522183001041, -0.010537151247262955, 0.0013827069196850061, 0.016582395881414413, 0.007060631178319454, -0.007309434004127979, 0.016515152528882027, -0.003795929718762636, -0.003520228900015354, -0.003997662104666233, -0.00817688275128603, -0.02146431803703308, -0.04034646227955818, 0.012144285254180431, -0.021975373849272728, -0.002664547646418214, 0.008977088145911694, 0.08585727214813232, 0.013092427514493465, -0.025418272241950035, 0.0007665827870368958, -0.005063481163233519, 0.012635166756808758, 0.0014247344806790352, 0.00829792208969593, -0.016985861584544182, -0.03346066549420357, 0.00221737427636981, -0.01468611229211092, 0.0007825532811693847, -0.010261449962854385, -0.00674458360299468, 0.0058973077684640884, 0.014296096749603748, 0.011364253237843513, 0.005678764544427395, -0.019420096650719643, 0.020052192732691765, 0.01604444347321987, -0.00731615861877799, 0.008183607831597328, 0.007329607382416725, 0.005009685643017292, 0.038087062537670135, -0.023777514696121216, 0.015829261392354965, -0.018626617267727852, -0.0021736656781286, 0.01439023856073618, -0.04978753626346588, -0.003009173786267638, 0.002800717018544674, -0.01814245991408825, 0.003044476732611656, -0.006018347572535276, 0.03518211469054222, 0.014995435252785683, 0.013657277449965477, 0.014699561521410942, -0.02479962632060051, -0.0008325660601258278, -0.004021197557449341, -0.019406648352742195, 0.018761105835437775, -0.026157956570386887, -0.03717254102230072]"
12382,"is there any builtin method in mongodb to update an array inside of a mongodb document<p>What i actually want to do is to add on to an array inside a mongodb document in such a way that the original array is intact,but a new array item has been added much like the spread operator</p>
<pre><code>[...oldarray,additional_Array_item]
</code></pre>
<p>How to achieve this in mongodb, is there an builtin function in mongodb for this, if not, then what would be the most optimistic option to achieve this task</p>
","Could you explain why you want to have SchedulerInstances that are always idle (i.e. threadCount = 0)? Or do you want to do some partitioning of the cluster, for example some nodes could only execute ""lightweight"" jobs and other nodes could execute ""expensive"" jobs too?","Embed Field: is there any builtin method in mongodb to update an array inside of a mongodb document<p>What i actually want to do is to add on to an array inside a mongodb document in such a way that the original array is intact,but a new array item has been added much like the spread operator</p>
<pre><code>[...oldarray,additional_Array_item]
</code></pre>
<p>How to achieve this in mongodb, is there an builtin function in mongodb for this, if not, then what would be the most optimistic option to achieve this task</p>; Answer: Could you explain why you want to have SchedulerInstances that are always idle (i.e. threadCount = 0)? Or do you want to do some partitioning of the cluster, for example some nodes could only execute ""lightweight"" jobs and other nodes could execute ""expensive"" jobs too?","[-0.010792036540806293, 0.02061292715370655, 0.021953383460640907, 0.008418883197009563, -0.039994824677705765, 0.030967263504862785, -0.009656752459704876, -0.019915342330932617, -0.021378902718424797, 0.006055987905710936, 0.020106837153434753, 0.0010352627141401172, 0.016058113425970078, 0.00043769984040409327, -0.014813404530286789, 0.004742888268083334, 0.01727546565234661, 0.00722888670861721, -0.0041102753020823, -0.009273765608668327, -0.015565700829029083, 0.031432319432497025, -0.005190846510231495, -0.018342358991503716, -0.0276571586728096, 0.0035186964087188244, 0.03569989278912544, -0.01215300988405943, 0.005840557161718607, 0.026740724220871925, 0.025605442002415657, 0.012631744146347046, -0.009868763387203217, -0.04360584914684296, -0.01757638528943062, -0.021734533831477165, 0.010197038762271404, -0.015210069715976715, 0.02473004162311554, 2.887899972847663e-05, 0.0433049276471138, 0.010545831173658371, -0.007885436527431011, -0.01846546307206154, 0.005679839290678501, 0.04196447134017944, 0.00891813449561596, -0.034824494272470474, -0.002415898023173213, -0.006538141518831253, 0.029927726835012436, 0.029024971649050713, -0.05093732103705406, 0.02040775492787361, 0.006309032905846834, -0.015114323236048222, 0.01616753824055195, 0.028833476826548576, 0.0074477363377809525, -0.01679673232138157, 0.023088667541742325, 0.007700781803578138, -0.0037922589108347893, 0.017932016402482986, -0.019504999741911888, -0.005413115955889225, -0.017521671950817108, -0.01648213528096676, -0.0052900128066539764, -0.03099462017416954, 0.04029574245214462, 0.025605442002415657, -0.005611449014395475, -0.009567844681441784, 0.03252657130360603, -0.007967504672706127, 0.005669580772519112, -0.013678120449185371, 0.008487273938953876, 0.002318441402167082, -0.0006176526076160371, -0.006986099760979414, -0.013206224888563156, 0.027151068672537804, 0.003156226361170411, 0.008644572459161282, -0.010012384504079819, 0.025331879034638405, -0.0031134821474552155, 0.010525313206017017, 0.00713313976302743, 0.0016191474860534072, 0.01586661860346794, 0.01987430825829506, 0.017261788249015808, 0.034578289836645126, -0.017248108983039856, 0.01899890974164009, 0.008165838196873665, -0.008678766898810863, -0.04013160616159439, 0.029243821278214455, -0.0276571586728096, -0.023553723469376564, -0.01857488788664341, -0.0064834291115403175, 0.018602242693305016, -0.014635588973760605, 0.02170717716217041, -0.004243636969476938, -0.01618121564388275, 0.0070647490210831165, 0.018397072330117226, -0.028258996084332466, -0.013958522118628025, -0.0068869334645569324, 0.014909151010215282, -0.0401863157749176, -0.03342932462692261, -0.005837137810885906, 0.0050232894718647, 0.014225245453417301, 0.026207277551293373, -0.030228646472096443, 0.017398569732904434, -0.0020876231137663126, 0.010634738951921463, -0.014471450820565224, 0.004828376229852438, -0.02348533272743225, 0.01789098046720028, 0.032061513513326645, -0.003641799557954073, 0.02535923570394516, -0.019108334556221962, -0.023047633469104767, 0.005484926048666239, 0.005604609847068787, -0.045055728405714035, -0.027055321261286736, 0.020284652709960938, 0.02834106609225273, -0.022774070501327515, -0.019012587144970894, -0.043496422469615936, 0.013944843783974648, 0.004404354840517044, 0.0027732388116419315, -0.009075433015823364, -0.019231436774134636, 0.014936507679522038, 0.011079277843236923, -0.018014084547758102, 0.025003604590892792, -0.019956378266215324, -0.0015704191755503416, 0.021460970863699913, -0.021433614194393158, 0.01168795395642519, 0.0042812516912817955, 0.0354810431599617, 0.004274412523955107, 0.010306463576853275, 0.025550728663802147, -0.014102142304182053, 0.019628101959824562, 0.006538141518831253, -0.02769819274544716, 0.005105358548462391, -0.014786047860980034, 0.007215208373963833, 0.030967263504862785, -0.03526219353079796, 0.02358108013868332, -0.0069108703173696995, -0.014197888784110546, -0.0035802479833364487, 0.028423134237527847, -0.012960018590092659, -0.013500304892659187, -0.010436405427753925, 0.006319291424006224, -0.003139128675684333, 0.06549084186553955, -0.015948688611388206, -0.03627437353134155, -0.00993715412914753, -0.014184210449457169, 0.0022876656148582697, 0.0027612706180661917, -0.017863625660538673, 0.013623408041894436, 0.002976700896397233, -0.0027133971452713013, -0.5965849161148071, -0.008719801902770996, -0.0044351303949952126, -0.042703092098236084, 0.011653758585453033, 0.005098519381135702, -0.007796528749167919, 0.0048215375281870365, -0.030146576464176178, 0.02326648309826851, -0.014444095082581043, 0.0276571586728096, -0.003178453305736184, -0.007393023930490017, 0.0003152379358652979, -0.015169035643339157, 0.02927117794752121, -0.010963013395667076, -0.02712371200323105, -0.025427626445889473, -0.010921979323029518, 0.027110034599900246, -0.002460351912304759, 0.021296832710504532, -0.00037593458546325564, -0.0007963230600580573, -6.807001773267984e-05, -0.00967727042734623, -0.003566569881513715, 0.03126818314194679, -0.031596459448337555, 0.03479713946580887, 0.010997208766639233, 0.011209219694137573, 0.05881591886281967, -0.0014079915126785636, -0.04475481063127518, 0.003929039929062128, -0.016673628240823746, 0.039885398000478745, -0.008877100422978401, -0.028368420898914337, 0.024771075695753098, -0.01403375156223774, -0.0065278830006718636, 0.004698434378951788, 0.017384890466928482, -0.005033548455685377, 0.011311805807054043, -0.0605120025575161, 0.01690615713596344, 0.010839910246431828, -0.009690947830677032, 0.020571893081068993, 0.013349845074117184, 0.005354984197765589, 0.01899890974164009, 0.005902108736336231, 0.010860427282750607, 0.011366518214344978, 0.02233637124300003, 0.0305295642465353, -0.02823163941502571, -0.00329300737939775, -0.027219459414482117, 0.012515479698777199, -0.030009794980287552, 0.0048215375281870365, -0.0016054693842306733, -0.01001922320574522, -0.0008779643685556948, 0.005255817901343107, 0.00036888179602101445, -0.012672778218984604, 0.010737324133515358, -0.0016131632728502154, 0.00144817098043859, -0.020859133452177048, -0.016714662313461304, 0.010340658947825432, 0.02040775492787361, -0.023854641243815422, -0.03643851354718208, -0.007010036613792181, 0.005194266326725483, 0.0008005974814295769, -0.014498807489871979, -0.01607179082930088, 0.005341305863112211, 0.012358182109892368, 0.019641781225800514, 0.036493223160505295, 0.008111124858260155, -0.035398975014686584, -0.007782850414514542, 0.008466756902635098, 0.007994861342012882, -0.0036657361779361963, 0.035563111305236816, 0.0005030983593314886, -0.02598842792212963, -0.02853255905210972, -0.015360529534518719, 0.008610377088189125, 0.0349612757563591, 0.0014054268831387162, -0.016988225281238556, -0.005823459476232529, 0.02285613864660263, -0.017302822321653366, 0.001425944035872817, 0.017932016402482986, -0.027793940156698227, 0.007338311523199081, -0.01783626899123192, -0.03611023724079132, 0.0276571586728096, -0.006774089299142361, -0.015565700829029083, -0.0015815326478332281, -0.0180004071444273, 0.01737121306359768, 0.00790595356374979, -0.005238720215857029, 0.0010865556541830301, 0.0180004071444273, 0.01202990673482418, -0.020421434193849564, 0.01116134598851204, 0.00153536896687001, 0.0028194026090204716, -0.008596698753535748, 0.01867063343524933, 0.00122590153478086, 0.027725549414753914, 0.002157723531126976, 0.0198195967823267, 0.006158573552966118, 0.015032254159450531, -0.027301527559757233, 0.013158352114260197, 0.012768525630235672, 0.03977597504854202, -0.028040146455168724, 0.009403707459568977, -0.01570248231291771, -0.06839060038328171, 0.0010668933391571045, -0.01920408010482788, -0.006832221057265997, -0.015169035643339157, -0.0018739025108516216, 0.00644581438973546, 0.0203393641859293, -0.016468456014990807, -0.00790595356374979, 0.013862774707376957, -0.044016189873218536, -0.02745198830962181, -0.02828635275363922, -0.0003571271663531661, 0.020790742710232735, -0.012925823219120502, -0.011852091178297997, -0.013671280816197395, -0.04251159727573395, -0.026590265333652496, -0.018014084547758102, 0.004069240763783455, -0.033210474997758865, -0.004852313082665205, -0.0041923439130187035, -0.012111975811421871, -0.006579176057130098, -0.0032639415003359318, -0.011072438210248947, -0.03646586835384369, -0.0006197898183017969, -0.01742592453956604, -0.0011882866965606809, -0.004055562429130077, 0.01816454343497753, 0.014403061009943485, -0.016769375652074814, 0.02405981346964836, 0.00778968958184123, 0.010757841169834137, 0.01046376209706068, -0.0046950145624578, 0.03736862540245056, 0.006835640408098698, 0.019190402701497078, -0.015114323236048222, 0.005430213641375303, 0.010032901540398598, 0.003672575345262885, 0.01841074973344803, -0.00579268392175436, 0.011578529141843319, 0.002858727239072323, 0.029572095721960068, -0.009061754681169987, 0.02265096642076969, -0.023293837904930115, 0.008699284866452217, -0.04024102911353111, -0.005871333181858063, -0.001374651095829904, 0.018766380846500397, -3.454259785939939e-05, -0.011496460065245628, -0.010662094689905643, 0.004202602431178093, -0.0164411012083292, -0.011742666363716125, 0.033265188336372375, -0.014594553969800472, 0.0020517180673778057, -0.004589009564369917, 0.0007924761157482862, 0.0031972606666386127, -0.00713313976302743, 0.026945896446704865, 0.04021367430686951, 0.01012180931866169, 0.0009531939867883921, 0.0053139496594667435, 0.043386995792388916, 0.007721298839896917, -0.03542632982134819, 0.0015122871845960617, 0.017699487507343292, 0.004397515673190355, 0.010005544871091843, 0.03178795054554939, 0.007659747265279293, 0.02029833011329174, 0.0009446452022530138, 0.04158148542046547, -0.019696492701768875, 0.021419936791062355, 0.023280160501599312, 0.027903364971280098, -0.04073344171047211, 0.04193711653351784, 0.01701558195054531, 0.014662944711744785, 0.01338404044508934, 0.017193397507071495, 0.02473004162311554, -0.009773016907274723, -0.0008181225857697427, -0.020831776782870293, -0.012515479698777199, 0.010265429504215717, -0.0020294911228120327, 0.01731649972498417, 0.000982259982265532, 0.019915342330932617, 0.01700190268456936, -0.0032690707594156265, -0.0229655634611845, 0.020831776782870293, -0.02650819718837738, 0.023608434945344925, 0.025796934962272644, 0.003279329277575016, -0.009581523016095161, -0.00030711654108017683, -0.003966654650866985, 0.009451581165194511, -0.04822905361652374, 0.0004847183881793171, -0.0226920023560524, 0.029298532754182816, -0.006274837534874678, 0.002010683761909604, 0.0328548438847065, 0.010340658947825432, 0.024251306429505348, -0.02567383088171482, -0.021269477903842926, -0.009861924685537815, -0.00023808478727005422, -0.010190200060606003, -0.006719376426190138, -0.014074785634875298, 0.03058427758514881, 0.0032331657130271196, 0.02055821567773819, -0.018273968249559402, 0.016892477869987488, -0.0007458850159309804, -0.017302822321653366, -0.0026039720978587866, 0.023540044203400612, 0.04535664618015289, 0.01920408010482788, -0.0013763608876615763, 0.0024620615877211094, -0.0019217758672311902, 0.026385093107819557, -0.016140181571245193, -0.023772573098540306, 0.03531690686941147, 0.001417395193129778, 0.0015404983423650265, -0.019915342330932617, -0.02070867456495762, 0.02786233089864254, -0.01622224971652031, -0.026152566075325012, -0.01711132936179638, -0.007351989857852459, -0.005751649383455515, -0.005160070955753326, -0.024538548663258553, 0.0058986893855035305, 0.01036117598414421, 0.0041478900238871574, -0.0017037808429449797, 0.0017345566302537918, -0.03507069870829582, 0.04152677208185196, 0.01495018508285284, 0.017781555652618408, -0.011188702657818794, -0.005201105028390884, -0.00722888670861721, 0.007817045785486698, -0.0035221159923821688, -0.00894549023360014, 0.018848448991775513, -0.041089072823524475, -0.01597604528069496, -0.022815104573965073, 0.02170717716217041, -0.008405204862356186, 0.007570839487016201, 0.0037580635398626328, -0.0023594757076352835, -0.010368015617132187, -0.027110034599900246, -0.01403375156223774, -0.0003840559802483767, 0.00032079467200674117, 0.03047485277056694, 0.021926026791334152, 0.0068903532810509205, -0.0010130357695743442, -0.005163490306586027, -0.00904807634651661, 0.007105783559381962, -0.042019184678792953, -0.00701687578111887, 0.0008318006875924766, 0.024771075695753098, 0.012064102105796337, -0.02102327160537243, 0.04245688393712044, -2.8050832042936236e-05, 0.006021792534738779, 0.0227056797593832, -0.002776658395305276, -0.00878819264471531, 0.024702684953808784, 0.00558067299425602, 0.01570248231291771, 0.013137834146618843, -0.011195541359484196, -0.010819393210113049, -0.0017832849407568574, -0.015483631752431393, 0.021146373823285103, 0.006517624482512474, -0.019026264548301697, -0.03725919872522354, -0.01194783765822649, 0.02040775492787361, 0.005071163177490234, -0.006951904855668545, -0.011995711363852024, -0.007249403744935989, -0.02880612201988697, -0.024388087913393974, -0.007194691337645054, 0.037231843918561935, 0.015839263796806335, 0.001661891583353281, -0.02150200493633747, -0.017494315281510353, 0.003699931548908353, -0.004828376229852438, 0.039420343935489655, -0.03621966391801834, -0.024237629026174545, -0.0276571586728096, 0.02170717716217041, 0.05041754990816116, 0.01137335691601038, 0.01810983195900917, 0.006442394573241472, -0.00910962838679552, -0.016974547877907753, -0.00798802264034748, -0.02630302496254444, -0.006298774387687445, -0.0027510118670761585, -0.02680911496281624, -0.001072022714652121, 0.005095100030303001, 0.005505443550646305, -0.013288293965160847, 0.01633167639374733, 0.005891850218176842, -0.017672130838036537, 0.026576587930321693, -0.014088463969528675, 0.02170717716217041, 0.024333376437425613, 0.017754200845956802, 0.03323783352971077, 0.015401563607156277, -0.009533650241792202, 0.008193193934857845, -0.0031870019156485796, -0.017658453434705734, -0.005710615310817957, -0.02494889125227928, 0.0035323745105415583, 0.003970074467360973, 0.02222694456577301, -0.01946396566927433, -0.027588767930865288, -0.010935656726360321, 0.004623204469680786, 0.021611429750919342, 0.011168185621500015, 0.03260863944888115, 0.02995508350431919, 0.0005385759868659079, 0.01129128783941269, -0.011995711363852024, 0.02943531423807144, 0.029052328318357468, -0.0286966972053051, 0.015278460457921028, -0.002002134919166565, -0.011168185621500015, -0.02968152053654194, 0.0029647324699908495, -0.004288090858608484, -0.007611874025315046, 0.006206447258591652, 0.0200931578874588, 0.023074988275766373, 0.015483631752431393, -0.020736031234264374, -0.04762721434235573, -0.007618713192641735, 0.009307960979640484, 0.0032912977039813995, -0.0038298736326396465, 0.01763109676539898, 0.004291510209441185, -0.014813404530286789, 0.0075161270797252655, 0.008487273938953876, -0.018438106402754784, -0.02462061680853367, -0.024716364219784737, 0.022568898275494576, 0.00402820622548461, 0.03695828095078468, 0.0037478050217032433, -0.002992088906466961, 0.004089757800102234, -0.013732832856476307, -0.017672130838036537, -0.03515277057886124, -0.015743516385555267, -0.003378495806828141, 0.04612262174487114, 0.0156477689743042, -0.002082493854686618, -0.02834106609225273, 0.022938206791877747, -0.01846546307206154, 0.01406110730022192, -0.00036588971852324903, -0.01049111783504486, -0.006927968002855778, 0.004609526600688696, -0.0016789892688393593, 0.020913846790790558, 0.010067096911370754, 0.015251103788614273, -0.016454778611660004, -0.002326990244910121, 0.03985804319381714, -0.029544739052653313, -0.0024654811713844538, -0.012529158033430576, -0.049022383987903595, -0.028313709422945976, 0.03657529503107071, -0.01820557750761509, -0.004978835582733154, -0.04087022319436073, 0.01596236601471901, 0.00690061179921031, 0.00980721227824688, 0.03742333874106407, -0.004041884560137987, 0.018643278628587723, 0.009896120056509972, 0.01805511862039566, -0.022185910493135452, -0.005508862901479006, -0.014238922856748104, -0.02488050051033497, -0.018041441217064857, 0.0021081403829157352, 0.02853255905210972, 0.001321648363955319, 0.010949335061013699, 0.0025236131623387337, -0.0032246168702840805, -0.013206224888563156, 0.018191900104284286, -0.005611449014395475, 0.014102142304182053, 0.0029732813127338886, -0.016947191208600998, -0.02602946199476719, -0.012563353404402733, -0.022774070501327515, -0.028505202382802963, 0.03709506243467331, 0.03553575649857521, 0.005642224568873644, 0.009766178205609322, -0.02061292715370655, 0.02061292715370655, 0.014170533046126366, -0.03348403796553612, 0.027834974229335785, 0.012946341186761856, 0.01627696305513382, 0.0027510118670761585, 0.003983752336353064, -0.013513983227312565, -0.025605442002415657, 0.018957873806357384, 0.020120514556765556, 0.043386995792388916, 0.023827286437153816, -0.0013071154244244099, -0.018328681588172913, 0.012741168960928917, -0.001403717091307044, -0.004828376229852438, -0.023033954203128815, 0.005543058272451162, -0.00379567826166749, -0.016605237498879433, 0.0013062604703009129, 0.004780502989888191, -0.0328548438847065, -0.002236372558400035, 0.01105875987559557, 0.01380122359842062, -0.001913227024488151, -0.005478087347000837, -0.03170588240027428, 0.010573186911642551, -0.00013827724615111947, 0.03449621796607971, 0.0065039461478590965, 0.007946987636387348, -0.044371820986270905, -0.0006296209758147597, -0.013664442114531994, 0.029873015359044075, -0.0014763821382075548, 0.01816454343497753, -0.028970258310437202, 0.0008335104794241488, 0.0036520580761134624, 0.015346851199865341, -0.012221400626003742, -0.03720448538661003, -0.01872534677386284, 0.03485184907913208, -0.02352636680006981, 0.003183582564815879, -0.006589434575289488, -0.004530877340584993, 0.010675773024559021, -0.02363579161465168, -0.007393023930490017, 0.0042573148384690285, -0.019737526774406433, 0.004954899195581675, 0.029024971649050713, 0.012754847295582294, 0.009848246350884438, -0.009102788753807545, -0.007769172545522451, -0.00433254474774003, -0.015333172865211964, -0.010504796169698238, 0.008644572459161282, -0.02858727052807808, -0.02020258456468582, -0.007386184763163328, -0.009690947830677032, 0.0224457960575819, -0.011168185621500015, 0.005481506697833538, 0.00622354494407773, 0.025660153478384018, -0.001314809313043952, -0.003751224372535944, 0.017973050475120544, -0.0153878852725029, -0.015538345091044903, 0.015415241941809654, 0.0056764199398458, -0.009403707459568977, 0.011366518214344978, -0.017453281208872795, -0.045931126922369, -0.007167335133999586, -0.01001922320574522, 0.008576181717216969, -0.01247444562613964, -0.009526810608804226, 0.004848893731832504, 0.004363320302218199, 0.021173730492591858, -0.015634091570973396, -0.02447015792131424, 0.0006839060224592686, -0.029626809060573578, 0.012303468771278858, 0.009793533943593502, -0.015893975272774696, -0.01434834860265255, -0.032800134271383286, 0.01359605137258768, -0.015073288232088089, -0.03083048388361931, -0.014539841562509537, 0.00273220450617373, 0.0031203210819512606, -0.006059407256543636, -0.004284671042114496, -0.011414390988647938, -0.007946987636387348, -0.016523169353604317, 0.011995711363852024, -0.016687307506799698, 0.00022440665634348989, 0.004206021782010794, 0.02467532828450203, 0.012700134888291359, -0.019546033814549446, -0.027055321261286736, -0.026699690148234367, -0.022158555686473846, -0.02133786678314209, -0.008952329866588116, -0.007235725410282612, -0.03197944536805153, 0.02656290866434574, 0.024237629026174545, -0.009923475794494152, -0.007748655043542385, -0.02602946199476719, -0.04855732619762421, -0.023923031985759735, 0.014320991933345795, 0.0042607346549630165, 0.0454113595187664, 0.036547936499118805, -0.003850390901789069, 0.03950241208076477, 0.009164340794086456, 0.027821296826004982, -0.01403375156223774, 0.024128204211592674, -0.017658453434705734, -0.033894382417201996, 0.011380195617675781, 0.008309458382427692, -0.026699690148234367, 0.013479787856340408, 0.020804420113563538, -0.004483004100620747, 0.032635994255542755, -0.009957671165466309, -0.004185504745692015, -0.020585570484399796, -0.002068815752863884, -0.0005419955123215914, -0.002860436914488673, 0.007078427355736494, 0.018273968249559402, -0.01894419640302658, -0.0027646899688988924, 0.01546995434910059, 0.0004229531332384795, -0.005341305863112211, -0.002887793118134141, 0.014758692122995853, -0.009595201350748539, 0.013267776928842068, -0.024497512727975845, -0.011749505065381527, -0.011469103395938873, -0.03115875832736492, 0.026234634220600128, 0.025550728663802147, 0.021584073081612587, 0.035043343901634216, -0.02096855826675892, -0.002378283068537712, -0.016687307506799698, 0.01358921267092228, -0.012549675069749355, -0.02291085198521614, 0.02243211679160595, -0.007379346061497927, 0.005508862901479006, 0.024237629026174545, 0.017617419362068176, 0.01272749062627554, 0.013308811001479626, 0.01733017899096012, 0.007071588188409805, -0.013684959150850773, -0.012816398404538631, -0.010532152839004993, -0.030146576464176178, -0.04089757800102234, -0.01079887617379427, -0.0013378910953179002, -0.013028409332036972, -0.010032901540398598, -0.008678766898810863, -0.0014575746608898044, 0.008535146713256836, 0.0006073940312489867, -0.022514186799526215, -0.03589138761162758, 0.011564850807189941, 0.0069997780956327915, -0.015784550458192825, 0.016140181571245193, 0.21009592711925507, 0.013014730997383595, 6.897833372931927e-05, 0.02291085198521614, -0.0009805501904338598, 0.007201530504971743, 0.022924529388546944, -0.016577882692217827, -0.02660394459962845, 0.022527864202857018, 0.022815104573965073, 0.001004486926831305, -0.012125653214752674, -0.004411194007843733, 0.00042872357880696654, -0.021748211234807968, -0.028997614979743958, -0.03025600127875805, -0.010771519504487514, 0.004592428915202618, 0.024511191993951797, -0.018014084547758102, -0.010689451359212399, -0.01972384937107563, 0.02379992976784706, -0.0031510968692600727, 0.007297276984900236, 0.011298127472400665, 0.007721298839896917, 0.01868431270122528, -0.01090146228671074, 0.013377201743423939, 0.011339161545038223, -0.015798229724168777, -0.03972126170992851, -0.007659747265279293, 0.032170940190553665, 0.009998706169426441, -0.002429576124995947, 0.0082205506041646, 7.287873449968174e-05, -0.01137335691601038, 0.0063911015167832375, -0.007755494210869074, -0.019546033814549446, -0.002709977561607957, -0.015593057498335838, -0.009123305790126324, -0.0074956100434064865, 0.034140586853027344, -0.017125006765127182, -0.02228165790438652, 0.05400121957063675, 0.019286150112748146, 0.016400067135691643, -0.008959168568253517, 0.012830076739192009, 0.011414390988647938, -0.012672778218984604, 0.028368420898914337, -0.008131642825901508, 0.011701632291078568, -0.008836065419018269, 0.000834365317132324, 0.00936951208859682, 0.010792036540806293, 0.0018106411444023252, -0.0065484000369906425, 0.008740318939089775, -0.002812563441693783, -0.00013357539137359709, -0.014074785634875298, 0.01390380971133709, -0.013965360820293427, 0.017138684168457985, -0.025236131623387337, 0.029243821278214455, 0.008966008201241493, 0.015415241941809654, 0.03230772167444229, -0.04267573356628418, -0.035508401691913605, -0.0213925801217556, -0.015552022494375706, -0.029134396463632584, -0.0002810426231008023, 0.00957468431442976, -0.006151734385639429, -0.023157058283686638, -0.00757767865434289, -0.01515535730868578, 0.011756344698369503, -0.003935879096388817, -0.008931812830269337, 0.006674922537058592, -0.010374854318797588, 0.026467163115739822, 0.027356240898370743, -0.018328681588172913, 0.0028946322854608297, -0.04256631061434746, 0.061442118138074875, 0.03348403796553612, -0.007564000319689512, -0.0005535364034585655, 0.001795253250747919, -0.02488050051033497, -0.001764477463439107, 0.01189996488392353, -0.01794569380581379, 0.015442597679793835, -0.038845863193273544, 0.020421434193849564, -0.02411452680826187, 0.012330825440585613, 0.00892497319728136, 0.019956378266215324, -0.018506497144699097, 0.030119221657514572, -0.005662741605192423, 0.0018431267235428095, -0.02311602234840393, 0.005796103272587061, -0.00837100949138403, 0.005019870121032, -0.028040146455168724, -0.04294929653406143, 0.019997412338852882, 0.020995914936065674, -0.007297276984900236, 0.019737526774406433, -0.00669202022254467, -0.02196706086397171, -0.029572095721960068, -0.010285946540534496, 0.004814698360860348, -0.017808912321925163, -0.02332119457423687, 0.009178019128739834, 0.0016935223247855902, 0.016413744539022446, -0.02259625494480133, 0.009561005979776382, 0.019655458629131317, 0.009998706169426441, -0.026097852736711502, 0.009034398011863232, 0.00557041447609663, 0.002258599502965808, -0.0318426638841629, -0.0031305798329412937, -0.013438752852380276, 0.01733017899096012, -0.027069000527262688, -0.005720873828977346, -0.021980740129947662, 0.02384096384048462, -0.04809227213263512, 0.0017593482043594122, 0.0026928798761218786, -0.03687621280550957, 0.020325686782598495, 0.01566144824028015, -0.00016830499225761741, -0.028204284608364105, -0.009978189133107662, -0.1726725846529007, 0.01426627952605486, 0.02493521384894848, -0.017138684168457985, -0.006220125127583742, 0.014416738413274288, 0.028423134237527847, -0.004294929560273886, -0.05865177884697914, -0.00021778131485916674, 0.00904807634651661, -0.009554167278110981, -0.0495695061981678, -0.03619230538606644, -0.009656752459704876, 0.030338071286678314, 0.014868116937577724, 0.028423134237527847, 0.015292138792574406, 0.022609932348132133, 0.00923273153603077, -0.004024786874651909, -0.013917487114667892, -0.03214358165860176, -0.01150329876691103, 0.02118740789592266, -0.002696299459785223, -0.0030604794155806303, -0.0037033511325716972, -0.014362026005983353, 0.012884789146482944, -0.014334670267999172, 0.012795881368219852, -0.009827729314565659, 0.017959371209144592, -0.023567400872707367, -0.003929039929062128, -0.027930721640586853, 0.002933956915512681, -0.01898523047566414, 0.031541746109724045, 0.012672778218984604, -0.011489621363580227, 0.016290640458464622, 0.019422931596636772, 0.00993715412914753, 0.02076338604092598, -0.028669340535998344, 0.0185201745480299, -0.03835345059633255, 0.003267361083999276, -0.02598842792212963, -0.003005767008289695, 0.018137186765670776, 0.0068014455027878284, 0.01280955970287323, 0.014074785634875298, 0.009643075056374073, -0.011523816734552383, -0.011017725802958012, -0.01239237654954195, -0.015305816195905209, -0.002133786678314209, -0.007509287912398577, -0.023594757542014122, -0.0007591356988996267, -0.00960204005241394, 0.005385759752243757, -0.038052529096603394, 0.01358921267092228, -0.010402210056781769, 0.009615718387067318, 0.008466756902635098, -0.00351527682505548, 0.016509491950273514, 0.018643278628587723, -0.010388532653450966, 0.0027834975626319647, -0.015141678974032402, 0.014238922856748104, -0.026070497930049896, 0.03126818314194679, -0.03611023724079132, 0.024593260139226913, -0.01223507896065712, 0.02697325311601162, 0.016878800466656685, -0.013835418969392776, 0.010279107838869095, 0.006962163373827934, 0.018766380846500397, -0.03225300833582878, -0.009663592092692852, 0.013178869150578976, -0.009725143201649189, 0.027301527559757233, 0.00455481419339776, 0.006599693093448877, 0.012556514702737331, 0.012734330259263515, 0.0008249616366811097, -0.0063261305913329124, -0.002103010891005397, -0.005327627994120121, 0.017042938619852066, 0.011653758585453033, 0.02155671827495098, -0.009615718387067318, 0.042703092098236084, 0.00713313976302743, -0.005997855681926012, -0.00033810603781603277, -0.01862959936261177, 0.029407959431409836, 0.018821094185113907, 0.034769780933856964, 0.004069240763783455, -0.013541338965296745, 0.007550322450697422, -0.008959168568253517, 0.028450490906834602, -0.02771187201142311, -0.013527660630643368, 0.03641115501523018, -0.004571911878883839, -0.012310308404266834, -0.08070091158151627, -0.006962163373827934, 0.0023286999203264713, 0.015442597679793835, -0.02593371644616127, 0.010532152839004993, -0.017863625660538673, 0.018041441217064857, -0.034988630563020706, 0.015141678974032402, -0.04346906766295433, -0.032581280916929245, 0.0005808926653116941, 0.02259625494480133, -0.013985877856612206, 0.0022620190866291523, -0.0027373337652534246, 0.020435111597180367, -0.006411619018763304, 0.03887321799993515, 0.01648213528096676, -0.021884992718696594, 0.016413744539022446, -0.02593371644616127, 0.011469103395938873, 0.022459473460912704, -0.0069997780956327915, 0.014676623046398163, 0.02488050051033497, -0.009171179495751858, 8.361819345736876e-05, -0.010949335061013699, 0.010368015617132187, -0.0015875168610364199, -0.022309014573693275, -0.017357533797621727, -0.014772369526326656, -0.011824735440313816, 0.01733017899096012, -0.021748211234807968, -0.004137631505727768, 0.02493521384894848, 0.017412247136235237, 0.00379567826166749, 0.024552226066589355, -0.024073490872979164, -0.02801278978586197, 0.03225300833582878, 0.026945896446704865, -0.022664645686745644, -0.003648638492450118, 0.012802721001207829, -0.0312955379486084, -0.015552022494375706, 0.014567198231816292, 0.0057448106817901134, 0.02656290866434574, 0.018793737515807152, 0.002402219921350479, 0.017453281208872795, -0.023649470880627632, 0.000404573162086308, 0.006770669482648373, 0.0047086928971111774, 0.005707195494323969, -0.014662944711744785, -0.0013575534103438258, -0.0033066854812204838, -0.031487032771110535, -0.005283174104988575, -0.04910445213317871, 0.015059610828757286, -0.041772980242967606, 0.025591762736439705, -0.028970258310437202, 0.0068869334645569324, -0.015948688611388206, -0.017357533797621727, 0.01181789580732584, 0.006592853926122189, -0.005820040125399828, 0.003915362060070038, 0.0036828338634222746, -0.02932588942348957, 0.03687621280550957, 0.0042162807658314705, -0.009923475794494152, -0.005847396329045296, 0.019860630854964256, -0.023033954203128815, 0.01059370394796133, 0.0008360751089639962, 0.009731982834637165, -0.015428919345140457, -0.010730485431849957, 0.0307757705450058, -0.0038572298362851143, 0.011872608214616776, 0.010525313206017017, 0.004175246227532625, -0.011147667653858662, -0.006397940684109926, -0.04587641358375549, 0.029763590544462204, -0.006507365498691797, -0.004838635213673115, -0.005201105028390884, 0.005977338645607233, -0.008391526527702808, -0.02891554683446884, 0.02858727052807808, 0.002762980293482542, -0.019080977886915207, 0.01403375156223774, 0.01061422098428011, -0.008993363939225674, -0.0169608686119318, -0.030502207577228546, 0.0002981402794830501, -0.003604184603318572, 0.046779170632362366, 0.04169091209769249, -0.0011506718583405018, 0.006250901147723198, 0.0024193176068365574, 0.015045932494103909, 0.0076050348579883575, -0.013438752852380276, -0.004400935024023056, 0.021666143089532852, -0.03115875832736492, -0.00892497319728136, 0.015620413236320019, -0.034304726868867874, 0.003751224372535944, 0.004664239007979631, -0.0042573148384690285, -0.026699690148234367, 0.015688803046941757, 0.03083048388361931, 0.010012384504079819, 0.009636235423386097, -0.011434908956289291, -0.00790595356374979, 0.004500101786106825, -0.0009172889403998852, -0.022815104573965073, -0.0002231243415735662, -0.006421877536922693, -0.0035323745105415583, 0.0182602908462286, 2.11850565392524e-05, 0.03991275653243065, 0.018930518999695778, 0.002166272373870015, -0.01403375156223774, -0.0185201745480299, -0.030228646472096443, 0.017234431579709053, 0.018397072330117226, 0.0031716141384094954, 0.01768581010401249, 0.04702537879347801, -0.01809615269303322, 0.0032023899257183075, -0.007782850414514542, -0.009629396721720695, -0.013637086376547813, -0.002436415059491992, 0.02232269197702408, 0.022869817912578583, -0.03036542609333992, 0.004089757800102234, -0.0010600542882457376, 0.007092105224728584, 0.010621060617268085, -0.003782000159844756, 0.002135496586561203, -0.009608879685401917, -0.017617419362068176, 0.0053789205849170685, 0.020257296040654182, 0.021488327533006668, -0.03334725648164749, -0.003959815949201584, -0.0016191474860534072, 0.0029613131191581488, 0.006927968002855778, -0.021693497896194458, 0.02202177420258522, 0.017726844176650047, -0.00713313976302743, -0.012440250255167484, 0.011831574141979218, -0.016988225281238556, 0.01046376209706068, 0.01484076026827097, -0.025578085333108902, -0.025851646438241005, -0.00900020357221365, 0.004339383449405432, 0.013712315820157528, 0.0076050348579883575, 0.01638638786971569, 0.0014097013045102358, -0.006825381889939308, -0.015989722684025764, -0.005180587992072105, -0.011332322843372822, 0.015305816195905209, -0.016673628240823746, 0.015620413236320019, -0.0024176076985895634, -9.836492245085537e-05, -0.010340658947825432, 0.004366740118712187, 0.01659156009554863, 0.01701558195054531, 0.002598842838779092, -0.000494976993650198, -0.006753571797162294, 0.006938226521015167, 0.013322489336133003, -0.0006813413929194212, 0.013657603412866592, -0.0052900128066539764, 0.036602649837732315, -0.010771519504487514, -0.024401767179369926, -0.011653758585453033, 0.002638167468830943, 0.006182510405778885, 0.014006394892930984, 0.008063252083957195, -0.01518271304666996, -0.021748211234807968, 0.005734551697969437, -0.04136263579130173, 0.01675569824874401, 0.01200255099684, 0.006767250131815672, 0.06614738702774048, 0.010573186911642551, 0.008541986346244812, 0.028888190165162086, -0.006558658555150032, 0.00866508949548006, -0.00043342544813640416, 0.002527032746002078, -0.022938206791877747, -0.022418439388275146, 0.012036745436489582, 0.0005744810332544148, 0.00980721227824688, -0.005508862901479006, -0.015552022494375706, 0.004288090858608484, 0.003315234323963523, 0.02812221460044384, -0.02222694456577301, 0.008104286156594753, -0.0025219034869223833, 0.002068815752863884, 0.027301527559757233, -0.018082475289702415, -0.025400269776582718, 0.011975194327533245, 0.03474242612719536, -0.02274671383202076, -0.0069142896682024, -0.010340658947825432, 0.009923475794494152, -0.012098297476768494, -0.015552022494375706, -0.020435111597180367, -0.012433411553502083, -0.00949261523783207, -0.008254745975136757, -0.00021158342133276165, 0.020366720855236053, -0.0011045081773772836, -0.020790742710232735, 0.014115819707512856, -0.02291085198521614, -0.03058427758514881, -0.0020517180673778057, 0.003014315851032734, -0.000679631601087749, -0.02593371644616127, -0.02719210274517536]","[-0.0203733891248703, 0.018207713961601257, 0.012165212072432041, -0.002165675163269043, -0.034891434013843536, 0.03296639025211334, -2.765058343356941e-05, -0.02844788134098053, -0.022311801090836525, 0.007352600805461407, 0.02036002092063427, -0.015507304109632969, 0.007914071902632713, 0.004371455404907465, 0.002615186385810375, 0.008301754482090473, 0.01616235449910164, 0.020921491086483, -0.0005522805731743574, -0.01173742488026619, -0.019771812483668327, 0.009317751042544842, -0.0060959747061133385, -0.030132295563817024, -0.022017698734998703, 0.0009023646707646549, 0.032297972589731216, -0.004963005427271128, 0.020186232402920723, 0.015306778252124786, 0.022271696478128433, 0.014023415744304657, -0.015574146062135696, -0.032217759639024734, -0.015614250674843788, -0.01594845950603485, -0.002638581208884716, -0.020413493737578392, 0.020988333970308304, -0.008301754482090473, 0.030479872599244118, 0.0017830057768151164, 0.0010260220151394606, -0.01721845380961895, 0.004324666224420071, 0.02530631609261036, -0.0009783972054719925, -0.028902405872941017, -0.007198864594101906, -0.010614481754601002, 0.03673626855015755, 0.028020093217492104, -0.04638822749257088, -0.00014224776532500982, 0.004675585776567459, -0.019905496388673782, 0.020453598350286484, 0.03205734118819237, 0.0016225853469222784, -0.009872538037598133, 0.027993356809020042, 0.016336143016815186, -0.009137277491390705, 0.017285296693444252, -0.025439999997615814, 0.0006930662202648818, -0.011483426205813885, -0.012071633711457253, -0.008903331123292446, -0.016804035753011703, 0.04002488777041435, 0.017646241933107376, 0.0031181711237877607, 0.005360714625567198, 0.02273958921432495, 0.015266673639416695, 0.01238579023629427, -0.012131791561841965, 0.0032050656154751778, -0.0033872094936668873, 0.004194324836134911, -0.0052604516968131065, 0.01187779288738966, 0.011871108785271645, 0.009150645695626736, 0.00508666317909956, -0.007071865256875753, 0.031977128237485886, -0.0013393431436270475, 0.00047541249659843743, -0.0018815974472090602, 0.0037464844062924385, 0.018167609348893166, 0.014290782622992992, 0.0006220467621460557, 0.03446364775300026, -0.01747245341539383, 0.02556031383574009, 0.00020585194579325616, -0.0161890909075737, -0.02610841765999794, 0.013435207307338715, -0.027565568685531616, -0.016336143016815186, -0.028127040714025497, -0.01252615824341774, 0.010881849564611912, -0.010768217965960503, 0.016122248023748398, -0.007974229753017426, -0.0052704778499901295, 0.013154471293091774, 0.01463836058974266, -0.02375558577477932, -0.005801870487630367, -0.010955375619232655, 0.026054944843053818, -0.03740468621253967, -0.026482731103897095, 0.005935554392635822, 0.004424929153174162, 0.018902868032455444, 0.0329931266605854, -0.011409900151193142, 0.020453598350286484, -0.0032234471291303635, 0.013100998476147652, -0.011617109179496765, 0.0029326851945370436, -0.013114366680383682, 0.029089562594890594, 0.04440971091389656, -0.00703844428062439, 0.029651034623384476, -0.013916468247771263, 0.0006446058978326619, 0.004481744486838579, 0.003218434052541852, -0.03213755041360855, -0.027311570942401886, 0.03165628761053085, 0.032752495259046555, -0.034035857766866684, -0.01029364112764597, -0.046896226704120636, 0.007045128382742405, 0.010794955305755138, -0.004358087200671434, 0.0019935574382543564, -0.02323421835899353, 0.016804035753011703, -0.009391277097165585, -0.010113168507814407, 0.02815377712249756, -0.022793063893914223, -0.010761533863842487, 0.00463548069819808, -0.019223708659410477, 0.008301754482090473, 0.004371455404907465, 0.027311570942401886, -0.0036763004027307034, 0.02060065045952797, 0.02510579116642475, -0.029410403221845627, 0.024196742102503777, -0.004605401773005724, -0.02612178586423397, -0.008308439515531063, -0.014437834732234478, 0.004408218432217836, 0.023595165461301804, -0.025493472814559937, -9.158113243756816e-06, -0.009685380384325981, -0.010654587298631668, 0.0063599999994039536, 0.020988333970308304, -0.009424697607755661, -0.007018391974270344, 0.005126768257468939, 0.014210572466254234, -0.00012825275189243257, 0.0517890490591526, -0.015814775601029396, -0.02898261696100235, -0.0164297204464674, -0.012532842345535755, 0.0008639306179247797, 0.009224171750247478, -0.007299127522855997, 0.013575575314462185, -0.001408691518008709, -0.022271696478128433, -0.6083140969276428, -0.017619505524635315, -0.011048953980207443, -0.033260494470596313, 0.02011938951909542, 0.01201147586107254, -0.00820149201899767, 0.014237308874726295, -0.03050660900771618, 0.03213755041360855, -0.021990960463881493, 0.029704507440328598, -0.0015958485892042518, -0.018876131623983383, 0.002117214957252145, -0.019985705614089966, 0.03232470899820328, -0.016309406608343124, -0.02093486115336418, -0.02165675163269043, -0.004739085678011179, 0.021576542407274246, -0.014892359264194965, 0.010340430773794651, 0.010099800303578377, 0.0030379609670490026, 0.005481029860675335, -0.003696352941915393, 0.00228599039837718, 0.042431190609931946, -0.0454791784286499, 0.02192411944270134, 0.011958003044128418, -0.0013660797849297523, 0.0637938380241394, -0.016068775206804276, -0.0417093001306057, 0.0035793797578662634, -0.008268333971500397, 0.034864697605371475, -0.006503709591925144, -0.024624528363347054, 0.026536205783486366, -0.004374797455966473, -0.00238291104324162, -0.000434471876360476, 0.02769925259053707, -0.008903331123292446, 0.0021355964709073305, -0.05296546220779419, 0.006383394356817007, 0.012312264181673527, -0.008194807916879654, -0.01031369436532259, 0.012312264181673527, -0.005581292789429426, 0.017566032707691193, 0.008141334168612957, 0.020787809044122696, 0.006009080447256565, 0.016296036541461945, 0.02189738303422928, -0.037217527627944946, -0.018688974902033806, -0.03940994292497635, 0.01564098708331585, -0.022833168506622314, 0.013461943715810776, -0.00358940614387393, -0.0070117078721523285, -0.017900241538882256, 0.001351875951513648, 0.0031649605371057987, -0.01108237449079752, 0.018582027405500412, 0.005263793747872114, 0.003789931535720825, -0.029677771031856537, 0.0047123488038778305, 0.02273958921432495, 0.011657214723527431, -0.027725988999009132, -0.041415195912122726, -0.010667955502867699, 0.019424235448241234, 0.0037598528433591127, -0.01613561622798443, -0.014905727468430996, 0.00138529681134969, 0.007071865256875753, 0.029356930404901505, 0.03427648916840553, 0.0003849671338684857, -0.03932972997426987, -0.00016971558216027915, 0.01124279573559761, 8.109793270705268e-05, -0.009177383035421371, 0.026830310001969337, -0.01475867535918951, -0.028394408524036407, -0.028822196647524834, -0.012766788713634014, 0.001771308365277946, 0.025266211479902267, 0.010527587495744228, -0.013094314374029636, -0.008983541280031204, 0.015761302784085274, -0.021282438188791275, -0.004749111831188202, -0.007225601468235254, -0.012004791758954525, 0.0021188859827816486, -0.004067325033247471, -0.036656059324741364, 0.020052548497915268, -0.0032953021582216024, -0.02295348420739174, -0.005664844997227192, -0.009986168704926968, 0.0019083342049270868, 0.003024592762812972, 0.0011805937392637134, 0.011931265704333782, -0.0028207250870764256, 0.014624991454184055, -0.030987871810793877, 0.014023415744304657, 0.004668901674449444, 0.0045285336673259735, -0.02060065045952797, 0.000684293219819665, 0.0034390119835734367, 0.018434975296258926, -0.010053010657429695, 0.0020754386205226183, -0.011196006089448929, 0.01672382466495037, -0.025934629142284393, 0.0019300577696412802, 0.013080945238471031, 0.04334023967385292, -0.019905496388673782, 0.012225369922816753, -0.022900009527802467, -0.05871386080980301, -0.010868481360375881, -0.02423684671521187, -0.008736226707696915, -0.010427325032651424, -0.008315123617649078, -0.005250425543636084, 0.013929836452007294, -0.00043488963274285197, -0.004094061907380819, 0.01043400913476944, -0.03497164323925972, -0.01800718903541565, -0.023408008739352226, -0.007646705023944378, 0.0200659167021513, -0.0025566997937858105, -0.01749918982386589, -0.016616879031062126, -0.054141879081726074, -0.025172632187604904, -0.004080693703144789, -0.0020085969008505344, -0.030720504000782967, -0.005591318942606449, -0.007626652251929045, -0.021081911399960518, -0.002043688902631402, 0.0022492273710668087, -0.006293158046901226, -0.04315308481454849, 0.007105286233127117, -0.013742679730057716, -0.009090488776564598, 0.013395101763308048, 0.01331489160656929, 0.01553404051810503, -0.023113904520869255, 0.01667035184800625, -0.005016479175537825, 0.018421607092022896, 0.018114134669303894, -0.010246852412819862, 0.038768257945775986, 0.004732401575893164, 0.029651034623384476, -0.006490341387689114, 0.0016184077830985188, 4.313386671128683e-05, -0.007158759515732527, 0.00796754565089941, 0.00457198079675436, 0.02137601561844349, 0.009571749716997147, 0.03438343480229378, -0.005090005230158567, 0.015801407396793365, -0.018675606697797775, 0.012686578556895256, -0.02847461774945259, 0.0010276930406689644, -0.004211035091429949, 0.01304084062576294, -0.0054943980649113655, -0.013354997150599957, -0.017058033496141434, -0.00114299519918859, 0.00125579081941396, 0.009558381512761116, 0.02610841765999794, -0.015747934579849243, 0.005166873335838318, -0.0022208197042346, -0.0009366211015731096, 0.015173094347119331, 0.0011571991490200162, 0.02815377712249756, 0.028822196647524834, 0.013187892735004425, 0.002840777626261115, 0.004632138647139072, 0.040051624178886414, 0.014250677078962326, -0.025466736406087875, 0.004628796596080065, 0.02168348804116249, 0.003323709825053811, 0.004090719856321812, 0.02481168694794178, 0.0009842459112405777, 0.022605905309319496, -0.005641450174152851, 0.029677771031856537, -0.017164980992674828, 0.011048953980207443, 0.03106808103621006, 0.01212510745972395, -0.04339371249079704, 0.04430276155471802, 0.013147787190973759, 0.019263815134763718, 0.03005208633840084, 0.02033328451216221, 0.01621582731604576, -0.006567209493368864, -0.01720508560538292, -0.029437141492962837, -0.0023110562469810247, 0.011590372771024704, -0.00875627901405096, 0.028581565245985985, 0.0010109826689586043, 0.0245576873421669, 0.018207713961601257, 0.007225601468235254, -0.02769925259053707, 0.03465080261230469, -0.02402295172214508, 0.025787577033042908, 0.03216428682208061, 0.00684460299089551, -0.01961139217019081, -0.0058620283380150795, 0.0016534996684640646, 0.00756649486720562, -0.05764439329504967, 0.004869427066296339, -0.037752263247966766, 0.035345956683158875, -0.003452380420640111, 0.012064949609339237, 0.028100304305553436, 0.012820262461900711, 0.00798091385513544, -0.028875669464468956, -0.022392012178897858, -0.005751739256083965, -0.0008534865919500589, -0.005297214724123478, -0.0054041617549955845, 0.000692648405674845, 0.025252841413021088, 0.0052103204652667046, 0.027044203132390976, -0.01004632655531168, 0.01640298403799534, 0.008241597563028336, -0.017124876379966736, -0.0226727481931448, 0.009692064486443996, 0.04860737547278404, 0.016322774812579155, 0.013622364029288292, 0.009712117724120617, 0.007265706546604633, 0.010828375816345215, -0.03280596807599068, -0.03130871057510376, 0.031977128237485886, 0.0010109826689586043, 0.009364539757370949, -0.017833398655056953, -0.019250446930527687, -0.0019066630629822612, -0.01753929629921913, -0.029330193996429443, -0.023929374292492867, -0.00496968999505043, 0.006891392171382904, -0.007432810962200165, -0.012285527773201466, 0.004632138647139072, 0.004334692377597094, 0.0049864002503454685, 0.010066378861665726, -0.0065337885171175, -0.027538832277059555, 0.05593324080109596, 0.004257824271917343, 0.024998843669891357, -0.013782784342765808, -0.01644308865070343, -0.009184067137539387, 0.011917897500097752, 0.0037598528433591127, -0.01356889121234417, 0.021536435931921005, -0.04721706733107567, -0.0039804307743906975, -0.01882265880703926, 0.019116763025522232, -0.017071403563022614, 0.0104607455432415, -0.00368632678873837, 8.282119961222634e-05, -0.007780388463288546, -0.04275203123688698, -0.024383898824453354, -0.0004561954701784998, 0.002665317850187421, 0.039008889347314835, 0.027258096262812614, -0.003599432297050953, 0.0016777298878878355, 0.00561805535107851, -0.01724519208073616, 0.013274786993861198, -0.041415195912122726, -0.008936752565205097, 0.007205549161881208, 0.01201147586107254, 0.010307009331882, -0.008448806591331959, 0.031201764941215515, 0.00548771396279335, 0.0028290802147239447, 0.024932000786066055, 0.0074662319384515285, 0.0008171413210220635, 0.011657214723527431, 0.011851055547595024, 0.002551686717197299, 0.001127120340242982, -0.011924581602215767, -0.017806662246584892, 0.003532590577378869, -0.019718339666724205, 0.023662006482481956, -0.008381965570151806, -0.023688742890954018, -0.03531922027468681, -0.01473193895071745, 0.023902637884020805, -0.0011212716344743967, 0.005267135798931122, -0.002003583824262023, -0.009605170227587223, -0.024998843669891357, -0.0095516974106431, -0.0028290802147239447, 0.02895587868988514, 0.013020788319408894, 0.009083804674446583, -0.026790203526616096, -0.02608168125152588, 0.01541372574865818, -0.0161890909075737, 0.016349511221051216, -0.033581335097551346, -0.027592306956648827, -0.021309174597263336, 0.029945138841867447, 0.05374082922935486, 0.019156867638230324, 0.015614250674843788, 0.010581061244010925, -0.012325633317232132, 0.014010046608746052, -0.004491770640015602, -0.018341397866606712, -0.002070425543934107, 0.01068132370710373, -0.003332065185531974, 0.004334692377597094, -0.011383162811398506, -0.012967314571142197, -0.032217759639024734, 0.030426399782299995, -0.003475775010883808, -0.012980682775378227, 0.023448113352060318, -0.014103625901043415, 0.012626420706510544, 0.013034156523644924, 0.006119369063526392, 0.0274051483720541, 0.01775318942964077, -0.016015302389860153, 0.011109111830592155, 0.012606368400156498, -0.024637896567583084, -0.008682752959430218, -0.0375918447971344, -0.000692230649292469, 0.0012808565516024828, 0.03133544698357582, -0.01961139217019081, -0.01568109355866909, -0.0014855596236884594, 0.00978564377874136, 0.020440230146050453, 0.016603508964180946, 0.030640292912721634, 0.032752495259046555, 0.009184067137539387, 0.027017466723918915, -0.010073062963783741, 0.03261881321668625, 0.021496331319212914, -0.03946341574192047, 0.0007193851633928716, -0.0021439515985548496, -0.008148018270730972, -0.009016962721943855, -0.0008267498342320323, -0.0013276457320898771, -0.01621582731604576, -0.005307240877300501, 0.0434204526245594, 0.03136218711733818, 0.006851287093013525, -0.008809752762317657, -0.025506841018795967, -0.006082606036216021, 0.0030947765335440636, -0.0063299210742115974, 0.005340661853551865, -0.004287903197109699, 0.008555754087865353, -0.014718570746481419, 0.007105286233127117, 0.008275018073618412, -0.02136264741420746, -0.025533577427268028, -0.023140640929341316, 0.012318948283791542, -0.010333746671676636, 0.03056008368730545, 0.015801407396793365, 0.00021326720889192075, 0.0021021754946559668, -0.010073062963783741, -0.01724519208073616, -0.016296036541461945, -0.011570320464670658, -0.0006479479488916695, 0.04144193232059479, 0.028020093217492104, 0.01005969475954771, -0.036415427923202515, 0.027859672904014587, -0.025145895779132843, 0.013608995825052261, 0.0030847503803670406, -0.02247222140431404, -0.0038099840749055147, 0.0018297950737178326, 0.012111739255487919, 0.03344764932990074, 0.008589174598455429, 0.007412758655846119, -0.020159494131803513, -0.003943667747080326, 0.03636195510625839, -0.03187018260359764, -0.011189321987330914, 0.0017479137750342488, -0.03943667933344841, -0.033313967287540436, 0.027806200087070465, -0.011376478709280491, -0.010627850890159607, -0.0355331152677536, 0.009571749716997147, 0.010955375619232655, 0.015574146062135696, 0.046575386077165604, 0.008221544325351715, 0.014277414418756962, 0.011129164136946201, 0.007071865256875753, -0.006938181817531586, 0.009037015028297901, -0.024611160159111023, -0.02898261696100235, -0.02249895967543125, -0.003656247863546014, 0.020239705219864845, -0.009063751436769962, 0.008522332645952702, 0.010407272726297379, -0.002872527576982975, -0.027512095868587494, 0.02562715671956539, -0.01017332635819912, -0.0030630268156528473, 0.004424929153174162, -0.013308207504451275, -0.02033328451216221, -0.007586547173559666, -0.018648870289325714, -0.025961365550756454, 0.045265283435583115, 0.03970404341816902, -0.0023528323508799076, 0.013555522076785564, -0.012860367074608803, 0.006192895118147135, -0.0020353335421532393, -0.012586316093802452, 0.02919651009142399, 0.014116994105279446, 0.008408701978623867, -0.010601113550364971, -0.003703037276864052, -0.022552432492375374, -0.01290047261863947, 0.013836258091032505, 0.011182637885212898, 0.03318028151988983, 0.03684321418404579, -0.01225210726261139, -0.019384128972887993, -0.007105286233127117, -0.005397477652877569, -0.0046221124939620495, -0.023033693432807922, 0.00703844428062439, 0.0010260220151394606, -0.018608763813972473, 0.004174272064119577, 0.015400356613099575, -0.03793942183256149, 0.0014111980563029647, 0.007145391311496496, 0.01514635793864727, -0.004739085678011179, -0.010280272923409939, -0.03307333588600159, 0.0049362690187990665, 0.006720945704728365, 0.026763467118144035, 0.013415155000984669, 0.013281471095979214, -0.024637896567583084, -0.0024196740705519915, -0.013147787190973759, 0.02764577977359295, -0.010106484405696392, 0.012960630469024181, -0.022285064682364464, -0.015280041843652725, 0.004598717670887709, 0.015600882470607758, -0.0088832788169384, -0.03320701792836189, -0.005751739256083965, 0.02842114493250847, -0.02398284710943699, 0.011062322184443474, 0.006269763223826885, -0.0037164054811000824, 0.004418244585394859, 0.0007310824585147202, -0.006573893595486879, -0.003313683671876788, -0.018715711310505867, 0.005173557437956333, 0.022619273513555527, 0.014103625901043415, 0.01213847566395998, -0.008381965570151806, -0.006323236972093582, -0.0009625222883187234, -0.00457198079675436, -0.009371223859488964, 0.01294726226478815, -0.01474530715495348, -0.02895587868988514, -0.0006989148678258061, -0.0074662319384515285, 0.01564098708331585, -0.004374797455966473, -0.0014471255708485842, 0.01727192848920822, 0.029624298214912415, -0.007332548499107361, 0.0036763004027307034, 0.02326095663011074, -0.011530214920639992, -0.0008355228346772492, 0.013996678404510021, 0.0065337885171175, -0.018675606697797775, 0.016897613182663918, -0.02066749334335327, -0.04537223279476166, -0.014237308874726295, -0.006697550881654024, 0.012887104414403439, -0.016897613182663918, 0.0003321203403174877, 0.007680126000195742, 0.003114829072728753, 0.016870876774191856, -0.011189321987330914, -0.02320748195052147, 0.0020403468515723944, -0.02927672117948532, 0.014437834732234478, 0.012693262659013271, -0.01749918982386589, -0.011510162614285946, -0.033768489956855774, 0.01959802396595478, -0.018662238493561745, -0.02609504945576191, -0.025680629536509514, 0.0022107933182269335, -0.009752222336828709, -0.0035927481949329376, -0.00024835916701704264, -0.007867283187806606, 0.005103373434394598, -0.015774670988321304, 0.010347114875912666, 0.00022350235667545348, -0.008188123814761639, 0.006814524065703154, 0.03732447698712349, 0.009003594517707825, -0.018394870683550835, -0.023341165855526924, -0.023180745542049408, -0.013321575708687305, -0.018983079120516777, -0.0014947503805160522, -0.01068132370710373, -0.02743188664317131, 0.018849395215511322, 0.021549804136157036, -0.01032706256955862, -0.012325633317232132, -0.003353788750246167, -0.04887474328279495, -0.018328029662370682, 0.009210803546011448, 0.007860599085688591, 0.04981052875518799, 0.03681647777557373, -0.002351161325350404, 0.03529248386621475, 0.008154703304171562, 0.033046599477529526, -0.013147787190973759, 0.02637578547000885, -0.008375280536711216, -0.05096020922064781, 0.00809454545378685, 0.003131539560854435, -0.042190562933683395, 0.007492968812584877, 0.020988333970308304, -0.01830129139125347, 0.03558658808469772, 0.0017495848005637527, -0.017846768721938133, -0.010794955305755138, -0.0020236363634467125, 0.005965632852166891, 0.0014228953514248133, 0.015814775601029396, 0.023555058985948563, -0.007305811624974012, -0.009899274446070194, 0.021081911399960518, -0.0014137045945972204, -0.0016560063231736422, -0.008943436667323112, 0.008462175726890564, -0.0006529610836878419, 0.012994050979614258, -0.017392244189977646, -0.013836258091032505, -0.011650530621409416, -0.024464108049869537, 0.029891664162278175, 0.022766325622797012, 0.025132527574896812, 0.03660258278250694, -0.025266211479902267, 0.007439495529979467, -0.004919558297842741, 0.02374221757054329, -0.018702343106269836, -0.02245885320007801, 0.03465080261230469, -0.001111245364882052, 0.008154703304171562, 0.03288617730140686, 0.011617109179496765, 0.011556952260434628, 0.010520903393626213, 0.027886411175131798, 0.005815239157527685, -0.02375558577477932, -0.008542385883629322, 0.0044416394084692, -0.021295806393027306, -0.04331350326538086, -0.0016877561574801803, -0.00437813950702548, -0.016643615439534187, -0.009304381906986237, 0.004926242865622044, -0.0109754279255867, 0.011804266832768917, 0.0018214398296549916, -0.017632873728871346, -0.05160189047455788, 0.015119621530175209, 0.0082148602232337, -0.0045686387456953526, 0.005664844997227192, 0.20116716623306274, 0.02064075693488121, 0.009665328077971935, 0.009565065614879131, -0.009164014831185341, 0.014223940670490265, 0.02842114493250847, -0.017084771767258644, -0.022271696478128433, 0.013134418986737728, 0.019999073818325996, 0.014223940670490265, -0.006052527576684952, -0.0017002889653667808, -0.01806066185235977, -0.012593000195920467, -0.03545290604233742, -0.033260494470596313, -0.017138244584202766, 0.009792327880859375, 0.017886873334646225, -0.009758906438946724, -0.004317982122302055, -0.010634534992277622, 0.021188858896493912, 0.0075598107650876045, 0.012833630666136742, 0.013682521879673004, 0.017312033101916313, 0.0014070204924792051, -0.01032706256955862, 0.009224171750247478, 0.00410743011161685, -0.008529016748070717, -0.01982528530061245, -0.007586547173559666, 0.051842521876096725, 0.007780388463288546, 0.0007544771069660783, -0.004655533470213413, -0.012840314768254757, -0.0035827220417559147, -0.007914071902632713, -0.010253536514937878, -0.014264046214520931, 0.011784214526414871, -0.017886873334646225, -0.004010509699583054, -0.0006705070845782757, 0.03390217572450638, -0.024985475465655327, -0.017699716612696648, 0.04130825027823448, 0.024490846320986748, 0.004381481558084488, -0.0066942088305950165, 0.016068775206804276, 0.014558149501681328, -0.012292211875319481, 0.03454385697841644, -0.028314197435975075, -0.004638822749257088, 0.00770686287432909, 0.0009666999103501439, 0.0007327535422518849, 0.003749826457351446, -0.00011791315773734823, 0.009331119246780872, 0.006266421172767878, -0.005661502946168184, 0.013876363635063171, -0.0219508558511734, 0.029891664162278175, 0.00555121386423707, 0.021028438583016396, -0.012559579685330391, 0.03593416512012482, 0.011817635037004948, 0.029143037274479866, 0.03272575885057449, -0.02999861165881157, -0.03815331310033798, -0.007860599085688591, -0.012352369725704193, -0.035426169633865356, -0.004124140832573175, -0.0037999579217284918, -0.017432348802685738, -0.01562761887907982, -0.013381733559072018, -0.01902318373322487, -0.00489282188937068, 0.003606116631999612, -0.005240399390459061, -0.0027421859558671713, -0.0033036572858691216, 0.014598255045711994, 0.019384128972887993, -0.010514219291508198, 0.0006968260277062654, -0.03676300495862961, 0.05240399390459061, 0.013662469573318958, -0.009043699130415916, 0.017659610137343407, -0.01562761887907982, -0.036950163543224335, 0.0069181290455162525, 0.0104607455432415, -0.011135848239064217, 0.022806432098150253, -0.030479872599244118, 0.0057684495113790035, -0.01695108786225319, 0.0016275985399261117, 0.004862742964178324, 0.010367167182266712, -0.01697782427072525, 0.014798780903220177, 0.010915270075201988, 0.006032474804669619, -0.03360807150602341, -0.004231087863445282, -0.005985685624182224, -0.0004779190639965236, -0.013615679927170277, -0.044757287949323654, 0.012359053827822208, 0.01959802396595478, -0.020025812089443207, 0.03162955120205879, -0.006550499238073826, -0.010534271597862244, -0.025693997740745544, -0.013756047934293747, 0.0014053494669497013, -0.02404968999326229, -0.032297972589731216, 0.014010046608746052, -0.016563404351472855, 0.016910981386899948, -0.018207713961601257, 0.020801177248358727, 0.007312495727092028, -0.0077001783065497875, -0.02502558007836342, 0.004043930675834417, 0.004979716148227453, 0.024664634838700294, -0.013087629340589046, -0.009464803151786327, -0.010126536712050438, 0.023889269679784775, -0.028073567897081375, -0.019892128184437752, -0.017846768721938133, 0.0375918447971344, -0.047350749373435974, 0.011790898628532887, 0.00358940614387393, -0.02248559147119522, 0.01751255802810192, 0.03133544698357582, -0.006964918226003647, -0.02427695132791996, -0.004919558297842741, -0.16747888922691345, 0.02165675163269043, 0.02796662040054798, -0.02736504375934601, -0.0032719073351472616, 0.015988564118742943, 0.03213755041360855, -0.0014696846483275294, -0.03312680870294571, 0.0036328532733023167, 0.001634282642044127, -0.0030947765335440636, -0.057056184858083725, -0.024437371641397476, -0.010180010460317135, 0.014678465202450752, 0.01856865920126438, 0.03026597946882248, 0.010861797258257866, 0.025279579684138298, -0.0018080713925883174, -0.011650530621409416, -0.004224403295665979, -0.027512095868587494, -0.012559579685330391, 0.01697782427072525, -0.004063982982188463, -0.013020788319408894, 0.004444981459528208, -0.013528785668313503, 0.012826946564018726, -0.016336143016815186, 0.01645645871758461, -0.012345685623586178, 0.016322774812579155, -0.028608301654458046, -0.004929584916681051, -0.021777067333459854, -0.001608381513506174, -0.000180995135451667, 0.019892128184437752, 0.022766325622797012, -0.016603508964180946, 0.011002164334058762, 0.015467198565602303, 0.019718339666724205, 0.024918632581830025, -0.021857276558876038, 0.006991655100136995, -0.025172632187604904, 0.018434975296258926, -0.02058728225529194, 0.003306999336928129, 0.01668372005224228, 0.0077001783065497875, -0.0001050669961841777, 0.0161890909075737, 0.01672382466495037, -0.015333515591919422, 0.004331350326538086, -0.007419442757964134, -0.019892128184437752, 0.004231087863445282, -0.002638581208884716, -0.014157098717987537, -0.0087295426055789, -0.027752727270126343, -0.007686810102313757, -0.03975751996040344, 0.014437834732234478, -0.020159494131803513, 0.009217487648129463, 0.009839116595685482, 0.00012835719098802656, 0.008836489170789719, 0.03339417651295662, -0.018341397866606712, -0.0032902888488024473, -0.000925759319216013, 0.021282438188791275, -0.02191075123846531, 0.022271696478128433, -0.042671822011470795, 0.03157607838511467, -0.011904529295861721, 0.012339001521468163, 0.016643615439534187, -0.008749594911932945, 0.008508964441716671, -0.0026920544914901257, 0.017940346151590347, -0.02815377712249756, -0.00587539654225111, 0.008796384558081627, -0.02112201787531376, 0.020720966160297394, 0.0024330425076186657, 0.013368365354835987, 0.019196972250938416, -0.003749826457351446, 0.011182637885212898, -0.005397477652877569, -0.0055879768915474415, -0.0076199681498110294, 0.010226799175143242, 0.012532842345535755, 0.020814545452594757, -0.011523530818521976, 0.03842068091034889, 0.008676068857312202, -0.01368920598179102, 0.012332317419350147, -0.008589174598455429, 0.03058682009577751, 0.009872538037598133, 0.03291291743516922, -0.008549069985747337, -0.016082143411040306, 0.007927441038191319, 0.009832432493567467, 0.022900009527802467, -0.019624760374426842, -0.014651728793978691, 0.020948229357600212, 0.0019066630629822612, -0.0066541037522256374, -0.09218824654817581, -0.008529016748070717, 0.006149447988718748, 0.02402295172214508, -0.03283270448446274, 0.009424697607755661, -0.01724519208073616, 0.024664634838700294, -0.03906236216425896, 0.020199600607156754, -0.0350518524646759, -0.04649517312645912, 0.003886852180585265, 0.01344189140945673, -0.002815712010487914, -0.00041358379530720413, -0.010654587298631668, 9.248193236999214e-05, -0.003696352941915393, 0.027284834533929825, 0.02427695132791996, -0.033768489956855774, 0.015560776926577091, -0.017352137714624405, 0.01802055723965168, 0.013682521879673004, -0.016322774812579155, 0.016509931534528732, 0.020453598350286484, -0.023448113352060318, -0.008462175726890564, -0.009732170030474663, 0.004351403098553419, -0.0083685964345932, -0.009952748194336891, -0.016148986294865608, -0.011710688471794128, 0.003947009798139334, 0.02376895397901535, -0.015106253325939178, -0.010026274248957634, 0.029704507440328598, 0.008776332251727581, 0.013401785865426064, 0.026683257892727852, -0.03962383419275284, -0.012693262659013271, 0.02892914228141308, 0.0187959223985672, -0.020614018663764, 0.015868250280618668, 0.01057437714189291, -0.04176277294754982, -0.01700456067919731, 0.016763931140303612, 0.007927441038191319, 0.003116500098258257, 0.011536899022758007, 0.006323236972093582, 0.012365737929940224, -0.027512095868587494, 0.0022158066276460886, -0.00036282578366808593, 0.01319457683712244, 0.01068132370710373, -0.0023611874785274267, -0.0041107721626758575, -0.013649101369082928, -0.019704971462488174, -0.014237308874726295, -0.012586316093802452, 0.020319916307926178, -0.04363434389233589, 0.012111739255487919, -0.03652237355709076, 0.027512095868587494, -0.006884708069264889, -0.01463836058974266, 0.016255931928753853, 0.003428985830396414, -0.008034387603402138, -0.0027221334166824818, 0.00117474514991045, -0.025466736406087875, 0.021202227100729942, -0.017566032707691193, 0.004094061907380819, -0.013903100043535233, 0.013622364029288292, -0.03818005323410034, 0.007412758655846119, -0.0022408722434192896, 0.008956804871559143, -0.02093486115336418, -0.009157330729067326, 0.011122480034828186, 0.001737887505441904, 0.008067808113992214, 0.004007167648524046, -0.005708292126655579, -0.021349279209971428, 0.0005689910613000393, -0.04571980983018875, 0.03256533667445183, 0.01596182771027088, -0.01724519208073616, -0.008328491821885109, -0.0008831476443447173, -0.000917404075153172, -0.03077397681772709, 0.029383666813373566, 0.012572947889566422, -0.025159263983368874, 0.015774670988321304, -0.006196237169206142, -0.024704739451408386, -0.009157330729067326, -0.03235144540667534, 0.006470289081335068, -0.006099316757172346, 0.05400819703936577, 0.03898215293884277, -0.0015139674069359899, 0.01070137694478035, 0.008669384755194187, 0.00781380943953991, 0.008936752565205097, 0.003836720949038863, -0.000852651079185307, 0.02868851274251938, -0.0401318334043026, -0.012733368203043938, 0.007940809242427349, -0.03366154432296753, -0.006366684101521969, 0.003251854795962572, 0.0030730529688298702, -0.029677771031856537, 0.02320748195052147, 0.03999814763665199, 0.0005602180608548224, 0.009037015028297901, -0.012024844996631145, -0.01981191709637642, 0.010427325032651424, -0.005190267693251371, -0.017659610137343407, -0.0011872779577970505, -0.017111508175730705, -0.004822637885808945, 0.024985475465655327, -0.0002003166009671986, 0.03911583870649338, 0.018127502873539925, 0.0029911717865616083, -0.030720504000782967, -0.021750330924987793, -0.02064075693488121, 0.002824067138135433, 0.01542709395289421, 0.013715943321585655, 0.024597791954874992, 0.04571980983018875, -0.02711104415357113, -0.0008990225614979863, -0.005975659471005201, -0.0030563424807041883, -0.005748397205024958, 0.0023561744019389153, 0.014705201610922813, 0.01368920598179102, -0.0226727481931448, 0.0018548606894910336, -0.015788039192557335, 0.0058219232596457005, 0.013662469573318958, -0.005608029197901487, -0.0018531896639615297, -0.008889962919056416, -0.02406305819749832, 0.005427556578069925, 0.02112201787531376, 0.028020093217492104, -0.034329961985349655, 0.0009675354231148958, -0.004010509699583054, 0.006583919748663902, 0.009204119443893433, -0.000253372301813215, 0.024450739845633507, 0.010901901870965958, 0.002439726609736681, -0.008709490299224854, 0.008134650066494942, -0.00555121386423707, 0.008308439515531063, 0.01748582161962986, -0.019370760768651962, -0.021736962720751762, 0.001849847612902522, 0.010106484405696392, 0.010908585973083973, -0.006804497912526131, 0.006767734885215759, -0.0074662319384515285, -0.008555754087865353, -0.015280041843652725, -0.003532590577378869, -0.0191033948212862, 0.0045820074155926704, -0.014812149107456207, 0.016001934185624123, -0.010413956828415394, -0.0034256435465067625, -0.004515165463089943, -0.0017779925838112831, 0.02223159186542034, 0.013268102891743183, 0.015828143805265427, -0.0011170940706506371, -0.013007419183850288, 0.017659610137343407, 0.019785180687904358, 0.013535469770431519, 0.0229802206158638, -0.0013159484369680285, 0.022846536710858345, 0.0037631948944181204, -0.022298432886600494, -0.026950623840093613, 0.009103856980800629, 0.004535217769443989, 0.016603508964180946, 0.005360714625567198, -0.022900009527802467, -0.026455994695425034, -0.0007619968382641673, -0.051548417657613754, 0.022271696478128433, 0.016001934185624123, 0.00560468714684248, 0.05227030813694, 0.010881849564611912, 0.010788271203637123, 0.03136218711733818, 0.0060458434745669365, -6.167202809592709e-05, 0.0023778979666531086, 0.003709721378982067, -0.023408008739352226, -0.031228501349687576, 0.015520672313869, 0.006704235449433327, 0.003743142355233431, -0.014411098323762417, -0.011978055350482464, 0.01667035184800625, -0.004060640931129456, 0.023087166249752045, -0.017606137320399284, 0.006510394159704447, -0.009230855852365494, 0.014598255045711994, 0.014531413093209267, -0.016603508964180946, -0.013916468247771263, 0.018154241144657135, 0.033313967287540436, -0.021202227100729942, -0.0135822594165802, -0.012044897302985191, -0.0017930320464074612, 0.0070518129505217075, -0.034864697605371475, -0.036709532141685486, -0.004384824074804783, -0.006640735547989607, -0.0038300366140902042, -0.008134650066494942, 0.015373620204627514, 0.0063299210742115974, -0.011075690388679504, 0.0004758302529808134, -0.014785411767661572, -0.02585441805422306, -0.007452863734215498, -0.0004474224697332829, -0.0016142301028594375, -0.02764577977359295, -0.015587514266371727]","[0.01384342834353447, 0.008876080624759197, 0.03368567302823067, -0.0009636111790314317, -0.021986620500683784, 0.007878539152443409, -0.02501317486166954, 0.02204090915620327, -0.01993725076317787, -0.01910935901105404, 0.012981606647372246, 0.023208100348711014, 0.013599132187664509, -0.002929853042587638, -0.009025372564792633, 0.010450431145727634, 0.030754124745726585, -0.025040319189429283, 0.01601494662463665, -0.004122491460293531, -0.009812547825276852, 0.005235394462943077, 0.0009712454047985375, 0.0025464443024247885, -0.005876671057194471, 0.005520406179130077, 0.015607786364853382, -0.014440595172345638, 0.0015828331233933568, 0.021172301843762398, 0.027469703927636147, 0.00011684633500408381, -0.006453480571508408, -0.02372383512556553, 0.0016235491493716836, -0.012560875155031681, 0.027143975719809532, -0.0015192144783213735, 0.016422105953097343, -0.015607786364853382, 0.005048779770731926, 0.016232097521424294, -0.016232097521424294, -0.01860719546675682, 0.008054975420236588, 0.03295278921723366, -0.018281469121575356, -0.007328873500227928, 0.014562743715941906, -0.014467739500105381, 0.016381390392780304, 0.02330310456454754, -0.05046065151691437, 0.024646731093525887, 0.0023988489992916584, 0.027469703927636147, -0.009893979877233505, 0.007688531186431646, -0.004821449052542448, -0.01677497662603855, 0.025691773742437363, 0.013103754259645939, -0.0006001363508403301, -0.0012944283662363887, -0.01361270435154438, -0.01464417576789856, -0.02105015330016613, -0.004868950694799423, 0.004017308354377747, -0.02440243400633335, 0.03691580891609192, 0.03786584734916687, -0.013911288231611252, -0.02212234027683735, 0.03069983795285225, -0.04340321943163872, -0.005276110488921404, 0.0065722353756427765, -0.01875648833811283, 0.0016634168568998575, 0.010939022526144981, 0.011427613906562328, -0.042724620550870895, 0.022936660796403885, 0.00031724522705189884, 0.032437052577733994, 0.012839101254940033, 0.006168468855321407, -0.01929936744272709, 0.006707955151796341, 0.029641222208738327, 0.011916205286979675, 0.033495668321847916, 0.019855819642543793, 0.03561289608478546, 0.016462821513414383, -0.018240751698613167, -0.013789139688014984, 0.02539318986237049, -0.02292308770120144, -0.03751297667622566, 0.03335994854569435, -0.033197082579135895, -0.01340233813971281, -0.014712035655975342, -0.018783632665872574, 0.02566462941467762, 0.006925106979906559, 0.014074151404201984, -0.005652733147144318, -0.01521419920027256, 0.008082118816673756, 0.0037119388580322266, -0.023886699229478836, -0.006222756579518318, -0.0101043451577425, -0.005981853697448969, 0.011352968402206898, -0.03004838153719902, -0.02730683982372284, 0.018240751698613167, -0.02001868188381195, 0.025216754525899887, -0.048479143530130386, 0.007478165440261364, -0.006609558127820492, -0.01195692177861929, -0.026288941502571106, -0.007681745570152998, -0.03297993168234825, -0.0015650199493393302, 0.01883791945874691, -0.005934352055191994, -0.004037666600197554, -0.00960896722972393, -0.02745613269507885, -0.005849526729434729, 0.0008711519767530262, -0.04351179301738739, -0.014671319164335728, -0.005170927383005619, 0.013721279799938202, 0.010715085081756115, -0.033957116305828094, 0.009636111557483673, 0.0346900038421154, -0.0024751913733780384, 0.0007820858154445887, -0.022027336061000824, -0.014047008007764816, -0.031052708625793457, 0.01389771606773138, -0.00694885803386569, 0.01069472637027502, 0.0012732221512123942, 0.02143017016351223, 0.029315494000911713, -0.010430073365569115, 0.009405387565493584, -0.017263568937778473, 0.01586565375328064, 0.005170927383005619, -0.001279159914702177, 0.009446104057133198, 0.013911288231611252, 0.02391384355723858, 0.01887863501906395, -0.021457312628626823, 0.024185283109545708, -0.018010027706623077, 0.008326414972543716, 0.010796516202390194, -0.01997796632349491, 0.029532646760344505, -0.013300548307597637, 0.013619489967823029, -0.0031045922078192234, 0.01281195692718029, 0.011366540566086769, -0.0004355759883765131, 0.006436515599489212, 0.017928596585989, 0.001607432379387319, 0.025148894637823105, -0.01803717203438282, -0.010484361089766026, -0.007457807660102844, 0.003219954203814268, 0.017535008490085602, -0.00528289657086134, -0.018064316362142563, 0.004980919882655144, -0.009683613665401936, 0.017182137817144394, -0.614539623260498, -0.006602772511541843, 0.004380359314382076, -0.03474428877234459, 0.019882962107658386, 0.03213846683502197, 0.008292485028505325, 0.009500391781330109, -0.024511011317372322, 0.001543813617900014, -0.0017660550074651837, 0.0015684128738939762, -0.004305713344365358, -0.01765715703368187, -0.015580642968416214, -0.02223091758787632, -0.00041309738298878074, 0.011217248626053333, -0.02985837496817112, -0.006470445543527603, -0.014820611104369164, 0.02836545556783676, -0.01469846349209547, 0.008896438404917717, 0.009737901389598846, -0.007057433947920799, 0.012784812599420547, -0.01879720389842987, 0.005829168949276209, 0.0008062609122134745, 0.0028857439756393433, 0.01879720389842987, 0.0010374088305979967, 0.01168548222631216, 0.0431046336889267, 0.014657747000455856, -0.025746062397956848, 0.0014208175707608461, -0.004570367280393839, 0.043566081672906876, -0.03794727846980095, -0.007668173406273127, 0.020914433524012566, -0.005391472484916449, -0.0014131832867860794, 0.02376455068588257, -0.01117653213441372, 0.008882866241037846, 0.009832905605435371, -0.028745470568537712, 0.025257470086216927, -0.0068979631178081036, -0.0010704905726015568, 0.032925643026828766, 0.015241342596709728, 0.005829168949276209, 0.02909834310412407, -0.005723985843360424, -0.006260079797357321, 0.004275176208466291, 0.011590478010475636, 0.007926041260361671, -0.012445513159036636, 0.00842820480465889, -0.004882522858679295, 0.022217344492673874, -0.02677753195166588, -0.03012981452047825, -0.0065518771298229694, -0.04419039562344551, 0.019068643450737, 0.0032759385649114847, -0.006670632399618626, -0.02558319829404354, -0.00024323548132088035, -0.002414117334410548, 0.008224625140428543, -0.017304284498095512, -0.020995866507291794, 0.003766226815059781, 0.009581823833286762, -0.010762586258351803, -0.027822576463222504, -0.01502419076859951, 0.016272813081741333, -0.0035660399589687586, 0.005096281412988901, -0.013707708567380905, -5.200828309170902e-05, 0.006338118575513363, -0.015064907260239124, 0.0299398060888052, 0.008631784468889236, -0.05067780241370201, -0.0027025220915675163, 0.010219707153737545, 0.00739673338830471, -0.019122932106256485, 0.011244392022490501, 0.001251167617738247, -0.016042090952396393, -0.03183988481760025, -0.008149978704750538, 0.004502506926655769, 0.04481470584869385, -0.0012935801642015576, -0.004597511142492294, -0.020072970539331436, 0.034527137875556946, 0.0011833077296614647, 0.02043941430747509, 0.01934008300304413, -0.02593606896698475, 0.01784716546535492, -0.009439317509531975, -0.02532532997429371, 0.03363138809800148, 0.0009110196842812002, -0.018593624234199524, -0.019570806995034218, 0.004590725060552359, 0.031677018851041794, 0.02996695041656494, -0.024511011317372322, -0.0008932064520195127, 0.04237174615263939, 0.0037187247071415186, 0.012106213718652725, 0.008380702696740627, -0.020683709532022476, -0.011298680678009987, -0.008489279076457024, 0.01776573248207569, -0.019285796210169792, 0.03642721474170685, -0.008686072193086147, 0.007098149973899126, 0.01313768420368433, 0.0023208099883049726, -0.026356801390647888, 0.0004466032260097563, -0.01953009143471718, 0.011054384522140026, -0.03382139652967453, -0.013008750975131989, 0.01530920248478651, -0.031514156609773636, 0.01875648833811283, 0.0026176972314715385, -0.005201464518904686, -0.01386378612369299, -0.004159814212471247, 0.006558663211762905, 0.006772422231733799, -0.012954463250935078, -0.003191113704815507, 0.00928323995321989, -0.05556372180581093, -0.020371554419398308, -0.014427023939788342, 0.012472657486796379, 0.03436427563428879, -0.01689712516963482, 0.012459085322916508, -0.009222165681421757, -0.004835020750761032, -0.005459332372993231, -0.016951413825154305, -0.016720689833164215, -0.04014594107866287, -0.025311758741736412, -0.01090509258210659, 0.02562391385436058, 0.005442367400974035, -0.002205447992309928, -0.018593624234199524, -0.016028517857193947, -0.012065497227013111, 0.012798384763300419, 9.214107558364049e-05, -0.019842246547341347, 0.029831230640411377, -0.021063726395368576, 0.008821791969239712, 0.05651376023888588, 0.016503537073731422, -0.003443892113864422, -0.006497589405626059, -0.029912661761045456, 0.030184101313352585, 0.013476984575390816, 0.025949642062187195, -0.026302512735128403, 0.025298185646533966, 0.016842836514115334, 0.0014903739793226123, 0.006677418015897274, 0.004332857206463814, -0.0020222263410687447, 0.003888374660164118, 0.028012583032250404, -0.012628735043108463, 0.009174664504826069, -0.01632710173726082, 0.005014849826693535, -0.03870731219649315, 0.0016269420739263296, 0.01359234657138586, 0.022244488820433617, 0.02162017673254013, -0.010362213477492332, -0.02406313456594944, -0.0017160082934424281, -0.03232847526669502, -0.009005013853311539, 0.020724426954984665, -0.01917721889913082, 0.02330310456454754, -0.0011799146886914968, 0.015567070804536343, 0.013286976143717766, 0.003986771684139967, 0.03732296824455261, 0.013660206459462643, 0.0020680318120867014, -0.005394865293055773, 0.0245924424380064, 0.020412269979715347, 0.011196889914572239, -0.008889651857316494, -0.02189161628484726, -0.008896438404917717, -0.016340672969818115, 0.01036899909377098, 0.030374109745025635, 0.03439141809940338, 0.022895943373441696, 6.107394438004121e-05, 0.021837329491972923, -0.03333280235528946, 0.02307238057255745, -0.00951396394520998, 0.02974979765713215, -0.015838509425520897, 0.0255424827337265, 0.02246163971722126, 0.007939613424241543, -0.006752063985913992, -0.017168564721941948, 0.015553498640656471, -0.012608377262949944, 0.003001105971634388, -0.010776158422231674, -0.0018593623535707593, 0.011902634054422379, -0.00793282687664032, -0.0029179775156080723, 0.015336346812546253, 0.030346965417265892, 0.009649683721363544, 0.00028798062703572214, 0.008618212305009365, 0.018145747482776642, -0.023927414789795876, 0.007579955272376537, -0.0037085458170622587, -0.002780561102554202, 0.004685728810727596, 0.020955149084329605, 0.0006221908261068165, 0.01559421420097351, -0.014047008007764816, 0.008801434189081192, 0.0007324632606469095, 0.001207058667205274, 0.009195022284984589, 0.012058711610734463, 0.018172891810536385, 0.02105015330016613, 0.020602278411388397, -0.010280781425535679, -0.02966836653649807, -0.002349650487303734, 0.02147088572382927, -0.0026651991065591574, -0.03645436093211174, -0.01948937587440014, 0.011861917562782764, 0.003773012664169073, 0.007803893182426691, 0.0004461791249923408, 0.0037628337740898132, -0.02928835153579712, -0.0034150516148656607, 0.006477231625467539, 0.023968130350112915, 0.037540119141340256, -0.004343036096543074, -0.03303422033786774, -0.013083396479487419, -0.00504199368879199, 0.013510914519429207, 0.015105622820556164, -0.010755800642073154, 0.030564118176698685, 0.024321002885699272, -0.00394605565816164, -0.027700427919626236, -0.021226590499281883, -0.006287223659455776, -0.004851985722780228, -0.019774386659264565, -0.001207058667205274, -0.023845983669161797, -0.017874307930469513, 0.005398258101195097, -0.002526086289435625, 0.0155399264767766, 0.02138945274055004, 0.006399192381650209, -0.008882866241037846, -0.015132767148315907, -0.02718469314277172, 0.00897787045687437, 0.028094016015529633, 0.012995178811252117, -0.010402929037809372, 0.009412174113094807, -0.025067461654543877, -0.006188826635479927, -0.0050657447427511215, -0.017182137817144394, 0.03447284922003746, -0.019475802779197693, -0.00462465500459075, -0.003942662384361029, 0.021986620500683784, 0.0031978997867554426, 0.0038306936621665955, 0.0008686072542332113, 0.013870571739971638, -0.018485048785805702, -0.0027262731455266476, -0.0010060236090794206, 0.008496064692735672, 0.0016710510244593024, 0.023126667365431786, 0.023194527253508568, 0.013551630079746246, 0.031052708625793457, -0.00570023525506258, -0.0108711626380682, 0.004906273912638426, -0.03409283608198166, -0.019692955538630486, 0.010823660530149937, 0.020262978971004486, 0.026967540383338928, -0.011515832506120205, 0.016449250280857086, -0.024809595197439194, 0.007674959488213062, 0.001832218375056982, -0.020086541771888733, -0.02014083042740822, 0.01578422263264656, 0.0063550835475325584, 0.0006476383423432708, 0.016340672969818115, -0.021416597068309784, 0.015282059088349342, 0.026438232511281967, -0.002770382212474942, 0.003474429016932845, 0.04831627756357193, -0.0251624658703804, -0.02882690355181694, 0.01574350707232952, 0.0036135418340563774, 0.00814319308847189, -0.05132925882935524, -0.025678202509880066, 0.004546616226434708, -0.005520406179130077, -0.030564118176698685, -0.0025091213174164295, 0.018159320577979088, 0.01121046207845211, 0.006765636149793863, -0.02928835153579712, -0.005513620097190142, -0.0048927017487585545, -0.023465966805815697, 0.02817544713616371, -0.02039869874715805, 0.01978795975446701, -0.05002634972333908, 0.014359163120388985, 0.04025451838970184, 0.02855546399950981, 0.005459332372993231, 0.00922895222902298, -0.013110540807247162, -0.01195692177861929, -0.01727714017033577, -0.03944019973278046, -0.009927909821271896, -0.031106997281312943, -0.03232847526669502, -0.024456722661852837, -0.004380359314382076, 0.022244488820433617, 0.019231507554650307, 0.006901355925947428, 0.012913746759295464, -0.01227586343884468, 0.038761597126722336, -0.03181274235248566, 0.02073799818754196, 0.013225902803242207, 0.03265420347452164, 0.012805171310901642, 0.009710757993161678, -0.02566462941467762, -0.002526086289435625, -0.005496655125170946, 0.009032158181071281, -0.01811860501766205, 0.01340233813971281, 0.012058711610734463, -0.005523799452930689, 0.004678942728787661, -0.028039727360010147, -0.03449999541044235, 0.01302232313901186, -0.022597361356019974, 0.026492521166801453, -0.014467739500105381, 0.02119944617152214, 0.030862702056765556, -0.003481215098872781, 0.015852082520723343, 0.016232097521424294, 0.016679974272847176, 0.017222853377461433, -0.00599542586132884, 0.023859554901719093, 0.016001373529434204, -0.01620495319366455, -0.009955053217709064, 0.01365341991186142, -0.028609750792384148, 0.008306057192385197, 0.02265164814889431, -0.03520573675632477, 0.0026278761215507984, 0.010959380306303501, -0.046959079802036285, -0.051084965467453, 0.009256095625460148, 0.02257021702826023, 0.0011434400221332908, -0.021077297627925873, 0.005947923753410578, 0.009629325941205025, -0.004987705498933792, -6.499709706986323e-05, -0.008129620924592018, -0.009215380065143108, -0.028772614896297455, -0.013266618363559246, 0.02067013829946518, -0.00045254098949953914, 0.035558607429265976, -0.011319038458168507, 0.005520406179130077, -0.006670632399618626, -0.030455540865659714, -0.007973543368279934, -0.01837647147476673, 0.00844856258481741, -0.015797793865203857, 0.03982021287083626, 0.002453136956319213, 0.021077297627925873, -0.004845199640840292, 0.01700570061802864, 0.018200036138296127, 0.016422105953097343, -0.024280287325382233, 0.008740360848605633, 0.01746714860200882, -0.0036474717780947685, -0.004465184174478054, 0.004736623726785183, -0.025732489302754402, 0.013395552523434162, -0.004105526488274336, 0.018295040354132652, 0.03786584734916687, 0.007756391074508429, -0.018498620018363, -0.03493429720401764, -0.04975491017103195, -0.0009424049640074372, 0.028691183775663376, 0.002124016173183918, 0.023968130350112915, -0.01273731142282486, 0.00030282497755251825, 0.012425155378878117, 0.001644755364395678, 0.01742643304169178, -0.012269077822566032, 0.030211245641112328, 0.008740360848605633, 0.022027336061000824, -0.01860719546675682, 0.011597263626754284, -0.0077224611304700375, -0.008889651857316494, -0.010206134989857674, 0.00542540242895484, 0.01902792789041996, 0.0316498763859272, 0.02638394571840763, 0.008387488313019276, -0.007308515720069408, 0.016679974272847176, -0.011427613906562328, -0.026587525382637978, 0.019570806995034218, 0.003976592794060707, -0.008306057192385197, -0.04275176301598549, -0.023547399789094925, -0.016259241849184036, 0.0008957512327469885, -0.0011621015146374702, 0.018580051138997078, -0.01822718046605587, -0.008624998852610588, -0.023235244676470757, 0.006175254471600056, 0.02062942273914814, -0.02947835810482502, 0.025298185646533966, 0.0023666154593229294, 0.030292678624391556, -0.013476984575390816, 0.0007680897251702845, -0.012112999334931374, -0.05434224009513855, -0.0015997980954125524, 0.005232001654803753, 0.015458494424819946, -0.00644330121576786, -0.007179581560194492, -0.013415910303592682, 0.03512430563569069, -0.012621949426829815, -0.007715675514191389, -0.03183988481760025, -0.012730524875223637, -0.005642554257065058, 0.009690399281680584, -0.006256686523556709, -0.022828083485364914, -0.004923238884657621, 0.00027780162054114044, 0.014304875396192074, 0.02299094758927822, -5.243240957497619e-05, -0.001503097708337009, -0.005581479985266924, 0.02235306426882744, -0.027442559599876404, 0.06085679680109024, -0.011346181854605675, 0.000348206318449229, -0.029424071311950684, -0.005486476235091686, -0.016720689833164215, 0.0011298679746687412, 0.022529499605298042, -0.0003526596410665661, -0.013164828531444073, 0.008645356632769108, 0.00897787045687437, 0.013483770191669464, -0.026940396055579185, -0.01090509258210659, -0.02081942930817604, 0.03637292981147766, -0.016191381961107254, -0.007335659582167864, -0.0026991290505975485, -0.019095787778496742, 0.014074151404201984, -0.0305098295211792, -0.0010747318156063557, 0.013361622579395771, -0.015431351028382778, 0.02337096445262432, 0.034798577427864075, 0.001986599760130048, -0.00038977054646238685, -0.013979148119688034, -0.0016210043104365468, -0.014589887112379074, -0.029451213777065277, -0.0031368257477879524, 0.0027330592274665833, -0.02016797475516796, -0.004041059408336878, -0.00024429577752016485, -0.005968281999230385, 0.017372144386172295, 0.005839347839355469, 0.0163949616253376, -0.01761644147336483, 0.0152549147605896, 0.00895751267671585, 0.005381293129175901, 0.018810775130987167, -0.024117423221468925, -0.04999920353293419, 0.026478949934244156, -0.0034388024359941483, -0.006853854283690453, 0.005601838231086731, -0.004987705498933792, -0.02528461441397667, -0.015444922260940075, 0.03129700571298599, -0.0019289188785478473, 0.013497342355549335, -0.003986771684139967, -0.005703628063201904, 0.019245078787207603, 0.015987802296876907, -0.026492521166801453, -0.011006882414221764, 0.007939613424241543, -0.023045236244797707, 0.0007010780391283333, 0.017331428825855255, -0.0114411860704422, -0.007383161690086126, -0.046687640249729156, 0.012079069390892982, 0.019190791994333267, -0.01605566218495369, -0.0163949616253376, -0.010450431145727634, 0.050352077931165695, -0.007776749320328236, -0.01168548222631216, 0.009995769709348679, -0.03520573675632477, -0.01651711016893387, 0.006850461009889841, -0.012968034483492374, -0.006304188631474972, -0.0003166090464219451, -0.01864791102707386, 0.010443644598126411, 0.014427023939788342, -0.012825529091060162, -0.012384438887238503, -0.006996360141783953, -0.009622539393603802, -0.04286034032702446, -0.008774290792644024, -0.0029315494466573, 0.025121750310063362, 0.016924269497394562, -0.009500391781330109, 0.0009780314285308123, -0.03398425877094269, -0.012981606647372246, -0.016381390392780304, 0.008828578516840935, -0.000513190811034292, 0.006266865413635969, 0.009473247453570366, 0.002006957773119211, 0.035070016980171204, 0.0017049809684976935, 0.012133357115089893, -0.004326071124523878, 0.006344904657453299, -0.017331428825855255, 0.0015590821858495474, 0.02814830280840397, -0.00021121406462043524, -0.029804086312651634, 0.00636865571141243, 0.02852831967175007, 0.0022834870032966137, 0.014087723568081856, -0.004790911916643381, 0.004207316320389509, -0.0035049659200012684, -0.0068334960378706455, -0.00393587676808238, 0.01776573248207569, -0.004488935228437185, 0.01197727955877781, -0.0388973169028759, 0.008278912864625454, 0.006565449293702841, 0.011658337898552418, -0.005917387083172798, -0.00012469264038372785, -0.005130211357027292, -0.026166792958974838, -0.017399288713932037, -0.02768685668706894, 0.0001493979070801288, -0.005462725181132555, -0.010267209261655807, -0.002531175734475255, 0.03088984452188015, 0.002565105678513646, 0.027442559599876404, -0.010450431145727634, -0.022529499605298042, -0.010939022526144981, -0.01959795132279396, -0.01658497005701065, 0.010810088366270065, 0.026180366054177284, -0.013151256367564201, -0.009853263385593891, 0.022515928372740746, 0.004794304724782705, -0.011624407954514027, -0.0034286235459148884, -0.012696594931185246, 0.013850213959813118, -0.005381293129175901, -0.0020493702031672, -0.004566974006593227, -0.02589535340666771, 0.0007188912713900208, -0.010185777209699154, -0.009195022284984589, -0.0014386307448148727, 0.0036847947631031275, -0.001573502435348928, -0.0009457979467697442, -0.004115705378353596, -0.012438727542757988, -0.023805268108844757, -0.01830861158668995, -0.007966756820678711, -0.004007129464298487, -0.001981510315090418, 0.03420140966773033, 0.21443741023540497, 0.007498523686081171, -0.011617622338235378, 0.04359322786331177, 0.007546025328338146, 0.012913746759295464, 0.0029196739196777344, -0.0018882028525695205, -0.011984065175056458, 0.05219786614179611, 0.005547550041228533, -0.00932395551353693, -0.0034014794509857893, -0.0022173235192894936, 0.012452298775315285, -0.031894173473119736, -0.020154401659965515, -0.02299094758927822, -0.00922895222902298, -0.008339987136423588, 0.01940794289112091, -0.015349918976426125, 0.003299689618870616, -0.01689712516963482, 0.04343036189675331, -0.011848345398902893, -0.011298680678009987, 0.00665366742759943, 0.013952003791928291, 0.0362372100353241, -0.02035798318684101, 0.03482572361826897, 0.006273651495575905, -0.007790321484208107, -0.02467387542128563, -0.025868209078907967, 0.005839347839355469, -0.03012981452047825, 0.01727714017033577, 0.0044923280365765095, 0.009473247453570366, -0.007166009861975908, -0.012689809314906597, -0.020778713747859, -0.01393843162804842, -0.0038069426082074642, -0.012126571498811245, 0.0007184671121649444, 0.009106803685426712, 0.011325824074447155, -0.01670711673796177, 0.004736623726785183, 0.035070016980171204, 0.008699644356966019, 0.019380798563361168, 0.009731115773320198, 0.0008745450177229941, -0.005103067494928837, -0.009120375849306583, 0.013965575955808163, 0.010497933253645897, 0.016408534720540047, -0.010898306965827942, -0.005856312811374664, 0.02349311113357544, 0.01940794289112091, -0.009880407713353634, -0.004431254230439663, 0.018023600801825523, 0.002096872078254819, 0.0025074249133467674, -0.0076138852164149284, -0.0024293859023600817, -0.005455939099192619, 0.008394274860620499, -0.02166089415550232, 0.016503537073731422, 0.023316675797104836, 0.0015200626803562045, 0.017059989273548126, -0.021375881507992744, 0.014942758716642857, -0.009683613665401936, -0.011631193570792675, 0.012445513159036636, 0.0004067355184815824, 0.02024940587580204, 0.0015370276523754, -0.03325137123465538, 0.007559597492218018, -0.02005939930677414, -0.012818742543458939, -0.020534418523311615, -0.03973878175020218, 0.033658530563116074, 0.005462725181132555, 0.011346181854605675, 0.032545626163482666, -0.007512095384299755, 0.002561712870374322, -0.030021237209439278, 0.05132925882935524, 0.01412844005972147, 0.011794057674705982, -0.01165155228227377, -0.009446104057133198, -0.0008160158176906407, -0.002308934461325407, 0.014481311663985252, -0.00844856258481741, 0.0019594558980315924, -0.036671511828899384, 0.033848538994789124, -0.02081942930817604, 0.014074151404201984, 0.011047598905861378, -0.005839347839355469, -0.02631608583033085, 0.02067013829946518, -0.0014437203062698245, -0.011583692394196987, -0.004373573232442141, 0.0012681327061727643, -0.004590725060552359, -0.006545091513544321, -0.041095979511737823, -0.024470295757055283, 0.014250587671995163, 0.015241342596709728, -0.019611522555351257, -0.004960561636835337, -0.014915615320205688, -0.0021070512011647224, -0.02536604553461075, -0.0012325062416493893, -0.02535247430205345, 0.0025040318723767996, -0.0028110980056226254, -0.0031232538167387247, -0.00892358273267746, 0.010613295249640942, -0.008306057192385197, 1.4393729543371592e-05, -0.0013410820392891765, 0.019122932106256485, -0.02307238057255745, 0.016123522073030472, -0.004814662970602512, -0.02189161628484726, -0.03870731219649315, 0.0034913939889520407, -0.026411090046167374, -0.010097559541463852, -0.014847755432128906, 0.03289850056171417, 0.00017802631191443652, -0.007973543368279934, -0.02581392228603363, -0.00928323995321989, 0.017141420394182205, -0.04617190361022949, -0.005791846197098494, 0.013110540807247162, 0.013246260583400726, -0.028474031016230583, -0.025176038965582848, -0.1712242066860199, -0.004655192140489817, 0.012201217003166676, -0.011848345398902893, 0.028419744223356247, 0.021878045052289963, 0.03069983795285225, -0.0017847164999693632, -0.04136741906404495, -0.006314367521554232, 0.024728162214159966, -0.023248815909028053, -0.0007714827079325914, -0.02035798318684101, -0.029179774224758148, 0.021606605499982834, -0.004597511142492294, 0.024348147213459015, 0.027238979935646057, 0.010362213477492332, 0.03496144339442253, -0.0014411754673346877, 0.0021358917001634836, -0.010165419429540634, 0.012208003550767899, 0.005191285628825426, -0.014861327596008778, 0.015702789649367332, 0.002670288784429431, -0.028799759224057198, 0.009934695437550545, 0.008360344916582108, -0.00028034637216478586, 0.013334478251636028, 0.006226149387657642, -0.004376966040581465, -0.00043684837874025106, -0.003294600173830986, -0.0034642498940229416, -0.0002824669936671853, 0.012167287059128284, 0.002602428663522005, 0.00815676525235176, 0.010681155137717724, 0.006575628183782101, -0.007315301802009344, 0.026343228295445442, -0.016693545505404472, 0.02204090915620327, -0.04136741906404495, 0.004950382746756077, -0.022977376356720924, 0.004074989352375269, -0.008278912864625454, -0.0033624600619077682, 0.013246260583400726, 0.03156844526529312, 0.010647225193679333, 0.012153715826570988, -0.010966166853904724, -0.012364081107079983, -0.021213017404079437, -0.007878539152443409, -0.00958860944956541, -0.018715770915150642, 0.007851394824683666, 0.01597423106431961, 0.023357391357421875, -0.015417778864502907, 0.005527192261070013, -0.011257964186370373, -0.011732983402907848, -0.0015836813254281878, 0.009330742061138153, 0.01165155228227377, 0.013110540807247162, -0.005418616347014904, 0.0027720786165446043, -0.01393843162804842, -0.0058155967853963375, -0.007973543368279934, 0.027198264375329018, -0.021443741396069527, 0.015553498640656471, -0.0108711626380682, 0.03333280235528946, 0.01412844005972147, -0.012085855938494205, -0.015404206700623035, -0.01609637774527073, 0.01597423106431961, -0.001612521824426949, -0.022556643933057785, -0.016747834160923958, 0.013884143903851509, 0.022475212812423706, 0.004390538204461336, -0.015621358528733253, 0.011794057674705982, -0.006904749199748039, -0.017399288713932037, 0.010654010809957981, -0.01761644147336483, 0.01723642461001873, 0.019543662667274475, 0.01031471136957407, 0.004967347718775272, 0.00475698197260499, 0.029804086312651634, -0.010525076650083065, 0.0039053396321833134, -0.007023504003882408, 0.004930024966597557, 0.01631353050470352, 0.02292308770120144, 0.013748424127697945, 0.012404797598719597, -0.006982787977904081, 0.029071198776364326, 0.002091782633215189, 0.03455428034067154, -0.032545626163482666, -0.011325824074447155, 0.03634578362107277, 0.010165419429540634, 0.006090429611504078, -0.09049801528453827, -0.013069824315607548, 0.006721527315676212, -0.0065281265415251255, -0.011312251910567284, 0.00821783859282732, 0.0014097902458161116, 0.023628830909729004, -0.035178594291210175, 0.0037187247071415186, -0.025230325758457184, -0.0005229456583037972, -0.021606605499982834, 0.0012223272351548076, -0.008068546652793884, -0.01036899909377098, -0.014372735284268856, 0.02581392228603363, -0.002025619149208069, 0.02391384355723858, 0.007756391074508429, -0.03308850899338722, 0.0014505062717944384, -0.00958860944956541, 0.0056832702830433846, -0.005934352055191994, -0.010253637097775936, 0.015282059088349342, 0.021362310275435448, 0.029315494000911713, -0.0011739770416170359, -0.016218526288866997, -0.0007795410929247737, -0.01498347520828247, -0.011027240194380283, -0.011637980118393898, -0.047610536217689514, -0.020276550203561783, 0.013171614147722721, -0.018091460689902306, 0.002677074633538723, 0.01917721889913082, 0.034418560564517975, -0.016259241849184036, -0.0014174245297908783, 0.0013393856352195144, -0.044027529656887054, 0.02318095602095127, 0.014874898828566074, 0.009866835549473763, -0.02303166501224041, -0.0008367978734895587, -0.017589297145605087, -0.01450845506042242, 0.03069983795285225, -0.021688036620616913, 0.05295789986848831, 0.03653579205274582, -0.01898721233010292, 0.007138865999877453, 0.0074849515222013, 0.008597854524850845, 0.015295630320906639, -0.0002714397560339421, -0.013456626795232296, -0.028012583032250404, -0.011773699894547462, 0.007878539152443409, -0.03411997854709625, -0.017059989273548126, -0.050922099500894547, 0.005021635442972183, -0.027442559599876404, 0.03458142653107643, -0.027442559599876404, -0.04815341532230377, -0.0305098295211792, -0.003990164492279291, 0.008455349132418633, 0.003191113704815507, -0.022163057699799538, 0.0024701019283384085, 0.011305466294288635, -0.012764454819262028, 0.027849720790982246, 0.022705936804413795, -0.011298680678009987, 0.010525076650083065, 0.011013668030500412, -0.006904749199748039, -0.01780644804239273, 0.0092493100091815, -0.003075751941651106, -0.011834774166345596, -0.005299861542880535, 0.005306647624820471, 0.008231410756707191, 0.01986939087510109, 0.025556053966283798, 0.003918911796063185, -0.001940794289112091, -0.011040812358260155, -0.020493702962994576, 0.03181274235248566, -0.027361128479242325, 0.012201217003166676, 0.004353215452283621, 0.013130898587405682, 0.009927909821271896, -0.009405387565493584, -0.005323612596839666, -0.004902880638837814, -0.022977376356720924, 0.005533978343009949, 0.009310384280979633, 0.007362803444266319, -0.024877455085515976, -0.03425569832324982, -0.005981853697448969, -0.013673778623342514, 0.02695396915078163, 0.007104936055839062, -0.026533236727118492, -0.012513373047113419, 0.005225215572863817, 0.011054384522140026, -0.014725606888532639, -0.007281371857970953, -0.024090278893709183, 0.042724620550870895, -0.006840282119810581, -0.0032708491198718548, 0.03137843683362007, -0.02092800661921501, 0.026098933070898056, 0.011162959970533848, -0.043647512793540955, -0.013056253083050251, 0.0007931130821816623, 0.030564118176698685, 0.015879226848483086, 0.020955149084329605, -0.017535008490085602, -0.004424468148499727, 0.02181018516421318, -0.004702693782746792, -0.038082998245954514, 0.039521630853414536, 0.009853263385593891, -0.004169993568211794, 0.010158632881939411, 0.006232935469597578, 0.012940891087055206, 0.02086014673113823, 0.01066079642623663, 0.0028026155196130276, -0.014522027224302292, -0.050080638378858566, 0.02901691012084484, 0.004977526608854532, -0.01967938244342804, -0.028474031016230583, 0.03884303197264671, 0.010233279317617416, 0.017602868378162384, 0.00040079778409563005, -0.010328283533453941, -0.012927318923175335, -0.012072283774614334, 0.022135913372039795, 0.02073799818754196, -0.03976592421531677, -0.004051238298416138, 0.022814512252807617, -0.006772422231733799, 0.021213017404079437, 0.03656293824315071, 0.01222157571464777, 0.018892208114266396, -0.004641619976609945, -0.006124359555542469, 0.02360168844461441, 0.015363491140305996, -0.013008750975131989, -0.01795574091374874, -0.007566383574157953, 0.021945904940366745, -0.009418959729373455, -0.020995866507291794, 0.022638076916337013, 0.006568842101842165, -0.004176779184490442, -0.0066367024555802345, 0.0030927169136703014, -0.04470612853765488, -0.016598541289567947, -0.003810335649177432, -0.01590637117624283, -0.017589297145605087, -0.01666640117764473, -0.01915007457137108, 0.02817544713616371, 0.031595587730407715, 0.023194527253508568, 0.019584378227591515, -0.007546025328338146, -0.013205545023083687, -0.011312251910567284, -0.01647639460861683, -0.0006467900821007788, -0.016842836514115334, -0.0015887708868831396, 0.006205791607499123, 0.009568251669406891, 0.010755800642073154, 0.004533044062554836, 0.002560016233474016, 0.0305098295211792, -0.01165155228227377, -0.032084181904792786, 0.005276110488921404, -0.0011061170371249318, -0.019245078787207603, -0.0149699030444026, -0.0024344753473997116, -0.015336346812546253, 0.023628830909729004, 0.009561466053128242, -0.0004894398152828217, -0.008686072193086147, 0.007864966988563538, 0.02372383512556553, 0.022027336061000824, -0.009385029785335064, 0.009697185829281807, -0.02928835153579712, -0.008183908648788929, -0.017412861809134483, 0.0033064757008105516, 0.018295040354132652, -0.016422105953097343, 0.05792524665594101, 0.0312698595225811, -0.008306057192385197, -0.0004054631572216749, -0.02254307270050049, 0.022515928372740746, -0.005520406179130077, 0.0052930754609405994, -0.011868704110383987, -0.015037762932479382, 0.005937744863331318, -0.006996360141783953, 0.02753756381571293, -0.022814512252807617, -0.010877948254346848, 0.01643567718565464, -0.01609637774527073, 0.02806687168776989, 0.0030214639846235514, -0.01121046207845211, 0.0005950468475930393, -0.0033913005609065294, 0.016150666400790215, -0.016598541289567947, -0.039684493094682693, -0.029369782656431198, 0.036997240036726, -0.031134141609072685, 0.008027831092476845, -0.03181274235248566, 0.031894173473119736, -0.01330733485519886, -0.00652134045958519, -0.005289682652801275, -0.015662074089050293, 0.002156249713152647, -0.03200274705886841, -0.0037628337740898132, 0.021918760612607002, -0.0009636111790314317, -0.015363491140305996, 0.02939692698419094, -0.025257470086216927, -0.027931151911616325, 0.0009483426692895591, -0.015363491140305996, -0.016422105953097343, 0.0015243039233610034, -0.030536973848938942]"
12383,"Inserting a birthdate with Date in NoSql<p>I am trying to insert a birthday with Date type in NoSQL like this</p>
<pre><code>db.employees.insertOne({
  &quot;Name&quot;: &quot;Alison Davison&quot;,
  birthday:  Date(&quot;Apr 05, 1975&quot;),
  &quot;Address&quot;: &quot;874 W. Oak Place&quot;,
  &quot;City&quot;: &quot;Gary&quot;,
  &quot;State&quot;: &quot;Indiana&quot;,
  Position:{Name: &quot;Customer Support&quot;, Remote: true, Full Time: true}
});
</code></pre>
<p>And is throwing this error</p>
<pre><code>uncaught exception: SyntaxError: missing : after property id :
@(shell):7:63
</code></pre>
",`object[property] === void 0` will also work because the `void` operator always evaluates to undefined.,"Embed Field: Inserting a birthdate with Date in NoSql<p>I am trying to insert a birthday with Date type in NoSQL like this</p>
<pre><code>db.employees.insertOne({
  &quot;Name&quot;: &quot;Alison Davison&quot;,
  birthday:  Date(&quot;Apr 05, 1975&quot;),
  &quot;Address&quot;: &quot;874 W. Oak Place&quot;,
  &quot;City&quot;: &quot;Gary&quot;,
  &quot;State&quot;: &quot;Indiana&quot;,
  Position:{Name: &quot;Customer Support&quot;, Remote: true, Full Time: true}
});
</code></pre>
<p>And is throwing this error</p>
<pre><code>uncaught exception: SyntaxError: missing : after property id :
@(shell):7:63
</code></pre>; Answer: `object[property] === void 0` will also work because the `void` operator always evaluates to undefined.","[-0.027808791026473045, 0.027603913098573685, -0.000451585539849475, -0.015297566540539265, -0.03370928019285202, 0.018152201548218727, -0.015625372529029846, -0.02031025104224682, -0.028000010177493095, -0.014013663865625858, 0.014177566394209862, -0.001152439508587122, -0.003368537873029709, -0.003861952805891633, 0.0002526830357965082, 0.0016253665089607239, -0.0030117083806544542, -0.008427320048213005, 0.03472001478075981, -0.017127811908721924, 0.012101467698812485, 0.005668294616043568, 0.014860493130981922, 0.011958053335547447, -0.023916106671094894, 0.0059278071857988834, 0.006450246553868055, -0.013016589917242527, 0.021921958774328232, 0.0006163417128846049, 0.01820683665573597, -0.012490736320614815, 0.003995123319327831, -0.04373465105891228, -0.026470253244042397, -0.021170739084482193, -0.032070256769657135, -0.015242932364344597, 0.036331720650196075, 0.01939512975513935, 0.022167813032865524, 0.008365856483578682, 0.0017790250713005662, -0.00707512442022562, -0.02186732552945614, 0.05094636231660843, 0.01572098210453987, -0.04750441014766693, -0.002840976696461439, 0.0037287818267941475, 0.021840007975697517, 0.048733677715063095, -0.029010742902755737, -0.00380048924125731, 0.0059004900977015495, -0.014163907617330551, 0.02793171815574169, 0.009438052773475647, 0.005282441154122353, -0.007641954347491264, -0.0034026841167360544, 0.010995126329362392, 0.0004116769996471703, -0.002596830250695348, -0.02597854658961296, -0.00264292792417109, -0.013924883678555489, 0.0016808542422950268, -0.004203416407108307, 0.01355610229074955, -0.005685368087142706, 0.011650736443698406, -0.005620489828288555, -0.00831805169582367, 0.009759028442203999, -0.00025801837909966707, -0.016226347535848618, 0.00036365867708809674, 0.026729766279459, -0.004244391806423664, -0.0016287810867652297, -0.022413667291402817, -0.03745172172784805, 0.022796105593442917, 0.004415123723447323, 0.03433757275342941, -0.004766831174492836, 0.016622444614768028, 0.0024602448102086782, -0.028628302738070488, 0.014464396052062511, 0.00072048808215186, -0.007519027218222618, 0.009745369665324688, -0.008406832814216614, 0.014218541793525219, 0.009356101043522358, 0.045073188841342926, 0.005477075465023518, -0.0009646345279179513, -0.02037854492664337, 0.025090740993618965, -0.003626342862844467, -0.0170322023332119, -0.006938539445400238, 0.014792201109230518, 0.0029451230075210333, -0.021170739084482193, 0.016513176262378693, -0.019832203164696693, -0.010537564754486084, 0.023205863311886787, 0.021389275789260864, -0.016554152593016624, -0.004476587288081646, -0.0004178660165052861, 0.024257570505142212, -0.030704401433467865, -0.015120006166398525, -0.004561952780932188, 0.004278538282960653, 0.02733074128627777, 0.02694830298423767, -0.03390049934387207, -0.001965122763067484, 0.006385368295013905, -0.006696099881082773, -0.02670244872570038, -0.003276342758908868, -0.008222442120313644, 0.016035128384828568, 0.03939123451709747, -0.005685368087142706, 0.0216897651553154, -0.011145370081067085, 0.00843414943665266, -0.021621471270918846, 0.0012915858533233404, -0.042314160615205765, -0.025814643129706383, 0.0037014647386968136, 0.009936588816344738, -0.018630251288414, 0.0008007319993339479, 0.0019565860275179148, 0.02110244706273079, 0.007341466378420591, 0.004049757495522499, 0.002699269214645028, -0.008475124835968018, 0.022195130586624146, 0.020433178171515465, -0.006327319424599409, -0.011971712112426758, 0.0024431715719401836, 0.00736195407807827, -0.014027322642505169, 0.02324683777987957, 0.019272202625870705, -0.015229274518787861, 0.03373659774661064, 0.023765861988067627, 0.0025917082093656063, 0.004671221133321524, 0.017291713505983353, 0.02887415699660778, -0.0012420736020430923, -0.025882937014102936, -0.021730739623308182, -0.023588301613926888, -0.00041359770693816245, 0.02212683856487274, -0.04042928293347359, 0.006139514502137899, 0.003523903666064143, 0.0029297571163624525, 0.007368783466517925, 0.0154068348929286, -0.04785953089594841, -0.011022442951798439, -0.047149285674095154, 0.016349274665117264, 0.015160981565713882, 0.04941660538315773, -0.009636101312935352, -0.002576342551037669, 0.003527318360283971, -0.006716588046401739, -0.007628295570611954, 0.01938147097826004, 0.006945368368178606, 0.004609758034348488, -0.00533707533031702, -0.01955903135240078, -0.61190265417099, -0.022714154794812202, 0.007252685725688934, -0.013426346704363823, -0.006163416896015406, 0.000773414911236614, -0.02076098322868347, 0.016513176262378693, -0.01610342040657997, 0.01201951690018177, -0.02479025349020958, 0.040183428674936295, -0.0006743905250914395, 0.022167813032865524, -0.006334148813039064, -0.002741952193900943, 0.029994158074259758, -0.004459513816982508, -0.008755125105381012, 0.019722934812307358, 0.010517077520489693, 0.020228300243616104, 0.0067131733521819115, 0.011862443760037422, 0.008106344379484653, 0.020610740408301353, -0.015461469069123268, 0.011015613563358784, -0.0009782930137589574, 0.028245864436030388, -0.03526635468006134, 0.0242439117282629, 0.012927809730172157, 0.004609758034348488, 0.05310441181063652, -0.01375415176153183, -0.03545757383108139, 0.02421659417450428, -0.02188098430633545, 0.03373659774661064, -0.01212195586413145, -0.0067917099222540855, 0.011637077666819096, -0.006030246149748564, -0.00225365930236876, -0.004667806439101696, 0.025104399770498276, -0.021662447601556778, 0.009424393996596336, -0.013774638995528221, 0.008215612731873989, 0.018056591972708702, -0.006115612108260393, 0.014136590994894505, -0.018466347828507423, -0.028928792104125023, 0.016199029982089996, 0.0013453663559630513, 0.027194157242774963, -0.016977567225694656, -0.01628098264336586, 0.010954150930047035, -0.007819514721632004, -0.004281952977180481, -0.018493665382266045, 0.00760097848251462, 0.01037366222590208, -0.0008199393632821739, -0.005651221610605717, -0.034965865314006805, 0.0078058564104139805, 0.014546346850693226, -0.009636101312935352, -0.0017926836153492332, 0.006163416896015406, 0.01857561618089676, 0.03433757275342941, -0.008509271778166294, -0.030649768188595772, 0.011466345749795437, 0.026292692869901657, -0.02212683856487274, -0.029338547959923744, -0.007744393311440945, 0.01998244598507881, -0.0074097588658332825, -0.02903806045651436, -0.0038892696611583233, 0.0054326849058270454, -0.018165860325098038, 0.02014634944498539, 0.0060234167613089085, 0.0013436590088531375, -0.0033719525672495365, -0.007717076223343611, 0.003909757360816002, 0.015994152054190636, -0.0012104882625862956, 0.030130743980407715, 0.005152685102075338, -0.02791805937886238, 0.01566634699702263, 0.00721170986071229, 0.01766049489378929, 0.04400782287120819, 0.014409761875867844, -0.017482932657003403, 0.024694643914699554, 0.019422447308897972, -0.03231611102819443, -0.004278538282960653, -0.004520977381616831, -0.004978538490831852, 0.0015656104078516364, -0.012272199615836143, -0.03288976848125458, 0.02537756972014904, -0.015816591680049896, 0.01761951856315136, 0.019640984013676643, -0.012572688050568104, 0.0036980502773076296, 0.01936781220138073, -0.02871025539934635, -0.01520195696502924, -0.006521953735500574, -0.008878052234649658, -0.0031653670594096184, -0.003960977308452129, 0.010899516753852367, 0.010216589085757732, -0.009861467406153679, 0.020842934027314186, -0.004449270199984312, 0.0030202451162040234, -0.007921954616904259, 0.009164881892502308, -0.00625561224296689, -0.0021119520533829927, 0.015557078644633293, 0.005709270481020212, -0.0012898785062134266, 0.015311225317418575, -0.004596099257469177, 0.008277076296508312, -0.026579521596431732, -0.021471228450536728, -0.007915125228464603, -0.01744195818901062, 0.012729761190712452, -0.005156099330633879, -0.026429278776049614, -0.008584393188357353, 0.033982452005147934, -0.010838053189218044, -0.008311222307384014, -0.009267320856451988, -0.035375624895095825, -0.008270246908068657, -0.018671225756406784, 0.003484635381028056, 0.029174644500017166, -0.01278439536690712, -0.015420493669807911, 0.012142444029450417, -0.042150259017944336, -0.007068295497447252, 0.011869273148477077, -0.0013940249336883426, -0.02983025461435318, -0.011083906516432762, 0.006313661113381386, -0.0037424403708428144, -0.05152001976966858, -0.01424585934728384, 0.0045141479931771755, -0.04971709102392197, 0.007908295840024948, 0.0033053671941161156, -9.384912118548527e-05, -0.009950247593224049, 0.016349274665117264, -0.013255614787340164, -0.013986347243189812, 0.011077077127993107, 0.014259517192840576, 0.009738540276885033, 0.013296590186655521, 0.0003158537729177624, 0.03163318336009979, 0.0011421955423429608, 0.0119307367131114, -0.007000002544373274, -0.00523805059492588, 0.002895610872656107, 0.007792198099195957, -0.0020897570066154003, 0.0045141479931771755, -0.009417564608156681, 0.028628302738070488, 0.003732196521013975, 0.014792201109230518, 0.03799806162714958, -0.005360977724194527, 0.011582443490624428, -0.015461469069123268, -0.004203416407108307, 0.007628295570611954, 0.004968294408172369, 0.0043024406768381596, 0.007648783270269632, 0.005156099330633879, 0.0064024413004517555, -0.010817565023899078, 0.016950249671936035, 0.0015032932860776782, -0.028437083587050438, -0.013119029812514782, -0.01666342094540596, -0.008270246908068657, -0.005214148201048374, -0.007245856337249279, 0.006354636512696743, 0.01018244307488203, 0.0005147563060745597, 0.03452879190444946, 0.016021469607949257, 0.013119029812514782, 0.004872684832662344, -0.04613855481147766, 0.014997079037129879, 0.016772689297795296, -0.004838538356125355, 0.005367807112634182, 0.00469512352719903, 0.0123131750151515, 0.0304312314838171, -0.030840987339615822, 0.014109273441135883, 0.002475610701367259, -0.00721170986071229, 0.014833176508545876, 0.02731708437204361, -0.012360980734229088, 0.005275611765682697, 0.011835126206278801, 0.017906349152326584, 0.02095220237970352, -0.0033241475466638803, 0.011459516361355782, -0.011780492030084133, -0.014409761875867844, -0.019477080553770065, -0.00406341627240181, 0.01960000768303871, -0.0062180510722100735, -0.024448789656162262, 0.015843909233808517, -0.010421467013657093, 0.027207816019654274, 0.021812690421938896, -0.009936588816344738, 0.01688195765018463, -0.0031773182563483715, 0.013931713066995144, 0.0023134155198931694, -0.0037970745470374823, -0.007976588793098927, 0.000198368972633034, -0.021170739084482193, 0.005620489828288555, -0.037260502576828, -0.028327815234661102, -0.0133648831397295, 0.009164881892502308, -0.00658000260591507, 0.0005237197037786245, 0.013931713066995144, 0.02521366812288761, 0.010742442682385445, -0.026784399524331093, -0.007423417642712593, 0.007990246638655663, 0.0257736686617136, 0.014163907617330551, -0.015611712820827961, -0.025705374777317047, 0.018247811123728752, 0.004964879713952541, -0.00022493911092169583, 0.01326244417577982, 0.0304312314838171, 0.004520977381616831, -0.019681958481669426, 0.001859268988482654, 0.01112488191574812, 0.04034733399748802, -0.010926833376288414, -0.0005156099796295166, 0.008939515799283981, -0.0017004885012283921, 0.028027327731251717, -0.0017320738406851888, -0.011978541500866413, 0.027071230113506317, -0.017742445692420006, -0.007689759135246277, -0.014478053897619247, 0.014860493130981922, 0.004056586883962154, -0.007539514917880297, -0.00785366166383028, -0.033791232854127884, 0.00834536924958229, 0.0015750005841255188, -0.00683610001578927, -0.016321957111358643, -0.0016979274805635214, 0.006658539175987244, -0.0017260982422158122, 0.0013786590425297618, -0.013255614787340164, -0.045783430337905884, 0.015256591141223907, 0.05477075278759003, 0.017797080799937248, 0.016922933980822563, 0.019272202625870705, 0.010776589624583721, 0.0183707382529974, -0.021621471270918846, -0.023410741239786148, 0.021225374191999435, -0.007402929477393627, 0.0013197566149756312, -0.006047319155186415, 0.027945376932621002, -0.00047207335592247546, 0.0004690855566877872, 0.006361465901136398, 0.010960979387164116, -0.004876099526882172, 0.0012471956433728337, -0.022017570212483406, -0.01940878853201866, -0.014054639264941216, 0.0010892687132582068, 0.018124885857105255, 0.03237074241042137, -0.005886831320822239, -0.003042440162971616, -0.012750248424708843, 0.013631224632263184, -0.006948783062398434, -0.0054053678177297115, 0.022632203996181488, 0.04056587070226669, 0.017674153670668602, -0.01337854191660881, 0.0635395348072052, 0.021840007975697517, 0.028819523751735687, 0.0168409813195467, -7.816313882358372e-05, 0.010223418474197388, 0.0201600082218647, -0.010920003987848759, 0.01104976050555706, 0.0183707382529974, -0.010640003718435764, -0.009608783759176731, 0.01442341972142458, -0.009315125644207, 0.03676879405975342, 0.013330737128853798, 0.002501220442354679, -0.005439514294266701, -0.026279034093022346, 0.012627322226762772, 0.019640984013676643, 0.01648586057126522, -0.01994147151708603, -0.01348098088055849, -0.02713952213525772, -0.01763317734003067, -0.03545757383108139, 0.02578732743859291, 0.0036878061946481466, 0.0007422564085572958, -0.013440005481243134, -0.028628302738070488, 0.013317078351974487, 0.0019975616596639156, 0.009875125251710415, 0.003431708551943302, -0.015352200716733932, -0.01899903081357479, 0.02906537614762783, 0.036714158952236176, -0.007355124689638615, 0.04149464890360832, -0.022140495479106903, 0.007054636720567942, -0.004674635827541351, -0.009069271385669708, -0.02224976383149624, -0.015338542871177197, 0.023192204535007477, -0.00317048910073936, 0.011698541231453419, 0.005500977858901024, -0.003995123319327831, -0.016622444614768028, 0.02636098489165306, 0.045592211186885834, -0.007177563849836588, 0.0201600082218647, 0.0022041471675038338, 0.0046302457340061665, -0.009048784151673317, 0.03715123236179352, 0.044062454253435135, 0.001872927532531321, 0.012176590040326118, -0.0038892696611583233, 0.009991222992539406, -0.015461469069123268, 0.0030851231422275305, -0.009840979240834713, 0.0097931744530797, -0.005121953319758177, 0.017769763246178627, -0.02304195985198021, -0.00469512352719903, 0.0009723174152895808, -0.019231226295232773, 0.028764888644218445, -0.002777806017547846, 0.0276858638972044, 0.007894637063145638, -0.010701467283070087, 0.023000983521342278, -0.022932691499590874, -0.009000979363918304, 0.01501073781400919, -0.016158055514097214, 0.02922927960753441, 0.0002782927767839283, -0.0013709760969504714, 0.0014290249673649669, 0.004818050656467676, -0.025691717863082886, 0.00288195232860744, 0.003786830697208643, 0.01471024937927723, 0.00012932931713294238, 0.017523908987641335, -0.006057563237845898, -0.034200988709926605, -0.013877078890800476, 0.006187319289892912, 0.008120003156363964, -0.0003056098648812622, -0.0016612200997769833, 0.0010167077416554093, -0.007252685725688934, 0.011800980195403099, -0.03327220678329468, -0.016622444614768028, -0.02248195931315422, -0.007334636989980936, -0.005350733641535044, 0.034965865314006805, 0.014204883016645908, -0.022427326068282127, 0.012026346288621426, -0.0059278071857988834, -0.0047975629568099976, -0.017196103930473328, -0.020610740408301353, -0.03196098655462265, 0.0021597568411380053, 0.049689773470163345, 0.013631224632263184, 0.015393177047371864, -0.00021128056687302887, 0.027562936767935753, -0.0026924400590360165, 0.011507321149110794, 0.01858927495777607, 0.017155127599835396, -0.017578544095158577, -0.016335615888237953, 0.014614639803767204, -0.011145370081067085, 0.01200585812330246, 0.029365865513682365, 0.0001598476228537038, -0.015256591141223907, 0.019668299704790115, -0.04198635742068291, 0.012716102413833141, -0.02477659471333027, -0.041959039866924286, -0.017564885318279266, 0.0033753670286387205, -0.02479025349020958, -0.008741466328501701, -0.03002147562801838, 0.01415024884045124, 0.006405855994671583, -0.00261731818318367, 0.016827324405312538, -0.010407809168100357, -0.011835126206278801, 0.023970739915966988, 0.016813665628433228, -0.01857561618089676, -0.01181463897228241, -0.021566838026046753, -0.007034149020910263, -0.0038721966557204723, -0.017346348613500595, 0.02614244818687439, 0.012074151076376438, 0.005678538698703051, -0.006221465766429901, 0.007990246638655663, -0.03969172388315201, 0.01880781166255474, -0.009472198784351349, 0.02151220291852951, 0.009048784151673317, -0.026661474257707596, -0.003721952671185136, -0.015980493277311325, -0.021949276328086853, -0.013726834207773209, 0.015652688220143318, 0.030376596376299858, 0.0011823175009340048, 0.01367220003157854, -0.014491712674498558, -0.01327610295265913, -0.024858545511960983, -0.03589464724063873, 0.029201962053775787, 0.009840979240834713, 0.032862450927495956, 0.03851708769798279, 0.008768783882260323, -0.02692098543047905, 0.00031307939207181334, 0.02963903546333313, 0.014327810145914555, 0.03275318443775177, 0.01781073771417141, -0.01629463955760002, -0.0195863489061594, -0.001820000703446567, 0.0014247565995901823, -0.016581470146775246, -0.023151228204369545, 0.013931713066995144, -0.009417564608156681, -0.024667326360940933, -0.005538538563996553, 0.020610740408301353, -0.030376596376299858, 0.0029536597430706024, -0.018835129216313362, 0.009171710349619389, -0.04072977229952812, -0.006084880325943232, -0.02518635056912899, -0.00025054888101294637, -0.007095612585544586, 0.0496351420879364, 0.02499513141810894, 0.016759030520915985, -0.012866346165537834, -0.007826344110071659, 0.0077102468349039555, 0.005979026667773724, 0.007184392772614956, 0.02342440001666546, -0.012504395097494125, 0.018848787993192673, 0.002844391390681267, 0.03288976848125458, -0.0023919520899653435, -0.016554152593016624, 0.006679026875644922, 0.03491123393177986, 0.0014332932187244296, -0.014641956426203251, 0.015188298188149929, 0.0179882999509573, -0.009342442266643047, 0.0029434156604111195, -0.03354537859559059, -0.04269660264253616, -0.008447808213531971, -0.01501073781400919, 0.01591220125555992, 0.030540499836206436, 0.017742445692420006, -0.023670252412557602, -0.018261469900608063, -0.00930146686732769, -0.01842537336051464, 0.0011976833920925856, -0.021266348659992218, -0.01298927329480648, -0.001047439407557249, -0.008686832152307034, -0.029174644500017166, 0.020815618336200714, -0.0049034166149795055, -0.0036775623448193073, 0.021047813817858696, 0.01880781166255474, -0.027371717616915703, -0.0018831714987754822, -0.009035125374794006, -0.002791464561596513, -0.01054439414292574, -0.010107320733368397, 0.003998538013547659, -0.007471222430467606, 0.012183419428765774, -0.0013854883145540953, -0.018056591972708702, 0.0017474397318437696, 0.005128782242536545, 0.0051048798486590385, -0.025432204827666283, -0.009410735219717026, 0.02540488727390766, 0.0035990257747471333, 0.02248195931315422, -0.021990252658724785, -0.02614244818687439, 0.02694830298423767, -0.01817951910197735, -0.006071222014725208, -0.03335415944457054, -0.024066351354122162, -0.029912207275629044, -0.015639029443264008, 0.010503418743610382, -0.01764683611690998, -0.023888789117336273, -0.025309277698397636, 0.0012693906901404262, 0.011698541231453419, -0.02671610750257969, 0.009438052773475647, -0.04190440475940704, -0.011473175138235092, -0.020296592265367508, 0.027590254321694374, -0.01268195640295744, -0.02555513195693493, 0.003484635381028056, 0.02052878774702549, 0.0030082939192652702, 0.00746439304202795, -0.00939024705439806, -0.01591220125555992, -0.026729766279459, -0.04788684844970703, -0.012279029004275799, 0.00996390637010336, 0.01337854191660881, 0.04985367879271507, 0.021594153717160225, -0.0028239034581929445, -0.010906345210969448, -0.017947323620319366, -0.02728976681828499, -0.027030253782868385, 0.002489269245415926, -0.0032712207175791264, 0.045619528740644455, 0.010523906908929348, 0.008707320317626, 0.027030253782868385, 0.0014000005321577191, 0.02733074128627777, -0.05419709533452988, -0.015270249918103218, 0.010387321002781391, -0.0006906100315973163, 0.020788300782442093, 0.004445855505764484, -0.023711228743195534, 0.014027322642505169, 0.0023253667168319225, -0.024366838857531548, 0.04015611112117767, 0.009998052380979061, -0.006539026740938425, -0.023342447355389595, 0.006245368160307407, -0.02208586223423481, -0.030185377225279808, -0.014491712674498558, 0.021976593881845474, -0.023943424224853516, -0.00792878307402134, -0.001978781307116151, 0.006651709787547588, -0.007546344306319952, -0.012238053604960442, 0.008324881084263325, -0.021402934566140175, 0.016991226002573967, 0.0005924392607994378, 0.004940977320075035, -0.026251716539263725, -0.028054645285010338, 0.012224394828081131, 0.0060165878385305405, 0.018124885857105255, 0.05370538681745529, 0.00042875015060417354, 0.0019429275998845696, -0.012080980464816093, 0.02324683777987957, -0.017551226541399956, -0.002673659473657608, -0.014846835285425186, -0.014013663865625858, -0.00901463720947504, -0.02865562029182911, 0.034392207860946655, -0.02944781631231308, -0.008604881353676319, 0.003392440266907215, -0.009711223654448986, -0.0149287860840559, -0.0028887814842164516, -0.005647806916385889, -0.0242439117282629, -0.029365865513682365, 0.026483912020921707, 0.00033036599052138627, -0.002502927789464593, -0.009369759820401669, -0.007170734461396933, 0.0019292690558359027, -0.014054639264941216, 0.020624397322535515, -0.009444881230592728, -0.02324683777987957, 0.03665952757000923, 0.01802927441895008, 0.0072253686375916, -0.011247809045016766, 0.20433178544044495, -0.0066243926994502544, 0.012490736320614815, 0.004667806439101696, -0.032480012625455856, 0.006798539310693741, 0.014532688073813915, -0.015461469069123268, -0.011561955325305462, 0.010715126059949398, -0.021730739623308182, 0.018520982936024666, -0.006487807258963585, -0.0077990274876356125, 0.004374147858470678, -0.021006837487220764, -0.03543025627732277, -0.030103426426649094, -0.035539526492357254, -0.017278054729104042, 0.013050736859440804, -0.004654148127883673, -0.022919032722711563, -0.029120011255145073, 0.028218546882271767, -0.019217567518353462, 0.016240006312727928, 0.007737563923001289, 0.01817951910197735, 0.011821468360722065, -0.02342440001666546, -0.013030248694121838, 0.005818538833409548, -0.008557076565921307, -0.021621471270918846, -0.02017366699874401, 0.028382450342178345, -0.008850734680891037, 0.014600981026887894, 0.02656586468219757, -0.01181463897228241, -0.030731718987226486, 0.017360007390379906, 0.010940492153167725, 0.00037070136750116944, 0.0055043925531208515, 0.003459025640040636, -0.012914150953292847, -0.014669273979961872, 0.030458549037575722, -0.024175619706511497, -0.032097574323415756, 0.033026352524757385, 0.0012207322288304567, 0.009642930701375008, -0.016622444614768028, 0.04258733242750168, -0.015229274518787861, -0.007239026948809624, 0.010400979779660702, 0.0004882928915321827, 0.021252691745758057, -0.0021324397530406713, -0.005180002190172672, 0.01626732386648655, 0.00278122047893703, -0.0261561069637537, -0.007669271435588598, 0.028218546882271767, -0.028437083587050438, -0.010510248132050037, -0.00873463787138462, -0.002750488929450512, 0.002501220442354679, -0.007437075953930616, -0.032862450927495956, 0.02342440001666546, 0.008379515260457993, 0.00455512385815382, 0.025637082755565643, -0.03387318179011345, -0.027795132249593735, 0.004978538490831852, -0.015652688220143318, -0.0205424465239048, -0.012299517169594765, 0.010073174722492695, 0.014874151907861233, -0.01644488424062729, -0.024571716785430908, 0.008099514991044998, 0.017564885318279266, -0.00581512413918972, -0.02190830186009407, -0.010926833376288414, -0.010653662495315075, 0.001401707879267633, 0.023547325283288956, -0.026606839150190353, 0.014273175969719887, -0.03157854825258255, 0.023110251873731613, 0.031059524044394493, -0.0002456403453834355, -0.016772689297795296, 0.020665373653173447, 0.003199513303115964, 0.003892684355378151, 0.013603908009827137, -0.02248195931315422, -0.007348295301198959, -0.0069214659743011, 0.00600292906165123, -0.012811711989343166, 0.012661468237638474, 0.0043024406768381596, 0.00721170986071229, -0.02903806045651436, 0.005442928988486528, -0.021976593881845474, 0.022591227665543556, -0.0329170860350132, -0.021443910896778107, 0.02480391226708889, 0.008816588670015335, -0.010687808506190777, -0.029283912852406502, 0.0010380492312833667, -0.00455512385815382, -0.02636098489165306, 0.0032558548264205456, 0.0026497570797801018, -0.009800003841519356, -0.02922927960753441, -0.010517077520489693, 0.013528785668313503, 0.014122932218015194, -0.046001967042684555, 0.012244882993400097, 0.00882341805845499, 0.01800195872783661, -0.026238059625029564, 0.00654585612937808, -0.0036843917332589626, -0.010189272463321686, -0.027235131710767746, 0.0102712232619524, -0.00658000260591507, -0.005419026594609022, -0.006388782989233732, -0.020487813279032707, 0.009806833229959011, 0.025609765201807022, -0.002304879017174244, 0.00957463774830103, -0.011684882454574108, 0.0033104890026152134, -0.05023611709475517, -0.014382444322109222, 0.0192039106041193, -0.030731718987226486, 0.007136587984859943, 0.008400003425776958, 6.989332177909091e-05, -0.0332995243370533, 0.0027607327792793512, -0.1734088510274887, 0.02693464420735836, 0.023765861988067627, -0.01191707793623209, 0.0170322023332119, 0.019067324697971344, 0.025637082755565643, -0.01046927273273468, -0.008058539591729641, -0.018520982936024666, -0.0014315858716145158, -0.029502449557185173, -0.04632977396249771, -0.0008438417571596801, -0.010831223800778389, 0.0325346477329731, 0.02728976681828499, 0.012053662911057472, 0.04867904260754585, 0.018329763785004616, 0.0179882999509573, -0.020692691206932068, -0.002697562100365758, -0.01745561696588993, -0.01820683665573597, 0.01856195740401745, 0.01442341972142458, -0.002946830354630947, 0.0034539038315415382, -0.009048784151673317, -0.0014068298041820526, -0.0034385379403829575, -0.0002539635170251131, 0.005658050999045372, 0.009424393996596336, -0.0004153050249442458, 0.03119610995054245, -0.008468295447528362, -0.00249097659252584, -0.0018763422267511487, 0.01348098088055849, 0.011992199346423149, -0.03838050365447998, 0.0067131733521819115, 0.014177566394209862, 0.01629463955760002, 0.006709758657962084, 0.010441955178976059, 0.020037081092596054, -0.021976593881845474, 0.03258927911520004, -0.05709270387887955, -0.00024073179520200938, 0.01977756805717945, 0.006866831798106432, 0.016226347535848618, -0.02599220536649227, 0.01268195640295744, -0.022003911435604095, -0.020187323912978172, -0.017482932657003403, -0.022017570212483406, -0.0008634759578853846, -0.00634439243003726, -0.030349280685186386, 0.004667806439101696, -0.015802932903170586, -0.005531709641218185, -0.051629286259412766, -0.007068295497447252, -0.011684882454574108, 0.005118538625538349, 0.009144393727183342, 0.006586831994354725, 0.0005787807167507708, -0.014587322250008583, -0.03125074505805969, 0.01745561696588993, 0.01191707793623209, 0.010974638164043427, -0.011350248008966446, 0.02922927960753441, -0.015065371990203857, 0.043488796800374985, -0.018643910065293312, 0.01740098185837269, 0.023738546296954155, 0.009028295986354351, 0.005565855652093887, 0.008038051426410675, 0.009499515406787395, -0.034392207860946655, -0.02211317978799343, -0.0068019540049135685, -0.008447808213531971, 0.011097565293312073, 0.016321957111358643, 0.008960003033280373, 0.01843903213739395, -0.0025746352039277554, 0.011357077397406101, -0.008768783882260323, -0.00940390583127737, 0.011678053066134453, 0.036905378103256226, 0.02305561862885952, -0.006197563372552395, -0.013037078082561493, 0.0557541660964489, 0.003629757557064295, -0.014587322250008583, 0.01443707849830389, -0.008598051965236664, 0.03799806162714958, 0.008085857145488262, 0.03116879239678383, -0.005579514428973198, -0.016595128923654556, 0.01823415420949459, -0.0317697674036026, 0.038462452590465546, -0.00760097848251462, -0.0009689027792774141, 0.018152201548218727, 0.009752199053764343, 0.017674153670668602, -0.0829346626996994, -0.045045871287584305, 0.003433415899053216, 0.018643910065293312, -0.024107325822114944, -0.006426343694329262, -0.018111227080225945, 0.03977367281913757, -0.007764881011098623, 0.020392203703522682, -0.03485659882426262, -0.027549277991056442, 0.007273173425346613, 0.006689270958304405, 0.011097565293312073, 0.029120011255145073, -0.011999028734862804, 0.002829025499522686, -0.005108294542878866, 0.02849171869456768, -0.020583422854542732, -0.02539122849702835, -0.009451710619032383, -0.005449758376926184, -0.009233173914253712, -0.004480001516640186, -0.030103426426649094, 0.002342439955100417, 0.029529767110943794, -0.021034155040979385, 0.000956951582338661, -0.03239805996417999, 0.03469269722700119, 0.013808785937726498, -0.027658546343445778, 0.003132927929982543, -0.025131717324256897, 0.023916106671094894, 0.013344394974410534, -0.03564879298210144, 0.006709758657962084, 0.0042409771122038364, 0.01491512730717659, -0.0017858543433248997, 0.013228298164904118, 0.0018934153486043215, -0.013214639388024807, 0.0199687872081995, 0.013562931679189205, -0.015120006166398525, -0.03299903869628906, 0.010428296402096748, -0.015789274126291275, -0.019463421776890755, 0.01686829887330532, -0.001049146754667163, 0.022604886442422867, 0.01161658950150013, 0.01221073605120182, 0.015092688612639904, -0.0030236595775932074, -0.007758051622658968, -0.02171708084642887, 0.00960195530205965, 0.025131717324256897, 0.011555125936865807, -0.028573669493198395, -0.020597081631422043, -0.00673366105183959, -0.0017500006360933185, -0.025063423439860344, 0.013139517046511173, -0.02190830186009407, 0.006214636377990246, -0.0006368295289576054, 0.00736195407807827, -0.0044356114231050014, -0.014764883555471897, 0.0060063437558710575, -0.0026668303180485964, 0.0012770736357197165, -0.005497563164681196, -0.0031090255361050367, 0.014805858954787254, 0.011657565832138062, 0.014286834746599197, 0.006433173082768917, 0.003226830391213298, 0.024694643914699554, -0.03319025784730911, 0.006778051145374775, -0.0040395138785243034, -0.0028358546551316977, -0.028437083587050438, 0.005268782377243042, 0.003718537976965308, -0.02229074016213417, 0.012258540838956833, 0.0008425613050349057, -0.029283912852406502, -0.016349274665117264, -0.010530735366046429, -0.054934654384851456, 0.03433757275342941, -0.008748295716941357, -0.013146346434950829, -0.010100491344928741, -0.01585756614804268, -0.015557078644633293, -0.01443707849830389, 0.008297564461827278, 0.031469281762838364, -0.017728786915540695, 0.0016543908277526498, -0.024708302691578865, -0.009916101582348347, -0.013187321834266186, -0.009294637478888035, 0.013576590456068516, -0.014751224778592587, 0.004900001920759678, 0.006337563507258892, 0.008700490929186344, -0.00996390637010336, -0.017196103930473328, 0.0022195130586624146, -0.019094642251729965, 0.00523805059492588, 0.012360980734229088, -0.0018182933563366532, -0.009424393996596336, -0.024134643375873566, 0.022973667830228806, -0.03958245366811752, 0.025896595790982246, 0.022905373945832253, 0.005589758045971394, -0.027194157242774963, -0.004343416076153517, 0.026224400848150253, 0.03258927911520004, 0.012968785129487514, -0.012040004134178162, -0.02614244818687439, 0.011316101998090744, -0.0037117088213562965, -0.022973667830228806, -0.020993178710341454, -0.011520979925990105, 0.01337854191660881, 0.019026348367333412, -0.017114153131842613, 0.043133676052093506, 0.010831223800778389, -0.019681958481669426, 0.01570732332766056, -0.03357269614934921, -0.023000983521342278, 0.012156101875007153, 0.03851708769798279, 0.0029519523959606886, 0.0011618296848610044, 0.04878831282258034, 0.008946345187723637, -0.012757077813148499, -0.011753175407648087, 0.01878049410879612, -0.01994147151708603, -0.011377565562725067, 0.03665952757000923, 0.020679032430052757, 0.0035580501426011324, -0.016171714290976524, -0.004637075122445822, 0.021962935104966164, 0.00831805169582367, 0.0016321957809850574, 0.018548300489783287, -0.019436104223132133, 0.0002678354794625193, 0.005173172801733017, 0.024366838857531548, 0.018302446231245995, 0.0004118903889320791, -0.017291713505983353, 0.0024414644576609135, 0.021921958774328232, 0.04242343083024025, -0.014956103637814522, 0.012504395097494125, 0.01491512730717659, -0.005637563299387693, -0.045810747891664505, 0.021034155040979385, -0.019217567518353462, 0.019845861941576004, 0.00853658840060234, -0.02500879019498825, -0.013911224901676178, -0.006440002471208572, 0.02517269179224968, 0.017769763246178627, 0.020105373114347458, 0.0003235367184970528, 0.0008698783931322396, -0.016185371205210686, -0.03021269477903843, -0.0003147867100778967, -0.0359765999019146, -0.009328784421086311, 0.03499318286776543, 0.0033582940232008696, -0.005053660366684198, 0.003114147577434778, -0.041740503162145615, 0.025650741532444954, 0.0009210979333147407, -0.021184397861361504, 0.01443707849830389, -0.026497570797801018, -0.007560003083199263, 0.005063904449343681, 0.017715128138661385, -0.012743419036269188, 0.037260502576828, -0.04160391911864281, 0.029174644500017166, -0.004766831174492836, -0.008058539591729641, -0.007648783270269632, 0.00833171047270298, -0.014819517731666565, 0.009827320463955402, -7.762960194668267e-06, -0.01143902912735939, 0.008543417789041996, 0.0003393293882254511, -0.0043195136822760105, -0.008939515799283981, -0.0028580499347299337, 0.028983425348997116, 0.0639219731092453, 0.011705370619893074, -0.008447808213531971, -0.007621466182172298, -0.008413662202656269, 0.01998244598507881, 0.015775615349411964, -0.014355127699673176, 0.0024978057481348515, -0.02346537448465824, 0.0367414765059948, -0.011459516361355782, 0.009567808359861374, -0.015980493277311325, -0.01501073781400919, -0.015352200716733932, 0.014000005088746548, 0.007443905342370272, -0.005880002398043871, -9.630338900024071e-05, 0.01035317499190569, 0.005572685040533543, 0.037697575986385345, 0.005340490024536848, -0.006825856398791075, 0.018124885857105255, 0.0052209775894880295, -0.006846344098448753, -0.007990246638655663, -0.028437083587050438, -0.0006671344162896276, -0.0149287860840559, -0.03452879190444946, 0.0007375612622126937, 0.0021921959705650806, -0.007177563849836588, -0.014942444860935211, 0.030321963131427765, 0.013726834207773209, 0.008010734803974628, -0.00031564035452902317, 0.003735611215233803, -0.020624397322535515, -0.013440005481243134, 0.008509271778166294, 0.005579514428973198, 0.01975025050342083, -0.020842934027314186, -0.018739519640803337]","[-0.03217051550745964, 0.03897212818264961, 0.002370621543377638, -0.014425994828343391, -0.020884782075881958, 0.025615740567445755, -0.011635415256023407, -0.020048292353749275, -0.007048442494124174, -0.017141154035925865, 0.012307347729802132, -2.650182977959048e-05, -0.006801609881222248, 0.005234908312559128, 0.0018375316867604852, 0.002420330885797739, 0.003945893608033657, -0.005546877160668373, 0.029016545042395592, -0.01764853112399578, 0.023106275126338005, -0.0071718585677444935, 0.01922551728785038, 0.014864807948470116, -0.015399612486362457, -0.004737814888358116, 0.0038876135367900133, -0.014508272521197796, 0.03027813322842121, -0.0010216127848252654, 0.017072588205337524, -0.019431211054325104, 0.009468773379921913, -0.049311671406030655, -0.02344909869134426, -0.02447756752371788, -0.035187359899282455, -0.014096884988248348, 0.030470114201307297, 0.012334774248301983, 0.0161675363779068, -0.0026054552290588617, 0.0013875763397663832, -0.0035516470670700073, -0.035351913422346115, 0.05863645672798157, 0.014055745676159859, -0.05482426658272743, 0.003925323951989412, 0.0031162616796791553, 0.017538828775286674, 0.04944879934191704, -0.03145744651556015, -0.0021460724528878927, 0.006541064009070396, -0.017483975738286972, 0.0323350727558136, 0.011511998251080513, -0.0067981816828250885, -0.01338381227105856, -0.009873304516077042, 0.013678640127182007, -0.0062770904041826725, 0.0028660008683800697, -0.02934565395116806, -0.00870770588517189, -0.013424951583147049, -0.005958265159279108, -8.334885933436453e-05, 0.01678461767733097, 0.007596959359943867, 0.0053308987990021706, -0.006949023809283972, -0.006589059252291918, 0.009873304516077042, 0.007329557090997696, -0.02652079239487648, -0.0003983175556641072, 0.02565687894821167, -0.002288344083353877, 0.0036099269054830074, -0.01985631138086319, -0.027905797585844994, 0.01646921969950199, 0.010476673021912575, 0.030031301081180573, -0.005824564024806023, 0.018005067482590675, 0.0043778507970273495, -0.0342000275850296, 0.02525920420885086, -0.0012958712177351117, -0.01719600521028042, 0.006530779413878918, -0.006942166946828365, 0.012554180808365345, 0.007644954603165388, 0.04371679946780205, 0.010229839943349361, -0.011532568372786045, -0.01090862974524498, 0.02690475434064865, -0.00533775519579649, -0.0083168875426054, -0.0072952751070261, 0.01338381227105856, -0.0007242137216962874, -0.014124310575425625, 0.01145029067993164, -0.02017170935869217, -0.013335817493498325, 0.027343567460775375, 0.016112683340907097, -0.024121031165122986, -0.005886272061616182, -0.0007906357059255242, 0.024820391088724136, -0.03052496537566185, -0.007027872838079929, -0.013870621100068092, 0.0027220151387155056, 0.025780294090509415, 0.02093963325023651, -0.028070352971553802, -9.708856651968745e-08, -0.0006582203204743564, -0.01004471629858017, -0.034008048474788666, -0.004107020329684019, -0.0038704725448042154, 0.01741541177034378, 0.04643195495009422, -0.008008346892893314, 0.025958562269806862, -0.003664778545498848, 0.006043970584869385, -0.018937546759843826, 0.001468139817006886, -0.030387837439775467, -0.03159457445144653, 0.003956178203225136, 0.011758831329643726, -0.013184974901378155, -0.0020226561464369297, 0.01609897054731846, 0.022722313180565834, 0.013939185999333858, 0.007864361628890038, -0.0019232374615967274, -0.008563720621168613, 0.0164006557315588, 0.012252496555447578, -0.011285735294222832, -0.01664748787879944, 0.004374422132968903, 0.014659114181995392, -0.004902369808405638, 0.016578923910856247, 0.01741541177034378, -0.023188551887869835, 0.02605455368757248, 0.01945863664150238, 0.011868534609675407, 0.008406021632254124, 0.010922342538833618, 0.032993290573358536, 4.338854341767728e-05, -0.021515576168894768, -0.02253033220767975, -0.029619913548231125, -0.004209867212921381, 0.017771948128938675, -0.03211566433310509, -0.000141628785058856, 0.007788940332829952, -0.00016380514716729522, 0.007158145774155855, 0.008556864224374294, -0.03661350533366203, -0.01585213840007782, -0.03798479586839676, 0.026808764785528183, 0.019650617614388466, 0.050545834004879, -0.002142644254490733, 0.002905425615608692, 0.0009693322353996336, -0.008172902278602123, -0.010853778570890427, 0.015056788921356201, 0.004360709339380264, -0.0008703420753590763, -0.012060515582561493, -0.024285586550831795, -0.6117060780525208, -0.0255060363560915, -0.013280965387821198, -0.01117603201419115, -0.0030356983188539743, 0.015125353820621967, -0.011320017278194427, 0.018690714612603188, -0.013370099477469921, 0.01711372844874859, -0.023010283708572388, 0.03768311068415642, -6.695763295283541e-05, 0.02338053286075592, -0.008913399651646614, -0.005536592565476894, 0.028138916939496994, -0.007027872838079929, -0.010826352052390575, 0.017922790721058846, 0.008536294102668762, 0.014247726649045944, -0.006784468423575163, 0.00791921280324459, 0.01015441957861185, 0.02472439967095852, -0.00965389795601368, 0.006400506477802992, 0.001919809146784246, 0.0355987474322319, -0.035735875368118286, 0.0083168875426054, 0.019444923847913742, -0.005889700260013342, 0.0552082285284996, -0.01509792823344469, -0.03184140846133232, 0.024751825258135796, -0.0025403189938515425, 0.02981189452111721, -0.020267698913812637, -0.011388582177460194, 0.009064242243766785, 0.004405276384204626, -0.007830078713595867, -0.009825308807194233, 0.03499537706375122, -0.020253986120224, 0.012410195544362068, -0.011923386715352535, 0.014755104668438435, 0.010010433383286, -0.009900730103254318, -0.0010344686452299356, -0.014919660054147243, -0.024422714486718178, 0.012149649672210217, -0.003337382571771741, 0.03343210741877556, -0.015303621999919415, -0.011985094286501408, 0.011374869383871555, -0.0035962138790637255, -0.009523624554276466, -0.02080250345170498, 0.0164006557315588, 0.01742912456393242, -0.002058652462437749, -0.0054680281318724155, -0.039191532880067825, 0.000880198203958571, 0.005989118944853544, -0.01509792823344469, -0.0017826799303293228, 0.010565807111561298, 0.01624981313943863, 0.028522878885269165, -0.008248322643339634, -0.026863615959882736, 0.017483975738286972, 0.020898494869470596, -0.02126874402165413, -0.031210612505674362, -0.021625278517603874, 0.02486152946949005, -0.015166492201387882, -0.0239290501922369, -0.005800566170364618, -0.0033699506893754005, -0.017593679949641228, 0.020199134945869446, -0.00021619279868900776, 0.0015941272722557187, -0.002142644254490733, -0.001381576992571354, 0.006530779413878918, 0.005378894042223692, -0.015673870220780373, 0.027823520824313164, -0.0016566924750804901, -0.02339424565434456, 0.02486152946949005, 0.00292256660759449, 0.019883738830685616, 0.04566403105854988, 0.003956178203225136, -0.02125502936542034, 0.024367863312363625, 0.027110448107123375, -0.023599939420819283, -0.013253539800643921, -0.012711879797279835, -0.00047738110879436135, 0.010565807111561298, -0.014096884988248348, -0.031265463680028915, 0.021940676495432854, -0.013980324380099773, 0.01609897054731846, 0.021638991311192513, -0.012005663476884365, 0.0063627962954342365, 0.016304664313793182, -0.028358323499560356, -0.023654792457818985, -0.011354300193488598, 0.0022780592553317547, -0.006242807954549789, -0.001229020650498569, 0.014768817462027073, 0.012561037205159664, -0.018320465460419655, 0.014974511228501797, -0.0055194515734910965, 0.005156058818101883, -0.012547324411571026, 0.002368907444179058, -0.011498285457491875, 0.0029277089051902294, 0.015440750867128372, 0.004425846040248871, -0.008028916083276272, 0.00949619896709919, 0.005941123701632023, 0.011313160881400108, -0.0182107612490654, -0.011388582177460194, -0.01561901904642582, -0.015015650540590286, 0.01509792823344469, -0.008035772480070591, -0.018416455015540123, -0.010778357274830341, 0.036915186792612076, -0.00909852422773838, -0.010936056263744831, 0.0030014158692210913, -0.038807570934295654, 0.0006419362034648657, -0.0186769999563694, -0.008652854710817337, 0.02598598785698414, -0.009112237021327019, -0.02078879065811634, 0.0028677149675786495, -0.031347740441560745, -0.0043504247441887856, 0.020185422152280807, -0.012293634936213493, -0.03230764716863632, -0.018320465460419655, 0.0048612309619784355, -0.0013430094113573432, -0.046102847903966904, -0.008131762966513634, 0.005118348635733128, -0.045938290655612946, 0.0075558205135166645, 0.004089879337698221, -0.0045629749074578285, -0.001570129650644958, 0.020692801102995872, -0.004117304924875498, -0.01664748787879944, 0.017319422215223312, 0.01509792823344469, 0.008385452441871166, 0.005437173880636692, -0.02032255195081234, 0.03664093092083931, -0.008131762966513634, 0.0138020571321249, -0.011923386715352535, -0.0083168875426054, 0.010318974032998085, 0.009420777671039104, -0.009208227507770061, 0.0008536294335499406, 0.004634968005120754, 0.022585183382034302, 0.016140110790729523, 0.014864807948470116, 0.03381606563925743, 0.001192167168483138, 0.010106423869729042, -0.021680131554603577, -0.0027648680843412876, 0.006811894476413727, 0.003757340833544731, 0.00018383887072559446, 0.0045389775186777115, -0.006475927773863077, 0.010270979255437851, -0.010894916951656342, 0.025382619351148605, 0.003429944859817624, -0.03529706224799156, -0.012286778539419174, -0.016661200672388077, -0.010058429092168808, 0.0017072588670998812, -0.0014407139969989657, 0.005488597322255373, 0.0023757638409733772, 0.005180056672543287, 0.03351438418030739, 0.030470114201307297, 0.02080250345170498, 0.007638097740709782, -0.04026114195585251, 0.01251989882439375, 0.014494559727609158, -0.011642271652817726, 0.0030151288956403732, 0.003277388634160161, 0.007816365920007229, 0.025410044938325882, -0.030799224972724915, 0.010984051041305065, 0.005930839106440544, -0.0063627962954342365, 0.006469071377068758, 0.022818302735686302, -0.015605306252837181, 0.002211208688095212, 0.018334178254008293, 0.020884782075881958, 0.028660008683800697, 0.001978089101612568, 0.020514532923698425, -0.015125353820621967, -0.01796392910182476, -0.02768639102578163, 0.0011236026184633374, 0.02361365221440792, -0.01330153550952673, -0.021405871957540512, 0.019335221499204636, -0.004919511266052723, 0.030387837439775467, 0.023023996502161026, -0.013404382392764091, 0.025711730122566223, 0.0018820986151695251, 0.0154956029728055, 0.0028762854635715485, 0.003880757139995694, -0.011916530318558216, 0.0013618646189570427, -0.023490237072110176, 0.01805991865694523, -0.040370844304561615, -0.021213890984654427, -0.01094976905733347, 0.016578923910856247, -0.0046761068515479565, 0.003524221247062087, 0.0159344170242548, 0.02770010381937027, 0.006777612026780844, -0.02228350006043911, -0.0039013265632092953, 0.0035585034638643265, 0.030662095174193382, 0.018155910074710846, -0.020020866766572, -0.020336264744400978, 0.01353465486317873, -0.002356908516958356, 0.0037093455903232098, 0.011642271652817726, 0.028358323499560356, -0.00328595913015306, -0.01984259858727455, -0.005029214546084404, 0.011032046750187874, 0.047583840787410736, -0.018471306189894676, 0.0049743629060685635, 0.014741391874849796, 0.007843791507184505, 0.014035176485776901, -0.0040178862400352955, -0.002848859643563628, 0.030991205945611, -0.0186769999563694, -0.008522581309080124, -0.01003785990178585, 0.02047339454293251, -0.006671336945146322, -0.007658667396754026, -0.011107467114925385, -0.03439201042056084, 0.00886540487408638, 0.00791921280324459, -0.012074228376150131, -0.016345804557204247, -0.004874944221228361, 0.013582649640738964, 0.0010627515148371458, 0.002327768597751856, -0.016674913465976715, -0.0491471141576767, 0.01509792823344469, 0.04346996545791626, 0.02313370071351528, 0.01498822495341301, 0.005899984855204821, 0.009674467146396637, 0.022777164354920387, -0.02198181487619877, -0.024655835703015327, 0.016592636704444885, -0.002872857265174389, 0.018581010401248932, -0.00807691179215908, 0.0166337750852108, 0.0009410493075847626, 0.004007601644843817, -0.0010576092172414064, 0.008275749161839485, -0.009413921274244785, -0.004950365051627159, -0.0239290501922369, -0.014357429929077625, -0.011546281166374683, 0.0036716351751238108, 0.020829929038882256, 0.0354890450835228, 0.004645252600312233, -0.0010370397940278053, -0.014220301061868668, 0.009503055363893509, -0.009976151399314404, -0.012787300162017345, 0.022886868566274643, 0.02770010381937027, 0.0203088391572237, -0.002842003246769309, 0.05704575777053833, 0.027398420497775078, 0.025848859921097755, 0.010106423869729042, -0.008899686858057976, 0.015481890179216862, 0.01679833047091961, -0.00792606920003891, -0.00572857353836298, 0.015331047587096691, -0.007644954603165388, -0.013184974901378155, 0.017278281971812248, -0.010764644481241703, 0.029373081400990486, 0.018005067482590675, -0.0002624739136081189, -0.011251453310251236, -0.022969145327806473, 0.009324787184596062, 0.02111790142953396, 0.0019180950475856662, -0.026301385834813118, -0.010442391037940979, -0.021076763048768044, -0.012183931656181812, -0.03414517641067505, 0.01583842560648918, -0.0006642196676693857, 0.009996720589697361, -0.0057559991255402565, -0.04069995507597923, 0.009441346861422062, 0.00016284095181617886, 0.008289461955428123, 0.004792666528373957, -0.02339424565434456, -0.0221189446747303, 0.039657771587371826, 0.039493218064308167, -0.0005498024984262884, 0.03444686159491539, -0.017634818330407143, 0.009722461923956871, 0.015303621999919415, -0.0003164685331285, -0.016290951520204544, -0.011313160881400108, 0.028577731922268867, 0.008248322643339634, -0.004713817033916712, 0.00882426556199789, -0.010730362497270107, -0.020528245717287064, 0.031018631532788277, 0.039191532880067825, -0.00988016091287136, 0.02093963325023651, 0.0015255626058205962, -0.00031132620642893016, -0.01129944808781147, 0.03836875781416893, 0.051834847778081894, 0.0008767700055614114, 0.009441346861422062, -0.0033905201125890017, 0.01766224391758442, -0.017675956711173058, 0.01078521367162466, -0.014576836489140987, -0.0014869950246065855, -0.00037496272125281394, 0.022420627996325493, -0.035818155854940414, -0.0071718585677444935, 0.015207631513476372, -0.02040482871234417, 0.028358323499560356, -0.0041584437713027, 0.02110418863594532, 0.016126397997140884, -0.003534505842253566, 0.03162200003862381, -0.027960648760199547, -0.010723505169153214, 0.012615889310836792, -0.02093963325023651, 0.024354150518774986, 0.001599269569851458, -0.005471456330269575, 0.0013430094113573432, 0.0008861976093612611, -0.03014100342988968, -0.0006123677012510598, -0.0039664627984166145, 0.01471396628767252, -0.0021409301552921534, 0.015564166940748692, -0.014741391874849796, -0.03310299664735794, -0.0007794939447194338, 0.004480697680264711, 0.01067551039159298, -0.0029911312740296125, -0.015276195481419563, -0.008700849488377571, -0.004309285897761583, 0.016455506905913353, -0.022886868566274643, -0.0241621695458889, -0.02440900169312954, 0.0025677448138594627, -0.013726635836064816, 0.042729467153549194, 0.01349351555109024, -0.01757996715605259, 0.008460873737931252, -0.0037196301855146885, -0.002677448093891144, -0.01392547320574522, -0.018389029428362846, -0.025080936029553413, 0.005180056672543287, 0.0447041280567646, 0.021515576168894768, 0.01631837897002697, -0.00045466909068636596, 0.023051423951983452, 0.0019489491824060678, 0.008666567504405975, 0.015139066614210606, 0.014700253494083881, -0.010689223185181618, -0.023243404924869537, 0.01568758301436901, -0.01522134430706501, 0.003366522490978241, 0.02221493422985077, -0.012842152267694473, -0.017141154035925865, 0.01899239793419838, -0.036586079746484756, 0.012300491333007812, -0.02150186337530613, -0.047748398035764694, -0.02339424565434456, 0.004655537195503712, -0.02368221804499626, -0.0037024891935288906, -0.023353107273578644, 0.005258905701339245, 0.016194961965084076, -0.002850573742762208, 0.014021463692188263, -0.011601132340729237, -0.01079207006841898, 0.023956475779414177, 0.014110597781836987, -0.00702101644128561, -0.0027305856347084045, -0.03211566433310509, -0.006832463666796684, -0.01062751468271017, -0.011018333025276661, 0.03230764716863632, 0.0029842748772352934, 0.01733313500881195, 0.0026294528506696224, 0.004617826547473669, -0.025012370198965073, 0.02283201552927494, -0.01118288841098547, 0.01742912456393242, 0.00713757611811161, -0.012855865061283112, -0.0018700998043641448, -0.01208794116973877, -0.016181249171495438, -0.00960590224713087, 0.015961842611432076, 0.02502608485519886, -0.0023209122009575367, 0.0177445225417614, -0.01711372844874859, -0.012855865061283112, -0.02722015231847763, -0.025999700650572777, 0.024587269872426987, 0.0014912803890183568, 0.038807570934295654, 0.0291811004281044, 0.005553733557462692, -0.022859442979097366, 0.011546281166374683, 0.02196810208261013, 0.01377463061362505, 0.029290802776813507, 0.0164006557315588, -0.016373230144381523, -0.01703144982457161, -0.007884930819272995, 0.01701773703098297, -0.02307884953916073, -0.02447756752371788, 0.009407064877450466, -0.007260992657393217, -0.018320465460419655, -0.007494112476706505, 0.01298613753169775, -0.036832910031080246, 0.0019746609032154083, -0.012067371979355812, 0.007596959359943867, -0.04755641520023346, 0.0016438366146758199, -0.02509464882314205, -0.0007799224695190787, -0.005899984855204821, 0.048763152211904526, 0.02173498272895813, 0.014755104668438435, -0.007610672153532505, -0.007302131503820419, -0.007336413487792015, 0.0008990534697659314, 0.0025248918682336807, 0.013952898792922497, -0.019129527732729912, 0.022502906620502472, -0.010421820916235447, 0.03296586498618126, -0.005176628474146128, -0.01947234943509102, 0.017291994765400887, 0.03277388587594032, -0.0016772618982940912, -0.015509315766394138, 0.012273065745830536, 0.011607988737523556, -0.009180801920592785, 0.008172902278602123, -0.03148487210273743, -0.0315122976899147, -0.014220301061868668, -0.00898196455091238, 0.009551051072776318, 0.036668356508016586, 0.022091519087553024, -0.02274973876774311, -0.013274108991026878, -0.0070347292348742485, -0.01522134430706501, 0.009893873706459999, -0.021638991311192513, -0.0026860188227146864, 0.0001681975700194016, -0.01173140574246645, -0.02989417128264904, 0.02228350006043911, 0.00579028157517314, 0.0018700998043641448, 0.02039111591875553, 0.021090475842356682, -0.016674913465976715, 0.008639140985906124, -0.008364883251488209, -0.009564763866364956, -0.012951855547726154, -0.009304217994213104, -0.0013490087585523725, -0.003750484436750412, 0.009962438605725765, -0.010085854679346085, -0.03178655356168747, -0.005145774222910404, 0.014035176485776901, 0.006990162190049887, -0.0182107612490654, 0.003263675607740879, 0.030716946348547935, 0.0008870547171682119, 0.015385899692773819, -0.013815769925713539, -0.021323595196008682, 0.019348934292793274, -0.023339394479990005, -0.006205097772181034, -0.028742285445332527, -0.016962885856628418, -0.021364733576774597, -0.01993859000504017, 0.014000894501805305, -0.021748695522546768, -0.021515576168894768, -0.02871485985815525, 0.006345654837787151, 0.015262482687830925, -0.027370993047952652, 0.015358473174273968, -0.034803397953510284, -0.014645401388406754, -0.01773080974817276, 0.04198896884918213, -0.0010164703708142042, -0.03184140846133232, -0.00018769562302622944, 0.021611565724015236, 0.008563720621168613, 0.013082128018140793, 0.00035417909384705126, -0.020062005147337914, -0.02221493422985077, -0.033459533005952835, -0.019102102145552635, 0.004744671285152435, 0.01648293249309063, 0.03609241172671318, 0.013939185999333858, -0.007980921305716038, -0.0072815618477761745, -0.025327768176794052, -0.024751825258135796, -0.02093963325023651, -0.004460128024220467, 0.0013095841277390718, 0.05507109686732292, 0.007260992657393217, 0.009461916983127594, 0.015948129817843437, 0.01302727684378624, 0.02580772154033184, -0.05353524908423424, -0.018772991374135017, 0.015015650540590286, -0.010072141885757446, 0.0218858253210783, 0.0019129527499899268, -0.03351438418030739, 0.012012519873678684, 0.006945595145225525, -0.017538828775286674, 0.03568102419376373, 0.006270234007388353, -0.0026071693282574415, -0.02117275260388851, -0.00012063086614944041, -0.024984944611787796, -0.0257391557097435, -0.007542107719928026, 0.03329497575759888, -0.01507050171494484, -0.015166492201387882, -0.0005223766784183681, 0.012266209349036217, -0.014371142722666264, -0.009784170426428318, 0.00578342517837882, -0.025135787203907967, 0.018471306189894676, 0.0003258961660321802, -0.00023461953969672322, -0.02486152946949005, -0.02713787369430065, 0.0009547622175887227, -0.0036236399319022894, 0.020816216245293617, 0.05476941168308258, -0.012663884088397026, 0.00029054254991933703, -0.0015461320290341973, 0.030634669587016106, -0.026507079601287842, 0.0005373751628212631, -0.002464897930622101, -0.007288418244570494, -0.009989864192903042, -0.0255060363560915, 0.028522878885269165, -0.028358323499560356, -0.006013116799294949, 0.004501266870647669, -0.017319422215223312, -0.017278281971812248, 0.0042921449057757854, -0.0020466537680476904, -0.03304814547300339, -0.03321269899606705, 0.025670591741800308, 0.0016318378038704395, 0.007823222316801548, -0.007017588242888451, -0.009359070099890232, -0.01694917306303978, -0.01671605370938778, 0.011313160881400108, -0.005803994368761778, -0.026081979274749756, 0.02565687894821167, 0.014905947260558605, 0.015509315766394138, -0.008735131472349167, 0.19790489971637726, -0.005773140583187342, 0.016894320026040077, 0.0006676479242742062, -0.0323350727558136, 0.016825756058096886, 0.005591444205492735, -0.008536294102668762, -0.009455060586333275, 0.01576986163854599, -0.031100908294320107, 0.02181725949048996, -0.002706588013097644, -0.005985690746456385, -0.0011724549112841487, -0.019266655668616295, -0.035269636660814285, -0.03115576133131981, -0.04042569547891617, -0.030716946348547935, 0.0034762260038405657, -0.01819704845547676, -0.016606349498033524, -0.027713816612958908, 0.021776121109724045, -0.010298404842615128, 0.014288865961134434, 0.0012221642537042499, 0.025931136682629585, 0.008693993091583252, -0.02307884953916073, -0.001978089101612568, 0.003829333698377013, -0.008207184262573719, -0.012430764734745026, -0.02268117479979992, 0.038889847695827484, -0.007713519036769867, 0.01656521111726761, 0.017045162618160248, -0.014508272521197796, -0.0337337888777256, 0.004011029843240976, -0.0007242137216962874, -0.00521776732057333, 0.009077955037355423, 0.004953793250024319, -0.013452377170324326, -0.01393232960253954, 0.02582143433392048, -0.030716946348547935, -0.031100908294320107, 0.03760083392262459, 0.002406617859378457, 0.010853778570890427, -0.010709792375564575, 0.047748398035764694, -0.009585333056747913, -0.011834252625703812, 0.016044119372963905, -0.003633924527093768, 0.014700253494083881, -0.0006826464086771011, -0.012266209349036217, 0.024847816675901413, 0.003918467555195093, -0.021789833903312683, -0.008885974064469337, 0.03313042223453522, -0.029674764722585678, -0.005228051915764809, -0.01389119029045105, 0.004340140148997307, 0.007117006927728653, -0.0063867936842143536, -0.02580772154033184, 0.026699060574173927, 0.010641228407621384, 0.005714860744774342, 0.02722015231847763, -0.02794693596661091, -0.020500820130109787, 0.01670233905315399, -0.021913250908255577, -0.0184438806027174, -0.020185422152280807, 0.0041584437713027, 0.004209867212921381, -0.021762408316135406, -0.018155910074710846, 0.007439260371029377, 0.006722760386765003, -0.003075122833251953, -0.02981189452111721, -0.006499925162643194, 0.00010718577686930075, -0.0015598449390381575, 0.0291811004281044, -0.022955432534217834, 0.009715605527162552, -0.028824564069509506, 0.016455506905913353, 0.03162200003862381, 0.004641824401915073, -0.01891012117266655, 0.007528394460678101, 0.004991503898054361, 0.010264122858643532, 0.01638694293797016, -0.022873155772686005, -0.009900730103254318, 0.0030408406164497137, 0.002770010381937027, -0.0067124757915735245, 0.009976151399314404, 0.0011201744200661778, 0.0024751825258135796, -0.03414517641067505, -0.0008776270551607013, -0.029866745695471764, 0.03269160911440849, -0.04251005873084068, -0.030497539788484573, 0.02667163498699665, 0.007651810999959707, -0.012890147045254707, -0.02956506237387657, -0.0089888209477067, -0.00210836180485785, -0.04009658470749855, 0.0063010877929627895, -0.0008304888615384698, -0.011032046750187874, -0.02833089791238308, -0.016770904883742332, 0.0038121924735605717, 0.012307347729802132, -0.043579667806625366, 0.00883112195879221, -0.003867044113576412, 0.015111641027033329, -0.012286778539419174, 0.0048612309619784355, -0.009091667830944061, -0.01561901904642582, -0.027878371998667717, 0.011128037236630917, -0.011052615940570831, -0.010490385815501213, -0.0007833507261238992, -0.014110597781836987, 0.007500968873500824, 0.028276046738028526, -0.004165300168097019, 0.02120017819106579, -0.015235057100653648, 0.0017929646419361234, -0.05578416958451271, -0.018265612423419952, 0.02266746200621128, -0.03230764716863632, 0.005858846474438906, 0.012979281134903431, 0.002521463669836521, -0.037628259509801865, 0.0011664554476737976, -0.17464777827262878, 0.01353465486317873, 0.022105231881141663, -0.017758235335350037, 0.01805991865694523, 0.021515576168894768, 0.029482783749699593, 0.0025917424354702234, 1.4074494174565189e-05, -0.021131614223122597, 0.0020397973712533712, -0.03090892732143402, -0.041550155729055405, 0.007720375433564186, -0.010072141885757446, 0.027275003492832184, 0.0276041142642498, 0.009983007796108723, 0.0492568202316761, 0.015043076127767563, 0.014933372847735882, -0.019129527732729912, 0.0005759427440352738, -0.013520942069590092, -0.017045162618160248, 0.012190788052976131, 0.008563720621168613, -0.017154866829514503, 0.006150245666503906, -0.008577433414757252, -0.004682963248342276, -0.00012459476420190185, -0.0007666380843147635, 0.010078998282551765, 0.017470262944698334, 0.00033596661523915827, 0.02534148097038269, -0.00973617471754551, -0.014521985314786434, 0.010216127149760723, 0.009434490464627743, 0.016044119372963905, -0.028906840831041336, -0.004713817033916712, 0.013589506037533283, 0.024738112464547157, 0.012375912629067898, 0.015139066614210606, 0.01766224391758442, -0.00847458653151989, 0.031210612505674362, -0.053782083094120026, 0.003795051481574774, 0.016606349498033524, 0.012622745707631111, 0.017593679949641228, -0.02165270410478115, 0.018951259553432465, -0.01471396628767252, -0.02205038070678711, -0.008104337379336357, -0.02386048622429371, 0.007110150530934334, 0.0038053360767662525, -0.020144283771514893, 0.004182441625744104, -0.014467133209109306, -0.0075558205135166645, -0.059349529445171356, -0.0039938888512551785, -0.02243434078991413, 0.006547920405864716, 0.014809956774115562, 0.002790579805150628, -0.008700849488377571, -0.022694887593388557, -0.035571321845054626, 0.019198091700673103, 0.01003785990178585, 0.007178714964538813, -0.0034368012566119432, 0.04001430794596672, -0.012053659185767174, 0.039273809641599655, -0.027110448107123375, 0.010593232698738575, 0.034172601997852325, 0.004179013427346945, 0.005409747827798128, -0.0008604858885519207, 0.014110597781836987, -0.02542375959455967, -0.030250707641243935, -0.014035176485776901, -0.008645997382700443, 0.011169175617396832, 0.01365807093679905, 0.008090624585747719, 0.013459233567118645, -0.01915695331990719, 0.010716648772358894, -0.0033562378957867622, -0.014741391874849796, 0.014357429929077625, 0.028577731922268867, 0.03137516602873802, -0.005378894042223692, -0.008700849488377571, 0.055263079702854156, 0.004093307536095381, -0.01117603201419115, 0.020994484424591064, -0.0013935758033767343, 0.039986882358789444, 0.00885854847729206, 0.03304814547300339, -0.010771500878036022, -0.017593679949641228, 0.0184438806027174, -0.019554628059267998, 0.02887941524386406, -0.0017758235335350037, -0.01235534343868494, 0.019019823521375656, 0.010970338247716427, 0.02048710733652115, -0.07887673377990723, -0.052054256200790405, 0.01290386077016592, 0.015509315766394138, -0.02981189452111721, -0.006013116799294949, -0.009413921274244785, 0.041632432490587234, -0.016359517350792885, 0.01766224391758442, -0.03787509351968765, -0.029949022457003593, 0.01522134430706501, -0.001540132681839168, 0.006760471034795046, 0.03340467810630798, -0.014412282034754753, -0.0017466834979131818, -0.0036407809238880873, 0.02620539627969265, -0.01897868514060974, -0.025794006884098053, -0.010888060554862022, 0.004460128024220467, -0.012670740485191345, -0.01145029067993164, -0.03036041185259819, -0.004120733123272657, 0.028742285445332527, -0.010860634967684746, 0.003104262985289097, -0.02753554843366146, 0.032444775104522705, 0.021145327016711235, -0.026657922193408012, 0.0005313757574185729, -0.029839320108294487, 0.03532448783516884, 0.012458190321922302, -0.03798479586839676, 0.0005206625210121274, 0.009167089127004147, 0.011532568372786045, 0.005015501286834478, 0.006750186439603567, 0.0017946787411347032, -0.001600126619450748, 0.012231927365064621, 0.013363243080675602, -0.010819495655596256, -0.02095334604382515, 0.017991354689002037, -0.015906989574432373, -0.01937635987997055, 0.02299657091498375, -0.006331942044198513, 0.02274973876774311, 0.013013564050197601, 0.003891041735187173, 0.011491429060697556, 0.012170218862593174, -0.008035772480070591, -0.015742436051368713, 0.0076929498463869095, 0.027754954993724823, 0.006290803197771311, -0.024271873757243156, -0.0148236695677042, -0.00244090030901134, -0.00859800260514021, -0.015331047587096691, 0.0148236695677042, -0.026328811421990395, 0.0007147861178964376, -0.004511551465839148, 0.01388433389365673, 0.001019041519612074, -0.021008197218179703, 0.009935012087225914, -0.007110150530934334, -0.002427187282592058, -0.008748844265937805, -0.009317930787801743, 0.024518705904483795, 0.010963481850922108, 0.00796035211533308, 0.014302578754723072, 0.013047846034169197, 0.01970547065138817, -0.022393202409148216, 0.0053308987990021706, 0.002355194417759776, -0.004782381933182478, -0.029126247391104698, 0.0008587717893533409, -0.0022643464617431164, -0.011607988737523556, 0.012506185099482536, 0.001141600776463747, -0.03795737028121948, -0.01575614884495735, -0.00461097015067935, -0.06488955020904541, 0.02871485985815525, -0.009962438605725765, -0.01897868514060974, 0.0035962138790637255, -0.023997614160180092, -0.015893276780843735, 0.00023440527729690075, 0.0010481815552338958, 0.02517692558467388, -0.014905947260558605, 0.0015375614166259766, -0.03611983731389046, -0.01220450084656477, -0.012609032914042473, -0.007994634099304676, 0.009832165203988552, -0.02236577682197094, 0.004398419987410307, -0.002915710210800171, 0.0025111790746450424, -0.008536294102668762, -0.0035653598606586456, 0.004288716707378626, -0.01055895071476698, 0.0092219403013587, 0.011477716267108917, 0.00976360123604536, -0.011937099508941174, -0.02525920420885086, 0.026411090046167374, -0.03886242210865021, 0.018238186836242676, 0.016290951520204544, -0.0019369503716006875, -0.02613683044910431, -0.005831420421600342, 0.021090475842356682, 0.02361365221440792, 0.007816365920007229, -0.01263645850121975, -0.030991205945611, 0.013054702430963516, 0.0005438030930235982, -0.023805633187294006, -0.012506185099482536, -0.013287821784615517, 0.015989268198609352, 0.0184438806027174, -0.01805991865694523, 0.03718944638967514, 0.019129527732729912, -0.023599939420819283, 0.012944999150931835, -0.029702190309762955, -0.022393202409148216, 0.00735698314383626, 0.02972961589694023, 0.004117304924875498, -0.001832389272749424, 0.049942463636398315, 0.008563720621168613, 0.00019605194393079728, -0.012074228376150131, 0.023750782012939453, -0.01960947923362255, -0.01648293249309063, 0.0259722750633955, 0.018101058900356293, -0.0019009539391845465, -0.013952898792922497, -0.014645401388406754, 0.02313370071351528, 0.009290505200624466, 0.004816663917154074, 0.018786704167723656, -0.021762408316135406, 0.0019489491824060678, 0.0020535101648420095, 0.023339394479990005, 0.016757192090153694, 0.007185571361333132, -0.014069458469748497, -0.0025763153098523617, 0.024614695459604263, 0.04056282714009285, -0.009132806211709976, 0.010387538932263851, 0.018142197281122208, 0.004754955880343914, -0.05029899999499321, 0.01891012117266655, -0.009619615040719509, 0.011237740516662598, 0.006527351215481758, -0.012855865061283112, -0.013198687694966793, -0.008090624585747719, 0.016222387552261353, 0.02181725949048996, 0.020528245717287064, -0.0014587121549993753, -0.002451184904202819, -0.00539260683581233, -0.030744371935725212, 0.00409673573449254, -0.03329497575759888, -0.0030151288956403732, 0.02394276298582554, 0.002038083039224148, -0.0004730958316940814, 0.008810552768409252, -0.024998657405376434, 0.0315122976899147, -0.004775525536388159, -0.01583842560648918, 0.020843641832470894, -0.024134743958711624, -0.011477716267108917, 0.0053308987990021706, 0.0164006557315588, -0.0054337456822395325, 0.04667878895998001, -0.036531224846839905, 0.026219109073281288, -0.003119689878076315, -0.0020603665616363287, -0.0020089431200176477, 0.006530779413878918, -0.012807870283722878, 0.019966015592217445, 0.0006235094624571502, -0.011484572663903236, 0.0001759110891725868, -0.005399463232606649, -0.009064242243766785, -0.009955582208931446, 0.003664778545498848, 0.02879713848233223, 0.06686421483755112, 0.0034762260038405657, -0.017291994765400887, -0.019047249108552933, -0.002334624994546175, 0.02070651389658451, 0.018293039873242378, -0.006023401394486427, -0.006256521213799715, -0.027014458552002907, 0.04212610051035881, -0.014631688594818115, 0.0058691310696303844, -0.025286629796028137, -0.00976360123604536, -0.006431360729038715, 0.008502012118697166, 0.0052726189605891705, 0.004988075699657202, -0.0007503539673052728, 0.004672678653150797, 0.018964972347021103, 0.025999700650572777, 0.009756744839251041, -0.005992547143250704, 0.012958711944520473, 0.00933164358139038, -0.004370993934571743, -0.009194514714181423, -0.036064986139535904, 0.008495155721902847, -0.015660157427191734, -0.03787509351968765, -0.006187956314533949, -0.0063525112345814705, -0.0032379638869315386, -0.016208674758672714, 0.020679088309407234, 0.018005067482590675, 0.003911611158400774, -0.004501266870647669, -0.003973319195210934, -0.01921180449426174, -0.012615889310836792, 0.001678975997492671, 0.008454016409814358, 0.015509315766394138, -0.01930779591202736, -0.016524072736501694]","[0.005230884533375502, -0.0027431845664978027, -0.005800812039524317, -0.01756948232650757, -0.03270203620195389, 0.006937391124665737, -0.038964685052633286, -0.024094168096780777, -0.028797706589102745, -0.024919580668210983, 0.02212890237569809, 0.008162407204508781, 0.010114572010934353, -0.029190760105848312, -0.00750076724216342, 0.00015855197852943093, 0.012387730181217194, -0.01230256911367178, 0.04580381140112877, -0.028719095513224602, -0.0010334026301279664, 0.020661503076553345, -0.01874864287674427, -0.008182059973478317, -0.027199288830161095, 0.02668832056224346, 0.002477873582392931, -0.025823602452874184, -0.0017065064748749137, -0.026937253773212433, 0.024225186556577682, -0.008974716998636723, -0.031549081206321716, -0.023085331544280052, -0.0033016479574143887, -0.01546009723097086, -0.009996656328439713, 2.9376640668488108e-05, 0.019285816699266434, 0.0075204200111329556, 0.0061185299418866634, 0.026963457465171814, -0.006491930689662695, -0.021500015631318092, -0.0037798627745360136, 0.017687398940324783, 0.020700808614492416, -0.02803780324757099, 0.004805076867341995, 0.0244086105376482, -0.003989491146057844, 0.031549081206321716, -0.03498174622654915, -0.03299027308821678, 0.006586918607354164, 0.011385444551706314, -0.0036455695517361164, 0.005761506501585245, 0.012544951401650906, 0.01207328774034977, 0.03322610631585121, -0.008981267921626568, -0.0005633764085359871, -0.0037471081595867872, -0.006134907249361277, 0.020150532945990562, -0.01899757608771324, -0.0005732027348130941, 0.012865944765508175, -0.007874168455600739, 0.025351939722895622, 0.01965266652405262, -0.00387157523073256, 0.0013445698423311114, 0.027670953422784805, 0.0029986691661179066, 0.005699273198843002, 0.0007762802997604012, -0.008116550743579865, -0.004408747889101505, 0.011654030531644821, -0.031549081206321716, -0.04037967696785927, 0.017215734347701073, 0.005738578271120787, 0.036003682762384415, 0.004474257118999958, 0.012558053247630596, -0.0021503290627151728, -0.0315752811729908, -0.007559725549072027, 0.016364119946956635, 0.00564686581492424, 0.00739595340564847, -0.014962229877710342, 0.0006354362121783197, -0.0009269507136195898, 0.03005547635257244, -0.021342795342206955, 0.02146071009337902, -0.004959022626280785, 0.015224264934659004, -0.037156641483306885, -0.012112593278288841, 0.0012577705783769488, -0.009459483437240124, -0.0005797536578029394, -0.022168206050992012, 0.010239038616418839, -0.03406462073326111, -0.0093546686694026, -0.0028217951767146587, 0.0006190589629113674, -0.01141819916665554, 0.013350711204111576, -0.008640621788799763, -0.012630113400518894, 0.00558790797367692, -0.020674604922533035, -0.00894196331501007, 0.007323893252760172, 0.019154798239469528, 0.054503392428159714, -0.006983247119933367, 0.013625848107039928, 0.018421098589897156, -0.007002899888902903, -0.01758258417248726, -0.03686840087175369, -0.01894517056643963, 0.04860759153962135, 0.025417447090148926, -0.006452625151723623, -0.0003838411357719451, -0.008037940599024296, 0.0010432290146127343, -0.02688484638929367, 0.01826387643814087, -0.01275458000600338, -0.019036881625652313, -0.004202395211905241, 0.0016369032673537731, 0.009466034360229969, 0.01624620333313942, 0.0036357431672513485, 0.019678870216012, 0.0015918659046292305, 0.00324924080632627, -0.010769660584628582, -0.017779111862182617, -0.02126418426632881, 0.009845985099673271, 0.009544644504785538, 0.0024320173542946577, -0.006203691475093365, -0.013927188701927662, -0.008987818844616413, 0.011241325177252293, 0.03485072776675224, 0.0074418094009160995, 0.015368384309113026, 0.029478998854756355, -0.003026510588824749, -0.02819502353668213, 0.03283305466175079, 0.02527332864701748, 0.019967108964920044, 0.007671090308576822, -0.03416943550109863, -0.0039862156845629215, -0.003070729086175561, 0.04590862616896629, -0.04022245481610298, 0.019809886813163757, -0.03002927266061306, 0.014569176360964775, 0.01285939384251833, 0.0169668011367321, -0.024539628997445107, 0.023294959217309952, -0.020478077232837677, 0.010586235672235489, 0.002472960390150547, 0.023845234885811806, -0.0008393325842916965, -0.01049452368170023, -0.010763109661638737, 0.03052714094519615, -0.004939369857311249, 0.004454604350030422, 0.019364425912499428, 0.01375686563551426, -0.0026416457258164883, 0.0052407109178602695, -0.625111997127533, -0.018355589359998703, 0.021814458072185516, -0.01920720562338829, -0.00019028283713851124, 0.009518440812826157, 0.0012790609616786242, 0.0041532632894814014, -0.03181111440062523, 0.04006523638963699, -0.014372649602591991, 0.023779725655913353, 0.0009515165584161878, -0.017268141731619835, -0.0018932068487629294, 0.003105121199041605, 0.00856856256723404, -0.0036455695517361164, 0.0012176464078947902, 0.009197447448968887, 0.002260056557133794, 0.03278064727783203, -0.008797843009233475, 0.006452625151723623, 0.015342180617153645, -0.002813606755807996, 0.012957657687366009, 0.00344576733186841, -0.01252529863268137, 0.010304547846317291, -0.014032003469765186, 0.020386366173624992, -0.0031264114659279585, 0.021578626707196236, 0.0365801602602005, -0.0008851888123899698, -0.016560645774006844, 0.004929543472826481, -0.01187021005898714, 0.03956736624240875, -0.011817802675068378, 0.024919580668210983, 0.03382878750562668, -0.020897334441542625, -0.004323586355894804, -2.689446773729287e-05, 0.04022245481610298, -0.014477463439106941, -7.815005665179342e-05, -0.012381179258227348, -0.006721211597323418, -0.010127673856914043, 0.007251833565533161, 0.026321470737457275, 0.016757173463702202, -0.0343528613448143, 0.02034706063568592, 0.012250161729753017, -0.020910436287522316, -0.010337302461266518, -0.018696235492825508, -0.0024745981208980083, -0.013337609358131886, -0.013055920600891113, 0.007736599538475275, 0.01231567095965147, -0.01266286801546812, 0.020150532945990562, -0.010075266472995281, -0.00790692213922739, 0.0034686955623328686, 0.020006414502859116, 0.005070387851446867, 0.02261366695165634, 0.016115186735987663, 0.027277899906039238, 0.05080869048833847, -0.03427425026893616, 0.01003596093505621, 0.019678870216012, -0.004955747164785862, -0.02080562151968479, -0.0383882075548172, -0.01253840047866106, 0.01602347381412983, 0.008732334710657597, -0.012918352149426937, -0.006531235761940479, 0.03479832038283348, -0.010448667220771313, 0.002548295771703124, 0.010658295825123787, -0.004955747164785862, -0.018237674608826637, -0.0012020880822092295, 0.01082861889153719, 0.0037733118515461683, 0.03791654482483864, 0.018106656149029732, -0.010075266472995281, -0.030893990769982338, -0.016442731022834778, 0.027435122057795525, 0.0061185299418866634, -0.007428707554936409, 0.02480166405439377, 0.00558790797367692, 0.008896106854081154, -0.0005564161110669374, -0.004975399933755398, 0.02845706045627594, -0.022954313084483147, -0.016560645774006844, -0.021840661764144897, 0.0034097374882549047, -0.035584427416324615, 0.04273799806833267, 0.0013470264384523034, 0.025220921263098717, -0.013521034270524979, -0.009158141911029816, -0.004071377217769623, 0.020438771694898605, -0.015342180617153645, 0.009832884185016155, -0.027592342346906662, 0.007323893252760172, 0.020831825211644173, -0.027461325749754906, -0.015944862738251686, 0.003521102713420987, 0.012544951401650906, 0.013245896436274052, -0.009466034360229969, -0.0011676958529278636, -0.022679176181554794, -0.009203998371958733, -0.007546623703092337, 0.0010997303761541843, -0.01804114691913128, -0.007946227677166462, -0.0051621003076434135, 0.0036914257798343897, -0.0013543962268158793, -0.015866251662373543, -0.02616424858570099, -0.012564604170620441, 0.010337302461266518, -0.022194409742951393, 0.0241989828646183, 0.015355282463133335, -0.022692278027534485, 0.004782148636877537, 0.01897137425839901, -0.012145347893238068, -0.018643828108906746, -0.02237783558666706, 0.009616704657673836, -0.022010985761880875, 0.009269507601857185, 0.024015557020902634, 0.02170964516699314, 0.020884232595562935, -0.010258691385388374, 0.0020471527241170406, -0.03663256764411926, -0.0025859633460640907, -0.007756252307444811, -0.014582278206944466, -0.020622197538614273, -0.02324255183339119, 0.002962639322504401, 0.015093247406184673, -0.018578320741653442, -0.008869903162121773, 0.023111535236239433, -0.03503415361046791, 0.0003944863274227828, 0.03068436123430729, -0.005905625876039267, -0.002093008952215314, 0.021578626707196236, -0.022181307896971703, 0.004048448987305164, 0.025692585855722427, 0.01298386137932539, 0.002482786774635315, 0.015748336911201477, 0.007251833565533161, -0.002772663487121463, -0.012531849555671215, 0.028116414323449135, -0.006279026623815298, -0.0031755431555211544, -0.010232487693428993, 0.012898699380457401, 0.0006771981134079397, 0.03448387607932091, 0.0009809955954551697, 0.029190760105848312, 0.004821454174816608, 0.009662561118602753, 0.02730410359799862, -0.048633795231580734, -0.011431301012635231, -0.017268141731619835, 0.0015599303878843784, -0.016337916254997253, 0.004136885982006788, 0.007323893252760172, -0.016757173463702202, -0.017556380480527878, -0.014529870823025703, -0.010808966122567654, 0.00970186572521925, 0.008909208700060844, -0.018801050260663033, -0.00529966875910759, -0.0051621003076434135, -0.011889862827956676, 0.009164692834019661, -0.020386366173624992, 0.03456248715519905, 0.022312326356768608, 0.0014870517188683152, -0.0017163328593596816, -0.004818178713321686, -0.01628550887107849, -0.0018473506206646562, -0.036947011947631836, -0.012145347893238068, -0.01785772293806076, -0.002636732766404748, 0.001717970473691821, -0.005827015265822411, 0.03747108206152916, 0.04766426607966423, -0.02347838506102562, 0.011948821134865284, -0.025365039706230164, 0.01673096977174282, 0.03209935501217842, 0.008064144290983677, 0.001306083402596414, -0.008503053337335587, 0.024578934535384178, 0.0379689484834671, -0.0002133133093593642, -0.007278037257492542, 0.00993114709854126, 0.01718953251838684, 0.010442116297781467, -0.019089289009571075, -0.0005736121674999595, 0.02172274701297283, -0.008417892269790173, -0.00228462228551507, 0.02981964498758316, 0.01422853022813797, 0.009708416648209095, 0.008313077501952648, -0.009236752986907959, -0.007749701384454966, 0.0007558087818324566, 0.032361388206481934, 0.017910128459334373, -0.019364425912499428, 0.01038315799087286, -0.011313384398818016, 0.00938087236136198, -0.024028658866882324, -0.015525605529546738, -0.029924459755420685, -0.00586304534226656, 0.015984168276190758, -0.004487358499318361, 0.004975399933755398, 0.02911214902997017, 0.03867644444108009, -0.01990159973502159, -0.03215176239609718, -0.019102390855550766, 0.006403493694961071, 0.022692278027534485, -0.008267221041023731, -0.000313009659294039, -0.010343853384256363, 0.020595993846654892, 0.020229144021868706, 0.0008241836912930012, 0.011228223331272602, 0.011712988838553429, 0.00847029872238636, -0.014621583744883537, -0.006904636509716511, 0.01039625983685255, 0.011208570562303066, -0.0031231362372636795, -0.02706827223300934, 0.0025892388075590134, 0.003475246485322714, 0.003293459303677082, -0.020425669848918915, 0.0014796819305047393, 0.01785772293806076, -0.0019619911909103394, -0.008024838753044605, -0.006767068058252335, 0.018132859840989113, 0.0034097374882549047, -0.03553202003240585, -0.0014444709522649646, -0.03249240666627884, -0.008476849645376205, -0.02191927284002304, -0.005617387127131224, 0.0051260702311992645, -0.008142754435539246, 0.018814152106642723, 0.020595993846654892, 0.0003705346316564828, 0.009079531766474247, -0.007638336159288883, -0.01093343272805214, 0.023832133039832115, 0.003874850692227483, 0.01717643067240715, 0.02303292416036129, -0.004601999185979366, 0.0059514823369681835, -0.022076494991779327, -0.010297996923327446, 0.02571878768503666, -0.01378306932747364, -0.022535055875778198, 0.01061243936419487, 0.022233715280890465, -0.0024909754283726215, 0.004392370581626892, 0.01853901520371437, 0.0014510218752548099, -0.007212528493255377, 0.014582278206944466, -0.019547851756215096, -0.024998191744089127, 0.007867617532610893, 0.028850113973021507, 0.015433893539011478, -0.018237674608826637, 0.0013077211333438754, -0.001693404745310545, 0.005342249758541584, 0.009407076053321362, -0.006721211597323418, -0.014608481898903847, 0.022299224510788918, 0.034667301923036575, 0.013370363973081112, -0.03092019446194172, 0.044362615793943405, -0.012466341257095337, 0.011031696572899818, 0.036711178719997406, -0.01805424876511097, 0.0058368416503071785, 0.02575809322297573, 0.007697294000536203, 0.010455218143761158, -0.0004079975187778473, 0.004824729636311531, -0.005401207599788904, 0.035322390496730804, 0.0005252994014881551, 0.018001841381192207, -0.008378586731851101, -0.01738605834543705, -0.022050291299819946, -0.006148009095340967, 0.021591728553175926, 0.010271793231368065, -0.0038519224617630243, 0.015355282463133335, -0.008732334710657597, -0.010435565374791622, 0.006495206151157618, -0.011804700829088688, -0.014713295735418797, 0.022273020818829536, 0.002147053834050894, -0.04635408893227577, -0.018250776454806328, -0.024277593940496445, -0.029243167489767075, -0.0012389367911964655, -0.004818178713321686, 0.009112286381423473, -0.01829008013010025, 0.009302262216806412, 0.03144426643848419, 0.014136817306280136, 0.02459203638136387, -0.004202395211905241, 0.0032164861913770437, 0.007402504328638315, -0.026937253773212433, -0.033986009657382965, -0.012898699380457401, -0.010186632163822651, 0.02395004779100418, 0.009014022536575794, -0.006092326249927282, -0.004448053427040577, -0.018656929954886436, 0.009996656328439713, 0.03794274851679802, 0.006524684838950634, 0.010658295825123787, -0.018237674608826637, 0.03188972547650337, 0.00013746629701927304, 0.014556074514985085, 0.01760878786444664, 0.017307447269558907, -0.013285201974213123, 0.02282329648733139, -0.005463440902531147, -0.003999317530542612, -0.03073676861822605, -0.00868647824972868, 0.013874782249331474, -0.01559111475944519, 0.02415967732667923, -0.015879353508353233, -0.006806373130530119, -0.013258998282253742, -0.01962646283209324, 0.00013541914813686162, -0.003737282007932663, 0.0035276534035801888, -0.0046609570272266865, 0.0038617488462477922, 0.0200981255620718, -0.019993312656879425, -0.03225657716393471, -0.010867924429476261, -0.028326041996479034, 0.01649513654410839, -0.004959022626280785, 0.013003514148294926, 0.011116857640445232, 0.0008770002168603241, -0.020150532945990562, 0.014844313263893127, 0.016154490411281586, 0.007684192154556513, 0.007926574908196926, 0.010782762430608273, 0.012020880356431007, -0.014647786505520344, -0.005211231764405966, -0.0017638267017900944, -0.026138044893741608, 0.0009785389993339777, 0.024552730843424797, 0.011562318541109562, 0.005941655952483416, -0.003124773968011141, -0.0424235537648201, -0.02214200422167778, -0.023832133039832115, -0.015866251662373543, 0.006138182710856199, 0.010481421835720539, 0.026360776275396347, -0.007913473062217236, 0.024919580668210983, -0.006970145273953676, -0.010579684749245644, -0.010324200615286827, -0.037366267293691635, -0.021054556593298912, -0.0037798627745360136, 0.01690129190683365, 0.005381554830819368, 0.0027415468357503414, 0.020019516348838806, 0.03343573585152626, 0.008548909798264503, 0.007048755884170532, 0.0038486470002681017, 0.011424750089645386, -0.007638336159288883, -0.022273020818829536, 0.034903135150671005, 0.014058207161724567, 0.006721211597323418, 0.019076187163591385, -0.0017752908170223236, 0.006826025899499655, 0.03584646061062813, -0.012328771874308586, 0.011215121485292912, -0.013979596085846424, -0.03582025691866875, -0.01584004797041416, -0.005702548660337925, 0.008647172711789608, -0.0063903918489813805, -0.01559111475944519, -0.006046470254659653, -0.004366167355328798, 0.008476849645376205, 0.026570403948426247, 0.007618683390319347, -0.014005799777805805, -0.004516837652772665, -0.004248251207172871, -0.007369749713689089, -0.011012043803930283, -0.015237366780638695, 0.02167033962905407, 0.0023861611261963844, -0.017543280497193336, 0.005411033984273672, 0.0025548464618623257, -0.017792213708162308, -0.003979664761573076, 0.017241938039660454, -0.03618710860610008, -0.01559111475944519, -0.027644749730825424, -0.000692347064614296, 0.019338222220540047, -0.046878159046173096, -0.0010227574966847897, -0.029269369319081306, -0.023832133039832115, -0.01118891779333353, 0.00013234841753728688, 0.03451007977128029, 0.010789313353598118, 0.0030527140479534864, -0.021054556593298912, -0.04703538119792938, -0.015106349252164364, -0.01308867521584034, 0.045725204050540924, 0.004408747889101505, 0.024526527151465416, 0.009885290637612343, 0.0011906239669770002, -0.03139185905456543, -0.041689854115247726, 0.004873861093074083, 0.010180081240832806, 0.0006669623544439673, -0.013042818754911423, -0.011431301012635231, -0.01129373162984848, -0.01208638958632946, -0.013953392393887043, 0.0004462792712729424, -0.014254733920097351, 0.008155856281518936, -0.014084410853683949, -0.018604524433612823, -0.014765703119337559, 0.010691050440073013, -0.0329640731215477, -0.0024352928157895803, -0.0058368416503071785, 0.0048116277903318405, -0.006747415289282799, 0.012060185894370079, -0.039174314588308334, 0.03631812706589699, -0.02869289182126522, 0.013272100128233433, 0.007782455533742905, 0.017058514058589935, 0.023216350004076958, -0.013180388137698174, 0.03382878750562668, 0.010271793231368065, 0.009466034360229969, 0.020032618194818497, -0.033042680472135544, 0.0027611996047198772, 0.026583505794405937, 0.011424750089645386, -0.0014616670086979866, 0.004133610520511866, -0.03584646061062813, 0.027408918365836143, 0.010998941957950592, -0.009780476801097393, 0.028561873361468315, 0.01128062978386879, -0.006930840201675892, -0.0068980855867266655, -0.023832133039832115, -0.05602319911122322, 0.004785424098372459, -0.008758538402616978, 0.0057582310400903225, -0.00020277047588024288, -0.0008323722868226469, -0.015145654790103436, -0.006229895167052746, -0.01477880496531725, -0.029190760105848312, -0.02396314963698387, 0.021513117477297783, 0.0010948173003271222, -0.00792002398520708, 0.00633143400773406, -0.013966494239866734, 0.0029184208251535892, -0.0013011702103540301, -0.02845706045627594, 0.014765703119337559, 0.023412875831127167, -0.022063393145799637, 0.011437851004302502, -0.04334067925810814, 0.01149680931121111, -0.021303489804267883, 0.007068408653140068, 0.012623562477529049, -0.015329079702496529, 0.02260056510567665, -0.015735235065221786, -0.0078938202932477, -0.025889111682772636, 0.014700193889439106, 0.016809580847620964, -0.018145961686968803, -0.008837148547172546, 0.01783151924610138, 0.01945613883435726, 0.027146881446242332, -0.033566754311323166, -0.008634070865809917, 0.026780031621456146, -0.0365801602602005, 0.003005220089107752, 0.03411702811717987, -0.018591422587633133, -0.03346193954348564, -0.006943942047655582, -0.00904677715152502, 0.014582278206944466, -0.015643522143363953, -0.012001227587461472, -0.018329385668039322, -0.003227950306609273, 0.0024025384336709976, -0.017766010016202927, -0.029505202546715736, -0.005833566188812256, 0.0207925196737051, -0.021159369498491287, -0.002227302175015211, -0.009852536022663116, 0.0018768295412883162, -0.02104145474731922, -0.03744487836956978, 0.018683133646845818, -0.04252836853265762, -0.023805929347872734, -0.016128288581967354, -0.016599951311945915, -0.02054358646273613, 0.000637073942925781, 0.0021208501420915127, 0.03225657716393471, 0.02777576819062233, 0.03458869084715843, -0.028771502897143364, 0.008522706106305122, -0.021146267652511597, -0.027697157114744186, -0.01492292433977127, -0.013835476711392403, 0.020229144021868706, -0.008116550743579865, -0.014503667131066322, 0.030212698504328728, -0.015289774164557457, 0.015604216605424881, -0.02617735043168068, -0.016115186735987663, 0.011830904521048069, 0.017543280497193336, 0.032623425126075745, 0.029924459755420685, -0.012309120036661625, -0.0019914701115339994, 0.018932068720459938, -0.015774540603160858, 0.034876931458711624, 0.025692585855722427, -0.0005637858412228525, -0.004045173525810242, -0.014294038526713848, -0.00208809575997293, -0.002250230172649026, -0.017124023288488388, -0.024998191744089127, -0.05916762724518776, 0.00915159098803997, 0.03403841704130173, -0.006793271284550428, -0.01673096977174282, 0.002271520672366023, -0.0029020437505096197, -0.014529870823025703, -0.010081817395985126, -0.012119144201278687, 0.000323450134601444, -0.0046183764934539795, -0.027644749730825424, 0.005971135105937719, 0.0012364801950752735, -0.0075204200111329556, 0.031496673822402954, -0.012630113400518894, 0.030317513272166252, -0.028719095513224602, -0.007199426647275686, -0.011385444551706314, 0.024932682514190674, 0.02189306914806366, 0.01548630092293024, -0.013324507512152195, -0.007946227677166462, 0.014163020998239517, -0.010461769066751003, -0.012132246047258377, -0.02780197188258171, 0.0071797738783061504, -0.02435620315372944, 0.009393974207341671, 0.010920330882072449, -0.022259918972849846, 0.019678870216012, 0.031706299632787704, 0.013213141821324825, -0.02191927284002304, -0.005771332886070013, 0.008542358875274658, 0.01502773817628622, -0.0002520045090932399, -0.009387423284351826, -0.019036881625652313, -0.021120063960552216, 0.001296257134526968, -0.014267835766077042, -0.010225936770439148, -0.001678665168583393, 0.20438772439956665, -1.3258512581160176e-06, 0.005483093671500683, 0.043681323528289795, -0.02981964498758316, -0.00812310166656971, 0.017019208520650864, -0.013403117656707764, 0.007212528493255377, 0.01990159973502159, 0.007278037257492542, 0.024251390248537064, -0.02666211687028408, 0.011195468716323376, -0.031522877514362335, -0.009538093581795692, -0.040327269583940506, -0.01848660781979561, -0.009446381591260433, 0.044152989983558655, 0.013010065071284771, 0.0015959602314978838, -0.027670953422784805, -0.002852912060916424, 0.049105461686849594, -0.0071273669600486755, -0.005827015265822411, 0.029007334262132645, 0.013396566733717918, 0.0037602100055664778, -0.024932682514190674, -5.17673724971246e-05, 0.013730662874877453, 0.02843085676431656, -0.007304240949451923, -0.02102835290133953, 0.002577774692326784, -0.006315056700259447, 0.031522877514362335, 0.023439079523086548, -0.011542665772140026, -0.0036422940902411938, 0.0129707595333457, 0.025011291727423668, 0.015394588001072407, 0.012603909708559513, -0.021290387958288193, -0.012918352149426937, 0.03967218101024628, 0.02345218136906624, -0.030579548329114914, -0.008751987479627132, 0.025351939722895622, -0.005712375044822693, -0.001098092645406723, -0.011785048991441727, 0.03948875516653061, -0.02482786774635315, 0.022980516776442528, 0.023347366601228714, -0.02167033962905407, 0.025666382163763046, -0.019705072045326233, 0.01502773817628622, -0.007369749713689089, 0.014084410853683949, -0.006246272474527359, -0.0013069022679701447, 0.03430045396089554, -0.03639673814177513, 0.024015557020902634, 0.021565524861216545, 0.0022305776365101337, 0.012643215246498585, -0.005243986379355192, -0.022024087607860565, 0.008385137654840946, 0.023347366601228714, 0.014870516955852509, 0.00019417243311181664, -0.02503749541938305, 0.00017697634757496417, -0.02367491088807583, 0.0045725200325250626, -0.02777576819062233, 0.0016655634390190244, 0.03312129154801369, 0.01354723796248436, 0.028588077053427696, -0.011346139013767242, -0.02076631598174572, -0.008162407204508781, -0.017307447269558907, 0.020425669848918915, -0.023334264755249023, 0.013625848107039928, -0.012217407114803791, -0.013717561028897762, -0.01559111475944519, 0.007343546021729708, -0.023622503504157066, 0.008385137654840946, 0.00739595340564847, 0.017097819596529007, -0.002805418102070689, 0.002636732766404748, 0.006121805403381586, -0.028588077053427696, 0.00017718106391839683, -0.004880412016063929, 0.010704152286052704, -0.040982358157634735, 0.0035767850931733847, 0.00513262115418911, 0.014975331723690033, 0.022901905700564384, -0.005817188881337643, -0.015499402768909931, 0.013979596085846424, 0.008738885633647442, -0.0024058138951659203, -0.01716332882642746, -0.00592200318351388, 0.004326861817389727, 0.022718481719493866, 0.016521340236067772, -0.03448387607932091, 0.00949878804385662, 0.00774315046146512, -0.005771332886070013, 0.010389708913862705, 0.015080145560204983, 0.031968336552381516, -0.002296086400747299, 0.0033704321831464767, 0.004061550833284855, 0.02191927284002304, -0.03181111440062523, -0.015420791693031788, -0.0022142003290355206, 0.012138796970248222, -0.02212890237569809, -0.004916442092508078, 0.0072059775702655315, -0.011660581454634666, -0.01556491106748581, 0.0031116721220314503, -0.011935719288885593, 0.006357637234032154, -0.023294959217309952, -0.02777576819062233, -0.01365205179899931, 0.020137431100010872, -0.03857163339853287, 0.013743763789534569, -0.021945476531982422, 0.008869903162121773, -0.020006414502859116, 0.022718481719493866, 0.025168513879179955, -0.030081680044531822, -0.003648845013231039, 0.011215121485292912, 0.014673990197479725, 0.0016262581339105964, -0.005096591543406248, -0.16319572925567627, 0.034012213349342346, 0.0017703776247799397, -0.011745743453502655, 0.01670476607978344, -0.001374867744743824, 0.033514346927404404, -0.032623425126075745, -0.014726397581398487, -0.012675969861447811, 0.002151966793462634, -0.0100490627810359, -0.040536899119615555, 0.001791668008081615, -0.019770581275224686, -0.012040533125400543, 0.004081203602254391, 0.0061971405521035194, 0.02573188953101635, -0.0030084955506026745, 0.04171605780720711, -0.010121122933924198, 0.007992084138095379, 0.005535501055419445, -0.0271206796169281, 0.007959329523146152, -0.004945920780301094, 0.011457503773272038, -0.008732334710657597, -0.04402197152376175, -0.025417447090148926, 0.010258691385388374, 2.0305194993852638e-05, 0.026570403948426247, 0.0008786379476077855, 0.001960353460162878, -0.010284895077347755, -0.005427411291748285, 0.01649513654410839, -0.0061873141676187515, 0.01501463633030653, 0.04137541353702545, -0.004860759247094393, 0.0028856664430350065, -0.0042318738996982574, 0.045515574514865875, 0.030631955713033676, -0.007310791872441769, 0.010802415199577808, -0.01500153448432684, 0.016783377155661583, -0.021159369498491287, 0.0027677505277097225, 0.009420177899301052, 0.017687398940324783, -0.016783377155661583, -0.029216963797807693, 0.01162782683968544, -0.01713712513446808, -0.010972738265991211, -0.01898447424173355, -0.03996042162179947, -0.0005588727071881294, -0.0018670032732188702, -0.010435565374791622, 0.011568869464099407, 0.007841413840651512, -0.015656623989343643, -0.04205670580267906, 0.004936094395816326, -0.004526664037257433, -0.01962646283209324, -0.003075642278417945, -0.008247568272054195, 0.017556380480527878, 0.025862907990813255, 0.011935719288885593, 0.028823910281062126, 0.019927803426980972, 0.002749735489487648, -0.00206352979876101, -0.007350096944719553, -0.004375993739813566, 0.007657988928258419, 0.010022859089076519, 0.01607588119804859, 0.018473505973815918, 0.02824743092060089, -0.00773004861548543, 0.0048902384005486965, 0.003865024307742715, -0.01118891779333353, -0.0275399349629879, -0.0036914257798343897, 0.005211231764405966, 0.019023779779672623, 0.02756613865494728, -0.002733358182013035, 0.015525605529546738, -0.0052832914516329765, -0.005040908697992563, -0.005571530666202307, -0.0025237298104912043, -0.007946227677166462, 0.050232212990522385, 0.010343853384256363, -0.004362891893833876, 0.00044054724276065826, 0.025142310187220573, 0.0021552422549575567, -0.007978982292115688, -0.007874168455600739, 0.019128594547510147, 0.02803780324757099, 0.016311712563037872, -0.00048804120160639286, -0.007533521857112646, -0.011005492880940437, 0.012551502324640751, -0.029688626527786255, 0.05607560649514198, 0.024526527151465416, -0.007409054785966873, 0.013016615994274616, 0.001293800538405776, 0.001671295496635139, -0.11267528682947159, -0.03411702811717987, 0.007716946769505739, 0.022679176181554794, 0.0036947012413293123, -0.008555460721254349, -0.013691357336938381, 0.018434200435876846, -0.010337302461266518, 0.026701422408223152, -0.008843699470162392, 0.0005019618547521532, -0.014765703119337559, -0.019770581275224686, 0.02008502371609211, -0.00011822306987596676, 0.0017654644325375557, -0.006681906525045633, -0.016102084890007973, 0.010166979394853115, -0.00296100159175694, -0.02233853004872799, -0.00193578761536628, 0.007350096944719553, 0.0030576272401958704, 0.02233853004872799, -0.02848326414823532, 0.019141696393489838, -0.002266607480123639, 0.0013953392626717687, 0.017530178651213646, -0.011555767618119717, 0.01851281151175499, -0.026072535663843155, -0.002754648681730032, 0.0030821929685771465, 0.002281347056850791, -0.02843085676431656, 0.00926295667886734, -0.005578081589192152, 0.017910128459334373, -0.0032901838421821594, 0.021290387958288193, -0.011182366870343685, 0.027644749730825424, -0.00949878804385662, -0.015735235065221786, 0.02258746325969696, -0.020674604922533035, -0.003426114795729518, -0.049550920724868774, -0.01243358664214611, -0.0010923607042059302, -0.03791654482483864, 0.012112593278288841, -0.004575795494019985, 0.01489672064781189, 0.00913848914206028, -0.012112593278288841, 0.016783377155661583, -0.011215121485292912, -0.0034130129497498274, 0.0039010541513562202, 0.029872052371501923, -0.008738885633647442, 0.013010065071284771, -0.041689854115247726, -0.02958381362259388, 0.005492920055985451, -0.022443344816565514, -0.025194717571139336, 0.03427425026893616, -0.006943942047655582, 0.016861986368894577, 0.0033933601807802916, 0.0081362035125494, -0.011516462080180645, -0.008830597624182701, 0.011038247495889664, -0.006839127745479345, -0.009407076053321362, -0.005974410567432642, 0.008856801316142082, -0.005561704281717539, 0.019600259140133858, 0.016875088214874268, 0.006105428095906973, -0.0011676958529278636, 0.03537479788064957, -0.029714830219745636, 0.004916442092508078, 0.018801050260663033, -0.00859476625919342, -0.016442731022834778, -0.0007893820875324309, -0.0029200585559010506, 0.0012995324796065688, -0.017320549115538597, -0.0063543617725372314, 0.005139172077178955, -0.01580074243247509, -0.01899757608771324, -0.0055289501324296, 0.032177966088056564, 0.00507366331294179, 0.016088983044028282, -0.051358968019485474, 0.015761438757181168, -0.0015844962326809764, -0.03141806274652481, 0.01923340931534767, 0.0057549555785954, -0.023556996136903763, 0.0031329623889178038, -0.00035395269514992833, -0.00375038362108171, -0.017320549115538597, -0.030579548329114914, 0.02395004779100418, -0.014687092043459415, 0.004156538750976324, 0.017674297094345093, 0.00981323141604662, -0.0008770002168603241, -0.0068194749765098095, 0.001580401905812323, 0.0016229826724156737, -0.00029335697763599455, -0.002766112796962261, -0.00452338857576251, -0.002577774692326784, -0.01783151924610138, -0.005607560742646456, -0.00677361898124218, 0.023858336731791496, 0.0033442287240177393, 0.0001493397867307067, -0.013822374865412712, -0.0006976696313358843, 0.026478691026568413, 0.044388819485902786, -0.008732334710657597, 0.012905250303447247, -0.02036016248166561, 0.00593510502949357, 0.00011597119737416506, -0.026386979967355728, -0.010998941957950592, -0.023412875831127167, 0.009682212956249714, 0.006943942047655582, 0.00474939402192831, 0.03133945167064667, 0.010199733078479767, -0.011247876100242138, -0.01628550887107849, -0.013376914896070957, -0.04653751105070114, 0.017071615904569626, -0.00042048515751957893, -0.018106656149029732, -0.0129707595333457, 0.04276420176029205, -0.0032508785370737314, -0.010140775702893734, -0.015669725835323334, 0.004949196241796017, 0.005784434732049704, -0.009459483437240124, 0.027277899906039238, 0.02101525105535984, -0.00879129208624363, -0.031706299632787704, 0.00722562987357378, 0.023190146312117577, 0.02843085676431656, 0.0011333037400618196, -0.028378449380397797, -0.008077245205640793, 0.0011652392568066716, -0.002640007995069027, 0.037366267293691635, 0.009524991735816002, 0.015329079702496529, -0.038964685052633286, 0.023648707196116447, 0.0008393325842916965, 0.0022076494060456753, -0.01176539622247219, -0.013874782249331474, -0.005653416737914085, 0.00012733289622701705, -0.03456248715519905, 0.012944555841386318, -0.026504894718527794, 0.027670953422784805, 0.01877484656870365, -0.023661809042096138, -0.015342180617153645, 0.022901905700564384, 0.008909208700060844, 0.009413626976311207, 0.006259373854845762, -0.010848271660506725, -0.019259613007307053, -0.0005355351604521275, -0.023177044466137886, -0.00927605852484703, -0.0496557354927063, -0.02122487872838974, 0.023805929347872734, 0.01084172073751688, 0.02304602600634098, -0.015433893539011478, -0.022299224510788918, 0.0023927120491862297, 0.011562318541109562, 0.009852536022663116, 0.006184038706123829, -0.02463134191930294, -0.005027806852012873, 0.0014379200292751193, 0.009511889889836311, -0.015053941868245602, 0.0017589136259630322, -0.012617011554539204, 0.006563990376889706, 0.029059741646051407, 0.004624927416443825, -0.0058368416503071785, 0.026596607640385628, -0.023321162909269333, 0.01941683329641819, -0.022941211238503456, -0.023425977677106857, 0.0004213040228933096, -0.018119757995009422, 0.013796171173453331, 0.01093343272805214, -0.00027309017605148256, 0.018840355798602104, 0.05217127501964569, 0.04816213250160217, -0.0048542083241045475, 0.012158448807895184, -0.004769046790897846, 0.024709951132535934, -0.007199426647275686, -0.0032345012295991182, -0.010881026275455952, -0.02033395878970623, 0.017556380480527878, -0.011660581454634666, 0.021539321169257164, -0.01556491106748581, -0.005594458896666765, -0.03369776904582977, -0.011018594726920128, 0.017661195248365402, -0.015342180617153645, -0.03867644444108009, 0.021853763610124588, 0.018185267224907875, 0.010114572010934353, -0.013507932424545288, -0.02345218136906624, -0.03390739858150482, 0.014634684659540653, -0.013992697931826115, -0.0069766961969435215, -0.0028774777892977, 0.0015492851380258799, -0.0015533794648945332, -0.02254815772175789, -0.03359295800328255, 0.023832133039832115, -0.019574055448174477, 0.007022552657872438, 0.022246817126870155, 0.012184652499854565, 0.004543041344732046, 0.0005162918823771179, 0.02126418426632881, -0.0034686955623328686, -0.02913835272192955, 0.01621999964118004, -0.01742536388337612, 0.007841413840651512, 0.005908901337534189, -0.0184997096657753]"
12384,"Handling Callbacks in Classes<p>I'm building classes to find and quickly operate actions on mongodb documents. This is the UserCursor class. (Not talking about MongoDB's cursor)</p>
<pre><code>exports { UserCursor };
class UserCursor {

    private __id: object;

    constructor(query: { _id?: object, otherId?: number }) {
        let { _id, otherId } = query; // Shortens the vars' name
        if (!_id &amp;&amp; !otherId) return; // Checks if 1 identifier is provided

        if (_id) { // If a _id is provided
            Users.findOne({ _id }, (err, user) =&gt; {
                this.__id = user._id;
            });
        } else if (otherId) { // If a otherId is provided
            Users.findOne({ otherId }, (err, user) =&gt; {
                console.log(1); // Debug, you'll see later
                this.__id = user._id;
            });
        }
    }


    // Returns this.__id (which should have been initialized in the constructor)
    get _id() {
        console.log(2)
        return this.__id;
    }

}
</code></pre>
<p>When run, the console returns</p>
<pre class=""lang-js prettyprint-override""><code>2
1
</code></pre>
<p>I think you got the problem: the mongo callback in the constructor gets on after <code>_id</code> operates. How could I manage that, since the constructor gets activated each time the class is used?</p>
",It would be much easier if you just refreshed the DataSource and used the filter on that.,"Embed Field: Handling Callbacks in Classes<p>I'm building classes to find and quickly operate actions on mongodb documents. This is the UserCursor class. (Not talking about MongoDB's cursor)</p>
<pre><code>exports { UserCursor };
class UserCursor {

    private __id: object;

    constructor(query: { _id?: object, otherId?: number }) {
        let { _id, otherId } = query; // Shortens the vars' name
        if (!_id &amp;&amp; !otherId) return; // Checks if 1 identifier is provided

        if (_id) { // If a _id is provided
            Users.findOne({ _id }, (err, user) =&gt; {
                this.__id = user._id;
            });
        } else if (otherId) { // If a otherId is provided
            Users.findOne({ otherId }, (err, user) =&gt; {
                console.log(1); // Debug, you'll see later
                this.__id = user._id;
            });
        }
    }


    // Returns this.__id (which should have been initialized in the constructor)
    get _id() {
        console.log(2)
        return this.__id;
    }

}
</code></pre>
<p>When run, the console returns</p>
<pre class=""lang-js prettyprint-override""><code>2
1
</code></pre>
<p>I think you got the problem: the mongo callback in the constructor gets on after <code>_id</code> operates. How could I manage that, since the constructor gets activated each time the class is used?</p>; Answer: It would be much easier if you just refreshed the DataSource and used the filter on that.","[-0.012593038380146027, 0.015449120663106441, 0.005017160438001156, -0.008015009574592113, -0.025116922333836555, 0.020400583744049072, 0.020276105031371117, -0.011030145920813084, -0.013049458153545856, 0.002017583232372999, 0.034107010811567307, 0.008782624267041683, 0.011797761544585228, 0.0033626386430114508, -0.017385447397828102, 0.01521399524062872, 0.009349691681563854, -0.0018758163787424564, 0.023637015372514725, -0.021230438724160194, -0.033000536262989044, 0.006500524934381247, -0.011106216348707676, -0.01955689862370491, -0.04176933318376541, 0.00533872889354825, 0.02048357017338276, -0.028228875249624252, 0.008844863623380661, -0.0044708396308124065, 0.017357785254716873, 0.00017990980995818973, -0.016431113705039024, -0.03759239986538887, -0.028062904253602028, 0.00654893321916461, -0.010559896007180214, -0.022184770554304123, 0.017094997689127922, 0.023567860946059227, 0.025227569043636322, -0.01324309129267931, -0.017343953251838684, -0.01659708470106125, -0.0016320467693731189, 0.045863278210163116, 0.009128397330641747, -0.022074123844504356, -0.014218170195817947, 0.002537970896810293, 0.015504444018006325, 0.023899802938103676, -0.04022027179598808, 0.006625003181397915, -0.004799323622137308, 0.0009171618730761111, 0.017399277538061142, 0.02073252573609352, 0.01069820486009121, -0.022336911410093307, 0.019100479781627655, 0.011749353259801865, 8.039212843868881e-05, -0.00993750523775816, -0.018229132518172264, -0.0027385191060602665, 0.008222472853958607, 0.0005216844147071242, 0.014854391105473042, -0.004087032284587622, 0.022170940414071083, 0.010960991494357586, -0.010608303360641003, -0.0013329534558579326, 0.034162335097789764, -0.01081576757133007, -0.03576671704649925, -0.0039279768243432045, 0.02680429257452488, -0.01687370426952839, 0.01987501047551632, -0.03366442024707794, -0.047052737325429916, 0.03219834715127945, -0.004750915803015232, 0.03427297994494438, 0.021908152848482132, 0.03258560970425606, 0.015615090727806091, -0.01839510351419449, -0.014812898822128773, -0.0066492073237895966, 0.006351843010634184, 0.016707733273506165, 0.018298286944627762, 0.0070710498839616776, 0.00258983694948256, 0.03975002095103264, -0.01923878863453865, -0.012447814457118511, -0.02439771592617035, 0.025130752474069595, -0.027592655271291733, -0.023235918954014778, -0.005663755349814892, 0.01863022893667221, 0.02316676452755928, -0.0011505583534017205, 0.03241964057087898, -0.0002498207031749189, -0.010947160422801971, 0.01712265983223915, 0.0036133236717432737, -0.012530799023807049, -0.013865482062101364, 0.013471300713717937, -0.0017694913549348712, -0.025338217616081238, -0.004010962322354317, 0.010345516726374626, 0.013498962856829166, 0.035351790487766266, 0.011230694130063057, -0.019971825182437897, -0.0003611162828747183, 0.005224624183028936, -0.025213738903403282, 0.008630484342575073, 0.01217811182141304, -0.0240657739341259, 0.02945982664823532, 0.0063068922609090805, 0.01921112649142742, -0.006493609864264727, -0.03421765938401222, -0.0040005892515182495, 0.014259662479162216, 0.023637015372514725, -0.01654176227748394, -0.028823604807257652, 0.03336014226078987, 0.023581692948937416, 0.01035934779793024, -0.005525446496903896, -0.03283456712961197, 0.025061598047614098, -0.0006824687006883323, 0.012219604104757309, 0.005497784353792667, -0.004626437555998564, 0.0023806444369256496, 0.011196116916835308, -0.002278641564771533, -0.009833772666752338, -0.012468560598790646, -0.0052661169320344925, -0.012088210321962833, 0.010013574734330177, 0.011465819552540779, -0.02320825681090355, 0.032336656004190445, 0.0018533412367105484, -0.002527597825974226, -0.01503419317305088, 0.027786286547780037, 0.03817329555749893, 0.022157108411192894, -0.007240478415042162, -0.0030635453294962645, -0.002085008891299367, 0.012980303727090359, 0.019335605204105377, -0.02645852044224739, 0.016431113705039024, -0.024010449647903442, -0.0021351459436118603, 0.008194810710847378, 0.01810465380549431, -0.03075993061065674, -0.006165125872939825, -0.042626846581697464, -0.0028560818172991276, 0.02403811179101467, 0.022087953984737396, -0.03302820026874542, -0.007503265514969826, -0.02141023986041546, -0.013948467560112476, -0.004090489819645882, 0.007441026624292135, -0.0022336910478770733, 0.0066492073237895966, -0.0017012011958286166, 0.012261096388101578, -0.6107727289199829, -0.00034188266727142036, 0.02524140104651451, -0.038117971271276474, -0.01654176227748394, -0.0031828368082642555, -0.004937632940709591, -0.002907947637140751, -0.0012283571995794773, 0.026582999154925346, 2.331263749510981e-05, 0.022461388260126114, 0.01655559241771698, -0.0007157492800615728, -0.016113003715872765, -0.013194683007895947, 0.018754705786705017, -0.024494532495737076, -0.0031603616662323475, -0.007772968150675297, -0.010753528214991093, 0.018547242507338524, 0.0016977435443550348, 0.0010935058817267418, -0.01427349355071783, -0.01248930674046278, -0.0012110685929656029, -0.004104320891201496, 0.009868349879980087, 0.021908152848482132, -0.025974439457058907, 0.023692339658737183, 0.016942858695983887, -0.008243218995630741, 0.05297236517071724, -0.01066362764686346, -0.0035960350651293993, 0.015808723866939545, -0.019930332899093628, 0.04342903941869736, 0.002736790105700493, -0.009501831606030464, 0.03194938972592354, -0.009052326902747154, 0.0002171884261770174, -0.008450682274997234, 0.022973131388425827, 0.008796455338597298, 0.014017621986567974, -0.013996874913573265, 0.001318258116953075, 0.0009197551407851279, 0.006134006194770336, 0.030566299334168434, 0.01008964516222477, -0.005452834069728851, 0.024605179205536842, 0.0018931051017716527, -0.001458295970223844, -0.01652793027460575, -0.0010935058817267418, 0.002116128336638212, -0.014688420109450817, -0.012316420674324036, 0.002010667696595192, 0.015089516527950764, -0.0074479421600699425, 0.00903158076107502, 0.008637399412691593, 0.002302845474332571, 0.013001049868762493, 0.002410035114735365, 0.007689982652664185, 0.01158338226377964, 0.008990087546408176, 0.015573598444461823, 0.019709039479494095, -0.01806316152215004, 0.0019812770187854767, 0.016638578847050667, 0.004636810626834631, -0.00028612682945095, -0.02683195471763611, -0.0008333119913004339, -0.0019709039479494095, -0.0038311604876071215, -0.01804932951927185, -0.008851778693497181, 0.016721563413739204, -5.48036086911452e-06, 0.0002111374051310122, 0.004463924560695887, -0.005286863073706627, 0.0040801167488098145, 0.002755807712674141, 0.0354347787797451, -0.01066362764686346, 0.012323335744440556, 0.0034836591221392155, -0.007869784720242023, -0.026956433430314064, 0.009052326902747154, -0.02312527224421501, -0.0066042570397257805, 0.03753707557916641, 0.008001178503036499, -0.030262019485235214, 0.024881796911358833, 0.037205133587121964, -0.03584970533847809, -0.02286248467862606, 0.01460543554276228, -0.02893425151705742, 0.0036651897244155407, -0.008651230484247208, -0.029044900089502335, 0.024466870352625847, -0.004107778426259756, 0.00021124545310158283, -0.004128525033593178, -0.007330379448831081, 0.01720564439892769, 0.014716082252562046, -0.03402402624487877, 0.008360781706869602, 0.009142227470874786, -0.021119792014360428, -0.00044561445247381926, -0.0020590759813785553, -0.00887944083660841, 0.011597213335335255, -0.0016268601175397635, 0.014086776413023472, -0.008084164001047611, -0.0005800335784442723, -0.014799067750573158, 0.013478216715157032, 0.006472863256931305, -0.014411802403628826, -0.004737084731459618, -0.020663371309638023, 0.004052455071359873, 0.025393540039658546, -0.0072266473434865475, -0.003296941751614213, -0.005930000450462103, -0.026665983721613884, -0.0014859577640891075, -0.03427297994494438, 0.002548344200477004, -0.010075814090669155, -0.026264887303113937, 0.005376764107495546, -0.002072906820103526, 0.009481084533035755, 0.004526163451373577, -0.005203877575695515, 0.0002880718093365431, 0.00027272815350443125, -0.0240657739341259, -0.012606869451701641, 0.031147196888923645, -0.03673488274216652, 0.014494787901639938, -0.007627743761986494, -0.03333247825503349, -0.01551827508956194, 0.016168328002095222, -0.02110596001148224, -0.026029761880636215, -0.001664030714891851, 0.012268012389540672, -0.02374766208231449, -0.0072197322733700275, 0.018865354359149933, 0.026914939284324646, -0.030179033055901527, -0.008001178503036499, -0.005411341320723295, -0.012129703536629677, -0.0017107099993154407, -0.0042287991382181644, 0.00948800053447485, -0.03009604848921299, 0.038117971271276474, 0.011417411267757416, 0.008250134065747261, 0.012129703536629677, -0.004491586238145828, 0.031230181455612183, 0.0002558717387728393, 0.0005973221850581467, -0.03128550574183464, -0.0019103937083855271, -0.009211381897330284, 0.030040724202990532, 0.0077176447957754135, 0.015532105229794979, -0.023401889950037003, 0.01040084008127451, 0.007724560331553221, 0.005452834069728851, 0.031423814594745636, -0.0162651427090168, 0.0012776297517120838, -0.024784980341792107, -0.020289937034249306, -0.020829342305660248, 0.04102246090769768, 0.008319289423525333, 0.010117306374013424, -0.00990292802453041, 0.009467254392802715, -0.04365033283829689, 0.0016761327860876918, 0.03244730085134506, -0.0027679097838699818, 0.019626053050160408, -0.011569551192224026, 0.011140793561935425, -0.010995568707585335, -0.0018204927910119295, 0.009868349879980087, 0.01518633309751749, -0.002226775512099266, 0.019639885053038597, -0.005653382278978825, -0.004927259869873524, 0.004788950551301241, -0.023872140794992447, 0.005829726345837116, 0.018242962658405304, 0.0016735394019633532, 0.006784058641642332, 0.0301513709127903, 0.03302820026874542, 0.029432164505124092, 0.001934597734361887, 0.0433737151324749, -0.04243321344256401, -1.2237108421686571e-05, 0.021424071863293648, 0.0007606997387483716, -0.021894320845603943, 0.007116000168025494, -0.002008938929066062, 0.004609148949384689, -0.0016346400370821357, -0.0032917552161961794, 0.035407114773988724, -0.013381400145590305, 0.021465564146637917, 0.004934174939990044, -0.017343953251838684, 0.005165842827409506, -0.012593038380146027, 0.03158978745341301, 0.026043593883514404, -0.014024537056684494, 0.012890403158962727, -0.0017911021132022142, -0.017371615394949913, 0.011825423687696457, -0.030787592753767967, 0.021493226289749146, 0.017994007095694542, -0.015504444018006325, -0.010843428783118725, -0.015504444018006325, -0.032668597996234894, 0.009328944608569145, -0.04735701531171799, -0.02380298636853695, -0.02674896828830242, 0.019058985635638237, -0.007772968150675297, 0.0159332025796175, 0.005148554220795631, 0.016500268131494522, 0.031479138880968094, -0.03192172572016716, -0.019626053050160408, 0.005048280116170645, -0.000777988403569907, 0.0011540161212906241, -0.020884666591882706, -0.02019312046468258, 0.029349179938435555, 0.014799067750573158, 0.00375854829326272, -0.02078785002231598, 0.03665189817547798, 0.00481661269441247, -0.023000793531537056, -0.005421714391559362, 0.005466665141284466, 0.051589272916316986, 0.012413236312568188, -0.012807417660951614, 0.004757831338793039, -0.0008869067532941699, 0.029625797644257545, -0.023360397666692734, 0.008298542350530624, 0.02591911517083645, 0.007918193005025387, -0.0013243091525509953, -0.05211484804749489, 0.008644315414130688, -0.02918320894241333, -0.008692723698914051, -0.005400968249887228, -0.02526906318962574, -0.0031897523440420628, -0.00948800053447485, -0.005674128420650959, -0.018823860213160515, -0.005715621169656515, 0.02706708014011383, 0.019695207476615906, -0.016348129138350487, -0.01564275287091732, -0.020331429317593575, 0.00903158076107502, 0.026610659435391426, 0.0029995774384588003, -0.03291755169630051, 0.022973131388425827, 0.006846297532320023, -0.011659452691674232, -0.01867172122001648, -0.037454091012477875, 0.030649283900856972, -0.006867044139653444, -0.029681120067834854, 0.005221166647970676, 0.014522450044751167, 0.025213738903403282, 0.0006280094967223704, 0.007600082084536552, 0.004560740664601326, -0.012060549110174179, -0.008070332929491997, -0.023885972797870636, 0.01234408188611269, 0.02141023986041546, 0.04193530231714249, 0.02831186167895794, 0.0017383717931807041, 0.01339523121714592, 0.019681377336382866, 0.02525523118674755, 0.03197705000638962, -0.02322208881378174, 0.01925261877477169, 0.017371615394949913, 0.04934866726398468, 0.027454344555735588, -0.00761391269043088, 0.05720461905002594, 0.021908152848482132, 0.02648618258535862, -0.005141638685017824, 0.006369131617248058, 0.006407166365534067, 0.03040032833814621, 0.0023305073846131563, -0.004913428798317909, 0.003696309169754386, 0.0005930000334046781, 0.0063068922609090805, -0.01591937057673931, 0.006009527947753668, 0.03012371063232422, -0.012966472655534744, -0.004432804882526398, -0.02167302742600441, -0.009370437823235989, 0.010801936499774456, -0.0031257844530045986, 0.015532105229794979, -0.019778193905949593, -0.0012171196285635233, -0.029625797644257545, -0.02470199577510357, -0.018464257940649986, 0.012593038380146027, 0.008395358920097351, 0.015006531029939651, -0.009045411832630634, -0.016431113705039024, -0.008492175489664078, 0.0010079271160066128, 0.011375918984413147, 0.005231539718806744, -0.021188946440815926, -0.01750992424786091, 0.008678892627358437, 0.01806316152215004, 0.029625797644257545, 0.019736699759960175, 0.0087273009121418, -0.0027091284282505512, -0.00010940461652353406, -0.011140793561935425, -0.044120583683252335, -0.024563686922192574, -0.012551546096801758, -0.006583510432392359, 0.02107829786837101, 0.030593961477279663, 0.015393796376883984, -0.03391337767243385, 0.021838998422026634, -0.0036686474923044443, -0.016348129138350487, 0.020981481298804283, 0.0038864840753376484, 0.010269446298480034, 0.009653971530497074, 0.0004386990040075034, 0.030593961477279663, -0.008305458351969719, -0.015532105229794979, 0.0020054811611771584, 0.00218355399556458, -0.010442333295941353, 0.01562892273068428, 0.002344338223338127, -0.0017133032670244575, 0.01309786643832922, 0.020345261320471764, -0.024231744930148125, 0.012593038380146027, 0.014190508052706718, -0.022461388260126114, 0.026679813861846924, -0.005480495747178793, 0.011936070397496223, 0.0015041108708828688, -0.0012024242896586657, 0.010601388290524483, -0.03402402624487877, 0.0023529825266450644, 0.015435289591550827, -0.010933330282568932, 0.0379520021378994, -0.0008812879677861929, -0.023581692948937416, 0.004705965053290129, -0.010179545730352402, -0.008222472853958607, -0.0007602675468660891, -0.017233306542038918, -0.004633353091776371, 0.012876572087407112, -0.010656711645424366, -0.023872140794992447, -0.02734369784593582, -0.0051935045048594475, 0.01980585604906082, 0.015462950803339481, 0.002302845474332571, 0.019183464348316193, -0.005988781806081533, -0.024217912927269936, -0.0031482595950365067, -0.019792024046182632, -0.0029200497083365917, -0.028740620240569115, -0.02713623456656933, 0.012807417660951614, 0.03241964057087898, 0.031728096306324005, -0.012240350246429443, -0.01116153970360756, -0.009806111454963684, -0.020027149468660355, -0.010788105428218842, -0.01006889808923006, -0.0025448864325881004, -0.002513766987249255, 0.0438992902636528, 0.010304023511707783, 0.017012013122439384, 0.022516712546348572, 0.025089260190725327, -0.009702379815280437, 0.008263965137302876, 0.018519580364227295, -0.005079399794340134, -0.016680071130394936, -0.009073073044419289, 0.01684604212641716, 0.002515495754778385, 0.00948800053447485, 0.01741310954093933, -0.017053505405783653, -0.028353353962302208, 0.01396921370178461, -0.05485336855053902, 0.006787516176700592, -0.01865788921713829, -0.05465973541140556, -0.011189201846718788, 0.030925901606678963, -0.02199113741517067, -0.0032243295572698116, -0.04342903941869736, 0.0071021695621311665, 0.014494787901639938, -0.00360640836879611, 0.007316548377275467, -0.0024584431666880846, 0.008616653271019459, -0.0003111953556071967, 0.024771150201559067, -0.018478088080883026, 0.0008998732082545757, 0.015753399580717087, -0.007427195552736521, -0.007088338490575552, -0.0077937147580087185, 0.016652408987283707, -0.015532105229794979, 0.02652767486870289, 0.013077120296657085, -0.005473580211400986, -0.007275055628269911, 0.014660758897662163, -0.0026745512150228024, -0.008160233497619629, -0.015545936301350594, -0.01651410013437271, 0.0020780933555215597, -0.030040724202990532, -0.02164536528289318, -0.018159978091716766, 0.0270394179970026, 0.02163153514266014, 0.003599492833018303, 0.004833901301026344, 0.0031897523440420628, -0.02017929032444954, 0.01036626286804676, -0.017274798825383186, 0.020538892596960068, 0.013492046855390072, 0.022170940414071083, 0.018187640234827995, -0.0003040637820959091, -0.01336756907403469, -0.019058985635638237, 0.02764797769486904, -0.004833901301026344, 0.03549009934067726, 0.021880490705370903, -0.01457777339965105, -0.03560074791312218, 0.0031136823818087578, -0.014716082252562046, 0.004567656200379133, -0.01590554043650627, 0.01778654381632805, 0.01157646719366312, -0.0037965832743793726, -0.013720257207751274, 0.012516968883574009, -0.0199026707559824, 0.007406449411064386, -0.016624746844172478, 0.01069820486009121, -0.0174546018242836, -0.002764452015981078, -0.03634761646389961, 0.0040489970706403255, 0.013747919350862503, 0.03407934680581093, 0.004443177953362465, 0.016693901270627975, -0.03211535885930061, -0.0072958022356033325, -0.0019847347866743803, 0.001577587565407157, 0.005968035198748112, 0.005383679643273354, -0.01039392501115799, -0.00030103829340077937, 0.02289014682173729, 0.004221883602440357, -0.014743744395673275, -0.012523883953690529, -0.0028906590305268764, 0.029653459787368774, -0.01503419317305088, 0.011659452691674232, -0.0199026707559824, 0.020345261320471764, 0.010027405805885792, 0.0005260065663605928, -0.02349870651960373, -0.00827779620885849, -0.007918193005025387, -0.011846169829368591, 0.023830648511648178, -0.0013035627780482173, -0.012046718038618565, -0.009287452325224876, -0.004868478514254093, -0.01145890448242426, -0.033830393105745316, 0.007530927658081055, -0.004595317877829075, -0.03584970533847809, -0.03604333847761154, -0.01656942442059517, 0.011963732540607452, 0.022986963391304016, -0.004380939062684774, 0.0204974003136158, 0.01839510351419449, 0.02286248467862606, -0.015449120663106441, -0.004097405355423689, -0.0031136823818087578, -0.00030946650076657534, -0.010227954015135765, 0.015158670954406261, 0.02073252573609352, -0.01472991332411766, 0.024162590503692627, -0.02407960407435894, -0.041686344891786575, 0.01081576757133007, 0.006566221825778484, 0.01564275287091732, -0.01264144666492939, -0.01951540634036064, 0.0032571780029684305, -0.008720384910702705, 0.03549009934067726, -0.028228875249624252, -0.03670721873641014, 0.025974439457058907, -0.010988653637468815, -0.018284454941749573, -0.011507312767207623, -0.00040368951158598065, -0.0019847347866743803, -0.02319442667067051, 0.008070332929491997, 0.012876572087407112, -0.036845527589321136, -0.012752094306051731, 0.010276362299919128, 0.00736495666205883, -0.004190763924270868, -0.001772084622643888, -0.037758368998765945, -0.007586251012980938, -0.022710345685482025, 0.025338217616081238, 0.009847603738307953, 0.021465564146637917, 0.015200164169073105, -0.013630356639623642, 0.02654150500893593, 0.022378403693437576, -0.02500627562403679, -0.016998181119561195, -0.017662065103650093, -0.03241964057087898, -0.03510283678770065, -0.00375854829326272, -0.01741310954093933, 0.03153446316719055, 0.023097610101103783, -0.0028491662815213203, -0.03217068314552307, -0.010878005996346474, -0.04365033283829689, -0.007738390937447548, -0.004405143205076456, 0.0037205133121460676, 0.017689727246761322, 0.016707733273506165, 0.00775913754478097, 0.027440514415502548, -0.00542517239227891, 0.016361959278583527, -0.035656072199344635, 0.004661014769226313, -0.003469828050583601, 0.021465564146637917, 0.011438158340752125, -0.00827088113874197, -0.012537715025246143, 0.01248239167034626, 0.0028249621391296387, 0.002515495754778385, 0.029598135501146317, 0.022945471107959747, -0.01836744137108326, -0.031755756586790085, 0.0168598722666502, -0.011942986398935318, -0.009211381897330284, -0.009287452325224876, 0.009349691681563854, -0.014522450044751167, 0.0016761327860876918, 0.026887279003858566, 0.013436723500490189, 0.0054632071405649185, 0.007703813724219799, 0.008768793195486069, -0.01659708470106125, 0.03217068314552307, -0.022959301248192787, -0.0003127081145066768, 0.0017357785254716873, -0.0291555467993021, 0.02463284134864807, -0.006946571636945009, -0.003251991467550397, 0.04265451058745384, -0.0013035627780482173, 0.00263824500143528, -0.023623185232281685, 0.016666239127516747, 0.010788105428218842, -0.010442333295941353, 0.007043388206511736, -0.012171195819973946, 0.013167020864784718, -0.018865354359149933, 0.015462950803339481, -0.037481751292943954, 0.0030013062059879303, -0.016472607851028442, 0.007945854216814041, -0.025421202182769775, -0.0053110672160983086, -0.017012013122439384, -0.04143739119172096, -0.009833772666752338, 0.010421586222946644, 0.003272737842053175, -0.052280817180871964, -0.010297108441591263, 0.005739825312048197, 0.002961542457342148, -0.006690700072795153, 0.007710729259997606, 0.008837947621941566, -0.02232307940721512, 0.006981148850172758, 0.040164947509765625, 0.01366493385285139, -0.008768793195486069, 0.21797505021095276, 0.023277413100004196, -0.015269318595528603, 0.005674128420650959, -0.005317982751876116, 0.003207040950655937, 0.012807417660951614, 0.0035718311555683613, -0.03571139648556709, 0.011645621620118618, -0.009570986032485962, 0.013173936866223812, -0.010117306374013424, -0.007786799222230911, 0.0023581692948937416, 0.006811720319092274, -0.04240555316209793, -0.012724432162940502, -0.020082473754882812, -0.016929026693105698, 0.04116076976060867, -0.005719079170376062, -0.011258356273174286, -0.032032374292612076, 0.0306769460439682, -0.02232307940721512, 0.019155802205204964, 0.012662192806601524, 0.010449248366057873, 0.004588402342051268, -0.008976257406175137, -0.005871219094842672, 0.011382834054529667, 0.015269318595528603, -0.0183812715113163, 0.006583510432392359, 0.0011324052466079593, -0.010788105428218842, 0.008630484342575073, 0.017703557386994362, -0.001436685211956501, -0.029598135501146317, 0.007378787733614445, -0.014743744395673275, 0.0016484708758071065, -0.003630612511187792, 0.0008307187235914171, -0.008920933119952679, 0.03291755169630051, 0.035047512501478195, -0.009211381897330284, 0.02228158712387085, 0.03230899199843407, -0.003336705733090639, 0.00548395374789834, 4.5112519728718325e-05, 0.008907102048397064, -0.0034093179274350405, -0.008844863623380661, 0.011196116916835308, -0.004550367593765259, 0.023623185232281685, 0.021852828562259674, 0.014633096754550934, -0.025393540039658546, 0.0065765948966145515, -0.01591937057673931, -0.01115462463349104, 0.02378915622830391, -0.01620982028543949, -0.017288630828261375, 0.006856671068817377, -0.012350997887551785, -0.0003948291123379022, 0.001491144415922463, -0.023941295221447945, -0.013658017851412296, 0.01085034478455782, 0.035988014191389084, 0.028989575803279877, -0.012599954381585121, -0.002375457901507616, -0.012150449678301811, -0.02019312046468258, -0.021424071863293648, -0.014232000336050987, 0.0017859155777841806, 0.003544169245287776, -0.01536613516509533, 0.00015743459516670555, 0.005670670885592699, 0.004415516275912523, -0.01594703271985054, 0.007572420407086611, -0.019930332899093628, 0.0026849242858588696, -8.871228783391416e-05, 0.031174859032034874, -0.012966472655534744, -0.005404425784945488, -0.042903464287519455, 0.051284994930028915, 0.02860230952501297, -0.006151294801384211, -0.03612632304430008, 0.013077120296657085, -0.019197294488549232, 0.020635709166526794, -0.004643726162612438, -0.011645621620118618, 0.01712265983223915, -0.03012371063232422, 0.008008093573153019, -0.025047767907381058, -0.010179545730352402, 0.030262019485235214, 0.019377097487449646, -0.01397612877190113, 0.014411802403628826, -0.005089772865176201, 0.016624746844172478, -0.03493686392903328, 0.00796660128980875, 0.011908409185707569, 0.009833772666752338, -0.02077401801943779, -0.011175370775163174, 0.0006958674057386816, 0.01442563347518444, -0.0159332025796175, -0.004035166464745998, -0.012662192806601524, -0.00782829150557518, -0.013014880940318108, -0.009121481329202652, -0.002399661811068654, 0.015615090727806091, -0.03161744773387909, -0.006140921730548143, -0.005936915520578623, 0.010940245352685452, -0.016707733273506165, 0.011777015402913094, 0.008934764191508293, -0.0030151372775435448, -0.0034750148188322783, -0.012102041393518448, 0.01355428621172905, 0.0054908692836761475, -0.03241964057087898, -0.016375791281461716, 0.004322157707065344, -0.0061547523364424706, -0.028657633811235428, -0.01506185531616211, -0.012627615593373775, 0.023968957364559174, -0.03999897465109825, 0.0025587172713130713, -0.001178220147266984, -0.015698077157139778, 0.0047682044096291065, -1.6316145774908364e-05, 0.021520886570215225, -0.04027559235692024, -0.027205388993024826, -0.17648233473300934, 0.018519580364227295, 0.03576671704649925, -0.02674896828830242, 0.0033263324294239283, 0.00041579155367799103, 0.005006787367165089, -0.0038449913263320923, -0.008761878125369549, -0.014135184697806835, 0.0054874112829566, -0.015103347599506378, -0.05330430716276169, -0.024134928360581398, -0.023263581097126007, 0.017316292971372604, -0.023609353229403496, -0.007593166548758745, 0.043512023985385895, 0.017371615394949913, 0.042294904589653015, -0.037205133587121964, 0.005618805065751076, -0.008907102048397064, -0.0024376967921853065, 0.027924595400691032, 0.0010926414979621768, -0.03288989141583443, -0.016693901270627975, -0.024522192776203156, -0.009826857596635818, 0.0012378660030663013, 0.023968957364559174, -0.0014989242190495133, 0.008091079071164131, -0.006977691315114498, -0.013561202213168144, -0.022461388260126114, -0.006134006194770336, 0.02080168016254902, 0.001113387756049633, 0.008595907129347324, -0.01503419317305088, 0.030234357342123985, 0.026085086166858673, 0.03241964057087898, 0.016320466995239258, -0.008443767204880714, 0.029874753206968307, -0.04959762468934059, 0.028062904253602028, -0.034189995378255844, -0.0003967740631196648, 0.013485131785273552, 0.0043947696685791016, 0.014176676981151104, -0.007198985666036606, 0.016057679429650307, -0.005594600923359394, -0.02139640972018242, 0.0073442100547254086, -0.017551418393850327, -0.003276195377111435, -0.00017666819621808827, -0.02531055547297001, 0.006299977190792561, -0.00244115456007421, 0.02225392498075962, -0.037149809300899506, 0.0012119329767301679, 0.014204339124262333, -0.007600082084536552, 0.00020433000463526696, 0.017634402960538864, -0.008934764191508293, 0.01959839090704918, -0.005833183880895376, 0.0030082217417657375, -0.0070745074190199375, 0.01742693968117237, -0.00675985449925065, 0.02647235058248043, -0.0362369678914547, 0.0234710443764925, 0.007855953648686409, 0.0009603834478184581, -0.0016804549377411604, -0.010200291872024536, 0.010608303360641003, 0.00015786680160090327, 0.018298286944627762, -0.05208718776702881, -0.021783674135804176, -0.006116717588156462, -0.0030185948126018047, 0.020096303895115852, 0.01309786643832922, -0.003962554037570953, 0.0044224318116903305, -0.012897318229079247, 0.009591732174158096, -0.023996619507670403, -0.02797991968691349, 0.010034320876002312, 0.012876572087407112, 0.011078554205596447, 1.3256867532618344e-05, -0.0021852829959243536, 0.03767538443207741, 0.016444945707917213, -0.02525523118674755, 0.024494532495737076, 0.012420152314007282, 0.019377097487449646, -0.008367696776986122, 0.03485387936234474, -0.018132315948605537, 0.004342903848737478, 0.005238455254584551, -0.007185155060142279, 0.0542171448469162, 0.0023253208491951227, 0.008153318427503109, 0.004557283129543066, 0.0070710498839616776, -0.019473914057016373, -0.08801987767219543, -0.03886483982205391, -0.0002199978189310059, -0.002513766987249255, -0.009280537255108356, 0.00684975553303957, 0.0017435584450140595, 0.019169634208083153, -0.008665061555802822, 0.011237610131502151, -0.04160336032509804, -0.013844734989106655, 0.011963732540607452, 0.021202776581048965, 0.002581192646175623, 0.00038596868398599327, -0.007185155060142279, 0.016624746844172478, -0.005048280116170645, 0.027219219133257866, -0.0077660526148974895, -0.018450425937771797, 0.0033954870887100697, 0.001426312024705112, -0.030317341908812523, 0.014259662479162216, -0.028381016105413437, 0.01506185531616211, 0.018478088080883026, -0.011251441203057766, 0.01116153970360756, -0.019197294488549232, 0.024591347202658653, -4.954273026669398e-05, -0.017675895243883133, -0.0026641779113560915, -0.0071021695621311665, -0.008340035565197468, 0.032640933990478516, -0.004626437555998564, 0.007247393950819969, 0.017357785254716873, 0.008685807697474957, -0.005435545463114977, 0.01507568545639515, 0.01651410013437271, -0.02046973817050457, 0.03488153964281082, 0.01742693968117237, -0.03546243906021118, -0.0505104623734951, -0.00918372068554163, -0.029681120067834854, -0.029349179938435555, 0.035656072199344635, -0.004792408552020788, -0.00029044898110441864, -0.00827779620885849, -0.011500396765768528, 0.01446712575852871, -0.01173552218824625, -0.027150064706802368, -0.004380939062684774, 0.0027471634093672037, 0.025130752474069595, 0.011355172842741013, -0.0011617959244176745, -0.0043463618494570255, -0.0033885715529322624, 0.009806111454963684, -0.0219496451318264, -0.009813026525080204, -0.036015674471855164, 0.013872397132217884, 0.004851189907640219, -0.006929283030331135, -0.0009137041051872075, -0.002420408185571432, 0.015048024244606495, -0.006583510432392359, 0.00746177276596427, 0.004253003280609846, -0.011486565694212914, -0.017911020666360855, 0.03421765938401222, 0.015449120663106441, 0.008983172476291656, 0.018242962658405304, -0.002951169153675437, -0.03977768123149872, -0.01744076982140541, 0.016790717840194702, 0.019778193905949593, -0.01781420409679413, -0.01623748242855072, 0.047135721892118454, -0.022378403693437576, 0.0034075891599059105, 0.008630484342575073, 0.018823860213160515, -0.01457777339965105, -0.02230924926698208, -0.04940399155020714, 0.02951515093445778, 0.002764452015981078, 0.004297953564673662, 0.02134108543395996, -0.0036997669376432896, -0.010871090926229954, -0.01627897471189499, 0.010380093939602375, 0.004235714673995972, 0.001974361715838313, 0.010559896007180214, 0.011942986398935318, 0.009730041027069092, 0.002722959266975522, -0.0007909548585303128, 0.02197730727493763, -0.0153384730219841, 0.008056501857936382, 0.006358758546411991, -0.0135197089985013, -0.020359091460704803, 0.018215300515294075, 0.0038173296488821507, -0.02468816377222538, 0.0028889302629977465, -0.008741131983697414, 0.004581487271934748, -0.018810030072927475, -0.009411930106580257, 0.018436595797538757, -0.01929411105811596, 0.010684373788535595, 0.041050124913454056, 0.03222600743174553, -0.02923853136599064, 0.01203980203717947, 0.02013779617846012, 0.04730169475078583, 0.007116000168025494, -0.016431113705039024, -0.038117971271276474, 0.0011107944883406162, -0.015158670954406261, 0.02528289332985878, 0.003554542548954487, -0.017883358523249626, -0.003276195377111435, 0.0037827524356544018, 0.008021924644708633, 0.027454344555735588, 0.002811131300404668, -0.0061858720146119595, -0.03510283678770065, -0.01188766211271286, -0.04008195921778679, 0.0017911021132022142, 0.012752094306051731, -0.035324130207300186, -0.008658146485686302, 0.031396154314279556, -0.0059611196629703045, 0.0050413645803928375, -0.026679813861846924, 0.010165714658796787, -0.03153446316719055, -0.02258586697280407, 0.011604128405451775, 0.011528058908879757, -0.011196116916835308, -0.030040724202990532, 0.0008990087662823498, -0.011908409185707569, 0.013526624999940395, 0.016043849289417267, -8.411999442614615e-05, -0.02076018787920475, -0.027744794264435768, 0.0059576621279120445, 0.019626053050160408, 0.011915324255824089, -0.013595779426395893, -0.007932024076581001, 0.01188074704259634, 0.02709474228322506, 0.029266193509101868, -0.003706682473421097, 0.0143149858340621, 0.003457726212218404, -0.00319666787981987, -0.022046461701393127, 0.009667802602052689, 0.00812565628439188, -0.0007438433240167797, 0.010428502224385738, -0.019155802205204964, -0.02257203683257103, 0.0017772712744772434, 0.03454959765076637, 0.004495043773204088, 0.016417283564805984, 0.0074963499791920185, 0.003876111004501581, -0.011777015402913094, -0.015532105229794979, 0.006465947721153498, -0.02493712119758129, -0.023595523089170456, 0.012247266247868538, 0.02463284134864807, -0.0130909513682127, -0.025780806317925453, -0.017675895243883133, 0.01921112649142742, 0.009162974543869495, 0.0007451399578712881, -0.0028578105848282576, -0.00503099150955677, -0.010456163436174393, 0.019944164901971817, 0.003640985582023859, 0.0043498193845152855, -0.0014721269253641367, -0.020663371309638023, 0.033221833407878876, 0.005698332563042641, -0.021921982988715172, -0.020981481298804283, 0.016016187146306038, -0.003426606534048915, 0.023097610101103783, -0.0016285890014842153, -0.0325302854180336, -0.03709448501467705, -0.024466870352625847, -0.02713623456656933, -0.004304869100451469, -0.00010718950943555683, 0.003727428847923875, 0.08586225658655167, 0.03170043230056763, 0.01980585604906082, 0.009743872098624706, -0.014176676981151104, 0.009868349879980087, 0.029349179938435555, 0.018284454941749573, -0.006317265797406435, 0.004906513262540102, 0.014397971332073212, -0.003393758088350296, -0.011562636122107506, -0.017855698242783546, -0.027495838701725006, 0.0007088338606990874, 0.011721691116690636, 0.0025518019683659077, -0.008229387924075127, -0.00948800053447485, 0.007918193005025387, -0.009266706183552742, 0.03441128879785538, 0.0017366429092362523, 0.0016908281249925494, 0.0037689213640987873, 0.003941807895898819, 0.00751709658652544, -0.02342955209314823, -0.036292292177677155, -0.0024497988633811474, 0.00109177699778229, -0.04796557500958443, 0.003328061429783702, -0.015781061723828316, -0.022419895976781845, -0.009681632742285728, 0.002861268352717161, -0.003682478331029415, 0.02078785002231598, -0.010297108441591263, -0.0010321312583982944, -0.03515815734863281, -0.026085086166858673, -0.011749353259801865, 0.014992699958384037, 0.012558461166918278, -0.014259662479162216, -0.034134671092033386]","[-0.014804478734731674, 0.01951623521745205, 0.011362846940755844, -0.015432712621986866, -0.01607460528612137, 0.016142891719937325, 0.023026153445243835, 0.003243601182475686, -0.00590676860883832, 0.006647675298154354, 0.04247410222887993, 0.008187532424926758, 0.0015492463717237115, 0.009109397418797016, -0.012236911803483963, 0.006019440945237875, 0.003626004559919238, 0.00026653011445887387, 0.028325174003839493, -0.008481163531541824, -0.03132977336645126, -0.005831653252243996, -0.015801459550857544, -0.017331073060631752, -0.03627370297908783, -0.0021441911812871695, 0.01610191911458969, -0.03187606483697891, 0.017481302842497826, -0.009348399937152863, 0.013172434642910957, -0.007559298072010279, -0.019147489219903946, -0.0408625453710556, -0.027369165793061256, -0.0019837182480841875, 0.0027177962474524975, -0.012612487189471722, 0.02075904794037342, 0.021619455888867378, 0.026986761018633842, -0.009314256720244884, -0.02594880945980549, -0.011506248265504837, -0.008863567374646664, 0.03982459381222725, 0.015255168080329895, -0.018696799874305725, -0.01365726813673973, -0.0022551564034074545, 0.014162587001919746, 0.02719162032008171, -0.035099178552627563, 0.005309262778609991, -0.004397640470415354, -0.001619239803403616, 0.019161147996783257, 0.01996692642569542, 0.0009406443568877876, -0.024897199124097824, 0.01696232706308365, 0.01382115576416254, -0.0007451747078448534, -0.012673945166170597, -0.02118242345750332, -0.009129883721470833, 0.0030745924450457096, -0.014203558675944805, 0.01621117629110813, -0.004725414793938398, 0.02231597527861595, 0.00754564069211483, -0.0022022344637662172, -0.010174664668738842, 0.038895901292562485, -0.0018112951656803489, -0.04782775416970253, -0.0011361140059307218, 0.018246110528707504, -0.02220671810209751, 0.026099039241671562, -0.03228578343987465, -0.03182143345475197, 0.03171217814087868, 0.003646490629762411, 0.034662146121263504, 0.03105662763118744, 0.025156687945127487, 0.008692851290106773, -0.01697598397731781, -0.008583593182265759, -0.006903748959302902, -0.009785432368516922, 0.009853718802332878, 0.02620829828083515, 0.0007272495422512293, 0.002420750679448247, 0.030892740935087204, -0.02629024162888527, -0.021278023719787598, -0.00695837801322341, 0.022056488320231438, -0.02971821464598179, -0.016894040629267693, -0.0067023043520748615, 0.008365076966583729, 0.0158697459846735, 0.005684837698936462, 0.03414316847920418, -0.005961397662758827, -0.008856737986207008, 0.021701399236917496, 0.006190156564116478, -0.01003809180110693, -0.010120036080479622, 0.011847680434584618, -0.00427472498267889, -0.011526734568178654, -0.0006346361478790641, 0.00317531474865973, 0.006418915931135416, 0.03968802094459534, 0.0074568684212863445, -0.013397780247032642, 0.0032640870194882154, 0.008255818858742714, -0.0293084979057312, 0.0037967204116284847, 0.0047698006965219975, -0.029554327949881554, 0.024828912690281868, 0.007060807663947344, 0.017918335273861885, -0.007258838042616844, -0.021127793937921524, -0.008187532424926758, 0.016361407935619354, 0.02120973728597164, -0.008638221770524979, -0.030865425243973732, 0.027136990800499916, 0.019803037866950035, 0.010543410666286945, 0.0027382823172956705, -0.028816835954785347, 0.03482603281736374, 0.004018651321530342, 0.016907697543501854, -0.007757328450679779, -0.0025487877428531647, -0.006627189461141825, 0.013807497918605804, 0.004824429750442505, -0.009560087695717812, -0.0008207164355553687, 0.0005036117509007454, -0.01199108175933361, -0.0005748856347054243, 0.013001719489693642, -0.032121893018484116, 0.023244669660925865, -0.0028663191478699446, 0.0034774818923324347, -0.012803688645362854, 0.02884414978325367, 0.032914016395807266, 0.02596246637403965, -0.005698495078831911, -0.0004972098977304995, -0.00018725394329521805, 0.011000929400324821, 0.011335532180964947, -0.021837972104549408, 0.023326613008975983, -0.024023134261369705, 0.0006982278428040445, 0.013787012547254562, 0.013575324788689613, -0.02353147231042385, -0.0005667766090482473, -0.029690900817513466, 0.00468444311991334, 0.03692925348877907, 0.015241511166095734, -0.028680263087153435, -0.005073674954473972, -0.022220375016331673, -0.008569935336709023, 0.0016439936589449644, 0.007272495422512293, -0.013561666943132877, -0.0015688786515966058, -0.010154178366065025, 0.004947345238178968, -0.6144677996635437, -0.0026597529649734497, 0.012250569649040699, -0.04348473995923996, -0.021605798974633217, 0.0015287604182958603, 0.006186742335557938, 0.009539601393043995, -0.007620755583047867, 0.039797279983758926, -0.005749709904193878, 0.03848618268966675, 0.020144470036029816, -0.01965280808508396, -0.012537372298538685, -0.01906554587185383, 0.0158697459846735, -0.018464626744389534, -0.01076875627040863, -0.015022994950413704, -0.013343150727450848, 0.018997259438037872, -0.005435592494904995, -0.005804338958114386, -0.013438751921057701, -0.012749060057103634, 0.013711896724998951, -0.004554698709398508, 0.018355367705225945, 0.03397928178310394, -0.014394760131835938, 0.013418265618383884, 0.01952989399433136, -0.019816696643829346, 0.05116012692451477, -0.0023968506138771772, -0.006825219839811325, 0.01752227544784546, -0.00448982696980238, 0.04872913286089897, -0.004848330281674862, -0.019680123776197433, 0.024460166692733765, -0.004110837820917368, 0.0012965869391337037, -0.011089702136814594, 0.03228578343987465, 0.001026855898089707, 0.014408417977392673, -0.01806856505572796, -0.002471965504810214, -0.007579783909022808, 0.000308782298816368, 0.02441919595003128, 0.0110350726172328, -0.006637432146817446, 0.01965280808508396, 0.014230873435735703, -0.01037269551306963, -0.011485762894153595, 0.0032931086607277393, 0.0008424827246926725, -0.006620360538363457, -0.0063199009746313095, 0.0002900035469792783, 0.023668045178055763, 0.0035918615758419037, 0.006080898456275463, 0.0032982302363961935, -0.011287732049822807, 0.005848724860697985, 0.0006060412852093577, 5.7669949455885217e-05, 0.010024434886872768, 0.014189901761710644, 0.01785004884004593, 0.021687742322683334, -0.027218936011195183, 0.012790031731128693, 0.023026153445243835, -0.0016260684933513403, 0.0017942235572263598, -0.040999118238687515, -0.011301388964056969, 0.004510312806814909, 0.0006555488798767328, -0.00613211328163743, -0.013288522139191628, 0.018177824094891548, 0.0030848353635519743, -0.001073802704922855, -0.009109397418797016, -0.004612742457538843, 0.011950109153985977, 0.01608826220035553, 0.03974264860153198, -0.0170852430164814, 0.008481163531541824, -0.0014220629818737507, -0.009416686370968819, -0.02451479621231556, 0.006838877219706774, -0.028980722650885582, -0.008358248509466648, 0.030127933248877525, 0.00407669460400939, -0.0273008793592453, 0.021783342584967613, 0.03529037907719612, -0.031466346234083176, -0.02140093967318535, 0.004896130412817001, 0.0012650045100599527, -0.0028799762949347496, -0.006992521230131388, -0.0240777637809515, 0.028133971616625786, 0.0026426813565194607, -0.009846890345215797, -0.013001719489693642, -0.007019835989922285, 0.007053978741168976, 0.01840999722480774, -0.024774285033345222, 0.015432712621986866, -0.0022500348277390003, -0.02406410686671734, 0.00019056156452279538, -0.00932791456580162, -0.009751289151608944, 0.009683002717792988, -0.010516096837818623, 0.0024446509778499603, -0.007183723151683807, 0.007709527853876352, -0.01138333324342966, 0.008788451552391052, 0.0001373195555061102, -0.001944453571923077, -0.003100199857726693, -0.01741301640868187, -0.011362846940755844, 0.009560087695717812, -0.0004184672434348613, -0.0072110374458134174, -0.003929879050701857, -0.006002369336783886, -0.005483393091708422, -0.030483022332191467, 0.004732243251055479, -0.007689042016863823, -0.018806058913469315, -0.0076685561798512936, -0.006535002961754799, 0.01474984921514988, -0.0014724242500960827, -0.02054053172469139, 0.008631393313407898, 0.016006318852305412, -0.011082872748374939, -0.012619315646588802, 0.02683653123676777, -0.02242523431777954, 0.015227854251861572, -0.010188321582973003, -0.030018676072359085, -0.013056348077952862, 0.0216467697173357, -0.029800159856677055, -0.02706870622932911, -0.017727134749293327, 0.008713336661458015, -0.016566265374422073, -0.001364019699394703, 0.03130245953798294, 0.03141171485185623, -0.023326613008975983, -0.005616551730781794, 0.003385295392945409, -0.007525154855102301, -0.004001579713076353, 0.007402239367365837, 0.011123844422399998, -0.026686301454901695, 0.04017968103289604, 0.008296790532767773, 0.00263756001368165, 0.006060412619262934, -0.015132253058254719, 0.02731453627347946, -0.002275642240419984, -0.002533423248678446, -0.0228622667491436, -0.011369675397872925, -0.008610907942056656, 0.03438900038599968, 0.01347972359508276, 0.016620894894003868, -0.018054908141493797, 0.01387578435242176, 0.013281692750751972, 0.01286514662206173, 0.02683653123676777, -0.014121615327894688, -0.002178334165364504, -0.014640591107308865, -0.012892461381852627, -0.024050449952483177, 0.04039819911122322, -0.013985042460262775, 0.009969805367290974, -0.01186816580593586, 0.011151159182190895, -0.03116588667035103, 0.006207228172570467, 0.03354224935173988, 0.0007669409387744963, 0.023504158481955528, -0.018560227006673813, 0.0034877248108386993, 0.0044044689275324345, 0.00964885950088501, 0.009348399937152863, 0.010809727944433689, 0.005421935580670834, 0.019120175391435623, 0.007661727257072926, -0.005899939686059952, 0.004575185012072325, -0.0073271244764328, -0.001970060868188739, 0.02241157740354538, 0.006446230690926313, -0.003865006845444441, 0.029800159856677055, 0.04495972767472267, 0.021237051114439964, -0.005831653252243996, 0.03785794600844383, -0.043785203248262405, -0.006671575363725424, 0.01675746776163578, -0.005831653252243996, -0.022548150271177292, 0.00471517164260149, -0.004045965615659952, 0.010126864537596703, 0.001044781063683331, -8.903898560674861e-05, 0.03553621098399162, -0.009341571480035782, 0.020567845553159714, 0.00026653011445887387, -0.010755098424851894, 0.007730013690888882, -0.017030613496899605, 0.03676536679267883, 0.021482883021235466, 0.0007319442229345441, 0.014763507060706615, 0.0023985577281564474, -0.014408417977392673, 0.021933572366833687, -0.03840423747897148, 0.023490501567721367, 0.018027594313025475, -0.008091931231319904, -0.013008547946810722, -0.006050169933587313, -0.02661801502108574, 0.0038411065470427275, -0.04834672808647156, -0.02373633161187172, -0.01607460528612137, 0.026795560494065285, 0.0033596879802644253, 0.008569935336709023, 0.012052538804709911, 0.021605798974633217, 0.030537651851773262, -0.03354224935173988, -0.021578483283519745, -0.002919241087511182, 0.005456078797578812, 0.0004133457550778985, -0.0196391511708498, -0.015555628575384617, 0.015801459550857544, 0.01974841021001339, 0.003984508104622364, -0.02406410686671734, 0.028461746871471405, -0.0019034817814826965, -0.018027594313025475, -0.013780183158814907, 0.005258048418909311, 0.05238927900791168, 0.009109397418797016, -0.01469522062689066, 0.0044044689275324345, 0.0061184559017419815, 0.01630677841603756, -0.033897340297698975, 0.016948670148849487, 0.0030506921466439962, 0.016224835067987442, 0.0008087663445621729, -0.04739072173833847, 0.004735657479614019, -0.023777304217219353, -0.0033289589919149876, 0.0055414363741874695, -0.02908998169004917, 0.00410059466958046, -0.015555628575384617, -0.005927254445850849, -0.018997259438037872, -0.009061597287654877, 0.03354224935173988, 0.025689320638775826, -0.007368096150457859, -0.017467645928263664, -0.016416035592556, 0.0015961931785568595, 0.011335532180964947, 0.005787267349660397, -0.032914016395807266, 0.014995680190622807, 0.003484310582280159, -0.014982023276388645, -0.008139731362462044, -0.03531769663095474, 0.044659268110990524, 0.00031646451679989696, -0.010761926881968975, 0.01610191911458969, 0.013233892619609833, 0.02717796340584755, -0.0003021670563612133, 0.0042439959943294525, 0.0036191761028021574, 0.004575185012072325, -0.01808222383260727, -0.021892601624131203, 0.029472384601831436, 0.01675746776163578, 0.04460463672876358, 0.027464766055345535, -0.0014792528236284852, 0.019010916352272034, 0.019898639991879463, 0.020458588376641273, 0.022875923663377762, -0.03343299403786659, 0.014995680190622807, 0.01765884831547737, 0.028707576915621758, 0.02960895746946335, 0.0032692085951566696, 0.05845310911536217, 0.0277242548763752, 0.04173661023378372, -0.011847680434584618, 0.007101779337972403, 0.012414456345140934, 0.03097468428313732, -0.0022090631537139416, -0.01675746776163578, 0.007873415015637875, -0.002154434099793434, 0.010447810404002666, -0.014572304673492908, 0.02463771216571331, 0.02807934395968914, -0.011854508891701698, -0.00798267312347889, -0.022370604798197746, -0.009020625613629818, 0.010973614640533924, -0.0010609989985823631, 0.011198960244655609, -0.012735402211546898, 0.006186742335557938, -0.027560366317629814, -0.018136851489543915, -0.01688038371503353, 0.0024327009450644255, 0.002436115173622966, 0.020704418420791626, -0.01865582913160324, -0.023353928700089455, -0.004428368993103504, -0.010283922776579857, 0.004926859401166439, 0.002215891843661666, -0.023326613008975983, -0.013445580378174782, 0.011465276591479778, 0.017617875710129738, 0.038786642253398895, 0.014299159869551659, 0.008631393313407898, 0.0007558444049209356, 0.027027733623981476, -0.01177256554365158, -0.04927542433142662, -0.020567845553159714, -0.012503229081630707, 0.005927254445850849, 0.0102156363427639, 0.036874622106552124, 0.005985297728329897, -0.03504455089569092, 0.02362707443535328, 0.002943141385912895, -0.0183007400482893, 0.021250709891319275, -0.01177256554365158, 0.006555488798767328, 0.005087332334369421, -0.008918195962905884, 0.022466206923127174, -0.008754309266805649, -0.02230231836438179, 0.0022210131864994764, 0.015596600249409676, -0.005254633724689484, 0.010775584727525711, -0.006381358485668898, -0.0021697983611375093, 0.018013937398791313, 0.02198820188641548, -0.03862275555729866, 0.010359037667512894, 0.026809217408299446, -0.03905978798866272, 0.020895620808005333, 0.0006926795467734337, -0.00571215245872736, 0.01954355090856552, 0.007265666499733925, 0.016948670148849487, -0.028461746871471405, -0.007709527853876352, 0.001060145441442728, -0.007176894228905439, 0.034662146121263504, 0.003974264953285456, -0.03029181994497776, 0.014217216521501541, -0.016238491982221603, -0.0057360525242984295, -0.0010652669006958604, -0.01065266877412796, -0.006832048296928406, 0.013240721076726913, -0.016293121501803398, -0.022111117839813232, -0.018464626744389534, 0.0040391371585428715, 0.012387142516672611, 0.010980443097651005, 0.011560877785086632, 0.009744460694491863, -0.008337762206792831, -0.017249129712581635, -0.007026664447039366, -0.016948670148849487, -0.004899545107036829, -0.029800159856677055, -0.027041390538215637, 0.019010916352272034, 0.021223394200205803, 0.03294133022427559, -0.00859725009649992, -0.0036499048583209515, -0.023108096793293953, -0.02384559065103531, -0.00033161553437821567, -0.013356808573007584, 0.005865796469151974, -0.004018651321530342, 0.04613425210118294, 0.01896994560956955, 0.017727134749293327, 0.018273424357175827, 0.02873489260673523, 1.7788457853384898e-06, 0.005701909307390451, 0.01303586270660162, -0.00932791456580162, -0.016047289595007896, -0.02362707443535328, 0.028352487832307816, 0.005459493026137352, 0.006060412619262934, 0.010802899487316608, -0.028325174003839493, -0.02484257146716118, 0.008283132687211037, -0.050422634929418564, -0.004814187064766884, -0.020267385989427567, -0.057305898517370224, -0.013787012547254562, 0.026044409722089767, -0.00651793135330081, 0.002089562127366662, -0.049330051988363266, 0.00816021766513586, 0.00691057788208127, 0.005213662050664425, 0.011758907698094845, -0.001669601071625948, 0.00224662059918046, 0.004206438548862934, 0.014667905867099762, -0.013554838486015797, 0.010345380753278732, 0.011349190026521683, -0.0036055187229067087, -0.012011567130684853, 0.006097970064729452, 0.00876113772392273, -0.017016956582665443, 0.0248698852956295, 0.020158126950263977, -0.019256748259067535, -0.004961002618074417, 0.014831793494522572, -0.00837873388081789, -0.0034569960553199053, 0.007914386689662933, -0.002926069777458906, 0.004097180441021919, -0.022479863837361336, -0.012366656213998795, -0.0055585079826414585, 0.028325174003839493, 0.020240072160959244, -4.0111558519129176e-06, -0.0018761672545224428, -0.0020281043834984303, -0.023586101830005646, 0.0020007898565381765, -0.01365043967962265, 0.021018534898757935, 0.01060486864298582, 0.025894179940223694, 0.007286152336746454, -0.0008458970696665347, -0.011608677916228771, -0.013227064162492752, 0.02263009361922741, 0.0046434709802269936, 0.02993673086166382, 0.021469226107001305, -0.011567706242203712, -0.035126492381095886, 0.004097180441021919, -0.012960747815668583, -0.008726994507014751, -0.03376076743006706, 0.007183723151683807, 0.012844660319387913, -0.006681818515062332, -0.011690621264278889, 0.006156013812869787, -0.01474984921514988, 0.007852928712964058, -0.012667115777730942, 0.017795421183109283, -0.01164964959025383, 0.004554698709398508, -0.035126492381095886, 0.007415896747261286, 0.01287880353629589, 0.03845886513590813, 0.005237562116235495, 0.017208157107234, -0.028898779302835464, -0.010359037667512894, 8.471774344798177e-05, -0.0007921215728856623, 0.005514122080057859, -0.0063301436603069305, -0.01548734214156866, -0.010529753752052784, 0.017590561881661415, 0.0010814849520102143, -0.01774079166352749, -0.009915176779031754, 0.0007349317311309278, 0.026317555457353592, -0.009054768830537796, 0.006268686149269342, -0.016224835067987442, 0.008242161013185978, 0.0059477402828633785, 0.00999029166996479, -0.019161147996783257, -0.007559298072010279, -0.009471314959228039, -0.008856737986207008, 0.02130533754825592, 0.0030404492281377316, -0.005022460129112005, -0.011547219939529896, -0.004646885674446821, -0.007204208988696337, -0.042665306478738785, 0.007415896747261286, -0.008665536530315876, -0.02840711735188961, -0.02727356366813183, -0.024801598861813545, 0.015200539492070675, 0.015842430293560028, -0.0029789914842694998, 0.010400009341537952, 0.020909277722239494, 0.03542695194482803, -0.013425094075500965, 0.010563896968960762, -0.002683653263375163, -0.006179913878440857, -0.006999349687248468, 0.016470665112137794, 0.012537372298538685, -0.016702838242053986, 0.02263009361922741, -0.03269549831748009, -0.04941199719905853, 0.009539601393043995, 0.023654388263821602, 0.018696799874305725, -0.0005343406228348613, -0.011164817027747631, 0.004199610091745853, -0.002748525235801935, 0.028680263087153435, -0.023654388263821602, -0.030319135636091232, 0.030155247077345848, -0.01566488668322563, -0.027915455400943756, -0.0025248874444514513, -0.001990546938031912, -0.005428764037787914, -0.017931992188096046, 0.009805918671190739, 0.007388581987470388, -0.031903378665447235, -0.02805202826857567, -0.0002818945504259318, 0.011786222457885742, 0.003998165018856525, -0.00471175741404295, -0.03165754675865173, -0.008747479878365993, -0.016115576028823853, 0.01548734214156866, 0.007893901318311691, 0.019721094518899918, -0.003656733548268676, -0.016361407935619354, 0.014176243916153908, 0.027164306491613388, -0.022575464099645615, -0.017931992188096046, 0.006022855173796415, -0.03108394145965576, -0.04916616529226303, -0.005377549212425947, -0.014544990845024586, 0.02151019684970379, 0.013233892619609833, -0.0016755760880187154, -0.028133971616625786, -0.014954708516597748, -0.037912577390670776, -0.007402239367365837, -0.013199749402701855, 0.0018215380841866136, 0.025115715339779854, 0.010741441510617733, -0.0007447478710673749, 0.028652949258685112, -0.011895480565726757, 0.016334092244505882, -0.027437452226877213, -0.0026870674919337034, -0.003093371167778969, 0.0016772832022979856, 0.021359967067837715, -0.0019222605042159557, -0.008050959557294846, 0.009840061888098717, -0.0027382823172956705, 0.007170065771788359, 0.02597612328827381, 0.027437452226877213, -0.01652529463171959, -0.025252288207411766, 0.011950109153985977, -0.020595159381628036, -0.0046502999030053616, -0.009314256720244884, 0.02273935079574585, -0.013998699374496937, -0.01037269551306963, 0.024760626256465912, 0.020267385989427567, -0.01187499426305294, 0.014763507060706615, 0.009444001130759716, -0.01563757285475731, 0.02506108768284321, -0.015705857425928116, 0.0002022982807829976, -0.00025201926473528147, -0.019884983077645302, 0.021701399236917496, -0.009198170155286789, 0.004322525579482317, 0.03630101680755615, -0.012516885995864868, -0.0006619507330469787, -0.021332653239369392, 0.02452845312654972, 0.006951549556106329, -0.00407669460400939, 0.015077623538672924, -0.008501649834215641, 0.008897710591554642, -0.013896270655095577, 0.009553259238600731, -0.03807646408677101, -0.005995540879666805, -0.015514656901359558, 0.009245970286428928, -0.02428262308239937, -0.006920820567756891, -0.020007897168397903, -0.039551448076963425, -0.008481163531541824, 0.008651879616081715, 0.00882259476929903, -0.038568124175071716, -0.016511637717485428, -0.0003279878292232752, -0.0012761009857058525, -0.00876796618103981, -0.0027724255342036486, 0.01618386246263981, -0.02708236314356327, 0.0012291541788727045, 0.03488066419959068, 0.022671064361929893, -0.013766526244580746, 0.22102922201156616, 0.02495182864367962, -0.004117666278034449, 0.005790681578218937, -0.01730375923216343, 0.007531983312219381, 0.00936888623982668, 0.0017839806387200952, -0.02706870622932911, 0.019352348521351814, -0.02196088619530201, 0.014189901761710644, 0.0003830436908174306, -0.003096785629168153, -0.004558113403618336, 0.0013682876015082002, -0.036464907228946686, -0.021701399236917496, -0.03408854082226753, -0.009573744609951973, 0.03141171485185623, -0.012981233187019825, -0.0025112300645560026, -0.026099039241671562, 0.026932133361697197, -0.016484322026371956, 0.017904678359627724, 0.013288522139191628, 0.015842430293560028, -0.0016346042975783348, -0.014162587001919746, -0.008856737986207008, 0.0021749199368059635, 0.01741301640868187, -0.009464486502110958, -0.0040220655500888824, 0.013329493813216686, -0.011560877785086632, 0.0074227252043783665, 0.010468295775353909, -0.014982023276388645, -0.03275012969970703, 0.00305239949375391, -0.023476844653487206, 0.006476959213614464, -0.0009372300119139254, 0.003721605520695448, -0.014189901761710644, 0.04127226397395134, 0.03414316847920418, -0.021141450852155685, 0.014613277278840542, 0.03865006938576698, -0.01104190107434988, 0.0008343736990354955, 0.006241371389478445, 0.02140093967318535, -0.0014988852199167013, -0.013814326375722885, 0.020581502467393875, -0.012462257407605648, 0.012366656213998795, 0.022220375016331673, 0.006077484227716923, -0.01920211873948574, 0.014271845109760761, -0.009471314959228039, -0.01865582913160324, 0.029690900817513466, -0.0248698852956295, -0.009887862019240856, 0.012578343972563744, -0.00920499861240387, 0.011472105048596859, 0.01330900751054287, -0.016334092244505882, -0.006043341010808945, 0.025102058425545692, 0.037557486444711685, 0.0204312726855278, -0.0014246237697079778, -0.0016405793139711022, -0.000369173038052395, -0.016716497018933296, -0.023586101830005646, -0.005647280253469944, -0.005835067946463823, 0.008071445859968662, -0.014640591107308865, -0.003486017696559429, -0.0032862802036106586, -0.006033098325133324, -0.02174236997961998, -0.003940121736377478, -0.009956148453056812, 0.02428262308239937, -0.0019342105370014906, 0.0314936600625515, -0.0114311333745718, -0.010679983533918858, -0.033788081258535385, 0.04285650700330734, 0.03537232428789139, -0.008255818858742714, -0.03236772492527962, -0.006487202364951372, -0.017822735011577606, 0.010468295775353909, -0.008713336661458015, -0.01697598397731781, 0.020786361768841743, -0.024801598861813545, -0.0005065992590971291, -0.015077623538672924, -0.002185162855312228, 0.03720239922404289, 0.0005475711077451706, -0.006627189461141825, 0.006514516659080982, 0.0016713081859052181, 0.018450969830155373, -0.040125053375959396, -0.004189366940408945, 0.010932642966508865, 0.007333952933549881, -0.017112556844949722, -0.016470665112137794, 0.0033972454257309437, 0.01677112467586994, -0.02398216351866722, 0.0025487877428531647, -0.017467645928263664, 0.005619965959340334, -0.008890881203114986, -0.02306712605059147, -0.006535002961754799, 0.0076685561798512936, -0.029144609346985817, -0.011130673810839653, -0.011622334830462933, 0.010113206692039967, -0.006603288929909468, 0.009082083590328693, -0.00012152834824519232, -0.009969805367290974, -0.0028185187838971615, -0.014640591107308865, 0.007491011638194323, 0.007238352205604315, -0.032558925449848175, -0.017699819058179855, -0.0014365739189088345, -0.0052751200273633, -0.03414316847920418, -0.006797905080020428, -0.008679193444550037, 0.02941775508224964, -0.037666745483875275, 0.0004703221784438938, 0.005527779459953308, -0.019010916352272034, -0.007409067824482918, 0.003670390695333481, 0.02629024162888527, -0.047117576003074646, -0.03051033616065979, -0.17361119389533997, 0.018942629918456078, 0.040753286331892014, -0.0293084979057312, 0.004168881103396416, -0.00673644756898284, -0.0019359177676960826, 0.00010157593351323158, -0.00449665542691946, -0.024938171729445457, 0.006729618646204472, -0.02409142069518566, -0.0532633438706398, -0.02010349929332733, -0.027492079883813858, 0.011246760375797749, -0.008665536530315876, -0.012469085864722729, 0.03802183270454407, 0.012120825238525867, 0.049220792949199677, -0.04017968103289604, 0.00017082254635170102, -0.004698100034147501, 0.007450039964169264, 0.020786361768841743, -0.005684837698936462, -0.03996116667985916, -0.00408010883256793, -0.02797008492052555, -0.011997910216450691, 0.007238352205604315, 0.018614856526255608, 0.007579783909022808, 0.006893506273627281, -0.0024805013090372086, -0.01707158423960209, -0.011444790288805962, -0.005821410566568375, 0.015200539492070675, -0.0034433386754244566, 0.006538417190313339, -0.004530798643827438, 0.025252288207411766, 0.01632043533027172, 0.04080791771411896, 0.017508618533611298, 0.0007532836752943695, 0.022056488320231438, -0.05050457641482353, 0.03275012969970703, -0.017891021445393562, 0.005589236970990896, 0.007607098203152418, 0.0074568684212863445, -0.0033323734533041716, -0.0025590306613594294, 0.024555768817663193, -0.013937242329120636, -0.024227993562817574, 0.007641241420060396, -0.01309049129486084, 0.004950759466737509, 0.010010777041316032, -0.02253449149429798, 0.0001540710509289056, -0.00696179224178195, 0.016142891719937325, -0.060638271272182465, -0.006046755239367485, 0.012783203274011612, -0.00030792871257290244, -0.009047940373420715, -0.0011216031853109598, -0.004155223723500967, 0.01828708127140999, -0.008651879616081715, 0.0022892996203154325, 0.002547080395743251, 0.016361407935619354, 0.0014177951961755753, 0.017453989014029503, -0.032914016395807266, 0.021127793937921524, 0.00815338920801878, -0.011089702136814594, 0.0001615398796275258, -0.010912157595157623, 0.002502694260329008, -0.0033801738172769547, 0.02308078296482563, -0.04408566281199455, -0.029663586989045143, -0.009696660563349724, -0.01453133299946785, 0.018273424357175827, 0.019830353558063507, -0.003967436496168375, 0.005090746562927961, -0.035017237067222595, 0.0072451806627213955, -0.01797296479344368, -0.0252932608127594, -0.005678009241819382, 0.01987132430076599, 0.014408417977392673, 0.0029124123975634575, -0.007272495422512293, 0.023162726312875748, 0.017112556844949722, -0.017385702580213547, 0.027874484658241272, 0.016252148896455765, 0.023244669660925865, -0.009068425744771957, 0.03160291910171509, -0.01786370575428009, -0.0009269870934076607, 0.007818786427378654, -0.004353254102170467, 0.059764206409454346, 0.012236911803483963, -0.0040323082357645035, 0.00959423091262579, 0.010249779559671879, -0.020021554082632065, -0.08997408300638199, -0.034470945596694946, 0.0029875272884964943, -0.0015646107494831085, -0.014135272242128849, 0.01016100775450468, 0.013711896724998951, 0.0273008793592453, -0.015391740947961807, 0.00899331085383892, -0.04340279847383499, -0.008802109397947788, 0.019338691607117653, 0.014859107322990894, 0.0009184512891806662, 0.008003159426152706, -0.007791471667587757, 0.00842653401196003, -0.0032640870194882154, 0.022548150271177292, -0.004674199968576431, -0.0204312726855278, 0.0011429425794631243, 0.0053707207553088665, -0.034771405160427094, -0.003670390695333481, -0.03553621098399162, 0.007566126529127359, 0.012769545428454876, -0.005722395144402981, -0.0009286942076869309, -0.0014229166554287076, 0.022575464099645615, 0.007962187752127647, -0.011472105048596859, 0.018013937398791313, -0.014777163974940777, -0.0063130720518529415, 0.04053477197885513, -0.0006039073341526091, 0.0046502999030053616, 0.02074539102613926, 0.00022513153089676052, -1.8245256796944886e-05, 0.016129232943058014, 0.004640056751668453, -0.005066846497356892, 0.0319853201508522, 0.00676376186311245, -0.03132977336645126, -0.040562085807323456, -0.0021219979971647263, -0.023599758744239807, -0.03676536679267883, 0.04449537768959999, -0.012175454758107662, 0.004004993941634893, -0.003433095756918192, -0.01653895154595375, 0.02220671810209751, 0.003482603468000889, -0.03119320049881935, 0.0016482615610584617, 0.014572304673492908, 0.024050449952483177, 0.008167046122252941, 0.0019990825094282627, -0.0006619507330469787, 0.0012769545428454876, -0.007306638639420271, -0.017795421183109283, 0.00026076845824718475, -0.046543970704078674, 0.006214057095348835, 0.006309657823294401, 0.010447810404002666, 0.005708738230168819, -0.0008791866130195558, 0.021032193675637245, -0.008610907942056656, -0.003704533912241459, 0.0030592279508709908, -0.007443211041390896, -0.014722535386681557, 0.035891301929950714, 0.004206438548862934, 0.013950899243354797, 0.02264375053346157, -0.003612347412854433, -0.03187606483697891, -0.006244785618036985, 0.009519116021692753, 0.010072235018014908, -0.016156548634171486, -0.020349329337477684, 0.04250141978263855, -0.013076834380626678, 0.006029683630913496, 0.009717145934700966, 0.012708088383078575, -0.019010916352272034, -0.022671064361929893, -0.0443861223757267, 0.03474409133195877, 0.005637037567794323, 0.009396200068295002, 0.02949969843029976, 0.0003546621883288026, -0.0008322397479787469, -0.021837972104549408, 0.009068425744771957, 0.017549589276313782, 0.0032931086607277393, 0.003977679181843996, 0.00634721526876092, 0.001702890614978969, 0.004510312806814909, 0.0029465556144714355, 0.02697310410439968, -0.02441919595003128, 0.0034433386754244566, 0.0012069611111655831, -0.007238352205604315, -0.03187606483697891, 0.029445070773363113, 0.016702838242053986, -0.023709017783403397, 0.00899331085383892, -0.013131462968885899, 0.009587402455508709, -0.017030613496899605, -0.010536582209169865, 0.021796999499201775, -0.022097459062933922, 0.012994891032576561, 0.04217364266514778, 0.020813677459955215, -0.026577044278383255, 0.015350769273936749, 0.023709017783403397, 0.047445349395275116, 0.007641241420060396, -0.019898639991879463, -0.03919636085629463, 0.0016610652673989534, -0.011581363156437874, 0.03419779986143112, -0.005596065428107977, -0.01574683003127575, -0.0007968162535689771, 0.0070403218269348145, 0.014189901761710644, 0.026809217408299446, 0.008433363400399685, -0.0014954708749428391, -0.039442189037799835, -0.021264366805553436, -0.040999118238687515, -0.0018812887137755752, 0.015323454514145851, -0.03649222105741501, -0.020349329337477684, 0.033023275434970856, -0.01607460528612137, 0.008262647315859795, -0.023818274959921837, 0.01785004884004593, -0.03351493552327156, -0.025320574641227722, 0.0007835857686586678, 0.01674381084740162, -0.014176243916153908, -0.03209457919001579, -0.004144981037825346, -0.016894040629267693, 0.022671064361929893, 0.01588340289890766, -0.008713336661458015, -0.019010916352272034, -0.015924375504255295, 0.004814187064766884, 0.020458588376641273, 0.013131462968885899, -0.014463046565651894, -0.005503878928720951, 0.006046755239367485, 0.031548287719488144, 0.017385702580213547, -0.0034877248108386993, 0.0228622667491436, 0.0026734101120382547, 0.0003533818235155195, -0.016825754195451736, 0.007094950880855322, 0.000979908974841237, -0.011560877785086632, 0.012598829343914986, -0.011089702136814594, -0.026276584714651108, -0.0066852327436208725, 0.031138570979237556, 0.011178473941981792, 0.017003299668431282, 0.0003762150590773672, 0.0008774794987402856, -0.00757295498624444, -0.015050309710204601, 0.007702699396759272, -0.021250709891319275, -0.025265945121645927, 0.004896130412817001, 0.02331295609474182, -0.015719516202807426, -0.020677104592323303, -0.014340131543576717, 0.01470887754112482, 0.0008727847598493099, 0.004943931009620428, 0.009245970286428928, -0.0023678287398070097, -0.007716356310993433, 0.018956288695335388, -0.0019034817814826965, 0.010440981015563011, 0.00023238695575855672, -0.02074539102613926, 0.030920054763555527, 0.010618525557219982, -0.016457008197903633, -0.02451479621231556, 0.014681562781333923, -0.0016610652673989534, 0.024159707129001617, -0.010311237536370754, -0.032832071185112, -0.0339246541261673, -0.02029469981789589, -0.03676536679267883, -0.00026460958179086447, 0.004920030944049358, 0.011301388964056969, 0.08205286413431168, 0.023804618045687675, 0.007620755583047867, 0.0025487877428531647, 0.00013817314174957573, 0.009478144347667694, 0.027259906753897667, 0.017331073060631752, -0.01242811419069767, 0.011233103461563587, 0.008091931231319904, -0.0009321085526607931, -0.008931852877140045, -0.023995820432901382, -0.018724113702774048, 0.0014041379326954484, 0.003936707507818937, -0.006343801040202379, 0.0007037760806269944, -0.025702979415655136, 0.0017891020979732275, 0.0019615250639617443, 0.015063966624438763, 0.0023490500170737505, 0.00346723897382617, 0.0027212107088416815, 0.003354566404595971, 0.008535792119801044, -0.02829786017537117, -0.04228290170431137, 0.004192781168967485, 5.6069486163323745e-05, -0.04457732290029526, -0.005281948484480381, -0.016416035592556, -0.020827334374189377, -0.015815116465091705, -0.0022073560394346714, 0.0004506898403633386, 0.02629024162888527, -0.019939610734581947, -0.008365076966583729, -0.03384270891547203, -0.02417336404323578, -0.017549589276313782, 0.014189901761710644, 0.008057788014411926, 0.003402367001399398, -0.03427974134683609]","[-0.007833960466086864, 0.025937309488654137, -0.00991083960980177, 0.00735363969579339, -0.007806899957358837, 0.028115665540099144, -0.01775156520307064, -0.030334610491991043, -0.013293378055095673, -0.02911689691245556, 0.01723741926252842, 0.011676524765789509, 0.015911463648080826, -0.026559697464108467, 0.008449582383036613, -0.015329667367041111, 0.025856127962470055, -0.016155006363987923, 0.01058734767138958, -0.055960725992918015, -0.03152526542544365, 0.015897933393716812, 0.016385018825531006, -0.03942687436938286, -0.029766343533992767, 0.0036294644232839346, 0.02591024897992611, -0.013293378055095673, -0.02849450893700123, 0.00013234184007160366, 0.017886865884065628, -0.00132764654699713, -0.003720792941749096, -0.04042810574173927, -0.024246040731668472, 0.006741400342434645, -0.016344428062438965, -0.013773699291050434, 0.007583652622997761, -0.01844160258769989, -0.002411750378087163, -0.027385035529732704, 0.003849329426884651, -0.027276795357465744, 0.022189456969499588, 0.028954533860087395, -0.003242163686081767, -0.012745407409965992, -0.0017217124113813043, 0.012156845070421696, 0.005489860661327839, 0.01202830858528614, -0.044514212757349014, -0.01024232804775238, 0.0011382243828848004, 0.009024614468216896, 0.00925462692975998, -0.007143922615796328, 0.0038425642997026443, -0.012156845070421696, 0.020782319828867912, 0.016736803576350212, 0.0007145613781176507, -0.0063016703352332115, 0.0011737410677596927, -0.013631632551550865, 0.008050442673265934, 8.493343921145424e-05, 0.017548613250255585, 0.00688008451834321, 0.013604572042822838, 0.011121788062155247, -0.012569515034556389, -0.002256153617054224, 0.006616246420890093, 0.0020362886134535074, 0.0059735639952123165, 0.028223905712366104, 0.017223889008164406, 0.010790299624204636, 0.012819822877645493, -0.0011356874601915479, -0.04832971841096878, 0.005702960770577192, 0.0168721042573452, 0.023515410721302032, 0.013584276661276817, 0.021986503154039383, -0.0008595877443440259, -0.0016836588038131595, -0.003384230425581336, 0.02562611550092697, 0.05149577558040619, 0.007948966696858406, -0.0005712262936867774, 0.0021073217503726482, -0.015099653974175453, 0.03130878135561943, -0.013408385217189789, -0.0225953608751297, -0.03815504163503647, 0.0235830619931221, -0.02350188046693802, -0.007881316356360912, -0.029279258102178574, 0.019997570663690567, 0.024408401921391487, -0.03921039402484894, 0.0019398861331865191, -0.007130392361432314, -0.00958611536771059, 0.014599038287997246, -0.0005399378133006394, -0.0178598053753376, 0.005182049702852964, -0.007001855876296759, -0.00730628427118063, -0.02070113830268383, -0.0017403163947165012, -0.002628232818096876, 0.014977882616221905, 0.01570851169526577, 0.01104060746729374, -0.02500372938811779, 0.010235562920570374, 0.005195579957216978, -0.033690087497234344, 0.0005264076171442866, 0.003232015995308757, -0.017007406800985336, 0.06489063054323196, 0.0360172763466835, -0.0019872416742146015, 0.001934812287800014, -0.03279709815979004, 0.012123020365834236, 0.001990624237805605, 0.014829051680862904, -0.014517857693135738, -0.0039778659120202065, 0.031687624752521515, 0.022717133164405823, 0.004414213355630636, -0.019997570663690567, -0.0009767081355676055, 0.00727922422811389, 0.02110704407095909, 0.0009589498513378203, 0.01876632682979107, -0.014626098796725273, -0.01807628944516182, -0.01865808479487896, -0.008111328817903996, -0.017575673758983612, -0.005841644946485758, 0.011500632390379906, -0.015140244737267494, 0.004245086573064327, -0.005970181431621313, 0.011832121759653091, 0.008733715862035751, 0.010093496181070805, 0.024462522938847542, 0.005990476813167334, 0.006436971947550774, 0.03669378533959389, 0.010925601236522198, -0.018698675557971, -0.00166082673240453, 0.014382556080818176, 0.0037749134935438633, 0.02718208357691765, 0.006910527125000954, -0.010709119029343128, 0.016195597127079964, 0.025680236518383026, 0.0021614425349980593, 0.00264176307246089, -0.007867786101996899, 0.005307203624397516, -0.021783551201224327, -0.015234955586493015, 0.00932904239743948, 0.00354490103200078, -0.014030772261321545, -0.00010496441245777532, -0.01153445802628994, -0.008422521874308586, -0.01803569868206978, -0.012596575543284416, -0.01749449223279953, -0.005821349564939737, -0.008266925811767578, -0.005151607096195221, -0.6325618624687195, -0.020877031609416008, 0.013949590735137463, -0.028873354196548462, 0.02795330248773098, 0.01122326496988535, -0.009335807524621487, 0.004221408627927303, -0.005858557764440775, 0.00512116402387619, 0.0022730662021785975, -0.0033825391437858343, 0.00812485907226801, 0.00730628427118063, -0.028873354196548462, -0.014666689559817314, 0.023204218596220016, -0.006761695723980665, -0.006974795367568731, 0.027899181470274925, -0.008956963196396828, 0.014152543619275093, 0.004454804118722677, 0.020714668557047844, 0.014639629051089287, -0.014517857693135738, -0.01111502293497324, -0.005993859376758337, 0.007022151257842779, -0.011487103067338467, -0.007495706435292959, 0.02164825052022934, 0.007644538301974535, -0.005158372223377228, 0.0360172763466835, -0.03820916265249252, -0.018549844622612, -0.0032286334317177534, -0.015519089065492153, 0.012738642282783985, -0.012982184998691082, -0.0036869675386697054, 0.03875036910176277, -0.012244791723787785, 0.0036057867109775543, 0.0029918558429926634, -0.028602750971913338, 0.0026451456360518932, 0.009937900118529797, 0.0011678215814754367, 0.022284166887402534, 0.00039026045124046504, 0.014531387947499752, 0.02868393063545227, -0.0018367187585681677, -0.01221096608787775, 0.008341341279447079, -0.01455844845622778, 0.021337056532502174, 0.014626098796725273, -0.000750078062992543, 0.0009437283733859658, -0.03950805589556694, -0.03994102030992508, -0.017250949516892433, 0.0003496699791867286, -0.003007077146321535, -0.012346267700195312, 0.01840101182460785, -0.0087810717523098, 0.024070147424936295, -0.012454508803784847, 0.01221096608787775, 0.023975437507033348, -0.009315512143075466, -0.0124071529135108, 0.031173480674624443, -0.0032151034101843834, -0.008537529036402702, 0.0011940363328903913, 0.024448992684483528, -0.021675311028957367, 0.010905305854976177, -0.001332720392383635, -0.001246465602889657, -0.017440371215343475, -0.03864212706685066, -0.01392253115773201, -0.0024032939691096544, -0.00895019806921482, -0.0014037537621334195, 0.01745390146970749, 0.028007423505187035, -0.011270619928836823, 0.014910232275724411, 0.005226023029536009, -0.009843188337981701, 0.017467431724071503, 0.01902339980006218, -0.03214764967560768, 0.0025284478906542063, 0.012001249007880688, 0.007570122368633747, 0.006081805098801851, 0.015735572203993797, 0.022663012146949768, -0.01695328578352928, -0.0052666133269667625, 0.023637183010578156, -0.02511196956038475, 0.006721104960888624, 0.005618397146463394, -0.024083677679300308, 0.0014866258716210723, -0.0021851202473044395, -0.03014518879354, 0.022067684680223465, 0.014517857693135738, 0.0019398861331865191, -0.028738051652908325, 0.0011390700237825513, 0.03195822983980179, 0.01545143872499466, -0.016087355092167854, 0.0029411176219582558, 0.027425626292824745, 0.003074727952480316, 0.029928704723715782, 0.0002606669149827212, -0.021093513816595078, 0.03701850771903992, 0.010255858302116394, -0.003527988214045763, -0.003377465298399329, 0.022974206134676933, 0.026816770434379578, -0.0015838738763704896, 0.02500372938811779, -0.008828426711261272, -0.028440387919545174, -0.0017335512675344944, 0.007062741555273533, 0.011419451795518398, -0.018996339291334152, 0.0168721042573452, -0.008043677546083927, -0.023664243519306183, 0.004420978482812643, -0.01822512038052082, 0.018049228936433792, -0.004434508737176657, -0.018022168427705765, -0.0002744084922596812, 0.02416485920548439, 0.015613799914717674, -0.007800135295838118, 0.04169994220137596, -0.02448958344757557, -0.013949590735137463, -0.017250949516892433, 0.01020850334316492, 0.02168884128332138, -0.004356710240244865, -0.016371488571166992, -0.008774306625127792, -0.00031055937870405614, -0.0073130493983626366, 0.015437908470630646, -0.024516643956303596, -0.023623652756214142, 0.033365365117788315, -0.016790924593806267, -0.011439747177064419, 0.0224465299397707, -0.012420683167874813, -0.004268764518201351, -0.03498898446559906, -0.009958194568753242, 0.012359797954559326, -0.019686376675963402, 0.02084997110068798, -0.007367169950157404, 0.025558464229106903, -0.01654738187789917, 0.04308001697063446, -0.007861020974814892, 0.007908375933766365, 7.372878462774679e-05, -0.02984752506017685, 0.03604433685541153, -0.006416676566004753, 0.0036802024114876986, -0.032418254762887955, -0.01902339980006218, 0.0021783551201224327, 0.010120556689798832, -0.001648987759836018, 0.02573435753583908, 0.025571994483470917, -0.012583045288920403, 0.010702353902161121, 0.02048465609550476, 0.0193887148052454, -0.03523252531886101, -0.00967406202107668, -0.034312475472688675, -0.005909295752644539, -0.021729430183768272, 0.01708858646452427, 0.045758988708257675, 0.017697444185614586, -0.02423251047730446, -0.006491092499345541, -0.033148881047964096, 0.005195579957216978, 0.006954500451683998, 0.01217037532478571, 0.0035516659263521433, 0.01268452126532793, 0.014720809645950794, 0.005709725897759199, -0.030632274225354195, 0.03980572149157524, -0.02041700668632984, -0.017440371215343475, -0.004380388185381889, -0.0010156073840335011, 0.03412305563688278, 0.03247237578034401, -0.026776179671287537, -0.0005708034732379019, 0.01235303282737732, -0.020389946177601814, 0.0193887148052454, 0.014991412870585918, 0.0024134416598826647, 0.02074172906577587, 0.010465575382113457, 0.02868393063545227, 0.0007234405493363738, 0.03485368192195892, 0.016560912132263184, 0.012048603966832161, -0.0054763308726251125, 0.018752796575427055, 0.00375800090841949, 0.018861038610339165, -0.01826571114361286, -0.02296067588031292, 0.03553019091486931, -0.016425609588623047, 0.005398532375693321, -0.003571961307898164, -0.003018916118890047, 0.005334264133125544, -0.007299519143998623, -0.010668528266251087, 0.0014714044518768787, 0.005865322891622782, 0.00936963316053152, -0.00023910323216114193, -0.007191278040409088, -0.002785520860925317, -0.032742977142333984, 0.00819927453994751, -0.010397925041615963, -0.009687592275440693, 0.004529219586402178, -0.004393918439745903, 0.0008701581973582506, -0.0035178405232727528, -0.020606428384780884, 0.017548613250255585, -0.02827802672982216, 0.02063348889350891, -0.0069680302403867245, 0.0054357401095330715, -0.006545213051140308, 0.0004355018900241703, -0.019199291244149208, -0.02752033807337284, -0.0037749134935438633, 0.013016010634601116, 0.015559679828584194, -0.008300750516355038, -0.033879511058330536, -0.009680827148258686, 0.03634199872612953, -0.006822581402957439, 0.004975715186446905, 0.00932904239743948, 0.02223004586994648, 0.030956996604800224, 0.001177123631350696, -0.024692535400390625, -0.01528907660394907, 0.031146420165896416, -0.008463112637400627, -0.004853943362832069, 0.04115873575210571, -0.004478481598198414, 0.0066568367183208466, -0.0015957128489390016, -0.014017242006957531, 0.051847558468580246, 0.00996495969593525, 0.005381619557738304, -0.03228295221924782, 0.012603340670466423, -0.03834446147084236, -0.0164797306060791, -0.01566792093217373, -0.03111935965716839, -0.011825356632471085, -0.02248711884021759, -0.012258321978151798, -0.0052497005090117455, 0.012204200960695744, 0.016236187890172005, 0.00889607798308134, -0.028873354196548462, -0.03320300206542015, 0.0011551370844244957, 0.020173462107777596, 0.03563843294978142, 0.007110096979886293, -0.003414673265069723, 0.016817985102534294, -0.007590417750179768, 0.012765702791512012, -0.005885617807507515, -0.017142707481980324, 0.016642091795802116, -0.019943449646234512, -0.016127945855259895, -0.02001110091805458, 0.009863483719527721, -0.021553538739681244, 0.003869624575600028, -0.013279848732054234, -0.00023720055469311774, -0.022879494354128838, -0.010343804024159908, -0.02084997110068798, -0.024097207933664322, 0.024760186672210693, 0.019524015486240387, 0.022365348413586617, 0.012400387786328793, 0.017372719943523407, 0.041131675243377686, 0.002437119372189045, 0.03111935965716839, -0.006626394111663103, -0.021634720265865326, 0.027073843404650688, 0.024110738188028336, 0.027709759771823883, -0.003615934168919921, 0.0124071529135108, 0.0042552342638373375, -0.025098439306020737, 0.002883614506572485, 0.007049211300909519, -0.007800135295838118, 0.019740497693419456, 0.0024286629632115364, 0.0010172986658290029, -0.0029850907158106565, -0.003069654107093811, -0.003639612114056945, 0.014341965317726135, -0.014463736675679684, -0.01244774367660284, -0.002702648751437664, -0.015952054411172867, -0.03645024076104164, 0.03149820491671562, -0.014680219814181328, 0.021012332290410995, -0.026870889589190483, -0.006436971947550774, -0.023894255980849266, -0.006047979928553104, -0.01906399056315422, 0.019875800237059593, 0.0052497005090117455, 0.01880691759288311, 0.0016439140308648348, -0.007394230458885431, 0.00234240829013288, -0.029279258102178574, -0.014301375485956669, -0.01221096608787775, -6.11499635851942e-05, -0.005009540356695652, -0.0011931906919926405, 0.014585508033633232, 0.016642091795802116, 0.031146420165896416, 0.02296067588031292, 0.0033318009227514267, -0.032634735107421875, -0.010452046059072018, -0.028521569445729256, -0.027087373659014702, -0.005723256152123213, -0.019591666758060455, -0.020538777112960815, -0.0033199621830135584, -0.00796249695122242, 0.025030789896845818, -0.011980953626334667, 0.036612603813409805, 0.010161147452890873, 0.024083677679300308, 0.009444048628211021, 0.002163133816793561, 0.002672205911949277, 0.02507137879729271, 0.05033218115568161, 0.027547398582100868, -0.015911463648080826, 0.0036666723899543285, 0.014639629051089287, -0.021350586786866188, -0.011690055020153522, -0.010093496181070805, 0.00332503579556942, 0.010262623429298401, -0.00046171658323146403, -0.013787229545414448, -0.0018147322116419673, -0.009288452565670013, -0.01173741091042757, 0.0036937326658517122, 0.006264462135732174, -0.014720809645950794, 0.025355512276291847, 0.0009073661058209836, 0.02132352627813816, -0.0011162378359586, -0.010093496181070805, 0.005648840218782425, 0.013685752637684345, -0.02963104285299778, 0.0167232733219862, 0.003248928813263774, -0.0015889477217569947, -0.007137157488614321, -0.0050568957813084126, -0.028440387919545174, -0.01910458132624626, -0.004928359296172857, 0.0012566132936626673, 0.0067312526516616344, -0.006721104960888624, -0.03160644322633743, -0.039778660982847214, -0.01570851169526577, 0.002707722596824169, 0.012495099566876888, -0.011189439333975315, -0.007908375933766365, -0.012136549688875675, -0.015627330169081688, 0.01258981041610241, 0.005039983429014683, -0.0011424525873735547, -0.022947145625948906, -9.348227649752516e-06, -0.034637201577425, 0.045758988708257675, 0.018942218273878098, -0.015004943124949932, -0.01818452961742878, 0.009274922311306, -0.024692535400390625, -0.0031170097645372152, -0.024773716926574707, -0.03036167100071907, 0.0013665457954630256, 0.03501604497432709, 0.03109229914844036, 0.024394871667027473, -0.0029428089037537575, 0.008469877764582634, -0.01545143872499466, -0.016087355092167854, -0.014409616589546204, 0.02044406533241272, 0.0032810629345476627, 0.019361654296517372, 0.00013022775237914175, 0.03006400726735592, -0.0097687728703022, 0.010966191999614239, -0.01639854907989502, -0.0005754544399678707, 0.01261010579764843, -0.004657756071537733, -0.005679283291101456, -0.0020971742924302816, -0.025680236518383026, -0.0007280915160663426, 0.006988325621932745, -0.020281704142689705, -0.015694981440901756, -0.02339364029467106, -0.0334465466439724, 0.028196845203638077, -0.004072577226907015, 0.024827836081385612, 0.00419096602126956, 0.03539488837122917, -0.018833978101611137, -0.006484327372163534, -0.003453572280704975, -0.005361324176192284, -0.01876632682979107, 0.000874386343639344, 0.013550451025366783, -0.0006989171379245818, 0.03138996288180351, 0.00932904239743948, 0.008118093945086002, -0.0033318009227514267, 0.017183298245072365, 0.005861940328031778, -0.02063348889350891, 0.004640843719244003, -0.03696438670158386, -0.022243576124310493, -0.03396069258451462, -0.009024614468216896, -0.033554788678884506, -0.029658103361725807, 0.026289094239473343, 0.017683913931250572, 0.006149455904960632, -0.013313673436641693, 0.022825373336672783, 0.016100885346531868, -0.02890041284263134, -0.0028058162424713373, -0.023204218596220016, 0.011811826378107071, -0.021485887467861176, 0.037370290607213974, 0.027899181470274925, -0.02489548735320568, -0.030848756432533264, -0.02336657978594303, 0.004333032760769129, -0.014829051680862904, -0.005161754786968231, -0.0010020772460848093, -0.01654738187789917, -0.01898280903697014, -0.007793370168656111, 0.010939131490886211, 0.03309476375579834, -0.005378236994147301, 0.02354247123003006, -0.0029986209701746702, 0.01445020642131567, 0.0007699504494667053, -0.0014308140380308032, -0.03279709815979004, -0.0021682074293494225, -0.01986226998269558, 0.004796440247446299, 0.004363475367426872, 0.011615639552474022, -0.01024232804775238, 0.015735572203993797, -0.027398565784096718, 0.032526496797800064, -0.021296465769410133, 0.01669621281325817, -0.0175621435046196, -0.007806899957358837, -0.010499401018023491, -0.01800863817334175, -0.0005061124102212489, -0.009416989050805569, 0.011020312085747719, 0.00949140451848507, -0.00255212583579123, -0.006491092499345541, -0.009268157184123993, -0.024760186672210693, -0.01413901336491108, 0.02536904253065586, 0.007861020974814892, -0.006132543087005615, -0.0008912990451790392, 0.01629030890762806, 0.004637461155653, -0.014531387947499752, -0.038317400962114334, 0.02263595163822174, -0.020403476431965828, 0.013293378055095673, 0.024286629632115364, -0.012400387786328793, -0.005851792637258768, -0.0031102446373552084, -0.008841956965625286, -0.025774948298931122, -0.012393622659146786, 0.0017775242449715734, 0.017738034948706627, -0.03623375669121742, -0.012271851301193237, 0.0050568957813084126, -0.014585508033633232, 0.024029556661844254, 0.01906399056315422, -0.0029783255886286497, 0.004065812099725008, 0.004823500756174326, -0.0029225137550383806, 0.02007875218987465, -0.004133462905883789, 0.004245086573064327, -0.03138996288180351, 0.02171589992940426, 1.4521134289680049e-05, -0.014071362093091011, 0.014017242006957531, -0.012434213422238827, -0.03653142228722572, -0.005097486544400454, 0.006947735324501991, 0.017115646973252296, 0.0028734668157994747, -0.010607642121613026, -0.0003972369304392487, 0.01397665124386549, 0.010303214192390442, -0.023204218596220016, -0.02825096622109413, -0.003186351852491498, -0.023488352075219154, -0.001530598965473473, 0.003933893050998449, -0.014328435063362122, 0.0227441918104887, -0.01891515776515007, 0.0007200579857453704, 0.019415773451328278, -0.04137521609663963, 0.004891151562333107, -0.013854879885911942, 0.018279241397976875, -0.009755242615938187, 0.003490780247375369, -0.016168536618351936, -0.005009540356695652, -0.019266942515969276, 0.02634321339428425, 0.01127738505601883, 0.010668528266251087, 0.00727922422811389, -0.0021783551201224327, 0.027790941298007965, 0.01413901336491108, -0.04140227660536766, 0.007556592114269733, -0.03363597020506859, 0.0004638306563720107, 0.006595951039344072, -0.0015187599929049611, -0.006619628984481096, 0.009301982820034027, 0.020430535078048706, -0.023380110040307045, -0.021661780774593353, 0.0016092429868876934, -0.025720827281475067, 0.0084360521286726, 0.00188407429959625, -0.0010333657264709473, 0.008348106406629086, -0.006497857626527548, -0.006568890996277332, 0.009444048628211021, 0.006200193893164396, -0.002406676532700658, -0.006548595614731312, 0.03845270350575447, -0.006494475062936544, 0.041970543563365936, 0.022189456969499588, 0.005276761017739773, -0.03655848279595375, 0.00507380859926343, 0.012488334439694881, -0.00936963316053152, 0.028521569445729256, 0.01716976799070835, 0.0006718568038195372, 0.011825356632471085, -0.02825096622109413, 0.009863483719527721, 0.021052923053503036, 0.014829051680862904, -0.023136567324399948, -0.014788460917770863, 0.003626081859692931, 0.031038178130984306, 0.0071168621070683, 0.007448351010680199, -0.011378861032426357, 0.017291540279984474, -0.0008020845707505941, -0.005486478563398123, -0.040076322853565216, -0.005212492775171995, -0.01913164183497429, -0.03217471018433571, -0.0029597217217087746, -0.0015881020808592439, 0.0022206369321793318, 0.020430535078048706, 0.012380093336105347, 0.011243559420108795, 0.011358566582202911, 0.012873943895101547, -0.01873926632106304, -0.009308747947216034, 0.008977258577942848, 0.004735554568469524, 0.008341341279447079, 0.003893302520737052, 0.01964578777551651, -0.00913285557180643, 0.0022290933411568403, -0.023312458768486977, -0.006541830487549305, -0.029171016067266464, -0.004725406877696514, 0.0001499944628449157, -0.035665493458509445, -0.0033639350440353155, 0.025531405583024025, 0.00447509903460741, -0.019916389137506485, -0.012623636052012444, 0.014666689559817314, -0.028656870126724243, -0.01910458132624626, 0.014274314977228642, -0.013746638782322407, -0.0317688062787056, 0.0018096583662554622, 0.03663966432213783, -0.006876701954752207, 0.024760186672210693, 0.2253582775592804, 0.00401845620945096, -0.0030290638096630573, 0.020389946177601814, -0.009829658083617687, 0.0193887148052454, 0.016966816037893295, -0.004109784960746765, -0.021377647295594215, 0.008463112637400627, 0.0032353985588997602, -0.0124071529135108, 0.0020853353198617697, 0.0035313707776367664, -0.011419451795518398, 0.012623636052012444, -0.04202466458082199, -0.01600617542862892, -0.03639611974358559, -0.014017242006957531, 0.028981594368815422, 0.02453017234802246, -0.0052902912721037865, -0.0001336102868663147, 0.033148881047964096, -0.012948359362781048, 0.0020751876290887594, 0.006464031990617514, 0.003876389702782035, -0.001538209617137909, 0.0035110756289213896, 0.022906554862856865, 0.018942218273878098, 0.01226508617401123, -0.03479956090450287, -0.008395462296903133, -0.02569376677274704, -0.0004255656967870891, 0.02317715808749199, 0.007150687742978334, -0.002920822473242879, -0.01917223073542118, -0.01654738187789917, -0.01151416264474392, 0.004434508737176657, 0.007184512913227081, -0.011994483880698681, -0.010215267539024353, 0.010343804024159908, 0.004055664408951998, -0.012278616428375244, 0.013990181498229504, 0.004333032760769129, 0.01242744829505682, 0.01844160258769989, -0.005452652927488089, 0.011196204461157322, 0.013895470649003983, 0.018103349953889847, -0.007685128599405289, -0.020105812698602676, 0.032120589166879654, -0.017102116718888283, 0.0009479565778747201, -0.039048030972480774, 0.009809363633394241, -0.01014761719852686, 0.02562611550092697, 0.016371488571166992, -0.008537529036402702, 0.0011644390178844333, -0.001983859110623598, 0.011575048789381981, -0.0006363401771523058, -0.02113410457968712, 0.006396381184458733, 0.01000555045902729, -0.0029123660642653704, 0.028007423505187035, 0.031579386442899704, -0.024922547861933708, 0.015952054411172867, -0.022324757650494576, -0.023420700803399086, 0.007407760713249445, -0.02384013496339321, 0.025599054992198944, -0.015681451186537743, -0.014206663705408573, 0.028954533860087395, 0.00029576075030490756, -0.027236204594373703, -0.014829051680862904, -0.013151312246918678, -0.001946651260368526, -0.00244219321757555, -0.007712189108133316, -0.005263230763375759, -0.005259848199784756, 0.01614147610962391, -0.014369025826454163, 0.03425835445523262, 0.008172214031219482, 0.012840118259191513, 0.0011940363328903913, 0.010749708861112595, 0.0068902322091162205, 0.013909000903367996, 0.020254643633961678, -0.014856111258268356, 0.01175094023346901, -0.049547433853149414, 0.016601501032710075, -0.010194973088800907, -0.015234955586493015, 0.00798279233276844, 0.013043070212006569, -0.012001249007880688, 0.0014274314744397998, -0.009044909849762917, 0.010499401018023491, -0.018793387338519096, 0.014531387947499752, 0.009477874264121056, -0.006541830487549305, 0.0142337242141366, 0.013252788223326206, -0.013733108527958393, -0.008652535267174244, -0.02638380415737629, 0.0021343822591006756, -0.0357196107506752, -0.010337039828300476, -0.007556592114269733, -0.023123037070035934, -0.02252770960330963, -0.014111952856183052, -0.020944681018590927, -0.027290325611829758, -0.010458811186254025, 0.026667937636375427, -0.005513538606464863, 0.031471144407987595, -0.003720792941749096, 0.008686359971761703, -0.021255875006318092, 0.002648527966812253, 0.010181442834436893, -0.011169143952429295, 0.0036565246991813183, -0.0010900232009589672, -0.005523686297237873, 0.019781088456511497, -0.01286717876791954, 0.01177123561501503, -0.02489548735320568, -0.016060294583439827, -0.004749084822833538, 0.02106645330786705, 0.02336657978594303, -0.01898280903697014, 0.002523374045267701, 0.01503200363367796, -0.010140852071344852, -0.0023593211080878973, -0.023244807496666908, -0.1717788577079773, 0.0026688233483582735, -0.010763239115476608, -0.0334465466439724, 0.015221425332129002, -0.012562749907374382, 0.03948099538683891, -0.001897604437544942, -0.018130408599972725, 0.013279848732054234, 0.0014341966016218066, 0.01581675186753273, -0.03558431193232536, -0.012670991010963917, -0.019036930054426193, -0.022297697141766548, -0.049872156232595444, 0.012278616428375244, 0.035367827862501144, 0.01002584584057331, 0.016195597127079964, -0.013793994672596455, 0.036937326192855835, -0.005560894031077623, 0.0002940694976132363, 0.017846276983618736, -0.00688008451834321, 0.003018916118890047, -0.023556001484394073, -0.03507016599178314, -0.0007707960903644562, 0.01179153099656105, 0.028656870126724243, -0.0022849051747471094, -0.023488352075219154, -0.0234342310577631, -0.025653176009655, -0.02857569046318531, 0.00442774360999465, 0.023204218596220016, 0.03317594155669212, 0.013225727714598179, -0.002053201198577881, 0.03068639524281025, -0.003008768428117037, 0.03182292729616165, 0.03025342896580696, -0.024949608370661736, 0.0005221794708631933, -0.010357334278523922, 0.00048454871284775436, -0.02908983640372753, -0.014084892347455025, -0.008578118868172169, 0.011439747177064419, 0.020200522616505623, -0.007272459100931883, -0.02827802672982216, -0.004011691547930241, -0.0142337242141366, -0.006558743305504322, -0.0354219488799572, -0.006267844699323177, -0.02241946943104267, -0.013895470649003983, 0.005226023029536009, -0.010627937503159046, 0.01683151349425316, 0.001054506516084075, 0.013476035557687283, -0.024002498015761375, 0.011967423371970654, 0.0032658413983881474, 0.02423251047730446, -0.0016202362021431327, -0.0028971447609364986, -0.0044006831012666225, -0.003000312251970172, 0.012386858463287354, 0.0177109744399786, -0.006491092499345541, 0.036720845848321915, -0.01047910563647747, 0.026248503476381302, -0.019997570663690567, 0.029035715386271477, 0.013651927933096886, 0.016019705682992935, 0.008368401788175106, 0.004248469136655331, 0.02769622951745987, -0.018495723605155945, -0.010492635890841484, -0.01002584584057331, 0.024611353874206543, 0.007042446173727512, -0.0025453607086092234, 0.0009268157300539315, 0.031146420165896416, 0.021188223734498024, -0.005889000371098518, 0.019726967439055443, -0.022838903591036797, 0.017250949516892433, 0.004657756071537733, -0.016682682558894157, -0.01066176313906908, 0.00685978913679719, 0.03574667125940323, -0.019848739728331566, -0.024462522938847542, 0.016466200351715088, 0.003279371652752161, 0.012082429602742195, 0.010763239115476608, 0.013212197460234165, 0.028332147747278214, -0.017765095457434654, 0.01603323593735695, -0.00355843105353415, 0.05314645543694496, -0.015234955586493015, 0.01934812404215336, 0.008828426711261272, 0.007265693973749876, 0.01087824534624815, -0.09904074668884277, -0.035990215837955475, 0.03479956090450287, -0.0008261851617135108, -0.013131016865372658, 0.008341341279447079, -0.003737705759704113, -0.0072859893552958965, -0.025923779234290123, -0.002969869179651141, -0.01266422588378191, -0.0173186007887125, -0.039345692843198776, -0.029143957421183586, 0.014964352361857891, -0.007813665084540844, -0.002697574906051159, -0.00047947492566891015, -0.013455740176141262, 0.025423163548111916, 0.00751600181683898, -0.01129768043756485, 0.014084892347455025, -0.005631927400827408, 0.00955229066312313, 0.012325972318649292, -0.01193359773606062, 0.042809415608644485, 0.028034484013915062, 0.009099029935896397, 0.028738051652908325, -0.02653263695538044, 0.01650679111480713, -0.027060313150286674, -0.016560912132263184, -0.03396069258451462, -0.02591024897992611, 0.004968950059264898, 0.011128553189337254, -0.03425835445523262, 0.006863171700388193, 0.007164217531681061, 0.02300126478075981, -0.021255875006318092, -0.0068496414460241795, 0.007225103210657835, 0.005780759267508984, 0.03707262873649597, 0.006102100480347872, 0.013990181498229504, -0.0072453985922038555, 0.006281374953687191, -0.024408401921391487, -0.01211625523865223, 0.0062509323470294476, -0.0014519549440592527, -0.012440978549420834, -0.004109784960746765, -0.025125499814748764, -0.011703585274517536, 0.00555751146748662, -0.02434075064957142, -0.010337039828300476, 0.017616262659430504, -0.00019375605916138738, 0.0017005715053528547, -0.0012566132936626673, -0.00883519183844328, -0.010634702630341053, -0.004130080342292786, -0.009782303124666214, -0.008760776370763779, -0.019050460308790207, 0.030605213716626167, 0.0005927899619564414, -0.03079463541507721, -0.010756473988294601, -0.005598102230578661, 0.010830890387296677, 0.005425592418760061, -0.007800135295838118, 0.006058127619326115, -0.009809363633394241, -0.017575673758983612, 0.003998161293566227, 0.003128848737105727, 0.005256465636193752, 0.000917513738386333, 0.006365938577800989, -0.02369130402803421, -0.027425626292824745, 0.02737150527536869, 0.010343804024159908, -0.002876849379390478, -0.009376398287713528, 0.011473572812974453, 0.018373951315879822, 0.009599645622074604, 0.005980329122394323, 0.00255550816655159, 0.005587954539805651, 0.0027821382973343134, -0.019253412261605263, -0.012603340670466423, -0.03931863233447075, 0.0037850611843168736, -0.011074433103203773, -0.020038161426782608, -0.01033027470111847, 0.018414542078971863, -0.014247254468500614, -0.03339242562651634, -0.027060313150286674, 0.0334465466439724, -0.020471125841140747, 0.0031356136314570904, -0.00642344169318676, -0.013198667205870152, 0.03301358222961426, -0.024773716926574707, 0.00708980206400156, -0.0076648336835205555, -0.02743915654718876, -0.0035178405232727528, 0.010614407248795033, -0.0005741859786212444, 0.008300750516355038, -0.00355843105353415, -0.0015957128489390016, 0.021594129502773285, -0.01960519701242447, -0.0021665163803845644, 0.021770020946860313, 0.001624464406631887, 0.0225953608751297, 0.006619628984481096, 0.01895574852824211, -0.01439608633518219, -0.003869624575600028, -0.0013750020880252123, 0.02944161929190159, -0.010107026435434818, -0.0003615088644437492, -0.028223905712366104, 0.020322294905781746, -0.02952280081808567, -0.04210584610700607, 0.025057848542928696, -0.020471125841140747, 0.0031170097645372152, -0.005909295752644539, -0.017332131043076515, 0.017413310706615448, 0.01708858646452427, -0.013076895847916603, -0.00486409105360508, 0.013550451025366783, -0.022405939176678658, 0.01964578777551651, -0.016899164766073227, -0.006399763748049736, 0.014220193959772587, 0.01661503128707409, 0.037667956203222275, 0.009897309355437756, 0.001208412111736834, 0.0006710111629217863, -0.02197297289967537, 0.0007035681046545506, 0.033771269023418427, 0.01137209590524435, 0.0030662715435028076, -0.016574440523982048, 0.017575673758983612, -0.004079341888427734, 0.02212180569767952, 0.04161876067519188, 0.0037850611843168736, 0.02190532349050045, -0.022663012146949768, 0.008544293232262135, 0.03845270350575447, 0.02332598902285099, -0.001407136209309101, -0.03258061781525612, 0.005209110211580992, 0.014111952856183052, 0.03582785278558731, 0.020389946177601814, -0.005347794387489557, 0.0024607970844954252, -0.011926832608878613, -0.027087373659014702, -0.017683913931250572, 0.001853631460107863, -0.007164217531681061, 0.015004943124949932, 0.016344428062438965, -0.023704834282398224, 0.02212180569767952, 0.018062759190797806, 0.025666706264019012, 0.014788460917770863, 0.0013005862710997462, 0.0026688233483582735, -0.00861870963126421, -0.013469270430505276, 0.0138142891228199, -0.043458860367536545, -0.021770020946860313, -0.0030544328037649393, 0.0008295677253045142, -0.019767558202147484, 0.002728017745539546, 0.010465575382113457, 0.016533851623535156, 0.011230030097067356, 0.009944665245711803, -0.025382572785019875, -0.033473607152700424, -0.001189808128401637, 0.027385035529732704, 0.014544918201863766, 0.008530763909220695, -0.0029039098881185055, 0.01603323593735695, 0.014883171766996384, 0.006146073341369629, 0.009944665245711803, 0.0012692977907136083, 0.007901610806584358, 0.009119325317442417, 0.005892382934689522, -0.007042446173727512, -0.009450813755393028, -0.042944714426994324, -0.019199291244149208, -0.012400387786328793, -0.0058822352439165115, 0.008679594844579697, -0.027790941298007965, 0.0685708299279213, 0.016858574002981186, -0.018901627510786057, 0.011412686668336391, -0.01607382483780384, 0.007001855876296759, 0.015167305245995522, 0.02515256032347679, -0.024611353874206543, -0.013963120989501476, 0.02857569046318531, -0.004042134154587984, -0.0032759890891611576, -0.025490814819931984, 0.006690662354230881, 0.0146531593054533, -0.018671615049242973, 0.0004001966444775462, -0.0032387811224907637, -0.0026891184970736504, 0.01481552142649889, 0.0019212821498513222, 0.027357975021004677, 0.000874386343639344, -0.01486964151263237, -0.01833336241543293, 0.020362885668873787, -0.023488352075219154, 0.006873319391161203, -0.022838903591036797, 0.016642091795802116, 0.015316137112677097, -0.036829084157943726, -0.008625474758446217, 0.0006016691331751645, 0.006876701954752207, 0.00468481658026576, 0.00665007159113884, 0.02281184308230877, 0.029928704723715782, 0.0008346415124833584, 0.04540720582008362, -0.029360439628362656, -0.012643931433558464, 0.0059972419403493404, -0.002591024851426482, 0.015113184228539467, -0.04096931219100952, 0.00188407429959625]"
12385,"Connection to MongoDB atlas using Node.js driver fails<pre><code>  at QueryReqWrap.onresolve [as oncomplete] (dns.js:203:19) {
  errno: 'ETIMEOUT',
  code: 'ETIMEOUT',
  syscall: 'queryTxt',
  hostname: 'scheduly.1eln0.mongodb.net'
}
</code></pre>
<p>I’m facing the above connection Error while connecting with MongoDB Atlas. I’ve double-checked my username and password. I’ve whitelisted all the IP’s. I’m stuck in the middle of a project and cannot connect to the DB itself.
my connection strings are:</p>
<pre><code>const mongoose = require(&quot;mongoose&quot;);
const mongodb = require(&quot;mongodb&quot;);
const uri = &quot;mongodb+srv://ghulamghousdev:***********@scheduly.1eln0.mongodb.net/scheduly?retryWrites=true&amp;w=majority

mongoose
  .connect(uri, {
    useNewUrlParser: true,
    useUnifiedTopology: true,
  })
  .then(() =&gt; {
    console.log(&quot;Connected&quot;);
  })
  .catch((err) =&gt; console.log(err));
</code></pre>
<p>The name of the Database on MongoDB atlas is scheduly.</p>
","When you migrated, did you do a URL string replace too?","Embed Field: Connection to MongoDB atlas using Node.js driver fails<pre><code>  at QueryReqWrap.onresolve [as oncomplete] (dns.js:203:19) {
  errno: 'ETIMEOUT',
  code: 'ETIMEOUT',
  syscall: 'queryTxt',
  hostname: 'scheduly.1eln0.mongodb.net'
}
</code></pre>
<p>I’m facing the above connection Error while connecting with MongoDB Atlas. I’ve double-checked my username and password. I’ve whitelisted all the IP’s. I’m stuck in the middle of a project and cannot connect to the DB itself.
my connection strings are:</p>
<pre><code>const mongoose = require(&quot;mongoose&quot;);
const mongodb = require(&quot;mongodb&quot;);
const uri = &quot;mongodb+srv://ghulamghousdev:***********@scheduly.1eln0.mongodb.net/scheduly?retryWrites=true&amp;w=majority

mongoose
  .connect(uri, {
    useNewUrlParser: true,
    useUnifiedTopology: true,
  })
  .then(() =&gt; {
    console.log(&quot;Connected&quot;);
  })
  .catch((err) =&gt; console.log(err));
</code></pre>
<p>The name of the Database on MongoDB atlas is scheduly.</p>; Answer: When you migrated, did you do a URL string replace too?","[-0.007373850326985121, 0.02459779381752014, -0.012456662952899933, -0.01614701747894287, -0.046067699790000916, 0.03075752966105938, -0.025928515940904617, -0.0038344021886587143, -0.006163166835904121, -0.010680079460144043, 0.02066049911081791, -0.0255581084638834, 0.006561012007296085, 0.008896635845303535, -0.013622759841382504, 0.006969145964831114, 0.007867726497352123, 0.004811866208910942, -0.008608541451394558, -0.022718317806720734, -0.00926018413156271, -0.018602680414915085, 0.00028852332616224885, 0.014747700653970242, -0.008958370424807072, -0.007799132727086544, 0.004986780695617199, -0.009541419334709644, 0.0013487286632880569, 0.0080117741599679, -0.0073052565567195415, -0.0005045942962169647, -0.031031906604766846, -0.03276047483086586, -0.029221026226878166, 0.015255295671522617, 0.01717592589557171, -0.024021603167057037, 0.014157792553305626, 0.02430969849228859, 0.02437829226255417, -0.021799160167574883, 0.0009663173696026206, 0.002916957950219512, -0.025640420615673065, 0.0457933247089386, 0.0015004927990958095, -0.035504233092069626, -0.008416478522121906, 0.007291537709534168, 0.01816367916762829, 0.002599711064249277, -0.024693824350833893, -0.013862838968634605, -0.00740814721211791, -0.009856951422989368, 0.012374349869787693, 0.016037266701459885, 0.008169540204107761, -0.0001140374515671283, 0.0030249934643507004, -0.004132785834372044, 0.003472569165751338, -0.0029118135571479797, -0.02562670223414898, 0.021593376994132996, -0.02760220877826214, 0.002349342918023467, 0.018040210008621216, -0.027478739619255066, 0.035312168300151825, 0.012669303454458714, 0.0018743298714980483, 0.002949540037661791, 0.039619870483875275, -0.01605098508298397, -0.01638023741543293, 0.007771695498377085, 0.0021864324808120728, 0.005027937237173319, 0.012127411551773548, -0.008828042075037956, -0.05026565119624138, 0.0051411171443760395, 0.0037692380137741566, 0.012086255475878716, 0.011434612795710564, 0.020962312817573547, 0.009383653290569782, -0.018479211255908012, 0.019233744591474533, 0.003995597828179598, -0.0033233771100640297, -0.005127398297190666, 0.007998055778443813, 0.01447332464158535, -0.01736799068748951, 0.03418722748756409, -0.014157792553305626, -0.017491459846496582, -0.047549329698085785, 0.010193062014877796, -0.002973548136651516, -0.012600709684193134, -0.019988279789686203, 0.021881472319364548, 0.012902523390948772, -0.0017388567794114351, 0.026202891021966934, -0.037452299147844315, 0.011125939898192883, 0.003085013246163726, -0.001855466514825821, -0.01621561124920845, -0.013931432738900185, -0.0004284978786017746, 0.02266344241797924, -0.023129882290959358, 0.009026965126395226, -0.016736924648284912, 0.0013067148393020034, 0.0061871749348938465, 0.018410617485642433, 0.0025259724352508783, -0.008855479769408703, -0.0022567412815988064, -0.02483101189136505, -0.00034682819386944175, 0.017656084150075912, -0.004753561224788427, 0.01739542745053768, 0.019659027457237244, 0.005038226023316383, 0.010028436779975891, -0.006897122133523226, -0.021387595683336258, -0.02282806858420372, -0.004427739884704351, -0.03094959259033203, -0.020866282284259796, 0.011009329929947853, 0.0299618411809206, 0.014514481648802757, -0.018328305333852768, -0.029714902862906456, 0.02908383682370186, -0.011023049242794514, 0.02657329849898815, 0.002594566438347101, 0.009500263258814812, -0.0148848881945014, -0.016160735860466957, -0.022539975121617317, -0.024254823103547096, -0.02743758261203766, -0.00011285849177511409, -0.020290091633796692, 0.00567272026091814, 0.008807464502751827, -0.014116636477410793, 0.02098975144326687, 0.013355243019759655, -0.0023150460328906775, -0.010350828059017658, 0.011818738654255867, 0.039290618151426315, -0.017491459846496582, -0.010522313416004181, -0.01093387696892023, -0.03059290535748005, -0.018698712810873985, 0.00792946107685566, -0.05043027549982071, 0.026353798806667328, -0.0067908018827438354, -0.0027660513296723366, 0.0006597881438210607, 0.022937819361686707, -0.0357237309217453, -0.016860393807291985, -0.05525929108262062, -0.009267043322324753, 0.01019992120563984, 0.029852090403437614, -0.015145545825362206, -0.00243851519189775, -0.006269487552344799, -0.017642365768551826, 0.012552694417536259, -0.011564941145479679, 0.0017577201360836625, 0.009253324940800667, -0.02447432465851307, -0.028699710965156555, -0.5987977981567383, -0.0004274261009413749, 0.029028963297605515, -0.021373877301812172, -0.008176399394869804, -0.0118598947301507, -0.011640394106507301, 0.0029392510186880827, -0.01920630782842636, 0.03308972343802452, -0.025311170145869255, 0.03158065676689148, -0.020221497863531113, -0.003304513869807124, -0.005027937237173319, 0.0012921387096866965, 0.022457661107182503, 0.0027506176847964525, 0.008601682260632515, -0.014857451431453228, -0.0008445630664937198, 0.021058345213532448, 0.012490959838032722, 0.007037739735096693, -0.017052456736564636, -0.013341524638235569, 0.023335663601756096, -0.018657555803656578, -0.013753088191151619, 0.03487316891551018, -0.03539448231458664, 0.019617872312664986, 0.009740341454744339, -0.0024196517188102007, 0.061954062432050705, -0.008828042075037956, -0.033995166420936584, 0.02595595270395279, -0.01093387696892023, 0.05503978952765465, -0.0044517479836940765, -0.03319947421550751, 0.012003942392766476, 0.009575716219842434, -0.005377766210585833, 0.010810407809913158, 0.04400988295674324, -0.03059290535748005, 0.009733482263982296, -0.019755059853196144, -0.0029941261745989323, -0.00744930375367403, -0.002069822745397687, 0.04332394152879715, 0.0016616885550320148, -0.0057447440922260284, 0.04661645367741585, 0.002349342918023467, 0.013410118408501148, -0.001636823290027678, -0.013691353611648083, 0.004726123530417681, -0.012977976351976395, 0.0011017904616892338, -0.010584047995507717, 0.012977976351976395, 0.008656557649374008, -0.00048787452396936715, 0.02756105177104473, 0.003662917297333479, 0.023294508457183838, -0.003373107872903347, -0.0028346453327685595, 0.0016496846219524741, -0.004232247360050678, 0.02979721501469612, 0.022416505962610245, -0.01769724115729332, -0.014706544578075409, -0.00416022352874279, 0.030044153332710266, 0.0012509822845458984, 0.021291563287377357, -0.007572772912681103, 0.04513482376933098, -0.010563469491899014, -0.025146543979644775, -0.006098002661019564, -0.002237877808511257, -0.01229889690876007, 0.0006910841329954565, 0.004335138015449047, -0.012099973857402802, -0.017642365768551826, 0.02614801563322544, 0.018986808136105537, -0.01414407417178154, -0.0031381736043840647, 0.016421392560005188, -0.010652641765773296, -0.021469907835125923, -0.020152904093265533, 0.0015510808443650603, 0.008258712477982044, 0.044915322214365005, -0.00566586060449481, -0.023733509704470634, 0.0016977004706859589, 0.01628420501947403, -0.038467489182949066, -0.022841786965727806, 0.004290551878511906, -0.031498346477746964, -0.017326833680272102, -0.008032352663576603, -0.0238158218562603, 0.01911027543246746, -0.003810394322499633, 0.009363074786961079, 0.019645309075713158, 0.005045085679739714, 0.008677135221660137, 0.004434599075466394, -0.007387569174170494, -0.0025311170611530542, 0.008992667309939861, 0.01805393025279045, -0.017587490379810333, -0.011558081954717636, 0.0018108804943040013, -0.007956898771226406, -0.027574770152568817, 0.020742813125252724, -0.006965716369450092, 0.018314586952328682, 0.004431169480085373, 0.02548951469361782, -0.01133172120898962, 0.0008201265009120107, 0.011434612795710564, 0.003325092140585184, 0.017025019973516464, 0.010666360147297382, 0.0017954468494281173, 0.018575243651866913, -0.01284764800220728, -0.007799132727086544, -0.007744257804006338, -0.021799160167574883, 0.0010683508589863777, -0.012360630556941032, -0.0046575297601521015, 0.01920630782842636, 0.016983862966299057, -0.013355243019759655, -0.013485572300851345, 0.009644309990108013, -0.049552273005247116, -0.010817267000675201, -0.03657429665327072, -0.005446359980851412, 0.007291537709534168, -0.017573771998286247, 0.012244021520018578, 0.01286136731505394, -0.016503706574440002, -0.027341552078723907, 0.016503706574440002, -0.018726149573922157, -0.027739396318793297, -0.026600737124681473, -0.013410118408501148, -0.033309224992990494, -0.012292036786675453, 0.011400315910577774, 0.02400788478553295, -0.038632117211818695, -0.002244737232103944, -0.012614428997039795, 0.012271459214389324, 0.0071612088941037655, 0.021058345213532448, 0.015365046449005604, -0.019165150821208954, 0.020578186959028244, 0.018149960786104202, 0.025448357686400414, 0.031196530908346176, -0.012799632735550404, 0.03207453340291977, 0.003584034275263548, 0.003899566363543272, -0.041787438094615936, -0.02059190534055233, -0.00930820032954216, 0.016764363273978233, 0.00914357416331768, 0.030538029968738556, 0.0028140670619904995, 0.016407674178481102, 0.008690854534506798, 0.013492431491613388, 0.03638223558664322, -0.009925545193254948, -0.011434612795710564, -0.0264772679656744, -0.009692326188087463, -0.02553066983819008, 0.00864969752728939, 0.02437829226255417, 0.0008355601457878947, -0.022539975121617317, -0.008930932730436325, -0.03473598137497902, 0.010769250802695751, 0.02598339132964611, -0.024392010644078255, 0.012326333671808243, -0.029495401307940483, 0.02186775393784046, -0.018835900351405144, -0.0023630617652088404, 0.016901550814509392, 0.012984836474061012, -0.014528200030326843, 0.04099174961447716, 0.02496819943189621, 0.027012299746274948, 0.018369462341070175, -0.00789516419172287, 0.00843705702573061, 0.024433167651295662, 0.008210696280002594, 0.0022567412815988064, -0.0006409247871488333, 0.01019992120563984, 0.0307849682867527, -0.011702128686010838, 0.023006413131952286, -0.042775191366672516, 0.013067148625850677, 0.030647780746221542, 0.02553066983819008, -0.009507122449576855, 0.008183258585631847, 0.019055401906371117, 0.029495401307940483, 0.029056400060653687, -0.012552694417536259, 0.019000526517629623, -0.004448317922651768, 0.0297697763890028, -0.006629605777561665, -0.03306228667497635, 0.025544390082359314, -0.028836898505687714, -0.006643324624747038, 0.05696042254567146, 0.011626675724983215, 0.007600210607051849, 0.021593376994132996, -0.007641366682946682, 0.03245865926146507, -0.021428752690553665, 0.008087227120995522, -0.004489474464207888, -0.012566412799060345, 0.010467438027262688, -0.005439500790089369, -0.015749173238873482, -0.0036354796029627323, -0.029001524671912193, 0.005302312783896923, -0.04379038140177727, 0.01225088071078062, -0.003566885832697153, -0.0032805060036480427, 0.008615400642156601, 0.016819238662719727, 0.011846176348626614, -0.03188247233629227, -0.022018659859895706, 0.02963258884847164, 0.009918686002492905, -0.0010923587251454592, -0.02842533588409424, -0.006502707023173571, 0.034489043056964874, 0.0034399868454784155, 0.010241078212857246, 0.01565314084291458, 0.0033919711131602526, 0.01654486171901226, -0.02398044802248478, 0.006787371821701527, -0.0054189227521419525, 0.0406624972820282, -0.007915742695331573, 0.02848021127283573, 0.009356215596199036, 0.003693784587085247, 0.01825971156358719, -0.024227386340498924, 0.006039697676897049, 0.04765908047556877, 0.004444888327270746, -0.016393955796957016, -0.014432168565690517, 0.009287621825933456, -0.012230302207171917, -0.015241577289998531, -0.014720262959599495, -0.010549750179052353, 0.011564941145479679, -0.017546333372592926, -0.006170026492327452, -0.02082512527704239, -0.020303811877965927, 0.02388441562652588, 0.0033748226705938578, -0.005480657331645489, -0.03094959259033203, -0.023171039298176765, -0.010570328682661057, 0.027506176382303238, 0.009301340207457542, 0.020866282284259796, -0.00012614857405424118, 0.004407161846756935, -0.01884961873292923, -0.013588462956249714, -0.056795794516801834, 0.006897122133523226, -0.0021349869202822447, -0.006862825248390436, 0.011386596597731113, 0.00835474394261837, 0.029906965792179108, 0.018931932747364044, -0.0008574244566261768, 0.012881944887340069, -0.01661345548927784, 0.0067427861504256725, -0.014000026509165764, -0.015913797542452812, -0.010858423076570034, 0.0038652694784104824, 0.018575243651866913, 0.020880000665783882, 0.017999054864048958, 0.01990596577525139, -0.011352299712598324, 0.03273303434252739, -0.012244021520018578, 0.0073121157474815845, 0.010755532421171665, 0.04132099822163582, 0.00547722727060318, 0.005247437860816717, 0.07369734346866608, 0.01631164364516735, 0.008944652043282986, 0.006567871198058128, 0.01153064426034689, -0.0017225657356902957, -0.005089671816676855, -0.008107805624604225, 0.010234218090772629, 0.025242576375603676, -0.028562523424625397, -0.0010906439274549484, 0.0014456176431849599, 0.014294981025159359, 0.019233744591474533, -0.00039334347820840776, 0.004232247360050678, -0.025640420615673065, -0.03405003994703293, 0.04082712158560753, -0.007764835841953754, 0.007264100015163422, -0.021922629326581955, -0.012833929620683193, -0.03339153900742531, -0.013211196288466454, -0.019357213750481606, 0.019027963280677795, -6.00733001192566e-05, -0.01618817448616028, -0.03221172094345093, -0.02322591468691826, -0.03210197016596794, -0.022718317806720734, 0.03374822810292244, -0.00098260841332376, -0.025585545226931572, -0.01812252402305603, 0.03811080381274223, 0.011091643013060093, 0.024021603167057037, 0.014006885699927807, 0.005072522908449173, -0.014322417788207531, 0.021140657365322113, -0.01096817385405302, -0.018149960786104202, -0.00873201061040163, 0.011064205318689346, -0.025009356439113617, -0.014171511866152287, 0.01970018446445465, 0.023568883538246155, 0.00592994736507535, -0.0012989980168640614, 0.023692352697253227, -0.0010837845038622618, 0.008999527432024479, -0.0012938535073772073, 0.03462623059749603, 0.011338581331074238, 0.012518397532403469, 0.014089198783040047, 0.0110367676243186, -0.009404231794178486, -0.003463994711637497, -0.03854980319738388, -0.005700157955288887, 0.010460578836500645, 0.007428725715726614, 0.005137687548995018, 0.013643338344991207, 0.011633534915745258, -0.03608042001724243, -0.020056873559951782, 0.014706544578075409, -0.009946123696863651, -0.006022549234330654, -0.0022344482131302357, 0.0032496387138962746, 0.01531017106026411, 0.0053057423792779446, 0.028205834329128265, 0.00028295005904510617, 0.01835574209690094, 0.0026974573265761137, -0.021963784471154213, 0.03816567733883858, -0.001934349536895752, -0.010913298465311527, 0.017903022468090057, 0.006629605777561665, -0.01983737200498581, 0.014665387570858002, -0.01677808165550232, -0.012381209060549736, 0.015159264206886292, 0.004551209043711424, -0.029056400060653687, -0.002932391595095396, 0.0016145302215591073, 0.0022207293659448624, 0.012051958590745926, 0.005490946117788553, 0.010796688497066498, -0.017683522775769234, -0.015968672931194305, 0.0051411171443760395, -0.00937679409980774, -0.0229926947504282, -0.02430969849228859, -0.00963745079934597, -0.010645781643688679, 0.03410491347312927, 0.019947122782468796, -0.001145519083365798, 0.007792273536324501, -0.0018520368030294776, -0.014775138348340988, -0.03490060567855835, -0.021758003160357475, -0.029248462989926338, -0.011722707189619541, 0.028507648035883904, 0.021895190700888634, 0.007120052818208933, -0.0007005158113315701, 0.0426928773522377, -0.010721235536038876, -0.0004218528338242322, 0.005960814654827118, -0.0022001510951668024, -0.012065676972270012, -0.02019406110048294, 0.005580118391662836, 0.028096085414290428, 0.015515953302383423, 0.04016862064599991, 0.005302312783896923, -0.016764363273978233, 0.03094959259033203, -0.005357188172638416, -0.015762891620397568, -0.030400842428207397, -0.07534360140562057, -0.012257739901542664, 0.036629173904657364, 0.0026888831052929163, -0.007613928988575935, -0.030044153332710266, 0.005237148609012365, -0.005374336615204811, -0.019741341471672058, 0.019521839916706085, -0.00828615017235279, 0.030016714707016945, 0.007545335218310356, 0.011256268247961998, -0.03196478262543678, -0.0066707623191177845, -0.011386596597731113, -0.00232705008238554, -0.0059025101363658905, -0.008539947681128979, 0.009980420581996441, 0.0038584100548177958, 0.004959343001246452, -0.0186849944293499, 0.012607568874955177, -0.004057332407683134, 0.008512509986758232, 0.004774139262735844, 0.004441458731889725, 0.0035600264091044664, -0.03558654338121414, 0.013403259217739105, -0.01363647822290659, -0.018794743344187737, -0.011242549866437912, -0.002001228742301464, 0.012998554855585098, -0.00547722727060318, 0.010940736159682274, -0.023527726531028748, -0.012079395353794098, -0.011736425571143627, 0.0013915998861193657, 0.026175454258918762, 0.01001471746712923, 0.03522985801100731, 0.03094959259033203, 0.00971976388245821, -0.024433167651295662, -0.0012201149947941303, -0.0077099609188735485, 0.00010149762238143012, 0.04173256456851959, 0.034955479204654694, -9.983636118704453e-05, -0.023047570139169693, -0.002061248291283846, -0.033501289784908295, -0.015708016231656075, -0.023431695997714996, 0.012511537410318851, 0.0005393199971877038, -0.02141503244638443, -0.020537029951810837, 0.015447359532117844, -0.023294508457183838, 0.022251879796385765, -0.023404257372021675, 0.011489488184452057, -0.005398344248533249, -0.019960841163992882, -0.015419921837747097, 0.0069554271176457405, -0.006128869950771332, 0.02480357512831688, -0.0015785184223204851, 0.011571800336241722, -0.027904022485017776, 0.016860393807291985, -0.00033761089434847236, -0.003148462623357773, 0.010810407809913158, 0.03706817328929901, -0.05490260198712349, -0.0011746714590117335, 0.0018314586486667395, 0.011564941145479679, 0.004036754369735718, -0.016462549567222595, 0.029879527166485786, 0.036299921572208405, -0.008148961700499058, -0.0013452989514917135, -0.0088349012658, 0.008828042075037956, 0.000572759541682899, 0.018369462341070175, -0.01229889690876007, -0.03045571595430374, -0.017752116546034813, -0.0030352824833244085, 0.027410145848989487, 0.01284764800220728, 0.0032599277328699827, 0.0019377792486920953, -0.016586018726229668, -0.007730538956820965, -0.021387595683336258, 0.015351327136158943, 0.004643810912966728, -0.02880946174263954, -0.04562870040535927, -0.005905939731746912, -0.013005414046347141, 0.022951537743210793, -0.009507122449576855, 0.004914756864309311, 0.002028666203841567, 0.010124468244612217, -0.00786086730659008, 0.009946123696863651, -0.002275604521855712, 0.017491459846496582, -0.016462549567222595, 0.00601226044818759, -0.00805979035794735, -0.035476792603731155, -0.00792946107685566, 0.012381209060549736, -0.03555910661816597, 0.004729553125798702, 0.00740814721211791, 0.015172983519732952, -0.0013607325963675976, -0.027835426852107048, 0.041622813791036606, 0.006091143470257521, -0.0005971961072646081, -0.03319947421550751, -0.00978835765272379, 0.04156793653964996, 0.0033027990721166134, -0.007545335218310356, -0.011324862018227577, 0.0016428253147751093, -0.01990596577525139, -0.012449802830815315, 0.013293508440256119, 0.004818725399672985, -0.010275375097990036, -0.02233419194817543, -0.002064678119495511, 0.01664089411497116, -0.013231773860752583, -0.01816367916762829, -0.010117609053850174, -0.03654685989022255, -0.01595495454967022, 0.02052331157028675, -0.005350328516215086, 0.0012767050648108125, 0.00884862057864666, 0.0005431784084066749, 0.005415492691099644, 0.023404257372021675, -0.02591479755938053, -0.010995611548423767, -0.04101918637752533, -0.04650670289993286, -0.017491459846496582, 0.014171511866152287, 0.004352286458015442, 0.03739742562174797, 0.0022001510951668024, -0.01039198413491249, -0.023953009396791458, -0.02651842311024666, -0.047878582030534744, -0.014034323394298553, 0.0039372933097183704, -0.017477739602327347, 0.06563069671392441, 0.025612983852624893, 0.019137714058160782, 0.02433713525533676, 0.0023973588831722736, 8.450989844277501e-05, -0.028041210025548935, 0.008656557649374008, -0.002201866125687957, -0.017903022468090057, 0.020317530259490013, 0.007627647835761309, -0.02805492840707302, 0.0016273916698992252, 0.01727195829153061, 0.0008539947448298335, 0.015145545825362206, 0.03226659819483757, 0.030730092898011208, -0.01009703055024147, -0.007456162944436073, -0.018067648634314537, 0.002591136610135436, -0.005264586303383112, 0.02000199817121029, -0.013492431491613388, 0.0005809050635434687, 0.007291537709534168, 0.004496333654969931, 0.006735926494002342, 0.014089198783040047, 0.019027963280677795, -0.007627647835761309, -0.002884375862777233, -0.01202452089637518, -0.007133771665394306, -0.00963745079934597, -0.03199222311377525, 0.03525729477405548, -0.0023407686967402697, 0.004544349852949381, 0.030236216261982918, -0.01734055206179619, -0.012511537410318851, 6.457477866206318e-05, -0.0023510579485446215, -0.020578186959028244, -0.007970618084073067, 0.017121052369475365, -0.04428425803780556, -0.003995597828179598, -0.007778554689139128, 0.023349381983280182, -0.01878102496266365, -0.010755532421171665, -0.014651669189333916, -0.02002943493425846, -0.037177924066782, -0.0016505421372130513, 0.02082512527704239, -0.0006164881633594632, -0.025736453011631966, 0.00710633397102356, -0.010686938650906086, 0.006410105153918266, -0.01307400781661272, -1.2787681953341234e-05, -0.03278791159391403, -0.02019406110048294, 0.010117609053850174, 0.014692825265228748, -0.04612257704138756, -0.0030592905823141336, 0.009781498461961746, 0.014596793800592422, -0.002357917372137308, 0.20062360167503357, 0.008327306248247623, -0.009740341454744339, 0.011585519649088383, -0.03062034212052822, -0.014651669189333916, 0.022649724036455154, -0.0034245532006025314, -0.013691353611648083, 0.041622813791036606, -0.02878202497959137, 0.014089198783040047, -0.0015485085314139724, -0.016654612496495247, 0.006454691290855408, 0.005103390198200941, -0.059649303555488586, -0.010734953917562962, -0.026751643046736717, -0.015159264206886292, 0.026106860488653183, -0.004441458731889725, -0.005312602035701275, -0.018602680414915085, 0.012120552361011505, -0.006204323377460241, 0.03429697826504707, 0.013025992549955845, 0.018588962033391, 0.00983637385070324, -0.0353396050632, -0.0025139686185866594, 0.021072063595056534, -0.008368462324142456, -0.004184231162071228, -0.0011009330628439784, 0.02673792466521263, -0.012161708436906338, -0.003006130224093795, 0.0160235483199358, 0.003710933029651642, -0.015118108130991459, 0.02765708416700363, -0.0161195807158947, -0.022951537743210793, 0.0019720762502402067, -0.001242408063262701, -0.015419921837747097, -0.0015013501979410648, 0.03651942312717438, 0.0035874638706445694, 0.01345127448439598, 0.03147090598940849, 0.019425809383392334, 0.004715834744274616, -0.02092115767300129, 0.035147543996572495, -0.013101445510983467, -0.009157293476164341, 0.020152904093265533, 0.01013132743537426, 0.011688410304486752, 0.0005251725087873638, 0.03155322000384331, -0.007366991136223078, 0.02233419194817543, -0.0004724408790934831, -0.0025568397250026464, 0.010227358900010586, 0.005010788328945637, -0.012532115913927555, -0.015598265454173088, 0.004811866208910942, -0.0006499277660623193, -0.028000053018331528, -0.01875358819961548, 0.018959369510412216, 0.012868226505815983, 0.004211668856441975, 0.03147090598940849, -0.019549278542399406, -0.018973087891936302, -0.013314086943864822, 0.002059533493593335, -0.01537876483052969, -0.008622260764241219, 0.01825971156358719, 0.007250381167978048, -0.0023562023416161537, -0.020880000665783882, -0.012045098468661308, 0.0039441525004804134, -0.017409145832061768, -0.004853022284805775, 0.0030044151935726404, 0.0020115177612751722, 0.0033439553808420897, 0.02723180130124092, -0.022718317806720734, 0.004396872594952583, -0.031662970781326294, 0.034955479204654694, 0.008587962947785854, -0.024584073573350906, -0.027176925912499428, 0.0024470894131809473, 0.015200421214103699, 0.014020605012774467, -0.008224415592849255, -0.0071543497033417225, 0.0008025493007153273, -0.012957398779690266, 0.012381209060549736, -0.008121524937450886, 0.007133771665394306, 0.039016243070364, 0.004973061848431826, -0.017491459846496582, -0.0127790542319417, 0.007593350950628519, 0.014006885699927807, -0.03144346922636032, 0.0013915998861193657, -0.0022258739918470383, -0.0025294022634625435, -0.027711957693099976, -0.03588835895061493, 0.004293981473892927, 0.004592365585267544, -0.02417251095175743, 0.01983737200498581, 0.006636465433984995, 0.006849106401205063, -0.020386124029755592, 0.002421366749331355, 0.03594323247671127, 0.025736453011631966, -0.035998109728097916, -0.011770723387598991, 0.004410591442137957, 0.020509593188762665, -0.017285676673054695, 0.015900079160928726, 0.0016591163584962487, 0.00016087426047306508, -0.016531143337488174, -0.02457035519182682, -0.016503706574440002, -0.040086306631565094, -0.037946175783872604, -0.018904494121670723, -0.003820683341473341, 0.012360630556941032, 0.016887832432985306, 0.004225387703627348, -0.0194120891392231, 0.00260657025501132, -0.03374822810292244, -0.009328777901828289, 0.013334665447473526, -0.0340774767100811, -0.010940736159682274, 0.01924746483564377, 0.005401774309575558, -0.011544362641870975, 0.004770709667354822, -0.1740640252828598, 0.03621760755777359, 0.04197950288653374, -0.01225088071078062, 0.008505650795996189, 0.0016462549101561308, 0.02325335144996643, 0.00328908022493124, -0.022882943972945213, -0.013903995044529438, -0.00011200107110198587, -0.02052331157028675, -0.03923574462532997, -0.008985808119177818, -0.006502707023173571, 0.007188646588474512, 0.021058345213532448, -0.011640394106507301, 0.021209251135587692, 0.00790888350456953, 0.039592429995536804, -0.04532688483595848, 0.028370460495352745, -0.019988279789686203, 0.022046098485589027, 0.011468909680843353, -0.0028157818596810102, -0.0020200919825583696, -0.00397159019485116, -0.013142602518200874, -0.020770249888300896, 0.008958370424807072, 0.013382680714130402, 0.001257841708138585, 0.00896523054689169, 0.00015433640510309488, 0.006581590045243502, -0.02016662247478962, -0.006180315278470516, 0.007435584906488657, -0.004479185212403536, 0.0005500377737917006, -0.0008076938684098423, 0.026189172640442848, 0.008539947681128979, 0.010440000332891941, -0.0018674704479053617, 0.0016796945128589869, 0.042253877967596054, -0.012669303454458714, 0.028919212520122528, -0.02049587480723858, -0.020509593188762665, 0.006609027739614248, 0.007085755933076143, 0.0211543757468462, 0.008416478522121906, 0.01365019753575325, -0.01713477075099945, -0.01463795080780983, -0.01394515112042427, -0.0032016229815781116, 0.014006885699927807, 0.005600696429610252, -0.019151432439684868, -0.006454691290855408, -0.016297923400998116, 0.006794231478124857, -0.019796214997768402, 0.0030387123115360737, -0.014706544578075409, -0.010872142389416695, 0.004245965741574764, 0.007013732101768255, 0.022155847400426865, 0.016531143337488174, -0.02581876516342163, -0.0004085627442691475, 0.003222201019525528, -0.02012546733021736, -0.01993340440094471, 0.023198476061224937, -0.02743758261203766, 0.039016243070364, 0.002469382481649518, 0.004925046116113663, 0.014528200030326843, -0.013629619032144547, 0.008203837089240551, -0.010220499709248543, 0.02358260191977024, -0.022800631821155548, -0.007613928988575935, -0.02880946174263954, 0.027547333389520645, -0.0038961367681622505, 0.02348657138645649, 0.027972616255283356, 0.009856951422989368, -0.01713477075099945, 0.005905939731746912, -0.029056400060653687, -0.02911127544939518, 0.01769724115729332, 0.050869278609752655, 0.022786911576986313, 0.0340774767100811, 0.016599737107753754, 0.015200421214103699, 0.010563469491899014, -0.01908283866941929, -0.010584047995507717, -0.006451261695474386, 0.053201474249362946, 0.0007575345225632191, 0.030400842428207397, 0.027670802548527718, 0.01144833117723465, 0.002690597902983427, -0.008786885999143124, 0.03328178822994232, 0.005034796427935362, -0.005168554838746786, 0.007703101262450218, -0.00612544035539031, 0.01986481063067913, -0.07205109298229218, -0.003283935599029064, 0.00970604456961155, 0.006022549234330654, -0.04368063062429428, -0.00869771372526884, -0.0020783969666808844, 0.046726204454898834, -0.005950525868684053, 0.04897608608007431, -0.03127884492278099, -0.026833955198526382, 0.00476042041555047, 0.020646780729293823, -0.023527726531028748, -0.014514481648802757, -0.004822154995054007, 0.002116123680025339, -0.01786186546087265, 0.013197476975619793, -0.0028878056909888983, -0.01413035485893488, 0.0007678235997445881, -0.0008522798889316618, -0.03352872654795647, 0.004492904059588909, -0.017422864213585854, 0.006502707023173571, 0.00415336387231946, -0.0023664915934205055, 0.004071051254868507, -0.005460078828036785, 0.014939763583242893, -0.0059779635630548, 0.0008569957572035491, -0.02052331157028675, -0.03975705802440643, 0.009760919958353043, 0.024556636810302734, -0.015831485390663147, -0.014294981025159359, 0.018040210008621216, 0.03424210473895073, -0.01243608444929123, -0.014720262959599495, 0.004633521661162376, -0.01927490159869194, 0.04546407610177994, 0.011914770118892193, -0.025283733382821083, 0.003584034275263548, 0.014336137101054192, 0.002700887154787779, -0.026038266718387604, 0.03783642500638962, -0.0032753613777458668, 0.011125939898192883, 0.013526728376746178, -0.004170512780547142, 0.021730566397309303, -0.00840276014059782, -0.02798633463680744, -0.005432641599327326, -0.0011969645274803042, 0.023829540237784386, 0.005593837238848209, -0.0021864324808120728, -0.01463795080780983, -0.017738396301865578, 0.012497819028794765, -0.021799160167574883, 0.0065918792970478535, -0.05254296958446503, -0.0009620302589610219, -0.007044599391520023, 0.015118108130991459, 0.007867726497352123, -0.016037266701459885, -0.006399816367775202, -0.0019583574030548334, -0.004276833031326532, 0.0036183311603963375, -0.009116136468946934, -0.01421266794204712, 0.011777582578361034, 0.01054289098829031, -0.016105860471725464, 0.01361590065062046, 0.002958114491775632, -0.034818291664123535, 0.010275375097990036, 0.00983637385070324, -0.003584034275263548, -0.02687511220574379, 0.017148489132523537, 0.01677808165550232, -0.010707516223192215, -0.012593850493431091, 0.0009183015790767968, -0.0012989980168640614, -0.026257766410708427, -0.005278305150568485, -0.05893592908978462, 0.022649724036455154, 0.008759448304772377, 0.0019566426053643227, -0.008999527432024479, -0.0027866296004503965, -0.005247437860816717, -0.013005414046347141, -0.0017217083368450403, 0.01670948788523674, -0.0034914324060082436, -0.01243608444929123, -0.0186849944293499, -0.010879001580178738, 0.007812852039933205, 0.024817293509840965, 0.025036795064806938, 0.009431669488549232, 0.008855479769408703, 0.003927004057914019, 0.0013504435773938894, -0.02657329849898815, -0.0005045942962169647, 0.039455242455005646, -0.0161195807158947, -0.0033096584957093, 0.000827414623927325, -0.00864969752728939, -0.009335637092590332, -0.023760946467518806, 0.012751616537570953, -0.03673892468214035, 0.008581103757023811, 0.0022498818580061197, 0.010138186626136303, -0.035668857395648956, 0.009973561391234398, 0.035641420632600784, 0.0008857194916345179, 0.030894719064235687, -0.028150958940386772, -0.010323390364646912, 0.017450302839279175, -0.006934849079698324, 0.01133172120898962, 0.001636823290027678, -0.027588488534092903, 0.018410617485642433, 0.010103889741003513, 0.0004908755072392523, 0.028041210025548935, 0.014665387570858002, -0.03569629415869713, 0.01628420501947403, -0.03575117141008377, -0.031662970781326294, 0.033857978880405426, 0.019233744591474533, 0.0071474905125796795, -0.01448704395443201, 0.05446360260248184, 0.0008771452121436596, -0.011455190367996693, -0.0336933508515358, 0.005953955464065075, -0.015941236168146133, -0.0025242576375603676, 0.0010469153057783842, 0.01039198413491249, -0.01310830470174551, -0.014198948629200459, 0.004907897673547268, 0.012916241772472858, 0.034022603183984756, 0.002342483727261424, 0.007394428364932537, -0.020838843658566475, 0.00830672774463892, -0.004894178826361895, -0.026079421862959862, 0.008677135221660137, -0.01281335111707449, -0.011798160150647163, 0.008752589114010334, 0.012161708436906338, -0.007696242071688175, -0.010748673230409622, 0.016078423708677292, 0.015159264206886292, 0.009438528679311275, -0.02875458635389805, 0.0001201466002385132, -0.014349855482578278, 0.01605098508298397, 0.016133299097418785, 0.0031553220469504595, -0.014788856729865074, 0.009760919958353043, 0.030839843675494194, 0.019659027457237244, 0.019233744591474533, -0.02052331157028675, 0.013362103141844273, -0.027314113453030586, -0.032184284180402756, 0.019000526517629623, -0.050183337181806564, -0.024954481050372124, -0.00088314717868343, 0.024844730272889137, -0.02108578197658062, -0.012641866691410542, 0.009918686002492905, -9.116833098232746e-06, 0.008148961700499058, 0.013211196288466454, 0.019713902845978737, -0.00566586060449481, -0.0024985349737107754, 0.011503206565976143, 0.01537876483052969, 0.008416478522121906, 0.021963784471154213, -0.03394028916954994, 0.02690254896879196, -0.020043153315782547, -0.016599737107753754, -0.011818738654255867, 0.03391285240650177, -0.009918686002492905, 0.017848147079348564, 0.00934249721467495, -0.01687411405146122, -0.0012149704853072762, -0.018067648634314537, -0.010947595350444317, 0.001160952728241682, 0.000292167387669906, -0.011736425571143627, 0.07616672664880753, 0.0015639421762898564, -0.0051479763351380825, 0.007250381167978048, 0.016297923400998116, 0.03314460068941116, 0.013211196288466454, 0.00468839704990387, 0.0007609642343595624, -0.028836898505687714, 0.021264126524329185, -0.013218055479228497, 0.012977976351976395, -0.01271046046167612, -0.017710959538817406, 0.014802576042711735, 0.006365519016981125, 0.01786186546087265, -0.006440972443670034, -0.005072522908449173, 0.01920630782842636, 0.009932405315339565, 0.018643837422132492, 0.007346412632614374, -0.00023043282271828502, 0.010268514975905418, 0.010584047995507717, 0.005446359980851412, 0.00021853606449440122, -0.03045571595430374, 0.00047158345114439726, -0.011866754852235317, -0.027218082919716835, -0.00245909346267581, 0.016160735860466957, -0.018136242404580116, -0.012449802830815315, -0.02066049911081791, 0.02236163057386875, 0.0011095072841271758, -0.0066193169914186, 0.014775138348340988, -0.010343968868255615, -0.019782496616244316, 0.01628420501947403, -0.01276533491909504, -0.00468839704990387, -0.0071474905125796795, -0.022197004407644272]","[-0.01236020028591156, 0.025804512202739716, -0.018523570150136948, -0.02415826916694641, -0.04371241480112076, 0.029337909072637558, -0.029605591669678688, -0.009174788370728493, -0.0002559705753810704, -0.0150704775005579, 0.02754444256424904, -0.03131875395774841, 0.0013894351432099938, 0.0064845881424844265, -0.00808398611843586, -0.0008523987489752471, 0.005996068939566612, 0.005577816627919674, -0.0031636625062674284, -0.022833244875073433, 0.0015542266191914678, -0.03000711277127266, 0.0012229705462232232, 0.02545652538537979, -0.005694927182048559, -0.010834414511919022, -0.0013308797497302294, -0.004861767869442701, 0.006815844215452671, 0.0025998579803854227, -0.004068761132657528, -0.015779834240674973, -0.026259569451212883, -0.0329248420894146, -0.02398427575826645, 0.009596386924386024, 0.021401148289442062, -0.02033042162656784, 0.009462546557188034, 0.01836296170949936, 0.01607428304851055, -0.02508177049458027, 0.0028206955175846815, 0.0037040449678897858, -0.033754657953977585, 0.04202602058649063, -0.00013938266783952713, -0.03206826373934746, -0.010406124405562878, -0.00020316618611104786, 0.018951861187815666, -0.004838346038013697, -0.03271069750189781, -0.011657536029815674, -0.004229370038956404, -0.01101510040462017, 0.011215860955417156, 0.016288429498672485, 0.008090677671134472, -0.00099795067217201, 0.002777197165414691, -0.01225981954485178, -0.001376050990074873, -0.00273704482242465, -0.027022462338209152, 0.02178928628563881, -0.027490906417369843, -0.006270442623645067, 0.01623489148914814, -0.01840311288833618, 0.02834748663008213, 0.015779834240674973, 0.0036304325331002474, 0.00025576146435923874, 0.038439083844423294, -0.012581037357449532, -0.015953825786709785, 0.011443390510976315, -0.0014429714065045118, 0.0008498892420902848, 0.007996989414095879, -0.010452968999743462, -0.04711196944117546, 0.006675311364233494, 0.0012371911434456706, 0.013076248578727245, 0.015739681199193, 0.014066671021282673, 0.008211134932935238, -0.03067631833255291, 0.021013010293245316, -0.004309674724936485, -0.007475010119378567, -0.006414321716874838, 0.0023706555366516113, 0.013825757429003716, -0.019687986001372337, 0.025269148871302605, -0.014668954536318779, -0.020745327696204185, -0.04248107969760895, 0.01630181260406971, -0.004182525910437107, -0.008813418447971344, -0.01856372319161892, 0.02245848998427391, 0.008338283747434616, 0.0024174998980015516, 0.02597850374877453, -0.043632108718156815, 0.006718809716403484, -0.003085031174123287, -0.004543896298855543, -0.010158518329262733, -0.006912878714501858, 0.0008616003324277699, 0.02075871266424656, -0.01842988096177578, 0.010071522556245327, -0.01959429681301117, -0.001984190195798874, 0.010185287334024906, 0.011818145401775837, 0.010874567553400993, -0.009235017001628876, -0.009723535738885403, -0.023796899244189262, -0.008224518969655037, 0.017573300749063492, -1.0162231092181173e-06, 0.01903216540813446, 0.02245848998427391, 0.0022050277329981327, 0.004446861334145069, -0.0018419843399897218, -0.020839016884565353, -0.020972857251763344, -0.005196370184421539, -0.016676567494869232, -0.019848594442009926, 0.012139363214373589, 0.031051071360707283, 0.004209293983876705, -0.01959429681301117, -0.0198619794100523, 0.028856081888079643, -0.01211259514093399, 0.017345771193504333, -0.00508260540664196, 0.0024425950832664967, -0.014802795834839344, -0.013397466391324997, -0.021334227174520493, -0.01976829022169113, -0.02306077443063259, -0.0030314947944134474, -0.025362836197018623, 0.00234221457503736, 0.00683592027053237, -0.02438579872250557, 0.016355348750948906, 0.0036705846432596445, -0.007260865066200495, -0.0055610863491892815, 0.00817098282277584, 0.03455770015716553, -0.017118241637945175, -0.0102789755910635, -0.006638505030423403, -0.024144886061549187, -0.019219541922211647, 0.017385924234986305, -0.036485008895397186, 0.017145009711384773, -0.004888536408543587, 0.0022752941586077213, 0.01111548114567995, 0.025563597679138184, -0.034985993057489395, -0.01390606164932251, -0.049092814326286316, -0.0027069307398051023, 0.012266512028872967, 0.026728013530373573, -0.01017859485000372, 0.0026533943600952625, -0.0014504999853670597, -0.013176629319787025, 0.018550338223576546, -0.01314316876232624, 0.0027303528040647507, 0.012427120469510555, -0.021280691027641296, -0.03469154238700867, -0.6205931305885315, -0.011148940771818161, 0.01923292689025402, -0.010647037997841835, -0.0005600402364507318, -0.007247480563819408, -0.009074407629668713, 0.006156677845865488, -0.017024552449584007, 0.04025932028889656, -0.02015642821788788, 0.029792968183755875, -0.020544566214084625, -0.006799113936722279, -0.004921996500343084, -0.006126563996076584, 0.02035718970000744, 0.0050859516486525536, 0.004721235018223524, -0.01410682313144207, 0.0067489235661923885, 0.010861183516681194, -0.0028123303782194853, -0.003325944533571601, -0.01072734221816063, -0.01540507934987545, 0.037207748740911484, -0.017907902598381042, -0.01587352156639099, 0.029766200110316277, -0.02834748663008213, 0.014789411798119545, 0.010807646438479424, -0.00028273873613215983, 0.06253043562173843, -0.01106194406747818, -0.03929566591978073, 0.023997660726308823, -0.002819022396579385, 0.05915764719247818, -0.010988332331180573, -0.026888621971011162, 0.010787570849061012, 0.004570664372295141, -0.011951985768973827, 0.012714878655970097, 0.042374007403850555, -0.029792968183755875, 0.007093563675880432, -0.021079929545521736, -0.0013944541569799185, -0.011175708845257759, -0.0018687525298446417, 0.035815805196762085, 0.00229202420450747, -0.0033276176545768976, 0.042802296578884125, 0.0032305829226970673, 0.008365051820874214, -0.007468318101018667, -0.012494041584432125, -0.002005939371883869, -0.012788491323590279, 0.0022987162228673697, -0.012172822840511799, 0.023248150944709778, 0.007361245341598988, 0.0002898490347433835, 0.02608557790517807, -0.0016395500861108303, 0.015819985419511795, -0.005149525590240955, 0.0005746790557168424, 0.0002846208808477968, 9.938726725522429e-05, 0.026607556268572807, 0.021575141698122025, -0.018724331632256508, -0.015378311276435852, 0.00039817646029405296, 0.02518884278833866, -0.007040027529001236, 0.017319003120064735, -0.012487349100410938, 0.05573131889104843, -0.01650257408618927, -0.007802920415997505, -0.004647622816264629, -0.0016939229099079967, -0.008057218044996262, 0.002700238721445203, 0.0008553265361115336, -0.008204442448914051, -0.02248525805771351, 0.036779459565877914, 0.01853695511817932, -0.018951861187815666, -0.0038813839200884104, 0.011035175994038582, -0.006999875418841839, -0.018751099705696106, -0.029123764485120773, -0.0028625207487493753, 0.0015809948090463877, 0.044595763087272644, -0.011985446326434612, -0.02272617258131504, -0.0033292905427515507, 0.02169559895992279, -0.0321485660970211, -0.018309425562620163, -0.0006963905761949718, -0.022672636434435844, -0.009977833367884159, -0.0026383372023701668, -0.018925093114376068, 0.01912585459649563, -0.0076222349889576435, 0.003948304336518049, 0.01583337038755417, 0.0058622281067073345, 0.0027336988132447004, 0.006270442623645067, -0.005765193607658148, -0.009736919775605202, -0.006146640051156282, 0.010258899070322514, -0.0078698405995965, -0.013464387506246567, -0.0014438079670071602, -0.010807646438479424, -0.032657161355018616, 0.012935715727508068, -0.0022468529641628265, 0.0236229058355093, -0.008773266337811947, 0.02442595176398754, -0.006009452976286411, 0.0009820570703595877, 0.011864989064633846, 0.004226024262607098, 0.019982434809207916, -0.0018269272986799479, 0.015364927239716053, 0.016449037939310074, -0.010767494328320026, 0.0035367438104003668, -0.01092810370028019, -0.020035970956087112, 0.005735079292207956, -0.01600736379623413, 0.004945418331772089, 0.018510187044739723, 0.024466102942824364, -0.0049989549443125725, -0.015257854014635086, 0.005015685223042965, -0.04304321110248566, -0.00752854673191905, -0.035414282232522964, -0.012547577731311321, -0.002113012131303549, -0.006912878714501858, 0.004272868391126394, 0.009014179930090904, -0.015512151643633842, -0.02455979213118553, 0.013678532093763351, -0.03533397987484932, -0.034290019422769547, -0.036351170390844345, -0.01072734221816063, -0.026206033304333687, -0.014668954536318779, 0.01596721075475216, 0.02012966014444828, -0.029792968183755875, -0.00164289609529078, -0.01580660231411457, 0.005878958385437727, 0.012186206877231598, 0.021133465692400932, 0.017225313931703568, -0.019942283630371094, 0.029284372925758362, 0.02185620740056038, 0.028240414336323738, 0.030435403808951378, -0.02402442879974842, 0.029685895889997482, -0.005199715960770845, 0.009061023592948914, -0.043069977313280106, -0.02488100901246071, -0.0065213944762945175, 0.0174662284553051, 0.00808398611843586, 0.026607556268572807, 0.005607930477708578, 0.014267432503402233, 0.006618428975343704, 0.018710948526859283, 0.03324606269598007, -0.008144214749336243, -0.018577106297016144, -0.02015642821788788, -0.005099335685372353, -0.025576982647180557, 0.010606885887682438, 0.014334352687001228, 0.005822075996547937, -0.02169559895992279, -0.015592456795275211, -0.024265341460704803, 0.0150570934638381, 0.03311222046613693, -0.02877577766776085, 0.007956837303936481, -0.03107783943414688, 0.015391695313155651, -0.012755030766129494, -0.001811870140954852, 0.02089255303144455, 0.00962984748184681, -0.016261659562587738, 0.032389480620622635, 0.03038186766207218, 0.02778535522520542, 0.020250117406249046, -0.00099795067217201, 0.00433309655636549, 0.02642017975449562, 0.004319712519645691, -0.006825882010161877, -0.004513781983405352, 0.015726298093795776, 0.022605715319514275, -0.01760006882250309, 0.02348906546831131, -0.03811786696314812, 0.011905141174793243, 0.018992014229297638, 0.02409134805202484, -0.019687986001372337, 0.0010774186812341213, 0.0164356529712677, 0.027597978711128235, 0.029659127816557884, -0.009255093522369862, 0.01849680207669735, -0.0007281777216121554, 0.028989922255277634, -0.010887951590120792, -0.03094399906694889, 0.03602994978427887, -0.036351170390844345, -0.0047245812602341175, 0.05217115581035614, 0.017948055639863014, 0.007722615730017424, 0.01452173013240099, -0.0047480035573244095, 0.038439083844423294, -0.02075871266424656, 0.005152871832251549, -0.006216906476765871, -0.0071337162517011166, 0.006912878714501858, -0.012835334986448288, -0.016047514975070953, -0.0034865534398704767, -0.03123844973742962, 0.002164875390008092, -0.049922630190849304, 0.011697688139975071, -0.004654314834624529, -7.83177965786308e-05, 0.013825757429003716, 0.02281986176967621, 0.009496007114648819, -0.028856081888079643, -0.014896484091877937, 0.029525285586714745, 0.01259442139416933, 0.002725333906710148, -0.029257604852318764, -0.003456439357250929, 0.025710823014378548, 0.004771425388753414, 0.007093563675880432, 0.013096325099468231, 0.002892634831368923, 0.016529342159628868, -0.03024802729487419, 0.005055837333202362, -0.00558116240426898, 0.03503952920436859, -0.0007306872867047787, 0.021280691027641296, 0.010506505146622658, 0.012614497914910316, 0.0046643526293337345, -0.021146850660443306, 0.008191058412194252, 0.04229370132088661, 0.0058990344405174255, -0.020236732438206673, -0.012253127992153168, 0.016743486747145653, -0.01842988096177578, -0.013069557026028633, -0.010774186812341213, -0.014842947944998741, 0.009643231518566608, -0.022833244875073433, -0.0022435069549828768, -0.015565687790513039, -0.01560584083199501, 0.021775903180241585, -0.0014755951706320047, 0.004667698871344328, -0.02528253197669983, -0.023609522730112076, -0.016944248229265213, 0.02149483747780323, 0.011249321512877941, 0.024707017466425896, -0.002151491353288293, 0.010834414511919022, -0.0109615633264184, -0.009683383628726006, -0.04668368026614189, 0.011938601732254028, -0.00020839435455854982, 0.003334309672936797, 0.00454055005684495, 0.0036203942727297544, 0.03528044372797012, 0.016810407862067223, -0.00896733533591032, 0.007829688489437103, -0.011289473623037338, 0.004011878743767738, -0.009623155929148197, 0.004169141873717308, -0.012520809657871723, 0.0036438165698200464, 0.01332385465502739, 0.01856372319161892, 0.019313231110572815, 0.020772095769643784, -0.005617968738079071, 0.02505500242114067, -0.01627504453063011, 0.0035133217461407185, 0.006768999621272087, 0.03204149380326271, 0.0061867921613156796, 0.007889917120337486, 0.07270234078168869, 0.021508220583200455, 0.014936636202037334, 0.004058722872287035, 0.009924297221004963, -0.0037341590505093336, 0.0002913129283115268, -0.009449162520468235, 0.005353633314371109, 0.01587352156639099, -0.028133342042565346, -0.003680622670799494, 0.003167008515447378, 0.018684178590774536, 0.021949894726276398, 0.007709231693297625, 0.0032891384325921535, -0.0321485660970211, -0.024693632498383522, 0.03849262371659279, -0.004232716280966997, 0.004219332244247198, -0.02116023562848568, -0.005728387273848057, -0.048691291362047195, -0.010071522556245327, -0.01540507934987545, 0.01616797223687172, 0.0043264045380055904, -0.013645072467625141, -0.030462171882390976, -0.022980470210313797, -0.03645824268460274, -0.029766200110316277, 0.034049104899168015, -0.0009753650519996881, -0.019420303404331207, -0.015525535680353642, 0.043605342507362366, 0.016556110233068466, 0.02624618634581566, 0.01567276008427143, 0.003426325274631381, -0.019674601033329964, 0.03217533603310585, -0.01560584083199501, -0.01156384777277708, -0.004553934093564749, 0.009255093522369862, -0.013277010060846806, -0.0102655915543437, 0.0335940457880497, 0.019848594442009926, 0.009770380333065987, -0.002402442740276456, 0.025336068123579025, -0.0005215609562583268, 0.013919445686042309, -0.00018884104792959988, 0.02707599848508835, 0.011075328104197979, 0.012982560321688652, 0.018148815259337425, 0.0049387263134121895, -0.009496007114648819, -0.0004579865781124681, -0.028320718556642532, -0.003076666034758091, 0.013531307689845562, 0.004978878889232874, 0.003583588171750307, 0.012741646729409695, 0.010091598145663738, -0.04515789449214935, -0.014588650315999985, 0.02082563191652298, -0.012842027470469475, -0.005939186550676823, -0.0014488269807770848, -0.011757916770875454, 0.014575266279280186, 0.005661467090249062, 0.03193442150950432, -0.00015820404223632067, 0.010459660552442074, -0.0006478732684627175, -0.02136099524796009, 0.03544105216860771, -0.0023940778337419033, -0.019875362515449524, 0.012828643433749676, 0.0030080724973231554, -0.017211930826306343, 0.02172236703336239, -0.011744532734155655, -0.00012244343815837055, 0.01486971601843834, 0.0013860890176147223, -0.03763604164123535, 0.0002250198886031285, 0.011423314921557903, 0.01325693354010582, 0.013471079058945179, 0.006705425214022398, 0.00657158438116312, -0.02049103006720543, -0.011349702253937721, 0.005410515237599611, 0.0014680665917694569, -0.021240539848804474, -0.021120082587003708, -0.012621190398931503, -0.022351417690515518, 0.029204068705439568, 0.01486971601843834, -0.0019641141407191753, 0.02203020080924034, 0.0025881470646709204, -0.019781673327088356, -0.03779665008187294, -0.020946089178323746, -0.0219231266528368, -0.012099211104214191, 0.029204068705439568, 0.01737253926694393, 0.0015475346008315682, -0.0020628217607736588, 0.04392655938863754, -0.011885065585374832, 0.0014463174156844616, 0.0017884480766952038, 0.001863733516074717, -0.007254173047840595, -0.02299385331571102, 0.011169017292559147, 0.02102639339864254, 0.004784809425473213, 0.04041992872953415, -0.004296290688216686, -0.018055127933621407, 0.028668705374002457, 0.009061023592948914, -0.009536159224808216, -0.031479362398386, -0.0698649138212204, -0.0150570934638381, 0.03530720993876457, 0.013718685135245323, -0.0005859718658030033, -0.029096996411681175, 0.0069731068797409534, 0.0014781046193093061, -0.01677025482058525, 0.01842988096177578, -0.0090811001136899, 0.0260186567902565, -0.0018185622757300735, 0.0011543771252036095, -0.024372413754463196, 0.0014245683560147882, -0.008960643783211708, 0.0005090134218335152, -0.011389854364097118, -0.004881844390183687, 0.004366557113826275, 0.004885190166532993, 0.012848719023168087, -0.012554269284009933, 0.006712117698043585, -0.00224183383397758, 0.005694927182048559, 0.014468193054199219, -0.003807771485298872, 0.001510728383436799, -0.029766200110316277, 0.007575390860438347, -0.0004579865781124681, -0.0174394603818655, -0.0029143840074539185, 0.0009477603598497808, 0.013631688430905342, -0.004704505205154419, 0.009810532443225384, -0.01919277384877205, -0.015271238051354885, -0.010111674666404724, 0.0030950692016631365, 0.02638002671301365, 0.004309674724936485, 0.046362463384866714, 0.01726546697318554, 0.012527501210570335, -0.021642060950398445, 0.007287633139640093, -0.017359156161546707, 0.003533397801220417, 0.03932243585586548, 0.030167723074555397, 0.0013735415413975716, -0.015257854014635086, -0.0011836547637358308, -0.03056924417614937, -0.016194740310311317, -0.020410725846886635, 0.006866034585982561, -0.007147100288420916, -0.017452843487262726, -0.019621064886450768, 0.015083861537277699, -0.021534988656640053, 0.023502448573708534, -0.02069179154932499, 0.010419508442282677, -0.01061357744038105, -0.019085701555013657, -0.014682338573038578, 0.004804885480552912, -0.01826927252113819, 0.024733785539865494, -0.004205948207527399, 0.012099211104214191, -0.01943368837237358, 0.018871556967496872, -0.00941570196300745, -0.012052366510033607, 0.002909364877268672, 0.03337990120053291, -0.059211183339357376, -0.010111674666404724, -1.8638380424818024e-05, 0.013865909539163113, 0.0020828978158533573, -0.014950020238757133, 0.033781424164772034, 0.028267182409763336, -0.008907106705009937, -0.011864989064633846, -0.00876657385379076, 0.00798360537737608, 0.003921536263078451, 0.02675478160381317, -0.005541010294109583, -0.03289807587862015, -0.01092810370028019, -0.0019206159049645066, 0.012955792248249054, 0.01923292689025402, 0.007314401213079691, -0.0015466980403289199, -0.019313231110572815, -0.011135556735098362, -0.028722241520881653, 0.019888747483491898, 0.0007277594995684922, -0.018349576741456985, -0.03597641363739967, -0.005246560554951429, -0.018710948526859283, 0.022565564140677452, -0.007147100288420916, 0.00017556152306497097, 0.003141913330182433, 0.006491280160844326, -0.00404199305921793, 0.014923252165317535, -0.010981639847159386, 0.010774186812341213, -0.0218963585793972, 0.004647622816264629, -0.005179639905691147, -0.03675268962979317, -0.004309674724936485, 0.008391819894313812, -0.02931114099919796, -0.003807771485298872, 0.012982560321688652, 0.017452843487262726, -0.0012589403195306659, -0.023007238283753395, 0.04818269610404968, 0.001161069143563509, -0.00046760638360865414, -0.03437032550573349, -0.010499812662601471, 0.03522690385580063, 0.004507089965045452, -0.019580913707613945, -0.011456774547696114, 0.0034045760985463858, -0.01136308629065752, -0.013825757429003716, 0.01603413186967373, 0.008940567262470722, -0.0044368235394358635, -0.02805303782224655, -0.0023740017786622047, 0.022967085242271423, -0.008191058412194252, -0.013591536320745945, -0.004025262780487537, -0.03945627436041832, -0.015284622088074684, 0.02382366731762886, -0.005517587997019291, 0.00199590134434402, 0.004507089965045452, 0.006223598495125771, -0.0029913424514234066, 0.02794596552848816, -0.02662094123661518, -0.016315197572112083, -0.02545652538537979, -0.04700489714741707, -0.019152622669935226, 0.002819022396579385, 0.011764608323574066, 0.032817769795656204, 0.006454473827034235, -0.0023940778337419033, -0.017024552449584007, -0.021240539848804474, -0.03522690385580063, -0.00403530104085803, -0.004547242075204849, -0.0076690795831382275, 0.06188799813389778, 0.023944124579429626, 0.019286463037133217, 0.014909868128597736, 0.0058856504037976265, 0.00020724415662698448, -0.0308369267731905, 0.010459660552442074, 0.002686854684725404, -0.026902006939053535, 0.012855411507189274, 0.001733238692395389, -0.03188088536262512, 0.008505584672093391, 0.01041281595826149, 0.00459074042737484, 0.012119286693632603, 0.033888496458530426, 0.03544105216860771, -0.0007528546266257763, -0.011838220991194248, -0.018804635852575302, -0.007100255694240332, -0.006819189991801977, 0.020504415035247803, -0.007066795602440834, 0.0022384878247976303, 0.0017650258960202336, 0.00823121052235365, -0.0013082941295579076, 0.018255889415740967, 0.014561882242560387, -0.013430926948785782, -0.000911790644749999, -0.013236857950687408, -0.012353508733212948, -0.014936636202037334, -0.028508096933364868, 0.02947174943983555, -0.005557740572839975, 0.0037876954302191734, 0.02644694782793522, -0.02342214435338974, -0.013230165466666222, 0.008940567262470722, -0.0005993559607304633, -0.01842988096177578, -0.005079259164631367, 0.022578947246074677, -0.04684428870677948, -0.010439584963023663, -0.002281986176967621, 0.017452843487262726, -0.011041868478059769, -0.007301017176359892, -0.010459660552442074, -0.02442595176398754, -0.04119620472192764, -0.0004927015397697687, 0.020946089178323746, 0.000785060110501945, -0.028534865006804466, 0.010747418738901615, -0.008244594559073448, 0.01650257408618927, -0.02079886384308338, -0.005658120848238468, -0.044167473912239075, -0.0174662284553051, 0.003680622670799494, 0.021615292876958847, -0.050886280834674835, -0.01485633198171854, 0.010232130996882915, 0.020785480737686157, -0.0010790916858240962, 0.20033295452594757, 0.010171903297305107, -0.01111548114567995, 0.0023790206760168076, -0.026005271822214127, -0.0052499063313007355, 0.019085701555013657, -0.00817098282277584, -0.005256598349660635, 0.047593798488378525, -0.030221259221434593, 0.013263626024127007, 0.0025630518794059753, -0.015565687790513039, -0.00458404840901494, 0.009890836663544178, -0.056373756378889084, -0.016382116824388504, -0.03466477245092392, -0.025242380797863007, 0.025041619315743446, -0.006574930623173714, -0.0019256349187344313, -0.014481577090919018, 0.009134636260569096, 0.0023823666851967573, 0.029685895889997482, 0.00498222466558218, 0.022364802658557892, 0.010426199994981289, -0.025242380797863007, -0.0003346020821481943, 0.010633653961122036, -0.003013091627508402, 0.002231795806437731, -0.008257978595793247, 0.029070228338241577, -0.018590491265058517, 0.0036036642268300056, 0.00578861590474844, -0.004527166020125151, -0.009000795893371105, 0.025965120643377304, -0.018791252747178078, -0.017907902598381042, 0.0027336988132447004, -0.0026383372023701668, -0.01603413186967373, 0.005296750925481319, 0.03533397987484932, -0.007488394156098366, 0.01192521769553423, 0.0342632532119751, 0.015819985419511795, 0.0017114896327257156, -0.014776027761399746, 0.03474507853388786, -0.0046877749264240265, -0.01247396506369114, 0.016355348750948906, 0.0027939272113144398, 0.008579197339713573, -0.0006135765579529107, 0.025603750720620155, -0.003650508588179946, 0.024479487910866737, -0.004507089965045452, -0.007936760783195496, 0.006250366568565369, 0.007742691785097122, -0.012052366510033607, -0.014896484091877937, 0.00776945985853672, 0.007889917120337486, -0.021120082587003708, -0.01966121792793274, 0.018590491265058517, 0.008030449971556664, 0.004751349333673716, 0.029070228338241577, -0.010372663848102093, -0.014628802426159382, -0.005206407979130745, 0.0008616003324277699, -0.019687986001372337, -0.012888872064650059, 0.021575141698122025, 0.010640345513820648, -0.0019256349187344313, -0.022043583914637566, -0.018550338223576546, 0.004406709223985672, -0.019085701555013657, -0.011048560030758381, 0.017653604969382286, 0.009455854073166847, -0.001422058790922165, 0.028989922255277634, -0.019380152225494385, -0.006340709049254656, -0.028454558923840523, 0.02848132885992527, 0.0035233597736805677, -0.02435903064906597, -0.023515833541750908, -0.008492200635373592, 0.015739681199193, 0.0126613425090909, -0.01389267761260271, -0.012567653320729733, -0.004031954798847437, -0.0030549168586730957, 0.008692962117493153, -0.005808691959828138, 0.0049621486105024815, 0.0451846644282341, -0.007053411565721035, -0.015860138460993767, -0.014414656907320023, 0.003456439357250929, 0.019273079931735992, -0.03056924417614937, -0.00628048088401556, -0.006414321716874838, -0.006116525735706091, -0.025710823014378548, -0.03619055822491646, 0.006414321716874838, 0.009690076112747192, -0.0342632532119751, 0.02944498136639595, 0.0002358944620937109, 0.00797022134065628, -0.017586683854460716, 0.0044000172056257725, 0.0308369267731905, 0.01896524429321289, -0.020477646961808205, -0.01773390918970108, -0.00388807593844831, 0.023114310577511787, -0.0023020622320473194, 0.010339204221963882, 0.002531264675781131, -0.006738885771483183, -0.011389854364097118, -0.029284372925758362, -0.015779834240674973, -0.041972484439611435, -0.035815805196762085, -0.015485383570194244, -0.002375674666836858, 0.01710485853254795, 0.012929024174809456, 0.0133439302444458, -0.007956837303936481, 0.0033945380710065365, -0.03303191438317299, -0.01181145291775465, 0.022177424281835556, -0.03297837823629379, -0.018389729782938957, 0.029364677146077156, 0.003988456446677446, -0.004754695575684309, 0.010198671370744705, -0.16906772553920746, 0.02877577766776085, 0.03337990120053291, -0.0126613425090909, 0.011630767956376076, 0.0071337162517011166, 0.02807980589568615, 0.01051319669932127, -0.017854366451501846, -0.01836296170949936, 0.0038010794669389725, -0.02355598472058773, -0.04108913242816925, -7.884061051299796e-05, -0.00573173351585865, -0.0007281777216121554, 0.025563597679138184, -0.01486971601843834, 0.022244345396757126, 0.010881259106099606, 0.04381948709487915, -0.0506453700363636, 0.017185162752866745, -0.01222635991871357, 0.0335405096411705, 0.005166255868971348, -0.004553934093564749, -0.003272408153861761, -0.0010138442739844322, -0.010499812662601471, -0.023930739611387253, 0.011905141174793243, 0.02019658125936985, 0.010205362923443317, 0.012246435508131981, 0.0040654148906469345, 0.0027922543231397867, -0.015391695313155651, -0.007287633139640093, 0.006113179959356785, -0.015525535680353642, 0.007006567437201738, 0.007555314805358648, 0.025162074714899063, 0.011195785365998745, 0.013839141465723515, 0.00042306247632950544, 0.005146179813891649, 0.032121799886226654, -0.01046635303646326, 0.030194491147994995, -0.006203522440046072, -0.02026350051164627, 0.012855411507189274, 0.011189092881977558, 0.010131750255823135, 0.00991760566830635, 0.018108664080500603, -0.014187127351760864, -0.02328830398619175, -0.007628927007317543, -0.0005458196392282844, 0.02185620740056038, 0.014535114169120789, -0.010285667143762112, -0.0031201643869280815, -0.021749135106801987, -0.002402442740276456, -0.01760006882250309, 0.0014764316147193313, -0.01950060762465, -0.01211259514093399, -0.004841691814363003, 0.003650508588179946, 0.014039902947843075, 0.017840981483459473, -0.027089383453130722, 0.004476975649595261, 0.0037207750137895346, -0.01939353533089161, -0.0036672386340796947, 0.017586683854460716, -0.024640096351504326, 0.033781424164772034, 0.0012815259397029877, 0.0002965410822071135, 0.018483418971300125, -0.018055127933621407, 0.007341169286519289, -0.014735874719917774, 0.028026269748806953, -0.01555230375379324, -0.003717429004609585, -0.02915053255856037, 0.022980470210313797, -0.006323979236185551, 0.029337909072637558, 0.024104733020067215, 0.009669999592006207, -0.01776067726314068, 0.0018704255344346166, -0.019152622669935226, -0.036244094371795654, 0.011155633255839348, 0.04355180636048317, 0.021039778366684914, 0.034182947129011154, 0.01760006882250309, 0.011804761365056038, 0.008652809076011181, -0.011195785365998745, -0.009984525851905346, 8.652600081404671e-05, 0.0547676682472229, 0.00026329001411795616, 0.0174662284553051, 0.03233594447374344, 0.010941487736999989, 0.005095989443361759, -0.003978418651968241, 0.02931114099919796, 0.010640345513820648, -0.003001380478963256, 0.015726298093795776, 0.0013333891984075308, 0.019420303404331207, -0.07559330016374588, -0.005507550202310085, 0.018751099705696106, 0.009743612259626389, -0.04298967495560646, -0.010740726254880428, 0.0008026267169043422, 0.04325735569000244, -0.015726298093795776, 0.04687105864286423, -0.028293950483202934, -0.026005271822214127, 0.001426241360604763, 0.014936636202037334, -0.029096996411681175, -0.008887031115591526, 0.001207076944410801, -0.00234221457503736, -0.01623489148914814, 0.015860138460993767, -0.005654775071889162, -0.014722490683197975, 0.0021330881863832474, 0.007789535913616419, -0.03782341629266739, -0.0006763144046999514, -0.014428040944039822, 0.007909992709755898, 0.0015985614154487848, 0.008612656965851784, 0.010486428625881672, 0.005668159108608961, 0.010887951590120792, -0.003272408153861761, 0.006307248957455158, -0.011931910179555416, -0.03742189705371857, 0.0020243425387889147, 0.03180057927966118, -0.01377222128212452, -0.01594044268131256, 0.022538796067237854, 0.04448869079351425, -0.004507089965045452, -0.017907902598381042, 0.0023673095274716616, -0.010941487736999989, 0.040339626371860504, 0.007267557084560394, -0.021468069404363632, 0.006504664197564125, 0.011891757138073444, -0.0031469324603676796, -0.024800704792141914, 0.04256138205528259, -0.009469238109886646, 0.0157664492726326, 0.024640096351504326, -0.012995944358408451, 0.019420303404331207, 0.0015542266191914678, -0.02501485124230385, -0.007715923711657524, 0.0017482958501204848, 0.00831820722669363, 0.008612656965851784, -0.013364006765186787, -0.011945294216275215, -0.015819985419511795, 0.007903301157057285, -0.005628006998449564, 0.0013216781662777066, -0.04834330826997757, -0.001284035388380289, -0.004520474001765251, 0.019554145634174347, 0.009736919775605202, -0.013417542912065983, -0.008793341927230358, -0.0011702707270160317, -0.010011293925344944, 0.005129449535161257, -0.008726421743631363, -0.0073478613048791885, 0.017252082005143166, 0.011530387215316296, -0.008425280451774597, 0.025001466274261475, 0.0003082521434407681, -0.029552055522799492, 0.018925093114376068, 0.011189092881977558, -0.00873311422765255, -0.01500355638563633, 0.018510187044739723, 0.01432096865028143, -0.011229244992136955, -0.010680497623980045, -0.0004176252114120871, -0.011764608323574066, -0.029096996411681175, -0.00921494048088789, -0.0533757209777832, 0.013531307689845562, 0.018992014229297638, 0.010098290629684925, -0.003570204135030508, 0.004480321891605854, 0.003245640080422163, -0.005671504884958267, -0.005664812866598368, 0.016248276457190514, 0.0004268267657607794, -0.012500733137130737, -0.015779834240674973, -0.01377222128212452, 0.0037609273567795753, 0.016609646379947662, 0.023408761247992516, 0.0034865534398704767, 0.009375549852848053, -0.00408549141138792, 0.005517587997019291, -0.01896524429321289, 0.0010289013152942061, 0.04092852398753166, -0.011001716367900372, -0.004517127759754658, 0.001760006882250309, -0.0023555986117571592, -0.009308629669249058, -0.02288678102195263, 0.008539045229554176, -0.03517336770892143, 0.015378311276435852, 0.0019741521682590246, 0.0038378858007490635, -0.04162449762225151, 0.009061023592948914, 0.036511778831481934, -0.009402317926287651, 0.024640096351504326, -0.03134552016854286, -0.0164624210447073, 0.017586683854460716, -0.005280020646750927, 0.01102848444133997, -0.004005186725407839, -0.028802545741200447, 0.01563260890543461, 0.007655695080757141, 0.005266636610031128, 0.022083736956119537, 0.017479611560702324, -0.03107783943414688, 0.004550588317215443, -0.037180982530117035, -0.03391526639461517, 0.02794596552848816, 0.022284498438239098, 0.011517003178596497, -0.021708982065320015, 0.05249237269163132, -0.003757581114768982, -0.00986406859010458, -0.027972733601927757, 0.001967460149899125, -0.013364006765186787, -0.00753523875027895, -0.0010581790702417493, 0.00898071937263012, -0.018844788894057274, -0.010539964772760868, 0.0007921704091131687, 0.018510187044739723, 0.034049104899168015, 0.009502698667347431, 0.0002712368150241673, -0.013290394097566605, 0.007314401213079691, -0.006953030824661255, -0.028026269748806953, 0.00996444933116436, -0.007749383803457022, -0.010452968999743462, 0.011008407920598984, 0.01563260890543461, -0.005755155347287655, -0.002671797527000308, 0.015324775129556656, 0.016676567494869232, 0.010693881660699844, -0.023596137762069702, -0.005129449535161257, -0.008813418447971344, 0.011985446326434612, 0.017546532675623894, 0.009188172407448292, -0.01061357744038105, 0.008351667784154415, 0.024372413754463196, 0.0260186567902565, 0.018818020820617676, -0.022297881543636322, 0.009288553148508072, -0.022739555686712265, -0.02837425470352173, 0.013946213759481907, -0.04138358309864998, -0.020946089178323746, -0.005152871832251549, 0.0164356529712677, -0.009984525851905346, -0.007628927007317543, 0.014842947944998741, 0.002009285381063819, 0.006959722843021154, 0.010539964772760868, 0.02212388813495636, -0.008746498264372349, -0.005818729754537344, 0.008793341927230358, 0.017158394679427147, 0.007173868361860514, 0.01873771660029888, -0.03846585378050804, 0.015431847423315048, -0.00633067125454545, -0.015819985419511795, -0.022378185763955116, 0.030863694846630096, -0.005801999941468239, 0.019112469628453255, 0.00682922825217247, -0.020477646961808205, -0.0037241210229694843, -0.017145009711384773, -0.009435778483748436, -0.0015542266191914678, 0.005266636610031128, -0.012922331690788269, 0.06686687469482422, 0.004677737131714821, -0.008485508151352406, 0.0025245726574212313, 0.02874900959432125, 0.028856081888079643, 0.011543771252036095, 0.0007804593187756836, -0.0001491070433985442, -0.02837425470352173, 0.024399183690547943, -0.009890836663544178, 0.009475930593907833, -0.025041619315743446, -0.008512276224792004, 0.024506255984306335, 0.0020327074453234673, 0.018590491265058517, -0.004463591612875462, -0.01191183365881443, 0.021013010293245316, 0.006096449680626392, 0.015712913125753403, 0.0016286756144836545, 0.007863149046897888, 0.003520013764500618, 0.01321008987724781, 0.016823792830109596, 0.003141913330182433, -0.02947174943983555, -0.0014889792073518038, -0.013076248578727245, -0.02422519028186798, -0.012273203581571579, 0.014642186462879181, -0.01992889866232872, -0.01039943192154169, -0.026835085824131966, 0.024492871016263962, 0.0034999377094209194, -0.00876657385379076, 0.018777867779135704, -0.009904221631586552, -0.02561713382601738, 0.009261785075068474, -0.0071203322149813175, -0.009790456853806973, -0.0009109541424550116, -0.01616797223687172]","[0.004285556264221668, -0.012273347936570644, 0.03733255714178085, -0.004086620174348354, -0.019583407789468765, 0.01580699346959591, -0.014107606373727322, -0.0032369268592447042, 0.012320552952587605, -0.01831561140716076, -0.02296869456768036, -0.009906345047056675, 0.017884021624922752, 0.020406126976013184, -0.004862133879214525, 0.015240531414747238, 0.013756939209997654, -0.008975728414952755, 0.004885736387223005, -0.012752143666148186, -0.020338691771030426, 0.013595093041658401, 0.0026283173356205225, -0.019569920375943184, -0.007613522000610828, 0.002264162991195917, 0.004926198162138462, -8.945803710957989e-05, 0.010263755917549133, 0.014390837401151657, 0.005398250184953213, 0.006126558408141136, -0.024910850450396538, -0.0014979216502979398, -0.03490486368536949, 0.01354114431887865, -0.002184925600886345, -0.02157951332628727, 0.0043631079606711864, -0.018261663615703583, 0.016953404992818832, 0.004565415903925896, -0.01111344899982214, -0.006285033188760281, 0.001316687441430986, 0.008469958789646626, -0.014997761696577072, -0.018086329102516174, 0.013466964475810528, 0.016616225242614746, 0.01805935427546501, 0.011963142082095146, -0.008827369660139084, -0.020028484985232353, -0.03207255154848099, 0.000515463761985302, -0.003715722355991602, 0.01292747724801302, -0.01729058474302292, -0.005823096726089716, -0.001758393133059144, 0.022119000554084778, -0.009178036823868752, 0.01293422095477581, -0.021080486476421356, 0.006848123390227556, -0.003948376514017582, 0.008308112621307373, 0.019300177693367004, -0.02194366790354252, 0.05626858025789261, 0.013190477155148983, 0.015955353155732155, 0.008894805796444416, 0.03814179077744484, -0.011194372549653053, 0.007485393434762955, 0.007269598543643951, 0.0019556432962417603, 0.00604563532397151, 0.008395778946578503, 0.0010975205805152655, -0.0022793360985815525, 0.01297468226402998, 0.029132341966032982, -0.011936168186366558, -0.005991686601191759, 0.024816440418362617, -0.022860797122120857, 0.005644391290843487, 0.03541737422347069, 0.03663122281432152, 0.010000755079090595, 0.0043631079606711864, 0.00958939641714096, 0.006335610058158636, -0.022024590522050858, 0.021714385598897934, 0.010729064233601093, -0.012354271486401558, -0.007546085864305496, -0.008375548757612705, -0.023926284164190292, -0.006092840805649757, -0.013986221514642239, -0.009474755264818668, -0.007458419073373079, -0.018639303743839264, 0.006180507130920887, -0.026165159419178963, -0.01167316734790802, 0.03277388587594032, 0.013972735032439232, -0.021147921681404114, -0.01609022356569767, -0.018733713775873184, 0.02140417881309986, -0.005806237459182739, -0.011410167440772057, -0.02166043594479561, 0.010992064140737057, -0.0048419032245874405, 0.03107449784874916, -0.030103420838713646, 0.028053367510437965, -0.014781965874135494, -0.003226811531931162, 0.009906345047056675, -0.002678894205018878, -0.007559573277831078, 0.010951602831482887, 0.01784355938434601, 0.01195639930665493, 0.021350231021642685, 0.01153829600661993, 0.02986065112054348, -0.018032381311058998, -0.0015358544187620282, -0.049363136291503906, -0.022847309708595276, 0.02261802740395069, 0.014674068428575993, 0.013696246780455112, -0.0033043629955500364, -0.00011832906602649018, 0.022267360240221024, 0.021822283044457436, 0.018558381125330925, 0.03509368374943733, 0.007337034214287996, -0.021916693076491356, -0.027230648323893547, -0.004005697090178728, -0.029887625947594643, 0.0014397581107914448, 0.02010940946638584, 0.020594947040081024, 0.007296572905033827, -0.0011194372782483697, 0.003789901966229081, -0.008921779692173004, 0.04270046204328537, 0.0270822886377573, -0.012064296752214432, 0.018153764307498932, 0.03954445570707321, 0.011012295261025429, 0.0016353224636986852, -0.008200215175747871, -0.02837705984711647, -0.03598383814096451, -0.010836961679160595, -0.04278138279914856, 0.028404034674167633, -0.006237827707082033, 0.0002918713435065001, -0.0124149639159441, 0.00046151498099789023, 0.009427549317479134, -0.016899455338716507, -0.036280557513237, -0.012671220116317272, -0.01172711607068777, 0.023777926340699196, -0.016332993283867836, -0.007377495989203453, -0.014539197087287903, -0.0085980873554945, -0.012280091643333435, -0.022348282858729362, -0.003405516967177391, 0.00818672776222229, -0.024870388209819794, -0.015173095278441906, -0.6417747139930725, 0.010783012956380844, 0.03277388587594032, -0.023562131449580193, 0.020136382430791855, 0.0004703659506049007, 0.014323401264846325, 0.01172711607068777, -0.03895102068781853, 0.028673777356743813, -0.018922535702586174, 0.01796494424343109, 0.0010848762467503548, -0.008045111782848835, 0.001391710015013814, -0.008085574023425579, 0.018477458506822586, 0.016400430351495743, 0.024883875623345375, -0.004039415158331394, 0.0016176204662770033, 0.018531406298279762, 0.021242333576083183, 0.03347522020339966, 0.003901171265169978, -0.0009019562276080251, -0.002171438420191407, -0.02102653868496418, -0.012833066284656525, 0.016966892406344414, -0.04912036657333374, -0.010304217226803303, -0.004083248320966959, -0.02252361737191677, 0.05262703821063042, -0.01265773270279169, -0.007114495616406202, -0.003122285706922412, -0.01172711607068777, 0.015213556587696075, -0.01700735278427601, -0.028215212747454643, 0.011140423826873302, 0.017614277079701424, 0.02438484877347946, -0.00571857113391161, 0.0270822886377573, 0.011922680772840977, 0.01776263676583767, -0.0043631079606711864, -9.235567995347083e-05, -0.0019370984518900514, -0.010816730558872223, -0.00558032700791955, 0.013210708275437355, 0.0032284974586218596, 0.024047669023275375, -0.0038640815764665604, 0.0038539660163223743, 0.020041972398757935, -0.0071954187005758286, 0.02456018328666687, -0.017897509038448334, -0.00971752405166626, 0.0024546696804463863, 0.013918785378336906, 0.0016555532347410917, -0.011228090152144432, 0.023036129772663116, -0.0017685084603726864, 0.026259569451212883, 0.010729064233601093, -0.002940208651125431, 0.009744498878717422, 0.006548033561557531, 0.019138330593705177, 0.029186291620135307, 0.01927320286631584, 0.018356073647737503, -0.008820625953376293, -0.001723832217976451, 0.014350376091897488, 0.0007498037884943187, -0.010290729813277721, 0.03636147826910019, 0.0048520187847316265, -0.053732987493276596, -0.003587594022974372, -0.0030902535654604435, -0.04736702889204025, 0.003162747249007225, 0.013042118400335312, -0.022119000554084778, -0.017047815024852753, -0.005280237179249525, -0.0004313795070629567, -0.0070740338414907455, -0.00035467109410092235, 0.002503560623154044, -0.020244279876351357, -0.002562567126005888, 0.010998807847499847, 0.02605726197361946, 0.0010435717413201928, 0.006163648329675198, 0.006925675086677074, -0.015213556587696075, 0.019475510343909264, 0.02334633469581604, -0.013419759459793568, 0.010917885228991508, 0.004754236433655024, -0.007957445457577705, -0.02754085324704647, -0.011430398561060429, -0.027756648138165474, 0.018639303743839264, 0.009967037476599216, 0.027230648323893547, -0.00957590900361538, 0.021053511649370193, 0.0036145683843642473, 0.007215649820864201, -0.015874428674578667, 0.04062343388795853, 0.01915181800723076, 0.028053367510437965, -0.04299717769026756, -0.000555925362277776, 0.014350376091897488, 0.018679765984416008, -0.0055533526465296745, 0.013413015753030777, -0.024034181609749794, 0.0030127023346722126, 0.024991773068904877, 0.015766531229019165, -0.012367757968604565, -0.0021764962002635, -0.013837862759828568, -0.005007121246308088, 0.0006819463451392949, -0.00037300525582395494, -0.030346190556883812, 0.010992064140737057, -0.0008640234591439366, 0.006601982284337282, 0.007822573184967041, -0.009474755264818668, 0.0023568873293697834, 0.008153010159730911, -0.01409411896020174, -0.008550882339477539, -0.00874644611030817, -0.016872482374310493, -0.010128883644938469, -0.0075056240893900394, -0.032153476029634476, -0.02075679413974285, -0.013864836655557156, 0.005944481585174799, 0.02745993062853813, -0.013210708275437355, -0.0003051478124689311, 0.005748916883021593, 0.004005697090178728, -0.018261663615703583, 0.006527802441269159, 0.0032352409325540066, -0.01339278556406498, 0.014242478646337986, -0.025922389701008797, -0.01692643016576767, 0.011605732142925262, -0.000989623018540442, 0.025167107582092285, -0.0353364534676075, -0.003533645300194621, 0.015227044001221657, 0.007991163060069084, -0.013352323323488235, 0.021512076258659363, 0.011700142174959183, -0.00509141618385911, 0.02120187133550644, 0.017789611592888832, -0.001170857110992074, 0.016400430351495743, -0.007458419073373079, 0.015146120451390743, 0.01870674081146717, -0.01859884336590767, 0.007863035425543785, -0.021188383921980858, 0.008564368821680546, 0.004157428164035082, -0.004919454455375671, 0.03382588550448418, 0.01907089538872242, -0.00648734113201499, 0.019772227853536606, 0.001543440972454846, 0.017910996451973915, -0.0025895414873957634, 0.003982094582170248, -0.02203807793557644, -0.014215503819286823, -0.007242624182254076, 0.003621312091127038, 0.018302123993635178, 0.0021056884434074163, -0.03487788885831833, 0.022294335067272186, -0.03207255154848099, 0.008800394833087921, -0.009919832460582256, -0.012718425132334232, 0.02072981931269169, -0.008874574676156044, 0.03946353495121002, -0.005101531744003296, 0.0004914397140964866, 0.033906809985637665, 0.012752143666148186, -0.018113303929567337, -0.011147167533636093, -0.001903380500152707, 0.01395924761891365, 0.016980379819869995, -0.019583407789468765, 0.0030363048426806927, -0.0024664709344506264, 0.003604453057050705, 0.018018893897533417, 0.01487637683749199, 0.03741348162293434, 0.028296135365962982, 0.0124149639159441, 0.004683428443968296, -0.025814492255449295, 0.018099816516041756, 0.028511932119727135, 0.014795453287661076, 0.00920501071959734, 0.02203807793557644, 0.011464116163551807, 0.02661023661494255, -0.006177135743200779, -0.02323843725025654, 0.008942010812461376, -0.018302123993635178, -0.01619812101125717, -0.023130539804697037, -0.019583407789468765, 0.007337034214287996, -0.007397726643830538, 0.013932272791862488, 0.02345423214137554, 0.013608580455183983, 0.02689346857368946, 0.020244279876351357, -0.011963142082095146, 0.01925971545279026, -0.00019566970877349377, 0.010863935574889183, 0.01362881064414978, -0.018099816516041756, 0.005273493472486734, 0.029887625947594643, -0.0010022672358900309, -0.015564223751425743, -0.0016437519807368517, 0.008665523491799831, 0.0017718803137540817, 0.018099816516041756, 0.005000377539545298, 0.009704037569463253, -0.02046007476747036, 0.012334040366113186, -0.0029553817585110664, -0.021876230835914612, -0.025342440232634544, 0.022537102922797203, 0.004885736387223005, 0.0074044703505933285, -0.018369561061263084, 0.0036314274184405804, 0.03806086629629135, 0.003644914599135518, 0.0026401185896247625, -0.0007262011640705168, 0.00809231773018837, -0.0046092490665614605, 0.010850449092686176, -0.007856291718780994, -0.002707554493099451, 0.02652931399643421, -0.03754835203289986, 0.027972443029284477, 0.0013883381616324186, -0.020014997571706772, 0.028673777356743813, -0.024802953004837036, -0.0012972996337339282, 0.03517460450530052, 0.016157660633325577, -0.0030599075835198164, 0.012226142920553684, -0.0019050664268434048, 0.00021484680473804474, -0.020419614389538765, -0.0016184634296223521, -0.00746516278013587, 0.00957590900361538, 0.006733482237905264, -0.004919454455375671, -0.009124088101089, -0.008119291625916958, 0.036523327231407166, 0.004771095234900713, -0.02261802740395069, -0.031236344948410988, -0.0014085689326748252, 0.010364909656345844, 0.03317850083112717, 0.006096212193369865, 0.0005289509426802397, -0.00010763414320535958, 0.0027766763232648373, -0.024438798427581787, -0.010965090245008469, -0.058912068605422974, -0.0048520187847316265, -0.021741358563303947, -0.007154957391321659, 0.024115106090903282, 0.011888963170349598, -0.013372554443776608, 0.006167020183056593, 0.01935412548482418, 0.035201579332351685, -0.028404034674167633, -0.0156316589564085, -0.017897509038448334, -0.03161398693919182, 0.01488986425101757, 0.010924628004431725, 0.02959090657532215, 0.021147921681404114, 0.024398336187005043, 0.014336888678371906, -0.02251012995839119, 0.024492746219038963, -0.018922535702586174, -0.01497078686952591, 0.0065851230174303055, 0.015645146369934082, 0.010978576727211475, 0.014336888678371906, 0.027581315487623215, -0.0023855476174503565, -0.015092171728610992, 0.008827369660139084, 0.006244571413844824, 0.012077783234417439, -0.014323401264846325, 0.016036275774240494, -0.032045576721429825, 0.020055459812283516, -0.00962985772639513, -0.005128506105393171, 0.016049763187766075, 0.0156316589564085, -0.001653867308050394, -0.008166496641933918, -0.01629253290593624, -0.012819579802453518, -0.01962387003004551, 0.027392493560910225, 0.009056651964783669, 0.004403569269925356, 5.255264841252938e-05, -0.023764438927173615, 0.017263609915971756, -0.019934074953198433, 0.0008475859649479389, -0.006133302114903927, -0.0029317790176719427, 0.012165450491011143, -0.005239775404334068, -0.01544283889234066, 0.0007489608251489699, -0.023737464100122452, 0.027500391006469727, -0.010398628190159798, -0.026003312319517136, -0.029725778847932816, -0.006274917628616095, -0.006902072113007307, 0.010958346538245678, 0.012617271393537521, -0.007067290600389242, 0.006966136395931244, 0.0139052988961339, 0.001665668678469956, -0.021093973889946938, 0.006274917628616095, 0.0022051564883440733, -0.019232740625739098, -0.018396534025669098, -0.009852396324276924, 0.016858994960784912, -0.0223213080316782, 0.012448681518435478, 0.01010190974920988, 0.014377349987626076, -0.008550882339477539, -0.01841002143919468, 0.020041972398757935, -0.010283987037837505, 0.013473708182573318, -0.000955062045250088, -0.011255064979195595, -0.007734906859695911, 0.004052902106195688, -0.030723830685019493, -0.02222689799964428, 0.003424061695113778, 0.008476702496409416, -0.01115391030907631, 0.02977972850203514, 0.01796494424343109, -0.017803099006414413, -0.02055448666214943, -0.0008631804957985878, -0.001409411896020174, -0.002869400894269347, 0.013689503073692322, 0.03209952637553215, 0.03285480663180351, 0.0036584017798304558, 0.01441781222820282, 0.00048301019705832005, 0.0066930209286510944, 0.0020652269013226032, -0.03042711317539215, 0.009393831714987755, 0.0022152718156576157, -0.004140568897128105, 0.02075679413974285, 0.020487049594521523, -0.024317413568496704, -0.02222689799964428, -0.0014996075769886374, -0.03013039566576481, 0.02977972850203514, -0.01005470473319292, 0.013453477993607521, -0.02259105257689953, -0.01488986425101757, -0.01060093566775322, -0.003022817661985755, -0.02371048927307129, -0.0008012237376533449, -0.012940963730216026, -0.011713629588484764, 0.0034898119047284126, -0.02271243743598461, -0.026300031691789627, -0.0253019779920578, -0.0015881173312664032, 0.008402522653341293, 0.0068177771754562855, 0.037521377205848694, 0.008072086609899998, -0.017155712470412254, -0.03841153159737587, -0.013783914037048817, -0.008928523398935795, -0.017358019948005676, -0.02091863937675953, -0.00036668311804533005, 0.0032234396785497665, 0.02670464664697647, 0.03226137161254883, -0.0017263609915971756, 0.03490486368536949, 0.00012275455810595304, 0.01627904549241066, 0.0025693108327686787, -0.0025777402333915234, 0.0092522157356143, -0.02129628136754036, -0.019880125299096107, 0.018072841688990593, 0.007229136768728495, -0.010978576727211475, 0.027500391006469727, 0.0011969886254519224, 0.00434624869376421, -0.009339882992208004, -0.03571409359574318, -0.023319361731410027, -0.050657905638217926, 0.011147167533636093, 0.012010348029434681, -0.028997469693422318, 0.009940062649548054, -0.016130685806274414, -0.017546841874718666, 0.018733713775873184, -0.002149521838873625, 0.018760688602924347, 0.010931371711194515, 0.019462022930383682, 0.015658633783459663, 0.03406865522265434, -0.012064296752214432, 0.0024951312225311995, -0.022119000554084778, -0.004717146512120962, -0.011093217879533768, -0.017371507361531258, 0.0005091416533105075, 0.006689649075269699, 0.0006789959734305739, -0.01483591552823782, 0.028350085020065308, -0.008402522653341293, 0.006575007922947407, -0.012738656252622604, 0.013918785378336906, 0.00455530034378171, 0.002329912967979908, 0.012071040458977222, -0.051871754229068756, -0.019124843180179596, -0.019030433148145676, -0.027203673496842384, -0.007775368168950081, -0.008901549503207207, 0.010061447508633137, -0.015146120451390743, -0.03134424239397049, -0.016144173219799995, 0.00406638951972127, 0.018571868538856506, 0.006113071460276842, 0.013777170330286026, 0.03134424239397049, -0.025531260296702385, -0.03757532685995102, -0.028161264955997467, 0.010290729813277721, -0.013756939209997654, 0.023872336372733116, 0.027298083528876305, -0.0005289509426802397, -0.023508181795477867, -0.009940062649548054, -0.0005740487831644714, -0.030265266075730324, -0.03563316911458969, 0.013082579709589481, 0.009508472867310047, -0.00824067648500204, -0.0038168763276189566, -0.005030723754316568, -0.014323401264846325, 0.02632700651884079, -0.006628956645727158, -0.004251838196069002, 0.007020085118710995, 0.013783914037048817, -0.008031625300645828, 0.03487788885831833, 0.004467633552849293, 0.014026683755218983, -0.014795453287661076, -0.005549980793148279, -0.013311862014234066, -0.02643490396440029, 0.03312455117702484, 0.023400284349918365, -0.0006494927802123129, 0.007694445084780455, 0.005179082974791527, 0.017088277265429497, -0.007937214337289333, 0.01878766342997551, -0.009130831807851791, -0.027594802901148796, -0.011342731304466724, 0.03134424239397049, -0.01204406563192606, 0.01534842886030674, -0.002479958115145564, 0.002090515336021781, -0.0012307065771892667, -0.011888963170349598, -0.019974537193775177, -0.016306020319461823, -0.029375111684203148, -0.0033397667575627565, 0.03317850083112717, 0.005624160636216402, -0.004892480093985796, 0.010479550808668137, -0.00476435199379921, 0.009049908258020878, 0.005155480466783047, 0.010830217972397804, 0.03636147826910019, -0.03164096176624298, -0.04612620919942856, 0.013649041764438152, 0.028404034674167633, 0.022092025727033615, 0.004359736107289791, 0.017465917393565178, 0.016022788360714912, 0.018679765984416008, -0.010965090245008469, 0.009312908165156841, 0.01842350885272026, -0.0007915297755971551, -0.02066238410770893, 0.010661628097295761, -0.005904019810259342, -0.0396253801882267, 0.0210130512714386, 0.0009255587938241661, -0.0470433384180069, 0.0026923813857138157, 0.004612620919942856, 0.0038640815764665604, 0.022348282858729362, -0.023090079426765442, 0.00413719704374671, 0.027837570756673813, 0.014822428114712238, -0.01009516604244709, 0.00917129311710596, 0.040434613823890686, -0.032423216849565506, 0.030454088002443314, 0.0010747609194368124, -0.009757986292243004, -0.018288636580109596, -0.0012180623598396778, -0.01787053421139717, 0.006392930634319782, -0.03309757634997368, -0.013851350173354149, -0.0231575146317482, 0.00571857113391161, -0.006881841458380222, -0.0322074219584465, -0.0052970959804952145, -0.0075056240893900394, -0.000536116014700383, 0.012961194850504398, -0.004696915857493877, -0.01703432761132717, 0.003354939864948392, -0.0173040721565485, 0.009279190562665462, 0.0224292054772377, 0.0010410428512841463, -0.022092025727033615, -0.03323245048522949, 7.217757229227573e-05, -0.004774467088282108, 0.010836961679160595, -0.012704938650131226, 0.022456180304288864, -0.0029300933238118887, -0.02464110590517521, -0.03355614095926285, -0.0261381845921278, -0.06592541188001633, -0.0031290294136852026, 0.02222689799964428, -0.014121093787252903, 0.030346190556883812, -0.025517774745821953, 0.017371507361531258, 0.005782634951174259, -0.022564077749848366, 0.00917129311710596, 0.015065197832882404, 0.007876521907746792, 0.002533906837925315, 0.013702990487217903, 0.030022496357560158, 0.003975350875407457, -0.010297473520040512, -0.005607301369309425, 0.007701188791543245, -0.017196174710989, 0.03164096176624298, -0.012361014261841774, -0.016238583251833916, -0.012758887372910976, -0.014188529923558235, -0.0037224660627543926, 0.042943231761455536, 0.02474900335073471, 0.007613522000610828, -0.03760230168700218, -0.011099961586296558, 0.023777926340699196, -0.010985320433974266, -0.006062494590878487, -0.010466063395142555, 0.01497078686952591, 0.01684550754725933, -0.0004880678898189217, -0.006136673968285322, -0.013082579709589481, 0.015119146555662155, -0.022348282858729362, 0.026448391377925873, -0.020311716943979263, -0.011133680120110512, 0.008962241001427174, -0.003317850176244974, 0.006925675086677074, -0.001239979057572782, 0.017506379634141922, -0.022159462794661522, 0.00879365112632513, 0.011201116256415844, 0.0027277853805571795, -0.011936168186366558, -0.006676161661744118, 0.010776269249618053, -0.013102810829877853, -0.02391279861330986, -0.01943504810333252, -0.0019168676808476448, -0.01982617750763893, 0.007552829571068287, 0.021930180490016937, -0.011841757223010063, -0.009366856887936592, 0.0014642036985605955, -0.006746969651430845, -0.023885823786258698, 0.007923726923763752, 0.005543237552046776, -0.009569165296852589, -0.017074789851903915, 0.01056047435849905, -0.016211608424782753, -0.03374496474862099, 0.020770281553268433, 0.009933319874107838, 0.0028441124595701694, -0.007849548012018204, 0.22766385972499847, -0.008126035332679749, 0.015658633783459663, 0.029698804020881653, -0.013561375439167023, -0.02698787860572338, 0.02279336005449295, 0.0279184952378273, -0.012967938557267189, 0.03107449784874916, -0.012401476502418518, 0.008004650473594666, 0.0056747375056147575, 4.356996214482933e-05, 0.03188373148441315, -0.0030211317352950573, -0.014269452542066574, 0.008436241187155247, -0.0054420833475887775, 0.007755137514322996, 0.004551928490400314, 0.013001656159758568, -0.025787517428398132, -0.02445228584110737, 0.016117198392748833, 0.007242624182254076, 0.006966136395931244, 0.022941719740629196, 0.01768171414732933, -0.008786908350884914, -0.016805045306682587, -0.0020348806865513325, 0.020689357072114944, 0.011598988436162472, 0.0014237420400604606, 0.00962985772639513, 0.005337557755410671, -0.0022995667532086372, 0.006895328871905804, 0.012819579802453518, 0.00925895944237709, -0.030400138348340988, -0.0210130512714386, -0.019016945734620094, -0.03077778033912182, 0.017924482002854347, -0.0012543092016130686, 0.009913088753819466, 0.0016049762489274144, 0.019111355766654015, 0.014148067682981491, 0.011052756570279598, 0.007519111502915621, 0.0030261895153671503, 0.002154579386115074, -0.014647094532847404, 0.018760688602924347, -0.017560329288244247, -0.009818678721785545, 0.016724122688174248, 0.005681481212377548, -0.0004623579152394086, -0.011700142174959183, 0.015092171728610992, -0.013635554350912571, 0.007890009321272373, 0.012570066377520561, -0.010944859124720097, 0.024128593504428864, -0.02175484597682953, 0.021984128281474113, -0.014822428114712238, 0.004460889846086502, 0.004825044423341751, -0.025881927460432053, 0.003068336984142661, -0.0017718803137540817, 0.0453709252178669, 0.030103420838713646, 0.0211209487169981, -0.03374496474862099, -0.003307734616100788, -0.004936313722282648, -0.028727727010846138, -0.007552829571068287, -0.014539197087287903, 0.02689346857368946, -0.011565269902348518, -0.007033572532236576, 0.015523762442171574, 0.002923349617049098, -0.01311629731208086, -0.016616225242614746, 0.0052094291895627975, -0.0001808127126423642, 0.0033684270456433296, -0.01064814068377018, 0.027405980974435806, 0.0014060401590541005, 0.010877422988414764, -0.030750805512070656, 0.024762490764260292, 0.01405365765094757, 0.022847309708595276, -0.014485248364508152, -0.0020180216524749994, 0.0006705665146000683, -0.016764584928750992, 0.0044743772596120834, -0.009879371151328087, 0.010337935760617256, -0.04922826215624809, 0.00434624869376421, 0.00043285469291731715, -0.004352992400527, 0.008105804212391376, 0.011423654854297638, -0.01989361271262169, -0.010385140776634216, 0.017088277265429497, -0.005280237179249525, -0.014134581200778484, 0.007350521627813578, 0.011275295168161392, -0.002992471447214484, -0.010176088660955429, -0.027513878419995308, -0.019488997757434845, -0.03479696437716484, -0.03978722542524338, 0.00033465103479102254, 0.004922826308757067, 0.024506233632564545, 0.01005470473319292, -0.014593145810067654, 0.002562567126005888, 0.015645146369934082, -0.041999127715826035, 0.00012486192281357944, 0.015739556401968002, 0.006544661708176136, 0.0009129145764745772, 0.0028339968994259834, -0.017047815024852753, 0.002486701589077711, -0.04612620919942856, -0.0038910559378564358, 0.010681859217584133, -0.020986076444387436, -0.020621921867132187, -0.026205621659755707, -0.004025927744805813, 0.004612620919942856, 0.007977676577866077, 0.017614277079701424, -0.03361009061336517, -0.04197215288877487, -0.03835758566856384, 0.011841757223010063, -0.0023788041435182095, -0.03611870855093002, 0.0033229077234864235, 0.02457367070019245, -0.002748016035184264, -0.021646948531270027, -0.028484957292675972, -0.17242030799388885, 0.011740603484213352, 0.045721594244241714, -0.005870301742106676, 0.012880271300673485, -0.0016918000765144825, 0.018302123993635178, -0.010594191960990429, -0.015415864065289497, 0.0210130512714386, 0.010223294608294964, 0.011882219463586807, -0.016049763187766075, -0.020325204357504845, -0.010216550901532173, 0.004413684830069542, -0.019691305235028267, -0.006770572159439325, 0.004093363881111145, -0.013520913198590279, 0.016211608424782753, 0.012361014261841774, 0.014202017337083817, -0.034095630049705505, -0.016076738014817238, 0.001258523901924491, -0.0058736735954880714, 0.010850449092686176, 0.0037359532434493303, -0.01905740797519684, -0.0010671743657439947, 0.018396534025669098, -0.008786908350884914, -0.017627764493227005, 0.006049007177352905, -0.007498880848288536, -0.014188529923558235, -0.00699985446408391, 0.011039269156754017, 0.010466063395142555, 0.016966892406344414, -0.001071389066055417, -0.0004071447183378041, -0.008119291625916958, -0.027028338983654976, 0.0049632880836725235, 0.017816584557294846, -0.001664825715124607, 0.02856587991118431, 0.003191407537087798, 0.005131877958774567, -0.037818096578121185, 0.002923349617049098, -0.008314856328070164, -0.003938260953873396, 0.01886858604848385, 0.005715199280530214, 0.015173095278441906, -0.025180594995617867, 0.007600034587085247, -0.020905153825879097, -0.04461564123630524, 0.0016235212096944451, -0.00865203607827425, 0.0013546202098950744, -0.021161409094929695, 0.004204633180052042, -0.003466209163889289, -0.022725924849510193, 0.0064940848387777805, -0.019488997757434845, -0.006379443686455488, 0.030561985448002815, 0.027136238291859627, 0.020217306911945343, 0.017331046983599663, -0.0035774786956608295, 0.01205080933868885, 0.010897654108703136, -0.008153010159730911, -0.03393378481268883, 0.032935731112957, -0.029186291620135307, 0.0388970710337162, 0.004882364999502897, 0.02818823792040348, 0.011983373202383518, 0.011248321272432804, -0.007390982937067747, -0.004878993146121502, -0.002392291324213147, -0.008773420937359333, 0.00038712465902790427, -0.019745254889130592, 0.0269743911921978, 0.008469958789646626, 0.004100107587873936, 0.009919832460582256, 0.015280992724001408, -0.007364008575677872, 0.019934074953198433, -0.04512815549969673, -0.00813952274620533, 0.021889718249440193, 0.03196465224027634, 0.01311629731208086, -0.019408075138926506, 0.004140568897128105, 0.03013039566576481, -0.014660581946372986, -0.027756648138165474, 0.020041972398757935, 0.013413015753030777, 0.023750951513648033, -0.01842350885272026, 0.030723830685019493, 0.00699985446408391, -0.004889108240604401, -0.009056651964783669, -0.0037426967173814774, 0.02986065112054348, 0.003587594022974372, -0.02837705984711647, -0.02055448666214943, -0.0037426967173814774, 0.02027125470340252, -0.09797098487615585, -0.021997615694999695, -0.002149521838873625, -0.018666278570890427, -0.020540999248623848, 0.012758887372910976, 0.0011396680492907763, -0.0020163357257843018, 0.010520012117922306, 0.00409673573449254, -0.026300031691789627, -0.015294480137526989, 0.0016260499833151698, -0.015685608610510826, 0.02036566473543644, -0.022739412263035774, -0.005843327380716801, -0.00571857113391161, -0.020864691585302353, 0.014242478646337986, -0.013419759459793568, -0.007040316238999367, -0.016306020319461823, -0.015213556587696075, 0.0030717088375240564, 0.000655393407214433, -0.02464110590517521, -0.007653983309864998, 0.004993634298443794, -0.010243524797260761, -0.008995959535241127, -0.026826031506061554, 0.021566025912761688, -0.014228991232812405, -0.013453477993607521, -0.010122139938175678, -0.05653832480311394, 0.013433246873319149, 0.001997790765017271, -0.028161264955997467, -0.0015695723704993725, -0.007175188045948744, -0.01731755957007408, -0.0249378252774477, -0.00776862446218729, -0.003982094582170248, 0.0017162456642836332, 0.04974077641963959, 0.007040316238999367, -0.016885967925190926, -0.0028761443682014942, 0.0220650527626276, 0.013102810829877853, -0.04421102628111839, 0.020527511835098267, -0.002287765499204397, -0.002616515848785639, 0.006800918374210596, -0.005482545122504234, 0.006220968905836344, -0.02178182080388069, -0.018814638257026672, -0.0010410428512841463, 0.009083625860512257, 0.04164845868945122, -0.008024881593883038, -0.0015375403454527259, -0.004872249439358711, -0.013595093041658401, -0.00043411910883150995, -0.02605726197361946, 0.01952945999801159, -0.02789152041077614, -0.005168967880308628, -0.011808039620518684, 0.003550504334270954, 0.0033161642495542765, -0.015334941446781158, 0.005229659844189882, -0.020257767289876938, -0.004774467088282108, 0.003843850689008832, -0.00869924109429121, -0.025625672191381454, 0.0055297501385211945, 0.007957445457577705, 0.013264656998217106, 0.007020085118710995, 0.002980670193210244, -0.03625358268618584, -0.011882219463586807, 0.008584599941968918, 0.010216550901532173, -0.04350969195365906, 0.00767421443015337, 0.012347527779638767, -0.0028339968994259834, -0.007067290600389242, -0.003452721983194351, 0.013096067123115063, -0.010573960840702057, 0.005381390918046236, -0.04752887785434723, 0.017614277079701424, -0.015429351478815079, -0.02307659201323986, -0.006156904622912407, -0.02055448666214943, -0.013655785471200943, -0.033529169857501984, 0.011652937158942223, 0.02010940946638584, -0.04334784671664238, 0.0076607270166277885, -0.01907089538872242, -0.005630904342979193, -0.002159637166187167, 0.021566025912761688, 0.006113071460276842, 0.014134581200778484, 0.021147921681404114, -0.0017836815677583218, -0.013986221514642239, -0.0130690922960639, 0.0025541377253830433, 0.000299668638035655, -0.009468011558055878, 0.02325192466378212, -0.02345423214137554, 0.016791557893157005, -0.009056651964783669, -0.019947562366724014, 0.026205621659755707, -0.026394441723823547, -0.012273347936570644, 0.002446240046992898, 0.009926576167345047, -0.0043765949085354805, 0.016818532720208168, 0.015577711164951324, 0.02093212679028511, 0.032504141330718994, -0.004103479441255331, 0.0002297038008691743, 0.004538441076874733, -0.002835682826116681, 0.003407202661037445, 0.019745254889130592, -0.015550736337900162, 0.0049767750315368176, 0.014242478646337986, -0.0038135044742375612, 0.028997469693422318, 0.009825421497225761, -0.014161555096507072, -0.004575530998408794, -0.002690695459023118, -0.01766822673380375, 0.01700735278427601, 0.0016732552321627736, -0.009353370405733585, 0.001496235723607242, 0.024964798241853714, 0.009697293862700462, 0.005853442940860987, -0.023831874132156372, 0.01739848218858242, -0.0009356741793453693, 0.02252361737191677, 0.010884166695177555, 0.016238583251833916, -0.02372397668659687, 0.0022102142684161663, 0.00751236779615283, -0.006861610803753138, 0.027217160910367966, -0.0002686902298592031, 0.016980379819869995, -0.012205911800265312, 0.009393831714987755, -0.0021343487314879894, 0.001775252167135477, -0.010708833113312721, -0.007444932125508785, -0.04604528471827507, -0.0028980611823499203, 0.015051710419356823, 0.015078684315085411, -0.007849548012018204, 0.003611196530982852, 0.016076738014817238, -0.0025979711208492517, -0.009245472960174084, -0.002645176136866212, 0.003574106842279434, -0.004990262445062399, -0.004268697462975979, 0.001607505138963461, -0.00229282327927649, 0.011706885881721973, 0.014741504564881325, 0.006966136395931244, -0.005425224546343088, -0.008416010066866875, 0.009103856980800629, -0.011309013701975346, -0.046207133680582047, 0.03517460450530052, -0.046207133680582047, -0.02113443613052368, 0.004929570015519857, 0.03792599216103554, -0.011888963170349598, 0.002265848917886615, 0.009103856980800629, 0.0076607270166277885, 0.019961049780249596, 0.008314856328070164, -0.002835682826116681, -0.004477749112993479, -0.010796500369906425, 0.02102653868496418, -0.0026536057703197002, 0.02679905667901039, 0.01747940480709076, -0.0045080953277647495, 0.02102653868496418, -0.013561375439167023, 0.012617271393537521, 0.0050745573826134205, 0.026016799733042717, -0.004538441076874733, -0.01768171414732933, -0.01265773270279169, 0.009805191308259964, 0.0011034212075173855, -0.007923726923763752, -0.03668517246842384, 0.004103479441255331, 0.006224340759217739, -0.011302269995212555, 0.06873074918985367, 0.013729965314269066, -0.009980524890124798, 0.01637345552444458, -0.002031508833169937, 0.048715751618146896, 0.002078714082017541, 0.026178646832704544, -0.01793796941637993, -0.003877568757161498, 0.01870674081146717, -0.02706880122423172, 0.0065952385775744915, -0.012691451236605644, -0.013676016591489315, -0.0032065806444734335, -0.007114495616406202, 0.00869249738752842, -0.008618317544460297, 0.034554194658994675, 0.0027598172891885042, 0.01656227558851242, -0.005303839687258005, 0.004403569269925356, -0.016818532720208168, -0.0009280876256525517, 0.006079353392124176, -0.028538905084133148, -0.032153476029634476, -0.02706880122423172, 0.010843705385923386, -0.0008319913758896291, -0.06268848478794098, -0.010789756663143635, 0.0260302871465683, -0.0036651454865932465, -0.005327442195266485, -0.007175188045948744, 0.022550590336322784, 0.020257767289876938, 0.008422753773629665, -0.0004610934993252158, -0.023292386904358864, -0.01822120137512684, 0.04647687450051308, -0.021727871149778366, -0.008591343648731709, -0.01785704679787159, -0.016400430351495743]"
12386,"""SelectMany"" - equivalent in mongodb aggregation pipeline<p>Given the following documents:</p>
<pre><code>/* 1 */
{
    &quot;_id&quot; : ObjectId(&quot;5f38fb2b52e28012a8f175f9&quot;),
    &quot;date&quot; : &quot;2020-08-16&quot;,
    &quot;values&quot; : {
        &quot;wert1&quot; : 5.0,
        &quot;wert2&quot; : 9.0
    }
}

/* 2 */
{
    &quot;_id&quot; : ObjectId(&quot;5f38fb2b52e28012a8f175fa&quot;),
    &quot;date&quot; : &quot;2020-08-16&quot;,
    &quot;values&quot; : {
        &quot;wert1&quot; : 3.0,
        &quot;wert3&quot; : 10.0
    }
}
</code></pre>
<p>How can I transform this into something like the following:</p>
<pre><code>{ &quot;wert1&quot;: [ { &quot;2020-08-16&quot;: &quot;8.0&quot; } ] },
{ &quot;wert2&quot;: [ { &quot;2020-08-16&quot;: &quot;9.0&quot; } ] },
{ &quot;wert3&quot;: [ { &quot;2020-08-16&quot;: &quot;10.0&quot; } ] }
</code></pre>
<p>In theory in would be a:</p>
<ul>
<li><strong>&quot;SelectMany&quot;</strong> <code>$values.$key</code></li>
<li>Group by <code>$key</code> and <code>$date</code> with <code>$sum</code> of values</li>
<li>Transform</li>
</ul>
<p>What is the operator for this &quot;SelectMany&quot;?</p>
",@mrreinsmith How did it go?,"Embed Field: ""SelectMany"" - equivalent in mongodb aggregation pipeline<p>Given the following documents:</p>
<pre><code>/* 1 */
{
    &quot;_id&quot; : ObjectId(&quot;5f38fb2b52e28012a8f175f9&quot;),
    &quot;date&quot; : &quot;2020-08-16&quot;,
    &quot;values&quot; : {
        &quot;wert1&quot; : 5.0,
        &quot;wert2&quot; : 9.0
    }
}

/* 2 */
{
    &quot;_id&quot; : ObjectId(&quot;5f38fb2b52e28012a8f175fa&quot;),
    &quot;date&quot; : &quot;2020-08-16&quot;,
    &quot;values&quot; : {
        &quot;wert1&quot; : 3.0,
        &quot;wert3&quot; : 10.0
    }
}
</code></pre>
<p>How can I transform this into something like the following:</p>
<pre><code>{ &quot;wert1&quot;: [ { &quot;2020-08-16&quot;: &quot;8.0&quot; } ] },
{ &quot;wert2&quot;: [ { &quot;2020-08-16&quot;: &quot;9.0&quot; } ] },
{ &quot;wert3&quot;: [ { &quot;2020-08-16&quot;: &quot;10.0&quot; } ] }
</code></pre>
<p>In theory in would be a:</p>
<ul>
<li><strong>&quot;SelectMany&quot;</strong> <code>$values.$key</code></li>
<li>Group by <code>$key</code> and <code>$date</code> with <code>$sum</code> of values</li>
<li>Transform</li>
</ul>
<p>What is the operator for this &quot;SelectMany&quot;?</p>; Answer: @mrreinsmith How did it go?","[-0.03292364999651909, 0.01481564249843359, 0.01622861437499523, 0.001300655654631555, -0.01868417114019394, 0.03585934266448021, 0.010446399450302124, -0.017339788377285004, -0.028424084186553955, -0.029302047565579414, 0.029274610802531242, 0.027422655373811722, -0.008237771689891815, 0.006108022760599852, -0.013073432259261608, 0.009835939854383469, 0.01647554337978363, -0.020632153376936913, -0.02410285547375679, -0.033499814569950104, -0.0026784760411828756, 0.006310366094112396, -0.00039697004831396043, -0.012462972663342953, -0.018108006566762924, 0.011200900189578533, 0.038493234664201736, -0.02008342556655407, 0.004091449081897736, 0.001793653005734086, 0.018876224756240845, -0.003789649112150073, -0.009294072166085243, -0.01030235830694437, -0.018423525616526604, -0.023663872852921486, 0.009739913046360016, -0.002201769035309553, 0.039618123322725296, 0.008045717142522335, 0.03204568475484848, -0.019671879708766937, 0.012826505117118359, -0.039755307137966156, 0.009870235808193684, 0.02455555461347103, 0.002933977171778679, -0.03572215884923935, -0.017010552808642387, 0.009019708260893822, 0.026887645944952965, 0.013011700473725796, -0.044831033796072006, 0.004725915379822254, -0.0077644940465688705, -0.03012513928115368, 0.04834289103746414, 0.040633268654346466, -0.009115735068917274, 0.004046865273267031, 0.006306936498731375, 0.0067081935703754425, -0.01574847847223282, -0.0015064284671097994, -0.006306936498731375, -0.02701110951602459, -0.02403426356613636, 0.009959403425455093, -0.011454686522483826, 0.0015090005472302437, 0.0024624145589768887, -0.004057153593748808, 0.00573763158172369, -0.012490409426391125, 0.022621290758252144, 0.0019171166932210326, -0.02385592646896839, 0.005789075046777725, 0.002068016678094864, -0.0014086862793192267, 0.005339804105460644, -0.013320359401404858, -0.01324490923434496, 0.02480248175561428, -0.008045717142522335, 0.027504965662956238, -0.0014524130383506417, 0.04323972389101982, -0.00674248905852437, -0.01147526316344738, 0.0008282355265691876, 0.0010683038271963596, 0.03251210227608681, -0.0029048260767012835, 0.011235195212066174, 0.03410341218113899, -0.010480694472789764, 0.04933059960603714, -0.0017379227792844176, -0.01264816801995039, -0.02606455609202385, 0.011996554210782051, 0.004653894808143377, -0.006601877510547638, -0.02718944661319256, -0.008285785093903542, -0.0072226254269480705, -0.011873090639710426, 0.006385816261172295, 0.004623028915375471, -0.003477560356259346, 0.012949968688189983, 0.01871160790324211, -0.03116772137582302, -0.01577591523528099, -0.008333798497915268, 0.013745623640716076, -0.02491222694516182, -0.011530136689543724, -0.025666728615760803, 0.01616002433001995, 0.027518684044480324, 0.03193593770265579, -0.040496088564395905, 0.020001117140054703, 0.020824208855628967, 0.009383239783346653, 0.00107344810385257, -0.02026176266372204, -0.0201520174741745, 0.039618123322725296, 0.037834759801626205, 0.025378646329045296, 0.01983649842441082, -0.01717516966164112, 0.010103444568812847, -0.012867659330368042, 0.008964835666120052, -0.02875331975519657, -0.008368094451725483, 0.0159130971878767, 0.002515572588890791, -0.02119459956884384, -0.023005399852991104, -0.033390067517757416, 0.01665387861430645, 0.016242332756519318, 0.001053728279657662, 0.011804499663412571, -0.01839608885347843, 0.014939106069505215, -0.006248634308576584, 0.009657603688538074, 0.024363500997424126, 0.005435831844806671, -0.017723897472023964, 0.016173742711544037, -0.0051306020468473434, -0.002810513600707054, 0.014225759543478489, 0.03177132084965706, 0.012147454544901848, -0.0036593263503164053, 0.0026973385829478502, -0.006176613736897707, 0.021784480661153793, 0.01886250637471676, -0.020508689805865288, -0.008855089545249939, -0.010192613117396832, -0.00429379241541028, 0.026462383568286896, -0.039508379995822906, 0.013320359401404858, 0.0021606143563985825, -0.0054015363566577435, 0.010082867927849293, 0.0033901070710271597, -0.05407709255814552, -0.02218230813741684, -0.005847377236932516, 0.015652451664209366, 0.00344669446349144, 0.04867212846875191, -0.012133736163377762, -0.032374922186136246, -0.016914524137973785, 0.001761072315275669, -0.011639881879091263, 0.03264928609132767, 0.014129732735455036, 0.016557851806282997, -0.006176613736897707, -0.021455245092511177, -0.5820901393890381, 0.0033300898503512144, -0.014033704996109009, -0.03487163037061691, 0.007167752832174301, -0.00956843513995409, 5.878457523067482e-05, 0.021468963474035263, -0.023211171850562096, 0.01613258756697178, -0.008951117284595966, 0.027052264660596848, 0.008080012165009975, -0.012634450569748878, -0.016242332756519318, -0.01217489130795002, 0.014129732735455036, -0.03520086780190468, -0.0010991697199642658, 0.025776473805308342, -0.025076845660805702, 0.0179845429956913, 0.00010165390995098278, 0.005617597606033087, 0.0008196616545319557, -0.00845040287822485, -0.009499844163656235, 0.0003873244277201593, -0.015076288022100925, 0.03264928609132767, -0.055860456079244614, 0.026434946805238724, -0.006101163569837809, 0.013450682163238525, 0.04639490693807602, 0.008793357759714127, -0.03421315923333168, 0.007839944213628769, 0.005267783999443054, 0.04205996170639992, -0.00762731209397316, -0.024651581421494484, 0.0031414648983627558, -0.0303995031863451, -0.01710657961666584, 0.013882805593311787, 0.020700743421912193, -0.0034346911124885082, 0.013340936973690987, -0.039727870374917984, -0.005216340534389019, 0.014925387687981129, -0.0022051986306905746, -0.010734481737017632, 0.01054928544908762, -0.019863935187458992, 0.0127853499725461, -0.026352636516094208, 0.034130848944187164, -0.001197769190184772, -0.006097733974456787, 0.009691898711025715, -0.02252526395022869, -0.014239477925002575, -0.02613314613699913, -0.013896523043513298, 0.024816200137138367, 0.013670173473656178, 0.025351209565997124, 0.000973133894149214, 0.0014352652942761779, 0.012126876972615719, -0.016845934092998505, -0.0010048572439700365, -0.0003851809597108513, 0.0023218032438308, -0.008038857951760292, -0.01574847847223282, -0.004832231439650059, 0.017929671332240105, 0.03662756085395813, -0.01945238932967186, -0.035420358180999756, -0.0012912243837490678, -0.005480415653437376, -0.007935971021652222, -0.03775244951248169, -0.024637864902615547, 0.017751334235072136, -0.0029751318506896496, -0.0008698187884874642, 0.04041377827525139, 0.0059022498317062855, -0.03684705123305321, -0.009815363213419914, 0.025021973997354507, 0.0022137723863124847, 0.025021973997354507, 0.012360086664557457, -0.020728180184960365, -0.037066541612148285, 0.005452979356050491, 0.022374363616108894, 0.008567008189857006, 0.016502978280186653, 0.0209888257086277, -0.007997702807188034, -0.014040564186871052, 0.004249208606779575, -0.03382904827594757, -0.007709620986133814, -0.006766495760530233, -0.02511800080537796, -0.019328925758600235, -0.01685965247452259, -0.030426938086748123, -0.006920825224369764, -0.012991122901439667, -0.007359807379543781, 0.007922252640128136, 0.005881672725081444, 0.01114602666348219, 0.02274475432932377, -0.008025139570236206, -0.00227378960698843, 0.011955399997532368, 0.024569272994995117, -0.01255900040268898, 0.013601582497358322, 0.0054015363566577435, 0.013752482831478119, -0.012716758996248245, 0.021153444424271584, -0.01760043390095234, 0.007099161855876446, -0.010014276951551437, 0.0005598735297098756, -0.010172035545110703, 0.011811358854174614, -0.006811080034822226, 0.028643574565649033, 0.02161986194550991, 0.038493234664201736, -0.03333519399166107, 0.0061800433322787285, -0.025529546663165092, -0.04120943322777748, 0.016777342185378075, -0.03215543180704117, 0.01467846054583788, -0.008059434592723846, -0.009005989879369736, -0.011482122354209423, 0.010377808474004269, 0.0012706470442935824, -0.0003221630468033254, 0.000748498598113656, -0.038081686943769455, -0.008354376070201397, -0.038849905133247375, -0.010247485712170601, 0.014911669306457043, -0.02452811785042286, -0.026160582900047302, -0.01519975159317255, -0.03251210227608681, -0.009959403425455093, 0.012565859593451023, -0.0008513850043527782, -0.010857945308089256, -0.0077439164742827415, -0.012181750498712063, -0.018162880092859268, -0.020206889137625694, -0.02633891999721527, 0.03355468437075615, -0.03684705123305321, 0.0010434396099299192, 0.0006713338079862297, -0.008560148999094963, -0.006577870808541775, 0.004444692749530077, -0.00429379241541028, 0.0038170856423676014, 0.03001539409160614, 0.009204903617501259, 0.004091449081897736, 0.022731035947799683, -0.0027762181125581264, 0.041127126663923264, 0.01620117947459221, 0.005428972654044628, -0.013711327686905861, 0.009589012712240219, -0.01661272533237934, 0.014294350519776344, 0.025241464376449585, 0.016640160232782364, 0.027271755039691925, 0.011125450022518635, 0.025790192186832428, 0.0154466787353158, 0.016914524137973785, -0.0016350364312529564, 0.02340322732925415, -0.02487107366323471, -0.005360381677746773, -0.0007635028450749815, 0.015679888427257538, 0.009527280926704407, 0.017120297998189926, -0.02308770827949047, -0.01103628147393465, 0.005463268142193556, -0.0028636716306209564, 0.03827374055981636, -0.008567008189857006, -0.0017533558420836926, -0.0006173184374347329, 0.0255706999450922, -0.00876592192798853, -0.010659031569957733, 0.01850583404302597, 0.0011180322617292404, -0.015090005472302437, 0.0164069514721632, 0.0006486130296252668, 0.02340322732925415, 0.011811358854174614, 0.0068762414157390594, 0.011523277498781681, 0.02340322732925415, 0.03651781380176544, 0.01114602666348219, 0.017998261377215385, -0.012792209163308144, 0.015789633616805077, -0.0014129732735455036, 0.014609869569540024, -0.014952823519706726, -0.018423525616526604, 0.035173431038856506, 0.030344629660248756, -0.01742209680378437, 0.006756206974387169, -0.019754189997911453, 0.019575852900743484, 0.013210614211857319, 0.010261204093694687, 0.013896523043513298, -0.0023835350293666124, -0.002966557862237096, 0.005552436225116253, -0.006169754546135664, 0.02161986194550991, -0.024363500997424126, 0.009959403425455093, 0.029055120423436165, 0.000981707707978785, 0.02242923527956009, 0.0065401457250118256, -0.028835630044341087, 0.01882135309278965, -0.0025104281958192587, 0.014074860140681267, 0.014609869569540024, 0.005837088450789452, -0.012600154615938663, -0.009959403425455093, -0.0036970514338463545, 0.0012817931128665805, -0.04057839885354042, -0.014074860140681267, -0.04131918027997017, -0.0061869025230407715, -0.005813081748783588, -0.005987988784909248, 0.018135443329811096, -0.007593016605824232, 0.03179875761270523, -0.036682430654764175, 0.006358379498124123, -0.011619304306805134, 0.010021135210990906, 0.00814860314130783, 0.0017439245712012053, 0.005442690569907427, 0.02166101709008217, -0.003059155773371458, 0.0013289493508636951, 0.011125450022518635, 0.03026232123374939, 0.005662181880325079, -0.020316634327173233, -0.005970840808004141, 0.01909571699798107, 0.035557541996240616, 0.00781936664134264, 0.011427249759435654, 0.0033198012970387936, -0.007929111830890179, 0.008813935332000256, -0.0013915386516600847, -0.029411792755126953, 0.05319913104176521, -0.008107448928058147, -0.0209888257086277, -0.03865785151720047, -0.00830636266618967, 0.011173463426530361, -0.01888994313776493, -0.03382904827594757, -0.010178894735872746, 0.01417088694870472, -0.01138609554618597, -0.006807650439441204, -0.0035838764160871506, 0.004290362820029259, 0.02389708161354065, -0.015268342569470406, -0.01997368037700653, -0.02277219109237194, -0.02001483552157879, 0.025337491184473038, 0.038328614085912704, 0.03396623209118843, 0.00689338892698288, -0.0022103427909314632, -0.006824797950685024, 0.019123151898384094, -0.010556144639849663, -0.024075418710708618, -0.0051168836653232574, -0.0054907044395804405, -0.01215431373566389, -0.004993420094251633, 0.009616449475288391, -0.008354376070201397, -0.006649891380220652, -0.006745918653905392, -0.03264928609132767, -0.007304934784770012, -0.0029545545112341642, -0.015350650995969772, -0.0005731629789806902, -0.004499565344303846, 0.008244630880653858, 0.04784903675317764, 0.01843724399805069, -0.0005221485043875873, 0.006941402796655893, 0.006193761248141527, 0.004365812987089157, -0.04603823646903038, -0.008827653713524342, 0.0038822470232844353, 0.030097702518105507, -0.0021863360889256, -0.010473836213350296, 0.05531173199415207, 0.005144319962710142, 0.012161172926425934, 0.03264928609132767, 0.012147454544901848, -0.02696995623409748, 0.029933083802461624, -0.00600856589153409, 0.010288639925420284, 0.009396958164870739, 0.0007369238883256912, -0.04384332522749901, 0.0071334573440253735, -0.0008256633882410824, 0.01738094352185726, -0.027559837326407433, -0.028698448091745377, -0.02791651152074337, -0.02308770827949047, 0.012030850164592266, -0.01168789528310299, 0.012607013806700706, -0.021359216421842575, -0.017120297998189926, -0.03926145285367966, -0.024500682950019836, 0.005981129594147205, 0.02220974490046501, -0.013903382234275341, -0.015432960353791714, -0.004623028915375471, -0.023814773187041283, -0.007524425629526377, 0.003758783219382167, 0.012860800139605999, -0.03306083008646965, -0.03635319694876671, -0.019754189997911453, 0.01026806328445673, 0.03890477865934372, 0.010803072713315487, 0.00647155474871397, 0.010528708808124065, -0.0018811064073815942, -0.02288193628191948, -0.019109435379505157, -0.02568044699728489, 0.007311793509870768, 0.005247206427156925, -0.0041634696535766125, -0.0092391986399889, 0.0071128797717392445, 0.007586157415062189, 0.003645608201622963, 0.04677901789546013, -0.004283504094928503, -0.007634171284735203, -0.010947112925350666, 0.014404096640646458, 0.025268901139497757, -0.0012380663538351655, 0.013581004925072193, 0.004077731166034937, 0.0035032820887863636, -0.01868417114019394, 0.017367225140333176, -0.008354376070201397, -0.023801054805517197, -0.017504407092928886, 0.00645440723747015, -0.005216340534389019, 0.021537553519010544, 0.024116571992635727, -0.019713034853339195, -0.008841371163725853, -0.005062011070549488, -0.020687026903033257, 0.012799068354070187, 0.011290067806839943, 0.013279205188155174, -0.005408395081758499, 0.004880244843661785, 0.008470980450510979, -0.010343513451516628, 0.025941092520952225, 0.02053612656891346, -0.00915003102272749, 0.03284133970737457, -0.013752482831478119, 0.006056579761207104, 0.006413252558559179, -0.009739913046360016, -0.023567846044898033, -0.010069149546325207, 0.016173742711544037, -0.008422967046499252, 0.0068625230342149734, 0.0059159682132303715, 0.011831936426460743, -0.03155183047056198, 0.006845375522971153, 0.0019411235116422176, 0.008882526308298111, -0.004328087903559208, -0.004636747296899557, 0.004283504094928503, -0.020645871758461, -0.007318652700632811, -0.00489053362980485, -0.018066853284835815, -0.02067330852150917, -0.016749907284975052, 0.03890477865934372, 0.004211483523249626, 0.0184783972799778, 0.02452811785042286, 0.012929391115903854, -0.012168032117187977, 0.0027059123385697603, -0.039837613701820374, -0.024816200137138367, -0.020494971424341202, -0.0037999378982931376, 0.031222593039274216, 0.002851668046787381, 0.029082557186484337, 0.0015844505978748202, 0.02861613780260086, -0.005555865820497274, 0.005024285987019539, 0.017833642661571503, 0.007771352771669626, -0.015282060019671917, 0.0018433814402669668, -0.002131463261321187, 0.008704190142452717, 0.00801142118871212, 0.003252925118431449, -0.002978561446070671, 0.011591868475079536, 0.03435033932328224, -0.0209888257086277, 0.005422113463282585, -0.013505554758012295, -0.04274586960673332, 0.006258922629058361, 0.004599022213369608, -0.008052575401961803, -0.012147454544901848, -0.030975665897130966, -0.008443543687462807, 0.02354040928184986, 0.0017439245712012053, 0.014321787282824516, -0.012339509092271328, 0.03053668513894081, -0.012709900736808777, 0.014212042093276978, -0.025735318660736084, 0.006697904784232378, -0.01059729978442192, -0.01417088694870472, -0.007284357212483883, -0.01217489130795002, 0.013176318258047104, -0.0057410611771047115, 0.0064441184513270855, 0.00392683083191514, -0.013066573068499565, -0.003290650201961398, 0.009314648807048798, -0.02211371809244156, -0.01731235161423683, 0.0028019396122545004, -0.014074860140681267, 0.004300651606172323, -0.012860800139605999, -0.03407597541809082, -0.02935692109167576, 0.028561266139149666, 0.008601303212344646, -0.0019479825859889388, 0.0025910225231200457, -0.011564431712031364, -0.020248044282197952, 0.004907681606709957, -0.03906939551234245, 0.051937054842710495, 0.011927963234484196, 0.025378646329045296, 0.00787423923611641, -0.0024555556010454893, -0.016489261761307716, -0.025845063850283623, 0.008759062737226486, 0.009582153521478176, 0.022799625992774963, 0.025200309231877327, -0.00934208557009697, -0.03207312151789665, -0.0026801908388733864, -0.027889074757695198, -0.0046916198916733265, -0.025899937376379967, 0.037834759801626205, 0.02134549990296364, -0.03484419360756874, 0.005888531915843487, 0.005713624879717827, -0.016502978280186653, -0.006310366094112396, 0.018670452758669853, 0.0007797931903041899, 0.010679608210921288, -0.010199472308158875, -0.04066070541739464, 0.019013406708836555, 0.002386964624747634, 0.03594164922833443, 0.013203755021095276, -0.009575294330716133, -0.023485535755753517, -0.041127126663923264, -0.0020388655830174685, 0.04071557894349098, -0.0049625542014837265, 0.020632153376936913, -0.009835939854383469, 0.011591868475079536, 0.005621027201414108, 0.0057616387493908405, -0.005271213594824076, 0.005713624879717827, -0.001309229526668787, 0.03569472208619118, -0.016036560758948326, 0.015542705543339252, 0.024514399468898773, -0.0007815079879947007, 0.018025698140263557, 0.012744195759296417, -0.026284046471118927, -0.013299782760441303, -0.024363500997424126, 0.007908535189926624, 0.039096832275390625, -0.016736188903450966, -0.006190332118421793, 0.0038650992792099714, 0.012126876972615719, 0.01488423254340887, -0.010199472308158875, -0.02245667204260826, 0.010837367735803127, -0.027875356376171112, -0.010693326592445374, -0.0002257070445921272, 0.006029142998158932, 0.03355468437075615, -0.005428972654044628, 0.0012860799906775355, 0.024706454947590828, 0.010727622546255589, 0.013265486806631088, -0.006461265962570906, 0.022196026518940926, 0.009829080663621426, -0.022086281329393387, 0.0001326805941062048, 0.009657603688538074, 0.008176039904356003, 0.009067721664905548, -0.015830788761377335, -0.029411792755126953, -0.0005740203778259456, 0.0006443260936066508, -0.0014404096873477101, -0.047135692089796066, -0.029219739139080048, -0.026078274473547935, -0.0027762181125581264, 0.03275902941823006, -0.021043699234724045, -0.017024269327521324, 0.014541278593242168, -0.005267783999443054, -0.0020114292856305838, -0.006944832392036915, -0.02766958251595497, 0.0026476101484149694, -0.009403817355632782, 0.01467846054583788, -0.013313500210642815, -0.02836921066045761, 0.011166604235768318, 0.0043726721778512, 0.018135443329811096, -0.029823338612914085, -0.01367703266441822, -0.028259465470910072, -0.022607572376728058, -0.01359472330659628, 0.024637864902615547, -0.0056656114757061005, -0.007805648259818554, 0.019754189997911453, 0.04831545427441597, 0.023142581805586815, -0.00797712616622448, -0.035283178091049194, -0.03421315923333168, -0.020796772092580795, -0.029686156660318375, 0.0034707013983279467, -0.004725915379822254, -0.038328614085912704, 0.03360955789685249, 0.02683277428150177, 0.005603879224509001, -0.027793046087026596, 0.015460397116839886, -0.051415763795375824, -0.04107225313782692, -0.002179476898163557, -0.001082021975889802, 0.020796772092580795, 0.0414837971329689, 0.0016401807079091668, 0.0458187460899353, 0.003961126320064068, 0.028286902233958244, -0.030975665897130966, 0.008484698832035065, 0.004454981070011854, -0.0025824487674981356, 0.011125450022518635, -0.020892798900604248, -0.03939863294363022, -0.011969118379056454, 0.015172314830124378, -0.020879080519080162, 0.05223885551095009, 0.01830006204545498, -0.0127853499725461, -0.01577591523528099, 0.002572159981355071, 0.018176598474383354, 0.004626458510756493, 0.0010434396099299192, 0.02563929185271263, -0.022538980469107628, -0.004221771843731403, -0.00339868082664907, -0.013128304854035378, 0.0041017378680408, -0.0011334652081131935, 0.017010552808642387, -0.009417535737156868, -0.0005667326040565968, 0.013834791257977486, 0.0033506671898066998, -0.00864245742559433, -0.024157727137207985, 0.029905647039413452, 0.02105741761624813, -0.005295220296829939, 0.04642234370112419, 0.023883363232016563, 0.020687026903033257, 0.01067274995148182, 0.021647298708558083, -0.00825834833085537, -0.021606145426630974, 0.00956843513995409, 0.005751349963247776, 0.018162880092859268, -0.01226405892521143, 0.007778211962431669, -0.021222034469246864, -0.005284931510686874, 0.012655027210712433, 0.0062829297967255116, -0.0252277459949255, 0.0025841635651886463, -0.0013846794608980417, -0.02620173804461956, -0.004067442379891872, -0.014582432806491852, 0.003213485237210989, -0.025776473805308342, -0.026119427755475044, 0.0006914823898114264, -0.013635877519845963, -0.007545002736151218, 0.033252883702516556, -0.009890812449157238, -0.01563873328268528, 0.012600154615938663, 0.024816200137138367, -0.0339936688542366, -0.009842799045145512, 0.19523723423480988, -0.00204229517839849, -0.00033759602229110897, 0.040358904749155045, -0.007798789534717798, 0.004112026654183865, 0.003414113773033023, -0.006560722831636667, -0.01728491485118866, 0.026421228423714638, -0.00224292348138988, 0.0076410300098359585, 0.010981408879160881, 0.005603879224509001, 0.008505276404321194, -0.006351520773023367, -0.03843836113810539, -0.014993978664278984, -0.011077435687184334, -0.004057153593748808, 0.03739577904343605, 0.018464678898453712, 0.011811358854174614, -0.037450648844242096, 0.00400571059435606, -0.012819645926356316, 0.0266544371843338, -0.0017782199429348111, 0.00976048968732357, 0.014582432806491852, -0.012853940948843956, 0.002779647707939148, -0.006913966499269009, 0.00044241154682822526, -0.01766902580857277, -0.0118250772356987, 0.008567008189857006, -0.00727749802172184, 0.014843078330159187, 0.038987088948488235, 0.0017533558420836926, -0.0364629402756691, 0.00864245742559433, -0.0011720475740730762, 0.0012595010921359062, -0.006320654880255461, -0.012023990973830223, 0.005442690569907427, -0.009547858498990536, 0.029164865612983704, -0.012106300331652164, -0.002105741761624813, 0.021606145426630974, 0.02735406532883644, -0.009856517426669598, -0.019932525232434273, 0.03747808560729027, -0.0011814788449555635, -0.01633836142718792, 0.045846182852983475, -0.020412662997841835, 0.013258627615869045, 0.010034853592514992, 0.008073152974247932, -0.0034758455585688353, 0.010172035545110703, -0.01067274995148182, -0.002299511106684804, 0.003318086499348283, 0.007695903070271015, -0.013464400544762611, -0.011543854139745235, -0.006063438486307859, 0.007908535189926624, 0.009911390021443367, -0.021784480661153793, 0.026009682565927505, 0.02358156442642212, -0.005144319962710142, 0.02539236471056938, -0.03799937665462494, -0.04603823646903038, -0.010343513451516628, 0.004520142450928688, -0.03865785151720047, -0.0011763345682993531, -0.008052575401961803, -0.010466977022588253, -0.025899937376379967, -0.018108006566762924, -0.009232339449226856, 0.007812507450580597, -0.014486405998468399, -0.03050924837589264, -0.012346368283033371, 0.005168327130377293, -0.0009551287512294948, 0.02777932956814766, -0.020865362137556076, -0.013094009831547737, -0.029164865612983704, 0.04422743618488312, 0.025515828281641006, 0.015542705543339252, -0.009040284901857376, 0.001300655654631555, 0.0004014713049400598, 0.0103229358792305, 0.013334077782928944, -0.04817827418446541, 0.011708472855389118, -0.019438670948147774, 0.0009148315875791013, -0.01563873328268528, -0.000728778715711087, -0.009561575949192047, 0.018108006566762924, 0.0016770483925938606, 0.005034574773162603, -0.0051100244745612144, 0.014129732735455036, -0.05898820608854294, -0.006416682153940201, 0.0010897384490817785, -0.010226908139884472, -0.032868776470422745, -0.030701301991939545, 0.018766479566693306, -0.0002559299173299223, -0.015995405614376068, 0.0333077572286129, -0.012277777306735516, 0.0024092565290629864, -0.016063997521996498, -0.023142581805586815, 0.006300077307969332, -0.013395809568464756, -0.020522408187389374, -0.010048571974039078, 0.019822780042886734, 0.01144096814095974, -0.03075617551803589, 0.024925945326685905, 0.006560722831636667, -0.005096306558698416, -0.025310054421424866, 0.005192333832383156, 0.004139462951570749, -0.016187461093068123, -0.01773761585354805, -0.013629019260406494, -0.013196895830333233, 0.0066053071059286594, -0.021523835137486458, 0.008155462332069874, -0.003597594564780593, -2.9713806725339964e-05, -0.013443822972476482, 0.025337491184473038, -0.03717628866434097, -0.01353985071182251, 0.018094288185238838, 0.019081998616456985, -0.028945375233888626, -0.01319003663957119, -0.007325511891394854, -0.17295889556407928, 0.025145437568426132, 0.030481811612844467, -0.011310645379126072, -0.007915394380688667, 0.003899394767358899, 0.03558497875928879, -0.012168032117187977, -0.014458969235420227, -0.02462414652109146, 0.010014276951551437, 0.00956843513995409, -0.0386304147541523, -0.012318932451307774, 0.005086017772555351, 0.010027994401752949, 0.0011917675146833062, 0.016599006950855255, -0.005367240868508816, 0.026750463992357254, 0.044199999421834946, -0.024432091042399406, 0.0027676443569362164, -0.02732662856578827, -0.00366961513645947, 0.028081128373742104, 0.01455499604344368, 0.012462972663342953, 0.007400962058454752, 0.011461545713245869, 0.011111731640994549, 0.012915672734379768, 0.020755616948008537, -0.013704468496143818, -0.008313220925629139, -0.006090875249356031, 0.004249208606779575, -0.027408936992287636, 0.0009054003749042749, 0.01359472330659628, 0.028286902233958244, -0.010137740522623062, -0.0282320287078619, 0.016489261761307716, 0.0038170856423676014, 0.04159354418516159, 0.0220725629478693, 0.001138609484769404, 0.00836123526096344, -0.01026806328445673, 0.03166157752275467, -0.05418683961033821, 0.006042861379683018, 0.00544954976066947, 0.02858870103955269, 0.023279763758182526, 0.019932525232434273, 0.007860520854592323, -0.02166101709008217, -0.03270415961742401, -0.008848230354487896, -0.025776473805308342, -0.0076410300098359585, -0.017120297998189926, -0.030591556802392006, -0.015940533950924873, -0.022731035947799683, -0.0033832478802651167, -0.03125002980232239, -0.00038196577224880457, -0.006996275391429663, 0.009733053855597973, 0.004996849689632654, 0.0006820511189289391, 0.0076684667728841305, 0.0037862195167690516, -0.02026176266372204, 0.004557867534458637, 0.0143629414960742, 0.02168845385313034, -0.03775244951248169, 0.07352948188781738, 0.0027933658566325903, 0.016681315377354622, -0.005062011070549488, -0.008134884759783745, -0.004173758439719677, -0.004725915379822254, 0.012168032117187977, 0.0010683038271963596, 0.030975665897130966, -0.020316634327173233, -0.02035778947174549, 0.004876815713942051, 0.0015458682319149375, -0.0001954841718543321, -0.007064866367727518, 0.010226908139884472, 0.021222034469246864, -0.0030094273388385773, 0.013759342022240162, -0.013231191784143448, -0.016489261761307716, -0.001197769190184772, 0.02231949009001255, 0.007990843616425991, 0.00645440723747015, 0.014390378259122372, 0.04104481637477875, 0.006142318248748779, -0.05339118465781212, 0.005466697737574577, -0.014040564186871052, 0.023842209950089455, -0.002988849999383092, 0.03901452571153641, -0.019863935187458992, 0.006382386665791273, 0.024363500997424126, -0.0017207750352099538, 0.05051036551594734, -0.013944537378847599, -0.0027659295592457056, 0.006841945927590132, 0.012188608758151531, -0.003587306011468172, -0.08219937980175018, 0.013773059472441673, 0.003978274296969175, 0.02057727985084057, -0.029713593423366547, -0.022017689421772957, -0.026434946805238724, 0.018972253426909447, -0.02281334437429905, 0.02913742884993553, -0.028396647423505783, -0.026078274473547935, -0.0041017378680408, 0.014788205735385418, 0.003710769582539797, 0.008272066712379456, -0.021112289279699326, -0.0007935113972052932, 0.0013255198718979955, 0.015556423924863338, -0.007545002736151218, -0.0077644940465688705, 0.016818497329950333, -0.0169968344271183, 0.006629313807934523, 0.029686156660318375, -0.021510116755962372, 0.02220974490046501, 0.022827062755823135, -0.01488423254340887, 0.01738094352185726, -0.03572215884923935, 0.01787479780614376, -0.028012538328766823, -0.004599022213369608, -0.0359690859913826, -0.022758472710847855, -0.003662755945697427, 0.00876592192798853, -0.022648727521300316, 0.008628739975392818, 0.030481811612844467, -0.0015492977108806372, -0.0007129170116968453, -0.018629297614097595, -0.024473246186971664, -0.026050837710499763, 0.017010552808642387, 0.015336933545768261, -0.03495394065976143, -0.022552698850631714, -0.00708544347435236, -0.0354752317070961, -0.018835071474313736, 0.02270359918475151, 0.04068814218044281, -0.0005212911055423319, 0.01142039056867361, -0.0008766779210418463, 0.024514399468898773, -0.020837925374507904, -0.00508258817717433, 0.0004762783064506948, 0.0391242690384388, 0.04156610742211342, 0.018094288185238838, -0.001529577886685729, -0.013066573068499565, -0.009026567451655865, -0.012202327139675617, -0.031469520181417465, 0.004112026654183865, -0.03001539409160614, 0.011152885854244232, -0.013759342022240162, 0.029466666281223297, -0.01746325194835663, -0.02204512618482113, -0.0028139431960880756, -0.010226908139884472, -0.0014164028689265251, -0.00036760454531759024, -0.008189757354557514, -0.017504407092928886, 0.021455245092511177, 0.004245779011398554, 0.013231191784143448, -0.017024269327521324, 0.021907944232225418, -0.052595529705286026, 0.014157169498503208, 0.011694754473865032, 0.012668745592236519, -0.029713593423366547, -0.00893739890307188, -0.00018101577006746083, -0.01122833602130413, 0.01388966478407383, -0.012161172926425934, -0.01679106056690216, -0.017161451280117035, 0.012188608758151531, -0.060963623225688934, 0.0338016115128994, 0.008848230354487896, -0.02725803852081299, -0.0030900216661393642, 0.008724766783416271, 0.007469553034752607, -0.020275481045246124, 0.007887957617640495, 0.027271755039691925, -0.013649595901370049, 0.024967100471258163, -0.018409807235002518, -0.0072294846177101135, -0.01577591523528099, -0.024747610092163086, 0.017723897472023964, 0.022415516898036003, 0.03190850466489792, 0.026009682565927505, -0.005662181880325079, -0.018341215327382088, -0.01011030375957489, 0.0129088144749403, -0.011914245784282684, -0.002525861142203212, 0.0025755895767360926, 0.01051499042659998, -0.014376659877598286, -0.018848789855837822, 0.018670452758669853, -0.034789323806762695, 0.004921399522572756, 0.006900248117744923, 0.04307510703802109, -0.015460397116839886, 0.024020545184612274, 0.03920657932758331, 0.017079142853617668, -0.012675604782998562, -0.01717516966164112, -0.03446008637547493, -0.0127853499725461, 0.007887957617640495, -0.007394102867692709, 0.00972619466483593, 0.01965816132724285, 0.0006507565267384052, 0.007716480176895857, -0.008813935332000256, 0.03917914256453514, 0.007599875796586275, -0.012737336568534374, -0.014609869569540024, 0.0016513267764821649, -0.017202606424689293, 0.009520421735942364, 0.018739042803645134, 0.026736747473478317, 0.020769335329532623, 0.06112824007868767, 0.009403817355632782, 0.019438670948147774, -0.027299191802740097, -0.002820802154019475, -0.007366666570305824, -0.021112289279699326, 0.01972675323486328, 0.005048292689025402, -0.05240347608923912, -0.009630166925489902, 0.008004561997950077, 0.011454686522483826, 0.030454374849796295, 0.011351799592375755, 0.003059155773371458, -0.006169754546135664, -0.005020856391638517, 0.008525853045284748, 0.005140890832990408, 0.014486405998468399, -0.0154466787353158, -0.02389708161354065, -0.00564160430803895, 0.013512413948774338, 0.027930228039622307, -0.02886306494474411, 0.022154871374368668, 0.00988395418971777, -0.009444971568882465, 0.00013825359928887337, 0.02760099247097969, -0.02308770827949047, 0.00618347292765975, 0.019891371950507164, -0.015364369377493858, -0.0185744259506464, -0.018807634711265564, 0.02791651152074337, 0.005315797403454781, 0.0026904793921858072, 0.015035132877528667, -0.010069149546325207, -0.006773354951292276, -0.025021973997354507, -0.006365238688886166, -0.011461545713245869, -0.013107727281749249, 0.001378677785396576, 0.02809484675526619, -0.0005718769389204681, 0.0018845360027626157, -0.028698448091745377, 0.0064304000698029995, -0.0169008057564497, 0.013505554758012295, 0.0051100244745612144, -0.03374674171209335, -0.01620117947459221, 0.027820482850074768, 0.00897169392555952, 0.012949968688189983, 0.03602395951747894, -0.0010708760237321258, 0.03989248722791672, 0.020645871758461, -0.03149695694446564, -0.02550210990011692, 0.025447236374020576, -0.0027264896780252457, 0.004578445106744766, 0.0076478892005980015, 0.003381533082574606, -0.0007493559969589114, -0.00836123526096344, -0.036188576370477676, -0.009945685975253582, 0.004307510796934366, -0.013340936973690987, 0.09108876436948776, 0.007167752832174301, -0.0036010241601616144, 0.015995405614376068, -0.0038753878325223923, 0.02836921066045761, 0.009794785641133785, 0.009417535737156868, -0.019781624898314476, -0.01647554337978363, 0.010542427189648151, -0.005953693296760321, -0.01026806328445673, -0.023993108421564102, -0.010021135210990906, -0.001442124368622899, 0.013827932998538017, 0.018697889521718025, -0.02430862747132778, -0.011708472855389118, 0.011276349425315857, -0.014568714424967766, 0.02491222694516182, 0.013903382234275341, 0.0006726198480464518, 0.005562725011259317, 0.017641589045524597, -0.007565580308437347, -0.00046941920300014317, -0.03522830456495285, -0.014074860140681267, 0.016365796327590942, -0.048013653606176376, -0.010761917568743229, 0.0005641604657284915, -0.014596151188015938, 0.0030094273388385773, -0.01269618235528469, 0.01909571699798107, 0.024185163900256157, -0.00038089402369223535, 0.016434388235211372, -0.015103723853826523, -0.00047370613901875913, -0.013368373736739159, -0.0038788174279034138, -0.004825372248888016, -0.019466107711195946, -0.028835630044341087]","[-0.02972576953470707, 0.01550851296633482, 0.019543685019016266, -0.006059484090656042, -0.021198105067014694, 0.03306151181459427, 0.009206918068230152, -0.017539549618959427, -0.019382277503609657, -0.03384164720773697, 0.0248970128595829, 0.022368306294083595, -0.012159319594502449, 0.009287621825933456, -0.016490405425429344, 0.006883331574499607, 0.01678631640970707, -0.03179715946316719, -0.014930138364434242, -0.025381233543157578, -9.515231067780405e-05, -0.0026077302172780037, -0.0019015750149264932, -0.01787581294775009, -0.014405565336346626, 0.006933771073818207, 0.03093632124364376, -0.017458846792578697, 0.012011363171041012, -0.0058543626219034195, 0.030909420922398567, -0.008911006152629852, -0.01004085410386324, -0.015858227387070656, -0.01002067793160677, -0.023081185296177864, 0.01881735399365425, 0.006217528134584427, 0.04140086844563484, 0.006748825777322054, 0.024560749530792236, -0.018064122647047043, 0.011318658478558064, -0.04110495746135712, 0.00449921702966094, 0.01928812451660633, -0.0057736593298614025, -0.03349193185567856, -0.008897555060684681, 0.0035139627289026976, 0.01709568127989769, 0.01550851296633482, -0.044602107256650925, 0.004788404796272516, -0.004707701038569212, -0.028649725019931793, 0.0450863279402256, 0.03736569732427597, -0.015131896361708641, 0.007727355230599642, 0.012226572260260582, 0.0035980287939310074, -0.01658455841243267, -0.0015829645562916994, -0.008601642213761806, -0.027869591489434242, -0.0333305224776268, 0.006563880480825901, -0.007808058522641659, 0.010316590778529644, 0.00182591553311795, -0.0018561793258413672, 0.0065201660618186, -0.00899843405932188, 0.028569020330905914, 0.006513440981507301, -0.031070828437805176, 0.005924978293478489, -0.002311817603185773, -0.00256905984133482, 0.008009817451238632, -0.015535414218902588, -0.0016552613815292716, 0.013766663148999214, -0.010995844379067421, 0.024049626663327217, 0.0015266402624547482, 0.03871075436472893, -0.006362122017890215, -0.015885129570961, 0.004731239750981331, -0.009186742827296257, 0.033384326845407486, 0.0019284761510789394, 0.012778045609593391, 0.031581949442625046, -0.000619567115791142, 0.05070866644382477, -0.00673537515103817, -0.015400907956063747, -0.0160734374076128, 0.02297358214855194, -0.0037123586516827345, -0.0004959899233654141, -0.028004096820950508, -0.01258973777294159, -0.01953023485839367, -0.004650535993278027, 0.0019974103197455406, 0.007061551790684462, -0.00611664867028594, 0.010437645949423313, 0.02129225991666317, -0.028730427846312523, -0.005141482222825289, -0.015938930213451385, 0.01515879761427641, -0.01678631640970707, -0.012118968181312084, -0.03365333750844002, 0.014795632101595402, 0.02066008187830448, 0.033545732498168945, -0.03744639828801155, 0.018723199144005775, 0.014983939938247204, 0.009475929662585258, -0.008507488295435905, -0.025340883061289787, -0.023659560829401016, 0.04070143774151802, 0.041669879108667374, 0.023269494995474815, 0.019826147705316544, -0.008601642213761806, 0.012697342783212662, -0.020565928891301155, 0.0044622281566262245, -0.022731471806764603, -0.004004908725619316, 0.012650265358388424, 0.002513576066121459, -0.02207239344716072, -0.016880471259355545, -0.020202763378620148, 0.022381756454706192, 0.026403477415442467, 0.0039174798876047134, 0.0004363030311651528, -0.020283466205000877, 0.008151047863066196, 0.0022933229338377714, 0.010269513353705406, 0.025031520053744316, 0.013759938068687916, -0.026874247938394547, 0.021789930760860443, -0.010061030276119709, 0.007572673726826906, 0.0052423616871237755, 0.019853048026561737, 0.00264135655015707, -0.002553927944973111, 0.00020627716730814427, -0.004553019534796476, 0.023632660508155823, 0.023794066160917282, -0.019462982192635536, -0.00925399549305439, -0.011493516154587269, -0.01113707572221756, 0.027076007798314095, -0.03330362215638161, 0.013121035881340504, -0.003266808344051242, -0.005941791459918022, 0.01619449257850647, 0.00618390180170536, -0.038764555007219315, -0.026443829759955406, 0.007929113693535328, 0.02999478206038475, -0.006617682985961437, 0.034487273544073105, -0.0027960382867604494, -0.026121016591787338, -0.019893400371074677, 0.008285554125905037, -0.00927417166531086, 0.033976152539253235, 0.008911006152629852, 0.010693206451833248, -0.0070211999118328094, -0.024870112538337708, -0.5905340313911438, -0.006412561517208815, -0.02717016078531742, -0.038172729313373566, 0.020364170894026756, -0.0069539472460746765, 0.008810126222670078, 0.021574722602963448, -0.016127239912748337, 0.022650767117738724, 0.00010749951616162434, 0.031151531264185905, 0.011103449389338493, -0.012751144357025623, -0.023229142650961876, -0.01953023485839367, 0.006947221700102091, -0.03481008857488632, -0.006641221232712269, 0.02018931321799755, -0.025125673040747643, 0.007693728897720575, -0.006442825309932232, 0.002938950667157769, -0.00017843027308117598, -0.0022311140783131123, -0.0015232776058837771, -0.002412696834653616, -0.010995844379067421, 0.030963223427534103, -0.057030435651540756, 0.01811792328953743, -0.0073776403442025185, 0.0054037682712078094, 0.04479041323065758, 0.012509034015238285, -0.03502529487013817, 0.009011885151267052, 0.019422629848122597, 0.035428814589977264, -0.007707179524004459, -0.01909981667995453, -0.0004951492883265018, -0.02407652884721756, -0.010208985768258572, 0.018534891307353973, 0.034648679196834564, 0.002572422381490469, 0.009058961644768715, -0.04054003208875656, -0.002399246208369732, 0.00713553000241518, 0.0005363416858017445, -0.013403497636318207, 0.010007227770984173, -0.028811130672693253, 0.0067421006970107555, -0.028138602152466774, 0.027035655453801155, -0.008675620891153812, 0.0006473088869825006, 0.008742873556911945, -0.021359512582421303, -0.007209508214145899, -0.03424516320228577, -0.0018696298357099295, 0.030694210901856422, 0.0098054688423872, 0.0262689720839262, 0.0026094114873558283, -0.002051212592050433, 0.014566972851753235, -0.008830302394926548, -0.002437916584312916, 0.004663986619561911, 0.0019352014642208815, 0.002083157654851675, -0.017539549618959427, 0.00601913221180439, 0.009267445653676987, 0.03521360456943512, -0.02286597713828087, -0.0407821424305439, -0.00751887122169137, -0.002363938605412841, -0.006987573578953743, -0.03109772875905037, -0.024991167709231377, 0.024170681834220886, -0.00019681973208207637, -0.0019974103197455406, 0.03230828046798706, 0.00675555132329464, -0.038334138691425323, -0.010161909274756908, 0.02894563600420952, -0.002138641430065036, 0.02215309627354145, 0.006664759945124388, -0.030452100560069084, -0.041158758103847504, 0.003957831766456366, 0.024574199691414833, 0.007787882816046476, 0.0166652612388134, 0.025542641058564186, -0.009798743762075901, -0.020673533901572227, 0.01384064182639122, -0.03631655126810074, -0.0032399070914834738, -0.01546816062182188, -0.01971854269504547, -0.0227449219673872, -0.01272424403578043, -0.023269494995474815, -0.005003613885492086, -0.016221392899751663, -0.007606300059705973, 0.001180287916213274, 0.0020528938621282578, 0.005306251812726259, 0.02505842037498951, -0.02152092009782791, 0.00224960851483047, 0.0006389023037627339, 0.028407614678144455, -0.006765638943761587, 0.01807757280766964, -0.003873765468597412, 0.010081205517053604, -0.025421585887670517, 0.012778045609593391, -0.016988076269626617, 0.01339004747569561, -0.014405565336346626, -0.015481611713767052, 0.0002904483408201486, 0.016678713262081146, -0.011890308000147343, 0.023968923836946487, 0.008077070116996765, 0.030828718096017838, -0.033384326845407486, 0.012340902350842953, -0.01870974898338318, -0.029429856687784195, 0.010955492965877056, -0.035079099237918854, 0.016476953402161598, -0.008191400207579136, -0.002523664152249694, -0.02000100538134575, 0.011722175404429436, 0.006358759012073278, 0.0012004637392237782, 0.0041696783155202866, -0.029376056045293808, -0.0068463427014648914, -0.039975106716156006, -0.01975889503955841, 0.014540071599185467, -0.012260198593139648, -0.03470248356461525, -0.019664740189909935, -0.02897253818809986, -0.004112513270229101, 0.010296414606273174, -0.010383843444287777, -0.008144322782754898, -0.01928812451660633, -0.0035173252690583467, -0.013766663148999214, -0.020175861194729805, -0.017795110121369362, 0.035294309258461, -0.032335180789232254, -0.004788404796272516, 0.007767707109451294, -0.011715450324118137, -0.008601642213761806, 0.014795632101595402, -0.0031928301323205233, 0.004058710765093565, 0.04043242707848549, 0.00899843405932188, 0.010753734037280083, 0.015091544948518276, -0.021776480600237846, 0.044682808220386505, 0.01515879761427641, 0.008319180458784103, -0.014082752168178558, 0.0029423132073134184, -0.0076601020991802216, 0.015629567205905914, 0.026013411581516266, 0.0211712047457695, 0.04304184019565582, 0.009482654742896557, 0.029671967029571533, 0.012932728044688702, 0.018212078139185905, 0.00036926032043993473, 0.025730948895215988, -0.030129287391901016, -0.002394202398136258, -0.007397816050797701, 0.012562836520373821, 0.0060931104235351086, 0.021991688758134842, -0.030371397733688354, -0.004788404796272516, 0.009502830915153027, 0.005080954637378454, 0.038441743701696396, -0.012952903285622597, 0.0013610300375148654, 6.835623935330659e-05, 0.03171645477414131, 0.00811742153018713, -0.011991186998784542, 0.02360575832426548, -0.0023252679966390133, -0.006452913396060467, 0.007545772474259138, 0.009758392348885536, 0.021816832944750786, 0.015481611713767052, 0.01405585091561079, 0.012993255630135536, 0.019705092534422874, 0.023578858003020287, 0.008144322782754898, 0.013329519890248775, -0.007148980628699064, 0.003786336863413453, -0.010531799867749214, 0.01037039328366518, -0.020095158368349075, -0.01678631640970707, 0.03120533376932144, 0.028757328167557716, -0.022368306294083595, 0.0024496859405189753, -0.02113085240125656, 0.02043142355978489, 0.009812193922698498, 0.01223329734057188, 0.010558701120316982, -0.008393158204853535, -0.0008742873324081302, 0.0012298868969082832, -0.003910754807293415, 0.029752671718597412, -0.030613508075475693, 0.012320726178586483, 0.024399342015385628, 0.002777543617412448, 0.02843451499938965, 0.0074717942625284195, -0.034137558192014694, 0.02321569249033928, -0.0017115856753662229, 0.009731491096317768, 0.012105517089366913, 0.015212600119411945, -0.02207239344716072, -0.004405063111335039, -0.008077070116996765, 0.008756323717534542, -0.04164297878742218, -0.006224253214895725, -0.04557054862380028, -0.0066109574399888515, -0.009502830915153027, -0.005659329239279032, 0.022449009120464325, -0.0036114794202148914, 0.025623345747590065, -0.03669316694140434, 0.009832370094954967, -0.015024292282760143, 0.014432466588914394, 0.0080367187038064, 0.001725036185234785, 0.012764595448970795, 0.009852546267211437, -0.00959025975316763, 0.0024244661908596754, 0.014069301076233387, 0.029940979555249214, -0.0017519373213872313, -0.020673533901572227, -0.016409700736403465, 0.020915644243359566, 0.03494459390640259, 0.004384887404739857, 0.0034836989361792803, 0.009751666337251663, -0.003207962028682232, 0.0006981688784435391, -0.0033727316185832024, -0.03185096010565758, 0.044871117919683456, -0.006308319512754679, -0.021103952080011368, -0.032953906804323196, 0.003123895963653922, 0.001584645826369524, -0.026053763926029205, -0.028918735682964325, -0.004889283794909716, 0.006022494751960039, -0.00868234597146511, -0.004092337563633919, 0.001418194966390729, 0.01685357093811035, 0.04172368347644806, -0.01795651763677597, -0.005329790059477091, -0.021440215408802032, -0.017795110121369362, 0.019745443016290665, 0.028999438509345055, 0.022892877459526062, 0.003739259671419859, -0.014365213923156261, -0.00811742153018713, 0.021668875589966774, -0.010740283876657486, -0.013437123969197273, 0.005830823909491301, 0.002246245974674821, 0.0030734562315046787, 0.0017990143969655037, 0.008003092370927334, -0.011648197658360004, -0.011675098910927773, -0.01160784624516964, -0.026295874267816544, -0.006913595367223024, -0.007915663532912731, -0.01237452868372202, 0.014163454994559288, -0.01190375816076994, 0.015226050280034542, 0.04212719947099686, 0.011634747497737408, 0.0046875253319740295, 0.010740283876657486, 0.006157000549137592, 0.004176403395831585, -0.04473661258816719, -0.024910464882850647, 0.006452913396060467, 0.019220871850848198, 0.0020360806956887245, -0.003581215627491474, 0.04629687964916229, 0.011244680732488632, 0.012858749367296696, 0.023202240467071533, 0.007713904604315758, -0.020848391577601433, 0.029698869213461876, -0.006399110890924931, 0.0039309305138885975, -0.0013038651086390018, 0.0027052469085901976, -0.04180438444018364, 0.013544728979468346, 0.004516030661761761, 0.01358508039265871, -0.030479002743959427, -0.034998394548892975, -0.03889906033873558, -0.012401429936289787, 0.008198125287890434, -0.009052236564457417, 0.006281418260186911, -0.023188790306448936, -0.01560266688466072, -0.06090420112013817, -0.0166652612388134, 0.00837298296391964, 0.016530755907297134, -0.013006705790758133, -0.007438167929649353, -0.015078093856573105, -0.027896491810679436, -0.003856952302157879, -0.011365735903382301, 0.009482654742896557, -0.040647637099027634, -0.03249659016728401, -0.013161387294530869, 0.013497651554644108, 0.0501975454390049, 0.012098792009055614, 0.002611092757433653, 0.007693728897720575, -0.0022647404111921787, -0.006331858225166798, -0.029860276728868484, -0.016799768432974815, 0.0033542371820658445, 0.007982916198670864, 0.012979804538190365, -0.018333133310079575, 0.009691138751804829, -0.0012988210655748844, -0.0010667986935004592, 0.05945153906941414, 0.0011189196957275271, -0.005484472028911114, -0.009045511484146118, 0.014069301076233387, 0.02195133827626705, -0.004455503076314926, 0.015199149027466774, 0.006415924057364464, 0.0041696783155202866, -0.020364170894026756, 0.01854834333062172, -0.006358759012073278, -0.023390550166368484, -0.016019634902477264, 0.003315566573292017, -0.004102425184100866, 0.02149401791393757, 0.02149401791393757, -0.02266421914100647, -0.007505420595407486, -0.0013223596615716815, -0.025354333221912384, 0.014311411418020725, 0.016678713262081146, 0.010289689525961876, 0.0005581988370977342, 0.004065436311066151, 0.015360556542873383, -0.010457822121679783, 0.016382800415158272, 0.0146073242649436, -0.00656724302098155, 0.03653176128864288, -0.008090520277619362, 0.0054306695237755775, -0.004929635673761368, -0.012522485107183456, -0.02575785107910633, -0.015521963126957417, 0.019893400371074677, 0.0008801720105111599, -0.00016687119205016643, -0.0008305729716084898, 0.016167590394616127, -0.026053763926029205, 0.016476953402161598, -0.002256333827972412, 0.009045511484146118, -0.0070481011644005775, -0.006466364022344351, 0.0031255772337317467, -0.01678631640970707, -0.0016325635369867086, 0.0050170645117759705, -0.01558921579271555, -0.019395729526877403, -0.015279852785170078, 0.026605237275362015, 0.002217663452029228, 0.021225007250905037, 0.023148439824581146, 0.01654420606791973, -0.013813740573823452, -0.003016291419044137, -0.03653176128864288, -0.02622862160205841, -0.02698185294866562, -0.0011895352508872747, 0.02297358214855194, 0.006429374683648348, 0.02665903978049755, -0.0006964875501580536, 0.02721051312983036, 0.0012962991604581475, -0.004277282860130072, 0.017431944608688354, 0.0045933714136481285, -0.013907894492149353, 0.005894714500755072, 0.005474383942782879, 0.01236780360341072, 0.007639926392585039, -0.0007519712089560926, -0.002405971521511674, 0.011574219912290573, 0.038845259696245193, -0.006560517940670252, -0.005864450708031654, -0.015360556542873383, -0.04368746653199196, 0.009381775744259357, 0.0011130350176244974, -0.0009600347839295864, -0.00878322497010231, -0.027237413451075554, -0.008433510549366474, 0.030990123748779297, 0.008446960709989071, 0.01780856028199196, -0.01347075030207634, 0.028676625341176987, -0.013854091987013817, 0.005326427519321442, -0.02172267809510231, 0.01748574711382389, -0.01905946433544159, -0.014365213923156261, -0.009832370094954967, -0.009260720573365688, 0.008446960709989071, -0.0039040292613208294, 0.014566972851753235, 0.010834437794983387, -0.016490405425429344, 0.0032567204907536507, 0.004916185047477484, -0.02712980844080448, -0.02690115012228489, 0.0036081166472285986, -0.007559223100543022, 0.006157000549137592, -0.006389022804796696, -0.0337071418762207, -0.022166546434164047, 0.032442785799503326, 0.0073910909704864025, -0.0026682578027248383, 0.0031995554454624653, -0.008056893944740295, -0.03187786042690277, 0.007592849433422089, -0.0345141738653183, 0.05052035674452782, 0.0033592809922993183, 0.032684896141290665, -0.0007015315350145102, 0.004657261539250612, -0.021117402240633965, -0.02616136707365513, 0.0004262150905560702, 0.015064643695950508, 0.016638360917568207, 0.020068258047103882, -0.0075524975545704365, -0.027573678642511368, -0.007465069182217121, -0.016490405425429344, -0.015454710461199284, -0.029591264203190804, 0.027627481147646904, 0.018911508843302727, -0.027304666116833687, 0.0042739203199744225, 0.002015904989093542, -0.012065165676176548, -2.0832629161304794e-05, 0.02078113704919815, 0.001513189636170864, 0.014728379435837269, -0.002811170183122158, -0.027345018461346626, 0.01182305533438921, -0.003658556379377842, 0.03093632124364376, 0.013262266293168068, -0.01351110264658928, -0.02106359973549843, -0.041266363114118576, -0.004633722826838493, 0.03190476447343826, -0.007014474831521511, 0.026147916913032532, -0.014096202328801155, 0.011385911144316196, -0.0008469658787362278, 0.006947221700102091, -0.008984983898699284, 0.009711314924061298, -0.002083157654851675, 0.03163575008511543, -0.015226050280034542, 0.012751144357025623, 0.033384326845407486, -0.007814783602952957, 0.018844254314899445, 0.009933249093592167, -0.02344435080885887, -0.0064361002296209335, -0.03400305286049843, 0.014540071599185467, 0.03349193185567856, -0.014957038685679436, -0.00957008358091116, 0.002219344722107053, 0.019664740189909935, 0.009691138751804829, -0.022247251123189926, -0.016006184741854668, 0.011399362236261368, -0.012542661279439926, -0.012529210187494755, 0.005134756676852703, 0.003446709830313921, 0.026685940101742744, -0.004771591164171696, -0.003769523464143276, 0.019462982192635536, 0.00692032091319561, 0.011473339982330799, 0.010484723374247551, 0.01650385558605194, 0.0026615324895828962, -0.020875291898846626, 0.0014602279989048839, 0.009670963510870934, 0.008433510549366474, 0.012361078523099422, -0.02622862160205841, -0.03211997076869011, -0.006267967633903027, 0.013060508295893669, 0.006849705241620541, -0.0305866077542305, -0.02509877271950245, -0.02266421914100647, -0.0054037682712078094, 0.026255521923303604, -0.01439211517572403, -0.013430398888885975, 0.017324339598417282, -0.01368595939129591, -0.011964285746216774, 0.0005321383359842002, -0.02340400032699108, 0.011675098910927773, -0.014042399823665619, 0.018292780965566635, -0.015266402624547482, -0.02466835454106331, 0.0015417721588164568, -0.002015904989093542, 0.022489361464977264, -0.024829760193824768, -0.009206918068230152, -0.022327953949570656, -0.024883562698960304, -0.010525074787437916, 0.02616136707365513, -0.0009860952850431204, -0.004260469693690538, 0.01650385558605194, 0.045274633914232254, 0.020417971536517143, -0.005908165127038956, -0.03322292119264603, -0.03924877569079399, -0.018413836136460304, -0.01932847499847412, 0.002891873475164175, 6.346990267047659e-05, -0.03510599955916405, 0.025623345747590065, 0.026363126933574677, 0.012320726178586483, -0.024654902517795563, 0.01772785745561123, -0.03830723837018013, -0.0400020107626915, -0.013423673808574677, 0.008346081711351871, 0.028300009667873383, 0.03623584657907486, -0.004220117814838886, 0.0364779569208622, 0.0016687118913978338, 0.02571749873459339, -0.030398298054933548, 0.007808058522641659, 0.0081375977024436, -0.009603709913790226, 0.017983417958021164, -0.02462800219655037, -0.04855657368898392, -0.013443849049508572, 0.018144825473427773, -0.021588172763586044, 0.04680800065398216, 0.014540071599185467, -0.010148458182811737, -0.011695275083184242, 0.0002500966365914792, 0.010612503625452518, 0.0020058169029653072, 0.005928340833634138, 0.027506425976753235, -0.02125190757215023, -0.007465069182217121, -0.00768700335174799, -0.0007393612759187818, 0.0014400521758943796, 0.008029992692172527, 0.016571108251810074, -0.006607594899833202, 0.0004816987202502787, 0.009617161005735397, -0.0007154024206101894, -0.008238476701080799, -0.01873665116727352, 0.022435558959841728, 0.015871677547693253, 0.007700453978031874, 0.040055811405181885, 0.01873665116727352, 0.015118446201086044, 0.02215309627354145, 0.01705532893538475, -0.014190356247127056, -0.02082148939371109, 0.023619208484888077, 0.01047127228230238, 0.018252430483698845, -0.006190626882016659, 0.001408106996677816, -0.017660604789853096, -0.005064141470938921, 0.0053365156054496765, 0.010814261622726917, -0.03376094251871109, 0.007539046928286552, -0.0009760073153302073, -0.025852004066109657, 0.002002454362809658, -0.012078615836799145, 0.0055618127807974815, -0.026928050443530083, -0.02721051312983036, -0.007122079376131296, -0.023229142650961876, -0.007855135947465897, 0.032927006483078, -0.005158295389264822, -0.025273630395531654, 0.004112513270229101, 0.019476432353258133, -0.029940979555249214, -0.01482253335416317, 0.19584037363529205, 0.010128282941877842, 8.905751747079194e-05, 0.04489801824092865, -0.0032567204907536507, 0.015575765632092953, -0.0051919217221438885, -0.004394975490868092, -0.009724765084683895, 0.03155504912137985, -0.0057871099561452866, 0.009583534672856331, 0.019826147705316544, 0.012199671007692814, -0.001036534900777042, -0.009267445653676987, -0.03263109549880028, -0.013221914879977703, -0.019678190350532532, -0.011076548136770725, 0.04054003208875656, 0.013289167545735836, 0.01148679107427597, -0.03836103901267052, 0.004848932381719351, -0.0030667309183627367, 0.026632137596607208, -0.004408425651490688, 0.009865996427834034, 0.004159590229392052, -0.008837027475237846, 0.007276760879904032, -0.009092588908970356, 0.00925399549305439, -0.00630159443244338, -0.02219344861805439, 0.0034214898478239775, -0.007182606961578131, 0.01558921579271555, 0.025421585887670517, -0.006140187382698059, -0.032523490488529205, 0.008399884216487408, -0.005766933783888817, 0.003668644232675433, -0.0004133949987590313, -0.018965309485793114, 0.009630611166357994, 0.000242951005930081, 0.023390550166368484, -0.025771301239728928, -0.0016056624008342624, 0.022677669301629066, 0.023417450487613678, -0.019947202876210213, -0.01417690608650446, 0.04387577623128891, 0.004253744147717953, -0.017943067476153374, 0.05087007209658623, -0.024291737005114555, 0.002353850519284606, 0.017418494448065758, 0.0025942795909941196, 0.002572422381490469, 0.017754757776856422, -0.008225026540458202, -0.0016249975888058543, 0.0008751280256547034, 0.007666827645152807, 0.0012147550005465746, -0.011997913010418415, -0.0013122716918587685, 0.010894965380430222, 0.01013500802218914, -0.020162411034107208, 0.021816832944750786, 0.030048584565520287, -0.0028515218291431665, 0.033276721835136414, -0.031393639743328094, -0.04258451983332634, -0.008541114628314972, 0.007357464171946049, -0.034298963844776154, 1.3450574442686047e-05, -0.006452913396060467, -0.025152575224637985, -0.030021682381629944, -0.01168854907155037, -0.020969446748495102, -0.0006359599647112191, -0.01725708693265915, -0.0395984910428524, -0.003947743680328131, 0.01862904615700245, -0.011560768820345402, 0.024910464882850647, -0.015898579731583595, -0.020969446748495102, -0.029160846024751663, 0.036989081650972366, 0.01482253335416317, 0.018951859325170517, -0.011971011757850647, -0.0081375977024436, 6.268177821766585e-05, 0.005487834569066763, 0.011997913010418415, -0.048099253326654434, 0.007982916198670864, -0.013538003899157047, 0.0020781138446182013, -0.004959899466484785, -0.00775425648316741, -0.006368847098201513, 0.0025085322558879852, -0.004398338031023741, -0.011997913010418415, -0.01170200016349554, 0.022960130125284195, -0.06590781360864639, -0.01611378788948059, 0.0024480046704411507, 0.002103333594277501, -0.03195856511592865, -0.027815788984298706, 0.015669919550418854, -0.004586645867675543, -0.02321569249033928, 0.032765600830316544, -0.02235485427081585, 0.008675620891153812, -0.014432466588914394, -0.02434553951025009, -0.0007111991290003061, -0.011244680732488632, -0.025421585887670517, -0.016772866249084473, 0.01090169046074152, 0.011749076656997204, -0.017943067476153374, 0.018750101327896118, -3.9458522223867476e-05, -0.00860836822539568, -0.02219344861805439, 0.0061973524279892445, 0.00029002802330069244, -0.019503332674503326, -0.018696298822760582, -0.009677688591182232, -0.02027001604437828, 0.016019634902477264, -0.024654902517795563, 0.012461957521736622, -0.0098054688423872, -0.004445414990186691, -0.007962740026414394, 0.031824059784412384, -0.02870352566242218, -0.013645607978105545, 0.007216233294457197, 0.032684896141290665, -0.023390550166368484, -0.00880340114235878, -0.006974122952669859, -0.1681859791278839, 0.014580423012375832, 0.02682044543325901, -0.01004085410386324, -0.011123625561594963, 0.004088974557816982, 0.04016341641545296, -0.01045109611004591, -0.0024698618799448013, -0.02133261226117611, 0.012031539343297482, 0.003877128241583705, -0.03540191426873207, -0.004183128941804171, 0.003202918218448758, 0.005232273600995541, 0.002054575365036726, 0.022758372128009796, -0.004179765935987234, 0.014849434606730938, 0.045032523572444916, -0.02196478843688965, 0.004203304648399353, -0.025596443563699722, 0.004408425651490688, 0.027358468621969223, 0.009146390482783318, 0.008278829045593739, 0.010699932463467121, 0.01347075030207634, 0.005373504478484392, 0.02000100538134575, 0.010666306130588055, -0.008198125287890434, -0.011520417407155037, -0.0018006956670433283, -0.007572673726826906, -0.030882518738508224, 0.002579147694632411, 0.019261222332715988, 0.016328997910022736, -0.006674847565591335, -0.014553521759808064, 0.005474383942782879, 0.003850226989015937, 0.05113908648490906, 0.01776820980012417, -0.0007103584939613938, 0.0049800751730799675, -0.012529210187494755, 0.035294309258461, -0.04320324584841728, 0.010935316793620586, 0.003934293054044247, 0.02176303043961525, 0.014042399823665619, 0.016248295083642006, 0.004613547120243311, -0.02027001604437828, -0.03693527728319168, -0.005585351027548313, -0.0245069470256567, -0.0023891583550721407, -0.012495583854615688, -0.03257729113101959, -0.011870131827890873, -0.024412792176008224, -0.005272625479847193, -0.04088974744081497, -0.004795129876583815, -0.011997913010418415, 0.017781659960746765, 0.007061551790684462, -0.0048052179627120495, -0.0008944632136262953, 0.006557155400514603, -0.016517305746674538, 0.006426012143492699, 0.015185698866844177, 0.02643037959933281, -0.028461415320634842, 0.06515458226203918, 0.004835481755435467, 0.011809604242444038, -0.0005926659214310348, -0.007982916198670864, -0.0006040148437023163, -0.0020461687818169594, 0.01004085410386324, -0.0066479467786848545, 0.024264836683869362, -0.005423944443464279, -0.015104995109140873, 0.007148980628699064, -0.005259174853563309, -0.00390066672116518, -0.007700453978031874, 0.0065975068137049675, 0.019624387845396996, -0.005918252747505903, 0.014661126770079136, -0.007700453978031874, -0.023928571492433548, -0.0004037274047732353, 0.019772345200181007, 0.013302618637681007, 0.016517305746674538, 0.011628021486103535, 0.035509515553712845, 0.014903237111866474, -0.05563157796859741, 0.0018864431185647845, 1.657678330957424e-05, 0.015790974721312523, -0.0006859793211333454, 0.029860276728868484, -0.020216213539242744, 0.006039307918399572, 0.027896491810679436, 0.009180016815662384, 0.04110495746135712, -0.0067151994444429874, 0.0013946564868092537, 0.011762527748942375, 0.023780616000294685, -0.002849840559065342, -0.08845097571611404, 0.016342448070645332, 0.01635589823126793, 0.02008170820772648, -0.03206617012619972, -0.018871156498789787, -0.0243051890283823, 0.014876335859298706, -0.034298963844776154, 0.026537984609603882, -0.02368646115064621, -0.0247087050229311, 0.003954468760639429, 0.014203807339072227, -0.00010665885201888159, 0.014755280688405037, -0.017041878774762154, -0.009657512418925762, 0.009670963510870934, 0.012051714584231377, -0.00345007237046957, -0.001593893044628203, 0.019947202876210213, -0.006812715902924538, 0.011634747497737408, 0.02423793636262417, -0.0209828969091177, 0.018360033631324768, 0.023551955819129944, -0.006264605093747377, 0.016557658091187477, -0.031124629080295563, 0.012556111440062523, -0.02149401791393757, -0.004859020002186298, -0.03421826288104057, -0.027950294315814972, -0.01023588702082634, 0.01236780360341072, -0.020485226064920425, 0.009926524013280869, 0.03228138014674187, -0.0029070053715258837, 0.015669919550418854, -0.010679756291210651, -0.03916807472705841, -0.017499197274446487, 0.022287601605057716, 0.006039307918399572, -0.02556954324245453, -0.011318658478558064, -0.013416948728263378, -0.039114270359277725, -0.0245069470256567, 0.021816832944750786, 0.03658556193113327, -0.003130621276795864, 0.01619449257850647, -0.0030381486285477877, 0.025542641058564186, -0.02242210879921913, -0.008507488295435905, 0.007861861027777195, 0.047588132321834564, 0.03830723837018013, 0.014809083193540573, -0.004835481755435467, -0.013457300141453743, -0.011728901416063309, -0.022892877459526062, -0.025744400918483734, 0.0057366699911653996, -0.030209990218281746, 0.00595187908038497, -0.01756644994020462, 0.0395984910428524, -0.011311933398246765, -0.009825645014643669, -0.010733558796346188, -0.012751144357025623, -0.007222958840429783, 0.002856565872207284, -0.008292279206216335, -0.01550851296633482, 0.021749578416347504, -0.009112764149904251, 0.019193969666957855, -0.013712860643863678, 0.025515740737318993, -0.05183851346373558, 0.021009797230362892, 0.015104995109140873, 0.0026077302172780037, -0.024372441694140434, -0.01678631640970707, -0.006331858225166798, -0.002693477552384138, 0.008265377953648567, -0.017122581601142883, -0.018951859325170517, -0.02172267809510231, 0.009623886086046696, -0.058805912733078, 0.025435036048293114, 0.01635589823126793, -0.015199149027466774, 0.004048623144626617, 0.015656469389796257, 0.0016392888501286507, -0.0211712047457695, 0.002002454362809658, 0.031393639743328094, -0.013033607043325901, 0.030290694907307625, -0.029671967029571533, -0.011150526814162731, -0.02008170820772648, -0.02528708055615425, 0.02207239344716072, 0.021870633587241173, 0.03050590306520462, 0.019193969666957855, -0.0011105131125077605, -0.021305710077285767, -0.00168888783082366, 0.011513692326843739, -0.00040835104300640523, -0.0011533867800608277, -0.0038266885094344616, 0.019947202876210213, -0.01356490422040224, -0.011769252829253674, 0.018965309485793114, -0.026766642928123474, 0.013598531484603882, 0.0034097207244485617, 0.038764555007219315, -0.01619449257850647, 0.022085843607783318, 0.03510599955916405, 0.010195535607635975, -0.021117402240633965, -0.020996347069740295, -0.038683854043483734, -0.012502308934926987, 0.01092186663299799, -0.011480065062642097, 0.009617161005735397, 0.01670561358332634, -0.0030532805249094963, 0.006695023737847805, -0.007895487360656261, 0.04175058379769325, 0.006513440981507301, -0.005309614352881908, -0.027035655453801155, 0.003329017199575901, -0.017700957134366035, 0.005770296324044466, 0.011143800802528858, 0.023942023515701294, 0.014499719254672527, 0.06203405186533928, 0.014042399823665619, 0.02454729937016964, -0.02579820156097412, -0.007027925457805395, -0.003189467592164874, -0.024130331352353096, 0.01662491075694561, 0.007774432189762592, -0.05361399054527283, 0.0022798723075538874, -0.00041927964775823057, 0.014916687272489071, 0.03424516320228577, 0.01080081146210432, -0.009946700185537338, 0.0033861822448670864, -0.011083273217082024, 0.0033172480762004852, 0.008077070116996765, 0.013423673808574677, -0.007243134547024965, -0.025071870535612106, -0.0025875542778521776, 0.01603308506309986, 0.02074078656733036, -0.02733156830072403, 0.0311784315854311, 0.0032062807586044073, -0.00692032091319561, 0.012576287612318993, 0.023740263655781746, -0.016046535223722458, -0.005612252280116081, 0.020175861194729805, -0.01685357093811035, -0.021978238597512245, -0.02090219222009182, 0.02317534014582634, 0.01417690608650446, 0.001970509300008416, 0.002918774727731943, -0.015912029892206192, 0.001982278423383832, -0.02753332629799843, -0.006499990355223417, -0.015737172216176987, -0.010538524948060513, -0.001946970704011619, 0.03066731058061123, -0.0037258092779666185, 0.009610435925424099, -0.016530755907297134, 0.010067755356431007, -0.013827190734446049, 0.0243051890283823, 0.003456797683611512, -0.03462177887558937, -0.010975669138133526, 0.023471252992749214, 0.004479041323065758, 0.020296916365623474, 0.04226170480251312, 0.004028446972370148, 0.03897976502776146, 0.0325503908097744, -0.02661868743598461, -0.03502529487013817, 0.02972576953470707, 0.004761503543704748, 0.005780384410172701, 0.003739259671419859, 0.0060662091709673405, 0.0022378393914550543, -0.007633201312273741, -0.04462900757789612, -0.015979282557964325, 0.0035576769150793552, -0.014849434606730938, 0.08947322517633438, 0.013827190734446049, -0.0021436852402985096, 0.009859271347522736, 0.006711836904287338, 0.028999438509345055, 0.009267445653676987, 0.013457300141453743, -0.02250281162559986, -0.016530755907297134, 0.011755802668631077, -0.004630360286682844, -0.009987051598727703, -0.0243051890283823, -0.0008776499889791012, 0.006247791927307844, 0.008258652873337269, 0.020794589072465897, -0.024614552035927773, -0.025273630395531654, 0.011876857839524746, -0.0013282442232593894, 0.013531277887523174, 0.007787882816046476, 0.004176403395831585, 0.005689593032002449, 0.010081205517053604, -0.013322793878614902, 0.004455503076314926, -0.04363366588950157, -0.00630159443244338, 0.011695275083184242, -0.047507431358098984, -0.02192443609237671, 0.0004737124254461378, -0.00991979893296957, -0.0021773118060082197, -0.024439694359898567, 0.01584477722644806, 0.030694210901856422, 0.0005367620033212006, 0.017700957134366035, -0.016772866249084473, -0.0015602667117491364, -0.01737814210355282, -0.004647173453122377, -0.003883853554725647, -0.0225431639701128, -0.026578335091471672]","[0.004466295707970858, 0.014638432301580906, -0.011332979425787926, -0.010185252875089645, 0.02118375338613987, 0.02691582776606083, -0.015136873349547386, -0.011280512437224388, -0.006286262068897486, -0.010493500158190727, 0.02589271031320095, 0.004164607729762793, 0.011241162195801735, -0.022128168493509293, 0.01394323818385601, -0.007102787494659424, 0.018219338729977608, -0.008670254610478878, 0.009227721020579338, -0.019308039918541908, 0.010486941784620285, -0.02357102371752262, -0.014074406586587429, -0.0028053715359419584, -0.015228691510856152, -0.033605434000492096, 0.021682193502783775, -0.005033600609749556, 0.008119345642626286, -0.00691915163770318, 0.0022708589676767588, 0.008722721599042416, -0.03709452226758003, -0.0007263469160534441, -0.04924074932932854, -0.022652842104434967, -0.007791423704475164, -0.00637480104342103, 0.016120638698339462, -0.01593700237572193, 0.030378682538866997, -0.013195576146245003, 0.009588435292243958, -0.015818951651453972, -0.019137520343065262, 0.015884535387158394, -0.01375960186123848, -0.01598947122693062, -0.02688959427177906, 0.02271842770278454, 0.02281024493277073, 0.024043232202529907, -0.03255608305335045, 0.00214952789247036, -0.001464171102270484, 0.006991294212639332, -0.0005882098339498043, 0.024764658883213997, -0.012316745705902576, 0.0027611020486801863, 0.014389211311936378, -0.0033169297967106104, 0.0015084405895322561, 0.013352978974580765, -0.005387756507843733, -0.014704016968607903, -0.0029775307048112154, -0.009194929152727127, -0.02772907353937626, 0.007397917564958334, 0.029434267431497574, -0.0021675636526197195, -0.002851280616596341, -0.013307069428265095, 0.014795835129916668, 0.0029463779646903276, -0.0016182943945750594, -0.0019675311632454395, 0.004607302136719227, 0.010985382832586765, 0.005089347250759602, -0.011050967499613762, -0.014349861070513725, 0.04559425637125969, 0.009306422434747219, 0.003767822403460741, -0.00041072213207371533, 0.0058665224350988865, -0.03407764062285423, -0.016802717000246048, -0.014677782543003559, 0.027991410344839096, 0.008460383862257004, -0.01777336560189724, -0.009870448149740696, 0.026850242167711258, -0.02570907399058342, 0.0323462150990963, 0.0064895739778876305, -0.022141285240650177, 0.0008747315732762218, -0.015766482800245285, -0.005092626437544823, -0.018311157822608948, -0.010585318319499493, 0.001339560840278864, 0.0027004366274923086, -0.026469852775335312, 0.02688959427177906, -0.009332656860351562, -0.006260028574615717, 0.016553496941924095, -0.0028463618364185095, -0.018993234261870384, -0.029066994786262512, -0.004092465154826641, 0.021078817546367645, -0.03877348080277443, -0.0019921252969652414, -0.030404916033148766, 0.017065053805708885, 0.004207237623631954, 0.021446090191602707, -0.03872101381421089, 0.027151931077241898, 0.019517909735441208, -0.03717322275042534, 0.011536291800439358, 0.016317391768097878, -0.011582200415432453, 0.0387997142970562, -0.0014403967652469873, 0.01516310777515173, 0.01744544319808483, -0.009234280325472355, 0.02770284004509449, -0.013851420022547245, 0.01777336560189724, -0.030562318861484528, -0.009752396494150162, 0.014979471452534199, 0.0028430826496332884, -0.003293975256383419, 0.001377271837554872, -0.04714204743504524, 0.0013412004336714745, 0.030877122655510902, -0.010991941206157207, -0.013234926387667656, -0.028463618829846382, -0.005505808163434267, -0.040032703429460526, 0.016514144837856293, 0.014612198807299137, 0.014021939598023891, 0.03113946132361889, 0.010880447924137115, -0.011870771646499634, -0.019727779552340508, -0.008407916873693466, -0.0027709398418664932, -0.001330542960204184, 0.024515438824892044, 0.00136169558390975, -0.024121932685375214, 0.02688959427177906, 0.033998940140008926, -0.010854213498532772, 0.0032628225162625313, -0.007935709320008755, 0.009516292251646519, -0.0030709882266819477, -0.025735309347510338, 0.008362007327377796, 0.009240838699042797, -0.01246103085577488, 0.007404475938528776, -0.016041938215494156, -0.014769600704312325, 0.006227236241102219, -0.009253955446183681, 0.012093758210539818, 0.03273972123861313, 0.036884650588035583, -0.009057202376425266, -0.009483500383794308, 0.0052434708923101425, -0.007122463081032038, 0.0035251600202172995, 0.0009009653585962951, 0.014533497393131256, 0.024830244481563568, -0.0016125558177009225, -0.021524792537093163, -0.6707445383071899, -0.017852066084742546, 0.021105051040649414, -0.0012633190490305424, 0.007942267693579197, 0.012362654320895672, 0.009916357696056366, 0.0032021570950746536, 9.868398774415255e-05, 0.04895217716693878, -0.004715516697615385, 0.01654037833213806, -0.00555171724408865, -0.02751920372247696, -0.004256425891071558, -0.013123433105647564, 0.029408033937215805, 0.014113757759332657, -0.014402328990399837, 0.023256219923496246, -0.02155102603137493, 0.021734662353992462, -0.00258074514567852, -0.018061935901641846, -0.00010298796405550092, -0.008998176082968712, 0.01555661391466856, -0.012887329794466496, -0.018547261133790016, -0.01228395290672779, -0.01907193660736084, 0.021800246089696884, 0.005292659159749746, 0.01454661414027214, 0.06185918301343918, -0.0072798654437065125, -0.01846856065094471, -0.0014633513055741787, -0.006686327047646046, 0.032844655215740204, -0.01714375615119934, -0.013615315780043602, 0.03835374116897583, -0.008362007327377796, -0.002567628165706992, 0.007542203180491924, 0.0065453206188976765, -0.012257719412446022, 0.015307392925024033, -0.0004201499104965478, 0.017458559945225716, 0.013825186528265476, -0.015018821693956852, -0.0012485624756664038, 0.007404475938528776, 0.004181003663688898, 0.033998940140008926, -0.00020484869310166687, 0.010152461007237434, 0.018822714686393738, -0.022941414266824722, -0.0073060994036495686, -0.00857187807559967, -0.045279450714588165, -0.008683371357619762, -0.005256587639451027, 0.009516292251646519, 0.016317391768097878, 0.0009517932194285095, -0.02037050575017929, 0.020816480740904808, 0.011555966921150684, -0.01160187553614378, 0.0035317186266183853, -0.001878992305137217, -0.0011485463473945856, 0.009516292251646519, 0.01537297759205103, 0.007725839503109455, 0.0019970443099737167, 0.011142784729599953, -0.0020265572238713503, 0.0172618068754673, -0.00388915347866714, 0.0174716766923666, -0.017366742715239525, -0.0172618068754673, -0.03927192464470863, -0.0020249176304787397, -0.01525492500513792, 0.0014477750519290566, 0.020318038761615753, 0.010021292604506016, -0.013667783699929714, 0.00301032280549407, 0.02060661092400551, -0.009116227738559246, 0.015123756602406502, 0.01644856110215187, -0.015950119122862816, 0.0065256450325250626, 0.003371036844328046, 0.0336841344833374, 0.0074700601398944855, -0.0050532761961221695, -0.02290206402540207, 0.010159019380807877, 0.031821537762880325, 0.026482969522476196, -0.020199988037347794, 0.018534144386649132, 0.004876198247075081, -0.02296764776110649, 0.0019462163327261806, 0.006505969911813736, -0.033474262803792953, 0.011444473639130592, 0.008637461811304092, 0.016120638698339462, -0.02410881593823433, 0.04320698603987694, -0.016802717000246048, 0.022928297519683838, 0.01779959909617901, 0.0006148535176180303, -0.001202653511427343, 0.024830244481563568, -0.010519733652472496, -0.0004055983736179769, 0.0200688187032938, -0.005253308452665806, -0.006965060718357563, 0.020777130499482155, -0.04249867424368858, 0.01324804313480854, -0.012756160460412502, 0.0230857003480196, -0.03460231423377991, -0.004390873946249485, -0.01504505518823862, -0.01638297736644745, 0.018061935901641846, 0.010336097329854965, 0.0031857609283179045, 0.013274277560412884, -0.019963882863521576, -0.03074595518410206, 0.012493823654949665, -0.013812068849802017, 0.01394323818385601, 0.009162137284874916, -0.013044731691479683, 0.00884077325463295, 0.00200688187032938, -0.02601076290011406, -0.010893564671278, -0.0027184723876416683, -0.02658790536224842, -0.020842714235186577, -0.016710897907614708, -0.003446458838880062, 0.031454265117645264, -0.030247513204813004, 0.004017042927443981, 0.007345450110733509, -0.020409857854247093, -0.0030923031736165285, 0.031454265117645264, 0.007411034312099218, -0.025748426094651222, 0.005804216954857111, -0.041265688836574554, -0.007384800352156162, -0.013798952102661133, -0.004610581323504448, -0.004492529667913914, -0.011405122466385365, -0.015714015811681747, 0.007594670634716749, 0.011536291800439358, 0.00559106795117259, 0.0016355103580281138, 0.011365772224962711, 0.026627255603671074, 0.010526292026042938, -0.016671547666192055, 0.009149020537734032, 0.03357920050621033, -0.00034534273436293006, 0.022521674633026123, -0.003184121334925294, 0.0016773203387856483, 0.004800776019692421, 0.007161813788115978, -0.00216920324601233, 0.0020823038648813963, 0.0073388912715017796, 0.015897652134299278, 0.0014215413248166442, 0.003256264142692089, 0.00534184742718935, 0.017209339886903763, 0.04443997144699097, 0.006391197443008423, 0.00317264418117702, -0.012218369171023369, 0.01053285039961338, -0.008932591415941715, 0.028962058946490288, 0.019058819860219955, -0.028988294303417206, -0.020842714235186577, -0.004571231082081795, -0.004954899661242962, 0.0061682104133069515, 0.0009001455618999898, 0.011109992861747742, 0.016317391768097878, -0.026259982958436012, -0.0024167841766029596, -0.011064084246754646, -0.004440062213689089, 0.012336420826613903, -0.024843361228704453, -0.03499582037329674, 0.0028119301423430443, 0.01693388633430004, 0.011457590386271477, 0.006899476051330566, 0.002979170298203826, -0.012198694050312042, 0.02972283773124218, 0.031218161806464195, 0.001451874035410583, 0.03433997929096222, 0.017038820311427116, -0.0058435676619410515, -0.00967369507998228, 0.020239338278770447, 0.011818304657936096, 0.00030742675880901515, 0.01786518283188343, 0.016369860619306564, -0.006017366424202919, 0.01568778231739998, -0.013484147377312183, 0.013123433105647564, 0.0034235042985528708, -0.008230838924646378, 0.019360506907105446, -0.003143131034448743, 0.03271348401904106, -0.015071289613842964, 0.002602060092613101, 0.022075699642300606, 0.0003615338646341115, 0.000677568546961993, -0.013385770842432976, 0.016094405204057693, 0.009417915716767311, -0.016553496941924095, 0.016186224296689034, 0.03331686183810234, -0.01034921407699585, 0.025669723749160767, -0.006971619091928005, 0.009503175504505634, -0.013307069428265095, 0.003823569044470787, -0.006906034424901009, 0.001601898344233632, -0.00971960462629795, -0.006220677867531776, -0.0009353971108794212, 0.026574788615107536, -0.0014199017314240336, 0.016789600253105164, -0.010939473286271095, 0.008178371004760265, 0.015071289613842964, -0.025551673024892807, -0.023426737636327744, 0.015477912500500679, -0.0021823199931532145, 0.004197400063276291, -0.01235609594732523, 0.0046499320305883884, 0.0027611020486801863, 0.004535159561783075, 0.008184930309653282, 0.006938826758414507, 0.015215574763715267, -0.022259335964918137, -0.004020322114229202, 0.010887006297707558, 0.010198370553553104, 0.04302334785461426, -0.018599728122353554, 0.0017625800101086497, -0.010729603469371796, 0.0263124518096447, 0.0018970280652865767, -0.007607787381857634, -0.01675025001168251, 0.025394270196557045, 0.0013805510243400931, -0.012480705976486206, -0.03515322506427765, -0.015897652134299278, -0.001713391742669046, -0.005391035694628954, 0.001723229419440031, -0.029985176399350166, 0.024253102019429207, 0.0075487615540623665, 0.011418239213526249, -0.025971412658691406, -0.0345236137509346, -0.002377433469519019, -0.008985059335827827, -0.030431149527430534, -0.021432973444461823, 0.00828330684453249, 0.005663210526108742, 0.09690747410058975, 0.037015821784734726, 0.005397594068199396, 0.023859595879912376, -0.005102464463561773, 0.006338729988783598, -0.008709604851901531, -0.02549920417368412, -0.0008968663169071078, -0.027991410344839096, 0.017734015360474586, -0.0015633675502613187, 0.0013321825535967946, 0.009949149563908577, 0.005446782335639, -0.0010837818263098598, 0.002387271262705326, -0.006187885534018278, -0.0047876592725515366, -0.024305569007992744, -0.0027971735689789057, 0.012159342877566814, -0.00992947444319725, 0.04079348221421242, 0.022561024874448776, -0.0010075399186462164, 0.0003957606968469918, 0.0038432443980127573, 0.00015002425061538815, -0.032634783536195755, 0.017852066084742546, 0.0070372032932937145, 0.01396947167813778, -0.00823739729821682, -0.0115428501740098, 0.021892063319683075, -0.0073060994036495686, 0.0029234234243631363, 0.03352673351764679, -0.015084406360983849, -0.010893564671278, 0.007161813788115978, 0.01475648395717144, -0.018324274569749832, 0.02450232207775116, -0.03389400616288185, -0.00194457673933357, 0.0042400299571454525, -0.01444167923182249, -0.006187885534018278, 0.01555661391466856, -0.006214119493961334, -0.014389211311936378, -0.005791100207716227, 0.00345957581885159, 0.016881417483091354, -0.008473501540720463, -0.004758146125823259, 0.008971942588686943, 0.030850889161229134, -0.007699605543166399, 0.008158695884048939, 0.006141976453363895, -0.004968016408383846, -0.033474262803792953, -0.01737985946238041, 5.90771742281504e-05, -0.013602199032902718, -0.022731544449925423, 0.002177401212975383, -0.0193998571485281, -0.013602199032902718, -0.05154931917786598, 0.012119992636144161, 0.02953920140862465, 0.0018806318985298276, 0.01744544319808483, -0.006617463193833828, -0.004390873946249485, 0.008302981965243816, 0.00451220478862524, -0.02932933159172535, 0.019032584503293037, -0.01756349578499794, -0.016041938215494156, 0.006348567549139261, -0.007863566279411316, 0.013956354930996895, -0.005554996430873871, 0.009044085629284382, 0.016225574538111687, 0.014494147151708603, 0.011897005140781403, -0.018573494628071785, -0.00522707449272275, -0.009221162647008896, -0.01677648350596428, 0.03447114676237106, -0.008926033042371273, -0.018219338729977608, 0.020108168944716454, -0.008519410155713558, -0.01693388633430004, -0.03014257922768593, 0.00047220749547705054, -0.004508925601840019, -0.006906034424901009, -0.0007956204353831708, -0.0383799746632576, 0.009011292830109596, 0.03292335569858551, -0.014297393150627613, 0.004751587752252817, 0.008230838924646378, 0.021144403144717216, 0.02707323059439659, 0.01168057695031166, 0.02749297022819519, -0.008611228317022324, 0.01168057695031166, 0.010467265732586384, -0.031060758978128433, 0.011175577528774738, -0.007083112373948097, -0.022744661197066307, 0.01053285039961338, 0.003767822403460741, -0.010591876693069935, 0.0011182136368006468, 0.016015704721212387, -0.010650902055203915, 0.031585436314344406, 0.0087358383461833, -0.021236220374703407, -0.02851608581840992, -0.04378412663936615, -0.012244602665305138, -0.020344272255897522, 0.0024971249513328075, -0.016251808032393456, -0.037645429372787476, -0.03211010992527008, -0.004774542525410652, -0.015386094339191914, -0.028175046667456627, -0.026299333199858665, -0.013195576146245003, 0.012703693471848965, -0.04102958366274834, 0.013851420022547245, 0.005643535405397415, 0.0009247396956197917, -0.017996352165937424, 0.008532526902854443, -0.006912593264132738, -0.03940309211611748, 0.007207722868770361, -0.002177401212975383, 0.027834007516503334, 0.01937362365424633, 0.025276217609643936, 0.0267321914434433, 0.02106570079922676, -0.008926033042371273, 0.005253308452665806, -0.013405445963144302, 0.017602846026420593, -0.00171995023265481, -0.025695957243442535, -0.005755028687417507, 0.011195252649486065, -0.003682562615722418, 0.0194392092525959, 0.008985059335827827, -0.012874213047325611, -0.0036596080753952265, -0.007319216150790453, 0.0030955823604017496, -0.022456089034676552, -0.04472854360938072, -0.013372654095292091, -0.011608433909714222, 0.00241842376999557, -0.0026151768397539854, -0.018101288005709648, -0.018127521499991417, 0.021446090191602707, 0.012605316936969757, 0.02538115344941616, -0.014035056345164776, 0.03357920050621033, -0.02215440198779106, 0.037671662867069244, -0.033421795815229416, 0.028384916484355927, 0.0028594788163900375, -0.004702399484813213, -0.021039467304944992, 0.007896359078586102, 0.019754013046622276, -0.0008267730008810759, 0.029670370742678642, 0.010650902055203915, 0.025328684598207474, -0.015281159430742264, 0.01719622313976288, 0.002861118409782648, 0.00519756181165576, 0.02124933712184429, -0.013070966117084026, 0.013484147377312183, -0.0198589488863945, -0.00920148752629757, -0.0052992175333201885, 0.00043613609159365296, 0.00497785396873951, -0.013628432527184486, 0.015648432075977325, -0.002339722588658333, -0.01344479713588953, -0.007811098825186491, -0.018061935901641846, 0.020357389003038406, 0.03656984865665436, 0.008644020184874535, 0.010054084472358227, -0.024095699191093445, 0.0003574348520487547, -0.0055189249105751514, 0.009378565475344658, -0.002370875095948577, 0.02357102371752262, 0.03350050002336502, 0.0022708589676767588, -0.00323986797593534, -0.009732721373438835, 0.004318730905652046, -0.0047974968329072, -0.023125050589442253, 0.028804657980799675, 0.017576612532138824, -0.022115051746368408, -0.01900635100901127, -0.0010919797932729125, -0.042892180383205414, 0.01858661137521267, -0.00907031912356615, -0.010159019380807877, -0.016947003081440926, 0.009352331981062889, -0.03512699156999588, 0.029276864603161812, 0.0033972705714404583, 0.019714662805199623, 0.00476798415184021, -0.018927650526165962, 0.012533173896372318, -0.01825868897140026, -0.0030742676462978125, 0.02401699870824814, 0.005148373544216156, -0.0033448031172156334, -0.009267072193324566, 7.665174052817747e-05, 0.0035907444544136524, -0.0030841052066534758, -0.000677568546961993, -0.02208881638944149, -0.018848950043320656, 0.023518556728959084, 0.00259878090582788, -0.010913239791989326, -0.02712569758296013, 0.006237073801457882, 0.005036879796534777, -0.0010821421165019274, -0.019386740401387215, -0.009601552039384842, -0.004207237623631954, 0.010113110765814781, 0.03032621555030346, 0.013785835355520248, -0.01654037833213806, 0.006568274926394224, -0.013877653516829014, -0.004905711393803358, 0.005925548262894154, -0.007365125231444836, 0.01719622313976288, -0.023833362385630608, -0.036202576011419296, -0.02833244949579239, -0.0006997032905928791, 0.027545437216758728, 0.01228395290672779, 0.00995570793747902, 0.010047526098787785, 0.007365125231444836, -0.027965176850557327, 0.026968294754624367, -0.017642196267843246, 0.006892917677760124, -0.03166413679718971, 0.011352655477821827, -0.009909799322485924, -0.03009011037647724, -0.0017166710458695889, 0.009562201797962189, -0.018967000767588615, -0.018993234261870384, 0.022259335964918137, -0.01675025001168251, -0.03208387643098831, -0.009890123270452023, -0.007207722868770361, 0.021078817546367645, -0.002116735791787505, -0.019740896299481392, -0.007450385019183159, 0.024607257917523384, -0.025368036702275276, 0.0353630930185318, 5.213445547269657e-05, 0.0014756483724340796, -0.01698635332286358, -0.01719622313976288, -0.014769600704312325, 0.033998940140008926, -0.008243955671787262, 0.021419856697320938, -0.0023528393357992172, 0.018061935901641846, -0.021419856697320938, -0.023584140464663506, -0.011221486143767834, -0.009686811827123165, -0.0025512322317808867, 0.03489088639616966, -0.005669769365340471, -0.01716998964548111, 0.0009895042749121785, 0.014835185371339321, 0.01707817055284977, -0.0004353162948973477, -0.022285569459199905, 0.0032579037360846996, 0.006532203871756792, -0.0176815465092659, -0.02088206447660923, -0.03677971661090851, -0.011201811023056507, 0.03195270895957947, 0.007417592685669661, -0.023426737636327744, -0.030247513204813004, 0.0010944392997771502, -0.023675959557294846, 0.0012780755059793591, -0.006742073688656092, 0.019662195816636086, 0.007863566279411316, -0.011792070232331753, -0.004066231194883585, 0.02909322828054428, -0.015110639855265617, -0.009044085629284382, -0.0004291677614673972, -0.005984574090689421, 0.00967369507998228, 0.008125904016196728, -0.011096876114606857, -0.003633374348282814, -0.03218881040811539, 0.018114404752850533, 0.009234280325472355, -0.012336420826613903, 0.021918298676609993, -0.006591229699552059, -0.009155578911304474, -0.014887653291225433, -0.011844538152217865, 0.014769600704312325, 0.029670370742678642, -0.004466295707970858, 0.0023134888615459204, -0.012421680614352226, -0.009772071614861488, 0.01916375383734703, -0.0030431149061769247, -0.0206984281539917, -0.012736485339701176, 0.01229707058519125, 0.0115428501740098, -0.02236427180469036, -0.000743152922950685, -0.024948295205831528, -0.005154931917786598, -0.009168695658445358, 0.020318038761615753, -0.02619439922273159, -0.01324804313480854, 0.014940120279788971, 0.016527261584997177, -0.012651225551962852, -0.00762746250256896, 0.02749297022819519, -0.021105051040649414, -0.0030283585656434298, 0.011293629184365273, -0.016920767724514008, -0.02100011706352234, -0.011588758789002895, 0.007502852473407984, -0.009194929152727127, -0.016120638698339462, 0.002193797379732132, -0.015058171935379505, -0.007607787381857634, -0.004177724476903677, -0.0015281159430742264, 0.006210840307176113, -0.001249382272362709, -0.01774713210761547, -0.02326933667063713, 0.012028174474835396, -0.002028196817263961, 0.014690900221467018, -0.01160187553614378, -0.019334273412823677, 0.007515969220548868, -0.0036628872621804476, -0.01324804313480854, 0.015832068398594856, 0.017602846026420593, -0.023912062868475914, 0.027860242873430252, 0.20861077308654785, 0.011667460203170776, 0.004131815396249294, 0.02679777517914772, -0.020724661648273468, 0.003512043273076415, 0.017904534935951233, 0.01777336560189724, -0.016724014654755592, 0.020383624359965324, -0.0036104198079556227, 0.0031447706278413534, -0.021892063319683075, 0.004220354370772839, 0.019832715392112732, 0.014927003532648087, -0.028568552806973457, -0.000809966993983835, 0.014599082060158253, -0.008604669943451881, 0.014244926162064075, 0.030982058495283127, 0.010736161842942238, -0.027414267882704735, 0.022862711921334267, 0.0006279703811742365, -0.0006123940693214536, 0.0174716766923666, 0.007096229121088982, -0.010467265732586384, -0.005361522547900677, -0.006263307761400938, 0.019872065633535385, -0.004266263451427221, -0.006430547684431076, 1.4538723917212337e-05, 0.018245572224259377, -0.0007853728602640331, 0.01475648395717144, 0.018298041075468063, 0.032424915581941605, -0.0023102096747606993, -0.005574672017246485, -0.021262453868985176, 0.0002100749552482739, 0.015491029247641563, -0.0055451588705182076, -0.009621228091418743, 0.007056878879666328, 0.02462037466466427, -0.010008175857365131, 0.0058665224350988865, 0.0193998571485281, 0.036438677459955215, 0.009555643424391747, -0.01714375615119934, 0.005184444598853588, -0.0052762627601623535, -0.0007562697865068913, 0.000514017534442246, 0.0015477911802008748, 0.009817981161177158, -0.00122806744184345, 0.02770284004509449, -0.026325568556785583, 0.008545643649995327, -0.0005714038852602243, 0.0018314436310902238, -0.009050644002854824, -0.001938018249347806, -0.018088171258568764, -0.011457590386271477, -0.011759278364479542, -0.02827998250722885, 0.000189682308700867, -0.010388565249741077, 0.01995076611638069, 0.013930121436715126, 0.026364918798208237, 0.019137520343065262, 0.004167886916548014, 0.004489250481128693, 0.00612558051943779, -0.021629726514220238, -0.018507910892367363, -0.030011409893631935, 0.013064407743513584, -0.004292497411370277, 0.005400873254984617, 0.004830289166420698, 0.010224604047834873, 0.01168057695031166, -0.0032054362818598747, -0.016737131401896477, 0.005322171840816736, -0.008217722177505493, -0.0119625898078084, 0.023046348243951797, -0.007896359078586102, 0.005774704273790121, -0.04213140159845352, 0.011175577528774738, 0.018245572224259377, 0.007424151059240103, 0.0028217677026987076, -0.02426621876657009, 0.003456296632066369, 0.00909655261784792, 0.0052992175333201885, -0.013903887011110783, 0.003371036844328046, -0.030824655666947365, -0.005345126613974571, 0.005358243361115456, 0.0033103711903095245, 0.010854213498532772, 0.007601229008287191, 0.004190841689705849, -0.008644020184874535, 0.0047286334447562695, 0.005987853277474642, -0.0026282938197255135, -0.015832068398594856, -0.010336097329854965, -0.014795835129916668, -0.01084765512496233, -0.017550379037857056, 0.0025840243324637413, 0.013707133941352367, -0.01329395268112421, 0.025302451103925705, 0.01668466441333294, 0.007883241400122643, -0.013995705172419548, -0.010211487300693989, -0.007161813788115978, 0.0040826271288096905, 0.002443017903715372, 0.008722721599042416, -0.0013051290297880769, 0.01183142140507698, -0.0004726173938252032, -0.01486141886562109, 0.00014418314094655216, 0.010493500158190727, -0.03148049861192703, 0.007988177239894867, 0.01659284718334675, -0.01274960208684206, -0.010650902055203915, -0.02888335846364498, -0.012139667756855488, -0.01170681044459343, -0.01225116103887558, 0.013956354930996895, -0.012579082511365414, -0.01638297736644745, -0.03893088549375534, -0.00329725444316864, -0.008742396719753742, -0.01125427894294262, 0.007699605543166399, 0.029827773571014404, -0.013982588425278664, -0.026364918798208237, 0.00602064561098814, -0.1681058704853058, 0.031191928312182426, 0.03790776804089546, -0.012303628958761692, 0.01496635377407074, -0.0045187631621956825, 0.02812257967889309, 0.004459737334400415, -0.029276864603161812, 0.0044072698801755905, 0.004453178960829973, 0.013667783699929714, -0.0033644784707576036, 0.006194444373250008, 0.0037120755296200514, 0.012211810797452927, 0.00038141413824632764, 0.0039711338467895985, 0.029801540076732635, 0.01654037833213806, 0.02127557061612606, -0.010657460428774357, 0.008978500962257385, 0.012998823076486588, 0.005879639182239771, -0.005525483749806881, -0.029958942905068398, 0.0020019630901515484, -0.019111286848783493, -0.021931415423750877, -0.010572201572358608, 0.023492323234677315, 0.022338038310408592, -0.009076877497136593, 0.00559106795117259, -0.0054107108153402805, 0.015412327833473682, -0.005505808163434267, -0.017432326450943947, 0.038458678871393204, 0.013064407743513584, 0.005741911940276623, 0.008348890580236912, -0.0008386601693928242, -0.02969660423696041, -0.009155578911304474, 0.017301157116889954, 0.0018888299819082022, -0.002362677128985524, -0.000443924218416214, -0.0062239570543169975, -0.040872182697057724, 0.00019583084213081747, -0.010073759593069553, 0.02570907399058342, 0.008453825488686562, 0.002408586209639907, 0.012467589229345322, -0.00569600285962224, -0.0030578714795410633, -0.008152137510478497, -0.01635674200952053, 0.015818951651453972, -0.0004820451431442052, 0.004203958436846733, -0.020199988037347794, -0.0010518094059079885, -0.003984250593930483, -0.007574995048344135, 0.019963882863521576, -0.008985059335827827, -0.02893582545220852, 0.0102442791685462, 0.00522707449272275, 0.01865219511091709, 0.005735353566706181, 0.0010805025231093168, -0.004318730905652046, 0.0032234720420092344, -0.011595317162573338, -0.019780246540904045, 0.04722074791789055, 0.0002190928062191233, 0.009260513819754124, -0.010165577754378319, -0.0037186339031904936, -0.005948502570390701, 0.008860449306666851, 0.007581553887575865, -0.009522851556539536, 0.04037374258041382, -0.01444167923182249, -0.032215043902397156, -0.011346097104251385, 0.019268689677119255, 0.018534144386649132, 0.004908990580588579, 0.010159019380807877, 0.012231485918164253, -0.009312980808317661, -0.009306422434747219, 0.00048532435903325677, -0.0035841860808432102, 0.002100339625030756, -0.007496294099837542, 0.0019003072520717978, 0.002426621736958623, 0.004981133155524731, 0.025538554415106773, -0.01819310523569584, -0.025249984115362167, 0.009568760171532631, 0.009404798969626427, 0.030404916033148766, 0.0002606978814583272, 0.0444137379527092, 0.012684018351137638, -0.0215772595256567, -0.0035907444544136524, -0.015818951651453972, 0.04803399741649628, -0.005400873254984617, -0.015228691510856152, 0.006574833299964666, -0.016789600253105164, 0.005814054980874062, -0.08620410412549973, -0.03756672888994217, -0.0031464104540646076, 0.03528439253568649, -0.003512043273076415, 0.011260837316513062, -0.004226912744343281, 0.013602199032902718, -0.002836524276062846, 0.027256865054368973, -0.00928018894046545, -0.003512043273076415, -0.0052992175333201885, 0.00037178141064941883, 0.0016691223718225956, -0.028568552806973457, 0.006220677867531776, -0.008912916295230389, 0.000856695871334523, 0.009942591190338135, -0.026509204879403114, -0.014690900221467018, 0.005348405800759792, -0.020829597488045692, -0.011142784729599953, 0.016710897907614708, -0.017996352165937424, 0.013825186528265476, 0.011457590386271477, 0.009680253453552723, -0.0012420041020959616, -0.03195270895957947, 0.021223103627562523, -0.013123433105647564, -0.004679445177316666, -0.0063026584684848785, -0.01608128845691681, 0.004853243473917246, 0.006866684183478355, -0.025840243324637413, 0.011228044517338276, 0.003026718972250819, 0.019780246540904045, -0.02462037466466427, -0.02401699870824814, 0.028568552806973457, -0.021826479583978653, 0.019780246540904045, -0.0015707457205280662, -0.008499735035002232, 0.0019298201659694314, 0.02362349070608616, 0.0006673210300505161, 0.00562713947147131, 0.025643490254878998, -0.006951943505555391, 0.0187702476978302, 0.01698635332286358, -0.03129686415195465, 0.00038264383329078555, 0.04564672335982323, -0.0034628550056368113, 0.0013075884198769927, 0.028857124969363213, 0.009299864061176777, 0.021852713078260422, 0.012500382028520107, -0.018101288005709648, -0.00012860685819759965, 0.010703369975090027, 0.004066231194883585, 0.020318038761615753, -0.019937649369239807, 0.004197400063276291, -0.027151931077241898, 0.003895711852237582, -0.010591876693069935, -0.025066347792744637, 0.0024299011565744877, -0.016409210860729218, 0.010178694501519203, -0.012939796783030033, 0.0039153872057795525, -0.02396452985703945, 0.004128536209464073, -0.0035448353737592697, -0.0005287739913910627, 0.005223795305937529, -0.01415310800075531, -0.010644343681633472, -0.016094405204057693, 0.027020761743187904, 0.020987000316381454, -0.012992264702916145, 0.014310510829091072, 0.015517262741923332, -0.020527908578515053, 0.004544997122138739, 0.0004894234007224441, -0.030247513204813004, -0.015084406360983849, -0.002051151357591152, -0.06080983206629753, 0.026299333199858665, -0.006220677867531776, -0.01837674155831337, 0.0022364272736012936, -0.006463340017944574, 0.013812068849802017, -0.013457913883030415, -0.015346743166446686, 0.009240838699042797, -0.027020761743187904, 0.03050985001027584, 0.0029463779646903276, 0.005859964061528444, -0.039665430784225464, -0.020344272255897522, 0.01949167624115944, 0.008427591994404793, 0.013025056570768356, 0.018914533779025078, -0.010893564671278, -0.0213673897087574, -0.009378565475344658, 0.002415144583210349, -0.010421357117593288, 0.01991141587495804, -0.030824655666947365, 0.01584518514573574, -0.025722190737724304, -0.01654037833213806, 0.004354802425950766, -0.036255042999982834, -0.009083435870707035, 0.01846856065094471, 0.004908990580588579, -0.0030562318861484528, 0.012907004915177822, 0.04352179169654846, 0.03231997787952423, -0.004610581323504448, -0.0042957765981554985, -0.020659077912569046, -0.002069187117740512, -0.004030159674584866, 0.02281024493277073, 0.009909799322485924, -0.0315067321062088, 0.019111286848783493, 0.011142784729599953, -0.004551555495709181, -0.001910144928842783, 0.008958825841546059, -0.0263124518096447, -0.005082788877189159, -0.00569600285962224, -0.007889799773693085, -0.0011264116037636995, -0.004886035807430744, 0.006417430937290192, -0.011746161617338657, 0.06448255479335785, 0.00390882883220911, 0.012060966342687607, 0.0045417179353535175, 0.03205764293670654, -0.013825186528265476, 0.0017150313360616565, 0.026456736028194427, -0.011378888972103596, -0.029985176399350166, -0.014310510829091072, -0.019426092505455017, 0.014284276403486729, 0.029250631108880043, -0.0015912408707663417, 0.005469736643135548, -0.015897652134299278, -0.010027850978076458, -0.005131977144628763, 0.03510075807571411, 0.03654361516237259, -0.0020118006505072117, -0.02229868806898594, 0.0004808154480997473, 0.009470383636653423, 0.027650373056530952, -0.021774012595415115, -0.004403990693390369, -0.012316745705902576, 0.005794379394501448, 0.006673210300505161, 0.009791746735572815, -0.0038629197515547276, -0.010375447571277618, 0.0017412651795893908, 0.03237244859337807, 0.0252237506210804, -0.005738632753491402, 0.0018117683939635754, -0.00041605086880736053, 0.01605505496263504, 0.017917651683092117, -0.00969992857426405, -0.03127063065767288, -0.022521674633026123, -0.013011939823627472, -0.008834214881062508, -0.043705426156520844, -0.01303817331790924, 0.012841420248150826, 0.024305569007992744, 0.002646329579874873, -0.01900635100901127, 0.019570376724004745, 0.008978500962257385, 0.005272983573377132, -0.00884077325463295, -0.014677782543003559, -0.03155919909477234, 0.03252984955906868, -0.010080317966639996, -0.005814054980874062, 0.02030492201447487, 0.0008935870719142258, 0.016802717000246048, 0.006178047973662615, -0.0055451588705182076, -0.03134933114051819, -0.019229339435696602, -0.001654365798458457, -0.011070642620325089, -0.003038196125999093, -0.016422327607870102, -0.014231809414923191, -0.022377388551831245, -0.0014813870657235384, 0.005210678558796644, 0.0191899873316288, -0.021944532170891762, 0.04228880628943443, 0.0038694781251251698, -0.0211575198918581, 0.010296747088432312, 0.008125904016196728, 0.022469205781817436, 0.0072273979894816875, -0.005063113756477833, -0.04058361053466797, -0.00928018894046545, 0.004558113869279623, 0.005236912053078413, 0.014992588199675083, -0.041659194976091385, -0.03129686415195465, -0.004859802313148975, -0.0013543172972276807, 0.01373336836695671, -0.012697135098278522, -0.0051221395842731, 0.007948826067149639, -0.011503499001264572, 0.0041055819019675255, 0.003492367919534445, -0.019662195816636086, -0.013667783699929714, 0.031008291989564896, -0.01735362596809864, 0.018599728122353554, -0.02570907399058342, -0.008604669943451881, 0.009253955446183681, -0.025814009830355644, 0.011083759367465973, 0.012952913530170918, -0.00605015829205513, -0.006866684183478355, -0.026456736028194427, 0.0005898494855500758, -0.0001727738417685032, -0.014585964381694794, 0.017943885177373886, -0.008329215459525585, -0.03439244627952576, 4.947649472342164e-07, -0.016527261584997177, -0.012526615522801876, -0.0014559731353074312, -0.022980764508247375]"
12387,"Dump mongo database running on a docker container<p>I have this <code>docker-compose.yml</code> file where I run a mongo container</p>
<pre><code>version: '3'

services:

  appapi:
    container_name: appapi
    image: strapi/strapi:3.1.3
    environment:
      DATABASE_CLIENT: ${APPAPI_DATABASE_CLIENT}
      DATABASE_HOST: ${APPAPI_DATABASE_HOST}
      DATABASE_PORT: ${APPAPI_DATABASE_PORT}
      DATABASE_NAME: ${APPAPI_DATABASE_NAME}
      DATABASE_USERNAME: ${APPAPI_DATABASE_USERNAME}
      DATABASE_PASSWORD: ${APPAPI_DATABASE_PASSWORD}
    ports:
      - 1337:1337
    volumes:
      - ./app:/srv/app
    depends_on:
      - appmongo

  appmongo:
    container_name: appmongo
    image: mongo:4.4.0
    restart: always
    environment:
      MONGO_INITDB_ROOT_USERNAME: ${APPDB_MONGO_INITDB_ROOT_USERNAME}
      MONGO_INITDB_ROOT_PASSWORD: ${APPDB_MONGO_INITDB_ROOT_PASSWORD}
    ports:
      - &quot;27027:27017&quot;
    volumes:
      - ./data/db:/data/db
</code></pre>
<p>I want to backup the database running a dump</p>
<pre><code>docker run -e MONGO_INITDB_ROOT_USERNAME=admin -e MONGO_INITDB_ROOT_PASSWORD=admin --rm mongo mongodump --host mongoapp:27027 --archive --gzip | cat &gt; ./mongodumps/dump_$(date '+%d-%m-%Y_%H-%M-%S').gz
</code></pre>
<p>I tried to modify the previous command but I am not able to connect and do the dump, I am getting</p>
<blockquote>
<p>2020-08-15T19:27:04.870+0000  Failed: can't create session: could not connect to server: server selection error: server selection timeout, current topology: { Type: Single, Servers: [{ Addr: mongoapp:27027, Type: Unknown, State: Connected, Average RTT: 0, Last error: connection() : dial tcp: lookup mongoapp on 192.168.65.1:53: no such host }, ] }</p>
</blockquote>
",I have updated my solution. please check,"Embed Field: Dump mongo database running on a docker container<p>I have this <code>docker-compose.yml</code> file where I run a mongo container</p>
<pre><code>version: '3'

services:

  appapi:
    container_name: appapi
    image: strapi/strapi:3.1.3
    environment:
      DATABASE_CLIENT: ${APPAPI_DATABASE_CLIENT}
      DATABASE_HOST: ${APPAPI_DATABASE_HOST}
      DATABASE_PORT: ${APPAPI_DATABASE_PORT}
      DATABASE_NAME: ${APPAPI_DATABASE_NAME}
      DATABASE_USERNAME: ${APPAPI_DATABASE_USERNAME}
      DATABASE_PASSWORD: ${APPAPI_DATABASE_PASSWORD}
    ports:
      - 1337:1337
    volumes:
      - ./app:/srv/app
    depends_on:
      - appmongo

  appmongo:
    container_name: appmongo
    image: mongo:4.4.0
    restart: always
    environment:
      MONGO_INITDB_ROOT_USERNAME: ${APPDB_MONGO_INITDB_ROOT_USERNAME}
      MONGO_INITDB_ROOT_PASSWORD: ${APPDB_MONGO_INITDB_ROOT_PASSWORD}
    ports:
      - &quot;27027:27017&quot;
    volumes:
      - ./data/db:/data/db
</code></pre>
<p>I want to backup the database running a dump</p>
<pre><code>docker run -e MONGO_INITDB_ROOT_USERNAME=admin -e MONGO_INITDB_ROOT_PASSWORD=admin --rm mongo mongodump --host mongoapp:27027 --archive --gzip | cat &gt; ./mongodumps/dump_$(date '+%d-%m-%Y_%H-%M-%S').gz
</code></pre>
<p>I tried to modify the previous command but I am not able to connect and do the dump, I am getting</p>
<blockquote>
<p>2020-08-15T19:27:04.870+0000  Failed: can't create session: could not connect to server: server selection error: server selection timeout, current topology: { Type: Single, Servers: [{ Addr: mongoapp:27027, Type: Unknown, State: Connected, Average RTT: 0, Last error: connection() : dial tcp: lookup mongoapp on 192.168.65.1:53: no such host }, ] }</p>
</blockquote>; Answer: I have updated my solution. please check","[-0.03427606821060181, 0.013457751832902431, 0.024237684905529022, -0.022370079532265663, -0.02150493860244751, 0.030156349763274193, -0.02210916392505169, -0.033616915345191956, -0.02025528997182846, -0.01823662593960762, 0.02933240495622158, 0.010937856510281563, 0.01240035705268383, 0.0028992528095841408, -0.005843135993927717, 0.004586621653288603, 0.005362502299249172, 0.01770106330513954, 0.0020684427581727505, -0.019033106043934822, -0.009914792142808437, 0.005413998384028673, -0.004730811808258295, 0.004672449082136154, -0.007188911084085703, 0.006567520089447498, 0.020323950797319412, -0.01893697865307331, 0.0013440586626529694, 0.010999652557075024, 0.007957926020026207, 0.0027104325126856565, -0.01301144901663065, -0.0248419102281332, -0.015490147285163403, 0.0008338141487911344, 0.016108104959130287, -0.03246339410543442, 0.024429939687252045, 0.008363031782209873, 0.006110917776823044, -0.01365000568330288, 0.002284727990627289, -0.029552124440670013, -0.02467712201178074, 0.04539931192994118, 0.004538557957857847, -0.03529226779937744, -0.023660924285650253, -0.003103522351011634, 0.01900564134120941, 0.009962855838239193, -0.045893680304288864, 0.00702068954706192, 0.0013226018054410815, -0.008809334598481655, -0.0020203792955726385, 0.020035570487380028, -0.0030588919762521982, 0.012530814856290817, 0.009715672582387924, 0.0028134253807365894, -0.004524825606495142, -0.002653786214068532, -0.013835392892360687, 0.004960829392075539, 0.009839264675974846, -0.005307572428137064, 0.010292433202266693, 0.00618301285430789, 0.06520143151283264, -0.004555723629891872, -0.0015792259946465492, -0.0035944555420428514, 0.021985571831464767, 0.014501414261758327, -0.036830294877290726, 0.004974561743438244, 0.005307572428137064, -0.0008994721574708819, 0.013547012582421303, -0.008047185838222504, -0.023056698963046074, 0.013869723305106163, 0.02088697999715805, -0.0045351251028478146, -0.0024272017180919647, 0.021120430901646614, 0.0034674308262765408, -0.006447361782193184, 0.005922097247093916, 0.01207077968865633, 0.014254231005907059, -0.006629316136240959, -0.0060285236686468124, 0.01536655519157648, -0.006996657699346542, 0.03534719720482826, -0.009660743176937103, -0.031145082786679268, -0.037434522062540054, 0.022603530436754227, -0.0009458190179429948, -0.023235220462083817, 0.004136885516345501, -0.007889263331890106, 0.037983816117048264, -0.0011449388694018126, 0.017083104699850082, -0.021724656224250793, 0.013231167569756508, 0.021244022995233536, -0.00906338356435299, -0.029140152037143707, -0.012324828654527664, 0.0032545786816626787, 0.011837328784167767, -0.036088746041059494, -0.01463873777538538, -0.013382223434746265, -0.004559156484901905, 0.007923594675958157, 0.02550106681883335, -0.011796131730079651, 0.019280288368463516, -0.008678876794874668, -0.0064164637587964535, -0.005870600696653128, 0.0175225418061018, -0.010024651885032654, 0.0324084646999836, 0.024594727903604507, 0.00809524953365326, 0.006347802001982927, -0.013018314726650715, -0.026297545060515404, -0.013100709766149521, 0.004974561743438244, -0.01812676712870598, -0.033561985939741135, 0.023166557773947716, 0.02269965596497059, 0.010745602659881115, -0.030403532087802887, -0.027148954570293427, 0.03334226831793785, 0.022576065734028816, 0.013196836225688457, -0.00621734419837594, 0.00682156952098012, 0.025020431727170944, -0.009942257776856422, -0.042735226452350616, -0.01200898364186287, -0.010409158654510975, 0.024896841496229172, 0.0021388211753219366, 0.010230638086795807, 0.0030726243276149035, 0.02080458588898182, 1.2981408872292377e-05, 0.02283698134124279, -0.008445425890386105, -0.01145968772470951, 0.0019740324933081865, 0.017398949712514877, 0.004394367802888155, -0.0012367742601782084, -0.003232263494282961, -0.01888204924762249, 0.014267963357269764, 0.023674657568335533, -0.056302838027477264, 0.03257325291633606, -0.002998812822625041, 0.023990502581000328, -0.0027327474672347307, 0.014213033951818943, -0.022548601031303406, -0.027533462271094322, -0.018991908058524132, 0.017220430076122284, -0.0011766949901357293, 0.05866480991244316, -0.011164440773427486, -0.008836799301207066, 0.014968316070735455, 0.005822537466883659, 0.0009277952485717833, -0.006529755890369415, 0.015819724649190903, 0.031694378703832626, -0.009468489326536655, -0.0008505504811182618, -0.5879664421081543, -0.009990320540964603, -0.033616915345191956, -0.007436094339936972, -0.0032047987915575504, 0.013752998784184456, -0.007902995683252811, -0.015915852040052414, -0.027203883975744247, 0.015023245476186275, -0.00845229160040617, 0.024251418188214302, -0.0034228006843477488, -0.013471484184265137, -0.004775442183017731, -0.015174301341176033, 0.01764613389968872, -0.020996838808059692, 0.0014530594926327467, 0.010773067362606525, -0.020406346768140793, 0.011885391548275948, -0.020557401701807976, 0.014830991625785828, -0.04317466542124748, -0.02028275467455387, 0.00015770802565384656, -0.030348602682352066, 0.0037523782812058926, 0.0404556505382061, -0.06371833384037018, 0.017344020307064056, 0.00035704238689504564, -0.0027825275901705027, 0.051139455288648605, -0.00032314052805304527, -0.026187686249613762, 0.026325009763240814, -0.007408629637211561, 0.03828592970967293, 0.002727597951889038, -0.02606409415602684, 0.0006767497980035841, -0.010168842040002346, -0.029826771467924118, -0.015943316742777824, 0.03529226779937744, -0.015957048162817955, -0.00334383943118155, -0.025816911831498146, 0.0007724474999122322, 0.017330288887023926, -0.009049651212990284, 0.012723068706691265, -0.0035601246636360884, -0.013759864494204521, 0.014625005424022675, -0.010313032194972038, 0.03661057725548744, 0.007381164934486151, 0.018717261031270027, 0.02209543064236641, -0.017453880980610847, 0.009379228577017784, -0.029112687334418297, 0.006292872130870819, -0.015270428732037544, 0.006316903978586197, 0.038725368678569794, -0.02680564485490322, 0.004133452195674181, -0.01943134516477585, -0.0014384689275175333, -0.0039034346118569374, 0.006251675076782703, 0.037434522062540054, -0.005805371794849634, 0.0008050619508139789, -0.014185569249093533, 0.025542262941598892, 0.015229231677949429, 0.010354229249060154, -0.011384159326553345, -0.01767359860241413, 0.009962855838239193, -0.006134949624538422, -0.03507255017757416, -0.002011796459555626, 0.010470954701304436, -0.016657400876283646, 0.030897898599505424, 0.0432295948266983, 0.010313032194972038, -0.015201766043901443, -4.5542215957539156e-05, 0.0041094208136200905, -0.030430998653173447, 0.028865505009889603, 0.012874124571681023, -0.013629406690597534, -0.02157359942793846, -0.011349827982485294, 0.004449297674000263, 0.008081517182290554, 0.06322396546602249, 0.002809992292895913, -0.028233813121914864, 0.028343673795461655, 0.02090071327984333, -0.019101768732070923, -0.0214774738997221, 0.006258541252464056, -0.0248419102281332, 0.000699064985383302, 0.026407403871417046, -0.043971143662929535, 0.028480997309088707, 0.005008892621845007, 0.015201766043901443, 0.008266904391348362, 0.009578349068760872, 0.014377822168171406, 0.005455195903778076, -0.016149302944540977, 0.005032924469560385, 0.008726940490305424, 0.03438593074679375, -0.007175178732722998, -0.019774654880166054, 0.009317433461546898, 0.010470954701304436, 0.002533627673983574, 0.037571847438812256, -0.007573418319225311, 0.0175912044942379, 0.015174301341176033, 0.01884085312485695, -0.010258102789521217, -0.0015217215986922383, 0.0008552710060030222, 0.02356479875743389, 0.019307754933834076, 0.005822537466883659, -0.013849125243723392, 0.0011818446218967438, -0.02743733488023281, -0.033534519374370575, -0.016149302944540977, -0.0019259690307080746, -0.0091595109552145, 0.0018298422219231725, -0.010223771445453167, -0.0011277733137831092, -0.0028992528095841408, 0.004346304573118687, -0.009612679481506348, -0.005293840076774359, -0.035539451986551285, 0.027766913175582886, -0.03578663244843483, 0.0029593321960419416, 0.026201419532299042, -0.026476066559553146, 0.024663390591740608, -0.0002525474119465798, 0.008589616045355797, -0.017083104699850082, 0.008919193409383297, 0.026256348937749863, -0.017920780926942825, -0.004940230865031481, -0.013258632272481918, -0.0027773778419941664, -0.002846039831638336, 0.006969192996621132, 7.28460872778669e-05, -0.022397544234991074, -0.0030794907361268997, 0.009489088319242, 0.003766110632568598, 0.010965321213006973, 0.005005459766834974, 0.009255637414753437, -0.009077115915715694, 0.034742970019578934, 0.01112324371933937, 0.04284508898854256, 0.022946840152144432, -0.029524659737944603, 0.03304015472531319, 0.0189095139503479, 0.015929583460092545, -0.004620952531695366, -0.011075180023908615, -0.017467612400650978, 0.02010423317551613, 0.03065071627497673, 0.021079232916235924, 0.0033507056068629026, 0.005771040916442871, 0.00817764364182949, 0.0018229760462418199, 0.02672325074672699, -0.010649476200342178, -0.004995160270482302, -0.013910921290516853, -0.0005441463436000049, 0.0035738570149987936, 0.02337254397571087, 0.009839264675974846, 0.0030022459104657173, -0.0337267741560936, -0.02867325022816658, 0.0007891838322393596, 0.006780372466892004, 0.022315150126814842, 0.00945475697517395, 0.007072185631841421, -0.02539120800793171, 0.03990635275840759, -0.00973627157509327, 0.00785493291914463, -0.015998246148228645, 0.007360566407442093, -0.014020780101418495, 0.01888204924762249, 0.006787238642573357, -0.0003651959996204823, -0.01826409250497818, -0.03147466108202934, -0.001550902845337987, 0.04614086449146271, 0.008692609146237373, -0.0032751774415373802, 0.02743733488023281, -0.005424297880381346, 0.0337267741560936, -0.005698945838958025, 0.032930295914411545, -0.01882711984217167, -0.013615674339234829, 0.032188743352890015, 0.038148608058691025, -0.013244899921119213, 0.03710494562983513, 0.02933240495622158, 0.0023911541793495417, 0.017975710332393646, -0.021971840411424637, 0.009104580618441105, 0.00014483390259556472, -0.007806869223713875, -0.008047185838222504, -0.015050710178911686, 0.019870782271027565, -0.012620075605809689, -0.007271305657923222, 0.012874124571681023, 0.015297893434762955, 0.02226022072136402, 0.015902118757367134, -0.013485216535627842, 0.005304139573127031, -0.01765986531972885, 0.011610743589699268, -0.0028546226676553488, -0.014968316070735455, -0.00011479428212624043, 0.006385565735399723, -0.017344020307064056, -0.015957048162817955, -0.0036837162915617228, 0.01404137909412384, -0.04669015854597092, -0.007930460385978222, 0.007573418319225311, -0.020667262375354767, 0.009413559921085835, 0.016011977568268776, 0.007765672169625759, -0.024938037618994713, -0.014570076018571854, 0.042625367641448975, -0.009701940231025219, 0.036171142011880875, 0.004826938733458519, -0.010017785243690014, 0.053693681955337524, 0.00571611151099205, 0.017687330022454262, 0.008919193409383297, 0.013148772530257702, 0.01528416108340025, -0.005626850761473179, -0.01697324588894844, -0.00848662294447422, 0.03792888671159744, -0.001314877299591899, 0.019156698137521744, -0.007731340825557709, 0.003604755038395524, 0.01463873777538538, -0.04430072009563446, -0.006114351097494364, 0.03205142170190811, -0.006430196110159159, -0.030870433896780014, -0.021134162321686745, 0.03065071627497673, 0.000901188759598881, -0.009660743176937103, -0.006481692660599947, -0.018456345424056053, 0.0027293143793940544, -0.009070250205695629, 0.006234509404748678, -0.032133813947439194, 0.0008977556135505438, 0.00815704558044672, 0.02544613741338253, -0.017852120101451874, -0.057566218078136444, -0.012894723564386368, 0.020667262375354767, 0.026366207748651505, 0.002511312486603856, 0.0016659117536619306, -0.002499296795576811, 0.014995780773460865, -0.02083205059170723, 0.0016933765728026628, -0.006478259805589914, 0.0025198953226208687, -0.002645203610882163, -0.007285038009285927, 0.014652470126748085, 0.013327294029295444, 0.0010179141536355019, 0.015201766043901443, -0.015050710178911686, 0.00016189212328754365, -0.018003176897764206, 0.007264439482241869, -0.02220528945326805, -0.00014247364015318453, 0.0012650972930714488, -0.010299299843609333, 0.047788750380277634, 0.05020565167069435, 0.012242434546351433, 0.014130638912320137, 0.005870600696653128, 0.02470458671450615, -0.015188033692538738, -0.015902118757367134, 0.037434522062540054, 0.03320494294166565, 0.006588118616491556, 0.0005638866568915546, 0.018511274829506874, 0.016437683254480362, 0.017810922116041183, -0.007127115502953529, 0.019939444959163666, -0.006069720722734928, 0.0305683221668005, 0.00602165749296546, 0.010450356639921665, 0.031694378703832626, -0.025198953226208687, -0.017893316224217415, 0.01823662593960762, -0.025720784440636635, 0.01461127307265997, 0.020983107388019562, 0.007813735865056515, -0.0017028176225721836, -0.004768576007336378, 0.028480997309088707, 0.01036796160042286, 0.003566990839317441, -0.006395865231752396, -0.022466205060482025, -0.03059578686952591, -0.019280288368463516, -0.013519547879695892, 0.009660743176937103, 0.008672010153532028, -0.007875530980527401, -0.03391902893781662, -0.027849307283759117, 0.01170687098056078, -0.01952747255563736, -0.010010919533669949, -0.022576065734028816, -0.04103241115808487, -0.029167616739869118, 0.034248605370521545, 0.009228172712028027, 0.013382223434746265, -0.007058453280478716, -0.016575006768107414, -0.012963385321199894, 0.015984512865543365, 0.0068456013686954975, -0.034742970019578934, -0.01623169705271721, -0.01702817529439926, 0.009338031522929668, -0.018676063045859337, 0.012681870721280575, 0.0070653194561600685, -0.01819542981684208, 0.026970433071255684, -0.0031567353289574385, -0.0038588042370975018, 0.023262685164809227, 0.013080110773444176, 0.007360566407442093, 0.004638118203729391, 0.005304139573127031, -0.006876499392092228, 0.005389967001974583, -0.011899124830961227, 0.019994374364614487, -0.029607053846120834, -0.023097896948456764, -0.02598170004785061, -0.0049264985136687756, -0.008685742504894733, -0.004864702466875315, 0.002216066000983119, -0.021202825009822845, 0.008877996355295181, 0.007930460385978222, -0.02337254397571087, -0.01636902056634426, -0.0009750003810040653, -0.00016521793440915644, 0.0071065169759094715, 0.0008917477098293602, 0.01369806844741106, -0.017852120101451874, 0.030101420357823372, -0.001764613320119679, -0.008939792402088642, 0.045289453119039536, 0.00973627157509327, 0.008713207207620144, 0.027725715190172195, -0.002550793346017599, -0.014625005424022675, -0.021697191521525383, -0.0057676080614328384, 0.005815671291202307, 0.01466620247811079, -0.013258632272481918, -0.008596482686698437, -0.0056337169371545315, -0.01960986666381359, 0.004744544159621, 0.027560926973819733, 0.01365000568330288, -0.019733458757400513, -0.036281000822782516, 0.005067255347967148, 0.003848504973575473, -0.01819542981684208, -0.0378190279006958, -0.021999305114150047, -0.021271487697958946, -0.016753528267145157, 0.03965916857123375, 0.02150493860244751, 0.01684965379536152, 0.002629754599183798, -0.017920780926942825, -0.024471135810017586, -0.06130143254995346, -0.013952118344604969, -0.008987855166196823, 0.03062325157225132, 0.007999123074114323, -0.0033507056068629026, 0.03196902573108673, 0.017975710332393646, 0.02794543281197548, -0.007971658371388912, 0.003129270626232028, 0.006478259805589914, 0.013382223434746265, -0.020420078188180923, 0.008500355295836926, 0.00885053165256977, 0.0032168147154152393, 0.01750881038606167, 0.0024855644442141056, 0.016053175553679466, -0.005122185219079256, 0.025597192347049713, -0.01270246971398592, 0.0004986577550880611, -0.032188743352890015, -0.049821145832538605, -0.00881620030850172, 0.013437152840197086, -0.009928525425493717, -0.009640144184231758, -0.03600635379552841, -0.0031224044505506754, 0.0059873261488974094, -0.00845229160040617, 0.03770916908979416, -0.015188033692538738, 0.0227957833558321, -0.008246306329965591, 0.008651412092149258, -0.004658716730773449, -0.004387501627206802, -0.003848504973575473, 0.02999156154692173, -0.004360036924481392, -0.007786270696669817, 0.0001617848320165649, -0.010443489998579025, 0.02092817798256874, -0.005829403642565012, 0.020722191780805588, 0.0033816033974289894, 0.02532254531979561, -0.008726940490305424, -0.025034165009856224, -0.0046243853867053986, -0.025171488523483276, -0.004233012441545725, -0.023303883150219917, -0.006828435696661472, -0.025583460927009583, -0.014254231005907059, 0.013883456587791443, 0.0067117102444171906, 0.01889578253030777, -0.0026572193019092083, 0.006643048487603664, -0.003649385180324316, -0.02139507792890072, 0.02927747555077076, 0.01639648526906967, 0.02223275601863861, 0.053116921335458755, -0.012475885450839996, -0.013842258602380753, 0.019252823665738106, 0.0029644817113876343, -0.006447361782193184, 0.0189095139503479, 0.053803540766239166, -0.006395865231752396, -0.0169320497661829, 0.015215499326586723, 4.97799483127892e-05, 0.024361276999115944, -0.0221366286277771, 0.023908108472824097, 0.023798249661922455, -0.00779313687235117, -0.028316209092736244, -0.010052116587758064, -0.01466620247811079, -0.004583188332617283, -0.005825970787554979, 0.020008105784654617, -0.005489526782184839, -0.005571921356022358, -0.029579589143395424, 0.005575354211032391, -0.011548948474228382, 0.017989443615078926, 0.015078174881637096, 0.010869194753468037, -0.02532254531979561, 0.0019053705036640167, -0.0051153190433979034, 0.021834515035152435, -0.025761982426047325, 0.03238099813461304, -0.02404543198645115, 0.004257043823599815, 0.019403880462050438, 0.0019482842180877924, 0.009962855838239193, -0.03334226831793785, 0.0003044730401597917, 0.03592395782470703, -0.032216209918260574, 0.0022297983523458242, -0.0143640898168087, -0.003601321717724204, 0.00551699148491025, -0.0030743409879505634, -0.004480195231735706, 0.0026675185654312372, -0.0010161976097151637, -0.001576651120558381, 0.005860301665961742, -0.01536655519157648, 0.009111447259783745, -0.01636902056634426, 0.0063615343533456326, 0.0033850364852696657, -0.027753179892897606, -0.0077588059939444065, -0.002904402557760477, -0.03515494242310524, -0.02938733622431755, -0.008919193409383297, -0.004449297674000263, 0.025569727644324303, -0.019115500152111053, -0.0048887343145906925, 0.0028614888433367014, 0.03188663348555565, -0.011308630928397179, -0.0228644460439682, 0.0032992090564221144, -0.008932925760746002, -0.021889444440603256, 0.013526413589715958, -0.004648417234420776, -0.0037146140821278095, -0.01895071193575859, -0.01240035705268383, -0.027025362476706505, -0.008926060050725937, 0.010567081160843372, 0.013601941987872124, -0.012922188267111778, -0.013114442117512226, 0.0324084646999836, -0.002382571343332529, 0.01009331364184618, -0.03455071896314621, -0.01562747173011303, 0.029167616739869118, -0.0042158467695117, -0.031090153381228447, -0.005791639443486929, 0.003503478365018964, -0.010347363539040089, -0.014405286870896816, 0.019376415759325027, 0.012819195166230202, -0.021779585629701614, -0.0189095139503479, -0.00244093406945467, -0.009839264675974846, -0.009647010825574398, -0.027231348678469658, -0.014583808369934559, -0.04443804547190666, -0.027176419273018837, 0.012139441445469856, 0.0026143055874854326, -0.006162414327263832, 0.03652818500995636, 0.016643667593598366, 0.028975363820791245, 0.006176146678626537, -0.006540055386722088, -0.020516205579042435, -0.037983816117048264, -0.009413559921085835, -0.02348240278661251, -0.00585000216960907, 0.007175178732722998, 0.02157359942793846, -0.003628786653280258, -0.0018092436948791146, -0.021916909143328667, -0.004339438397437334, -0.020433811470866203, -0.008143313229084015, 0.008713207207620144, 0.0028374569956213236, 0.04361410066485405, 0.011617610231041908, 0.012723068706691265, 0.03405635058879852, 0.01827782392501831, 0.013910921290516853, -0.015778526663780212, -0.017481345683336258, -0.018140500411391258, -0.01562747173011303, 0.02666831947863102, -0.021738389506936073, -0.011157575063407421, -0.006169280502945185, 0.004487061407417059, 0.027533462271094322, 0.028975363820791245, 0.029167616739869118, 0.0036459520924836397, -0.026187686249613762, -0.018785923719406128, -0.022397544234991074, -0.013876589946448803, 0.0077588059939444065, 0.020475007593631744, -0.044053539633750916, -0.004899033810943365, 0.018634866923093796, -0.012647540308535099, 0.031090153381228447, 0.004844103939831257, 0.017344020307064056, -0.028892969712615013, 0.016492612659931183, -0.037489451467990875, 0.016780992969870567, 0.014885921031236649, -0.026352474465966225, 0.030156349763274193, -0.01533909048885107, 0.002001497196033597, 0.05589086562395096, -0.0043325722217559814, -0.0016444548964500427, -0.0030846402514725924, 0.021038036793470383, -0.039411988109350204, -0.00407852279022336, 0.011507751420140266, -0.02276831865310669, -0.0016616203356534243, -0.02805529348552227, 0.015957048162817955, -0.014226766303181648, -0.005664614960551262, 0.01301144901663065, -0.009544017724692822, -0.003235696582123637, -0.00521487882360816, 0.01749507710337639, -0.03729719668626785, -0.021944373846054077, -0.009372362866997719, -0.026929235085844994, -0.024457404389977455, -0.011445955373346806, -0.005705812014639378, -0.036226071417331696, -0.013292962685227394, -0.022658459842205048, -0.022067965939641, -0.05385847017168999, 0.00210620672442019, 0.01564120315015316, 0.005551322363317013, -0.004662149585783482, 0.1847831755876541, 0.008781869895756245, -0.007703876122832298, 0.032188743352890015, 0.021134162321686745, -0.005915231071412563, 0.008335567079484463, 0.015448949299752712, -0.01815423183143139, 0.04583875089883804, -0.007415495812892914, -0.014872188679873943, -0.009887327440083027, -0.007168312557041645, 0.025144023820757866, -0.013203701935708523, -0.060312699526548386, -0.011995251290500164, -0.03452325239777565, -0.017481345683336258, 0.02158733271062374, 0.01106144767254591, -0.018044373020529747, 0.0007333959802053869, 0.010628877207636833, -0.0009355197544209659, 0.014487681910395622, 0.00187275605276227, 0.01140475831925869, 0.012633807957172394, -0.022521136328577995, -0.002466682344675064, 0.00851408764719963, -0.03001902624964714, -0.01757747121155262, -0.013876589946448803, 0.032847899943590164, -0.017687330022454262, -0.011967786587774754, 0.028865505009889603, -0.004133452195674181, -0.012578878551721573, 0.031145082786679268, -0.015215499326586723, -0.018428880721330643, -0.008108981885015965, -0.007999123074114323, -0.013135040178894997, 0.01558627374470234, -0.0011088913306593895, -0.021765854209661484, -0.002758495742455125, 0.017907049506902695, 0.010450356639921665, 0.013244899921119213, -0.030293673276901245, 0.03243592754006386, -0.016108104959130287, 4.170680040260777e-05, 0.03210635110735893, 0.0014075710205361247, 0.04155424237251282, -0.0274098701775074, 0.02802782692015171, 0.0015723598189651966, 0.0008797318441793323, -0.006316903978586197, 0.009674475528299809, 0.015380287542939186, -0.008569017052650452, 0.0039789630100131035, -0.019994374364614487, -0.013505815528333187, -0.0010127645218744874, -0.005836269818246365, -0.02009049989283085, 0.03065071627497673, -0.0058946325443685055, 0.04817325994372368, 0.028178883716464043, 0.0001432246353942901, -0.0020083633717149496, 0.012963385321199894, 0.020529936999082565, -0.021999305114150047, -0.004686181433498859, 0.02010423317551613, -0.006268840283155441, -0.017138034105300903, -0.02216409333050251, -0.008012855425477028, 0.000734254252165556, -0.011260568164288998, -0.007669545244425535, -0.004267343319952488, -0.003951497841626406, 0.015297893434762955, 0.0287281796336174, -0.0068112704902887344, 0.010539616458117962, -0.027066560462117195, 0.06108171492815018, 0.01822289451956749, -0.026956699788570404, -0.037956353276968, 0.017206696793437004, 0.0120913777500391, 0.03666550666093826, 0.015764795243740082, -0.023084163665771484, -0.005417431704699993, -0.02794543281197548, -0.0038313395343720913, -0.01036796160042286, 0.01881338842213154, 0.03216128051280975, 0.02210916392505169, -0.006608717143535614, -0.01042975764721632, -0.0016573290340602398, 0.004916199017316103, -0.05067255347967148, 0.003318091155961156, -0.013883456587791443, -0.006979492027312517, -0.036226071417331696, -0.030815504491329193, 0.009022186510264874, -0.013904054649174213, -0.030980294570326805, 0.015270428732037544, 0.020488740876317024, -0.0030434431973844767, -0.015078174881637096, 0.014583808369934559, 0.023715853691101074, 0.01200211700052023, -0.01234542764723301, 0.0004181944823358208, 0.017893316224217415, -0.004775442183017731, -0.009077115915715694, 0.011315497569739819, 0.002631471026688814, 0.004020160064101219, -0.015545076690614223, 0.006536622066050768, -0.011212504468858242, -0.009701940231025219, -0.043311987072229385, -0.003628786653280258, 0.010292433202266693, 0.01036796160042286, -0.01112324371933937, 0.0025078793987631798, -0.0091595109552145, -0.03054085746407509, -0.035457056015729904, -0.013656871393322945, 0.003566990839317441, -0.04092255234718323, 0.007188911084085703, 0.021807050332427025, -0.0030005292501300573, -0.028151419013738632, -0.010017785243690014, -0.17324794828891754, 0.03166691213846207, 0.02410036139190197, -0.007724474649876356, 0.010010919533669949, 0.01564120315015316, 0.008829932659864426, -0.01503697782754898, -0.02285071276128292, -0.021134162321686745, 0.011102644726634026, 0.023194022476673126, -0.045344382524490356, -0.03647325187921524, -0.011116378009319305, 0.007621482014656067, 0.0027413303032517433, 0.002264129463583231, 0.03908240795135498, 0.014199301600456238, 0.028535926714539528, -0.023056698963046074, 0.0005505834124051034, -0.015819724649190903, -0.001838425057940185, 0.038093678653240204, -0.008383629843592644, 0.006457660812884569, -0.012572011910378933, -0.002228081924840808, -0.014350357465445995, -0.0003744224668480456, 0.02217782475054264, 0.0017852119635790586, 0.003930899314582348, 0.013478349894285202, -0.00042377327918075025, -0.012544547207653522, -0.02728627808392048, 0.014185569249093533, 0.01884085312485695, 0.024938037618994713, 0.010381693951785564, -0.0016538959462195635, -0.0071957772597670555, 0.032133813947439194, 0.01203644834458828, -0.015833456069231033, 0.02145000919699669, 0.005942695774137974, 0.0013929803390055895, -0.013924653641879559, -0.01531162578612566, -0.01176866702735424, 0.011054581962525845, 0.015064442530274391, -0.00027293144376017153, 0.024567263200879097, -0.008617080748081207, -0.021807050332427025, 0.0022023336496204138, -0.04509720206260681, -0.009640144184231758, -0.012139441445469856, -0.042625367641448975, -0.02944226562976837, -0.020680993795394897, 0.018099302425980568, -0.010045249946415424, 0.014213033951818943, -0.011809864081442356, 0.010024651885032654, 0.013636273331940174, -0.0005338470218703151, 0.023262685164809227, -0.02486937679350376, -0.0376817062497139, 0.00845229160040617, 0.007175178732722998, 0.014226766303181648, 0.007779404520988464, 0.03207888454198837, -0.005362502299249172, 0.0032871931325644255, 0.004651850555092096, 0.01763240061700344, -0.00013013594434596598, -0.01834648661315441, 0.0005235477583482862, 0.01815423183143139, 0.02732747606933117, -0.0338640995323658, -0.011830462142825127, 0.004116286989301443, 0.003999561537057161, 0.015998246148228645, 0.02026902139186859, 0.0051118857227265835, -0.01137042697519064, -0.00046475589624606073, 0.019788388162851334, -0.006073153577744961, -0.02927747555077076, 0.02735494077205658, 0.020516205579042435, 0.015270428732037544, 0.017138034105300903, 0.007051587104797363, 0.04578382149338722, 0.009077115915715694, -0.038807760924100876, 0.009029053151607513, 0.012269899249076843, 0.05542396381497383, 0.00601822417229414, 0.025226417928934097, 0.00047720089787617326, 0.010443489998579025, 0.012757399119436741, 0.008829932659864426, 0.00505009014159441, -0.025652123615145683, -0.004957396071404219, 0.00039523563464172184, 0.00551699148491025, -0.025871841236948967, -0.09101834893226624, -0.00982553232461214, 0.0048921676352620125, 0.03405635058879852, -0.008328700438141823, -0.013045779429376125, -0.00027443343424238265, 0.021916909143328667, -0.021367613226175308, 0.02537747472524643, -0.030980294570326805, -0.020584866404533386, -0.015558809041976929, 0.007957926020026207, -0.01397271640598774, -0.0010144810657948256, 1.8814997019944713e-05, -0.00587746687233448, 0.00845229160040617, 0.008747538551688194, 0.005644016433507204, -0.005098153371363878, -0.011569546535611153, -0.004130019340664148, -0.004123153164982796, 0.016575006768107414, -0.004270776174962521, 0.016465147957205772, 0.010779934003949165, -0.011720603331923485, 0.01234542764723301, -0.014844723977148533, 0.019774654880166054, -0.01369806844741106, -0.0030503093730658293, -0.01565493643283844, -0.006093752570450306, -0.01628662645816803, 0.025157757103443146, -0.020337684080004692, -0.013203701935708523, 0.009578349068760872, 0.016767259687185287, -0.013272364623844624, -0.00906338356435299, -0.02220528945326805, -0.02419648878276348, 0.01767359860241413, -0.011191905476152897, -0.012839794158935547, -0.00037528073880821466, 0.012523948214948177, -0.017192965373396873, -0.008623947389423847, 0.023729586973786354, -0.005444896407425404, 0.031145082786679268, 0.018593668937683105, -0.016753528267145157, -0.00015652789443265647, -0.007552819792181253, -0.019129233434796333, -0.008726940490305424, 0.005616551265120506, 0.02486937679350376, -0.011521483771502972, -0.03790142387151718, -0.005067255347967148, -0.0020203792955726385, 0.012640673667192459, -0.03177677467465401, -0.007133981678634882, -0.04962889105081558, -0.0047548431903123856, -0.02031021937727928, 0.012578878551721573, 0.0047205123119056225, -0.024429939687252045, -0.003398768836632371, 0.011198772117495537, 0.002277861814945936, -0.016684865579009056, -0.01945880986750126, -0.025693319737911224, 0.029112687334418297, 0.013361625373363495, 0.008349299430847168, 0.005462062079459429, 0.0041059874929487705, -0.04745917394757271, -0.0062482417561113834, -0.007594016846269369, -0.0007428369717672467, -0.02153240330517292, -0.030211279168725014, -0.003718047169968486, -0.009413559921085835, 0.010024651885032654, -0.009688207879662514, 0.01042975764721632, -0.03389156237244606, -0.009598947130143642, -0.062454953789711, 0.014391554519534111, -0.01270933635532856, -0.00618301285430789, 0.005094720516353846, -0.021298952400684357, -0.02031021937727928, -0.012166906148195267, 0.026352474465966225, 0.01952747255563736, -0.0040304590947926044, 0.030980294570326805, 0.0038588042370975018, 0.012180638499557972, 0.0007149430457502604, -0.0022074831649661064, 0.023207755759358406, -0.008596482686698437, 0.0009552600677125156, 0.010649476200342178, -0.03141973167657852, 0.0008698616875335574, 0.004823505412787199, 0.03477043658494949, -0.008569017052650452, 0.004270776174962521, 0.021820783615112305, 0.011363560333848, 0.00284432340413332, -0.04567396268248558, 0.005389967001974583, -0.008843665011227131, -0.00782746821641922, 0.01632782258093357, 0.015133104287087917, -0.03141973167657852, 0.004226145800203085, 0.025816911831498146, 0.011349827982485294, 0.026942968368530273, -0.04221339523792267, -0.02611902356147766, 0.010045249946415424, -0.021216558292508125, -0.004054490942507982, 0.004895600490272045, -0.023221487179398537, -0.002451233332976699, 0.001682218979112804, -0.004311973694711924, 0.03394649177789688, 0.018401416018605232, -0.012214969843626022, -0.003474297234788537, -0.016794724389910698, -0.024429939687252045, 0.006958893500268459, 0.03979649394750595, -0.019678529351949692, 0.013382223434746265, 0.059818334877491, -0.004284508526325226, -0.00042720636702142656, -0.019953176379203796, -0.009598947130143642, -0.00878873560577631, -0.012256166897714138, -0.014776062220335007, 0.014803526923060417, -0.0266820527613163, -0.002717298688367009, -0.016588738188147545, 0.00942729227244854, 0.016121836379170418, 0.017069373279809952, -0.0006205328390933573, -0.021601064130663872, 0.0029936630744487047, -0.0028254413045942783, -0.0001684364688117057, 0.014267963357269764, -0.013238033279776573, -0.012160039506852627, 0.02541867271065712, 0.029826771467924118, 0.02486937679350376, -0.009015320800244808, 0.024580994620919228, 0.010889792814850807, -0.021051768213510513, -0.04550917446613312, 0.0008136446704156697, -0.0022606963757425547, 0.01833275333046913, 0.0006879073916934431, -0.011294898577034473, 0.003223680891096592, 0.0008153612143360078, 0.018525008112192154, 0.00685246754437685, 0.018991908058524132, 0.015476414933800697, -0.023152826353907585, -0.038066212087869644, 0.009969722479581833, 0.007868665270507336, -0.016835922375321388, -0.027863038703799248, -0.0028958197217434645, 0.0031241208780556917, -0.013526413589715958, -0.01076620165258646, -0.007133981678634882, 0.014995780773460865, -0.01331356167793274, 0.009049651212990284, -0.010896659456193447, -0.01701444387435913, -0.017440147697925568, 0.0065469215624034405, 0.008967257104814053, 0.016465147957205772, -0.011191905476152897, -0.015174301341176033, 0.04254297539591789, 0.010985920205712318, 0.005232044495642185, -0.04160917177796364, 0.013492083176970482, -0.035594381392002106, 0.015833456069231033, 0.02545986883342266, -0.02076338790357113, -0.0266133900731802, -0.019307754933834076, 0.002073592273518443, -0.01106144767254591, 0.01636902056634426, -0.016712330281734467, 0.10453102737665176, 0.006114351097494364, 0.00845915824174881, 0.016753528267145157, 0.01564120315015316, 0.0010994502808898687, 0.001219608704559505, 0.025830643251538277, -0.015957048162817955, -0.024580994620919228, 0.03710494562983513, -0.00284432340413332, -0.005966727621853352, 0.00018495826225262135, -0.026874305680394173, 0.011075180023908615, 0.009544017724692822, 0.030348602682352066, 0.005534157156944275, 0.0021886012982577085, 0.007339967880398035, 0.004016726743429899, 0.016011977568268776, -0.003424517111852765, -0.01896444335579872, 0.003587589366361499, 0.01069753896445036, 0.021147895604372025, -0.017426414415240288, -0.008507221937179565, 0.004868135787546635, -0.003889702260494232, -0.021807050332427025, -0.015792259946465492, -0.0036905824672430754, 0.026846840977668762, -0.011885391548275948, -0.016684865579009056, 0.03515494242310524, 0.02475951611995697, 0.011981518939137459, 0.003285476705059409, -0.028975363820791245, -0.016835922375321388, 0.02416902408003807, -0.02475951611995697, 0.006104051601141691, -0.02157359942793846, -0.019870782271027565]","[-0.033179208636283875, 0.010007573291659355, 0.02845432050526142, -0.02750934287905693, -0.016077740117907524, 0.025422517210245132, -0.014830895699560642, -0.02795558236539364, -0.005709238350391388, -0.016563354060053825, 0.03701161593198776, 0.00907572079449892, 0.008504796773195267, -0.00021491674124263227, -0.0009047830826602876, -0.0006283443653956056, 0.014830895699560642, 0.011694095097482204, 0.00012796568626072258, -0.022311966866254807, -0.006401565857231617, -0.005338466260582209, 0.002001514658331871, 0.0001472425792599097, -0.006263756658881903, 0.0036814745981246233, 0.006165321450680494, -0.013026251457631588, 0.010086321271955967, 0.010755680501461029, 0.009554771706461906, -0.009338214062154293, -0.010086321271955967, -0.021117620170116425, -0.010512873530387878, 0.0011886043939739466, 0.017600204795598984, -0.026131249964237213, 0.017403334379196167, -0.00918071810156107, -0.0008555654785595834, -0.019962647929787636, 0.006339223589748144, -0.031997986137866974, -0.024280669167637825, 0.041946496814489365, 0.009515397250652313, -0.03113175556063652, -0.02059263363480568, -0.011064110323786736, 0.017521455883979797, 0.010033822618424892, -0.04701262712478638, 0.008170117624104023, 0.0013034454314038157, -0.007093892898410559, -0.010289753787219524, 0.019358912482857704, 0.0012845786986872554, 0.009876326657831669, 0.014253409579396248, -2.4749775548116304e-05, -0.005144876893609762, 0.007914185523986816, -0.011733469553291798, 0.012068148702383041, 0.0006857648841105402, -0.015290259383618832, 0.011280667968094349, 0.005866734776645899, 0.06971833109855652, -0.0007600013632327318, 0.0004696176911238581, -0.007763252127915621, 0.034229181706905365, 0.014712773263454437, -0.03475416824221611, 0.013492177240550518, 0.0034222619142383337, 0.0004421378835104406, 0.017718326300382614, -0.016077740117907524, -0.01698334328830242, 0.009922263212502003, 0.015290259383618832, 0.004951287992298603, 0.00035744262277148664, 0.013859668746590614, 0.0001762604370014742, -0.008380112238228321, -3.491371535346843e-05, 0.016182737424969673, 0.00848510954529047, -0.006372035015374422, -0.006864211056381464, 0.014804646372795105, -0.0065820300951600075, 0.02748309262096882, -0.009121657349169254, -0.03748410567641258, -0.025908131152391434, 0.018781425431370735, -0.009836952202022076, -0.018912672996520996, 0.00988288875669241, -0.011943464167416096, 0.03443917632102966, 0.0031778146512806416, 0.02750934287905693, -0.0218657273799181, 0.0037995968014001846, 0.02609187737107277, -0.008032307960093021, -0.025107525289058685, -0.010571935214102268, -0.011720345355570316, 0.011753156781196594, -0.018781425431370735, -0.012835943140089512, -0.015027766115963459, -0.00708076823502779, 0.01129379216581583, 0.030921760946512222, -0.009213529527187347, 0.019267039373517036, -0.014358406886458397, -0.014634025283157825, -0.019805151969194412, 0.007559819146990776, -0.004075215198099613, 0.02960929274559021, 0.02716810069978237, 0.0020113582722842693, 0.007592631038278341, -0.007855124771595001, -0.027246849611401558, -0.010709743946790695, 0.01251438818871975, -0.005932358093559742, -0.030265526846051216, 0.02316507138311863, 0.020894501358270645, 0.004829884506762028, -0.031892988830804825, -0.014725898392498493, 0.04142151027917862, 0.02295507676899433, 0.010355377569794655, -0.012448765337467194, 0.003802877850830555, 0.010434125550091267, -0.015369007363915443, -0.04504392296075821, -0.017928320914506912, -0.005532055161893368, 0.020408887416124344, 0.0012140334583818913, 0.00655578076839447, 0.008176679722964764, 0.013597175478935242, -0.004816759843379259, 0.015933368355035782, -0.005440182518213987, -0.01815144158899784, -0.0008826351840980351, 0.01979202777147293, 0.01129379216581583, -0.005033317022025585, -0.0025199397932738066, -0.018781425431370735, 0.017508331686258316, 0.018098942935466766, -0.049690064042806625, 0.028874309733510017, -0.0131049994379282, 0.02727309800684452, -0.006155477836728096, 0.01568399928510189, -0.01416153647005558, -0.028034329414367676, -0.02048763632774353, 0.015539628453552723, -0.0013887558598071337, 0.06305099278688431, -0.015264010056853294, -0.004354114644229412, 0.011411914601922035, 0.005899546667933464, 0.002085184445604682, -0.012494700960814953, 0.01100504957139492, 0.028926808387041092, -0.0022738520056009293, -0.00032524613197892904, -0.6106653809547424, -0.008452298119664192, -0.03638163208961487, -0.006542656105011702, 0.003622413380071521, 0.015264010056853294, -0.01462090015411377, -0.017022717744112015, -0.01858455501496792, 0.01979202777147293, 0.0033992938697338104, 0.031105507165193558, -0.001129543292336166, -0.010171632282435894, -0.0009252903982996941, -0.022679457440972328, 0.01791519671678543, -0.006404846906661987, 0.001592188491486013, 0.004255679436028004, -0.01732458546757698, 0.016090866178274155, -0.023322567343711853, 0.015644626691937447, -0.03244422376155853, -0.022653209045529366, 0.009416962042450905, -0.018886424601078033, 0.005515649449080229, 0.0342029333114624, -0.05921858549118042, 0.018781425431370735, 0.0006267037824727595, -0.002196744317188859, 0.05795861408114433, -0.005233468487858772, -0.027640588581562042, 0.03191923722624779, -0.0018604242941364646, 0.03648662939667702, 0.005220343824476004, -0.017482081428170204, 0.005666583310812712, -0.008465422317385674, -0.029661791399121284, -0.024897530674934387, 0.04564765840768814, -0.007467946503311396, -0.004514892119914293, -0.02084200270473957, 0.0029382891952991486, 0.016471480950713158, -0.009633519686758518, 0.012606261298060417, -0.0058404854498803616, -0.014962142333388329, 0.012986877001821995, -0.005121909081935883, 0.029189301654696465, 0.0012435640674084425, 0.030711766332387924, 0.019358912482857704, -0.010335690341889858, 0.010571935214102268, -0.028401821851730347, 0.022154470905661583, -0.020107019692659378, -0.002437910530716181, 0.029688039794564247, -0.03113175556063652, -0.0006234226166270673, -0.022377589717507362, 0.002508455654606223, -0.005436901468783617, 0.014712773263454437, 0.04596265032887459, -0.010211005806922913, -0.0023345535155385733, -0.006542656105011702, 0.01685209758579731, 0.006011106539517641, 0.010519436560571194, -0.013249371200799942, -0.017062092199921608, 0.017258962616324425, -0.011018173769116402, -0.038324084132909775, -0.009521960280835629, 0.011031298898160458, -0.006969208363443613, 0.022036347538232803, 0.03273296728730202, 0.009974761866033077, -0.026761235669255257, 0.005456588231027126, 0.007612318266183138, -0.026774359866976738, 0.03194548562169075, 0.01303937565535307, -0.016655227169394493, -0.012035337276756763, -0.013269057497382164, -0.011562848463654518, 0.008813226595520973, 0.05953357741236687, -0.005482837557792664, -0.03383544087409973, 0.02538314275443554, 0.031997986137866974, -0.015342758037149906, -0.015290259383618832, 0.0011131374631077051, -0.00954164657741785, 0.004147401079535484, 0.027063103392720222, -0.03617163747549057, 0.0260000042617321, 0.0034452301915735006, 0.013570926152169704, 0.0012361813569441438, 0.007356386631727219, 0.00796012207865715, 0.014529027976095676, -0.011300355195999146, 0.002790636382997036, -0.004173650406301022, 0.03716911002993584, -0.002093387534841895, -0.017862698063254356, -0.0007509781280532479, 0.008268552832305431, 0.00044172772322781384, 0.026026252657175064, -0.0053614345379173756, 0.020343264564871788, 0.013794044964015484, 0.009981323964893818, -0.009515397250652313, -0.00532862264662981, -0.00453457934781909, 0.015644626691937447, 0.011490662582218647, 0.005121909081935883, 0.0013657876988872886, 0.003825846128165722, -0.02246946282684803, -0.016523979604244232, -0.020658256486058235, 0.00042819289956241846, -0.011405352503061295, -0.007723878137767315, 0.004423019476234913, -0.004265523049980402, 0.003612569998949766, 0.004505048505961895, -0.005837204400449991, -0.010840990580618382, -0.02853306755423546, 0.028690563514828682, -0.038770321756601334, -0.005450026132166386, 0.026183748617768288, -0.016996469348669052, 0.024149423465132713, -0.0053942459635436535, 0.003481323132291436, -0.00883947592228651, 0.00865573063492775, 0.01303937565535307, -0.016353359445929527, -0.01556587778031826, -0.016589604318141937, 0.00030186778167262673, 0.005072691477835178, 0.0202645156532526, -0.006398284807801247, -0.01686522178351879, -0.0025675168726593256, 0.004298334941267967, 0.0033484355080872774, 0.008878850378096104, 0.006949521601200104, 0.015421506017446518, -0.003010474843904376, 0.041710253804922104, 0.017639579251408577, 0.03401918709278107, 0.021970724686980247, -0.03748410567641258, 0.03170924261212349, 0.014279658906161785, 0.0134528037160635, 0.0013452803250402212, -0.014988391660153866, -0.006578749045729637, 0.013544675894081593, 0.02495002932846546, 0.03362544625997543, 0.011661283671855927, -0.005722363479435444, 0.005522212013602257, 0.006303130649030209, 0.025580013170838356, -0.006536094006150961, -0.0006623865338042378, -0.005180969834327698, 0.006070167291909456, 0.004426300525665283, 0.013183747418224812, 0.00462645199149847, 0.008051995187997818, -0.022036347538232803, -0.027929332107305527, 0.009325089864432812, 0.015408381819725037, 0.024188796058297157, 0.00012160842015873641, 0.006719839293509722, -0.02282382920384407, 0.04281272739171982, 0.0030941448640078306, 0.010447250679135323, -0.01838768646121025, 0.001163175329566002, -0.016996469348669052, 0.009738516993820667, 0.017993945628404617, -0.009856639429926872, -0.009797578677535057, -0.018413934856653214, -0.005295810755342245, 0.041132766753435135, 0.00012253124441485852, -0.007159516215324402, 0.021576983854174614, 0.007566381711512804, 0.022968200966715813, -0.007454821839928627, 0.02493690326809883, -0.029346799477934837, -0.01861080527305603, 0.028008081018924713, 0.04525391757488251, -0.019043920561671257, 0.030344275757670403, 0.027798086404800415, -0.0037569415289908648, 0.023007575422525406, -0.018978295847773552, -0.0008490031468681991, -0.0028710251208394766, -0.011674408800899982, -0.01872892677783966, -0.015526504255831242, 0.025580013170838356, -0.026013128459453583, -0.011805655434727669, 0.0018358154920861125, 0.0166158527135849, 0.021471986547112465, 0.018072692677378654, -0.01023069303482771, 0.01941141113638878, -0.023690059781074524, 0.020172642543911934, -0.004970974754542112, -0.010086321271955967, -0.006388441193848848, 0.004852852784097195, -0.013570926152169704, -0.019818276166915894, 0.0012164943618699908, 0.010099446401000023, -0.03882282227277756, 0.001012241467833519, 0.006129228509962559, -0.017849573865532875, 0.013426554389297962, 0.01258001197129488, -0.00029899674700573087, -0.028270574286580086, -0.01363654900342226, 0.03648662939667702, -0.0025609545409679413, 0.039505306631326675, 0.007159516215324402, -0.009449774399399757, 0.049926307052373886, 0.004291772376745939, 0.014450279995799065, 0.009042909368872643, 0.006312974262982607, 0.012658759951591492, -0.010683494620025158, -0.02022514119744301, -0.0043016159906983376, 0.03089551255106926, 0.003743816865608096, 0.023571936413645744, -0.004462393466383219, 0.013925292529165745, 0.005771580617874861, -0.0444926880300045, -0.0108278663828969, 0.01988389901816845, 0.00813730526715517, -0.028244325891137123, -0.019700154662132263, 0.03800909221172333, 7.849177927710116e-05, -0.002021201653406024, 0.0019851087126880884, -0.01883392408490181, 0.0011500506661832333, -0.007349824532866478, 0.005446744617074728, -0.026590613648295403, 0.0022558055352419615, 0.012875317595899105, 0.020763253793120384, -0.009023222140967846, -0.0561736561357975, -0.016523979604244232, 0.010840990580618382, 0.013203434646129608, 0.002004795940592885, 0.0008358784834854305, -0.012895003892481327, 0.024884404614567757, -0.016681475564837456, 0.008504796773195267, -0.007750127464532852, 0.0009310324676334858, 0.01485714502632618, 0.0020392481237649918, 0.0171014666557312, 0.008695105090737343, 0.013091874308884144, 0.010617870837450027, -0.012658759951591492, 0.006339223589748144, -0.02365068532526493, -0.000266390125034377, -0.02387380413711071, 0.0011836827034130692, -0.012488138861954212, -0.007382635958492756, 0.04344271123409271, 0.047931354492902756, 0.017954571172595024, 0.006260475609451532, 0.0028726656455546618, 0.01422716025263071, -0.011543161235749722, -0.018098942935466766, 0.04105401784181595, 0.0218657273799181, 0.004961131606251001, 0.009620395489037037, 0.007408885285258293, 0.015355883166193962, 0.023020699620246887, -0.009640081785619259, 0.03546290099620819, -0.0059914193116128445, 0.03079051338136196, 0.005098940804600716, 0.0038389707915484905, 0.03170924261212349, -0.028848061338067055, -0.019503284245729446, 0.01662897691130638, -0.02493690326809883, 0.006185008678585291, 0.02341444045305252, 0.009029784239828587, -0.008924786932766438, -0.0026200155261904, 0.03958405554294586, 0.007868249900639057, 0.008091368712484837, -0.0039045941084623337, -0.014765271916985512, -0.034701671451330185, -0.014148412272334099, -0.008977285586297512, -0.0015659391647204757, 0.013406867161393166, -0.004130994901061058, -0.03312670812010765, -0.027194350957870483, 0.019490160048007965, -0.02282382920384407, -0.015880869701504707, -0.018663303926587105, -0.03966280072927475, -0.01824331469833851, 0.03315295651555061, 0.0064376587979495525, 0.02057950757443905, -0.013360930606722832, -0.01128723006695509, -0.024556288495659828, 0.02926805056631565, 0.010079759173095226, -0.026616863906383514, -0.019988898187875748, -0.014463404193520546, 0.015749623998999596, -0.020763253793120384, 0.025081275030970573, 0.00040050799725577235, -0.017626453191041946, 0.02246946282684803, 0.000902322179172188, 0.00200643646530807, 0.029189301654696465, 0.002862822264432907, -0.0014543792931362987, 0.004249117337167263, 0.004751136526465416, -0.005696113687008619, 0.006824837066233158, -0.011162545531988144, 0.02130136638879776, -0.02328319288790226, -0.025068150833249092, -0.0236375592648983, -0.009508835151791573, -0.018322061747312546, -0.00970570556819439, 0.0039505306631326675, -0.03349420055747032, 0.008209491148591042, 0.014817770570516586, -0.02913680300116539, -0.017600204795598984, -0.00603079330176115, -0.006575467996299267, 0.009161030873656273, 0.002160651609301567, 0.02842807024717331, -0.016563354060053825, 0.026984354481101036, -0.004957850091159344, -0.004065371584147215, 0.03853407874703407, 0.017600204795598984, 0.005607522092759609, 0.022535085678100586, -0.008504796773195267, -0.014988391660153866, -0.015933368355035782, -0.006526250392198563, 0.008977285586297512, 0.017823323607444763, -0.020789504051208496, -0.008268552832305431, -0.004560828674584627, 0.0013666079612448812, 0.002792277140542865, 0.02354568801820278, 0.02002827078104019, -0.022285716608166695, -0.04564765840768814, 0.0033107020426541567, 0.0038291271775960922, -0.010860677808523178, -0.037037864327430725, -0.0204745102673769, -0.022613834589719772, -0.022731956094503403, 0.024254420772194862, 0.014463404193520546, 0.011011611670255661, 0.0063490672037005424, -0.02609187737107277, -0.026511866599321365, -0.05759112536907196, -0.012507826089859009, -0.005627209320664406, 0.024136297404766083, 0.00541065214201808, -0.0030843012500554323, 0.027220599353313446, 0.0223513413220644, 0.03722161054611206, -0.0045575471594929695, -0.00813074316829443, 0.005069409962743521, 0.021104495972394943, -0.014804646372795105, 0.0035731957759708166, 0.0011976276291534305, 0.0027840740513056517, 0.012835943140089512, -0.007828875444829464, 0.009659769013524055, -0.00824230257421732, 0.019135791808366776, -0.00970570556819439, -0.004314740654081106, -0.03436042740941048, -0.03777284920215607, -0.01769207790493965, 0.008931349031627178, -0.00044787992374040186, -0.008275114931166172, -0.023493189364671707, -0.013649674132466316, 0.004636295605450869, -0.005456588231027126, 0.036670371890068054, -0.012908129021525383, 0.020999498665332794, -0.013164060190320015, 0.0071726408787071705, 0.0008194725960493088, 0.0028759469278156757, -0.00011596890544751659, 0.030344275757670403, -0.005207219161093235, -0.0049086324870586395, -0.0009261106606572866, -0.008695105090737343, 0.021957600489258766, 0.00035580203984864056, 0.011392227374017239, 0.009141343645751476, 0.019398286938667297, -0.010985362343490124, -0.033520448952913284, 0.0007870710105635226, -0.015893995761871338, -0.0023411158472299576, -0.028953058645129204, 0.0003966116055380553, -0.0257243849337101, -0.01363654900342226, 0.007723878137767315, 0.008708229288458824, 0.011976276524364948, -0.0021376833319664, 0.00206057564355433, -0.012619385495781898, -0.01058505941182375, 0.027430593967437744, 0.013715296983718872, 0.03583039343357086, 0.04396769776940346, -0.007828875444829464, -0.013078750111162663, 0.017232712358236313, 0.004764261189848185, -0.0085507333278656, 0.02094700001180172, 0.038796573877334595, -0.0050267549231648445, -0.012730945833027363, 0.008741040714085102, 0.003097425913438201, 0.02387380413711071, -0.016930844634771347, 0.017757700756192207, 0.02950429543852806, -0.008813226595520973, -0.02270570769906044, -0.01662897691130638, -0.01581524685025215, 0.010106008499860764, -0.0009581021149642766, 0.02495002932846546, -0.0048987893387675285, -0.004235992673784494, -0.0322604775428772, 0.00042450157343409956, -0.017705202102661133, 0.021485110744833946, 0.010565372183918953, 0.013433116488158703, -0.017810199409723282, 0.0025215803179889917, -0.013196872547268867, 0.01662897691130638, -0.022731956094503403, 0.034806668758392334, -0.019332662224769592, -0.001198447891511023, 0.0025051746051758528, 0.005758455954492092, 0.0063425046391785145, -0.03173549100756645, 0.003315623849630356, 0.03147299960255623, -0.03018677793443203, 0.0010524358367547393, -0.01076224260032177, 0.00200643646530807, 0.0013206715229898691, 0.006247350480407476, -0.008649168536067009, 0.004249117337167263, -0.0012714540353044868, 0.0010688416659832, -0.007454821839928627, 0.0002520349808037281, 0.011484100483357906, -0.018938923254609108, 0.005535336676985025, -0.009626957587897778, -0.03254922106862068, -0.001616797293536365, 0.0013100077630952, -0.02316507138311863, -0.023322567343711853, -0.010486624203622341, -0.010598184540867805, 0.027246849611401558, -0.00994851253926754, -0.002775871194899082, 0.010506311431527138, 0.030843012034893036, -0.016222111880779266, -0.01380717009305954, 0.009758204221725464, -0.021393239498138428, -0.0255143903195858, 0.01111004687845707, -0.0034649171866476536, -0.003691317979246378, -0.020671380683779716, -0.013177185319364071, -0.036591626703739166, -0.012658759951591492, 0.0115234749391675, 0.018807675689458847, -0.014909643679857254, -0.007730440236628056, 0.04134276136755943, -0.005870015826076269, -0.0009941949974745512, -0.03533165529370308, -0.01269157137721777, 0.019621405750513077, -0.01006663404405117, -0.035042911767959595, -0.005702676251530647, 0.001370709389448166, -0.015841497108340263, -0.019372036680579185, 0.0221413467079401, 0.02245633862912655, -0.024411916732788086, -0.01979202777147293, -0.006355629302561283, -0.004984099417924881, -0.0013182107359170914, -0.02539626881480217, -0.009863201528787613, -0.0472751185297966, -0.02424129657447338, 0.015592127107083797, 0.0018144878558814526, -0.0019260477274656296, 0.03722161054611206, 0.006792025174945593, 0.02693185582756996, 0.009941949509084225, -0.005128471180796623, -0.014542152173817158, -0.03139425069093704, -0.01011913362890482, -0.028296824544668198, -0.011431601829826832, 0.012888441793620586, 0.01871580258011818, -0.00734326196834445, 0.01300000213086605, -0.015644626691937447, -0.007763252127915621, -0.01674710027873516, -0.000636547280009836, 0.007054518908262253, 0.008872288279235363, 0.03916406258940697, 0.015723373740911484, 0.004134276416152716, 0.02233821712434292, 0.023427564650774002, 0.015342758037149906, -0.005705957300961018, -0.02538314275443554, -0.022298842668533325, -0.022640084847807884, 0.03415043279528618, -0.022745082154870033, -0.00954164657741785, 0.003517415840178728, 0.007198890671133995, 0.02375568263232708, 0.026196874678134918, 0.031761739403009415, 0.0033730443101376295, -0.016340235248208046, -0.023375065997242928, -0.03661787509918213, -0.01627461053431034, 0.009981323964893818, 0.027430593967437744, -0.03753660246729851, -0.018518932163715363, 0.01837456040084362, -0.008498234674334526, 0.032837964594364166, 0.003341873176395893, 0.013249371200799942, -0.02808682806789875, 0.017587080597877502, -0.033074211329221725, 0.013354368507862091, 0.013229683972895145, -0.011543161235749722, 0.025711260735988617, -0.015841497108340263, 0.0035305407363921404, 0.05512368306517601, -0.005446744617074728, -0.009029784239828587, 0.003120394190773368, 0.011267542839050293, -0.03958405554294586, 0.004633014090359211, 0.01803331822156906, -0.021747605875134468, -0.008701667189598083, -0.0243331678211689, 0.013334681279957294, -0.005220343824476004, -0.008084806613624096, 0.014817770570516586, -0.006719839293509722, -0.00734326196834445, -0.0022147907875478268, 0.019726403057575226, -0.034622922539711, -0.01504089031368494, -0.007133266888558865, -0.020802628248929977, -0.02411004900932312, -0.011648159474134445, -0.005876578390598297, -0.04367895796895027, -0.00824230257421732, -0.026039376854896545, -0.018886424601078033, -0.05995356664061546, -0.008439172990620136, 0.020881375297904015, 0.022062597796320915, 0.0030498490668833256, 0.18983545899391174, 0.013065624982118607, -0.0018768301233649254, 0.025908131152391434, 0.01745583303272724, 0.001319030998274684, 0.0026216560509055853, 0.016523979604244232, -0.00848510954529047, 0.05325997620820999, -0.013584050349891186, -0.019148917868733406, -0.00030740475631318986, -0.0026052503380924463, 0.014568401500582695, -0.009548209607601166, -0.05428370460867882, -0.01826956309378147, -0.042550232261419296, -0.022154470905661583, 0.017508331686258316, 0.008570420555770397, -0.012481576763093472, 0.001935891225002706, 0.0013042656937614083, 0.00021614717843476683, 0.012730945833027363, 0.004619889426976442, 0.008235740475356579, 0.005778143182396889, -0.02082887664437294, 0.007592631038278341, 0.0031597681809216738, -0.02678748406469822, -0.010375064797699451, -0.013570926152169704, 0.030396774411201477, -0.023480063304305077, -0.01492276880890131, 0.01895204745233059, -0.009200405329465866, -0.015513379126787186, 0.022180719301104546, -0.014384656213223934, -0.015762748196721077, -0.01181877963244915, -0.015250885859131813, -0.006099698133766651, 0.0177970752120018, -0.010001011192798615, -0.034701671451330185, 0.0017029281007125974, 0.009941949509084225, 0.009141343645751476, 0.007192328106611967, -0.025776883587241173, 0.03149924799799919, -0.02211509644985199, -0.0029284455813467503, 0.028139326721429825, -0.0002645444474183023, 0.04367895796895027, -0.02330944314599037, 0.02093387395143509, 0.0075138830579817295, 0.007008582353591919, -0.004226149059832096, 0.002285335911437869, 0.015172137878835201, -0.0009392353822477162, 0.009620395489037037, -0.006175165064632893, -0.008150430396199226, 0.00029817645554430783, 0.0006463907775469124, -0.018059568479657173, 0.02387380413711071, 0.004600202664732933, 0.04774760827422142, 0.032339226454496384, 0.003825846128165722, 0.006936396937817335, 0.025461891666054726, 0.01153003703802824, -0.01931953802704811, 0.005423776805400848, 0.01698334328830242, -0.006522969342768192, -0.013531551696360111, -0.024661285802721977, -0.014673399738967419, -0.0035141347907483578, -0.016012117266654968, -0.011995963752269745, 0.003996467217803001, -0.00690358504652977, 0.012173146940767765, 0.021340740844607353, -0.004751136526465416, 0.003194220596924424, -0.032811716198921204, 0.05186875909566879, 0.02316507138311863, -0.02563251182436943, -0.030921760946512222, 0.00995507463812828, 0.007540132384747267, 0.03181423991918564, 0.016248362138867378, -0.022430088371038437, -0.010676932521164417, -0.02974053844809532, -0.005315497983247042, -0.013715296983718872, 0.014305908232927322, 0.032837964594364166, 0.016891472041606903, -0.02001514658331871, -0.022167595103383064, -0.0009474382968619466, -0.002921883249655366, -0.045463912189006805, -0.008255427703261375, -0.017967695370316505, -0.014542152173817158, -0.0433114655315876, -0.02597375400364399, 0.007467946503311396, -0.017573954537510872, -0.037956591695547104, 0.01475214771926403, 0.019490160048007965, 0.0016126958653330803, -0.008097931742668152, 0.01451590284705162, 0.016694601625204086, 0.006106260232627392, -0.009935387410223484, -0.004147401079535484, 0.011694095097482204, -0.002336194273084402, 0.004724887199699879, 0.010460374876856804, -0.009489147923886776, -0.005656739696860313, -0.014004040509462357, 0.0063260989263653755, -0.008360425010323524, -0.014358406886458397, -0.04496517404913902, 0.0005110424826852977, 0.011044424027204514, 0.010880365036427975, -0.008097931742668152, 0.008780415169894695, -0.01433215755969286, -0.029346799477934837, -0.024976277723908424, -0.013492177240550518, 0.010985362343490124, -0.03819283843040466, -0.015880869701504707, 0.024753158912062645, 0.003451792523264885, -0.02236446551978588, -0.021511361002922058, -0.16327109932899475, 0.015736499801278114, 0.03126300126314163, -0.006408127956092358, 0.013085312210023403, 0.019949523732066154, 0.009206967428326607, -0.008800102397799492, -0.014988391660153866, -0.023112572729587555, 0.014542152173817158, 0.023335691541433334, -0.05079253762960434, -0.03619788587093353, -0.013728422112762928, 0.0035535087808966637, 0.010401314124464989, 0.007474509067833424, 0.046172644942998886, 0.01475214771926403, 0.030108030885457993, -0.03128925338387489, -0.013236246071755886, -0.01639273390173912, 0.001958859385922551, 0.022023223340511322, -0.015474005602300167, 0.011411914601922035, -0.011136296205222607, -6.075294368201867e-05, -0.021275116130709648, -8.187548519345e-05, 0.0177970752120018, 0.00585032906383276, 0.004108026623725891, 0.018532056361436844, -0.00157250149641186, -0.009935387410223484, -0.023007575422525406, 0.017718326300382614, 0.008649168536067009, 0.03942655771970749, 0.01930641382932663, 0.0018604242941364646, -0.0036617876030504704, 0.038665324449539185, 0.018112067133188248, -0.018978295847773552, 0.013518426567316055, 0.005056285299360752, 0.00515143945813179, -0.0015380491968244314, -0.015867745503783226, -0.008786977268755436, 0.015329633839428425, 0.01181877963244915, -0.00036051872302778065, 0.02853306755423546, -0.006883897818624973, -0.025133773684501648, 0.006148915737867355, -0.04396769776940346, -0.0060800109058618546, -0.007684503681957722, -0.03338920325040817, -0.02622312307357788, -0.016300860792398453, 0.007855124771595001, -0.023256944492459297, 0.012350330129265785, -0.010394752025604248, 0.01838768646121025, 0.01223220769315958, -0.00022927187092136592, 0.01093286368995905, -0.014056539162993431, -0.0293730478733778, 0.015316508710384369, 0.01954265870153904, 0.007330137304961681, 0.015093388967216015, 0.04037153348326683, -0.006870773155242205, 0.006457345560193062, 0.005555023439228535, 0.023375065997242928, 0.007238264661282301, -0.02434629388153553, -0.012002525851130486, 0.02000202238559723, 0.01636648364365101, -0.021156994625926018, -0.0063490672037005424, 6.70589433866553e-05, -0.004573953337967396, 0.014109037816524506, 0.01790207251906395, 0.006831399165093899, -0.007861686870455742, -0.005883140489459038, 0.01942453533411026, 0.0034353865776211023, -0.03449167683720589, 0.01544775627553463, 0.024635035544633865, 0.021222617477178574, 0.013045938685536385, 0.01099848747253418, 0.03593539074063301, 0.0007981450180523098, -0.03044927306473255, 0.0146865239366889, 0.0166158527135849, 0.0524199977517128, 0.005945482756942511, 0.019857650622725487, 0.0008654090343043208, 0.010184756480157375, 0.01380717009305954, 0.014279658906161785, 0.0034386678598821163, -0.019490160048007965, -0.005276123993098736, 0.004180212505161762, 0.01093286368995905, -0.024792533367872238, -0.09838265180587769, -0.0071726408787071705, 0.009154468774795532, 0.027089351788163185, -0.015001516789197922, -0.017928320914506912, -0.004406613297760487, 0.023847555741667747, -0.02947804518043995, 0.009843515232205391, -0.023965677246451378, -0.02164260856807232, -0.015749623998999596, 0.0022131502628326416, -0.006792025174945593, 0.006434377282857895, 0.013045938685536385, -0.008819789625704288, 0.00760575570166111, 0.0045575471594929695, 0.0026511866599321365, -0.0072842007502913475, -0.013203434646129608, 0.00018025936151389033, -0.004970974754542112, 0.012625948525965214, -0.0037930344697088003, 0.014240284450352192, 0.004075215198099613, 0.0006373676005750895, 0.013885918073356152, -0.0012378219980746508, 0.02198384888470173, -0.00847854744642973, -0.0035863204393535852, -0.00906915869563818, -0.017245838418602943, -0.011779406107962132, 0.02795558236539364, -0.024070674553513527, -0.01205502450466156, 0.007822313345968723, 0.022285716608166695, -0.012671885080635548, -0.0071792034432291985, -0.026853108778595924, -0.025829382240772247, 0.025343770161271095, -0.013137810863554478, -0.012068148702383041, 0.007461384404450655, 0.013413429260253906, -0.009239778853952885, -0.00725795142352581, 0.030816763639450073, -0.004550985060632229, 0.027588089928030968, 0.026905607432127, -0.020198892802000046, 0.00401287293061614, -0.0005106323515065014, -0.015119638293981552, -0.009469461627304554, 0.007422009948641062, 0.019857650622725487, -0.013341243378818035, -0.03488541767001152, -0.009285715408623219, -0.003717567306011915, -0.0006029153009876609, -0.02282382920384407, -0.00769762834534049, -0.0512387752532959, -0.019043920561671257, -0.0146865239366889, 0.017258962616324425, 0.005446744617074728, -0.01683897338807583, -0.006355629302561283, 0.005207219161093235, -0.0030170371755957603, -0.012593136169016361, -0.017062092199921608, -0.025343770161271095, 0.02456941269338131, 0.01029631681740284, 0.01649773120880127, 0.01930641382932663, -0.004642857704311609, -0.0405290313065052, -0.003891469445079565, -0.012704696506261826, -0.0111756706610322, -0.02046138606965542, -0.029635541141033173, -0.006211258005350828, -0.004163806792348623, 0.01615648902952671, -0.005902827717363834, 0.0006308052106760442, -0.034937914460897446, -0.018308937549591064, -0.06189602240920067, 0.011241293512284756, -0.00646390812471509, -0.0028447757940739393, 0.008012620732188225, -0.02143261209130287, -0.013229683972895145, -0.009941949509084225, 0.016904596239328384, 0.022430088371038437, -0.003865220118314028, 0.020159518346190453, 0.0028004799969494343, 0.007362949196249247, 0.000257982115726918, -0.011405352503061295, 0.03362544625997543, -0.013820294290781021, -0.011339728720486164, 0.0003644151147454977, -0.02421504631638527, 0.004550985060632229, -0.0018374561332166195, 0.029399298131465912, -0.006185008678585291, 0.0025576732587069273, 0.02399192750453949, 0.027798086404800415, 0.0010261863935738802, -0.04504392296075821, 0.007474509067833424, -0.009987886063754559, -0.005630490370094776, 0.0017275367863476276, 0.015250885859131813, -0.03139425069093704, -0.0022902577184140682, 0.03625038266181946, 0.011247856542468071, 0.02376880683004856, -0.04801010340452194, -0.027246849611401558, 0.013662798330187798, -0.02093387395143509, -0.0050267549231648445, 0.003865220118314028, -0.022430088371038437, -0.006956083700060844, -0.002728294115513563, 0.0016446872614324093, 0.03635537996888161, 0.013649674132466316, -0.0013551238225772977, -0.010145382955670357, -0.01648460514843464, -0.029583042487502098, 0.00011135476233903319, 0.029583042487502098, -0.023466939106583595, 0.009941949509084225, 0.04144775867462158, -0.003651943989098072, 0.006660778541117907, -0.011753156781196594, -0.010073197074234486, -0.008176679722964764, -0.012520951218903065, -0.024385666474699974, 0.015539628453552723, -0.03824533522129059, 0.0011689173988997936, -0.026472492143511772, 0.013334681279957294, 0.012612823396921158, 0.010801617056131363, 0.000966305029578507, -0.02223321795463562, 0.0014100834960117936, -0.010512873530387878, 0.0012238769559189677, 0.01153003703802824, -0.004130994901061058, -0.011621910147368908, 0.020763253793120384, 0.032129231840372086, 0.023125696927309036, 0.0004487002152018249, 0.028874309733510017, 0.008708229288458824, -0.021327614784240723, -0.04189400002360344, -0.00690358504652977, 0.002336194273084402, 0.014647150412201881, 0.00292516453191638, 0.008045433089137077, 0.007553257048130035, 0.008124181069433689, 0.012724383734166622, 0.012599699199199677, 0.019450785592198372, 0.007809188216924667, -0.026236247271299362, -0.032942961901426315, 0.015342758037149906, 0.009653206914663315, -0.004216305445879698, -0.020527008920907974, -0.01093286368995905, -0.0027184507343918085, -0.006618123035877943, -0.0044591124169528484, 0.003363200929015875, 0.020067645236849785, -0.007349824532866478, 0.012783444486558437, -0.003072817111387849, -0.014594650827348232, -0.02000202238559723, 0.0005155541002750397, 0.01083442848175764, 0.020763253793120384, -0.010814741253852844, -0.015342758037149906, 0.04260273277759552, 0.02467441000044346, 0.013623424805700779, -0.04294397309422493, 0.008806664496660233, -0.027194350957870483, 0.0108278663828969, 0.02668248675763607, -0.02926805056631565, -0.03065926767885685, -0.011726907454431057, -0.005085816141217947, -0.0190832931548357, 0.016537105664610863, -0.024635035544633865, 0.08399799466133118, 0.0063195363618433475, 0.003076098393648863, 0.011037860997021198, 0.02258758433163166, -0.0055058058351278305, 0.008616356179118156, 0.02866431511938572, -0.01695709489285946, -0.021747605875134468, 0.04386270046234131, 0.0036781933158636093, -0.008609794080257416, -0.005873297341167927, -0.02155073545873165, 0.015985868871212006, 0.006519687827676535, 0.025002527981996536, 0.0069101471453905106, -0.0064376587979495525, 0.001780035556294024, 0.008209491148591042, 0.0017685515340417624, -0.012258457019925117, -0.017862698063254356, 0.0003250410663895309, 0.00988945085555315, 0.028874309733510017, -0.0108278663828969, -0.012245332822203636, 0.01813831739127636, 0.002354240510612726, -0.017573954537510872, -0.024884404614567757, 0.0013329759240150452, 0.03160424530506134, -0.014883394353091717, -0.02060575783252716, 0.030029281973838806, 0.033310454338788986, 0.009101970121264458, 0.001212392933666706, -0.027903083711862564, -0.01976577751338482, 0.019857650622725487, -0.026590613648295403, 0.0077698142267763615, -0.00970570556819439, -0.010959113016724586]","[-0.020192638039588928, 0.002675222232937813, -0.008175130002200603, -0.007530254777520895, -0.011023325845599174, 0.0343933142721653, -0.01953432708978653, -0.01737130992114544, -0.01413350272923708, -0.0033133793622255325, -0.007637734059244394, -0.023040832951664925, 0.009908230043947697, 0.002329273847863078, 0.01569194905459881, -0.009142441675066948, 0.010371733456850052, 0.021670475602149963, 0.0063043213449418545, -0.01440220046788454, -0.018271448090672493, 0.019332803785800934, -0.0028649899177253246, -0.042884163558483124, -0.004141304176300764, -0.022678092122077942, 0.0227049607783556, -0.017398180440068245, 0.007798952981829643, -0.009223051369190216, 0.0010655545629560947, 0.021092774346470833, -0.02394097112119198, -0.033103566616773605, -0.03444705531001091, 0.007503385189920664, -0.0012578414753079414, -0.02500232681632042, 0.015073944814503193, 0.008228869177401066, 0.0004559465160127729, -0.018593885004520416, 0.005931503139436245, -0.013717020861804485, -0.02081064134836197, 0.03321104496717453, -0.013750608079135418, -0.046296626329422, -0.013905109837651253, 0.013878240250051022, 0.008228869177401066, -0.0016231024637818336, -0.035790544003248215, -0.027675870805978775, 0.009182746522128582, -0.0019161510281264782, 0.0009396024979650974, 0.020206071436405182, 0.0007452164427377284, -0.003311699954792857, -0.0048936582170426846, 0.0003087925142608583, -0.008752829395234585, -0.02691008150577545, -0.0023309532552957535, -0.009565640240907669, 0.011433090083301067, 0.008705807849764824, 0.018096795305609703, 0.015718819573521614, 0.04062710329890251, 0.01949402317404747, 0.005098540335893631, 0.006455463822931051, 0.02689664624631405, 0.005313498433679342, -0.018553581088781357, -0.007335449103266001, -0.0004639234975911677, 0.013072146102786064, 0.008047497831285, 0.005709827411919832, 0.025123242288827896, 0.0006679658545181155, 0.022731831297278404, 0.012957950122654438, -0.005494869314134121, 0.035656195133924484, -0.016256215050816536, -0.012252618558704853, 0.0211733840405941, 0.01133232843130827, 0.026171162724494934, 0.015799429267644882, -0.020394161343574524, 0.016565216705203056, -0.02558002807199955, 0.028777530416846275, 0.00759742921218276, -0.0007212855853140354, -0.03761768713593483, -0.007100338581949472, -0.023578228428959846, -0.008369935676455498, -0.029664233326911926, -0.013508779928088188, -0.0042890883050858974, -0.019870199263095856, -0.01464402861893177, -0.009780598804354668, -0.010653866454958916, 0.014214112423360348, 0.007845974527299404, 0.003365439595654607, 0.015235163271427155, 0.005410901270806789, 0.008262456394731998, -0.02420966885983944, -0.038128212094306946, 0.01715635322034359, 0.0003961192851420492, 0.003959933295845985, 0.007718343287706375, 0.01232651062309742, 0.014388765208423138, -0.014120067469775677, -0.01723696105182171, -0.026480164378881454, -0.009088702499866486, -0.010365016758441925, 0.029556754976511, 0.009585793130099773, 0.012507881037890911, 0.016336824744939804, 0.0033939885906875134, -0.002423318102955818, -0.03436644375324249, 0.015141119249165058, -0.030201628804206848, -0.036408547312021255, 0.0028062122873961926, 0.04777446389198303, 0.025378504768013954, -0.0072481222450733185, -0.012917645275592804, 0.002952316775918007, 0.01702200435101986, 0.010176927782595158, 0.008040781132876873, -0.029959801584482193, -0.0034426902420818806, -0.012628795579075813, -0.003802073420956731, 0.016618957743048668, 0.00629424536600709, 0.008369935676455498, -0.003657648339867592, -0.010902412235736847, -0.010385168716311455, -0.019023802131414413, -0.0043663387186825275, 0.019386544823646545, 0.01325351744890213, -0.0026080477982759476, 0.013428171165287495, 0.026923516765236855, -0.006143102888017893, -0.005125409923493862, -0.02420966885983944, 0.01007616613060236, -0.015853168442845345, 0.027541521936655045, -0.016995133832097054, -0.008732677437365055, 0.019077541306614876, 0.01614873670041561, 0.027407173067331314, -0.007664604112505913, 0.005350444465875626, 0.006549508310854435, -0.022221306338906288, 0.010788215324282646, 0.014227546751499176, 0.013072146102786064, -0.011030043475329876, 0.01461715903133154, 0.002816288499161601, -0.009800750762224197, 0.02654733881354332, -0.016968263313174248, 0.0213883426040411, 0.008920766413211823, -0.016524912789463997, -0.02553972229361534, -0.6483139991760254, -0.026359250769019127, 0.0003938101581297815, -0.001801954465918243, -0.004950756207108498, 0.03761768713593483, 0.011271871626377106, -0.011473394930362701, -0.045624881982803345, 0.029691103845834732, -0.021603301167488098, 0.01399915385991335, -0.038477521389722824, -0.011298741213977337, 0.012716121971607208, -0.01437533088028431, 0.02743404172360897, -0.031598858535289764, -0.015047075226902962, 0.0163233894854784, 0.004497328773140907, 0.0038087908178567886, -0.037725165486335754, -0.0015702026430517435, -0.01755939982831478, -0.008672220632433891, 0.002421638695523143, -0.034420184791088104, -0.012689252384006977, 0.03192129358649254, -0.017922140657901764, 0.009565640240907669, -0.008605046197772026, -0.0048499945551157, 0.04605479910969734, -0.02455897629261017, -0.02853570319712162, -0.02187199890613556, -0.008363218046724796, 0.034070875495672226, -0.020259812474250793, -0.010647148825228214, -0.012702686712145805, 0.011271871626377106, -0.015288903377950191, 0.0313301607966423, 0.016686132177710533, -0.029691103845834732, -0.0029204089660197496, 0.0065931715071201324, 0.01336099673062563, -0.015772558748722076, -0.013945414684712887, 0.011506982147693634, -0.006828282028436661, -0.023914100602269173, 0.02650703489780426, -0.010721040889620781, 0.009323813021183014, 0.006804770790040493, -0.012689252384006977, 0.0019950808491557837, -0.022597482427954674, -0.018110230565071106, -0.020434465259313583, -0.009458161890506744, 0.005612424574792385, -0.01261536031961441, 0.02963736467063427, -0.014738072641193867, 0.01056654006242752, -0.015933778136968613, -0.015087380073964596, 0.03047032654285431, 0.029529884457588196, -0.018190838396549225, 0.003889400279149413, -0.01596064679324627, -0.00439992593601346, 0.013246799819171429, 0.026480164378881454, -0.010217232629656792, -0.002843158319592476, -0.01663239113986492, 0.00720110023394227, 0.018593885004520416, -0.0003912911342922598, 0.01162117812782526, -0.016081562265753746, -0.01707574352622032, 0.02963736467063427, 0.002586215967312455, 0.018728233873844147, -0.010841955430805683, 0.015369512140750885, 0.00919618085026741, -0.032136254012584686, -0.00011975943925790489, 0.03329165279865265, -0.025915900245308876, -0.003936422523111105, -6.439300341298804e-05, 0.006626758724451065, -0.01360282488167286, 0.0480700321495533, 0.009364116936922073, -0.019064106047153473, -0.0007590712048113346, -0.0011008211877197027, -0.000887542322743684, 0.010492647998034954, -0.0016533309826627374, -0.025459114462137222, 0.017142917960882187, -0.005447847303003073, -0.046242885291576385, 0.016202475875616074, 0.003724822774529457, -0.002859951928257942, -0.0005310979322530329, 0.020394161343574524, 0.007926584221422672, 0.010109753347933292, -0.024679889902472496, 0.012044377624988556, 0.028508832678198814, 0.014308156445622444, -0.018795408308506012, -0.019574632868170738, -0.01285718847066164, 0.019695546478033066, -0.01910441182553768, 0.01614873670041561, -0.01897006295621395, 0.007812387775629759, -0.025647202506661415, 0.01870136521756649, 0.007261557038873434, 0.004880223423242569, -0.016309954226017, 0.005955014377832413, 0.01195033360272646, -0.008705807849764824, -0.021240558475255966, 0.009605945087969303, -0.021321168169379234, -0.029932931065559387, 0.010176927782595158, -0.0021159949246793985, 0.034957580268383026, -0.006912250071763992, 0.001645773882046342, -0.009444726631045341, -0.008584893308579922, 0.017008569091558456, -0.0028532345313578844, 0.02430371381342411, -0.017962446436285973, 0.015530731528997421, -0.023967841640114784, 0.02364540286362171, 0.03713403269648552, -0.0130116892978549, -0.014912726357579231, 0.00813482515513897, 0.010687453672289848, -0.024894848465919495, 0.04258859530091286, -0.015369512140750885, -0.03347974270582199, 0.020179202780127525, -0.004117793403565884, 0.013394583947956562, -0.01825801283121109, 0.019655242562294006, 0.0035400930792093277, -0.02173765003681183, -0.0027675870805978775, 0.006737596355378628, -0.002079048892483115, 0.021455517038702965, 0.01927906461060047, 0.002067293506115675, 0.0003001857839990407, 0.02720564976334572, 0.021065905690193176, 0.008255738765001297, 0.01389167457818985, -0.024196233600378036, 0.026399556547403336, -0.006539431866258383, 0.021455517038702965, -0.022960225120186806, -0.01045234315097332, -0.010687453672289848, -0.0005827383138239384, 0.03979413956403732, -0.019829895347356796, 0.010976304300129414, 0.01843266747891903, 0.026963820680975914, -0.0015105853090062737, 0.022919919341802597, -0.012682534754276276, -0.015638209879398346, -0.03939109295606613, -0.0011411258019506931, -0.015463557094335556, 0.022772135213017464, 0.016780175268650055, -0.0008245662902481854, -0.030362848192453384, -0.011056913062930107, -0.029959801584482193, 0.024881413206458092, 0.023255791515111923, 0.00687866285443306, -0.00039800856029614806, -0.011829419061541557, 0.01694139465689659, 0.009108854457736015, 0.01592034287750721, 0.047693852335214615, -0.02382005751132965, -0.0308733731508255, 0.005454564932733774, 0.009088702499866486, 0.037913255393505096, 0.01565164513885975, -0.003583756508305669, -0.01582629792392254, 0.025338198989629745, 0.014173807576298714, 0.02474706433713436, 0.026050249114632607, -0.016780175268650055, 0.026520470157265663, -0.029126837849617004, 0.02090468630194664, -0.01966867595911026, 0.01208468247205019, 0.019923940300941467, 0.006667063571512699, 0.0023914100602269173, 0.012118269689381123, 0.019856765866279602, 0.015356077812612057, -0.003362080780789256, -0.015517296269536018, 0.016283085569739342, -0.011245002038776875, -0.005706469062715769, -0.00353337568230927, -0.01773405261337757, 0.012776578776538372, 0.010291124694049358, 0.007819104939699173, 0.024155929684638977, 0.0366235077381134, 0.021455517038702965, -0.0004891139105893672, 0.006247223354876041, -0.006539431866258383, -0.02024637721478939, 0.0025593461468815804, 0.012736273929476738, -0.004258859436959028, -0.017344441264867783, 0.010123188607394695, -0.020568814128637314, -0.017357876524329185, -0.02689664624631405, 0.026842907071113586, -0.005118692293763161, 0.032566171139478683, 0.004863429814577103, 0.009055115282535553, 0.0029506373684853315, 0.033452872186899185, -0.004890299402177334, -0.030362848192453384, -0.01622934453189373, 0.017586268484592438, 0.010418755933642387, 0.019547762349247932, -0.02007172256708145, -0.012971384450793266, 0.020394161343574524, -0.00791314896196127, 0.04876864701509476, 0.0031840684823691845, 0.010129906237125397, 0.007792235352098942, 0.023605098947882652, -0.02240939438343048, -0.023054268211126328, 0.036005500704050064, -0.0035434518940746784, 0.03525314852595329, -0.0022906484082341194, 0.017586268484592438, 0.014899291098117828, -0.007725060917437077, -0.008705807849764824, 0.022933354601264, -0.016484608873724937, 0.0038054322358220816, -0.0012133383424952626, 0.013656564056873322, -0.015933778136968613, -0.014953031204640865, -0.02548598311841488, -0.023390140384435654, 0.002297366037964821, 0.0010605164570733905, 0.02372601255774498, -0.010156775824725628, -0.006596530321985483, 0.01351549755781889, 0.006223712116479874, -0.02051507495343685, -0.02165704034268856, -0.014899291098117828, 0.0072884270921349525, 0.04777446389198303, 0.019991114735603333, 0.012077964842319489, -0.0008102917345240712, 0.002114315517246723, 0.009773881174623966, -0.005756849888712168, -0.027810219675302505, 0.01402602344751358, -0.026090553030371666, 0.010579974390566349, 0.00802734587341547, 0.007906432263553143, -0.015329208225011826, 0.016618957743048668, 0.006270734127610922, 0.020206071436405182, 0.004248783458024263, -0.004685417283326387, -0.024948587641119957, 0.01043219119310379, 0.0357099324464798, 0.021146515384316444, 0.005229530390352011, 0.024142494425177574, 0.017613139003515244, 0.04167502373456955, 0.011889875866472721, 0.021845128387212753, -0.010862107388675213, -0.02337670512497425, 0.026936952024698257, 0.017828097566962242, 0.010170210152864456, -0.01918502151966095, 0.05830741673707962, -0.0017263832269236445, 0.000817009131424129, 0.002025309484452009, -0.004910451825708151, 1.9994891772512347e-05, -0.006794694811105728, 0.0021663757506757975, 0.004131228197365999, -0.008947636000812054, 0.008947636000812054, -0.012904210016131401, 0.028293875977396965, -0.01093599945306778, 0.0021982835605740547, 0.004258859436959028, 0.003993520513176918, -0.0024283560924232006, 0.013616259209811687, 0.010613561607897282, 0.021670475602149963, -0.039498571306467056, -0.012319792993366718, -0.012937797233462334, -0.005686316639184952, -0.0246933251619339, -0.013683433644473553, 0.008732677437365055, -0.019789591431617737, -0.002156299538910389, -0.022463133558630943, -0.020353855565190315, -0.001483715488575399, -0.03802073374390602, -0.01195033360272646, 0.0009589151595719159, -0.018728233873844147, -0.040062837302684784, 0.025244155898690224, 0.00527991121634841, 0.011318893171846867, 0.02218100056052208, -0.007624299265444279, -0.014630593359470367, 0.015557601116597652, -0.02832074463367462, -0.042051199823617935, 0.017263831570744514, -0.006673780735582113, 0.013038558885455132, -0.00955220591276884, -0.010304559022188187, -0.0072884270921349525, -0.01848640665411949, 0.00789299700409174, 0.022516872733831406, 0.009384269826114178, 0.008275891654193401, 0.0019363033352419734, 0.011197979561984539, 0.009055115282535553, 0.006932402495294809, 0.016901088878512383, -0.007563841994851828, 0.0033066619653254747, 0.023188617080450058, -0.020474769175052643, 0.0068316408433020115, -0.007214535027742386, -0.021374907344579697, 0.010835237801074982, 0.013723738491535187, 0.03313043341040611, -0.011930180713534355, 0.0038826828822493553, -0.006841716822236776, -0.01340801827609539, -0.01327366940677166, -0.008961070328950882, 0.022154131904244423, 0.026426425203680992, 0.000740178395062685, -0.0006167453248053789, 0.013367714360356331, 0.024397756904363632, 0.011036761105060577, -0.0196283720433712, 0.01698169857263565, -0.004762668162584305, -0.017653442919254303, 0.0035468104761093855, 0.00939098745584488, -0.008047497831285, -0.005968449171632528, -0.0019766080658882856, 0.025082936510443687, 0.010875542648136616, -0.009444726631045341, -0.029825452715158463, -0.013199778273701668, -0.023215487599372864, 0.008692372590303421, 0.00019963404338341206, -0.01874166913330555, -0.03912239521741867, -0.005773643497377634, -0.012971384450793266, 0.004604808054864407, 0.004349545110017061, -0.0182983186095953, -0.03377531096339226, 0.0019245478324592113, -0.005696392618119717, 0.019735850393772125, 0.017841532826423645, 0.02328266203403473, -0.01909097656607628, -0.0018472971860319376, -0.01953432708978653, -0.03267364948987961, -0.028911879286170006, 0.012145139276981354, 0.009713424369692802, 0.0055284565314650536, 0.055190522223711014, 0.03450079262256622, -0.03245868906378746, 0.01860732026398182, -0.028831271454691887, 0.008410240523517132, -0.011009891517460346, -0.01464402861893177, 0.0058676875196397305, -0.007281709462404251, 0.02169734425842762, 0.014187241904437542, -0.009505183435976505, 0.03635480999946594, 0.012185444124042988, 0.012057812884449959, 0.03149138018488884, 0.005753491073846817, -0.013824500143527985, -0.03584428131580353, -0.0357368029654026, 0.004285729490220547, -0.026036813855171204, -0.024021580815315247, -0.0011411258019506931, -0.012319792993366718, -0.010049296543002129, 0.009673119522631168, -0.003268036525696516, 0.055942874401807785, 0.010311276651918888, 0.03965979069471359, -0.02738030254840851, 0.00578707829117775, -0.019735850393772125, -0.013549084775149822, -0.02240939438343048, 0.0002426676801405847, -0.03931048512458801, -0.0007771243108436465, 0.015181424096226692, 0.0018086718628183007, 0.014576854184269905, -0.025015762075781822, 0.014240982010960579, -0.018137099221348763, 0.021455517038702965, -0.012534750625491142, -0.026265207678079605, -0.00599867757409811, -0.03576367348432541, 0.005820665508508682, -0.016296518966555595, -0.014791811816394329, -0.0013191381003707647, 0.006515921093523502, 0.013105733320116997, -0.002510644728317857, 0.024975458160042763, -0.010667301714420319, 0.006247223354876041, 0.007416058331727982, -0.011258436366915703, 0.03138389810919762, 0.019292499870061874, 0.008987940847873688, 0.005041441880166531, -0.0059449379332363605, -0.023927535861730576, -0.004920527804642916, -0.01663239113986492, 0.00567959900945425, 0.013240082189440727, 0.05011213570833206, -0.022154131904244423, -0.036059241741895676, 0.0034729186445474625, 0.010203797370195389, -0.01516798883676529, -0.01626965031027794, 0.0014996693935245275, -0.005256399977952242, -0.0054713585413992405, -0.023134877905249596, -0.007637734059244394, -0.05438442900776863, -0.003771845018491149, -0.02619803324341774, 0.011298741213977337, 0.0007620101096108556, 0.01416037231683731, -0.030013540759682655, 0.02614429220557213, -0.011654765345156193, 0.02125399373471737, -0.005229530390352011, -0.016041256487369537, -0.020568814128637314, -0.006546149495989084, -0.00254759076051414, -0.0008178488351404667, -0.013508779928088188, 0.010976304300129414, -0.03291547670960426, -0.017626574262976646, 0.012030942365527153, -0.007026446517556906, -0.003822225844487548, -0.008114672265946865, -0.0131191685795784, 0.023631969466805458, -0.018325187265872955, -0.005904633551836014, -0.0014375330647453666, 0.011077065952122211, 0.026748862117528915, -0.011036761105060577, 0.003650930942967534, -0.013562520034611225, -0.005363879259675741, 0.008201999589800835, 0.012319792993366718, 0.007133925799280405, -0.021025599911808968, -0.013105733320116997, -0.012185444124042988, 0.012998254969716072, -0.023887231945991516, 0.007456363178789616, -0.009673119522631168, -0.010291124694049358, -0.002102560130879283, -0.0022285121958702803, 0.004460383206605911, 0.013555802404880524, 0.00415809778496623, -0.01688765548169613, -0.00169279589317739, 0.03863874077796936, -0.0131191685795784, 0.005316857248544693, 0.009827621281147003, 0.01645773835480213, -0.03828943148255348, 0.009955252520740032, 0.004698852077126503, -0.030147889629006386, 0.011735375039279461, -0.011748810298740864, -0.020232941955327988, -0.009894795715808868, 0.011137522757053375, -0.014012589119374752, 0.006112874485552311, -0.007402623537927866, -0.006442029029130936, 0.009384269826114178, 0.022946789860725403, -0.018499841913580894, -0.012353380210697651, 0.0387999564409256, -0.021267428994178772, -0.006354702170938253, 0.0076847560703754425, 0.010734476149082184, 0.013401301577687263, -0.021186819300055504, 0.010277689434587955, -0.009162593632936478, -0.029341796413064003, -0.012266052886843681, 0.01777435839176178, 5.164035246707499e-05, -0.009202898479998112, -0.006912250071763992, -0.004067412577569485, -0.0066133239306509495, -0.006203559692949057, 0.008094520308077335, -0.01340801827609539, -0.009733576327562332, 0.0009295263444073498, -0.006495768669992685, 0.0016684451838955283, 0.004860070999711752, -0.016309954226017, -0.01856701634824276, -0.01821770891547203, -0.01340801827609539, -0.019789591431617737, -0.0014232584508135915, 0.005511662922799587, -0.00041774107376113534, 0.019789591431617737, -0.007530254777520895, 0.008087802678346634, -0.010700888931751251, -0.033103566616773605, -0.01080836821347475, -0.0035165820736438036, 0.009424574673175812, 0.020891251042485237, -0.0036408547312021255, 0.004735798109322786, 0.02059568464756012, 0.002082407707348466, 0.01922532543540001, -0.0019262271234765649, 0.01378419529646635, 0.0014963106950744987, 0.013811065815389156, 0.006462181452661753, -0.004090923350304365, -0.024142494425177574, 0.012360097840428352, 0.004352903924882412, -0.011278589256107807, 0.020192638039588928, 0.014724637381732464, -0.007261557038873434, -0.012937797233462334, -0.020824076607823372, 0.006892097648233175, 0.03253930062055588, 0.010774780996143818, 0.00967983715236187, -0.021858563646674156, -0.0023024040274322033, 0.02086438238620758, 0.006818206049501896, -3.1671701435698196e-05, 0.00578707829117775, 0.004137945827096701, -0.0033368903677910566, -0.009357400238513947, -0.022852744907140732, 0.007315296679735184, -0.009256638586521149, -0.038262560963630676, 0.009189464151859283, -0.02915370836853981, 0.003889400279149413, -0.0006667063571512699, -0.010230667889118195, 0.014388765208423138, -0.008463979698717594, 0.05803871899843216, -0.02204665169119835, -0.0021193537395447493, 0.015974082052707672, -0.0013837935402989388, -0.010640432126820087, -0.006166613660752773, -0.022678092122077942, -0.028213266283273697, 0.01338114868849516, -0.0033167381770908833, 0.0023611816577613354, -0.022987093776464462, 0.005219454411417246, 0.008390087634325027, -0.005111975129693747, -0.01746535487473011, 0.009411139413714409, 0.0028801041189581156, 0.0012553223641589284, -0.005239606369286776, 0.012145139276981354, -0.017666878178715706, 0.005750132258981466, 0.01314603816717863, -0.00415809778496623, -0.02386036142706871, 0.009169311262667179, -0.004184967838227749, -0.014912726357579231, 0.0010865465737879276, 0.21012166142463684, 0.005991960410028696, 0.018929757177829742, 0.032485559582710266, 0.04758637398481369, 0.01045234315097332, 0.014764942228794098, 0.008242304436862469, -0.007530254777520895, 0.010244102217257023, 0.021415213122963905, 0.012413837015628815, -0.01053967047482729, -0.006576377898454666, 0.003607267513871193, 0.0049238866195082664, -0.024249974638223648, -0.013105733320116997, -0.02720564976334572, -0.0026970538310706615, 0.020488204434514046, 0.004030466545373201, -0.016256215050816536, -0.00035455511533655226, 0.01781466230750084, -0.00471900450065732, 0.006774542387574911, 0.002409883076325059, 0.024142494425177574, 0.014187241904437542, -0.0326467789709568, -0.0061968425288796425, 0.004755950532853603, 0.011883159168064594, -0.02517698146402836, -0.016780175268650055, 0.04618914797902107, -0.005441129673272371, 0.026453295722603798, -0.01464402861893177, -0.020958425477147102, -0.018338622525334358, 0.00618340726941824, -0.028696922585368156, -0.03154511749744415, 0.020783772692084312, 0.0016398960724473, -0.01274299155920744, 0.0023762958589941263, 0.020165767520666122, -0.011721939779818058, -0.021227123215794563, 0.02660107985138893, 0.0031017798464745283, 0.0068719456903636456, -0.01021051499992609, 0.004087565001100302, -0.001828824169933796, -0.009538770653307438, 0.010156775824725628, -0.042400509119033813, 0.014415635727345943, -0.010049296543002129, -0.00763101689517498, -0.013455040752887726, -0.01148682925850153, -0.012037659995257854, -0.0005575479008257389, 0.01565164513885975, -0.006525997072458267, 0.025472547858953476, -0.02368570864200592, 0.021630169823765755, 0.04051962494850159, -0.02376631833612919, -0.02077033743262291, 0.016041256487369537, 0.010082883760333061, 0.046995241194963455, 0.02615772746503353, 0.0004928924608975649, 0.00637149577960372, -0.0010277689434587955, -0.042319897562265396, -0.02262435294687748, -0.04258859530091286, 0.016068127006292343, 0.0008514360524713993, -0.012386967428028584, 0.00581058906391263, -0.014173807576298714, -0.021885434165596962, -0.01314603816717863, -0.025244155898690224, -0.010445625521242619, 0.022745266556739807, 0.01021051499992609, 0.0018976780120283365, 0.010304559022188187, 0.013031842187047005, -0.009760446846485138, 0.019614936783909798, 0.017572833225131035, 0.0017683672485873103, -0.0034729186445474625, -0.012454141862690449, -0.030013540759682655, 0.009706706739962101, 0.005246323999017477, -0.025660637766122818, 0.021361472085118294, -0.024155929684638977, 0.008107955567538738, -0.016833914443850517, 0.0009740294190123677, 0.01671300083398819, 0.021401777863502502, -0.01644430309534073, 0.00037134872400201857, -0.014549984596669674, 0.01706230826675892, -0.01609499566257, 0.0027608696836978197, 0.020568814128637314, 0.002329273847863078, 0.01362969446927309, -0.015530731528997421, -0.010244102217257023, -0.0018170686671510339, -0.03382904827594757, 0.025902464985847473, 0.004225272219628096, -0.007839257828891277, -0.030228499323129654, 0.011184544302523136, -0.019520893692970276, 0.0024266766849905252, -0.00763101689517498, -0.008712525479495525, 0.005551967769861221, 0.0014669218799099326, 0.013448323123157024, -0.007852692157030106, 0.0015047074994072318, -0.00730857951566577, -0.013105733320116997, 0.021710779517889023, -0.006865228060632944, -0.01715635322034359, -0.001262039877474308, 0.003869247855618596, -0.005662805400788784, -0.00023028238501865417, 0.0017230244120582938, 0.018593885004520416, -0.012071247212588787, -0.026399556547403336, -0.043287210166454315, 0.008699090220034122, 0.008262456394731998, -0.020703162997961044, 0.020447900518774986, 0.03425896540284157, -0.0249217189848423, -0.006173331290483475, 0.00040829466888681054, -0.17175161838531494, 0.02302739955484867, 0.02165704034268856, -0.007046598941087723, 0.013710304163396358, 0.002423318102955818, 0.01698169857263565, -0.0027020920533686876, -0.017478790134191513, 0.012051095254719257, 0.020058289170265198, 0.015463557094335556, -0.006347985006868839, -0.004235348664224148, 0.0031152148731052876, 0.010035861283540726, 0.0037046705838292837, -0.0038121496327221394, 0.03828943148255348, 0.022167565301060677, 0.021200254559516907, 0.00687866285443306, 0.01644430309534073, -0.0012779937824234366, -0.024317149072885513, 0.025606896728277206, -0.025512853637337685, -0.0020656140986829996, -0.022731831297278404, -0.013441605493426323, -0.013582671992480755, -0.013582671992480755, 0.01375732570886612, 0.014536549337208271, 0.002480416325852275, 0.005511662922799587, -0.020232941955327988, 0.00877969991415739, -0.004279011860489845, 0.016739871352910995, 0.020098593086004257, 0.005138844717293978, 0.00787284504622221, 0.02113308012485504, -0.008820004761219025, 0.0231617484241724, 0.023470750078558922, -0.006321114953607321, 0.025821855291724205, 0.005699751432985067, 0.021415213122963905, -0.01769374869763851, -0.01618904061615467, -0.024679889902472496, 0.027971437200903893, 0.010008991695940495, 0.009861208498477936, -0.017975881695747375, -0.006475616246461868, 0.01516798883676529, -0.0030446816235780716, 0.00035224598832428455, -0.010237384587526321, -0.00952533632516861, -0.010499365627765656, -0.015382947400212288, -0.01464402861893177, 0.026090553030371666, -0.007987041026353836, 0.025042632594704628, -0.03315730392932892, -0.012548185884952545, -0.005592272151261568, -0.005629218183457851, 0.03466201201081276, -0.01413350272923708, -0.027675870805978775, 0.005058235488831997, -0.01972241699695587, -0.0042756530456244946, 0.002082407707348466, 0.015624775551259518, -0.015342642553150654, 0.02038072608411312, -0.02345731481909752, 0.012763144448399544, -0.010613561607897282, -0.004987702239304781, -0.01640399917960167, -0.010284407064318657, 0.04960160702466965, -0.051052577793598175, -0.009095419198274612, -0.024626150727272034, 0.013528932817280293, 0.013280387036502361, -0.0024904925376176834, 0.01287734042853117, -0.0022990452125668526, -0.009975404478609562, -0.010882259346544743, 0.0027625488582998514, -0.023484185338020325, 0.004225272219628096, 0.006892097648233175, -0.005706469062715769, 0.002079048892483115, 0.006603247486054897, 0.037429600954055786, -0.013958849012851715, -0.009028244763612747, 0.022301914170384407, 0.006814847234636545, 0.023000529035925865, 0.010002274066209793, 0.02332296594977379, 0.009518618695437908, 0.007476515602320433, 0.009290225803852081, 0.015812864527106285, 0.03224373236298561, -0.016565216705203056, -0.01719665713608265, 0.002058896701782942, -0.02676229737699032, 0.017572833225131035, -0.1014065369963646, -0.03807447478175163, 0.02302739955484867, 0.026009943336248398, -0.03493070974946022, 0.006364778615534306, 0.0015618058387190104, 0.025915900245308876, -0.026426425203680992, 0.012077964842319489, -0.010915846563875675, -0.025123242288827896, -0.007174230646342039, -0.0012704366818070412, 0.01972241699695587, -0.02148238755762577, -0.025942768901586533, -0.0011411258019506931, 0.01298481971025467, -0.0003228571731597185, 0.005410901270806789, -0.033802177757024765, 0.019373109564185143, -0.00318574788980186, 0.002633238211274147, 0.004618242848664522, -0.019480587914586067, 0.007980323396623135, 0.0183117538690567, 0.005572120193392038, -0.0050515178591012955, -0.020488204434514046, 0.010660584084689617, -0.01816396974027157, -0.014079763554036617, -0.011547286994755268, -0.01360282488167286, -0.019950808957219124, 0.03275425732135773, 0.0035199408885091543, -0.001875846297480166, -0.008101237937808037, 0.013320691883563995, -0.024975458160042763, 0.014361895620822906, 0.006784618832170963, 0.016618957743048668, 0.031598858535289764, 0.003919628914445639, -0.007550407201051712, -0.004050618968904018, 0.015409816987812519, -0.033533480018377304, -0.038611870259046555, 0.020273245871067047, -0.002554308157414198, -0.010136622935533524, 0.017210092395544052, -0.01769374869763851, -0.00866550300270319, -0.022395959123969078, -0.012111552059650421, -0.0383700430393219, 0.002937202574685216, 0.0013821141328662634, 0.002250343794003129, -0.009411139413714409, 0.002164696343243122, 0.018755104392766953, -0.01402602344751358, -0.007644451688975096, 0.015611340291798115, -0.022637786343693733, 0.029771713539958, -0.040197186172008514, -0.007987041026353836, -0.004702210891991854, -0.03678472340106964, 0.01657865196466446, 0.0012250938452780247, -0.03189442679286003, -0.017720617353916168, -0.019789591431617737, 0.00010044678492704406, 0.024773934856057167, -0.0014795170864090323, -0.023309530690312386, 0.0021814899519085884, 0.016202475875616074, -0.0054008252918720245, 0.026050249114632607, -0.00893420074135065, 0.022678092122077942, -0.03511879965662956, -0.021455517038702965, 0.018647626042366028, -0.013152755796909332, 0.00864535104483366, -0.0013930300483480096, -0.00362741993740201, -0.010707606561481953, 0.001259520766325295, -0.05255728214979172, 0.023390140384435654, 0.004913810640573502, 0.0027037712279707193, -0.0033805537968873978, 7.966469274833798e-05, -0.008013910613954067, -0.01071432325989008, 0.00994181726127863, 0.004151380620896816, -0.025835290551185608, 0.01887601800262928, -0.009827621281147003, 0.0003532955888658762, -0.006861869245767593, 0.01184285432100296, 0.029046228155493736, 0.012212313711643219, 0.029771713539958, -0.010150058194994926, 0.010741193778812885, -0.023188617080450058, 0.012172008864581585, 0.029046228155493736, -0.01583973318338394, 0.022731831297278404, 0.00047022110084071755, 0.022516872733831406, -0.002562704961746931, -0.021845128387212753, 0.0030732308514416218, -0.01250116340816021, 0.006438670214265585, 0.05588913708925247, -0.0006217834306880832, -0.026426425203680992, 0.002619803184643388, 0.005199301987886429, -0.005592272151261568, -0.020206071436405182, 0.0011805908288806677, -0.007637734059244394, 0.010875542648136616, -0.013240082189440727, -0.0006373175419867039, 0.024370888248085976, -0.013414735905826092, -0.010123188607394695, -0.0005038083181716502, 0.007772082928568125, 0.02915370836853981, 0.009209616109728813, -0.025432243943214417, -0.00021107468637637794, -0.0009001375292427838, -0.015476991422474384, 0.003818867029622197, -0.01592034287750721, 0.01461715903133154, -0.020488204434514046, 0.059543427079916, -0.00763101689517498, 0.010244102217257023, 0.009847773239016533, 0.015275468118488789, 0.009411139413714409, -0.01349534559994936, 0.017666878178715706, 0.0063043213449418545, 0.005592272151261568, 0.003983444534242153, 0.008551306091248989, 0.0099216653034091, 0.007711626123636961, 0.018768539652228355, 0.014227546751499176, 0.005646011792123318, 0.013878240250051022, -0.016605522483587265, 0.014455939643085003, 0.03095398284494877, -0.012541468255221844, -0.029126837849617004, 0.03385591879487038, 0.017008569091558456, 0.0003291547764092684, -0.02183169312775135, 0.002913691336289048, 0.005031365901231766, 0.009605945087969303, -0.03302295506000519, 0.0015643248334527016, 0.008141542784869671, 0.020125463604927063, -0.0029388817492872477, 0.0002556827093940228, 0.0008577336557209492, 0.006166613660752773, 0.010888976976275444, 0.004299164284020662, -0.006468898616731167, 0.003259639721363783, -0.008826721459627151, -0.001303184195421636, -0.0051825083792209625, 0.011003173887729645, -0.022342219948768616, -0.034957580268383026, -0.001710429205559194, 0.029932931065559387, 0.01645773835480213, -0.005239606369286776, 0.0053806728683412075, 0.004903734195977449, 0.0027323204558342695, -0.009626097977161407, -0.0035434518940746784, -0.020085157826542854, -0.018634190782904625, 0.012064529582858086, 0.004352903924882412, -0.005736697465181351, 0.004090923350304365, -0.017008569091558456, 0.02399471029639244, -0.01566508039832115, -0.008282608352601528, -0.001993401674553752, 0.03471575304865837, 0.017492225393652916, -0.006515921093523502, -0.015315772965550423, -0.019641807302832603, -0.020340420305728912, -0.012252618558704853, -0.019413413479924202, -0.011742092669010162, 0.016793610528111458, -0.010600127279758453, 0.06873288750648499, -0.014885856769979, 0.0009236485930159688, -0.01043219119310379, 0.005303422454744577, 0.01737130992114544, -0.006112874485552311, 0.028723791241645813, -0.022785570472478867, -0.0059079923667013645, 0.004561144858598709, 0.004698852077126503, 0.0001624781871214509, 0.007879561744630337, -0.003600550116971135, 0.0099216653034091, -0.020662859082221985, 0.018513277173042297, 0.0005306780803948641, 0.02457241155207157, 0.024102190509438515, 0.003744975198060274, 0.010922564193606377, 0.009827621281147003, 0.002149582142010331, -0.009081984870135784, 0.03232434019446373, -0.01966867595911026, -0.011265153996646404, -0.03845065087080002, -0.0012679175706580281, 0.006442029029130936, -0.013508779928088188, -0.021280864253640175, -0.0056493706069886684, -0.017787791788578033, -0.010626996867358685, -0.017048873007297516, 0.023040832951664925, 0.002589574782177806, -0.0007158276275731623, 0.01557103544473648, -0.02915370836853981, -0.007570559624582529, 0.01798931509256363, -0.00914915930479765, -0.021764518693089485, 0.002179810544475913, -0.01715635322034359]"
12388,"Mongoose how to find object in array<p><img src=""https://i.stack.imgur.com/2nNPH.png"" alt=""enter image description here"" /></p>
<p>i have tried a few method but it doesn't work. How to find object from 2 array. My attempt:</p>
<pre><code>Message.find({$and : [{_id : id}, {&quot;users._id&quot; : userID}]})
</code></pre>
<p>My Message Schema</p>
<pre><code>const contentSchema = new Schema({
    ismy : Boolean,
    message : String
},{ timestamps: true });


const receiverSchema = new Schema({
    _id : String,
    messages : [contentSchema]
});


const messageSchema = new Schema({
    _id : String,
    users : [receiverSchema]
});

module.exports = mongoose.model('Message',messageSchema);
</code></pre>
<p>Returned All document but i want document that is with  <code>&quot;_id&quot;: &quot;5f38f3574644e92d0cbbc5be&quot;,</code></p>
<pre><code>[
    {
        &quot;_id&quot;: &quot;20860f7806d19d7a29a8addc525f73b5&quot;,
        &quot;users&quot;: [
            {
                &quot;messages&quot;: [
                    {
                        &quot;_id&quot;: &quot;5f38f3574644e92d0cbbc5be&quot;,
                        &quot;ismy&quot;: true,
                        &quot;message&quot;: &quot;aaaa&quot;,
                        &quot;createdAt&quot;: &quot;2020-08-16T08:50:31.317Z&quot;,
                        &quot;updatedAt&quot;: &quot;2020-08-16T08:50:31.317Z&quot;
                    },
                    {
                        &quot;_id&quot;: &quot;5f38f39d4a11553f38da0ec8&quot;,
                        &quot;ismy&quot;: true,
                        &quot;message&quot;: &quot;aaaa&quot;,
                        &quot;createdAt&quot;: &quot;2020-08-16T08:51:41.093Z&quot;,
                        &quot;updatedAt&quot;: &quot;2020-08-16T08:51:41.093Z&quot;
                    },
                    {
                        &quot;_id&quot;: &quot;5f38f3a84a11553f38da0eca&quot;,
                        &quot;ismy&quot;: true,
                        &quot;message&quot;: &quot;aaaaDASDASDSA&quot;,
                        &quot;createdAt&quot;: &quot;2020-08-16T08:51:52.407Z&quot;,
                        &quot;updatedAt&quot;: &quot;2020-08-16T08:51:52.407Z&quot;
                    },
                    {
                        &quot;_id&quot;: &quot;5f38f3f3cb7eec3ffc61c050&quot;,
                        &quot;ismy&quot;: true,
                        &quot;message&quot;: &quot;aaaaDASDASDSA&quot;,
                        &quot;createdAt&quot;: &quot;2020-08-16T08:53:07.809Z&quot;,
                        &quot;updatedAt&quot;: &quot;2020-08-16T08:53:07.809Z&quot;
                    },
                    {
                        &quot;_id&quot;: &quot;5f38f3ffcb7eec3ffc61c053&quot;,
                        &quot;ismy&quot;: true,
                        &quot;message&quot;: &quot;hahaha&quot;,
                        &quot;createdAt&quot;: &quot;2020-08-16T08:53:19.781Z&quot;,
                        &quot;updatedAt&quot;: &quot;2020-08-16T08:53:19.781Z&quot;
                    }
                ],
                &quot;_id&quot;: &quot;9471e1b040fa962df160903066e75778&quot;
            },
            {
                &quot;messages&quot;: [],
                &quot;_id&quot;: &quot;11111111111&quot;
            }
        ],
        &quot;__v&quot;: 4
    }
]
</code></pre>
","I guess I was unclear... I have the process that runs forever already written... I want to run this process for each variable returned from Variable.objects.order_by(... However, because the process that is going to run for each variable doesn't end I need to create separate processes for each variable... Does this make any sense? Find variables, for each variable run x function ( x function/process doesn't end)... So I guess here it would be for each variable add variable and function to queue/pool and run...","Embed Field: Mongoose how to find object in array<p><img src=""https://i.stack.imgur.com/2nNPH.png"" alt=""enter image description here"" /></p>
<p>i have tried a few method but it doesn't work. How to find object from 2 array. My attempt:</p>
<pre><code>Message.find({$and : [{_id : id}, {&quot;users._id&quot; : userID}]})
</code></pre>
<p>My Message Schema</p>
<pre><code>const contentSchema = new Schema({
    ismy : Boolean,
    message : String
},{ timestamps: true });


const receiverSchema = new Schema({
    _id : String,
    messages : [contentSchema]
});


const messageSchema = new Schema({
    _id : String,
    users : [receiverSchema]
});

module.exports = mongoose.model('Message',messageSchema);
</code></pre>
<p>Returned All document but i want document that is with  <code>&quot;_id&quot;: &quot;5f38f3574644e92d0cbbc5be&quot;,</code></p>
<pre><code>[
    {
        &quot;_id&quot;: &quot;20860f7806d19d7a29a8addc525f73b5&quot;,
        &quot;users&quot;: [
            {
                &quot;messages&quot;: [
                    {
                        &quot;_id&quot;: &quot;5f38f3574644e92d0cbbc5be&quot;,
                        &quot;ismy&quot;: true,
                        &quot;message&quot;: &quot;aaaa&quot;,
                        &quot;createdAt&quot;: &quot;2020-08-16T08:50:31.317Z&quot;,
                        &quot;updatedAt&quot;: &quot;2020-08-16T08:50:31.317Z&quot;
                    },
                    {
                        &quot;_id&quot;: &quot;5f38f39d4a11553f38da0ec8&quot;,
                        &quot;ismy&quot;: true,
                        &quot;message&quot;: &quot;aaaa&quot;,
                        &quot;createdAt&quot;: &quot;2020-08-16T08:51:41.093Z&quot;,
                        &quot;updatedAt&quot;: &quot;2020-08-16T08:51:41.093Z&quot;
                    },
                    {
                        &quot;_id&quot;: &quot;5f38f3a84a11553f38da0eca&quot;,
                        &quot;ismy&quot;: true,
                        &quot;message&quot;: &quot;aaaaDASDASDSA&quot;,
                        &quot;createdAt&quot;: &quot;2020-08-16T08:51:52.407Z&quot;,
                        &quot;updatedAt&quot;: &quot;2020-08-16T08:51:52.407Z&quot;
                    },
                    {
                        &quot;_id&quot;: &quot;5f38f3f3cb7eec3ffc61c050&quot;,
                        &quot;ismy&quot;: true,
                        &quot;message&quot;: &quot;aaaaDASDASDSA&quot;,
                        &quot;createdAt&quot;: &quot;2020-08-16T08:53:07.809Z&quot;,
                        &quot;updatedAt&quot;: &quot;2020-08-16T08:53:07.809Z&quot;
                    },
                    {
                        &quot;_id&quot;: &quot;5f38f3ffcb7eec3ffc61c053&quot;,
                        &quot;ismy&quot;: true,
                        &quot;message&quot;: &quot;hahaha&quot;,
                        &quot;createdAt&quot;: &quot;2020-08-16T08:53:19.781Z&quot;,
                        &quot;updatedAt&quot;: &quot;2020-08-16T08:53:19.781Z&quot;
                    }
                ],
                &quot;_id&quot;: &quot;9471e1b040fa962df160903066e75778&quot;
            },
            {
                &quot;messages&quot;: [],
                &quot;_id&quot;: &quot;11111111111&quot;
            }
        ],
        &quot;__v&quot;: 4
    }
]
</code></pre>; Answer: I guess I was unclear... I have the process that runs forever already written... I want to run this process for each variable returned from Variable.objects.order_by(... However, because the process that is going to run for each variable doesn't end I need to create separate processes for each variable... Does this make any sense? Find variables, for each variable run x function ( x function/process doesn't end)... So I guess here it would be for each variable add variable and function to queue/pool and run...","[-0.024389203637838364, 0.019065948203206062, -0.0027838456444442272, 0.002734619192779064, -0.02960382215678692, 0.020831312984228134, -0.0005359751521609724, -0.010626142844557762, -0.03408513590693474, 0.004566185642033815, 0.010442815721035004, 0.01666233502328396, 0.0019656666554510593, 0.007672550156712532, 0.009207060560584068, -0.0018909780774265528, 0.0048988894559443, 0.0028211898170411587, 0.008086731657385826, -0.010191590525209904, -0.02224360592663288, 0.019622717052698135, 0.011834738776087761, -0.019337542355060577, -0.0377788208425045, 0.027077991515398026, 0.04087500274181366, -0.012493356131017208, 0.00034967815736308694, 6.699689402012154e-05, 0.004206323064863682, 0.009308908134698868, -0.03261852264404297, -0.05323256179690361, -0.01985357142984867, -0.005893604829907417, -0.001357124769128859, -0.005445473827421665, 0.011569933965802193, -2.166922604374122e-05, 0.029305066913366318, -0.02349294163286686, -0.0014784936793148518, -0.034030813723802567, -0.03413945436477661, 0.033107392489910126, 3.8962167309364304e-05, -0.039435550570487976, -0.018251163884997368, 0.015521637164056301, 0.026602700352668762, 0.009648401290178299, -0.0512499175965786, 0.0005376726039685309, 0.007482433691620827, 0.0033032705541700125, 0.020491819828748703, 0.014475997537374496, -0.0021710600703954697, 0.01086378749459982, 0.015019186772406101, 0.020111586898565292, -0.0060599567368626595, 0.00396867748349905, -0.027200208976864815, 0.007414535153657198, 0.012703841552138329, -0.013505046255886555, 0.00018481170991435647, -0.009308908134698868, 0.01197732612490654, 0.017599336802959442, -0.009750249795615673, 0.0070275128819048405, 0.02274605631828308, 0.0023136474192142487, -0.009553343057632446, -0.0025495951995253563, 0.027295267209410667, -0.010211960412561893, 0.004881914705038071, -0.028245847672224045, -0.02819152921438217, 0.03438388928771019, 0.012697052210569382, 0.0059682936407625675, 0.004722352605313063, 0.03522583097219467, -0.00012115669960621744, -0.00913237128406763, -0.01135265827178955, 0.016974668949842453, -0.0063756853342056274, -0.012418667785823345, 0.017653655260801315, 0.005767992231994867, -0.02311270870268345, 0.03544310852885246, 0.002194824628531933, 0.0068509760312736034, -0.019161006435751915, -0.014190822839736938, -0.033569104969501495, -0.01884867250919342, -0.022433722391724586, -0.005913974717259407, -0.0031420111190527678, -0.0002637439174577594, 0.02734958566725254, -0.018454859033226967, 0.011766839772462845, 0.04451436921954155, -0.0073602162301540375, -0.008779298514127731, -0.02202633023262024, -0.014883389696478844, -0.007088621612638235, -0.04302059859037399, -0.03946270793676376, -0.0024019156116992235, -0.006127855274826288, 0.018644975498318672, -0.0014403006061911583, -0.025108929723501205, 0.03555174544453621, -0.013776641339063644, -0.0024239826016128063, -0.004586555529385805, 0.008752139285206795, -0.00611427566036582, 0.030472924932837486, 0.010734780691564083, 0.01963629573583603, 0.02172757498919964, -0.027077991515398026, -0.017110465094447136, -0.012663102708756924, 0.017490698024630547, -0.02873471938073635, -0.01730058155953884, 0.02654838189482689, 0.013348879292607307, -0.01880793273448944, 0.0051263500936329365, -0.06067425385117531, 0.034736961126327515, 0.005014317110180855, -0.0025071585550904274, 0.014367359690368176, -0.01087057776749134, 0.010836628265678883, 0.002330621937289834, 0.004532236605882645, 0.012276080437004566, -0.009159531444311142, 0.005408129189163446, -0.005489607807248831, 0.007305897306650877, 0.00684758136048913, -0.022121388465166092, 0.025366945192217827, 0.0239139124751091, 0.0004037849139422178, -0.004308170638978481, 0.038131896406412125, 0.022338664159178734, 0.017599336802959442, -0.01317234244197607, -0.0017093491042032838, -0.002990936627611518, -0.01429946068674326, 0.024728696793317795, -0.03128770738840103, 0.02960382215678692, 0.012398297898471355, -0.02897915430366993, 0.02512251026928425, 0.010096533223986626, -0.03245556727051735, -0.007387375924736261, -0.009621242061257362, 0.013668003492057323, 0.006959613878279924, 0.022936172783374786, -0.023560840636491776, -0.006979983765631914, -0.02638542465865612, -0.01099279522895813, -0.006728758569806814, -0.004124844446778297, 0.009947155602276325, 0.023234926164150238, 0.0018672135192900896, -0.0005992057849653065, -0.6083720922470093, 0.0042402721010148525, 0.00525535736232996, -0.024144768714904785, -0.012411877512931824, 0.011087853461503983, -0.03313455358147621, -0.002432469977065921, -0.016472218558192253, 0.03693687915802002, -0.017354901880025864, 0.011950166895985603, -0.002400218043476343, -0.004780066665261984, 0.0010965635301545262, 0.0040331813506782055, 0.026032350957393646, -0.03900099918246269, -0.0077608185820281506, -0.0007731961668469012, -0.04003305733203888, 0.014720432460308075, -0.0007855027797631919, 9.659647184889764e-05, -0.010856998153030872, 0.006986773572862148, 0.015779651701450348, -0.02136092260479927, 0.009831728413701057, 0.03663812577724457, -0.02031528390944004, 0.011970535852015018, 0.013532205484807491, 0.0058426810428500175, 0.03910963609814644, 0.0019486919045448303, -0.011936587281525135, 0.0028245847206562757, -0.005384364631026983, 0.021265864372253418, -0.02722736820578575, -0.01480191107839346, 0.03131486847996712, -0.006606541108340025, 0.0036733183078467846, 0.0005839286022819579, 0.028924835845828056, -0.0029790543485432863, 0.0017152902437373996, -0.05021785944700241, 0.01038849726319313, 0.01812894642353058, 0.004668033681809902, 0.006487718317657709, 0.008915095590054989, -0.005788362119346857, 0.03701835870742798, -0.01784377172589302, 0.008982994593679905, 0.008052783086895943, -0.003447555238381028, -0.014856229536235332, -0.028843356296420097, 0.012554464861750603, -0.0242126677185297, 0.021496720612049103, 0.02328924462199211, 0.006433399394154549, -0.0025037636514753103, -0.004036576021462679, 0.01306370459496975, 0.020383181050419807, -0.00963482167571783, 0.023587999865412712, -0.01002863422036171, 0.013253821060061455, 0.020260963588953018, -0.02256951853632927, -0.0026786027010530233, 0.0027227369137108326, -0.003036768175661564, -0.006324761547148228, -0.04866977035999298, -0.0010065978858619928, -0.015901869162917137, 0.02399539202451706, -0.03707267716526985, -0.026317525655031204, 0.01514140423387289, 0.007163309957832098, 0.01174647081643343, 0.03430240973830223, -0.0020420525688678026, -0.00021345645654946566, -0.010836628265678883, 0.016309261322021484, -0.0013953177258372307, 0.026358265429735184, 0.015929028391838074, -0.039679985493421555, -0.012513726018369198, -0.005829100962728262, -0.007007142994552851, -0.021388081833720207, 0.04331935569643974, 0.003271018620580435, -0.02952234260737896, -0.007767608389258385, 0.013518625870347023, -0.022936172783374786, -0.004861545283347368, 0.006372290663421154, -0.010089742951095104, -0.0016821896424517035, -0.0014445442939177155, -0.04090216010808945, 0.026276787742972374, -0.0008567963959649205, -0.0006649826536886394, -0.0060429819859564304, 0.015168563462793827, 0.004766487050801516, 0.01063972245901823, -0.021211545914411545, -0.0009964130586013198, 0.020030109211802483, -0.013919227756559849, -0.01195695623755455, -0.01172610092908144, 0.0092953285202384, 0.0001391922851325944, -0.013328509405255318, 0.022311504930257797, -0.009478654712438583, -0.009050893597304821, -0.013708742335438728, 0.007604651618748903, 0.010178010910749435, 0.016282102093100548, -0.027200208976864815, 0.010218750685453415, 0.014190822839736938, 0.021972011774778366, -0.008100312203168869, -0.0041418191976845264, -0.016608016565442085, -0.0442156158387661, -0.012418667785823345, -0.04117375612258911, -0.004135029390454292, -0.006005637813359499, -0.017612915486097336, 0.0013401501346379519, 0.007944145239889622, -0.013769851066172123, -0.0023526891600340605, 0.009723090566694736, -8.550989150535315e-05, 0.004542421083897352, -0.008528073318302631, -0.0005813824245706201, 0.024008970707654953, -0.010361338034272194, -0.010503924451768398, 0.0009751946781761944, -0.05632873997092247, -0.01784377172589302, -0.0005071182386018336, -0.004871729761362076, -0.009994684718549252, -0.005852865520864725, 0.0035511006135493517, -0.019649876281619072, 0.0015328126028180122, -0.008161420933902264, 0.011094643734395504, -0.04589950293302536, -0.017327740788459778, -0.01159709319472313, -0.014109344221651554, -0.005961503367871046, 0.006260257679969072, -0.009594082832336426, 0.007007142994552851, 0.028463123366236687, 0.007849087007343769, 0.032808639109134674, 0.03188521787524223, -0.022162126377224922, 0.03237408772110939, 0.01526362169533968, -0.0007350031519308686, -0.027444643899798393, -0.015847550705075264, -0.0045254467986524105, 0.008575602434575558, 0.018278323113918304, -0.0048581501469016075, -0.00323537178337574, 0.009668771177530289, 0.01233718916773796, -0.009186690673232079, 0.020451080054044724, -0.03487275913357735, -0.0009030523360706866, -0.03424809128046036, -0.006830606609582901, -0.008392276242375374, 0.039218273013830185, -0.005343625787645578, 0.011502034962177277, -0.009451495483517647, -0.0012798899551853538, -0.025448422878980637, 0.006341736298054457, 0.03802325576543808, 0.0089422557502985, 0.00987925659865141, -0.017898090183734894, 0.01147487573325634, -0.002512251026928425, -0.0064435843378305435, 0.022352242842316628, 0.02274605631828308, -0.001521778991445899, 0.003622394287958741, 0.005051661282777786, 0.011569933965802193, 0.004909073933959007, -0.013722321949899197, 0.010374917648732662, 0.017830191180109978, -0.0018994654528796673, 0.0031844477634876966, 0.015114245004951954, -0.013409988023340702, 0.024470681324601173, -0.011658201925456524, 0.036285050213336945, -0.017395639792084694, 0.010035423561930656, 0.023927493020892143, 0.023017650470137596, -0.01162425335496664, 0.030337126925587654, 0.00475290697067976, 0.03166794031858444, 0.017056146636605263, -0.01579323224723339, 0.03161362186074257, -0.012900748290121555, 0.0010515807662159204, 0.0001125632697949186, -0.014245142228901386, 0.008141051046550274, -0.0029264327604323626, 0.030744519084692, 0.017748713493347168, -0.009933575987815857, 0.016350001096725464, 0.004926048684865236, -0.009241009131073952, 0.015019186772406101, -0.02098068967461586, 0.008969414979219437, 0.01838696002960205, -0.026752077043056488, -0.025312624871730804, -0.02164609730243683, -0.0237102173268795, 0.007190469652414322, -0.033025916665792465, 0.0008733466966077685, -0.00010062795627163723, 0.030391447246074677, 0.004243667237460613, 0.009370016865432262, 0.013179132714867592, 0.014489577151834965, 0.014774751849472523, -0.04141819104552269, 0.007781188003718853, 0.0008500065305270255, -0.01367479283362627, -0.0029162480495870113, -0.012391507625579834, -0.0027481988072395325, 0.03136918693780899, -0.0062500727362930775, -0.00714973034337163, 0.0024036129470914602, 0.010775519534945488, 0.014448837377130985, -0.017028987407684326, -0.010721201077103615, 0.033107392489910126, 0.026833556592464447, 0.012615573592483997, 0.007183679845184088, -0.012866798788309097, 0.007482433691620827, 0.04255888983607292, -0.02198559045791626, -0.016363579779863358, 0.045166198164224625, -0.005723858252167702, -0.013029755093157291, -0.02859892137348652, 0.034736961126327515, 0.004708772990852594, -0.0072855278849601746, -0.015969768166542053, -0.036502327769994736, 0.0034220931120216846, -0.02558422088623047, -0.004664639011025429, -0.02017948590219021, 0.004410018678754568, 0.03462832421064377, 0.020668355748057365, -0.010442815721035004, -0.015222882851958275, -0.02286827377974987, 0.01514140423387289, 0.011447716504335403, 0.02462005987763405, -0.010130481794476509, -0.005421709269285202, -0.00287890387699008, 0.0048581501469016075, -0.01480191107839346, -0.0028076102025806904, 0.02005726844072342, -0.006019217427819967, -0.019120266661047935, 0.011685362085700035, 0.01772155426442623, -0.015345100313425064, 0.020070847123861313, -0.016187043860554695, -0.0038464597892016172, 0.00507882097736001, 0.00017271724937018007, -0.018862251192331314, 0.005788362119346857, 0.0020131957717239857, 0.016512958332896233, 0.018414121121168137, 0.014584635384380817, 0.008528073318302631, 0.01742279902100563, 0.029250748455524445, 0.002644653432071209, -0.03278147801756859, 0.00611427566036582, 0.008120681159198284, 0.023818854242563248, -0.00482759578153491, -0.016390739008784294, 0.05201038345694542, 0.012527305632829666, 0.013376038521528244, 0.023818854242563248, 0.004505076911300421, 0.0019758513662964106, 0.03270000219345093, -0.0031742630526423454, 0.00649111345410347, 0.020247384905815125, -0.0064435843378305435, -0.026032350957393646, -0.015589535236358643, 0.026955774053931236, 0.01746353879570961, -0.003231976879760623, -0.018359800800681114, -0.01394638791680336, -0.002693879883736372, 0.024742277339100838, 0.001294318470172584, -0.011067483574151993, -0.016580855473876, -0.014489577151834965, -0.042232975363731384, -0.0028551393188536167, -0.009953945875167847, 0.04978330805897713, 0.015969768166542053, -0.0009115397115238011, -0.02152387984097004, -0.036040615290403366, 0.010205171070992947, 0.0014632163802161813, 0.010660091415047646, -0.006993563380092382, -0.01583397015929222, -0.011902637779712677, 0.003281203331425786, 0.03362342342734337, 0.03748006746172905, 0.013342089019715786, 0.0054760281927883625, 0.0062840222381055355, -0.008833617903292179, -0.020804153755307198, -0.05388438701629639, 0.013559365645051003, 0.02182263322174549, -0.024565739557147026, 0.021048588678240776, 0.022121388465166092, 0.00131383934058249, -0.017653655260801315, 0.010035423561930656, 0.006735548377037048, -0.004253851715475321, -0.00654203724116087, -0.03060872294008732, 0.01947334036231041, 0.016852451488375664, -0.013586524873971939, 0.0297396183013916, 0.004433783236891031, -0.017938829958438873, 0.023547260090708733, -0.0020793969742953777, -0.0028364669997245073, -0.01770797371864319, -0.022922592237591743, 0.009648401290178299, -0.003989046905189753, 0.0059513188898563385, -0.016675913706421852, -0.008758928626775742, -0.009261379018425941, -0.0048920996487140656, 0.02252878062427044, -0.018712874501943588, 0.009641611948609352, 0.011841529048979282, 0.003011306282132864, 0.030744519084692, 0.0016499378252774477, -0.008113891817629337, 0.010313808917999268, -0.02178189530968666, 0.04869692772626877, 0.008120681159198284, -0.041309554129838943, 0.0271323099732399, -0.009892837144434452, -0.023221345618367195, 0.014204402454197407, -0.0058087315410375595, 0.0017772477585822344, 0.00765218073502183, -0.021184386685490608, 0.018780773505568504, -0.036040615290403366, 0.006599751301109791, -0.005387759767472744, 0.016024086624383926, 0.0030028189066797495, 0.009444705210626125, 0.0011305129155516624, -0.015222882851958275, -0.02835448645055294, -0.0048581501469016075, 0.0072515783831477165, -0.026996511965990067, -0.03568754345178604, 0.016988247632980347, 0.02265099808573723, 0.04125523567199707, 0.017069727182388306, 0.041852742433547974, 0.008528073318302631, -0.02650764212012291, -0.026113830506801605, -0.03563322499394417, 0.008555232547223568, 0.01599692739546299, 0.027376744896173477, 0.014394518919289112, 0.002505460986867547, -0.012534094974398613, 0.012194601818919182, -0.015820391476154327, 0.012024855241179466, 0.028626080602407455, 0.0321568101644516, -0.0026836951728910208, -0.0011262692278251052, 0.01615988463163376, 0.031559303402900696, 0.014774751849472523, 0.017653655260801315, 0.006107485853135586, -0.002951894886791706, 0.04565506801009178, -0.013538995757699013, 0.01503276638686657, -0.026738498359918594, -0.03644800931215286, -0.0073602162301540375, 0.015847550705075264, -0.004494892433285713, -0.035035714507102966, -0.025597799569368362, 0.009994684718549252, 0.002400218043476343, 0.010313808917999268, 0.025950873270630836, 0.0010388497030362487, 0.0371813140809536, -0.02152387984097004, -0.009818147867918015, -0.02664344012737274, 0.015331520698964596, -0.024823755025863647, 0.003931333310902119, -0.012758160941302776, -0.006182174198329449, 0.008636711165308952, 0.005102585535496473, 0.010755149647593498, 0.01025948952883482, 0.004067130386829376, -0.00530967628583312, 0.028001412749290466, -0.03606777638196945, 0.010605772957205772, 0.0027889381162822247, -0.014340199530124664, -0.03609493374824524, -0.011970535852015018, -0.004172373563051224, -0.0013409988023340702, 0.008521283976733685, 0.021306604146957397, 0.004253851715475321, -0.0038736192509531975, -0.023520100861787796, -0.008236109279096127, 0.00023509915627073497, -0.038213372230529785, 0.03351478651165962, 0.0256249587982893, 0.02039676159620285, 0.018196845427155495, 0.011814368888735771, -0.02479659579694271, -0.02202633023262024, 0.021809054538607597, 0.01615988463163376, 0.030337126925587654, 0.03509003296494484, -0.003595234826207161, -0.040847841650247574, -0.0028839961159974337, -0.030337126925587654, 0.003734427038580179, -0.02982109785079956, 0.0026599306147545576, 0.0038838041946291924, -0.021632516756653786, 0.005706883501261473, 0.005180669017136097, -0.030771678313612938, 0.012323609553277493, 0.016024086624383926, 0.014734012074768543, 0.0018078022403642535, -0.007075041998177767, -0.050869688391685486, -0.001469157519750297, -0.008799668401479721, 0.03430240973830223, 0.028951995074748993, -0.004386254120618105, -0.030853157863020897, -0.00470198318362236, 0.01692034862935543, 0.023004069924354553, 0.010123692452907562, 0.020668355748057365, -0.03753438591957092, 0.004172373563051224, 0.008365117013454437, 0.012364348396658897, -0.01947334036231041, -0.01220818143337965, 0.01453031599521637, 0.03006553277373314, -0.008405855856835842, 0.008949045091867447, 0.012052014470100403, 0.008487334474921227, 0.010035423561930656, -0.0004858998872805387, -0.011529195122420788, -0.019785674288868904, 0.0031504984945058823, 0.02449784241616726, 0.03343330696225166, 0.007618231233209372, 0.016635175794363022, -0.007441694848239422, -0.003272716188803315, -0.00990641675889492, -0.02140166237950325, -0.007889825850725174, -0.008568813093006611, -0.025489162653684616, -0.013973547145724297, -0.011196491308510303, -0.0012951672542840242, 0.023384302854537964, -0.018604237586259842, 0.002953592222183943, 0.019486919045448303, 0.03587765991687775, -0.024511421099305153, -0.00623988825827837, 0.00031806284096091986, -0.024185508489608765, -0.014964867383241653, 0.018617816269397736, 0.005438683554530144, -0.015250042080879211, -0.00902373343706131, 0.0008135109674185514, -0.030853157863020897, 0.004566185642033815, 0.02265099808573723, 0.012893958017230034, -0.009648401290178299, -0.02487807348370552, 0.009858887642621994, -0.01074157003313303, 0.008297218009829521, -0.02835448645055294, -0.013586524873971939, 0.014992027543485165, -0.013369249179959297, -0.013111233711242676, -0.013729112222790718, -0.013613684102892876, -0.001346939941868186, -0.00019404168415348977, 0.014774751849472523, -0.0010965635301545262, -0.013158762827515602, 0.001409746240824461, -0.014734012074768543, -0.010150851681828499, -0.010469975881278515, -0.015508057549595833, -0.011889058165252209, -0.02001652866601944, -0.013219871558248997, 0.008623131550848484, -0.0034390678629279137, -0.01220818143337965, 0.000204650845262222, 0.028870515525341034, -0.000897959980648011, 0.00034776850952766836, -0.02516324818134308, -0.017151204869151115, -0.01480191107839346, -0.010721201077103615, -0.011766839772462845, -0.0005092400824651122, -0.01365442294627428, 0.04310207813978195, 0.0266298595815897, 0.013613684102892876, -0.012350768782198429, 0.0008699517347849905, -0.02739032544195652, -0.01503276638686657, -0.006908690091222525, 0.015331520698964596, 0.012024855241179466, 0.021917691454291344, -0.0050652408972382545, 0.03614925220608711, 0.01369516272097826, 0.017477119341492653, -0.0383763313293457, -0.0020624222233891487, -0.008820037357509136, -0.0030062138102948666, 0.018251163884997368, -0.005465843249112368, -0.021510299295186996, 0.004871729761362076, 0.014992027543485165, 0.016567276790738106, 0.021388081833720207, 0.030391447246074677, -0.018183264881372452, -0.034112293273210526, -0.013369249179959297, -0.04929443821310997, -0.0025071585550904274, -0.0011339078191667795, 0.027064410969614983, -0.014924128539860249, -0.023465782403945923, -0.0027787531726062298, -0.012296449393033981, 0.009614451788365841, 0.001240848214365542, 0.02764834091067314, -0.0009157833410426974, 0.01625494286417961, -0.00487851956859231, 0.008704610168933868, -0.011196491308510303, -0.018183264881372452, 0.04166262596845627, 0.009288538247346878, 0.031043274328112602, 0.022338664159178734, 0.008127471432089806, -0.002067514695227146, -0.007353426422923803, 0.04065772518515587, 0.020749835297465324, 0.00906447321176529, 0.006182174198329449, -0.0005716219893656671, -0.0087928781285882, -0.015521637164056301, 0.011875477619469166, -0.014964867383241653, -0.012561255134642124, 0.0020793969742953777, 0.017789453268051147, -0.01666233502328396, -0.014190822839736938, -0.010843418538570404, -0.04049476981163025, -0.02248804084956646, 0.02433488517999649, 0.003255741437897086, -0.01730058155953884, -0.023506520316004753, -0.017694395035505295, 0.0049498132430016994, -0.007428114768117666, 0.02449784241616726, -0.006674439646303654, -0.016866030171513557, 0.015969768166542053, 0.016091985628008842, -0.0006620120839215815, 0.02031528390944004, 0.1846843957901001, 0.005234987940639257, 0.013158762827515602, 0.014543895609676838, -0.01025948952883482, -0.011447716504335403, -0.00938359647989273, -0.019907891750335693, 0.002822887385264039, 0.003406815929338336, 0.0021371108014136553, -0.0033915387466549873, -9.908962965710089e-05, -0.006192359142005444, -0.008073152042925358, -0.012927907519042492, -0.019581977277994156, -0.019256064668297768, -0.018617816269397736, 0.0006331551121547818, 0.02935938723385334, 0.0061753843910992146, 0.011250810697674751, -0.01947334036231041, 0.021836213767528534, -0.01679813116788864, 0.008928675204515457, 0.005981873255223036, -0.005781572312116623, 0.003744611982256174, -0.015372259542346, -0.013430357910692692, 0.014842649921774864, 0.026494063436985016, -0.023628737777471542, -0.0089422557502985, 0.016675913706421852, 0.0043489099480211735, 0.023180607706308365, 0.01969061605632305, -0.006253467872738838, -0.005143324378877878, 0.014693273231387138, 0.0060429819859564304, -0.02517682872712612, -0.02349294163286686, -0.0027125519700348377, -0.04209717735648155, -0.0046476642601192, 0.022121388465166092, -0.03856644779443741, 0.00867066066712141, 0.01776229403913021, 0.026412583887577057, -0.005859655793756247, -0.006066746544092894, -0.0004022996290586889, 0.013247031718492508, -0.021089328452944756, 0.02419908717274666, -0.0019758513662964106, 0.021007848903536797, 0.038457807153463364, 0.010042213834822178, 0.007516383193433285, 0.003466227324679494, -0.007808347698301077, -0.0412009172141552, 0.0045254467986524105, 0.011386607773602009, -0.003700477769598365, -0.004247061908245087, 0.0021863372530788183, -0.0016991642769426107, 0.002240656176581979, -0.01013727206736803, 0.02081773430109024, 0.01993505097925663, 0.007007142994552851, 0.0158747099339962, -0.033487625420093536, -0.025366945192217827, -0.014122923836112022, -0.004501682240515947, -0.03552458807826042, 0.004769881721585989, 0.017354901880025864, -0.005330045707523823, -0.024973131716251373, 0.0008045992581173778, -0.011230440810322762, -0.003877014387398958, -0.009539763443171978, 0.01245940662920475, -0.030500084161758423, 0.008025622926652431, 0.020043687894940376, 0.006195753812789917, -0.010361338034272194, -0.004328540526330471, -0.0514400340616703, 0.026140989735722542, 0.0472303181886673, 0.0092953285202384, -0.0036767132114619017, -0.0009217244805768132, -0.00616859458386898, 0.013640843331813812, -0.0025037636514753103, -0.008093521930277348, 0.011311919428408146, -0.0387837216258049, -0.0020318678580224514, -0.015589535236358643, 0.0032014225143939257, 0.015209303237497807, 0.02576075680553913, -0.013396408408880234, 0.016648754477500916, 0.02658911980688572, 0.017748713493347168, -0.03362342342734337, -0.014380939304828644, 0.008446594700217247, 0.0016032574931159616, -0.04750191047787666, -0.018780773505568504, 0.012310029938817024, -0.00095397635595873, -0.0077268690802156925, 0.023818854242563248, -0.02127944491803646, -0.0030910870991647243, -0.02077699452638626, 0.0025835444685071707, 0.005581270903348923, 0.0005440381355583668, -0.019649876281619072, 0.00026140990667045116, 0.01867213472723961, 0.015603114850819111, -0.0229090116918087, 0.01796598918735981, 0.0036427639424800873, 0.004535631276667118, -0.008276848122477531, -0.005469238385558128, -0.003985652234405279, -0.01222855132073164, -0.04291196167469025, 0.004101079888641834, 0.006834001746028662, -0.00805957242846489, -0.0242126677185297, 0.007496013771742582, -0.032971594482660294, -0.0011279666796326637, -0.04291196167469025, 0.0037581915967166424, -0.007543542888015509, -0.025013871490955353, 0.014245142228901386, -0.011033534072339535, -0.012221761047840118, -0.02467437833547592, -0.03131486847996712, -0.171213299036026, 0.01872645504772663, 0.04174410551786423, -0.026684178039431572, 0.021265864372253418, 0.017137626186013222, 0.019527658820152283, 0.0019503893563523889, -0.022230025380849838, -0.013009386137127876, 0.021197965368628502, -0.016051245853304863, -0.03408513590693474, -0.026113830506801605, -0.029087791219353676, 0.01357294525951147, -0.00048080747365020216, -0.0045254467986524105, 0.03245556727051735, 0.030337126925587654, 0.05331403762102127, -0.034574005752801895, -0.011067483574151993, -0.019296802580356598, 0.014353780075907707, 0.0025903345085680485, -2.4560224119341e-05, -0.0009089934756048024, -0.009831728413701057, -0.011230440810322762, -0.009139161556959152, 0.01097242534160614, 0.025910133495926857, -0.017898090183734894, 0.004756302107125521, 0.007102201227098703, -0.0095465537160635, -0.028653239831328392, -0.004145213868469, -0.017517857253551483, 0.02667059935629368, -0.0010235725203529, -0.004718957934528589, 0.046795766800642014, 0.0035375209990888834, 0.02047823928296566, -0.014747591689229012, -0.012119913473725319, 0.022501621395349503, -0.03082599863409996, 0.010361338034272194, -0.027621179819107056, -0.002415495226159692, 0.02634468488395214, 0.017979569733142853, 0.012133493088185787, 0.01184831839054823, 0.014516736380755901, -0.0259237140417099, -0.018835091963410378, 0.0016151396557688713, -0.011753260158002377, -0.02483733557164669, 0.013959967531263828, -0.023927493020892143, 0.012140283361077309, -0.013518625870347023, -0.011542774736881256, -0.061706315726041794, -0.004722352605313063, -0.004494892433285713, 0.008928675204515457, 0.02375095523893833, 0.012418667785823345, 0.013701952062547207, 0.013342089019715786, -0.0050822156481444836, -0.00042967128683812916, 0.011902637779712677, 0.010381706990301609, -0.017830191180109978, 0.024606479331851006, -0.018522758036851883, 0.060837212949991226, -0.005723858252167702, -0.001240848214365542, 0.025353364646434784, -0.00530628114938736, -0.02055971883237362, 0.007597861811518669, 0.020573297515511513, -0.015969768166542053, 0.005363995209336281, 0.008127471432089806, 0.0027872405480593443, -0.00543189374729991, 0.017069727182388306, -0.0031810528598725796, 0.012065594084560871, -0.005818916484713554, 0.007441694848239422, -0.0005584665923379362, -0.029386546462774277, 0.0018332642503082752, 0.03340614587068558, 0.01480191107839346, 0.02781129628419876, 0.018835091963410378, 0.029169270768761635, 0.03150498494505882, -0.02178189530968666, 0.02055971883237362, -0.01822400465607643, 0.040820684283971786, 0.007170099765062332, 0.02387317456305027, -0.005998848006129265, -0.01905236765742302, 0.01621420308947563, 0.014340199530124664, 0.047420434653759, -0.005890210159122944, -0.016309261322021484, -0.00621951837092638, 0.015331520698964596, -0.023425042629241943, -0.08859419077634811, -0.016988247632980347, -0.005761202424764633, 0.01137302815914154, -0.021809054538607597, -0.010042213834822178, -0.017870930954813957, 0.041391029953956604, -0.012201392091810703, 0.04000589996576309, -0.029549503698945045, -0.024769436568021774, 0.0027974252589046955, 0.015562376007437706, 0.002092976588755846, 0.009356437250971794, -0.019527658820152283, 0.010211960412561893, -0.009057682938873768, 0.047936465591192245, -0.00841943547129631, -0.023099128156900406, 0.006389265414327383, -0.023778116330504417, -0.016200624406337738, -0.006104090716689825, -0.028164369985461235, -0.001538753742352128, 0.02027454413473606, -0.011936587281525135, 0.008962624706327915, -0.000752826570533216, 0.03764302656054497, -0.012771740555763245, -0.019161006435751915, -0.014489577151834965, -0.029875416308641434, -0.03207533434033394, 0.034030813723802567, -0.007754028774797916, -0.0035001765936613083, 0.0018672135192900896, 0.0030231885612010956, -0.014625374227762222, 0.01838696002960205, -0.011719311587512493, -0.019948629662394524, 0.03989725932478905, -0.0031369186472147703, -0.023927493020892143, -0.011943376623094082, -0.011651412583887577, -0.024810176342725754, -0.004552606027573347, 0.04991910606622696, -0.004192742984741926, 0.005598245654255152, 0.011923006735742092, -0.0034645297564566135, 0.04234161227941513, -0.0090441033244133, -0.006538642104715109, -0.017830191180109978, 0.0009913205867633224, 0.02160535752773285, -0.00839906558394432, -0.0032693210523575544, -0.016825292259454727, -0.005571086425334215, -0.0086910305544734, -0.027186628431081772, 0.025108929723501205, -0.021768314763903618, 0.013233451172709465, -0.007407745346426964, 0.02638542465865612, -0.010877367109060287, 0.004304775968194008, 0.006423214450478554, -0.008276848122477531, -0.001026967423968017, -0.013185922056436539, -0.005231592804193497, -0.0266298595815897, 0.012948277406394482, 0.00265314057469368, 0.006640490144491196, 0.011861898005008698, 0.0031114567536860704, -0.036665283143520355, 0.0049837627448141575, 0.0021642702631652355, 0.011386607773602009, -0.03044576570391655, -0.007815137505531311, 0.023737376555800438, -0.021713996306061745, -0.002284790389239788, -0.0009225732064805925, -0.010469975881278515, -0.02332998439669609, -0.03028280846774578, -0.041771262884140015, 0.04264036566019058, 0.019663456827402115, 0.0008988087065517902, -0.004919258877635002, -0.012846428900957108, -0.011182911694049835, -0.03756154701113701, 0.0019894312135875225, 0.024687957018613815, 0.008073152042925358, 0.0032659261487424374, 0.0028110051061958075, -0.028245847672224045, 0.00745527446269989, -0.02261025831103325, 0.0010515807662159204, 0.010986005887389183, 0.0035646804608404636, 0.014136504381895065, 0.04147250950336456, 0.011644622310996056, 0.009947155602276325, 0.024266986176371574, -8.519161929143593e-05, 0.005822311155498028, -0.025950873270630836, 0.010931686498224735, -0.020831312984228134, -0.02709157019853592, 0.002673510229215026, -0.030961794778704643, 0.006372290663421154, 0.030418606474995613, 0.03308023512363434, -0.007034302689135075, 0.010755149647593498, 0.02990257553756237, 0.04025033488869667, 0.008874356746673584, -0.0009064472978934646, -0.02144240215420723, -0.0069019002839922905, -0.03625789284706116, -0.018577076494693756, 0.0024222852662205696, -0.02160535752773285, -0.008256479166448116, -0.014190822839736938, -0.006053166929632425, 0.03231976926326752, 0.011950166895985603, -0.009648401290178299, -0.03454684466123581, -0.021768314763903618, -0.029658140614628792, 0.018115365877747536, 5.1109665946569294e-05, -0.0029960290994495153, 0.007516383193433285, 0.03739858791232109, -0.017694395035505295, 0.016852451488375664, -0.020994270220398903, 0.02001652866601944, -0.03332467004656792, -0.0018162894994020462, 0.00403997115790844, 0.026208888739347458, -0.004162188619375229, -0.018373381346464157, -0.010340968146920204, 0.0023000675719231367, 0.017314162105321884, -0.018780773505568504, 0.003035070840269327, -0.022881852462887764, 0.015317941084504128, 0.0027685684617608786, 0.022257184609770775, 0.015983348712325096, -0.004457547795027494, 2.76368828053819e-05, 0.021809054538607597, 0.039842940866947174, 0.024565739557147026, -0.023017650470137596, 0.01876719295978546, 0.010449605993926525, -0.01110143307596445, -0.02487807348370552, 0.0046476642601192, -0.01112180296331644, 0.0018332642503082752, 0.023683058097958565, -0.010178010910749435, -0.025937292724847794, -0.005795151926577091, 0.01917458511888981, 0.0027974252589046955, 0.004454153124243021, -0.004433783236891031, 0.0032608339097350836, -0.011508825235068798, -0.016784552484750748, -0.02626320719718933, -0.025597799569368362, -0.019649876281619072, -0.015698174014687538, 0.013735901564359665, -0.009913206100463867, -0.009186690673232079, -0.02077699452638626, 0.01114217285066843, 0.004946418572217226, 0.018658556044101715, -0.00040760423871688545, -0.013932808302342892, -0.018495598807930946, 0.028870515525341034, 0.012663102708756924, -0.005516767036169767, 0.014340199530124664, -0.03389501944184303, 0.022515200078487396, 0.027539702132344246, -0.03036428615450859, -0.007876246236264706, 0.022270765155553818, -0.017069727182388306, -0.0009548250818625093, 0.008874356746673584, -0.001792524941265583, 0.0031352213118225336, 0.00967556145042181, -0.02906063199043274, -0.005238382611423731, -0.019799252972006798, -0.009091632440686226, 0.08332525193691254, 0.0003458588616922498, 0.0021863372530788183, -0.0024036129470914602, -0.00548621267080307, 0.02160535752773285, 0.016431478783488274, 0.02156461961567402, -0.020111586898565292, -0.02626320719718933, 0.020994270220398903, 0.017789453268051147, 0.002001313492655754, -0.01721910387277603, -0.021632516756653786, 0.003934727981686592, 0.024470681324601173, 0.019948629662394524, -0.01876719295978546, -0.018237583339214325, 0.012398297898471355, 0.008018833585083485, 0.016268521547317505, -0.0007154822815209627, 0.02383243478834629, 0.00641981977969408, 0.02210780791938305, -0.018115365877747536, -0.015929028391838074, -0.03739858791232109, -0.0016389042139053345, 0.007047882303595543, -0.026059510186314583, -0.013145183213055134, -0.004793646279722452, -0.03014701046049595, 0.004311565775424242, 0.006840791553258896, 0.005214618053287268, 0.007190469652414322, 0.0003225186956115067, 0.0043964390642941, -0.026154568418860435, -0.029630981385707855, -0.019364701583981514, -0.0033355222549289465, 0.018617816269397736, -0.010191590525209904, -0.04720315709710121]","[-0.017609957605600357, 0.015509444288909435, 0.0019386805361136794, -0.007853803224861622, -0.014452583156526089, 0.018362971022725105, -0.0008223704644478858, -0.009366435930132866, -0.01951230876147747, 0.00045783576206304133, 0.01013266108930111, 0.014716798439621925, -0.002191336592659354, -0.012186936102807522, 0.0066747418604791164, 0.009954315610229969, 0.010746961459517479, 0.0053107296116650105, 0.014175157062709332, -0.013844887726008892, -0.01894424483180046, 0.012470967136323452, 0.0004594871134031564, -0.00965046789497137, -0.025985585525631905, 0.01066769752651453, 0.03255133703351021, -0.00883140042424202, 0.005072935950011015, -0.019684048369526863, 0.013349483720958233, 0.0045081754215061665, -0.033185455948114395, -0.04533936455845833, -0.013290034607052803, -0.023092426359653473, 0.01033742818981409, 0.000135203983518295, 0.022286569699645042, 0.0066912551410496235, 0.02893158793449402, -0.017015472054481506, 0.001382176880724728, -0.02692355029284954, -0.03424231708049774, 0.03305334597826004, 0.002901415340602398, -0.02026532217860222, -0.023449117317795753, 0.007424452807754278, 0.019736891612410545, 0.015179174952208996, -0.040689174085855484, -0.008111412636935711, -0.00614961376413703, 0.014214788563549519, 0.0212164968252182, 0.02223372645676136, 0.010046791285276413, 0.016183193773031235, 0.007365004625171423, 0.019974684342741966, -0.021256130188703537, 0.012735182419419289, -0.020516326650977135, 0.0011187870986759663, 0.01825728453695774, -0.028191784396767616, -0.00799251627177, -0.007906646467745304, 0.015734028071165085, 0.016447409987449646, -0.006843178998678923, 0.00530412420630455, 0.0376506969332695, -0.0020460181403905153, -0.01858755387365818, 4.585066199069843e-05, 0.014545057900249958, -0.021678874269127846, 0.018191231414675713, -0.027636932209134102, -0.01882534846663475, 0.02893158793449402, 0.003137558000162244, 0.010330822318792343, 0.009749548509716988, 0.030199822038412094, 0.009551387280225754, -0.01492817047983408, -0.012887106277048588, 0.0162888802587986, 0.006476580165326595, -0.012279410846531391, 0.013567461632192135, 0.02303958311676979, -0.024439925327897072, 0.034110210835933685, -0.0162888802587986, 0.009122037328779697, -0.003414984093979001, -0.006562449969351292, -0.03099246695637703, -0.012226567603647709, -0.01391094084829092, 0.006836573593318462, -0.00893708597868681, 0.0011807125993072987, 0.01984257623553276, -0.028138941153883934, 0.008904059417545795, 0.04016074165701866, -0.004059009253978729, -0.014412950724363327, -0.012206751853227615, -0.007173448335379362, -0.02282821200788021, -0.032524917274713516, -0.0313887894153595, -0.006360985804349184, -0.005079541355371475, 0.017253266647458076, -0.005053119733929634, -0.016328511759638786, 0.03078109584748745, -0.004887985065579414, -0.01745142787694931, -0.014082681387662888, 0.003547091968357563, -0.0019667535088956356, 0.0546925887465477, 0.020238900557160378, 0.02325095608830452, 0.03878682106733322, -0.0016059342306107283, -0.02071448788046837, -0.006364288739860058, 0.0070809731259942055, -0.019195249304175377, -0.02829747088253498, 0.015879346057772636, 0.015298072248697281, -0.01652667298913002, 0.012338859960436821, -0.047505930066108704, 0.02318490296602249, 0.011222549714148045, 0.0036825023125857115, 0.011017782613635063, -7.792290125507861e-05, 0.010165687650442123, 0.01258325856178999, 0.0049144066870212555, 0.0203181654214859, -0.0003680438094306737, 0.00911543145775795, -0.011856666766107082, 0.0033241601195186377, 0.010258163325488567, -0.035457707941532135, 0.013950573280453682, 0.024162499234080315, 0.0009908077772706747, -0.019195249304175377, 0.03305334597826004, 0.01569439470767975, 0.0156151307746768, -0.008956902660429478, -0.010548800230026245, -0.013072057627141476, -0.016922997310757637, 0.0162888802587986, -0.001049430575221777, 0.03191722184419632, 0.009729732759296894, -0.019221670925617218, 0.04259152337908745, 0.012589864432811737, -0.030173400416970253, -0.009095615707337856, -0.016922997310757637, 0.02680465392768383, 0.019195249304175377, 0.010106239467859268, -0.011585845611989498, -0.0017107947496697307, -0.032472074031829834, -0.01560191996395588, 0.00865305494517088, -0.009835418313741684, 0.012735182419419289, 0.018455445766448975, 0.005512193776667118, -0.0052744001150131226, -0.6121342778205872, -0.007523533888161182, 0.0031193932518363, -0.023686911910772324, 0.006631806958466768, 0.008778557181358337, -0.016724836081266403, 0.012094460427761078, -0.01655309461057186, 0.0248098261654377, -0.015245229005813599, 0.019076352939009666, 0.001986569492146373, -0.009366435930132866, 0.00373534532263875, -0.0040557063184678555, 0.031098153442144394, -0.035193491727113724, 0.0016571260057389736, -0.018772505223751068, -0.046871814876794815, 0.019565150141716003, -0.008857821114361286, -0.009901472367346287, -0.004247262608259916, -0.00425056554377079, 0.006942260079085827, -0.03051687963306904, 0.013111690059304237, 0.044758088886737823, -0.02459845505654812, 0.011064019985496998, 0.03395168110728264, 0.0017322623170912266, 0.04058348760008812, 0.007213080767542124, -0.017134368419647217, 0.0030500367283821106, 0.0028700397815555334, 0.020159635692834854, -0.02280179038643837, -0.006803546566516161, 0.029248645529150963, -0.005987781565636396, 0.006337867118418217, -0.011136679910123348, 0.036382462829351425, 0.004141576588153839, 0.00782738160341978, -0.040002211928367615, 0.020846595987677574, 0.01181703433394432, -0.003860847558826208, -0.0033010412007570267, 0.02761051058769226, -0.01240491308271885, 0.04076843708753586, -0.03276271000504494, 0.011618872173130512, 0.004191116895526648, -0.0018379484536126256, -0.01730610989034176, -0.02758408896625042, 0.006849784404039383, -0.020754121243953705, 0.03197006508708, 0.033449672162532806, 0.01595861092209816, -0.00896350760012865, -0.012563442811369896, 0.02315848134458065, 0.019855787977576256, -0.010918701998889446, 0.019142406061291695, -0.013871309347450733, 0.019287724047899246, 0.018521500751376152, -0.03313261270523071, 0.005409810692071915, 0.0038641502615064383, -0.007655641529709101, -0.00875874049961567, -0.04306711256504059, -0.0054197185672819614, 0.0038047018460929394, 0.010211925953626633, -0.03469148278236389, -0.022630048915743828, 0.020371008664369583, 0.005680631380528212, 0.010898885317146778, 0.01903671957552433, -0.008520946837961674, 0.009168274700641632, 0.012999397702515125, 0.01528486143797636, -0.011889693327248096, 0.025721369311213493, 0.023079216480255127, -0.03289481997489929, -0.010997965931892395, -0.005601366516202688, -0.007279134355485439, -0.009313592687249184, 0.032287124544382095, -0.00899653509259224, -0.03823196887969971, -0.004603953566402197, 0.019419832155108452, -0.01972367987036705, -0.010020369663834572, -0.01277481485158205, -0.004016074351966381, -0.0038707556668668985, -0.016579516232013702, -0.037914909422397614, 0.020912649109959602, 0.012464362196624279, 0.010984756052494049, -0.01885177008807659, 0.00962404627352953, -0.008857821114361286, 0.011856666766107082, -0.01412231381982565, -0.004082127939909697, 0.0102383466437459, -0.006588871590793133, -0.007094183936715126, -0.005693842191249132, 0.014848905615508556, 0.012992792762815952, -0.021956300362944603, 0.021322183310985565, 0.005928333383053541, 0.004207630176097155, -0.020780541002750397, -0.010713934898376465, 0.00572356628254056, 0.02298673987388611, -0.014505425468087196, 0.012094460427761078, 0.001303737866692245, 0.0042274463921785355, 0.0008161779260262847, 0.0006609513657167554, -0.0002320141502423212, -0.03778280317783356, -0.009511754848062992, -0.030411193147301674, -0.006043927278369665, -0.017979858443140984, -0.015575498342514038, -0.008976718410849571, -0.002290417207404971, -0.013111690059304237, -0.0028155455365777016, 0.007900040596723557, -0.0001574971538502723, 0.018957454711198807, -0.012015195563435555, -0.005515496712177992, 0.01778169721364975, -0.012721971608698368, -0.008818189613521099, -0.014175157062709332, -0.04647548869252205, 0.0012674082536250353, 0.009901472367346287, -0.013990205712616444, -0.013455169275403023, -0.026249799877405167, 0.01846865750849247, -0.01889140158891678, 0.003434800310060382, -0.006757309194654226, 0.008639844134449959, -0.043014269322156906, -0.025932742282748222, -0.0007356747519224882, -0.004752574488520622, 0.00511917332187295, 0.014280842617154121, 0.004385975655168295, 0.012068038806319237, 0.02985634095966816, 0.006360985804349184, 0.02594595216214657, 0.026276221498847008, -0.03627677634358406, 0.04954038932919502, 0.00391369080170989, -0.007959488779306412, -0.016685202717781067, -0.02618374675512314, -0.004798812326043844, 0.007952883839607239, 0.013990205712616444, -0.007900040596723557, 0.008302968926727772, 0.011962352320551872, 0.019551940262317657, -0.002250785008072853, 0.01730610989034176, -0.01915561780333519, -0.004432213492691517, -0.036171089857816696, -0.011599056422710419, -0.012200146913528442, 0.03786206617951393, 0.006100073456764221, 0.005323940422385931, -0.02845599874854088, 0.007523533888161182, -0.028614528477191925, 0.01607750728726387, 0.03173227235674858, 0.001346672885119915, 0.0034050759859383106, -0.0258534774184227, 0.0002805224503390491, -0.004749272018671036, 0.0027627022936940193, 0.02893158793449402, 0.019736891612410545, -0.002764353761449456, 0.0111300740391016, -0.0008562230505049229, 0.0023383062798529863, -0.000310246687149629, -0.015509444288909435, 0.004636980593204498, 0.02504762075841427, 0.006836573593318462, 0.0021302367094904184, 0.019736891612410545, -0.017649589106440544, 0.026342276483774185, -0.011797217652201653, 0.035008542239665985, -0.024453135207295418, 0.02277536876499653, 0.022365834563970566, 0.01745142787694931, -0.015773659572005272, 0.029010850936174393, 0.013290034607052803, 0.029803497716784477, 0.0406363308429718, 0.0001480019127484411, 0.044784512370824814, -0.017728853970766068, 0.0032151711639016867, -0.00581934442743659, -0.013223981484770775, 0.015641551464796066, -0.009062588214874268, 0.023290587589144707, 0.024439925327897072, -0.01447900477796793, 0.022458309307694435, 0.0001446992246201262, -0.018600765615701675, 0.028614528477191925, -0.01984257623553276, 0.023052794858813286, 0.01903671957552433, -0.019115984439849854, -0.032736290246248245, -0.02322453446686268, -0.03189079836010933, 0.020463483408093452, -0.03374030813574791, 0.006242088973522186, 0.00860681664198637, 0.0343744233250618, -0.0019254698418080807, -0.008468103595077991, 0.011275392957031727, 0.03374030813574791, 0.006397315766662359, -0.042063094675540924, -0.004144879058003426, -0.005046514328569174, 0.0005548523622564971, 0.0017735459841787815, -0.014730009250342846, -0.015509444288909435, 0.014095892198383808, -0.007028129883110523, 0.007985910400748253, 0.00019207221339456737, 0.007497112266719341, 0.004769088234752417, -0.02244509942829609, -0.016804099082946777, 0.029935605823993683, 0.015760449692606926, 0.012041617184877396, 0.010040185414254665, 0.0032399415504187346, 0.014452583156526089, 0.02545715495944023, -0.031335946172475815, -0.007166842930018902, 0.04470524564385414, -0.015165964141488075, -0.0015844667796045542, -0.028138941153883934, 0.035642657428979874, 0.00947212241590023, -0.012959766201674938, 0.0015118075534701347, -0.026527227833867073, 0.005690539255738258, -0.03537844493985176, -0.00859360583126545, -0.04195740818977356, -0.001368140452541411, 0.03540486469864845, 0.00108493457082659, -0.001015577930957079, -0.02988276258111, -0.02050311490893364, 0.011513186618685722, 0.002529862569645047, 0.022973529994487762, -0.00842847116291523, -0.013659936375916004, 0.012365280650556087, 0.005066330544650555, -0.009055983275175095, -0.008917270228266716, 0.009089009836316109, 0.001112181693315506, -0.01026476826518774, 0.004670007154345512, 0.023924704641103745, -0.018574343994259834, 0.010284584946930408, -0.025893110781908035, 0.0030896689277142286, 0.010905491188168526, -0.006364288739860058, -0.023951126262545586, 0.018389392644166946, 0.004782299045473337, 0.01667199283838272, 0.011585845611989498, 0.00564760435372591, 0.011513186618685722, 0.01766280084848404, 0.01915561780333519, -0.002462157281115651, -0.043912600725889206, 0.008382233791053295, 0.0074772960506379604, 0.028403155505657196, -0.006387407425791025, -0.006608687806874514, 0.05633072555065155, 0.014412950724363327, 0.014412950724363327, 0.017411794513463974, -0.0074772960506379604, 0.011744375340640545, 0.038654714822769165, -0.0006646668771281838, 0.0004107723943889141, -0.002800683258101344, 0.009670283645391464, -0.02713492326438427, -0.006902627646923065, 0.03009413555264473, 0.002879947889596224, -0.0018891401123255491, -0.005525404587388039, -0.015350915491580963, -0.002879947889596224, 0.02779546007514, -0.00019898722530342638, -0.034982118755578995, -0.028191784396767616, -0.012233173474669456, -0.03574834391474724, 0.007734905928373337, -0.00999394804239273, 0.04031927138566971, 0.011057415045797825, 0.006483185570687056, -0.03191722184419632, -0.03548412770032883, 0.00028485723305493593, -0.019208461046218872, 0.002529862569645047, -0.02336985245347023, -0.0017487757140770555, 0.005802830681204796, 0.007787749171257019, 0.032709866762161255, 0.03529917821288109, 0.015667973086237907, 0.0026553648058325052, 0.008553973399102688, 0.009082404896616936, -0.01424121018499136, -0.039077457040548325, 0.01780811883509159, 0.015165964141488075, -0.01391094084829092, 0.011083836667239666, 0.014941381290555, -0.011744375340640545, -0.025721369311213493, 0.011433921754360199, 0.02414928749203682, 0.002630594652146101, 0.010152476839721203, -0.02019926719367504, 0.026672545820474625, 0.019459465518593788, -0.013699568808078766, 0.036805205047130585, 0.0014779549092054367, -0.012068038806319237, 0.016090719029307365, 0.00947212241590023, -0.0009197999024763703, -0.01918203942477703, -0.019353779032826424, 0.008639844134449959, 0.0011064020218327641, 0.013937362469732761, -0.02988276258111, 0.0005532010109163821, -0.005432929378002882, -0.014426161535084248, 0.00996752642095089, -0.011480159126222134, 0.00695547042414546, 0.003699015825986862, -0.0026553648058325052, 0.025694947689771652, -0.002277206629514694, -0.014862116426229477, 0.0010213577188551426, -0.02599879540503025, 0.04084770381450653, 0.0062387865036726, -0.050940729677677155, 0.009670283645391464, -0.026738598942756653, -0.018059123307466507, 0.002671878319233656, 0.012563442811369896, 0.008369022980332375, 0.013831676915287971, -0.016183193773031235, 0.008672870695590973, -0.03651456907391548, 0.009716521948575974, -0.0059019117616117, 0.013659936375916004, 0.005720263812690973, 0.007946277968585491, -0.017226845026016235, -0.033819571137428284, -0.026104481890797615, -0.009736337698996067, -0.004597348161041737, -0.029460018500685692, -0.042115937918424606, 0.017940226942300797, 0.019261302426457405, 0.046871814876794815, 0.006552542094141245, 0.03577476739883423, 0.0014779549092054367, -0.031124575063586235, -0.030173400416970253, -0.03120383992791176, 0.00850113108754158, 0.007226291578263044, 0.03537844493985176, 0.011196128092706203, 0.003461221931502223, -0.021824192255735397, 0.018402602523565292, -0.006199154071509838, 0.0036395671777427197, 0.02327737770974636, 0.022194094955921173, 0.0065294234082102776, -0.009861839935183525, 0.028376735746860504, 0.038839664310216904, -0.010046791285276413, 0.014386529102921486, 0.021414658054709435, -0.010192109271883965, 0.04565642401576042, 0.00046691816532984376, 0.01709473691880703, -0.03418947383761406, -0.037492167204618454, -0.01709473691880703, 0.009161668829619884, 0.0017735459841787815, -0.023264165967702866, -0.017768485471606255, 0.007582982070744038, 0.001719051506370306, 0.010865858756005764, 0.01598503254354, 0.0007038863841444254, 0.033159032464027405, -0.008316179737448692, -0.0063576833344995975, -0.018904613330960274, 0.007734905928373337, -0.03397810086607933, -0.004689823370426893, -0.013422142714262009, -0.010053396224975586, -0.0028089401312172413, 0.004273684229701757, 0.0239114947617054, 0.011182917281985283, -0.014756430871784687, -0.0026850891299545765, 0.03461221978068352, -0.03548412770032883, 0.007232896983623505, -0.0017157488036900759, -0.007913251407444477, -0.04029284790158272, -0.002714813221246004, -0.03371388465166092, -0.0001894919842015952, 0.0019485886441543698, 0.02701602503657341, 0.004224143922328949, 0.000880993262398988, -0.016460619866847992, -0.008692687377333641, -0.00530412420630455, -0.030596144497394562, 0.045920636504888535, 0.0201728455722332, 0.036091823130846024, 0.004640283063054085, -0.0040028635412454605, -0.029327910393476486, -0.016513463109731674, 0.000514807237777859, 0.015113120898604393, 0.02067485637962818, 0.03442726656794548, -0.003844334278255701, -0.03371388465166092, -0.0027214186266064644, -0.015786871314048767, -0.002353168558329344, -0.013976994901895523, 0.007404636591672897, 0.01844223588705063, -0.021652452647686005, 0.007497112266719341, 0.012279410846531391, -0.03395168110728264, 0.004584137350320816, 0.010277979075908661, 0.00799251627177, -0.007721695117652416, -0.008289758116006851, -0.04013432189822197, -0.003626356367021799, -0.006625201553106308, 0.03104531019926071, 0.018983876332640648, -0.009709916077554226, -0.008910664357244968, -0.016460619866847992, 0.018574343994259834, 0.021044757217168808, -0.0024935328401625156, 0.028403155505657196, -0.05062367394566536, -0.007668852340430021, 0.003705620998516679, 0.014280842617154121, -0.01631530188024044, -0.0021715203765779734, 0.016724836081266403, 0.02130897343158722, 0.006720979232341051, -0.005406507756561041, 0.008203888311982155, 0.012094460427761078, 0.005948149599134922, 0.02041064016520977, -0.008151045069098473, -0.0009767713490873575, -0.004531294107437134, 0.013237192295491695, 0.03654099255800247, 0.02351517044007778, 0.01163868885487318, -0.004762482829391956, -0.0044090948067605495, -0.0106082484126091, -0.01258325856178999, -0.0043001058511435986, -0.01811196655035019, 0.0009214512538164854, -0.0030203124042600393, -0.016658781096339226, -0.013065451756119728, 0.02313205972313881, -0.010971545241773129, -0.008137834258377552, 0.025576051324605942, 0.02190345712006092, -0.03268344700336456, 0.018402602523565292, -0.004722850397229195, -0.01380525529384613, -0.02412286587059498, 0.010813015513122082, 0.016183193773031235, -0.02665933407843113, -0.009287171997129917, -0.00999394804239273, -0.02578742429614067, -0.005720263812690973, 0.0406363308429718, 0.011308419518172741, 0.0036791996099054813, -0.02130897343158722, 0.011770796030759811, -0.01422799937427044, 0.002972423331812024, -0.033608198165893555, -0.011433921754360199, 0.023990759626030922, -0.01181703433394432, -0.013223981484770775, -0.008256731554865837, -0.0044090948067605495, 0.00010088693670695648, -0.008230309933423996, 0.024941934272646904, -0.013098479248583317, -0.011248971335589886, -0.024611664935946465, -0.015113120898604393, 0.002974074799567461, -0.005518799182027578, -0.014307264238595963, -0.009584413841366768, -0.041851721704006195, -0.007510323077440262, 0.009432489983737469, 0.008197283372282982, 0.006450158543884754, 0.009155063889920712, 0.018983876332640648, -0.014360107481479645, 0.004323224537074566, -0.03197006508708, -0.009267355315387249, -0.007186659146100283, -0.012054827995598316, -0.011229154653847218, 0.005799528211355209, -0.009108826518058777, 0.03548412770032883, 0.018336549401283264, 0.011797217652201653, -0.017583535984158516, 0.003185447072610259, -0.024281395599246025, -0.008217099122703075, -0.012530415318906307, 0.017728853970766068, 0.017226845026016235, 0.0337667278945446, -0.004650191403925419, 0.020252110436558723, 0.007748116739094257, 0.020820174366235733, -0.03677878528833389, -0.018415814265608788, 0.00143419427331537, -0.01634172350168228, 0.02417570911347866, 0.007173448335379362, -0.021705295890569687, -0.0033654437866061926, 0.027399137616157532, 0.01032421737909317, 0.007153632119297981, 0.04187814146280289, -0.016870154067873955, -0.024096446111798286, -0.010410087183117867, -0.05400563031435013, 0.006777125410735607, -0.022458309307694435, 0.030701830983161926, -0.014796063303947449, -0.01747784949839115, 0.0002477019443176687, -0.0048516555689275265, 0.014703587628901005, -0.009042772464454174, 0.031071731820702553, 0.02029174380004406, 0.02621016837656498, -0.005294216331094503, 0.011136679910123348, -0.01610392890870571, -0.024611664935946465, 0.025747790932655334, 0.00547586428001523, 0.021110810339450836, 0.01527165062725544, 0.013686357997357845, 0.004901195876300335, -0.00015553618140984327, 0.032472074031829834, 0.02249794267117977, 0.01676446758210659, 0.02014642395079136, 0.010495956987142563, -0.009604230523109436, -0.009042772464454174, -0.00087025947868824, -0.023752965033054352, -0.009782575070858002, 0.0026388512924313545, 0.010033580474555492, -0.023805808275938034, 0.004485056735575199, 0.0014292402192950249, -0.039341673254966736, -0.017319319769740105, 0.030226241797208786, -0.005175319500267506, -0.015971820801496506, -0.020067160949110985, -0.017134368419647217, -0.0024753680918365717, -0.011546213179826736, 0.01934056729078293, -0.008600211702287197, -0.029486440122127533, 0.002761051058769226, 0.011394289322197437, 0.006116586737334728, 0.005726868752390146, 0.1777641326189041, 0.009432489983737469, 0.019538728520274162, 0.006915838457643986, -0.008699292317032814, -0.005066330544650555, -0.016222825273871422, -0.005350362043827772, 0.002863434376195073, 0.004534597042948008, -0.0034281949046999216, 0.00965046789497137, 0.0016901529161259532, -0.0036825023125857115, -0.02367370016872883, -0.004864866379648447, -0.02346232905983925, -0.03640888258814812, -0.02014642395079136, -0.010462930426001549, 0.012385097332298756, 0.005092752166092396, 0.013527829200029373, -0.01825728453695774, 0.018627185374498367, 0.0001361328613711521, 0.0010337427956983447, -0.001821434940211475, 6.600224878638983e-05, -0.005403205286711454, -0.011533002369105816, -0.016592727974057198, 0.01643419824540615, 0.023475538939237595, -0.026698967441916466, -0.013468380086123943, 0.02656685933470726, 0.003441405715420842, 0.028086097911000252, 0.005439534783363342, -0.02716134488582611, -0.014188367873430252, 0.021837403997778893, 0.019657626748085022, -0.03392525762319565, -0.016368145123124123, -0.0100864227861166, -0.0255496297031641, 0.0049936710856854916, 0.025179728865623474, -0.04327848553657532, 0.0075037176720798016, 0.004032587632536888, 0.012999397702515125, -0.003953323233872652, -0.005948149599134922, 0.030939623713493347, 0.014703587628901005, -0.02052953653037548, 0.01865360699594021, -0.026619702577590942, 0.015033856965601444, 0.05537955090403557, 0.017821328714489937, 0.003304343903437257, 0.012834263034164906, -0.00883140042424202, -0.041825298219919205, 0.02426818571984768, 0.0032201253343373537, 0.013303245417773724, 0.0020262019243091345, 0.011037598364055157, 0.0044718459248542786, 0.00277591310441494, -0.0075565604493021965, 0.011810428462922573, 0.011988773941993713, 0.02067485637962818, 0.020252110436558723, -0.029935605823993683, -0.025615684688091278, -0.003310949308797717, 0.0057334741577506065, -0.009861839935183525, 0.005948149599134922, 0.008184072561562061, -0.0004755877307616174, -0.018574343994259834, -0.004983763210475445, -0.004042495973408222, -0.012834263034164906, -0.0009470470831729472, 0.015364126302301884, -0.008349207229912281, 0.0030863662250339985, 0.013765622861683369, 0.010225135833024979, -0.005918425042182207, 0.010403481312096119, -0.05178622156381607, 0.021890247240662575, 0.03902461752295494, -0.013204164803028107, -0.012054827995598316, -0.01047614123672247, 0.0020674855913966894, 0.0019188644364476204, 0.006704465951770544, -0.0058887009508907795, 0.002072439529001713, -0.04885342717170715, -0.007880224846303463, -0.008203888311982155, 0.009108826518058777, 0.01751748099923134, 0.016592727974057198, -0.0038080045487731695, 0.010410087183117867, 0.009729732759296894, 0.022788578644394875, -0.03350251540541649, -0.016487041488289833, 0.015549076721072197, -0.005185227375477552, -0.023660490289330482, -0.011440527625381947, -0.001781802624464035, 0.003121044486761093, -0.024109655991196632, 0.029010850936174393, -0.019657626748085022, 0.004432213492691517, -0.006090165115892887, -0.001296306843869388, 0.007100788876414299, 0.02169208414852619, -0.01643419824540615, 0.007008313667029142, -0.011493369936943054, 0.03413663059473038, -0.011163100600242615, 0.005954754538834095, -0.007589587476104498, -0.0003019899595528841, -0.02083338424563408, -0.0071602375246584415, -0.019314145669341087, -0.01241812389343977, -0.02805967628955841, 0.0034248922020196915, 0.002886553294956684, -0.008269942365586758, -0.030279085040092468, 0.03012055717408657, -0.022577207535505295, 0.015126331709325314, -0.04396544396877289, -0.009729732759296894, 0.0168833639472723, -0.017530692741274834, 0.004884682130068541, -0.009941104799509048, 0.00046237697824835777, -0.026646124199032784, -0.02085980586707592, -0.16455335915088654, 0.026936760172247887, 0.05284308269619942, -0.03284197673201561, 0.014373318292200565, 0.024136077612638474, 0.02008037082850933, 0.0119557473808527, -0.008283153176307678, -0.00632795924320817, 0.023330220952630043, -0.02564210444688797, -0.03009413555264473, -0.016843732446432114, -0.03870755806565285, 0.009716521948575974, -0.005921727977693081, -0.004597348161041737, 0.0376506969332695, 0.02704244665801525, 0.04261794686317444, -0.03284197673201561, -0.006730887573212385, -0.019049931317567825, -4.715367595053976e-06, 0.015786871314048767, -0.017411794513463974, -0.014386529102921486, -0.012114276178181171, -0.007536744698882103, -0.007919857278466225, 0.02076733112335205, 0.02232620120048523, -0.011381078511476517, 0.010192109271883965, 0.005271097179502249, -0.012721971608698368, -0.02594595216214657, -0.012001984752714634, 0.01243133470416069, 0.01379204448312521, -0.002587659750133753, 0.006493093445897102, 0.03812628239393234, -0.00598447909578681, 0.03130952641367912, -0.003457919228821993, 0.0021450987551361322, 0.015509444288909435, -0.02325095608830452, 0.007946277968585491, -0.01742500625550747, 0.005185227375477552, 0.024558821693062782, 0.022577207535505295, 0.014386529102921486, 0.018429024145007133, 0.014426161535084248, -0.010198715142905712, -0.025140095502138138, 0.0022194094490259886, -0.012735182419419289, -0.011592451483011246, 0.010277979075908661, -0.0078075653873384, 0.02665933407843113, -0.030596144497394562, 0.003626356367021799, -0.06880169361829758, -0.013831676915287971, -0.018864979967474937, 0.007100788876414299, 0.02026532217860222, -0.012305832467973232, 0.01009963359683752, 0.019406622275710106, -0.01562834158539772, -0.0037881883326917887, 0.01292673870921135, 0.005674025975167751, -0.005535312928259373, 0.007437663618475199, -0.015086700208485126, 0.06478561460971832, -0.004402489401400089, -0.01241812389343977, 0.02199593186378479, -0.01661914959549904, -0.012457756325602531, 0.006995102856308222, 0.024096446111798286, -0.026514016091823578, 0.008745529688894749, -0.007767932955175638, 0.001572081702761352, -0.014109103009104729, 0.019670836627483368, 0.010984756052494049, 0.018627185374498367, -0.011262182146310806, 0.013844887726008892, -0.005561734549701214, -0.02014642395079136, 0.002455551875755191, 0.03289481997489929, 0.015152753330767155, 0.009432489983737469, 0.0053800861351192, 0.0248098261654377, 0.02074090950191021, -0.005631091073155403, 0.01380525529384613, -0.013415537774562836, 0.03696373477578163, 0.00029910009470768273, 0.01492817047983408, -0.005749987903982401, -0.012695549987256527, 0.0248098261654377, -0.001101447967812419, 0.04335774853825569, -0.012365280650556087, -0.025272203609347343, -0.00025637150974944234, 0.0014573130756616592, -0.000880993262398988, -0.09548744559288025, -0.03056972287595272, 0.007721695117652416, 0.017530692741274834, -0.036593835800886154, -0.00712721049785614, -0.0054362318478524685, 0.035008542239665985, -0.018336549401283264, 0.03720153123140335, -0.024572033435106277, -0.02029174380004406, 0.008646449074149132, 0.014412950724363327, 0.0016604287084192038, 0.009406068362295628, -0.006235483568161726, 0.0030648987740278244, 0.0012698853388428688, 0.03881324455142021, -0.012305832467973232, -0.019433043897151947, 0.0063940128311514854, 0.0003659796202555299, -0.023171691223978996, -0.017438216134905815, -0.033396828919649124, -0.00044008379336446524, 0.01175758522003889, -0.006281721405684948, 0.01650025136768818, -0.012200146913528442, 0.037280794233083725, -0.012847473844885826, -0.023105638101696968, -0.01619640365242958, -0.03717510774731636, -0.01664557121694088, 0.04814004898071289, 0.0034744325093925, 0.003583421465009451, -0.007411241997033358, -0.007946277968585491, -0.013554250821471214, 0.013290034607052803, -0.015298072248697281, -0.015786871314048767, 0.03812628239393234, 0.005327243357896805, -0.020925860852003098, -0.0049144066870212555, -0.002359773963689804, -0.019591571763157845, -0.021586399525403976, 0.06795620173215866, 0.006146310828626156, 0.007246107794344425, 0.017147580161690712, 2.2564099708688445e-05, 0.030041292309761047, -0.00928056612610817, -0.019670836627483368, 0.0037485561333596706, 0.010060002095997334, 0.018600765615701675, -0.0020063857082277536, -0.005512193776667118, 0.000594484678003937, 0.0012244732351973653, -0.006050532683730125, -0.017596745863556862, 0.017385374754667282, -0.03374030813574791, -0.00348103791475296, -0.010918701998889446, 0.026342276483774185, 0.000542467285413295, 0.004428910557180643, 0.006030716467648745, 0.008791767992079258, 0.006469974759966135, -0.010522378608584404, -0.020463483408093452, -0.015218807384371758, 0.007219686172902584, -0.0030004961881786585, 0.0002167392085539177, 0.002668575616553426, -0.014386529102921486, -0.030437614768743515, 0.007523533888161182, 0.004412397276610136, 0.004062311723828316, -0.017411794513463974, -0.013514618389308453, 0.027927568182349205, -0.03767711669206619, -0.013237192295491695, 0.00364286988042295, -0.014307264238595963, -0.015113120898604393, -0.023066004738211632, -0.04306711256504059, 0.036171089857816696, 0.033634621649980545, 0.017623167484998703, -0.010423297993838787, -0.01422799937427044, -0.02429460734128952, -0.03677878528833389, 0.015892555937170982, 0.03146805614233017, 0.001475477940402925, 0.0010428251698613167, 0.0008867729920893908, -0.03548412770032883, 0.011004571802914143, -0.011024387553334236, -0.003434800310060382, 0.012741788290441036, -0.00850113108754158, 0.022550785914063454, 0.04998955503106117, -0.012398308143019676, 0.008349207229912281, 0.006423736922442913, 0.0012657569022849202, 0.009894867427647114, -0.026276221498847008, 0.020450271666049957, -0.030411193147301674, -0.010997965931892395, 0.009960920549929142, -0.027055658400058746, 0.009227722883224487, 0.03035834990441799, 0.032736290246248245, -0.02268289215862751, 0.0014878630172461271, 0.028588106855750084, 0.013990205712616444, -0.0035735133569687605, 0.003857544856145978, -0.02372654341161251, -0.003248198190703988, -0.028614528477191925, -0.004729455802589655, -0.01110365241765976, -0.02507404237985611, -0.01879892684519291, -0.0040557063184678555, -0.002932791132479906, 0.02893158793449402, 0.012959766201674938, -0.020991913974285126, -0.023501960560679436, -0.030464036390185356, -0.03350251540541649, 0.006545936688780785, 0.0033225086517632008, -0.0028188482392579317, -0.002567843534052372, 0.03598614037036896, -0.031600162386894226, 0.019710469990968704, -0.013336272910237312, 0.029460018500685692, -0.027927568182349205, -0.007338583003729582, 0.011731164529919624, 0.03846976161003113, -0.014003416523337364, -0.006750703789293766, 0.0008248474914580584, -0.0016587773570790887, 0.022735735401511192, -0.032524917274713516, 0.004194419831037521, -0.008600211702287197, 0.015456601046025753, -0.007662246935069561, 0.03104531019926071, 0.010859252884984016, -0.008884242735803127, -0.002292068675160408, 0.018151598051190376, 0.024638086557388306, 0.03551055118441582, -0.013884520158171654, 0.023422695696353912, 0.005079541355371475, 0.0017487757140770555, -0.021031547337770462, -0.0026999511756002903, -0.01595861092209816, 0.005657512228935957, 0.019882209599018097, -0.0076027982868254185, -0.02220730483531952, -0.017174001783132553, 0.01697584055364132, 0.012933344580233097, 0.003963231109082699, -0.008197283372282982, -0.0028502237983047962, -0.001303737866692245, -0.01981615647673607, -0.01652667298913002, -0.04055706411600113, -0.028112519532442093, -0.009518359787762165, 0.016117140650749207, -0.005743382498621941, -0.006829968187958002, -0.027240607887506485, 0.009227722883224487, 0.008256731554865837, 0.010826226323843002, 0.0018082242459058762, -0.019327357411384583, -0.031547319144010544, 0.023647278547286987, 0.0031738874968141317, 0.007616009097546339, 0.015760449692606926, -0.023475538939237595, 0.020688066259026527, 0.016777679324150085, -0.021110810339450836, -0.01754390262067318, 0.004769088234752417, -0.011420710943639278, 0.0027461890131235123, -0.006849784404039383, -0.00432652747258544, 0.0015134589048102498, 0.005198438186198473, -0.011962352320551872, -0.0037419507279992104, -0.017940226942300797, -0.0285352636128664, 0.0720251202583313, -0.0043331328779459, 0.003271317109465599, -0.01260968018323183, 0.0016034572618082166, 0.018244074657559395, 0.0022177579812705517, 0.010344033129513264, -0.017940226942300797, -0.032287124544382095, 0.016262458637356758, 0.008104807697236538, 0.009406068362295628, -0.026698967441916466, -0.013527829200029373, 0.0074706906452775, 0.0025282111018896103, -0.007265923544764519, -0.013686357997357845, -0.0258534774184227, 0.007219686172902584, 0.024241764098405838, 0.001849507912993431, -0.01885177008807659, 0.0316794291138649, 0.007318766787648201, 0.006711071357131004, -0.020014317706227303, -0.014888538047671318, -0.03268344700336456, 0.009399463422596455, 0.006212364882230759, -0.02298673987388611, -0.01643419824540615, -0.005218254402279854, -0.027742618694901466, -0.006516212597489357, 0.00730555597692728, 0.0030269178096204996, -0.005459350999444723, 0.012028406374156475, 0.025655316188931465, -0.020635223016142845, -0.026395119726657867, -0.002615732606500387, -0.006730887573212385, 0.009478727355599403, -0.011275392957031727, -0.0355633944272995]","[-0.03086751140654087, 0.002502582734450698, -0.0004648774047382176, 0.000539379776455462, -0.04664981737732887, 0.012924201786518097, -0.01686977781355381, -0.00555935874581337, -0.05944854021072388, -0.005043506156653166, 0.005158527288585901, 0.010393735021352768, 0.010212489403784275, 0.024788815528154373, 0.005468735937029123, -0.002075610216706991, -0.003436694387346506, 0.010421618819236755, 0.01469483133405447, 0.0007790073286741972, -0.013865284621715546, 0.004545080941170454, 0.005005165468901396, -0.041435521095991135, -0.031062699854373932, 0.017371689900755882, 0.02848343551158905, -0.026838283985853195, 0.005695292726159096, 0.018068786710500717, 0.003462835680693388, 0.004750724881887436, -0.022000420838594437, -0.03206652030348778, -0.02503976970911026, 0.006190232466906309, -0.012450175359845161, -0.012282871641218662, 0.00013549847062677145, -0.010261286981403828, 0.006294797640293837, -0.01214345172047615, -0.005827741697430611, -0.021456684917211533, -0.03351648524403572, 0.014346282929182053, -0.016688533127307892, -0.04720749333500862, -0.006096124183386564, -0.00016545191465411335, 0.03912115469574928, 0.008727670647203922, -0.060117755085229874, 0.0056116413325071335, 0.015796246007084846, 0.003307731356471777, -0.00171399035025388, 0.002757023787125945, -0.026838283985853195, 0.005364171229302883, 0.032930921763181686, 0.010944442823529243, 0.003440180094912648, -0.007037207018584013, -0.018277917057275772, 0.020592283457517624, -0.005583757068961859, 0.0007049406412988901, 0.017315920442342758, 0.0059218499809503555, 0.03078386001288891, 0.007814471609890461, -0.00678973738104105, 0.013530677184462547, 0.020815353840589523, 0.0045973630622029305, -0.003401839639991522, 0.010519213043153286, 0.01565682701766491, 0.010888675227761269, 0.003617940004914999, -0.01638180948793888, -0.028915636241436005, 0.021874943748116493, 0.019086550921201706, -0.008455801755189896, 0.012966027483344078, 0.025973882526159286, -0.015210684388875961, -0.018473103642463684, 0.012394407764077187, 0.018222149461507797, 0.001456064055673778, 0.0024624995421618223, 0.011035066097974777, -0.019992778077721596, -0.018738001585006714, 0.03075597621500492, 0.005482677835971117, -0.015838073566555977, -0.017274094745516777, -0.010867762379348278, -0.03571931645274162, -0.016688533127307892, -0.04012497514486313, -0.020452862605452538, -0.01172519288957119, -0.005890480242669582, 0.011369672603905201, -0.007180112414062023, 0.0031299712136387825, 0.061065807938575745, 0.006385419983416796, -0.024956118315458298, -0.010867762379348278, -0.03189921751618385, 0.0163399837911129, -0.018054844811558723, -0.03945576399564743, -0.01390013936907053, 0.01936539076268673, 0.018473103642463684, 0.01614479534327984, -0.022070132195949554, 0.04625944048166275, -0.010637720115482807, 0.004489312879741192, -0.014890018850564957, 0.014032588340342045, -0.02530466765165329, 0.007912065833806992, 0.018751943483948708, 0.009619955904781818, -0.011341788806021214, -0.035161636769771576, 0.010296141728758812, -0.01611691154539585, 0.022572042420506477, -0.018124554306268692, -0.001866480684839189, 0.018222149461507797, 0.0029068998992443085, -0.005792886484414339, -0.010568009689450264, -0.02371528372168541, 0.03608180582523346, 0.009745433926582336, -0.015043380670249462, 0.006503927055746317, -0.021038426086306572, -0.021693699061870575, -0.010805022902786732, 0.0015135746216401458, 0.0034488937817513943, 0.0016843636985868216, -0.0006060398300178349, 0.0032188512850552797, 0.03518952056765556, -0.018026961013674736, -0.012931172735989094, 0.007842355407774448, 0.016883719712495804, 0.013865284621715546, -0.009487507864832878, 0.012763869017362595, 0.00896468386054039, 0.04126821830868721, 0.0027169405948370695, 0.016061143949627876, 0.004694956820458174, -0.005604669917374849, 0.013565532863140106, -0.05306312069296837, 0.002124407095834613, 0.009041364304721355, -0.008386092260479927, 0.00016370917728636414, -0.01214345172047615, -0.005534960422664881, -0.005988074000924826, 0.0018507959321141243, -0.005740604363381863, 0.006455129943788052, 0.034743379801511765, -0.03189921751618385, -0.011299963109195232, -0.014973671175539494, -0.0031317139510065317, -0.0011075148358941078, 0.02576475217938423, 0.0041686478070914745, 0.022836940363049507, -0.0082815270870924, 0.016674591228365898, -0.599169909954071, -0.0004696699616033584, -0.007458951324224472, -0.030058877542614937, -0.002753538079559803, 0.031341537833213806, -0.03513375297188759, -0.009912737645208836, -0.03109058365225792, 0.03318187966942787, -0.01850098744034767, 0.011090833693742752, -0.002368391491472721, -0.023241257295012474, -0.002333536511287093, -0.014255659654736519, 0.030505020171403885, -0.020229792222380638, -0.027702685445547104, 0.0051620127633214, -0.0029835805762559175, 0.002133120782673359, -0.015824131667613983, 0.010400705970823765, 0.0032397641334682703, 0.015350104309618473, 0.017789948731660843, -0.013844371773302555, -0.010568009689450264, -0.014876076951622963, -0.004189560655504465, 0.0026559443213045597, 0.012812666594982147, 0.01201100368052721, 0.045255620032548904, -0.010986268520355225, -0.016883719712495804, 0.01233166828751564, -0.013969849795103073, 0.02075958624482155, -0.03404628112912178, -0.016214506700634956, 0.0256113912910223, 0.006266913376748562, 0.0020878093782812357, 0.016312099993228912, 0.021498510614037514, -0.009027422405779362, -0.0004470142594072968, -0.03097904659807682, 0.0027169405948370695, -0.001856024144217372, 0.016465460881590843, -0.00168784917332232, -0.0024729561991989613, -0.00685596140101552, 0.012889347039163113, -0.0006382805877365172, -0.005527989473193884, 0.004538109991699457, 0.008100282400846481, -0.0032327931839972734, -0.011927351355552673, -0.014931845478713512, -0.01618662104010582, 0.020787470042705536, -0.009724521078169346, -0.008839205838739872, -0.016047202050685883, -0.011481208726763725, 0.009257464669644833, 0.010379793122410774, -0.0022481419146060944, 0.006064754910767078, -0.008727670647203922, 0.005026078782975674, 0.024719104170799255, 0.006232058629393578, -1.8925128415503423e-06, -0.00022328928753267974, -0.0165630541741848, 0.010798051953315735, -0.031648263335227966, -0.007131315302103758, 0.010895646177232265, 0.01982547529041767, -0.01408835593611002, -0.03242901340126991, -0.0064133042469620705, -0.003454121993854642, -0.0017985135782510042, 0.04849015548825264, 0.013495822437107563, -0.025430144742131233, -0.014269601553678513, 0.00915290042757988, -0.008915887214243412, 0.011035066097974777, -0.006162348669022322, -0.05016319081187248, -0.0008434889023192227, -0.007451980374753475, -0.007856297306716442, -0.0261690691113472, 0.03870289772748947, 0.016437577083706856, -0.009745433926582336, -0.0072777061723172665, 0.021958595141768456, 0.0019205057760700583, 0.020397095009684563, 0.017566876485943794, -0.0076750521548092365, 0.014402050524950027, 0.014081384986639023, -0.03822886943817139, 0.01996489427983761, -0.016130853444337845, -0.01781783252954483, 0.013593416661024094, 0.011279050260782242, 0.019198086112737656, 0.008734641596674919, -0.024231135845184326, 0.033795323222875595, 0.03563566505908966, -0.009585101157426834, -0.007127829827368259, -0.013140302151441574, 0.008107253350317478, -0.022070132195949554, -0.0012861463474109769, 0.00013386465434450656, -0.02417536824941635, -0.004468400031328201, -0.0121992202475667, 0.016395751386880875, 0.004430059343576431, 0.019379332661628723, -0.05105547606945038, -0.009069248102605343, -0.0028058206662535667, 0.010087012313306332, -0.00290341442450881, -0.019923068583011627, -0.019462984055280685, -0.019532693549990654, -0.011209339834749699, -0.026266662403941154, -0.008929829113185406, 0.007040692493319511, -0.0030254065059125423, -0.01808272860944271, 0.01614479534327984, -0.0228508822619915, 0.005088817328214645, 0.020926890894770622, -0.012087684124708176, -0.023255199193954468, -0.016200564801692963, 0.012812666594982147, 0.01841733604669571, -0.014569354243576527, 0.002882501343265176, 0.010658632963895798, -0.03691832348704338, -0.030365601181983948, 0.005928820930421352, -0.010121867060661316, -0.021400917321443558, 0.006657288409769535, -0.019644228741526604, 0.016465460881590843, 0.01210162602365017, -0.0015841558342799544, 0.009808172471821308, -0.02497006021440029, 0.0055245039984583855, -0.008657960221171379, -0.014569354243576527, -0.003110801102593541, 0.00457645021378994, -0.038256753236055374, -0.005824256222695112, 0.05381598696112633, 0.012394407764077187, -0.0016712931683287024, 0.026531560346484184, -0.033795323222875595, 0.012512913905084133, 0.011383614502847195, 0.0032850755378603935, -0.026657037436962128, 0.004053626675158739, 0.003116029314696789, 0.0120319165289402, -0.0012408349430188537, 0.009940621443092823, 0.01348188053816557, 0.020174024626612663, 0.02110813558101654, 0.0010221203556284308, 0.010017301887273788, -0.03597027063369751, -0.005224751774221659, -0.028887752443552017, 0.02866468019783497, -0.003032377455383539, 0.016674591228365898, -0.022293202579021454, -0.004297610837966204, 0.0008508955943398178, -0.0240638330578804, -0.014304456301033497, -0.006305254064500332, 0.03700197488069534, -0.004851804114878178, 0.026754632592201233, 0.006702600046992302, 0.02927812747657299, 0.008748583495616913, 0.006409818772226572, 0.027967583388090134, -0.0013244866859167814, -0.014806367456912994, -0.023771051317453384, 0.025820519775152206, 0.022530216723680496, 0.01161365769803524, -0.0073265028186142445, -0.0075635164976119995, 0.009250493720173836, -0.0018403393914923072, 0.0029156135860830545, 0.012227104045450687, 0.00796086248010397, 0.022976359352469444, -0.009348087944090366, 0.015085206367075443, -0.01486213505268097, 0.001558886026032269, 0.0082815270870924, 0.01576836220920086, -0.007730819750577211, 0.02435661293566227, -0.006866417825222015, 0.02678251639008522, -0.015447697602212429, -0.025932054966688156, 0.01044253259897232, 0.00449279835447669, -0.007821442559361458, -0.022711461409926414, 0.006186746992170811, 0.004618275910615921, -0.0039002648554742336, 0.03248478099703789, -0.000954153249040246, 0.030254065990447998, 0.00952933356165886, 0.005677865352481604, 0.019658170640468597, 0.007598371244966984, -0.014130181632936, 0.002770965686067939, -0.00369810638949275, -0.0160053763538599, -0.023966237902641296, -0.013244867324829102, -0.006483013741672039, -0.029055055230855942, -0.03769907355308533, -0.0068594468757510185, -0.0011327846441417933, 0.030393484979867935, 0.02011825703084469, 0.035161636769771576, 0.007535632234066725, -0.007235880009829998, -0.001951875165104866, -0.016521228477358818, 0.014973671175539494, 0.009982447139918804, -0.0017000484513118863, -0.006538781803101301, -0.029222359880805016, 0.016507286578416824, 0.018919246271252632, 0.017538992688059807, -0.0027744511608034372, 0.004123336169868708, 0.012742956168949604, 0.018013019114732742, 0.0017915425123646855, -0.008811322040855885, 0.01268718857318163, 0.03892596811056137, -0.01268718857318163, -0.011014152318239212, -0.013865284621715546, -0.011857641860842705, 0.01437416672706604, -0.010142779909074306, -0.0165630541741848, 0.045562341809272766, 0.02519313246011734, -0.0117042800411582, -0.026127243414521217, 0.03203863650560379, -0.02938966266810894, 0.004667073022574186, -0.026350315660238266, -0.034325119107961655, -0.01585201546549797, 0.007633225992321968, 0.0038026710972189903, 0.009578130207955837, 0.018473103642463684, 0.017650527879595757, 0.025332551449537277, -0.02296241745352745, -0.011021123267710209, -0.018096670508384705, 0.023087894544005394, 0.0301425289362669, 0.02367345802485943, -0.0129172308370471, 0.017078908160328865, -0.035050101578235626, 0.01329366397112608, -0.005517533048987389, -0.0055489023216068745, 0.04595271870493889, -0.009564188309013844, 0.00023940969549585134, 0.029445430263876915, -0.012436233460903168, -0.0038932939060032368, 0.0025078109465539455, 0.012192248366773129, -0.007856297306716442, -0.02073170244693756, -0.006545752752572298, -0.01898895762860775, -0.0004626989830285311, 0.011550918221473694, 0.013816487975418568, 0.031676147133111954, 0.02424507774412632, 0.01693948730826378, 0.025053711608052254, 0.023701341822743416, 0.002209801459684968, -0.03401839733123779, -0.03298668935894966, 0.011885525658726692, 0.001484819338656962, 0.010714400559663773, -0.0021732039749622345, 0.026531560346484184, 0.015573175624012947, 0.012959056533873081, 0.007863268256187439, 0.028357958421111107, -0.01971394009888172, -0.0030184355564415455, 0.012931172735989094, -0.016437577083706856, 0.023129720240831375, -0.032205939292907715, -0.004266241565346718, 0.006995381321758032, 0.02296241745352745, 0.016688533127307892, 0.020815353840589523, -0.032401129603385925, -0.03323764726519585, 0.003513375297188759, 0.011836729012429714, -0.0011197141138836741, 0.0014142381260171533, -0.0020843239035457373, -0.006580607499927282, -0.021038426086306572, 0.004872716963291168, -0.001209465553984046, 0.018626466393470764, 0.026196952909231186, 0.0027343679685145617, -0.006615462712943554, -0.03401839733123779, 0.006263427902013063, -0.012108596973121166, 0.008128166198730469, 0.020438920706510544, -0.015573175624012947, -0.0355520136654377, -0.008720699697732925, 0.026991644874215126, 0.027981525287032127, 0.016423635184764862, 0.0006291312165558338, -0.0064133042469620705, -0.009494478814303875, -0.023575862869620323, -0.07071364670991898, -0.010770168155431747, 0.019114434719085693, -0.01603326015174389, 0.02062016725540161, 0.0178875420242548, 0.017051024362444878, -0.01212253887206316, 0.024370554834604263, -0.013962878845632076, -0.006054298486560583, -9.95271147985477e-06, -0.03415781632065773, 0.011042037047445774, 0.0066363755613565445, -0.0032171085476875305, 0.016130853444337845, 0.009243522770702839, -0.025444086641073227, 0.0023893043398857117, -0.013962878845632076, 0.0008500242256559432, -0.01792936772108078, -0.031230002641677856, -0.001030834042467177, -0.0075495741330087185, -0.002859845757484436, -0.008623105473816395, -0.027563266456127167, 0.019811533391475677, 0.0018455677200108767, 0.021010542288422585, -0.015294335782527924, 0.005053962580859661, 0.03075597621500492, -0.003583085024729371, 0.03351648524403572, 0.023213371634483337, -0.001283532241359353, 0.0036074835807085037, -0.021303324028849602, 0.051919881254434586, 0.009877882897853851, -0.012931172735989094, 0.03254054859280586, 0.03870289772748947, -0.033795323222875595, -0.0004892758443020284, -0.01254079770296812, -0.014241717755794525, 0.0013532419688999653, -0.022822996601462364, 0.013530677184462547, -0.027368078008294106, 0.001078759552910924, -0.01698131486773491, 0.010393735021352768, -0.010944442823529243, -0.005245664622634649, 0.02016008272767067, 0.017343804240226746, -0.006036871112883091, 0.012819637544453144, 0.03817310184240341, -0.0218610018491745, -0.0018211692804470658, -0.006559694651514292, 0.01830580085515976, 0.009278378449380398, 0.018431277945637703, 0.023394618183374405, -0.0014203377068042755, -0.011439383029937744, -0.009320204146206379, -0.02444026619195938, 0.02386864461004734, 0.010449503548443317, -0.004091966897249222, 0.018250033259391785, 0.014213833957910538, -0.003987402189522982, -0.0015249025309458375, -0.010351909324526787, 0.01299391221255064, -0.004165162332355976, 0.004276697989553213, -0.0055733006447553635, -0.007486835587769747, -0.00313519942574203, 0.01728803664445877, 0.008253643289208412, 0.008246672339737415, -0.034631840884685516, 0.0203134436160326, 0.023534037172794342, 0.01554529182612896, -0.0044161174446344376, -0.0117042800411582, -0.01808272860944271, 0.004872716963291168, 0.0017819574568420649, 0.0008325967355631292, -0.014095326885581017, -0.01868223398923874, -0.013007854111492634, 0.022948475554585457, -0.0017985135782510042, 0.025179190561175346, -0.0027395961806178093, 0.021289382129907608, -0.023729225620627403, 0.013941965065896511, -0.008051484823226929, 0.029110824689269066, -0.003963003866374493, 0.008044513873755932, -0.024858525022864342, 0.009369000792503357, 0.01671641692519188, -0.006340108811855316, 0.0103240255266428, 0.003670222358778119, 0.016312099993228912, -0.019574519246816635, 0.011014152318239212, -0.016214506700634956, 0.003858438925817609, 0.00952933356165886, -0.013677068054676056, -0.011258137412369251, -0.02326914109289646, 0.023784993216395378, 0.0012199219781905413, 0.00040017798892222345, -0.0032920464873313904, -0.0018316257046535611, 0.0040187714621424675, -0.027674801647663116, -0.030505020171403885, 0.002547894138842821, -0.03117423504590988, 0.02020190842449665, 0.018514929339289665, 0.015628943219780922, 0.032317474484443665, 0.013837400823831558, -0.007807500660419464, -0.020369211211800575, 0.030003109946846962, 0.0021906313486397266, 0.022223493084311485, 0.016089027747511864, -0.023394618183374405, -0.040905725210905075, -0.01397682074457407, -0.015182800590991974, -0.00369810638949275, -0.056381307542324066, 0.0037434177938848734, -0.01898895762860775, 0.008434888906776905, 0.0018438249826431274, -0.017385631799697876, -0.005521018523722887, 0.01116054318845272, -0.005974132101982832, 0.022516274824738503, 0.011202368885278702, 0.0017209614161401987, -0.04029228165745735, 0.018389452248811722, -0.022418679669499397, 0.03808945044875145, 0.03340495005249977, 0.004963339772075415, -0.029194476082921028, -0.008657960221171379, -0.018487045541405678, -0.0017723724013194442, 0.013781633228063583, -0.005848654545843601, -0.0005594213725998998, -0.0011998803820461035, 0.008218788541853428, -0.0045973630622029305, -0.014792425557971, -0.02855314500629902, 0.005886994767934084, 0.03351648524403572, -0.024537859484553337, 0.008929829113185406, 0.006932642310857773, -0.0009349830797873437, 0.010867762379348278, -0.023478269577026367, -0.014025617390871048, -0.03003099374473095, 0.02117784507572651, 0.031453073024749756, 0.024579685181379318, 0.012777810916304588, 0.011090833693742752, -0.0010168921435251832, -0.002134863520041108, -0.021345149725675583, -0.018710117787122726, -0.0009184269583784044, 0.013168185949325562, -0.030086761340498924, -0.028316132724285126, 0.0005128029151819646, 0.026336371898651123, 0.015977492555975914, -0.0007188825984485447, 0.0181106124073267, 0.003610969055444002, 0.03786638006567955, -0.0008626591297797859, -0.012436233460903168, 0.0016948201227933168, -0.02398017980158329, -0.018096670508384705, 0.02159610390663147, -0.010623777285218239, -0.003377441084012389, 0.0035377738531678915, 0.006402847822755575, -0.0301425289362669, 0.0005058319075033069, 0.012547768652439117, 0.01857069879770279, -0.0160053763538599, 0.003046319354325533, -0.010484358295798302, 0.021874943748116493, 0.02239079587161541, -0.01214345172047615, -0.013544619083404541, 0.0019466469530016184, -0.00837912131100893, 0.008107253350317478, 0.007417125627398491, -0.019727881997823715, 0.01486213505268097, 0.001589384046383202, 0.0077238488011062145, 0.03067232482135296, -0.017985135316848755, 0.02243262156844139, -0.01785965822637081, -0.006876874249428511, -0.008156049996614456, -0.012066771276295185, -0.007431067526340485, -0.001709633506834507, 0.0016259817639365792, 0.016576996073126793, -0.006765338592231274, -0.03159249201416969, -0.02333885058760643, 0.030309833586215973, 0.016772184520959854, 0.012972998432815075, -0.007110402453690767, -0.016897661611437798, -0.009606014005839825, 0.0026524588465690613, -0.024858525022864342, -0.03078386001288891, -0.011244195513427258, 0.04188166558742523, 0.019532693549990654, -0.0017932853661477566, -0.00856733787804842, -0.004789065103977919, -0.005339772906154394, -0.0030410911422222853, 0.0036388530861586332, 0.014332340098917484, 0.0035360308829694986, -0.014199892058968544, -0.006514383479952812, 0.029055055230855942, 0.01339125819504261, 0.004897115286439657, -0.016507286578416824, 0.007828413508832455, -0.008330324664711952, 0.031369421631097794, 0.007023265119642019, -0.019532693549990654, -0.03521740436553955, 0.00236316304653883, 0.006720027420669794, 0.024370554834604263, 0.026977702975273132, 0.011976148001849651, -0.008351237513124943, -0.023046068847179413, -0.024523917585611343, -0.014443876221776009, -0.003928148653358221, 0.03939999267458916, -0.0030951162334531546, -0.026043592020869255, -0.017915425822138786, 0.015308277681469917, -0.007451980374753475, -0.005273548420518637, -0.002211544197052717, 0.006880360189825296, -0.028120944276452065, -0.0019187630387023091, -0.01872405968606472, -0.007131315302103758, -0.004440516233444214, 0.018849536776542664, 0.04645463079214096, 0.00528749031946063, 0.03789426386356354, 0.02367345802485943, -0.000622160208877176, -0.006409818772226572, -0.00996850524097681, 0.02364557422697544, -0.0215263944119215, 0.006054298486560583, -0.01151606347411871, -0.019072609022259712, 0.0039002648554742336, -0.014611179940402508, 0.019867300987243652, -0.018250033259391785, -0.007431067526340485, -0.019462984055280685, 0.017762064933776855, -0.009633897803723812, -0.004545080941170454, -0.013670097105205059, -0.012631420977413654, -0.0008835720364004374, 0.008344266563653946, 0.010609835386276245, 0.004259270615875721, -0.024384496733546257, -0.0055733006447553635, -0.012136480771005154, 0.011906438507139683, 0.007633225992321968, -0.0033896402455866337, -0.02254415862262249, 0.002237685490399599, -0.0017523308051750064, -0.0021226643584668636, 0.02470516227185726, 0.2044449746608734, -0.00779355876147747, 0.002988808788359165, 0.02042497880756855, -0.008309411816298962, 0.0063749635592103004, -0.002605404704809189, -0.016995256766676903, -0.009229580871760845, 0.0032955321948975325, 0.013635242357850075, -0.013614329509437084, -0.003928148653358221, 0.007117373403161764, 0.006026414688676596, -0.016367867588996887, -0.016367867588996887, -0.015405871905386448, -0.009194726124405861, 0.012854492291808128, 0.04029228165745735, 0.010902617126703262, 0.001960588851943612, -0.011676396243274212, 0.034102048724889755, -0.016744300723075867, -0.00038231484359130263, 0.004165162332355976, -0.010205518454313278, 0.022976359352469444, -0.016883719712495804, 0.015057322569191456, -0.009062277153134346, 0.012366523034870625, 0.011495150625705719, -0.012164364568889141, 0.018389452248811722, -0.00896468386054039, 0.027716627344489098, 0.014011675491929054, 0.013753748498857021, 0.012115567922592163, -0.011948264203965664, -0.01698131486773491, -0.0025426659267395735, 0.0029312982223927975, -0.01261747907847166, -0.04734691604971886, -0.018821652978658676, 0.006702600046992302, -0.0434989333152771, -0.01861252449452877, 0.030532903969287872, 0.03362802043557167, 0.00938294269144535, 0.008058455772697926, -0.037838492542505264, 0.003952547442167997, -0.004904086235910654, 0.029919458553195, 0.008825263939797878, 0.024496033787727356, -0.0019640743266791105, 0.01971394009888172, 0.014220804907381535, -0.0070093232207000256, -0.011146601289510727, -0.008748583495616913, -0.011836729012429714, 0.013307605870068073, -0.01963028684258461, -0.017329862341284752, 0.007758704014122486, 0.0043045817874372005, -0.006932642310857773, 0.0005315374583005905, 0.03705774247646332, 0.033795323222875595, 0.02239079587161541, 0.014144123531877995, -0.004224415402859449, -0.010916559025645256, -0.02091294899582863, -0.019239911809563637, -0.04899206757545471, -0.011502121575176716, 0.039511531591415405, -0.0025496368762105703, -0.024830641224980354, 0.005242179147899151, -0.008839205838739872, -0.002452043117955327, -0.018180323764681816, -0.01057498063892126, -0.030086761340498924, 0.020104315131902695, 0.00566392345353961, 0.00938294269144535, -0.011202368885278702, -0.029306011274456978, -0.024537859484553337, 0.021428801119327545, 0.020703818649053574, 0.03541259095072746, 0.016925545409321785, -0.016618823632597923, -0.0037608451675623655, 0.026071475818753242, 0.00295569677837193, -0.021693699061870575, 0.007124344352632761, -0.015670768916606903, -0.0011911666952073574, -0.02099660038948059, -0.010233402252197266, 0.0014482216211035848, 0.0007655010558664799, -0.020592283457517624, 0.007152228150516748, 0.02303212694823742, 0.006172805093228817, -0.01951875165104866, -0.005576786119490862, -0.018473103642463684, 0.017329862341284752, -0.04441910237073898, -0.010749255307018757, -0.018431277945637703, -0.009766346774995327, -0.0052561210468411446, 0.01251988485455513, -0.03120211884379387, 0.0020076429937034845, -0.026085417717695236, 0.004963339772075415, -0.014402050524950027, -0.04612002149224281, -0.022181667387485504, -0.003949061501771212, 0.026113301515579224, -0.03393474221229553, 0.001986730145290494, 0.010170663706958294, -0.0016216248041018844, -0.0021174359135329723, 0.002770965686067939, 0.0031578552443534136, 0.016674591228365898, -0.025388319045305252, -0.024900350719690323, 0.005440852139145136, -0.0059462483040988445, -0.006538781803101301, -0.012680217623710632, 0.004210473503917456, -0.030086761340498924, -0.03354436904191971, -0.029306011274456978, 0.026768574491143227, -0.007744761649519205, -0.02651761844754219, 0.004447487182915211, 0.015865957364439964, -0.010902617126703262, -0.0149597292765975, -0.030309833586215973, -0.17633797228336334, -0.01936539076268673, 0.0031717971432954073, -0.0053502293303608894, 0.02874833345413208, 0.0040187714621424675, 0.034938566386699677, 0.007919036783277988, -0.038145218044519424, -0.017037082463502884, 0.01691160351037979, 0.02223743498325348, -0.02693587727844715, -0.018403394147753716, -0.018180323764681816, -0.0020355270244181156, -0.017009198665618896, -0.001303573721088469, 0.03365590423345566, 0.015391930006444454, 0.06792525947093964, -0.022948475554585457, -0.004998194519430399, -0.0003677193308249116, 0.015210684388875961, -0.01693948730826378, 0.013426112942397594, 0.01857069879770279, -0.008455801755189896, -0.032317474484443665, 0.003816612996160984, 0.0230739526450634, 0.013070592656731606, -0.015517408028244972, -0.011216310784220695, 0.0032693909015506506, -0.010749255307018757, -0.011439383029937744, 0.005775459110736847, -0.03689043968915939, 0.04093360900878906, 0.01486213505268097, -0.0015083464095368981, 0.023743167519569397, 0.002788393059745431, 0.010087012313306332, 0.009626926854252815, -0.021400917321443558, 0.025137363001704216, -0.028692565858364105, 0.021944653242826462, -0.02722865901887417, -0.017315920442342758, -0.0051445853896439075, -0.00033678559702821076, -0.012791753746569157, 0.015475581400096416, 0.015782304108142853, -0.029975226148962975, 0.003572628600522876, 0.01134875975549221, -0.005186411086469889, -0.008999538607895374, 0.01486213505268097, -0.037726957350969315, -0.0022568556014448404, 0.0012216647155582905, -0.0044718855060637, -0.027897872030735016, 0.015405871905386448, 0.00668517267331481, 0.0006025542970746756, 0.022864824160933495, 0.05030260980129242, 0.0016521229408681393, 0.010379793122410774, -0.005001679994165897, 0.0029853233136236668, 0.019686054438352585, 0.0005502719432115555, -0.011055978946387768, 0.06541570276021957, -0.019867300987243652, 0.015364046208560467, 0.0065492382273077965, 0.02318548783659935, 0.0163399837911129, 0.019337506964802742, -0.038256753236055374, -0.022990301251411438, 0.012645362876355648, 0.003687649965286255, -0.00800268817692995, 0.0026367742102593184, 0.0012852749787271023, 0.022641751915216446, -0.004931970499455929, -0.03544047474861145, 0.02174946665763855, -0.03173191472887993, 0.003227564971894026, 0.015057322569191456, -0.03212228789925575, -0.004729811567813158, 0.00996850524097681, 0.01713467575609684, -0.000617803365457803, 0.033906858414411545, 0.01713467575609684, 0.016312099993228912, -0.030254065990447998, 0.029640618711709976, 0.0020843239035457373, 0.03800579905509949, -0.0007912065484561026, 0.010421618819236755, -0.00021000085689593107, -0.012206191197037697, -0.003610969055444002, 0.04277395084500313, 0.03173191472887993, 0.006256456952542067, -0.00428366893902421, 0.006430731620639563, 0.033265531063079834, -0.03449242189526558, -0.11499333381652832, -0.010100954212248325, -0.008595221675932407, 0.013969849795103073, -0.006026414688676596, 0.004565993789583445, -0.018975015729665756, 0.038981735706329346, -0.03120211884379387, 0.015865957364439964, -0.013684039004147053, -0.023324908688664436, 0.00030345559935085475, -0.0046357037499547005, 0.012066771276295185, 0.003211880335584283, -0.02243262156844139, -0.009724521078169346, -0.016102969646453857, 0.03942788019776344, -0.00547570688650012, -0.020564399659633636, 0.013091505505144596, -0.030477136373519897, -0.011794902384281158, -0.012945114634931087, -0.017831774428486824, -0.0023091379553079605, 0.009606014005839825, 0.004799521528184414, -0.00297835236415267, 0.01585201546549797, 0.016688533127307892, -0.022599926218390465, -0.004757695831358433, -0.0010299626737833023, -0.03203863650560379, -0.03636064752936363, 0.009299291297793388, -0.011920380406081676, -0.002150548156350851, 0.012966027483344078, 0.0165630541741848, 0.004088481422513723, -0.0019989293068647385, -0.0027169405948370695, -0.014213833957910538, 0.017957251518964767, -0.014499643817543983, -0.01940721645951271, -0.03159249201416969, -0.0025966910179704428, -0.02711712196469307, -0.016200564801692963, 0.018389452248811722, -0.030505020171403885, 0.00134278554469347, 0.027772394940257072, -0.00994759239256382, 0.03471549227833748, 0.00727073522284627, 0.017301978543400764, -0.034966450184583664, -0.00788418110460043, 0.004001344088464975, -0.009243522770702839, 0.012129509821534157, -0.028539203107357025, -0.006029900163412094, -0.03217805549502373, -0.024942176416516304, 0.028190653771162033, 0.010400705970823765, 0.03309822455048561, -0.01581018976867199, 0.013258809223771095, -0.009285349398851395, 0.01102809514850378, -0.006681686732918024, -0.030003109946846962, -0.03181556612253189, -0.003440180094912648, 0.004754210356622934, -0.019267795607447624, -0.007758704014122486, 0.005270062945783138, 0.020787470042705536, 0.02643396705389023, 0.021400917321443558, -0.031982868909835815, 0.002642002422362566, -0.010163692757487297, 0.021665815263986588, -0.033377066254615784, -0.005357200279831886, -0.00819090474396944, 0.018013019114732742, 0.021944653242826462, 0.004538109991699457, -0.002331793773919344, -0.03097904659807682, -0.02190282754600048, -0.030923279002308846, 0.021958595141768456, -0.018556756898760796, -0.02658732794225216, 0.0010212489869445562, -0.02360374666750431, 0.03298668935894966, -0.012471088208258152, -0.025221016258001328, 0.0006949198432266712, -0.005493134260177612, 0.015475581400096416, -0.01554529182612896, -0.012659304775297642, -0.004900600761175156, -0.011920380406081676, 0.00768899405375123, -0.02035526931285858, 0.0377548411488533, -0.007145257201045752, 0.0063505652360618114, 0.03393474221229553, 0.030839627608656883, 0.023896528407931328, -0.004444001708179712, -0.0014708773232996464, -0.018891362473368645, 0.029027171432971954, 0.0020843239035457373, -0.030895395204424858, 0.015322220511734486, -0.01576836220920086, 0.006103095598518848, 0.01936539076268673, 0.00046095624566078186, 0.007821442559361458, 0.01191340945661068, 0.009355058893561363, 0.04519985243678093, -0.0024398439563810825, -0.017636585980653763, -0.041965316981077194, -0.0007297747652046382, -0.03184344992041588, -0.008769496344029903, 0.019435100257396698, -0.00727073522284627, 0.018250033259391785, -0.01894713193178177, 0.010337967425584793, 0.02466333657503128, 0.017720237374305725, 0.0055976989679038525, -0.04299702122807503, 0.0015031181974336505, -0.01558711752295494, 0.024370554834604263, -0.0067723095417022705, 0.0039072358049452305, 1.170226460089907e-05, 0.04224415495991707, 0.010735313408076763, 0.009773317724466324, -0.01516885869204998, 0.0031456558499485254, -0.018250033259391785, 0.0010256058303639293, -0.01581018976867199, 0.0018717088969424367, -0.007002352271229029, -0.016019318252801895, -0.025290725752711296, 0.004276697989553213, 0.011251166462898254, 0.03647218272089958, -0.016660649329423904, -0.008811322040855885, 0.007995717227458954, -0.020717760547995567, 0.0014116240199655294, 0.023394618183374405, -0.001104900729842484, -0.014290514402091503, 0.023659516125917435, 0.06708873808383942, -0.016465460881590843, 0.004966825246810913, 0.016786126419901848, 0.008574308827519417, -0.0011101290583610535, -0.02000671997666359, 0.0021296353079378605, -0.011760047636926174, -0.009884853847324848, 0.011676396243274212, 0.011920380406081676, -0.006605006288737059, 0.004987738095223904, -0.01614479534327984, 0.003823583945631981, -0.0006343594286590815, 0.006915214937180281, 0.0021732039749622345, -0.021010542288422585, 0.006427246145904064, -0.023046068847179413, -0.004109394270926714, -0.012059800326824188, -0.02292059175670147, 0.023589804768562317, -0.0025182676035910845, -0.011125688441097736, 0.020675934851169586, 0.009870911948382854, -0.020104315131902695, 0.024482091888785362, -0.008950741961598396, -0.018696175888180733, 0.0022551128640770912, 0.010261286981403828, 0.015531349927186966, -0.009041364304721355, 0.017329862341284752, -0.028344016522169113, 0.016549112275242805, 0.054066941142082214, -0.015196742489933968, -0.0022394282277673483, 0.03574720025062561, 0.009996389038860798, 0.004569479264318943, -0.0016782641177996993, -0.01507126446813345, -0.022976359352469444, 0.005395540501922369, -0.049298789352178574, 0.010421618819236755, 0.009626926854252815, 0.009299291297793388, 0.08727670460939407, -0.0010046928655356169, -0.02435661293566227, -0.0023805906530469656, -0.011864612810313702, 0.02243262156844139, 0.03396262973546982, 0.021205728873610497, -0.01967211253941059, 0.002408474450930953, 0.02621089480817318, 0.03256843239068985, -0.003677193308249116, -0.03571931645274162, 0.010393735021352768, 0.010121867060661316, 0.019644228741526604, 0.05049780011177063, -0.016814010217785835, -0.004126821644604206, 0.02163792960345745, 0.00019627672736532986, 0.025959940627217293, 0.025123421102762222, -0.0036562804598361254, -0.016786126419901848, 0.03460395708680153, -0.014304456301033497, 0.0047716377303004265, -0.0470401905477047, -0.0017044052947312593, 0.003522088984027505, -0.013781633228063583, -0.014806367456912994, 0.002333536511287093, 0.006695629097521305, 0.008490657433867455, -0.0016163965919986367, 0.02326914109289646, 0.03259631618857384, -0.017748121172189713, 0.0009968505473807454, -0.022028304636478424, -0.02768874354660511, -0.029333895072340965, -0.003942090552300215, 0.008650989271700382, 0.011055978946387768, -0.02969638630747795]"
12389,"regex match start and end with slash<p>i have this :</p>
<pre class=""lang-py prettyprint-override""><code>dir1/
dir1/dir2/
dir1/dir2/dir1/
dir1/dir3/
dir1/dir3/dir1
dir2/dir1/
dir2/dir2/
dir3/
</code></pre>
<p>I want regex pattern that matches start with <code>dir1/</code> and end with after first slash <code>/</code>, result:</p>
<pre><code>dir1/dir2/
dir1/dir3/
</code></pre>
","You are amazing, thank you so much for taking time out to help me.  Bless you!","Embed Field: regex match start and end with slash<p>i have this :</p>
<pre class=""lang-py prettyprint-override""><code>dir1/
dir1/dir2/
dir1/dir2/dir1/
dir1/dir3/
dir1/dir3/dir1
dir2/dir1/
dir2/dir2/
dir3/
</code></pre>
<p>I want regex pattern that matches start with <code>dir1/</code> and end with after first slash <code>/</code>, result:</p>
<pre><code>dir1/dir2/
dir1/dir3/
</code></pre>; Answer: You are amazing, thank you so much for taking time out to help me.  Bless you!","[-0.023501919582486153, 0.01744902692735195, -0.004991896916180849, -0.02062157727777958, -0.036623477935791016, 0.022806184366345406, -0.012425823137164116, -0.03350658714771271, -0.015055700205266476, -0.02025979571044445, 0.010018580593168736, 0.014819149859249592, -0.003607384627684951, -0.005604143254458904, 0.004932759329676628, 0.02307056449353695, -0.0007679172558709979, -0.0016819387674331665, 0.003099498338997364, 0.012453651987016201, -0.03022271767258644, 0.011583983898162842, -0.008968020789325237, -0.018673520535230637, -0.03030620515346527, -0.013518126681447029, 0.006466854363679886, -0.020899871364235878, -0.011827491223812103, -0.00417093001306057, -0.002151559805497527, -0.01209882739931345, -0.014046885073184967, -0.011597898788750172, -0.013392893597483635, -0.008119224570691586, -0.0030107921920716763, 0.004365735687315464, 0.03620603680610657, 0.022305255755782127, 0.019758867099881172, -0.0044387876987457275, -0.001401035813614726, -0.006818200461566448, -0.023279285058379173, 0.012683244422078133, 0.002264616545289755, -0.0351763479411602, -0.010095111094415188, 0.02243048883974552, 0.012175357900559902, 0.008195755071938038, -0.03283867985010147, 0.0031725505832582712, -0.02009281888604164, 0.007437404710799456, 0.03718006610870361, 0.0006135510629974306, -0.001311460044234991, -0.008529707789421082, -0.0013149386504665017, -0.011298732832074165, -0.009322845377027988, 0.000735739478841424, 0.0012566709192469716, -0.004943195264786482, 0.02059374935925007, 0.007854845374822617, -0.02177649736404419, -0.015306164510548115, 0.012015338987112045, 0.010192514397203922, -0.017309879884123802, 0.005402380600571632, 0.0016549790743738413, -0.014151245355606079, -0.014944382943212986, 0.026173541322350502, 0.014429538510739803, -0.0004596197686623782, 0.005044077057391405, -0.009587224572896957, 0.0039656879380345345, 0.0037674037739634514, 0.017351625487208366, -0.01654457300901413, 0.01010206900537014, 0.03612254932522774, -0.024684669449925423, -0.0010122940875589848, 0.013358106836676598, 0.025561295449733734, 0.04299640655517578, -0.016168875619769096, 0.02318188175559044, -0.0007505238754674792, -0.002478555077686906, 0.024295058101415634, -0.004153536632657051, -0.017003757879137993, -0.020301539450883865, -0.0038439345080405474, -0.008105309680104256, -0.018868327140808105, -0.015765350311994553, -0.013838164508342743, 0.013977311551570892, -0.01808910444378853, -0.0028577304910868406, 0.015654031187295914, -0.03584425523877144, -0.007729613222181797, -0.006814721971750259, -0.01938316971063614, 0.0006444242899306118, 0.009865518659353256, 0.019661463797092438, -0.0385437048971653, -0.021428629755973816, -0.008474049158394337, 0.0075974236242473125, 0.009295016527175903, 0.025227341800928116, -0.026827532798051834, -0.003913507796823978, 0.012328419834375381, -0.036873940378427505, 0.0021672137081623077, 0.00574676925316453, -0.03055667132139206, 0.05810776725411415, 0.029721789062023163, 0.02130339853465557, -0.014888723380863667, -0.012662372551858425, 0.005739811807870865, -0.029387835413217545, -0.02769024297595024, -0.008376646786928177, 0.009065424092113972, 0.034091003239154816, 0.024921219795942307, -0.002892517251893878, -0.008265328593552113, 0.002859469735994935, 0.030946282669901848, 0.02023196592926979, -0.016447169706225395, 0.029610471799969673, -0.002342886757105589, 0.019341425970196724, -0.02414199523627758, 0.0005570226348936558, 0.015167017467319965, 0.022402659058570862, 0.026020480319857597, 0.009879433549940586, -0.0018054316751658916, -0.01160485576838255, -0.014067756943404675, 0.004289204720407724, 0.01634976640343666, -0.010136855766177177, -0.024183740839362144, 0.023167967796325684, 0.034035343676805496, 0.006007669493556023, 0.0023463654797524214, -0.003711744910106063, -0.021790413185954094, 0.012231016531586647, 0.009545480832457542, -0.04984243959188461, 0.010359490290284157, -0.0006579041946679354, -0.002609005430713296, 0.01259279903024435, -0.002349844202399254, -0.01739336922764778, 0.012133614160120487, -0.0033221335615962744, -0.009907263331115246, 0.03823758289217949, 0.05888698995113373, -0.03525983914732933, -0.03050101175904274, 0.034591931849718094, -0.012196230702102184, -0.008689726702868938, -0.008592324331402779, 0.0015375737566500902, 0.010255130007863045, 0.0013323320308700204, -0.008397518657147884, -0.5988884568214417, -0.03503720089793205, 0.010714314877986908, -0.02636834792792797, 0.005186702590435743, 0.00205415696837008, -0.000358303397661075, 0.0022437446750700474, -0.02295924723148346, 0.015041785314679146, -0.025589123368263245, 0.018283909186720848, -0.01159094087779522, -0.0047031668946146965, 0.01336506474763155, -0.014680003747344017, 0.005659802351146936, -0.002149820327758789, -0.007214769255369902, 0.019257938489317894, -0.011006523855030537, 0.0037221808452159166, 0.0057119824923574924, 0.005666759796440601, -0.024322887882590294, -0.0194109994918108, 0.012272761203348637, -0.026688385754823685, 0.007326086983084679, 0.034285809844732285, -0.06345100700855255, 0.026062224060297012, 0.0001239277480635792, 0.005611100699752569, 0.05000941455364227, 6.009544904372888e-06, -0.027286717668175697, 0.013935566879808903, -0.011020438745617867, 0.049758948385715485, -0.0066129588522017, -0.017824724316596985, -0.0024750763550400734, -0.014144287444651127, -0.01753251627087593, 0.011396135203540325, 0.014805235899984837, 0.029248688369989395, 0.013810334727168083, -0.023000990971922874, -0.031669847667217255, 0.01270411629229784, 0.0073400018736720085, 0.015737520530819893, 0.049174532294273376, 0.00782005861401558, 0.04294075071811676, -0.009378504939377308, 0.02031545527279377, 0.0022559198550879955, -0.004633593373000622, 0.006981698330491781, -0.02135905623435974, -0.03041752427816391, -0.006063328590244055, -0.00025916119921021163, -0.00034851962118409574, -0.022138280794024467, 0.010491680353879929, 0.003292564768344164, 0.020746810361742973, 0.011639642529189587, 0.007924418896436691, 0.025867417454719543, -0.010150769725441933, 0.029721789062023163, 0.012794561684131622, 0.010018580593168736, -0.03620603680610657, 0.008675812743604183, 0.018311738967895508, 0.00880800187587738, -0.004150057677179575, -0.013552913442254066, 0.03578859567642212, -0.0016828083898872137, -0.012912836857140064, -0.0010618651285767555, 0.004525754600763321, -0.012001424096524715, -0.002513341838493943, 0.028385978192090988, -0.014860894531011581, -0.014749576337635517, -0.012669329531490803, 0.022555720061063766, -0.006818200461566448, 0.010303831659257412, 0.028914736583828926, -0.03570510819554329, -0.0006722537218593061, -0.018047358840703964, 0.008654939942061901, 0.01668372005224228, 0.0035725978668779135, -0.005830257199704647, -0.020663322880864143, 0.01803344488143921, 0.03862719237804413, -0.0337570495903492, -0.019118791446089745, 0.011180457659065723, -0.019564060494303703, -0.0012097088620066643, -0.013928609900176525, -0.031196746975183487, -0.016753293573856354, -0.010825633071362972, 0.01508352905511856, 0.009788988158106804, 0.01161877065896988, 0.015055700205266476, -0.0022437446750700474, -0.02369672618806362, 0.0013366803759709, -0.014443453401327133, 0.018576117232441902, -0.0033099581487476826, 0.013587700203061104, 0.018436970189213753, 0.01621061936020851, -0.007520892657339573, 0.03294999897480011, -0.03044535219669342, -0.006699925754219294, -0.012808476574718952, 0.017240306362509727, 0.015542714856564999, 0.005524133797734976, -0.025143854320049286, 0.008007907308638096, 0.007249556016176939, 0.026938850060105324, -0.015765350311994553, 0.011744002811610699, -0.006466854363679886, -0.03840455785393715, 0.02163735032081604, -0.03372922167181969, 0.006856466177850962, 0.010561253875494003, -0.012683244422078133, -0.015848837792873383, 0.0351763479411602, -0.02191564440727234, -0.010171642526984215, -0.010011622682213783, -0.03859936445951462, -0.01072127278894186, -0.014791321009397507, 0.028803419321775436, 0.018103018403053284, -0.034146662801504135, 0.010415148921310902, -0.007186939939856529, -0.003177768550813198, 0.008195755071938038, 0.012919794768095016, 0.012968495488166809, -0.03564944863319397, 0.01764383353292942, -0.012711074203252792, -0.018395226448774338, -0.0017584696179255843, -0.011681386269629002, 0.014346051029860973, -0.03832107037305832, -0.013323321007192135, -0.0114657087251544, -0.0036317354533821344, -0.004369214177131653, 0.0041813659481704235, -0.0017810809658840299, 0.03567727655172348, 0.0010227301390841603, 0.01648891344666481, 0.02273661270737648, 0.020329369232058525, -0.0024037635885179043, 0.021400801837444305, 0.014401709660887718, 0.018534373492002487, -0.013796419836580753, 0.007249556016176939, -0.019564060494303703, 0.03564944863319397, -0.020983360707759857, 0.016071472316980362, -0.010018580593168736, 0.031141087412834167, -0.0003822192666120827, -0.01143787894397974, 0.04090920463204384, -0.005878958851099014, 0.014902638271450996, -0.036400843411684036, -0.009684627875685692, -0.034007515758275986, 0.02256963588297367, -0.007166068069636822, -0.010422106832265854, -0.03297782689332962, 0.002066332148388028, 0.006891252938657999, 0.004769261926412582, 0.019090961664915085, -0.0028890385292470455, 0.009281101636588573, -0.019564060494303703, 0.03896114602684975, -0.010303831659257412, 0.011013480834662914, 0.01742119900882244, 0.008940191939473152, -0.01797778531908989, 0.0213868860155344, -0.014332136139273643, 0.028664272278547287, -0.008592324331402779, -0.013566827401518822, 0.01874309405684471, 0.019731037318706512, 0.027898963540792465, 0.023501919582486153, 0.00477621890604496, 0.010415148921310902, 0.04149362072348595, -0.009935092180967331, 0.052096620202064514, -0.01397035364061594, 0.005416295025497675, 0.012057083658874035, 0.026549238711595535, -0.02647966518998146, 0.03562162071466446, 0.01871526427567005, 0.03740270063281059, 0.014958296902477741, 0.009169784374535084, 0.01750468648970127, 0.007437404710799456, 0.018784837797284126, -0.0017245524795725942, 0.005075384862720966, -0.006268570199608803, 0.011062182486057281, -0.02397502027451992, 0.03512069210410118, 0.009976835921406746, 0.03008357062935829, 0.0023915881756693125, 0.005138000939041376, 0.0308071356266737, 0.014248647727072239, 0.018506543710827827, -0.0062859635800123215, -0.005106693133711815, -0.027384119108319283, -0.017170732840895653, -0.01800561510026455, -0.0016288890037685633, -0.00662687374278903, 9.987598787120078e-06, -0.0018732658354565501, -0.008397518657147884, 0.002732498338446021, 0.011653557419776917, -0.013260704465210438, 0.003414318198338151, 0.012384078465402126, 0.0014497373485937715, 0.004275290295481682, 0.017184648662805557, -0.019703207537531853, 0.009274144656956196, -0.024489862844347954, -0.014443453401327133, 0.006679053418338299, 0.0007392182014882565, -0.006129423156380653, 0.019647549837827682, 0.039267268031835556, 0.008814959786832333, -0.006470333319157362, -0.023529749363660812, 0.0009366329177282751, 0.037040919065475464, -0.034146662801504135, 0.013128514401614666, -0.002916867844760418, -0.005698067601770163, 0.023000990971922874, -0.030055740848183632, -0.034257978200912476, 0.036957431584596634, 0.003233427181839943, -0.004793612286448479, -0.017240306362509727, -0.008119224570691586, -0.0064390250481665134, -0.024601180106401443, -0.0279963668435812, -0.016308022662997246, 0.017741236835718155, 0.01825607940554619, 0.01989801414310932, -0.01383120659738779, 0.0036386926658451557, 0.04113183915615082, 0.022124364972114563, -0.015612287446856499, -0.01347638200968504, -0.00931588839739561, 0.02183215692639351, 0.03233775123953819, 0.018673520535230637, 0.02844163589179516, 0.017936041578650475, -0.020816383883357048, 0.007179982494562864, -0.014805235899984837, -0.0430520661175251, -0.006943433079868555, -0.02628485858440399, -0.010345575399696827, 0.0019984981045126915, 0.0188544113188982, -0.0031812472734600306, 0.02650749497115612, -0.0008000949746929109, 0.002473337110131979, 0.005005811341106892, 0.002701190300285816, -0.00441791582852602, 0.009573310613632202, 0.0003633039887063205, 0.013038069009780884, 0.0402412973344326, 0.012537140399217606, -0.0002372020680923015, 0.002487251767888665, 0.008877575397491455, 0.012363206595182419, -0.03286651149392128, 0.012794561684131622, -0.00012023166345898062, 0.022291341796517372, 0.015821008011698723, -0.01668372005224228, 0.03740270063281059, 0.007562636863440275, 0.00768091157078743, 0.010651699267327785, -0.011820533312857151, -0.0020628536585718393, 0.01747685670852661, 0.0016027989331632853, 0.01059604063630104, 0.034257978200912476, -0.021261654794216156, -0.018603947013616562, 0.01907704770565033, -0.026006564497947693, -0.011632685549557209, -0.011556154116988182, -0.010289916768670082, -0.021818241104483604, -0.018103018403053284, -0.024239398539066315, -0.0076461248099803925, -0.005405859090387821, -0.00897497870028019, -0.014624344184994698, -0.008474049158394337, 0.004661422688513994, -0.00869668461382389, 0.018367396667599678, -0.004873621743172407, -0.02177649736404419, -0.01662806048989296, -0.03058449923992157, -0.0034717165399342775, -0.006139859091490507, -0.014902638271450996, -0.010867376811802387, -0.019786696881055832, -0.04127098619937897, 0.013065898790955544, 0.01637759618461132, 0.005565878003835678, 3.7742252061434556e-06, -0.012418865226209164, 0.0323655791580677, 0.0018558724550530314, 0.0051727876998484135, -0.011869234964251518, 0.009635926224291325, -0.0014680003514513373, -0.02147037535905838, -0.0016515003517270088, 0.00698517682030797, -0.005586749874055386, -0.03086279332637787, 0.010916078463196754, 0.010756059549748898, 0.013775547966361046, 0.016614146530628204, -0.010178599506616592, 0.013615529052913189, 0.011917936615645885, 0.029137371107935905, 0.034536272287368774, 0.0027498917188495398, 0.014346051029860973, -0.004400522448122501, -0.00946895033121109, -0.012878050096333027, 0.016391510143876076, 0.015584458597004414, 0.013358106836676598, 0.027481522411108017, 0.03250472620129585, 0.011486580595374107, -0.006835593841969967, 0.004035261459648609, 0.002769024344161153, 0.010686486028134823, 0.01938316971063614, 0.039740368723869324, 0.015904497355222702, 0.02062157727777958, 0.011639642529189587, 0.0029012139420956373, -0.0077574425376951694, -0.013344192877411842, -0.011006523855030537, 0.02774590253829956, 0.013170259073376656, -0.003285607323050499, 0.00880800187587738, 0.0026629248168319464, -0.03286651149392128, -0.003256038762629032, -0.011744002811610699, -0.031530700623989105, 0.003487370442599058, -0.007152153179049492, -0.031252406537532806, -0.016725463792681694, -0.012989368289709091, -0.012043168768286705, 0.005774598568677902, -0.030918452888727188, 0.001453215954825282, -0.006915603298693895, -0.03576076775789261, -0.017574260011315346, -0.028775589540600777, -0.0017575998790562153, -0.029888765886425972, -0.00768091157078743, 0.04035261645913124, 0.009601139463484287, 0.008529707789421082, -0.006703404244035482, -0.002149820327758789, -0.03247689828276634, 0.005861565470695496, -0.01270411629229784, -0.027022337540984154, -0.027425864711403847, 0.04124315455555916, 0.021512119099497795, -0.002452465007081628, 0.021080762147903442, -0.0005918093957006931, 0.01572360470890999, 0.026382261887192726, 0.024322887882590294, -0.013817292638123035, -0.018590033054351807, -0.0038126264698803425, -0.02174866758286953, 0.02262529358267784, 0.018047358840703964, 0.0013210263568907976, 0.02397502027451992, -0.003035142784938216, 0.009100210852921009, 0.03225426375865936, -0.029193030670285225, 0.003944816067814827, 0.0006535558495670557, -0.049091044813394547, -0.0010383841581642628, 0.0006748627056367695, -0.006644267123192549, 0.011486580595374107, -0.024642925709486008, -0.018158677965402603, 0.028608612716197968, -0.025449978187680244, 0.03361790254712105, -0.01534790825098753, 0.03528766706585884, -0.004146579187363386, -0.0019150099251419306, -0.02254180610179901, 0.02003716118633747, -0.041799742728471756, 0.001401905552484095, -0.01662806048989296, -0.0305288415402174, 0.017128989100456238, 0.0302505474537611, 0.017156818881630898, -0.014749576337635517, 0.0008153141825459898, -0.0015219197375699878, 0.013455510139465332, -0.02529691532254219, -0.024406375363469124, 0.00448053190484643, -0.02309839427471161, 0.02273661270737648, -0.02205479145050049, -0.01665589027106762, -0.02416982501745224, -0.02504645101726055, -0.0027272801380604506, -0.014916553162038326, 0.008209669962525368, -0.008501878939568996, -0.004845792427659035, -0.004668380133807659, -0.01256496924906969, 0.031586356461048126, 0.00883583165705204, 0.009308931417763233, 0.044693998992443085, -0.002588133327662945, -0.006473811808973551, 0.000529628072399646, -0.01337897963821888, -0.021846070885658264, 0.009670712985098362, 0.039684709161520004, -0.010394277051091194, -0.026632726192474365, -0.0021063368767499924, -0.013372021727263927, -0.02025979571044445, -0.01021338626742363, 0.019675379619002342, 0.021052934229373932, 0.009079338982701302, -0.012996325269341469, 0.008383603766560555, -0.04029695689678192, 0.020524175837635994, -0.009308931417763233, 0.018130848184227943, -0.002701190300285816, 0.007360873743891716, -0.021372972056269646, 0.014833064749836922, -0.018423056229948997, 0.05872001498937607, 0.0002876428479794413, -0.018590033054351807, -0.013594657182693481, 0.002732498338446021, 0.002059374935925007, 0.014721747487783432, -0.0039761243388056755, 0.019717123359441757, 0.0024124602787196636, 0.026215285062789917, 0.0034804129973053932, 0.01634976640343666, 0.006825157906860113, -0.01781081035733223, 0.012064040638506413, 0.03144720941781998, -0.004817963112145662, -0.000195240558241494, -0.015848837792873383, -0.009246314875781536, 0.012231016531586647, 0.009524608962237835, -0.0033551808446645737, -0.0036978302523493767, -0.004125707317143679, -0.009628969244658947, 0.04377562925219536, -0.016781121492385864, 0.01673937775194645, -0.027676329016685486, -0.018812667578458786, 0.01501395646482706, 0.019564060494303703, -0.010081196203827858, 0.03876633942127228, -0.04525058716535568, -0.028177257627248764, -0.004911887459456921, 0.04093703255057335, -0.0027151049580425024, -0.007277385331690311, -0.0022559198550879955, -0.011256988160312176, 0.03834889829158783, -0.009274144656956196, 0.009635926224291325, -0.006143338046967983, 0.007673954125493765, -0.0006326838047243655, 0.010749101638793945, -0.0073747881688177586, -0.024879474192857742, -0.002356801414862275, 0.001394948223605752, -0.01803344488143921, -0.028316404670476913, 0.007966162636876106, -0.0019776260014623404, -0.007367831189185381, 0.012272761203348637, -0.0008674942655488849, -0.02416982501745224, 0.01564011722803116, -0.010436021722853184, -0.04633593559265137, 0.016363682225346565, -0.032226432114839554, 0.0033099581487476826, -0.013170259073376656, -0.013441595248878002, -0.012363206595182419, -0.011090012267231941, 0.0012279718648642302, 0.013051983900368214, -0.04012998193502426, -0.02692493423819542, 0.009148911572992802, -0.026465749368071556, -0.008759300224483013, -0.03027837723493576, -0.004066569730639458, 0.00409439904615283, -0.01409558579325676, 0.00384741323068738, -0.010081196203827858, -0.00540933758020401, 0.00945503544062376, 0.029332177713513374, 0.006929518189281225, 0.016962014138698578, -0.021205995231866837, 0.005252797622233629, -0.02279227040708065, -0.005016247741878033, -0.006466854363679886, -0.021261654794216156, -0.021178165450692177, 0.03876633942127228, 0.005068427883088589, -0.015626203268766403, -0.018951814621686935, -0.013538998551666737, -0.0427737720310688, 0.020273711532354355, -0.001234059571288526, 0.013302448205649853, 0.039322927594184875, 0.001291457680054009, 0.005802427884191275, 0.04257896542549133, 0.00352389644831419, 0.01640542596578598, 0.015556628815829754, -0.012446695007383823, 0.007520892657339573, 0.029526982456445694, -0.011660514399409294, -0.020329369232058525, -0.03331178054213524, -0.02273661270737648, 0.009823774918913841, 0.009872476570308208, 0.018478715792298317, 0.028747759759426117, -0.03985168784856796, -0.025227341800928116, 0.005238882731646299, 0.005322370678186417, 0.014540856704115868, -0.0010540381772443652, -0.01270411629229784, -0.036567818373441696, -0.0064912051893770695, 0.018590033054351807, -0.005451081786304712, -0.0013932088622823358, -0.007771357428282499, 0.007179982494562864, 0.00905846618115902, -0.0035725978668779135, -0.02647966518998146, -0.005736332852393389, 0.002344626234844327, -0.02755109593272209, 0.014972211793065071, 0.006237261928617954, 0.0004370083916001022, 0.03013923019170761, 0.026145711541175842, 0.01058212574571371, -0.003986560273915529, 9.718544606585056e-05, -0.03075147606432438, -0.015834923833608627, 0.014513026922941208, -0.018923984840512276, 0.01412341557443142, -0.0024750763550400734, 0.012551055289804935, -0.0073817456141114235, 0.015333994291722775, -0.03047318197786808, -0.0012323202099651098, -0.01756034605205059, 0.018186505883932114, 0.02450377866625786, -0.025644782930612564, -0.016001898795366287, 0.015626203268766403, -0.026243114843964577, -0.004494446329772472, 0.0039030718617141247, 0.006146816536784172, -0.0003354746149852872, 0.008689726702868938, 0.005120608024299145, -0.014860894531011581, -0.03506503254175186, 0.010554295964539051, 0.020273711532354355, -0.026437921449542046, 0.009267186746001244, 0.21306180953979492, -0.01346246711909771, -0.0015697515336796641, 0.007562636863440275, -0.004362256731837988, -0.014777406118810177, 0.006870380602777004, 0.02133122831583023, -0.03228209167718887, 0.012036210857331753, -0.009253271855413914, -0.0036247780080884695, -0.008105309680104256, -0.006811243016272783, 0.0017141165444627404, -0.004744911100715399, -0.036317355930805206, -0.0019776260014623404, -0.008098352700471878, -0.024949047714471817, 0.012384078465402126, 0.00996292196214199, -0.017602089792490005, -0.002109815599396825, 0.026632726192474365, -0.0046022855676710606, -0.004988417960703373, 0.008112267591059208, -0.012064040638506413, 0.012808476574718952, -0.0033917068503797054, -0.014707832597196102, 0.005767641123384237, 0.01508352905511856, 0.0003611298161558807, -0.013086770661175251, 0.01797778531908989, 0.023766299709677696, 0.03356224298477173, 0.025004707276821136, 0.003934380132704973, -0.028831249102950096, 0.020774640142917633, -0.04077005758881569, -0.00955243781208992, 0.005531091243028641, -0.0049153659492731094, -0.027314545586705208, 0.017254222184419632, 0.01657240092754364, -0.0004791873216163367, -0.01525050587952137, 0.018269995227456093, 0.025116024538874626, 0.025964820757508278, -0.013664230704307556, 0.03002791292965412, 0.0010157726937904954, -0.010248173028230667, 0.05334893986582756, -0.017337709665298462, 0.02428114227950573, -0.0004126576823182404, 0.004699688404798508, -0.01896572858095169, -0.004637072328478098, -0.013385936617851257, -0.03890548646450043, 0.019939757883548737, -0.012168400920927525, 0.019550146535038948, -0.02276444062590599, -0.0001792604016372934, 0.01648891344666481, -0.031975969672203064, -0.03634518384933472, 0.031141087412834167, 0.014513026922941208, 0.025060364976525307, 0.031335894018411636, -0.04355299472808838, -0.00018730484589468688, -0.015987984836101532, -0.02681361697614193, -0.00028307706816121936, -0.03603906184434891, 0.016641974449157715, 0.010422106832265854, -0.016962014138698578, -0.005294541362673044, -0.0033673562575131655, 0.0037674037739634514, -0.003958730958402157, 0.013128514401614666, -0.003144721034914255, 0.012683244422078133, -0.0020889434963464737, 0.03242123872041702, 0.0008340120548382401, -0.02647966518998146, -0.009761158376932144, 0.03603906184434891, 0.0257421862334013, 0.011535282246768475, -0.019717123359441757, 0.018325652927160263, 0.017128989100456238, 0.021567776799201965, 0.005211053416132927, -0.01742119900882244, 0.015333994291722775, -0.025867417454719543, 0.005103214643895626, -0.002873384626582265, 0.013260704465210438, -0.020162392407655716, 0.014763491228222847, -0.003229948692023754, -0.025756100192666054, 0.01136830635368824, 0.01212665718048811, -0.019063131883740425, -0.0023272328544408083, 0.007534807547926903, -0.003144721034914255, -0.010415148921310902, -0.05051034316420555, 0.010916078463196754, -0.003094280371442437, -0.031335894018411636, 0.005482390057295561, -0.006202475167810917, 0.020385028794407845, -0.021456459537148476, -0.015654031187295914, -0.0010940429056063294, 0.013246789574623108, -0.009649841114878654, 0.008814959786832333, 0.008460134267807007, -0.0030386215075850487, 0.003944816067814827, 0.020997274667024612, 0.022722696885466576, 0.009260229766368866, -0.005464996676892042, -0.013065898790955544, 0.013288534246385098, -0.044137414544820786, -0.005082342308014631, -0.03350658714771271, 0.0077504850924015045, -0.004626635927706957, -0.0308071356266737, 0.0004483140946831554, -0.0405195914208889, -0.029972253367304802, -0.05766249820590019, 0.01098565198481083, -0.03272736445069313, -0.036679137498140335, 0.006059849634766579, 0.011688344180583954, -0.011256988160312176, -0.006682532373815775, -0.012801519595086575, -0.17766281962394714, 0.031530700623989105, 0.008209669962525368, -0.010505595244467258, 0.01131264679133892, 0.016864610835909843, 0.010783888399600983, -0.0017036804929375648, -0.018979644402861595, 0.012808476574718952, 0.018478715792298317, 0.0035865127574652433, -0.029860936105251312, -0.008940191939473152, 0.002809029072523117, 0.010109025985002518, -0.009357632137835026, 0.011890106834471226, 0.05312630534172058, 0.003222991246730089, 0.024615095928311348, -0.027453692629933357, 0.000974898342974484, 0.010923035442829132, 0.003589991247281432, 0.02290358766913414, -0.010122940875589848, 0.011096969246864319, -0.01868743635714054, -0.01033861842006445, -0.016043642535805702, 0.0077574425376951694, 0.017295965924859047, -0.011778789572417736, -0.006494684144854546, -0.014318221248686314, 0.008369688875973225, -0.009260229766368866, -0.028998224064707756, 0.0072356415912508965, 0.02323754131793976, -0.01817259192466736, -0.007868760265409946, -0.004772740416228771, -0.014777406118810177, 0.015055700205266476, -0.005771119613200426, -0.019856270402669907, 0.002389848930761218, 5.29954195371829e-05, -0.009601139463484287, -0.024295058101415634, -2.4106122509692796e-05, 0.004626635927706957, 0.018645690754055977, 0.022806184366345406, 0.007002570200711489, 0.026465749368071556, 0.005075384862720966, 0.002202000468969345, 0.018325652927160263, -0.02042677253484726, 0.00636597303673625, 0.0017845596885308623, -0.006939954124391079, -0.0012810216285288334, -0.0010175120551139116, 0.027161484584212303, -0.007444361690431833, 0.016641974449157715, 0.0010427325032651424, -0.02078855410218239, 0.01648891344666481, -0.017351625487208366, 0.030946282669901848, -0.00022285254090093076, -0.03311697393655777, 0.00384741323068738, 0.00960809737443924, -0.0011201329762116075, -0.009134997613728046, 0.046976011246442795, 0.010936950333416462, 0.02329319901764393, -0.0051832241006195545, 0.01122915931046009, -0.012690202333033085, 0.010442978702485561, 0.01808910444378853, -0.003287346800789237, 0.03876633942127228, -0.002104597631841898, -0.034230150282382965, 0.003603906137868762, -0.0007505238754674792, 0.021261654794216156, 0.011924893595278263, -0.005517176818102598, -0.019174449145793915, -0.006616437342017889, 0.020579833537340164, -0.031196746975183487, -0.011458751745522022, 0.039462074637413025, 0.012766732834279537, 0.029582642018795013, 0.005064948927611113, 0.020635493099689484, 0.03203162923455238, 0.007086058612912893, -0.02442028932273388, 0.005245840176939964, -0.004877100698649883, 0.016725463792681694, -0.010255130007863045, 0.026076138019561768, 0.014972211793065071, -0.014791321009397507, -0.0011383959790691733, -0.022611379623413086, 0.028232917189598083, -0.027189314365386963, -0.009475907310843468, -0.0010818674927577376, -0.008265328593552113, 0.006536427885293961, -0.09534349292516708, -0.019577976316213608, 0.0068077645264565945, 0.004925801884382963, -0.00542325247079134, -0.027203228324651718, -0.0055937073193490505, 0.028552955016493797, 0.014429538510739803, 0.03342309594154358, -0.013740761205554008, 0.004247460514307022, -0.019786696881055832, 0.008647982962429523, -0.0135042117908597, 0.00945503544062376, -0.015306164510548115, -0.013566827401518822, -0.008272286504507065, 0.022193938493728638, -0.026215285062789917, -0.013399851508438587, -0.002847294555976987, -0.017101161181926727, 0.008355773985385895, 0.023265371099114418, -0.010442978702485561, 0.007500020787119865, 0.01197359524667263, -0.0019602326210588217, -0.012787604704499245, -0.036456502974033356, 0.013455510139465332, -0.061836905777454376, -0.009524608962237835, -0.011583983898162842, -0.02568652667105198, -0.002513341838493943, 0.013406808488070965, -0.017337709665298462, 0.012411908246576786, -0.013316363096237183, 0.006296399515122175, -0.012161443941295147, 0.0012288414873182774, -0.014693917706608772, -0.013372021727263927, 0.02549172192811966, -0.0002839467488229275, 0.0044387876987457275, -0.015793178230524063, -0.004490967839956284, -0.022486146539449692, -0.01335114985704422, 0.05568660795688629, -0.004939716774970293, 0.012613670900464058, -0.002161995740607381, -0.007173025514930487, -0.01311460044234991, 0.0008322726935148239, -0.023571493104100227, -0.022124364972114563, 0.03384053707122803, 0.02579784393310547, 0.014610430225729942, -0.01662806048989296, 0.0010809978703036904, -0.006000712048262358, 0.022346999496221542, -0.010150769725441933, 0.016474999487400055, -0.011757917702198029, 0.036790452897548676, -0.009524608962237835, -0.006978219375014305, -0.017824724316596985, -0.03016705811023712, 0.013177216053009033, -0.0036873940844088793, 0.012724989093840122, -0.013545955531299114, -0.001471478957682848, -0.02554737962782383, 0.0302505474537611, -0.006856466177850962, -0.0003252559981774539, -0.012898921966552734, 0.01501395646482706, -0.03217077627778053, -0.0038891572039574385, 0.014763491228222847, 0.004501403775066137, -0.015069615095853806, -0.0021532990504056215, 0.015654031187295914, -0.009517651051282883, -0.0069121248088777065, 0.008801044896245003, -0.007924418896436691, -0.029972253367304802, -0.011771831661462784, -0.06467550247907639, 0.009065424092113972, -0.02372455596923828, -0.008856703527271748, 0.010039452463388443, -0.01891007088124752, 0.014638259075582027, -0.03013923019170761, -0.013629443943500519, -0.003882199991494417, -0.0014958296669647098, 0.017156818881630898, 0.0015001780120655894, 0.007827015593647957, -0.0181447621434927, -0.03233775123953819, -0.005569356493651867, 0.019675379619002342, 0.0016193226911127567, 0.00011392656597308815, 0.005510219372808933, -0.0008857573266141117, -0.0037430529482662678, 0.0044666170142591, -0.01615496166050434, 0.026006564497947693, -0.010380362160503864, -0.0023602801375091076, -0.02408633753657341, -0.018297823145985603, 0.008988892659544945, -0.04984243959188461, -0.0019463179633021355, 0.02205479145050049, -0.022402659058570862, -0.006459897384047508, 0.017824724316596985, 0.0026559673715382814, 0.020245881751179695, -0.0009044551989063621, -0.0334787555038929, -0.0427737720310688, -0.0019619720987975597, 0.0270084235817194, -0.014332136139273643, -0.008355773985385895, -0.01260671392083168, 0.00036721749347634614, 0.017073331400752068, -0.0022680952679365873, 0.021289482712745667, 0.023000990971922874, -0.01651674322783947, -0.03016705811023712, 0.00755567941814661, -0.03812626376748085, 0.020496346056461334, 0.0024315929040312767, 0.014805235899984837, -0.027231058105826378, 0.03584425523877144, 0.0017462942050769925, 0.017462942749261856, -0.01918836496770382, 0.010895206592977047, 0.027286717668175697, -0.011145670898258686, 0.003621299285441637, 0.0002232873666798696, -0.002306360751390457, -0.024462033063173294, 0.007875717245042324, 0.006000712048262358, 0.04074222594499588, 0.028692102059721947, 0.01744902692735195, -0.041688427329063416, -0.023418432101607323, -0.024350715801119804, 0.020218051970005035, 0.020245881751179695, -0.013900780119001865, -0.024907303974032402, 0.003972645383328199, 0.02524125762283802, 0.009628969244658947, 0.003555204486474395, -0.0016558486968278885, 0.014499112032353878, 0.016196705400943756, -0.033868368715047836, -0.010477765463292599, 0.00036004272988066077, 0.017379453405737877, 0.017880383878946304, -0.021595606580376625, 0.011660514399409294, -0.014986126683652401, 0.017184648662805557, 0.006713840179145336, 0.012982410378754139, 0.001628019381314516, -0.011904021725058556, -0.03230992332100868, -0.003990038763731718, 0.00568415317684412, -0.02270878292620182, -0.02755109593272209, -0.0013836425496265292, 0.02760675549507141, 0.019703207537531853, -0.018506543710827827, -0.0308071356266737, 0.011695301160216331, -0.024712499231100082, 0.0018819625256583095, -0.027871133759617805, -0.024629009887576103, -0.02003716118633747, 0.016753293573856354, 0.01943882927298546, 0.003047318197786808, 0.034675419330596924, -0.01388686615973711, -0.005555442068725824, 0.02681361697614193, 0.004800569731742144, -0.012105784378945827, 0.02769024297595024, -0.0032108158338814974, -0.009204571135342121, 6.207258411450312e-05, 0.006703404244035482, -0.015598373487591743, -0.04082571715116501, -8.604281902080402e-05, -0.01259279903024435, 0.016029728576540947, -0.02436463162302971, 0.07747702300548553, 0.010561253875494003, -0.025964820757508278, 0.02031545527279377, -0.00807748083025217, 0.0026646640617400408, 0.013135472312569618, -0.0010305570904165506, -0.00934371817857027, -0.026020480319857597, 0.02650749497115612, -0.02076072432100773, -0.0020941616967320442, -0.01072127278894186, -0.02059374935925007, -0.013406808488070965, -0.0054893470369279385, 0.04238416254520416, -0.0029290432576090097, 0.007333044428378344, 0.027565011754631996, -0.006846029777079821, -0.006863423157483339, 0.005722418427467346, 0.011152627877891064, 0.013942524790763855, 0.01879875361919403, -0.005458039231598377, 0.004365735687315464, -0.0054893470369279385, -0.0030316642951220274, -0.00642858911305666, -0.023654982447624207, 0.004045697394758463, -0.006672096438705921, 2.8264224965823814e-05, -0.004452702589333057, 0.015987984836101532, 0.034063175320625305, 0.03372922167181969, -0.00883583165705204, 0.005068427883088589, -0.014624344184994698, 0.006978219375014305, -0.008070522919297218, -0.013392893597483635, -0.0017262918408960104, -0.011403092183172703, -0.022291341796517372]","[-0.029045231640338898, 0.02844070829451084, 0.0005755271995440125, 0.00799235887825489, -0.03410635516047478, 0.02048349566757679, -0.014635085128247738, -0.010768948122859001, -0.004590158816426992, -0.02132701687514782, 0.016336185857653618, 0.010480745695531368, -0.0033916563261300325, -0.0002497612149454653, -0.002523532835766673, 0.026655254885554314, -0.008076711557805538, -0.01414303109049797, 0.014775671996176243, 0.010761918500065804, -0.018163813278079033, -0.011935818940401077, -0.016870414838194847, -0.025347799062728882, -0.026121025905013084, -0.023210879415273666, -0.002335498109459877, -0.02148166112601757, 0.005757029168307781, -0.002386460779234767, -0.0027537436690181494, -0.020525671541690826, -0.006526741664856672, -0.0027625304646790028, 0.007401894778013229, -0.005549663677811623, -0.0036833740305155516, 0.0052720047533512115, 0.02447616122663021, 0.002913661301136017, -0.004038355778902769, -0.012779339216649532, -0.004653422627598047, -0.015689486637711525, -0.025783617049455643, 0.007809596136212349, 0.0046042175963521, -0.026233496144413948, -0.010768948122859001, 0.01723594032227993, 0.004372249357402325, 0.014958434738218784, -0.04093887284398079, -0.002585039706900716, -0.013587713241577148, 0.004122707527130842, 0.042288508266210556, 0.0017371255671605468, -0.0034320750273764133, -0.013306539505720139, 0.0027062958106398582, 0.0040313261561095715, -0.015127139165997505, -0.011542175896465778, -0.00013685245357919484, -0.001252979738637805, 0.021622247993946075, -0.005641045048832893, -0.023365525528788567, -0.017249999567866325, 0.022128360345959663, 0.015309901908040047, -0.028988996520638466, 0.007753361482173204, 0.029973104596138, -0.012245109304785728, -0.017292175441980362, 0.015338018536567688, 0.01386185735464096, 0.001126451650634408, 0.01649083010852337, -0.0011712637497112155, -0.0011000916128978133, 0.001992817735299468, 0.017151588574051857, -0.011261002160608768, 0.014649143442511559, 0.025994498282670975, -0.012392725795507431, -0.015070904046297073, 0.011408617720007896, 0.00770415598526597, 0.036355745047330856, -0.0167017113417387, 0.023815402761101723, 0.0015350320609286427, -0.01736246794462204, 0.013742358423769474, -0.017503054812550545, -0.019091686233878136, -0.010846271179616451, -0.01000977959483862, -0.017727995291352272, -0.003505883039906621, -0.016181539744138718, -0.023970048874616623, 0.00278713321313262, -0.005387988872826099, -0.007570598740130663, 0.003971576690673828, -0.02569926530122757, -0.00941228587180376, -0.0016782548045739532, -0.022465769201517105, 0.0073737772181630135, -0.012420843355357647, 0.03244743123650551, -0.033993884921073914, -0.028581295162439346, -0.022718826308846474, 0.004010238219052553, 0.013095659203827381, 0.027062958106398582, -0.03722738102078438, 0.0012011383660137653, -0.0027713170275092125, -0.04189486429095268, -0.005929247941821814, 0.0012151970295235515, -0.028342297300696373, 0.06781906634569168, 0.02444804273545742, 0.008653117343783379, -0.0065618883818387985, -0.01442420482635498, -0.003057762747630477, -0.027147309854626656, -0.034050121903419495, -0.013390892185270786, 0.00868123397231102, 0.03053545206785202, 0.01172493863850832, -0.0018118122825399041, -0.002964623970910907, 0.017376527190208435, 0.02160819061100483, 0.021214546635746956, -0.006962561048567295, 0.017306234687566757, 0.0007591687026433647, 0.010487774387001991, -0.04034841060638428, 0.0024462102446705103, 0.006351008545607328, 0.03191320225596428, 0.025741441175341606, 0.018163813278079033, 0.0005280791083350778, -0.024363690987229347, -0.016195598989725113, -0.01344009768217802, 0.019541563466191292, -0.01805134490132332, -0.02163630723953247, 0.013960268348455429, 0.03722738102078438, 0.0090537890791893, 0.014986552298069, -0.004491747822612524, -0.027864301577210426, 0.007387835998088121, -0.009623166173696518, -0.045634470880031586, 0.011289119720458984, 0.005078698042780161, 0.00981998723000288, 0.019625915214419365, 0.012434901669621468, -0.012294314801692963, 0.026613079011440277, 0.005630501080304384, -0.0007784993504174054, 0.05170782282948494, 0.05418214946985245, -0.03868948668241501, -0.021973716095089912, 0.017460878938436508, 0.004080531653016806, -0.014845965430140495, -0.023154644295573235, -0.0006111132097430527, -0.0022652046754956245, -0.013074571266770363, 0.0022968368139117956, -0.6001368761062622, -0.034584350883960724, 0.0010403422638773918, -0.02741442434489727, 0.025643030181527138, 0.024996330961585045, 0.013236246071755886, 0.007647921331226826, -0.01754523068666458, 0.01710941269993782, -0.025249388068914413, 0.03028239496052265, 0.00549694336950779, -0.016448654234409332, 0.0029909838922321796, -0.02501039020717144, -0.000869880779646337, 0.007254278287291527, 0.005205226130783558, 0.02697860449552536, -0.011689791455864906, -0.004207059741020203, -0.0062842294573783875, 0.013123776763677597, -0.02360452152788639, -0.024490218609571457, 0.005718367639929056, -0.024926038458943367, 0.010804095305502415, 0.0296638123691082, -0.07625427842140198, 0.022254889830946922, 0.008491442538797855, 0.006769253872334957, 0.050470657646656036, -0.013426038436591625, -0.02766748145222664, 0.010607273317873478, 0.012870720587670803, 0.030451098456978798, -0.012455989606678486, -0.00961613655090332, -0.00643184594810009, 0.005844895727932453, -0.014185206964612007, 0.001729217590764165, 0.03225060924887657, 0.023548288270831108, 0.02276100218296051, -0.020905256271362305, -0.02163630723953247, -0.001158962375484407, 0.011893642134964466, 0.0016694681253284216, 0.05229828506708145, -0.0044495719484984875, 0.028426649048924446, -0.014621025882661343, 0.010684596374630928, -0.0010956983314827085, -1.3488917829818092e-05, -0.019443152472376823, -0.006512683350592852, -0.020117970183491707, -0.017840463668107986, 0.019344743341207504, 0.005697279702872038, -0.014803789556026459, 0.003115754807367921, -0.011598410084843636, 0.00020132468489464372, 0.011795232072472572, 0.010417480953037739, 0.016279950737953186, 0.0005790418363176286, 0.01866992563009262, 0.021748777478933334, 0.01851528137922287, -0.020033618435263634, 0.0067551955580711365, 0.013538507744669914, 0.013988385908305645, -0.02391381375491619, -0.021003667265176773, 0.04408801719546318, -0.005662132985889912, -0.006934443488717079, 0.003591992426663637, 0.009827016852796078, -0.007676038891077042, -0.005514516960829496, 0.021397309377789497, -0.009883251041173935, -0.01917603798210621, -0.01851528137922287, -0.0009691701852716506, -0.02679584175348282, 0.018810512498021126, 0.018993275240063667, -0.031182151287794113, 0.00017232865502592176, -0.008997554890811443, -0.0010816396679729223, 0.018993275240063667, 0.014178178273141384, 0.0018416870152577758, -0.036608800292015076, 0.00431601470336318, 0.03478117287158966, -0.04093887284398079, -0.015450488775968552, 0.0017713935812935233, 0.00151657999958843, 0.0015113080153241754, -0.0174889974296093, -0.027864301577210426, -0.011549204587936401, -0.005078698042780161, 0.017601465806365013, -0.00896240770816803, 0.012659840285778046, 0.01308160088956356, -0.0015772080514580011, -0.02173471823334694, -0.0008435207419097424, -0.007669009268283844, 0.001429591909982264, -0.002678178483620286, 0.023028116673231125, 0.009152200073003769, 0.009391197934746742, -0.022226771339774132, 0.030732272192835808, -0.017165647819638252, -0.008189180865883827, -0.022395476698875427, 0.0058308374136686325, 0.03056356869637966, 0.004291411954909563, -0.033740829676389694, 0.001314486493356526, 0.00043098637252114713, 0.0007657586829736829, -0.011478911153972149, 0.014860023744404316, 0.0005645438213832676, -0.03644009679555893, 0.01807946152985096, -0.030451098456978798, 0.007004736922681332, -0.00312629877589643, -0.0038696513511240482, -0.008885085582733154, 0.02307029254734516, -0.04377872869372368, -0.0006875572726130486, 0.005728911608457565, -0.035484105348587036, -0.011289119720458984, -0.0073456596583127975, 0.004583129193633795, 0.014635085128247738, -0.032363079488277435, 0.0022810206282883883, -0.009700488299131393, -0.006062805186957121, 0.024124693125486374, 0.007528422866016626, 0.002824037102982402, -0.030141808092594147, -0.005156020633876324, -0.003310818923637271, -0.021847186610102654, 0.011956906877458096, -0.007169926539063454, 0.005837866570800543, -0.037958431988954544, -0.00568322092294693, 0.0030735787004232407, -0.0011255729477852583, 0.003620109986513853, 0.01250519510358572, -0.010150366462767124, 0.0346687026321888, 0.00741595309227705, 0.01848716288805008, 0.02723166160285473, 0.007886919192969799, -0.01623777486383915, 0.03638386353850365, 0.004888905677944422, 0.0167017113417387, -0.024209044873714447, 0.020497554913163185, -0.02150977961719036, 0.02751283533871174, -0.01879645325243473, 0.020849021151661873, 0.00245499680750072, 0.011542175896465778, 0.006783312652260065, 0.006154187023639679, 0.015689486637711525, -0.007528422866016626, 0.010501833632588387, -0.0434131994843483, -0.011598410084843636, -0.025094741955399513, 0.022100243717432022, -0.01339792087674141, 9.451166988583282e-05, -0.043047674000263214, 0.005054095294326544, 0.011760084889829159, 0.010853299871087074, 0.02158007211983204, -0.007964241318404675, 0.01836063526570797, -0.00980592891573906, 0.038548897951841354, -0.0028679706156253815, 0.017756111919879913, 0.01935880072414875, 0.014564791694283485, -0.021664423868060112, 0.010705684311687946, -0.004495262634009123, 0.02316870354115963, -0.004358190577477217, -0.012455989606678486, 0.011120415292680264, 0.018993275240063667, 0.002764287870377302, 0.016195598989725113, 0.002725626341998577, 0.025502443313598633, 0.042850855737924576, -0.0049802870489656925, 0.02495415508747101, -0.006242053583264351, 5.700355177395977e-05, 0.022311123088002205, 0.022690707817673683, -0.022957822307944298, 0.03784596547484398, 0.015745719894766808, 0.04040464386343956, 0.031154032796621323, 0.008913202211260796, 0.005634015891700983, 0.00384856341406703, 0.015816014260053635, -0.01526772603392601, 0.004414425231516361, 0.012420843355357647, -0.003003285266458988, -0.01347524393349886, 0.014494498260319233, 0.002215999411419034, 0.026247553527355194, 0.008090769872069359, 0.0008813034510239959, 0.03106968104839325, 0.007591686677187681, 0.03733985126018524, -0.015352077782154083, 0.010347187519073486, -0.003006800077855587, -0.023520169779658318, -0.010761918500065804, -0.0026799356564879417, -0.009215463884174824, 0.010058985091745853, -0.0031473867129534483, -0.010051955468952656, 0.016026893630623817, 0.02910146676003933, -0.008210268802940845, 0.016026893630623817, 0.002321439329534769, -0.0029259626753628254, 0.0013171224854886532, -0.0048678177408874035, -0.0027678024489432573, 0.007647921331226826, -0.03562469407916069, -0.01695476658642292, -0.010895476676523685, 0.003830990055575967, -0.0072472491301596165, 0.015900366008281708, 0.016251832246780396, 0.0033670535776764154, -0.00625259755179286, -0.03382518142461777, 0.006129584275186062, 0.018937040120363235, -0.02912958338856697, 0.016223715618252754, -0.006913355551660061, -0.004189486615359783, 0.013327627442777157, -0.035202931612730026, -0.02250794507563114, 0.04633740708231926, 0.007039883639663458, -0.010347187519073486, -0.010783007368445396, 0.0035568459425121546, -0.009004583582282066, -0.0221705362200737, -0.01785452291369438, -0.009503667242825031, 0.025122860446572304, 0.012308374047279358, 0.020989608019590378, -0.010544009506702423, 0.008674205280840397, 0.04186674579977989, 0.033431537449359894, -0.010129278525710106, -0.007001222111284733, -0.0181075781583786, 0.0057640583254396915, -7.529081631219015e-05, 0.03022615984082222, 0.030985329300165176, 0.006192848086357117, -0.016378361731767654, 0.012153727933764458, 0.002797677181661129, -0.04979583993554115, -0.0005091878119856119, -0.016026893630623817, 0.005598869174718857, 0.009665342047810555, 0.00911705382168293, -0.0034601923543959856, 0.025502443313598633, -0.0002011050091823563, 0.0018082975875586271, -0.013882945291697979, -0.004635849501937628, 0.00874449871480465, 0.03475305438041687, -0.010937652550637722, 0.009159229695796967, 0.033487774431705475, 0.00769009767100215, 0.011844437569379807, -0.013011307455599308, 0.009187347255647182, 0.006983648985624313, -0.04614058509469032, -0.00023240754671860486, -0.0028679706156253815, 0.010670537129044533, 0.021622247993946075, -0.015042786486446857, 0.025122860446572304, 0.006203392054885626, 0.01422035414725542, 0.018276283517479897, 0.0017951176268979907, -0.0051208739168941975, 0.012905867770314217, 0.0015280026709660888, -0.0011176649713888764, 0.03500610962510109, -0.018782395869493484, -0.020834961906075478, 0.007022310048341751, -0.014248471707105637, -0.017784228548407555, 0.0018030256032943726, -0.012378666549921036, -0.036327626556158066, -0.007957212626934052, -0.023660756647586823, 0.0011818077182397246, -0.009763753041625023, 0.003989150281995535, -0.013032395392656326, -0.03818337246775627, 0.01792481541633606, 0.006178789306432009, 0.015422371216118336, -3.7508118111873046e-05, -0.01269498746842146, -0.03298166021704674, -0.042288508266210556, 0.011809290386736393, -0.0148319061845541, -0.010073043406009674, -0.012160757556557655, -0.007795537821948528, -0.04017970338463783, 0.026092909276485443, 0.00721210241317749, 0.007176955696195364, -0.0008465960854664445, -0.011183679103851318, 0.020708434283733368, 0.027934595942497253, -0.004586644005030394, 0.0005895858630537987, 0.003064792137593031, 0.004298441112041473, -0.0086671756580472, -0.005735941231250763, 0.007633863016963005, -0.02066625840961933, -0.03503422811627388, 0.00673762196674943, 0.00952475517988205, 0.012118581682443619, 0.021495720371603966, -0.011218826286494732, 0.01698288507759571, 0.025460267439484596, 0.014606967568397522, 0.03444376215338707, 0.002119345823302865, 0.013819681480526924, -0.005363386124372482, 0.005570751614868641, -0.017249999567866325, 0.0249822735786438, 0.011865525506436825, -0.0038063873071223497, 0.022409534081816673, 0.02513691782951355, 0.008807762525975704, 0.005215770099312067, 0.018655866384506226, 0.010593215003609657, 0.014283617958426476, 0.021341074258089066, 0.03275672346353531, 0.004990831017494202, 0.016223715618252754, 0.02598043903708458, 0.009081906639039516, -0.015197432599961758, -0.009468520060181618, 0.005380959250032902, 0.02319682016968727, 0.024180928245186806, -0.015816014260053635, 0.010297982953488827, -0.0013909306144341826, -0.053535450249910355, -0.012090464122593403, -0.001252979738637805, -0.024068458005785942, 0.018599633127450943, 0.00490999361500144, -0.03213813900947571, 0.0008031020406633615, 0.01626589149236679, -0.01470537856221199, 0.00389073952101171, -0.014262530021369457, 0.0018768336158245802, 0.004892420489341021, -0.02135513350367546, -0.010494804009795189, -0.021031783893704414, -0.011127444915473461, -0.027147309854626656, -0.01710941269993782, 0.032081905752420425, 0.0013303025625646114, -0.008315708488225937, -0.004625305533409119, -0.011043092235922813, -0.02063814178109169, 0.004888905677944422, 0.004175427835434675, -0.026964547112584114, -0.023281171917915344, 0.023520169779658318, 0.029832517728209496, -0.009440403431653976, 0.01966809295117855, 0.0004432877176441252, 0.015253666788339615, 0.030338630080223083, 0.007338630501180887, -0.028707822784781456, -0.012259168550372124, 0.014339853078126907, -0.03275672346353531, 0.003630653955042362, 0.03084474243223667, -0.01202017068862915, 0.007676038891077042, -0.010691625066101551, 0.014171148650348186, 0.034893643110990524, -0.015998777002096176, 0.002082441933453083, -0.003386384341865778, -0.04546576738357544, 0.0010333128739148378, 0.01114853285253048, 0.01280042715370655, 0.007240219973027706, -0.03455623239278793, -0.021439485251903534, 0.014621025882661343, -0.011788202449679375, 0.036046452820301056, -0.01713752932846546, 0.03672127053141594, -0.011478911153972149, -0.008582823909819126, -0.02744254097342491, 0.03019804321229458, -0.03922371566295624, -0.007886919192969799, -0.014480439946055412, -0.030619803816080093, 0.004073502495884895, 0.030422981828451157, 0.025741441175341606, 0.007289425004273653, -0.012589546851813793, 0.007401894778013229, 0.0020314790308475494, -0.030310511589050293, -0.02544621005654335, 0.018838630989193916, 0.0019400977762416005, 0.023056233301758766, -0.016786063089966774, -0.017840463668107986, -0.016462713479995728, -0.011949877254664898, 0.00806968193501234, -0.017249999567866325, 0.007138294167816639, -0.013960268348455429, -0.02470109984278679, 0.009580990299582481, -0.004263294395059347, 0.030619803816080093, -0.0004924930981360376, 0.014972493052482605, 0.030929094180464745, 0.00011905944120371714, -0.013222187757492065, -0.009623166173696518, -0.02038508467376232, -0.028904644772410393, 0.0012687958078458905, 0.03472493588924408, -0.012716075405478477, -0.013840769417583942, -0.012842603027820587, -0.015197432599961758, -0.03393765166401863, -0.029579460620880127, 0.012842603027820587, 0.020750610157847404, 0.004393337294459343, -0.012814486399292946, 0.003454920370131731, -0.028525060042738914, 0.03084474243223667, -0.004642878659069538, 0.019091686233878136, 0.0007640013354830444, 0.004685054998844862, -0.023407701402902603, 0.021158311516046524, -0.023590464144945145, 0.047349631786346436, 0.008856968022882938, -0.006959046237170696, -0.004762377589941025, 0.001866289647296071, -0.009679400362074375, 0.01689853146672249, -0.004091075621545315, 0.01951344683766365, -0.006199877709150314, 0.029213935136795044, 0.0005794811877422035, 0.017095353454351425, -0.00021000152628403157, -0.013320598751306534, 0.027372248470783234, 0.030141808092594147, -0.006878208834677935, 0.0048150974325835705, -0.002256418112665415, -0.015436429530382156, 0.00874449871480465, 0.02439180761575699, -0.0007864073850214481, -0.008132945746183395, -0.01564731076359749, -0.001585116027854383, 0.04771515727043152, 0.007479217369109392, 0.020750610157847404, -0.028342297300696373, -0.021523837000131607, 0.01278636883944273, 0.010361246764659882, -0.0090537890791893, 0.03610268980264664, -0.02513691782951355, -0.026374083012342453, 0.003286216175183654, 0.01836063526570797, -0.0148319061845541, 9.809497896640096e-06, 0.006558374036103487, -0.004164883866906166, 0.04155745729804039, -0.01251925341784954, 0.01938691921532154, -0.010136307217180729, -0.021819069981575012, 0.0024093061219900846, 0.014248471707105637, -0.01308160088956356, -0.029045231640338898, 0.00250595947727561, -0.013763447292149067, -0.02969193086028099, -0.03843642771244049, 0.014986552298069, -0.0013601771788671613, -0.0007284153252840042, 0.025685206055641174, -0.004193000961095095, -0.023829462006688118, 0.006006570532917976, -0.01344009768217802, -0.018979215994477272, 0.013208129443228245, -0.04040464386343956, 0.011914731003344059, -0.004382793325930834, -0.007605745457112789, 7.831123366486281e-05, -0.028215769678354263, -0.008013446815311909, 0.01039639301598072, -0.029298286885023117, -0.03916747868061066, 0.014494498260319233, -0.013819681480526924, 0.00519819650799036, -0.013721270486712456, 0.005444223526865244, 0.008491442538797855, -0.0027765892446041107, -0.01123991422355175, -0.011310207657516003, -0.0056902505457401276, 0.013201099820435047, 0.013334657065570354, -0.0011686277575790882, 0.0207646694034338, -0.016757946461439133, -0.009152200073003769, -0.01736246794462204, -0.015056845732033253, -0.0006563646020367742, -0.02501039020717144, -0.01769987680017948, 0.04262591525912285, 0.00916625838726759, -0.008709351532161236, -0.01295507326722145, 0.0011062423000112176, -0.03953300416469574, 0.03025427833199501, 0.000761804694775492, 0.02301405742764473, 0.04546576738357544, 0.011120415292680264, -0.008695293217897415, 0.03725549951195717, 0.0018838630057871342, 0.015014668926596642, 0.029804399237036705, -0.0035586031153798103, 0.019864913076162338, 0.006670843344181776, 0.0002939142577815801, -0.006628667004406452, -0.041726160794496536, -0.016603300347924232, 0.02782212570309639, 0.010037897154688835, 0.018290340900421143, 0.04088263958692551, -0.01935880072414875, -0.015211490914225578, -0.00615067221224308, -0.00877261534333229, 0.02710513398051262, -0.002646546345204115, 0.0027062958106398582, -0.04107946157455444, -0.01185146626085043, 0.029438873752951622, 0.001982273766770959, -0.009960574097931385, 0.009398226626217365, 0.0008356127655133605, 0.009749693796038628, -0.013714241795241833, -0.024743275716900826, -0.0181075781583786, -0.014649143442511559, -0.020905256271362305, 0.017713936045765877, 0.008821820840239525, 0.012245109304785728, 0.026177261024713516, 0.02129889838397503, 0.00508924201130867, -0.0015499694272875786, -0.014466380700469017, -0.03413447365164757, 0.005156020633876324, 0.023843519389629364, -0.014002444222569466, 0.00965128280222416, 0.010593215003609657, -0.0015288813738152385, -0.0031034534331411123, 0.00818215124309063, -0.022086184471845627, -0.007647921331226826, -0.004713172093033791, 0.029888750985264778, 0.021059900522232056, -0.024715157225728035, -0.017306234687566757, 0.01895109936594963, -0.01907762698829174, 0.00509627116844058, 0.003003285266458988, 0.005929247941821814, -0.00989731028676033, 0.019878972321748734, -0.01764364168047905, -0.01200611237436533, -0.0327848382294178, -0.021270781755447388, 0.002112316433340311, -0.024588629603385925, 0.009327933192253113, 0.18478727340698242, -0.0022722340654581785, 0.010234718210995197, 0.012146699242293835, -0.0015965386992320418, -0.021720658987760544, 0.007851772010326385, 0.015211490914225578, -0.03503422811627388, 0.017995109781622887, -0.024715157225728035, -0.003461949760094285, 0.014192236587405205, 0.003855592804029584, 0.00175469892565161, -0.0036798592191189528, -0.03424694389104843, -0.024433983489871025, -0.02245170995593071, -0.025530561804771423, 0.008997554890811443, -0.0035867204423993826, -0.009960574097931385, -0.005047065671533346, 0.012385696172714233, -0.003173746867105365, -0.0007336873095482588, -0.0024672981817275286, 0.0024391808547079563, 0.022184595465660095, -0.005451252683997154, 0.007169926539063454, -0.007964241318404675, 0.025375915691256523, 0.015422371216118336, -0.02117237076163292, 0.011232884600758553, 0.010058985091745853, 0.032672371715307236, -0.0005315938033163548, 7.194089994300157e-05, -0.029185818508267403, 0.0013619345845654607, -0.035737160593271255, -0.01539425365626812, -0.0008307800744660199, -0.01526772603392601, -0.015478605404496193, 0.015028728172183037, 0.014930317178368568, -0.011837407946586609, -0.0048291562125086784, 0.011514058336615562, 0.016462713479995728, 0.02938263863325119, -0.009862163104116917, 0.03157579526305199, 0.01966809295117855, -0.005598869174718857, 0.04453789442777634, -0.014023532159626484, 0.019597798585891724, 0.011865525506436825, 0.005802719853818417, -0.008210268802940845, 0.003157930914312601, 0.005493429023772478, -0.03272860497236252, 0.022550120949745178, -0.0044495719484984875, 0.027555011212825775, -0.01813569664955139, -0.004073502495884895, 0.01782640442252159, -0.03410635516047478, -0.0271613672375679, 0.03537163510918617, 0.01336277462542057, 0.020188262686133385, 0.040517114102840424, -0.03255990147590637, -0.002418092917650938, -0.005626986268907785, -0.022283006459474564, 0.010164424777030945, -0.014958434738218784, 0.015056845732033253, -0.0015816014492884278, -0.025404034182429314, 0.0051068151369690895, -0.01050886232405901, -0.011471882462501526, 0.009939486160874367, -0.0016308068297803402, 0.013932150788605213, 0.01334871631115675, -0.006087407935410738, 0.026711490005254745, 0.012898838147521019, -0.03739608824253082, -0.024658923968672752, 0.043891195207834244, 0.03382518142461777, 0.01789669878780842, -0.009609106928110123, -0.00044109104783274233, 0.01441014651209116, 0.005757029168307781, 0.0073456596583127975, -0.02910146676003933, 0.018023226410150528, -0.031772613525390625, -0.007138294167816639, -0.006343978922814131, 0.0062701706774532795, -0.030732272192835808, -0.005605898331850767, -0.006797371432185173, -0.03286919370293617, 0.01907762698829174, 0.01782640442252159, -0.015225549228489399, -0.010171454399824142, 0.014494498260319233, -0.010480745695531368, -0.021116135641932487, -0.047855742275714874, 0.006326405797153711, -0.00035937500069849193, -0.047630805522203445, 0.017812347039580345, -0.013390892185270786, 0.032672371715307236, -0.004059443715959787, -0.005426649935543537, -0.016097187995910645, 0.019710268825292587, -0.005279033910483122, 0.007124235853552818, -0.002537591615691781, 0.001992817735299468, 0.011549204587936401, 0.01356662530452013, 0.011802260763943195, 0.002284535439684987, 0.002331983298063278, -0.007929095067083836, 0.015506722964346409, -0.039701711386442184, -0.012448959983885288, -0.031547676771879196, -0.00011840043589472771, 0.007176955696195364, -0.039083126932382584, -0.004990831017494202, -0.05224205181002617, -0.03250366449356079, -0.045353297144174576, 0.024771392345428467, -0.020933372899889946, -0.03047921694815159, -0.010389364324510098, 0.015239608474075794, -0.008512530475854874, -0.014494498260319233, -0.024223104119300842, -0.17916381359100342, 0.018473103642463684, 0.010979828424751759, -0.01125397253781557, 0.004885390866547823, 0.037171147763729095, 0.021973716095089912, 0.002527047647163272, -0.005451252683997154, 0.006825488526374102, 0.031210267916321754, -0.0005359871429391205, -0.0165470652282238, -0.012849632650613785, -0.01951344683766365, 0.0008000266971066594, -0.0035673899110406637, 0.012104522436857224, 0.051286060363054276, -0.010565097443759441, 0.030141808092594147, -0.03582151606678963, -0.010375305078923702, 0.007964241318404675, 0.003043703967705369, 0.0259101465344429, -0.007809596136212349, -0.005226314067840576, -0.001973487203940749, -0.004945140331983566, -0.018290340900421143, 0.010333129204809666, 0.011865525506436825, -0.0024426954332739115, -0.008280562236905098, -0.004572585225105286, -0.0047237160615623, 0.0026254584081470966, -0.04945843294262886, 0.019850855693221092, 0.002859183819964528, -0.018093520775437355, 0.01019254233688116, -0.02710513398051262, -0.00236185803078115, 0.025938263162970543, -0.0015965386992320418, -0.021833129227161407, 0.0014471652684733272, -0.004899449646472931, 0.005493429023772478, -0.015323960222303867, 6.15616372670047e-05, 0.009454461745917797, 0.03365647792816162, -0.002249388722702861, 0.022522004321217537, 0.030619803816080093, 0.01202017068862915, 0.014775671996176243, 0.015366136096417904, -0.021819069981575012, 0.022971881553530693, 0.019021393731236458, -0.007096118293702602, -0.012245109304785728, -0.0074932761490345, 0.03230684623122215, -0.028932761400938034, 0.016870414838194847, -0.009145170450210571, 0.0024409382604062557, 0.01556295808404684, -0.02063814178109169, 0.02475733309984207, 0.007746332325041294, -0.03365647792816162, -0.00046130039845593274, 0.015141197480261326, 0.004899449646472931, 0.014171148650348186, 0.05235452204942703, 0.0014304706128314137, 0.02756907045841217, 0.006315861828625202, 0.009777811355888844, 0.01161246933043003, -3.086319338763133e-05, 0.012687957845628262, -0.01664547622203827, 0.03225060924887657, 0.004495262634009123, -0.034022003412246704, -0.007138294167816639, -0.011043092235922813, 0.024377750232815742, 0.01386185735464096, -0.009609106928110123, -0.009995721280574799, -0.027428483590483665, 0.03728361800312996, -0.025867968797683716, -0.012357578612864017, 0.030929094180464745, 0.0009858648991212249, 0.03506234660744667, 0.015872249379754066, 0.02207212708890438, 0.03697432577610016, 0.012350549921393394, -0.024237163364887238, -0.0005658618174493313, 0.003613080596551299, 0.021678483113646507, -0.014396087266504765, 0.020849021151661873, 0.021439485251903534, -0.01720782369375229, -0.0006141885532997549, 0.002003361703827977, -0.0036833740305155516, -0.02329523116350174, -0.00805562362074852, 0.00412973714992404, 0.006224479991942644, -0.004695598967373371, -0.10285329818725586, -0.020961491391062737, 0.01692664995789528, -0.00044021240319125354, -0.021523837000131607, -0.01145782321691513, -0.0023091379553079605, 0.0296638123691082, 0.009327933192253113, 0.03272860497236252, -0.0009630194981582463, 0.0019805163610726595, -0.012484107166528702, 0.008519559167325497, -0.0111625911667943, 0.018459046259522438, 0.0013549051946029067, -0.021692542359232903, -0.014944375492632389, 0.024771392345428467, -0.007950183004140854, -0.015084962360560894, -0.002339012688025832, -0.020553788170218468, 0.0030876374803483486, 0.015028728172183037, -0.011401589028537273, -0.006544315256178379, 0.005061124451458454, -0.004663966596126556, -0.011359413154423237, -0.021130194887518883, 0.012048288248479366, -0.052382636815309525, 0.0007635619840584695, -0.014065708965063095, -0.04920537769794464, -0.008168092928826809, 0.024335574358701706, -0.022831294685602188, 0.009187347255647182, 0.006235024426132441, 0.005117359105497599, 0.010965770110487938, -0.002502444898709655, -0.020089851692318916, -0.002950565190985799, 0.026894252747297287, -0.005208740476518869, 0.008498471230268478, 0.0022722340654581785, -0.014452322386205196, -0.032363079488277435, -0.017601465806365013, 0.056094128638505936, -0.013095659203827381, 0.013594742864370346, 0.024588629603385925, -0.006379125639796257, -0.006273685488849878, -0.008871026337146759, -0.022493885830044746, -0.008217298425734043, 0.02488386258482933, 0.008083740249276161, 0.026191318407654762, -0.0352872833609581, 0.00818215124309063, -0.006544315256178379, 0.007788508199155331, 0.0023302261251956224, 0.010417480953037739, -0.020160146057605743, 0.035455990582704544, -0.020989608019590378, -0.0011185436742380261, 0.0011528116883710027, -0.022254889830946922, -0.0004068230336997658, -0.016687652096152306, 0.01002383790910244, -0.02117237076163292, 0.003570904489606619, -0.025614913552999496, 0.02766748145222664, -0.011591381393373013, 0.005932762753218412, -0.015787897631525993, 0.005535604897886515, -0.022114302963018417, 0.007187499664723873, 0.015787897631525993, 0.002437423449009657, -0.012463019229471684, 0.0002469055471010506, 0.0103823347017169, -0.009257640689611435, -0.008730439469218254, 0.004372249357402325, -0.004597187973558903, -0.03396577015519142, -0.020132029429078102, -0.06810024380683899, 0.0026447889395058155, -0.016757946461439133, -0.004147310275584459, 0.012737163342535496, -0.010614302940666676, 0.016786063089966774, -0.030141808092594147, -0.00519819650799036, -0.001973487203940749, -0.004758862778544426, 0.003314333502203226, -0.01280042715370655, 0.009475549682974815, -0.023238996043801308, -0.029579460620880127, -0.007282395847141743, 0.021214546635746956, -0.00924358144402504, -0.006864150054752827, 0.024433983489871025, -0.018318459391593933, 0.008512530475854874, 0.00026799357146956027, -0.020413201302289963, 0.019316624850034714, -0.024377750232815742, 0.011169620789587498, -0.02672554925084114, -0.01153514627367258, 0.014206294901669025, -0.04012347012758255, -0.01192878931760788, 0.010276894085109234, -0.00797830056399107, -0.00825947429984808, 0.00835085567086935, 0.002910146489739418, 0.018374694511294365, -0.00038793167914263904, -0.03455623239278793, -0.03655256703495979, 0.0019875457510352135, 0.03922371566295624, -0.00868123397231102, -0.01220996305346489, -0.013482273556292057, -0.010839241556823254, 0.015155255794525146, -0.006558374036103487, 0.03385329991579056, 0.026809900999069214, -0.020905256271362305, -0.03835207596421242, 0.006505653727799654, -0.041979216039180756, 0.00293123465962708, 0.006417787168174982, 0.012512224726378918, -0.02063814178109169, 0.03084474243223667, -0.004372249357402325, 0.01720782369375229, -0.006987163331359625, 0.015211490914225578, 0.018459046259522438, -0.011949877254664898, -0.009658312425017357, 9.582966595189646e-05, -0.016195598989725113, -0.022240830585360527, 0.001989303156733513, 0.005166564602404833, 0.030451098456978798, 0.02582579292356968, 0.022831294685602188, -0.04355378821492195, -0.01066350843757391, -0.02935452200472355, 0.011064180172979832, 0.004045384936034679, -0.01145782321691513, -0.008280562236905098, 0.00615067221224308, 0.030113691464066505, 0.005598869174718857, 0.01144376490265131, 0.01213263999670744, 0.011000916361808777, 0.008118887431919575, -0.01933068409562111, -0.019021393731236458, 0.003570904489606619, 0.012202933430671692, 0.015900366008281708, -0.02385757863521576, 0.007718214765191078, -0.010761918500065804, -0.0017494269413873553, 0.00932090450078249, 0.022128360345959663, -0.00470614293590188, -0.016856355592608452, -0.033712711185216904, 0.0013759932480752468, 0.0018469589995220304, -0.0184168703854084, -0.023337407037615776, -0.002890815958380699, 0.015745719894766808, 0.015366136096417904, -0.011022004298865795, -0.01869804412126541, 0.01585819013416767, -0.010888447053730488, 0.0111625911667943, -0.031800732016563416, -0.023056233301758766, -0.02163630723953247, 0.004660452250391245, 0.017123471945524216, 0.017432762309908867, 0.04299144074320793, -0.011057151481509209, -0.014803789556026459, 0.03382518142461777, 0.0259101465344429, -0.016181539744138718, 0.040235940366983414, 0.0048818765208125114, -0.017404645681381226, -0.012983189895749092, 0.004446057137101889, -0.01979462057352066, -0.06140831112861633, -0.015295842662453651, -0.012659840285778046, 0.006396699231117964, -0.015492664650082588, 0.08080928772687912, 0.013060512952506542, -0.03503422811627388, -0.007654950954020023, 0.00035586030571721494, 0.008955379016697407, 0.01723594032227993, 0.010811123996973038, -0.023787284269928932, -0.027962712571024895, 0.025179093703627586, -0.006604064721614122, 0.0010420995531603694, -0.016842298209667206, 0.004301955923438072, 0.00965128280222416, -0.021678483113646507, 0.05286063253879547, 0.016786063089966774, -0.0007249006303027272, 0.02385757863521576, 0.005946821067482233, -0.02122860588133335, -0.013559595681726933, 0.004888905677944422, -0.0007055699825286865, 0.00913111213594675, -0.0032036215998232365, -0.0030665493104606867, 0.0038696513511240482, 0.008871026337146759, -0.01667359285056591, -0.02582579292356968, -0.010333129204809666, -0.006365066859871149, 0.005953850690275431, -0.004888905677944422, 0.02201589196920395, 0.05235452204942703, 0.013461185619235039, -0.015211490914225578, -0.0013136077905073762, -0.015534840524196625, 0.007514364086091518, -0.01930256560444832, -0.0223251823335886, 0.013777505606412888, 0.009356050752103329, -0.010832211934030056]","[-0.008210957050323486, -0.01862861029803753, 0.0028577980119735003, -0.05106189101934433, -0.006100484635680914, 0.0075117433443665504, 0.017396965995430946, -0.019128965213894844, -0.019706297665834427, -0.013855990953743458, -0.0022339578717947006, -0.003064675722271204, -0.025518115609884262, -0.011803251691162586, 0.013586568646132946, 0.0017063396517187357, 0.02055305242538452, 0.020873794332146645, 0.0038713382091373205, -0.008974320255219936, -0.03512750193476677, -0.0026348833926022053, 0.00805700197815895, 0.01915462501347065, -0.008634335361421108, -0.011097622103989124, 0.01562647894024849, -0.02006552740931511, 0.009320720098912716, -0.021964311599731445, 0.008897341787815094, -0.004499989561736584, -0.025659242644906044, -0.04500631242990494, -0.02093794196844101, -0.0029235498514026403, 0.00340626435354352, 0.002538661239668727, 0.002131320768967271, 0.0025274353101849556, 0.01928292028605938, -0.0024616834707558155, 0.0076528689824044704, 0.010327844880521297, -0.0245943833142519, 0.00973126757889986, 0.0014329083496704698, -0.05149810016155243, -0.004679604433476925, 0.007787580136209726, 0.012951502576470375, -0.014959338121116161, -0.012021355330944061, -0.010821785777807236, -0.021220192313194275, -0.017307158559560776, 0.011835325509309769, 0.01780751347541809, -0.010128986090421677, -0.020642859861254692, -0.0003764691937249154, -0.013047724962234497, -0.02481248788535595, 0.050343431532382965, 0.006299343891441822, -0.014420494437217712, -0.007838898338377476, 0.0009173179278150201, 0.008627920411527157, 0.0030951460357755423, 0.00962221622467041, 0.01898784004151821, 0.017692048102617264, -0.006055580917745829, 0.019513852894306183, -0.010084082372486591, -0.01637059636414051, 0.039720505475997925, 0.0002016656071646139, -0.00927581638097763, 0.004830352496355772, -0.012746228836476803, 0.008429060690104961, 0.015908729285001755, 0.014266538433730602, -0.0005007561412639916, -0.002984490478411317, 0.026890885084867477, -0.040644239634275436, -0.029046261683106422, 0.012951502576470375, 0.01989874243736267, 0.013894479721784592, 0.011007814668118954, -0.00460262643173337, 0.00840340182185173, 0.01950102485716343, 0.03294646739959717, 0.020257972180843353, -0.026223745197057724, -0.006876676809042692, 0.007588720880448818, -0.009410526603460312, -0.012656421400606632, -0.014048434793949127, -0.004265849012881517, 0.008557356894016266, -0.008724141865968704, -0.00013220524124335498, -0.001978968968614936, -0.033408332616090775, 0.03256157785654068, -0.021733377128839493, -0.0056578628718853, 0.000698813411872834, 0.01758941076695919, -0.019449705258011818, -0.0016453989082947373, -0.0013984286924824119, 0.005792574025690556, 0.01343261357396841, -0.007646454032510519, -0.011155355721712112, 0.00712685426697135, 0.02441476844251156, 0.001479415688663721, -0.006434055045247078, -0.030072631314396858, -0.0066842325031757355, -0.004118308424949646, 0.017692048102617264, 0.02486380562186241, 0.019436875358223915, -0.012079088017344475, -0.007332128472626209, 0.020963599905371666, -0.022002799436450005, -0.009570897556841373, 0.016601528972387314, -0.004371693357825279, 0.015741944313049316, 0.03476827219128609, 0.007845313288271427, -0.01959083043038845, -0.01933423802256584, 0.02450457587838173, 0.0151261230930686, -0.023837435990571976, 0.011816080659627914, -0.004028500989079475, 0.01789732091128826, 0.0020816060714423656, -0.0017400173237547278, 0.005654655396938324, -0.0016614359337836504, 0.025107568129897118, -0.014510300941765308, -0.00814039446413517, -0.0009477882413193583, -0.018525972962379456, 0.016165321692824364, -0.019962890073657036, 0.007370617240667343, -0.0010456141317263246, 0.03248460218310356, 0.02406836859881878, 0.010905178263783455, -0.024017050862312317, -0.018833883106708527, 0.01706339605152607, 0.01631927862763405, 0.04705905169248581, -0.0456991083920002, 0.02184884436428547, -0.016870951279997826, 0.02341405861079693, 0.006244818214327097, -0.011508170515298843, 0.003422301495447755, -0.005250522401183844, 0.0029876979533582926, 0.015703456476330757, 0.011533829383552074, 0.03343399241566658, 7.101395749486983e-05, 0.003864923259243369, 0.03782172128558159, -0.031894437968730927, 0.02406836859881878, -0.011136110872030258, 0.008775460533797741, 0.040644239634275436, 0.016781143844127655, -0.015036315657198429, -0.6375808715820312, -0.016434744000434875, -0.010584437288343906, 0.0029828869737684727, -0.006302551366388798, 0.01087951846420765, 0.003627575235441327, -0.012810376472771168, -0.013034895062446594, 0.024632873013615608, 0.0027647833339869976, 0.008191713131964207, -0.03469129651784897, -0.00020667717035394162, 0.015203100629150867, -0.02994433604180813, 0.006575180683284998, -0.023362739011645317, -0.030406201258301735, -0.014972168020904064, -0.019128965213894844, 0.004689226392656565, -0.013214509934186935, -0.01249605044722557, 0.00039110297802835703, -0.0077939946204423904, 0.015485352836549282, -0.0013463083887472749, 0.0041984934359788895, 0.03330569714307785, -0.009833904914557934, 0.014997826889157295, -0.006876676809042692, -0.0007232698844745755, 0.04885519668459892, -0.0033260793425142765, -0.015767604112625122, 0.02642901986837387, -0.007870972156524658, 0.03523014113306999, -0.027044842019677162, -0.024145346134901047, -0.005539189092814922, -0.014856700785458088, -0.012515295296907425, 0.006283306982368231, -0.01637059636414051, 0.012085502967238426, -0.004278678447008133, -0.013291487470269203, 0.003749456722289324, 0.01547252293676138, 0.008146809414029121, 0.00045545154716819525, 0.011771176941692829, -0.009936541318893433, 0.03448602184653282, -0.00632500322535634, 0.015523841604590416, -0.006219158880412579, 0.007620794698596001, 0.03551239147782326, -0.0274297297000885, -0.024222323670983315, 0.014548790641129017, -0.014138242229819298, -0.02106623724102974, -0.023952903226017952, 0.011591563001275063, 0.011546659283339977, 0.03764210641384125, 0.02063002996146679, -0.02855873666703701, 0.028712691739201546, 0.023003511130809784, 0.010975740849971771, -0.014125412330031395, -0.008358498103916645, -0.009500334039330482, 0.010372748598456383, 0.0006386745953932405, -0.03582030162215233, 0.01203418429940939, -0.016999248415231705, 0.04711036756634712, 0.013176021166145802, -0.01933423802256584, -0.021977141499519348, 0.00043660803930833936, -0.005446174181997776, -0.007588720880448818, -0.004779033828526735, 0.011360629461705685, -0.03592293709516525, 0.0006851819343864918, 0.017615070566534996, -0.005924077704548836, -0.00938486773520708, 0.024876635521650314, -0.031714823096990585, 0.00868565309792757, 0.0012548973318189383, 0.0200270377099514, 0.003287590341642499, -0.00712685426697135, 0.0008563771843910217, -0.01148892566561699, 0.02515888772904873, 0.03320305794477463, -0.004849596880376339, 0.00805700197815895, 0.0028321389108896255, -0.011533829383552074, -0.021438296884298325, 0.02943115122616291, -0.029405491426587105, 0.004012464080005884, 0.0018474654061719775, 0.0026124315336346626, -0.004413389600813389, -0.011148940771818161, -0.006658573169261217, 0.0007749893120490015, -0.002419987227767706, -0.003454375546425581, -0.0019468950340524316, 0.035332776606082916, -0.012354925274848938, -0.0041503822430968285, 0.00955165270715952, 0.002642901847139001, -0.009461845271289349, -0.00805700197815895, -0.028764009475708008, 0.009442601352930069, -0.021707719191908836, 0.009744097478687763, -0.017050566151738167, -0.00045384783879853785, -0.02899494394659996, 0.025479627773165703, -0.008518868125975132, 0.012759057804942131, -0.0002369470603298396, -0.019950060173869133, 0.0028642129618674517, -0.0019645357970148325, 0.0009092994150705636, -0.014163902029395103, 0.016601528972387314, -0.009314305149018764, -0.0009790604235604405, -0.04469839856028557, 0.026403360068798065, 0.022426176816225052, -0.02320878393948078, -0.02402988076210022, -0.013073383830487728, -0.006716306786984205, -0.019757617264986038, 0.04118308424949646, 0.0023574428632855415, -0.016293618828058243, -0.007107609882950783, -0.0010159455705434084, -0.006709891837090254, -0.0226314514875412, 0.04056726023554802, -0.011591563001275063, -0.028225166723132133, 0.004124723374843597, -0.0161140039563179, 0.000936562311835587, 0.00028144981479272246, 0.007133269216865301, -0.00023333873832598329, -0.011565903201699257, -0.011116866953670979, -0.01962932012975216, 0.004153589718043804, -0.0067612105049192905, 0.0008235013228841126, -0.007229491602629423, 0.014202390797436237, 0.042081158608198166, 0.015703456476330757, -0.001173108466900885, 0.008281520567834377, -0.031894437968730927, 0.011078378185629845, 0.013881649821996689, 0.019180282950401306, -0.002347820671275258, -0.008557356894016266, 0.011681369505822659, 0.006818943656980991, -0.016691336408257484, 0.0004819126334041357, 0.008506039157509804, 0.0491887666285038, 0.02006552740931511, -0.017037736251950264, 0.041029129177331924, 0.01290659885853529, 0.0009902863530442119, -0.03192009776830673, 0.0054525891318917274, -0.05060002580285072, 0.008525283075869083, -0.01715320348739624, -0.012239458039402962, -0.009846733883023262, -0.004355656448751688, -0.003977182321250439, 0.022695599123835564, 0.012149651534855366, 0.0027262945659458637, 0.011046303436160088, -0.019744787365198135, 0.013201680034399033, 0.013791842386126518, -0.004066989757120609, 0.020617201924324036, -0.0017785062082111835, -0.03376756235957146, 0.026788249611854553, 0.006251232698559761, 0.04369768872857094, 0.015331396833062172, 0.0012107954826205969, -0.01371486485004425, -0.006212743930518627, 0.030046973377466202, -0.0012981973122805357, 0.008711312897503376, -0.012412657961249352, 0.014754064381122589, -0.026236575096845627, 0.04610965773463249, -0.018923690542578697, -0.0026685611810535192, -0.013265828602015972, 0.014035605825483799, -0.01911613531410694, 0.017486773431301117, -0.012066258117556572, 0.024312131106853485, 0.0014930471079424024, 0.027327092364430428, 0.028789669275283813, 0.004714885726571083, 0.01195079181343317, -0.010071252472698689, 0.015947218984365463, -0.006421225145459175, -0.014702745713293552, 5.6129592849174514e-05, 0.04254302382469177, 0.05373045429587364, 0.026018470525741577, 0.02299068123102188, 0.028071211650967598, 0.04226077347993851, -0.0069023361429572105, 0.002861005486920476, 0.020270802080631256, -0.003540975507348776, -0.04805976152420044, 0.015536671504378319, 0.019424045458436012, -0.009006394073367119, -0.020860964432358742, -0.01293225772678852, -0.01867992803454399, 0.02812252938747406, -0.00313363503664732, -0.011565903201699257, -0.009153934195637703, 0.012258702889084816, 0.005465418566018343, -0.006992143578827381, -0.028584396466612816, 0.01989874243736267, 0.0004991524619981647, 0.008621505461633205, -0.0038392641581594944, -0.016665678471326828, 0.0075181578285992146, -0.010731978341937065, 0.0007970401784405112, 0.011161770671606064, 0.02873835153877735, -0.00636669946834445, -0.0058855884708464146, 0.01009691134095192, 0.0003921052848454565, 0.058400433510541916, -0.012592272832989693, 0.008454720489680767, -0.0008876494248397648, 0.004666774533689022, 0.015203100629150867, -0.010956496000289917, -0.023106146603822708, 0.012765472754836082, -0.0020703801419585943, 0.001464180531911552, -0.027968574315309525, -0.03181745857000351, -0.04105478897690773, -0.006934409961104393, -0.018859542906284332, -0.00885885301977396, -0.021040579304099083, 0.0085958456620574, 0.006940824910998344, 0.003864923259243369, -0.00814039446413517, 0.009949371218681335, -0.02120736427605152, -0.007806824520230293, -0.021181704476475716, -0.01953951269388199, 0.01549818180501461, 0.08944811671972275, 0.003951523452997208, 0.016216641291975975, 0.006575180683284998, 0.0017047359142452478, 0.0029395869933068752, -0.0006883893511258066, -0.014715575613081455, -0.00794153567403555, -0.02172054909169674, 0.0029379832558333874, -0.007640039548277855, -0.0004017275059595704, 0.011334970593452454, 0.015870241448283195, -0.00040914464625529945, 0.021438296884298325, 0.008480379357933998, 0.005234485492110252, -0.012829621322453022, 0.0009550049435347319, -0.002227542921900749, 0.0387454554438591, 0.036718375980854034, -0.004477537702769041, 0.00999427493661642, -0.002464890945702791, -0.009230912663042545, 0.0008756216266192496, -0.012553784064948559, -0.01593438908457756, 0.004301130305975676, -0.009262986481189728, 0.008627920411527157, -0.01567779667675495, 0.03735985606908798, -0.004018878564238548, -0.02097642980515957, -0.0006242412491701543, -0.010468970984220505, 0.007255150470882654, 0.024838145822286606, -0.001802561804652214, -0.009352793917059898, 0.006658573169261217, -0.02433779090642929, -0.016781143844127655, 0.037154581397771835, 0.002708653686568141, -0.013227338902652264, 0.01284245029091835, -0.0005360376089811325, -0.003200990380719304, -0.011803251691162586, 0.006187084596604109, 0.005398062989115715, -0.03251025825738907, -0.010853859595954418, -0.01290659885853529, 0.011642880737781525, -0.007729846518486738, -0.021386979147791862, -0.012759057804942131, -0.004541685804724693, -0.0215537641197443, -0.0064757512882351875, -0.02559509314596653, 0.0038103973492980003, -0.01788449101150036, -0.012156065553426743, -0.00469243386760354, 0.0035345605574548244, -0.01132214069366455, -0.0006382736610248685, 0.021130386739969254, 0.02297785133123398, -0.011963621713221073, 0.007434765342622995, 0.03230498731136322, 0.00926940143108368, 0.004628285765647888, -0.03913034498691559, 0.025107568129897118, -0.01310545764863491, -0.024607213214039803, -0.023670651018619537, 0.0178460031747818, 0.008185298182070255, -0.009686363860964775, 0.03730853646993637, 0.02881532907485962, 0.03289514780044556, 0.011880229227244854, -0.01998854987323284, 0.011982865631580353, -0.003900204785168171, 0.027352752164006233, 0.0001123594120144844, -0.0028481758199632168, -0.005535981617867947, 0.014369175769388676, -0.011970036663115025, 0.005026003811508417, 0.00333570153452456, -0.003029394196346402, 0.019513852894306183, 0.02120736427605152, 0.012310021556913853, -0.009635045193135738, -0.01580609381198883, 0.003932279068976641, -0.03797568008303642, -0.016704166308045387, -0.006462921388447285, 0.013009235262870789, 0.04636625200510025, 0.02768632210791111, 0.007094780448824167, 0.007364202290773392, 0.0038520938251167536, -0.035974256694316864, -0.028533076867461205, 0.021823184564709663, -0.019873082637786865, 0.0026990314945578575, -0.00028144981479272246, -0.008435475639998913, 0.004423012025654316, 0.029046261683106422, 0.006677817553281784, -0.0035538049414753914, -0.013843161053955555, -0.024401938542723656, -0.02386309579014778, -0.02359367348253727, 0.0017977505922317505, -0.021694889292120934, 0.016601528972387314, -0.029148899018764496, 0.003374190302565694, -0.024697020649909973, -0.015177441760897636, -0.014471812173724174, -0.010994984768331051, -0.0015740341041237116, -0.02755802683532238, -0.0015443656593561172, 0.02577470801770687, -0.0070178029127418995, 0.021617911756038666, 0.00742193590849638, 0.010841029696166515, -0.035717666149139404, -0.003929071594029665, -0.026839567348361015, -0.017743365839123726, -0.02542830817401409, 0.010892348363995552, -0.0032940052915364504, 0.039335619658231735, 0.02115604467689991, 0.001429700874723494, 0.018295040354132652, 0.02120736427605152, 0.01910330541431904, 0.024889465421438217, -0.012091917917132378, -0.011803251691162586, -0.004204908385872841, 0.02624940499663353, 0.008910171687602997, 0.0142537085339427, 0.023721968755126, -0.017910150811076164, -0.006421225145459175, 0.00929506029933691, -0.019744787365198135, -0.00973126757889986, -0.001464180531911552, -0.04693075269460678, -0.0014601711882278323, -0.004714885726571083, -0.028173847123980522, 0.032151028513908386, 0.017076225951313972, -0.023516695946455002, 0.026185257360339165, -0.010436897166073322, 0.022169584408402443, 0.002687805565074086, 0.03561502695083618, -0.008005683310329914, 0.0024039503186941147, 0.0023365947417914867, 0.014163902029395103, -0.013176021166145802, -0.0013904101215302944, -0.02999565377831459, -0.00663932878524065, 0.004686018917709589, 0.012085502967238426, 0.027352752164006233, -0.009076956659555435, -0.005295426119118929, -0.016126833856105804, 0.005183166824281216, 0.0005424524424597621, -0.03248460218310356, -0.0021072651725262403, -0.02220807410776615, 0.008672824129462242, -0.02342688851058483, -0.01166854053735733, -0.009481090120971203, 0.0015700248768553138, -0.015485352836549282, -0.012354925274848938, 0.01802561804652214, 0.006292928941547871, 0.011129695922136307, -0.012284361757338047, -0.011437606997787952, 0.019128965213894844, 0.010590852238237858, 0.02694220468401909, 0.00885885301977396, -0.017704876139760017, 0.010558778420090675, 0.0075181578285992146, 0.0030710904393345118, 0.008307179436087608, 0.009776171296834946, 0.026736930012702942, -0.02477399818599224, 0.009699193760752678, -0.00820454303175211, -0.004727715160697699, -0.00596256647258997, 0.00018923690367955714, 0.006212743930518627, 0.004772618878632784, 0.0005147885531187057, -0.014317857101559639, 0.0023702725302428007, -0.03943825513124466, 0.014959338121116161, -0.013650717213749886, 0.018179573118686676, -0.025133227929472923, -0.0016662470297887921, -0.012951502576470375, 0.010436897166073322, -0.021746207028627396, 0.029662083834409714, -0.02063002996146679, -0.01615249365568161, 0.003492864314466715, -0.006010677665472031, -0.011161770671606064, -0.006895921193063259, 0.0005480653489939868, 0.015793263912200928, -0.005160714965313673, 0.002774405525997281, -0.016691336408257484, 0.01449747197329998, 0.0058599296025931835, -0.01928292028605938, 0.008852438069880009, 0.022952191531658173, -0.02075832709670067, -0.010302186012268066, -0.031663503497838974, 0.01993723027408123, 0.028225166723132133, 0.004965063184499741, -0.034716956317424774, 0.003893790068104863, 0.005446174181997776, 0.0022034873254597187, 0.007030632346868515, -0.015780434012413025, -0.010231622494757175, -0.018615780398249626, 0.001598891569301486, -0.002795253647491336, 0.007203832268714905, -0.0021553763654083014, 0.020527394488453865, -0.03243328258395195, -0.009282230399549007, -0.024568723514676094, 0.02608262002468109, 0.010084082372486591, 0.012162480503320694, -0.0053852335549890995, -0.0074155209586024284, 0.022605791687965393, -0.005924077704548836, 0.01571628637611866, -0.002379894722253084, 0.019051987677812576, -0.029354173690080643, 0.0041792490519583225, 0.009545237757265568, -0.029225876554846764, -0.005914455279707909, 0.004798278212547302, -0.03374190255999565, 0.0069023361429572105, 0.01662718877196312, 0.019039157778024673, -0.013984287157654762, -0.00820454303175211, 0.02011684514582157, 0.005420514848083258, 0.020617201924324036, -0.0070178029127418995, -0.03848886489868164, 0.027404069900512695, -0.00028004657360725105, 0.014176730997860432, 0.004307545255869627, -0.018346358090639114, -0.0009437790140509605, 0.010154644958674908, 0.01897501014173031, 0.005702766589820385, -0.015177441760897636, -0.0013831935357302427, 0.003986804746091366, -0.031714823096990585, -0.011213088408112526, -0.011963621713221073, -0.018654268234968185, -0.008435475639998913, -0.01343261357396841, 0.039540890604257584, -0.032407622784376144, -0.005635411012917757, -0.02042475715279579, 0.017987128347158432, 0.022708429023623466, 0.004041330423206091, -0.013560909777879715, 0.030970705673098564, -0.015344226732850075, -0.0010367936920374632, -0.02420949563384056, -0.02141263708472252, -0.011527414433658123, 0.017178863286972046, 0.011302895843982697, -0.017294328659772873, -0.02873835153877735, -0.012374169193208218, -0.023324251174926758, -0.026890885084867477, -0.011187429539859295, 0.0013839954044669867, 0.012630761601030827, -0.010507459752261639, 0.021425466984510422, 0.018038447946310043, 0.011976451613008976, -0.0011522603454068303, -0.022515984252095222, -0.0027166721411049366, 0.008621505461633205, 0.029662083834409714, 0.012720569036900997, -0.014317857101559639, -0.028071211650967598, -0.019436875358223915, -0.002043117070570588, 0.0016983210807666183, 0.012098332867026329, 0.006430847570300102, -0.02663429267704487, 0.00938486773520708, -0.00033757940400391817, 0.014972168020904064, 0.005468626040965319, -0.0024296094197779894, -0.002840157365426421, -0.03361360728740692, 0.010635755956172943, 0.019693467766046524, -0.00640839571133256, -0.0040830266661942005, -0.01919311285018921, 0.014741234481334686, -0.010257282294332981, -0.009301475249230862, -0.006581595633178949, -0.0020687764044851065, 0.014330687001347542, -0.023272933438420296, -0.017435455694794655, 0.0037334198132157326, -0.031047683209180832, 0.036102551966905594, 0.022669941186904907, -0.011277236975729465, 0.00032054007169790566, 0.005154300481081009, -0.015549500472843647, -0.02429930306971073, 0.0015692230081185699, -0.013945798389613628, -0.004137552808970213, -0.01953951269388199, 0.0014754064613953233, -0.024607213214039803, 0.01788449101150036, -0.016511721536517143, 0.016165321692824364, -0.03251025825738907, 0.016986418515443802, 0.015947218984365463, -0.0005015580100007355, -0.003217027522623539, -0.014984996989369392, -0.016986418515443802, 0.0022211282048374414, 0.004727715160697699, -0.02024514228105545, -0.019565172493457794, -0.006786869373172522, 0.02333708107471466, -0.026916544884443283, -0.03186877816915512, 0.037590790539979935, 0.009083371609449387, 0.021579422056674957, 0.026890885084867477, 0.2198483794927597, -0.014664256945252419, 0.004942611325532198, -0.0053371223621070385, 0.008692068047821522, 0.017396965995430946, -0.0012573028216138482, 0.014317857101559639, 0.0069215805269777775, 0.021130386739969254, -0.010128986090421677, 0.0030069423373788595, -0.01998854987323284, 0.004147174768149853, -0.013381294906139374, -0.013214509934186935, -0.029841698706150055, 0.00018923690367955714, -0.00013651518383994699, -0.01449747197329998, 0.008878097869455814, 0.009070541709661484, -0.004127930384129286, -0.01318885013461113, 0.03756513074040413, 0.027224455028772354, -0.0035987086594104767, 0.020142504945397377, -0.004147174768149853, -0.008762631565332413, 0.0018073729006573558, -0.017268670722842216, 0.013766183517873287, 0.013560909777879715, -0.010834614746272564, -0.008294349536299706, 0.014369175769388676, 0.013355635106563568, 0.05188298597931862, 0.003200990380719304, -0.026582974940538406, 0.014908019453287125, 0.02042475715279579, -0.042081158608198166, 0.014625768177211285, 0.029893016442656517, -0.0039611454121768475, -0.025479627773165703, -0.004403767641633749, 0.0317661426961422, -0.00663932878524065, -0.02132282964885235, 0.006581595633178949, 0.009769756346940994, -0.002755161141976714, 0.007749090902507305, 0.013291487470269203, -0.025223035365343094, -0.03443470224738121, 0.03851452097296715, -0.01212399173527956, 0.023298591375350952, -0.027044842019677162, -0.005330707412213087, -0.017858833074569702, 0.006703476887196302, -0.006437262520194054, -0.010719148442149162, 0.0142537085339427, -0.015998536720871925, 0.01746111363172531, -0.006203121971338987, 0.02968774363398552, 0.0037911529652774334, -0.023619331419467926, -0.028096869587898254, 0.010443311184644699, 0.03453734144568443, 0.02337556891143322, -0.00667140306904912, -0.01221379917114973, 0.012393414042890072, -0.019205942749977112, -0.04811107739806175, 0.001173108466900885, -0.026659952476620674, 0.005420514848083258, 0.004147174768149853, -0.013740523718297482, -0.0002840558299794793, 0.01841050572693348, -0.018359187990427017, -0.010988570749759674, -0.002432816894724965, -0.0006940023158676922, 0.015074804425239563, -0.017781855538487434, 0.038642819970846176, -0.0007549430010840297, -0.013702034950256348, 0.009070541709661484, -0.027532367035746574, -0.008672824129462242, 0.006716306786984205, -0.01728149875998497, 0.0031384460162371397, -0.008974320255219936, 0.01771770603954792, 0.00574767030775547, -0.016216641291975975, 0.0066842325031757355, -0.007646454032510519, 0.00970560871064663, 0.0002600002917461097, 0.0017480358947068453, 0.013201680034399033, 0.022528814151883125, -0.012194555252790451, 0.011071963235735893, -0.006491788197308779, 0.022913703694939613, -0.021258682012557983, -0.0016405878122895956, -0.006392358802258968, 0.0008062614942900836, 0.0007633624481968582, -0.02699352242052555, 0.004929781891405582, 0.011027059517800808, -0.011694199405610561, 0.018962180241942406, 0.013381294906139374, 0.014228049665689468, -0.023298591375350952, -0.023721968755126, 0.014266538433730602, -0.003085523843765259, 0.0029860942158848047, -0.015087634325027466, -0.020078357309103012, -0.011745518073439598, 0.012252287939190865, -0.004233774729073048, 0.004657152574509382, 0.01824372075498104, -0.02297785133123398, 0.007428350392729044, -0.02250315621495247, -0.015703456476330757, -0.006568766199052334, -0.012200969271361828, 0.0044647082686424255, -0.0024087612982839346, -0.008993564173579216, 0.031150320544838905, 0.012483221478760242, -0.026967862620949745, -0.02302916906774044, -0.02406836859881878, 0.006831773091107607, -0.04025935009121895, 0.0028112907893955708, 0.019141795113682747, -0.0005091755883768201, 0.015151782892644405, -0.00663932878524065, -0.16031894087791443, 0.008255860768258572, -0.004801485687494278, -0.03800133615732193, 0.019475365057587624, -0.0062384032644331455, 0.020219482481479645, 0.003103164490312338, -0.021989969536662102, 0.003813604824244976, 0.00865999422967434, -0.010039178654551506, -0.01820523291826248, 0.007312884088605642, 0.01253454014658928, -0.02219524420797825, -0.007832483388483524, -0.0054782480001449585, 0.03638480603694916, 0.032022733241319656, 0.00371096795424819, -0.002756764879450202, 0.03751381114125252, 0.014754064381122589, 0.017692048102617264, -0.005420514848083258, 0.00805700197815895, 0.018641440197825432, 0.002080002333968878, -0.013265828602015972, -0.025569435209035873, -0.004352448973804712, -0.0004051353898830712, 0.008602260611951351, 0.016178151592612267, -0.01867992803454399, 0.012989991344511509, 0.001072877086699009, -0.0028577980119735003, 0.011546659283339977, 0.025274353101849556, 0.006478958763182163, -0.01619098149240017, 0.020668519660830498, -0.02961076609790325, 0.03217668831348419, 0.011572318151593208, -0.007306469138711691, 0.005054870620369911, -0.007806824520230293, -0.009166764095425606, -0.018141083419322968, 0.0026300724130123854, -0.009083371609449387, -0.008012098260223866, 0.029277194291353226, -0.016858121380209923, 0.024709850549697876, 0.0018811431946232915, -0.015485352836549282, 0.015036315657198429, -0.008332839235663414, 0.0027647833339869976, 0.005683522205799818, -0.010257282294332981, 0.003114390419796109, 0.0027262945659458637, -0.0121881403028965, -0.011771176941692829, -0.005571262910962105, 0.0015259230276569724, -0.023401228711009026, 4.618162347469479e-05, -0.008069831877946854, 0.017550921067595482, 0.004458293318748474, -0.03268987312912941, 0.005632203537970781, 0.017640728503465652, -0.03479393199086189, -0.015485352836549282, 0.03553805127739906, 0.00034158866037614644, -0.0032394793815910816, -0.022310711443424225, -0.003938693553209305, 0.008461135439574718, -0.0002760373172350228, -0.009679948911070824, -0.01519027166068554, 0.0293798316270113, -0.014728404581546783, -0.030226586386561394, -0.00447112275287509, 0.015575160272419453, 0.014574449509382248, 0.0049586487002670765, 0.00626727007329464, -0.013471102342009544, -1.0790538453875342e-06, -0.01443332340568304, -0.017615070566534996, -0.013984287157654762, 0.014856700785458088, 0.03479393199086189, 0.0040252935141325, 0.013124702498316765, 0.014074094593524933, 0.021989969536662102, -0.004509611986577511, -0.01549818180501461, 0.006296136416494846, 0.019962890073657036, 0.029020601883530617, 0.0007256754324771464, 0.018076935783028603, 0.011828910559415817, -0.01105913333594799, 0.02255447395145893, -0.025890175253152847, 0.06317305564880371, -0.01105913333594799, -0.011713444255292416, 0.029713401570916176, -0.00588879594579339, 0.007582305930554867, -0.11136110872030258, -0.03212537243962288, 0.012117576785385609, 0.03168916329741478, 0.019257260486483574, -0.010988570749759674, -0.00857660174369812, 0.017255840823054314, 0.006594425067305565, 0.030457520857453346, -0.009301475249230862, -0.010680659674108028, -0.026454677805304527, -0.008384156972169876, 0.0035538049414753914, 0.0012404639273881912, -0.020168164744973183, -0.009506748989224434, -0.008300764486193657, 0.01434351596981287, -0.0326385572552681, -0.02071983739733696, -0.023965731263160706, 0.010154644958674908, -0.0018971802201122046, -0.010173889808356762, -0.028533076867461205, 0.012508880347013474, 0.0070755360648036, 0.036282166838645935, -0.029046261683106422, -0.01667850650846958, -0.008005683310329914, -0.026916544884443283, -0.01968063786625862, -0.010257282294332981, -0.0020559467375278473, -0.007197417318820953, 0.019642150029540062, 0.0011819287901744246, 0.00823020190000534, -0.0032138200476765633, 0.022349199280142784, -0.03469129651784897, 0.009461845271289349, -0.00043299971730448306, -0.01486953068524599, 0.025826027616858482, 0.008178883232176304, -0.004884878173470497, -0.012977161444723606, 0.015241589397192001, -0.029405491426587105, -0.038719795644283295, 0.04413389787077904, 0.00698572862893343, -0.0074155209586024284, -0.011700614355504513, -0.022233733907341957, -0.014176730997860432, 0.023362739011645317, -0.033459652215242386, -0.021079067140817642, 0.02364499121904373, 0.005834270268678665, -0.008429060690104961, 0.010744807310402393, -0.004913744982331991, 0.0021056614350527525, 0.00035722475149668753, 0.0032138200476765633, 0.019449705258011818, -0.021079067140817642, 0.017268670722842216, -0.023747628554701805, 0.00588879594579339, -0.01788449101150036, -0.020668519660830498, 0.026582974940538406, 0.016075514256954193, -0.011732688173651695, -0.008833194151520729, -0.005122226197272539, -0.007787580136209726, 0.016665678471326828, -0.022888043895363808, -0.004615456331521273, -0.0025947908870875835, 0.013509591110050678, -0.01776902563869953, -0.002538661239668727, 0.012181725353002548, 0.02281106635928154, -0.0014064472634345293, -0.01606268621981144, 0.01824372075498104, -0.009365623816847801, 0.008846024051308632, 0.00606199586763978, -0.020001379773020744, -0.025364160537719727, 0.021887334063649178, -0.042209453880786896, 0.024183835834264755, -0.004820730071514845, -0.0077747502364218235, 0.03469129651784897, -0.007133269216865301, 0.004384522791951895, 0.0022868800442665815, -0.02868703193962574, -0.024735508486628532, -0.019257260486483574, 0.03376756235957146, -0.0028112907893955708, 0.0016085137613117695, -0.02077115699648857, -0.015793263912200928, 0.024004220962524414, 0.004522441420704126, -0.0001281959848711267, 0.00360833085142076, -0.025672072544693947, -0.014317857101559639, -0.009602971374988556, -0.0007140485686250031, -0.018487483263015747, 0.027917254716157913, -0.00698572862893343, 0.014664256945252419, -0.025749050080776215, -0.013419783674180508, 0.004336412064731121, -0.03366492688655853, 0.033100422471761703, 0.043158844113349915, -0.04649454727768898, 0.0021858466789126396, 0.015536671504378319, 0.015831751748919487, 0.008467549458146095, -0.0003101159818470478, -0.011257992126047611, -0.039284300059080124, 0.010635755956172943, -0.011745518073439598, -0.00868565309792757, 0.011886644177138805, -0.009885222651064396, 0.006613669451326132, 0.010103326290845871, 0.006979313679039478, -0.0171916913241148, 0.004660360049456358, -0.02168205939233303, -0.03712892159819603, 0.009609386324882507, -0.06502051651477814, 0.017910150811076164, -0.014561619609594345, -0.00441980455070734, -0.025235865265130997, 0.031150320544838905, 0.02206694893538952, 0.00805700197815895, -0.008865267969667912, 0.005850307177752256, 0.031278617680072784, 0.010918007232248783, 0.018179573118686676, 0.010064837522804737, -0.010898763313889503, -0.015652136877179146, 0.005882381461560726, 0.001207588124088943, 0.0038745454512536526, 0.02973906137049198, -0.005096566863358021, -0.013201680034399033, 0.003797567915171385, -0.023324251174926758, 0.02537699043750763, 0.020180994644761086, -0.010488214902579784, -0.01928292028605938, 0.005988225806504488, 0.02041192725300789, 0.008903756737709045, 0.002984490478411317, 0.002116887364536524, 0.005981810856610537, 0.014189560897648335, -0.04518592357635498, -0.00663932878524065, 0.025402650237083435, -0.006575180683284998, 0.024915123358368874, 0.011392703279852867, 0.0016774729592725635, -0.0004430228436831385, 0.010071252472698689, 0.018051275983452797, -0.011052718386054039, -0.001598089700564742, 0.014997826889157295, 0.006722721271216869, -0.018487483263015747, 0.011469680815935135, -0.011444021947681904, -0.026403360068798065, -0.022965021431446075, 0.026916544884443283, 0.02524869330227375, 0.013984287157654762, 0.021964311599731445, 0.009481090120971203, -0.025826027616858482, -0.007171757984906435, 0.000263608613749966, -0.018962180241942406, -0.015459693036973476, 0.0302522461861372, 0.020014209672808647, 0.02050173468887806, 0.02912323921918869, 0.0009109030943363905, 0.00984031893312931, 0.009821075014770031, -0.015523841604590416, -0.02306765876710415, 0.0034992790315300226, -0.003132031299173832, 0.0034768274053931236, -0.022259391844272614, -0.023234443739056587, -0.008980734273791313, 0.0035666346084326506, 0.014561619609594345, -0.004811108112335205, 0.0426456592977047, -0.010193133726716042, 0.04210681468248367, -0.004708470776677132, -0.0018779358360916376, 0.005491077899932861, -0.014625768177211285, 0.010751222260296345, 0.020963599905371666, -0.0016405878122895956, 0.004002841655164957, 0.011553073301911354, 0.014330687001347542, -0.02668561227619648, -0.0032410831190645695, -0.02406836859881878, -0.025056250393390656, -0.024838145822286606, 0.011758347973227501, 0.006469336338341236, -0.007338543422520161, 0.019885912537574768, 0.03720590099692345, -0.005375611130148172, 0.021617911756038666, 0.015998536720871925, -0.015023486688733101, 0.008364913053810596, 0.02750670723617077, 0.00048632282414473593, 0.017178863286972046, -0.036897990852594376, 0.0027182758785784245, 0.01968063786625862, -0.019167453050613403, 0.013843161053955555, -0.0006009875796735287, -0.009898052550852299, -0.014189560897648335, -0.007582305930554867, 0.004397352691739798, 0.033844541758298874, 0.011469680815935135, 0.02694220468401909, -0.016216641291975975, 0.0036468198522925377, 0.02968774363398552, -0.013073383830487728, -0.03163784369826317, -0.011411948129534721, -0.027327092364430428]"
12390,"Sorting MongoDB results using Spring Boot with MongoTemplate<p><strong>The goal</strong></p>
<p>I'd like to have this query:</p>
<pre class=""lang-sh prettyprint-override""><code>db.getCollection(&quot;employees&quot;).find().sort({
  hire_date: 1
}).limit(10)
</code></pre>
<p>written with MongoTemplate in Spring Boot.</p>
<p><strong>The research</strong></p>
<p>I've seen many posts and sites about sorting like e.g.</p>
<ul>
<li><a href=""https://www.baeldung.com/java-mongodb-aggregations"" rel=""nofollow noreferrer"">https://www.baeldung.com/java-mongodb-aggregations</a></li>
<li><a href=""https://stackoverflow.com/questions/55018869/spring-mongodb-mongotemplate-criteria-query"">Spring + MongoDB - MongoTemplate + Criteria Query</a></li>
<li><a href=""https://stackoverflow.com/questions/18521009/spring-mongodb-query-sorting"">Spring MongoDB query sorting</a></li>
</ul>
<p><strong>Attempts</strong></p>
<p>I've tried many ways but I still can't figure out how can I have this done. Some of the things I've tried are listed below:</p>
<pre class=""lang-java prettyprint-override""><code>@Service
public class MongoService {

    @Autowired
    private MongoTemplate mongoTemplate;

    public Document simpleQuery() {

        // 1st
        mongoTemplate.aggregate(Arrays.asList(
                sort(Sorts.ascending(&quot;hire_date&quot;)),
                limit(10)
        ));

        // 2nd
        mongoTemplate.findAll(Employee.class).sort(new BasicDBObject(&quot;hire_date&quot;, 1));

        // 3rd
        mongoTemplate.findAll(Employee.class).sort((o1, o2) -&gt; o1.getHire_date() &gt; o2.getHire_date());

        // and more...
    }
}
</code></pre>
<p>The solution might be pretty simple I guess, just like the query itself, but these are my first steps on that kind of ground. Thank you in advance for any help on this one.</p>
",How do we get length of all of those levels,"Embed Field: Sorting MongoDB results using Spring Boot with MongoTemplate<p><strong>The goal</strong></p>
<p>I'd like to have this query:</p>
<pre class=""lang-sh prettyprint-override""><code>db.getCollection(&quot;employees&quot;).find().sort({
  hire_date: 1
}).limit(10)
</code></pre>
<p>written with MongoTemplate in Spring Boot.</p>
<p><strong>The research</strong></p>
<p>I've seen many posts and sites about sorting like e.g.</p>
<ul>
<li><a href=""https://www.baeldung.com/java-mongodb-aggregations"" rel=""nofollow noreferrer"">https://www.baeldung.com/java-mongodb-aggregations</a></li>
<li><a href=""https://stackoverflow.com/questions/55018869/spring-mongodb-mongotemplate-criteria-query"">Spring + MongoDB - MongoTemplate + Criteria Query</a></li>
<li><a href=""https://stackoverflow.com/questions/18521009/spring-mongodb-query-sorting"">Spring MongoDB query sorting</a></li>
</ul>
<p><strong>Attempts</strong></p>
<p>I've tried many ways but I still can't figure out how can I have this done. Some of the things I've tried are listed below:</p>
<pre class=""lang-java prettyprint-override""><code>@Service
public class MongoService {

    @Autowired
    private MongoTemplate mongoTemplate;

    public Document simpleQuery() {

        // 1st
        mongoTemplate.aggregate(Arrays.asList(
                sort(Sorts.ascending(&quot;hire_date&quot;)),
                limit(10)
        ));

        // 2nd
        mongoTemplate.findAll(Employee.class).sort(new BasicDBObject(&quot;hire_date&quot;, 1));

        // 3rd
        mongoTemplate.findAll(Employee.class).sort((o1, o2) -&gt; o1.getHire_date() &gt; o2.getHire_date());

        // and more...
    }
}
</code></pre>
<p>The solution might be pretty simple I guess, just like the query itself, but these are my first steps on that kind of ground. Thank you in advance for any help on this one.</p>; Answer: How do we get length of all of those levels","[-0.012819199822843075, 0.025094876065850258, 0.0013314667157828808, -0.019487304612994194, 0.0023348310496658087, 0.027123145759105682, -0.005743452347815037, -0.03425523638725281, -0.027653412893414497, -0.009856333956122398, 0.015284940600395203, -0.002106153406202793, -0.01612010970711708, -0.00035399451735429466, -0.002096210839226842, 0.0047028036788105965, 0.016849227249622345, -0.01576218008995056, -0.015934517607092857, -0.006512339226901531, -0.024127138778567314, -0.00678410055115819, 0.0005675511783920228, 5.701403642888181e-05, -0.01820140704512596, -0.0026960752438753843, 0.028687432408332825, -0.03688005357980728, -0.01781696453690529, 0.007556301541626453, 0.03075547330081463, 0.00440452853217721, -0.036986108869314194, -0.015854977071285248, 0.0012254134053364396, -0.016252677887678146, 0.0012428128393366933, 0.008815685287117958, 0.024153651669621468, -0.02390177547931671, 0.03449385613203049, -0.006973008159548044, -0.015510303899645805, -0.04491359740495682, -0.0029562374111264944, 0.016425013542175293, 0.009571315720677376, -0.016796201467514038, -0.003153430297970772, -0.0008558837580494583, 0.01344889122992754, 0.02607586979866028, -0.0460006445646286, 0.00959782861173153, -0.008888596668839455, -0.021833734586834908, 0.04141383618116379, 0.04536432400345802, 0.01344889122992754, 0.0025303668808192015, 0.012361844070255756, 0.024922538548707962, -0.004782343748956919, 0.0008115567616187036, 0.00629028957337141, -0.006674733012914658, 0.003392050275579095, -0.010287175886332989, -0.03043731302022934, 0.002933038165792823, 0.01460884977132082, 0.02166139893233776, 0.003725124290212989, 0.002066383371129632, 0.009498403407633305, 0.006522281561046839, -0.02489602565765381, 0.009140473790466785, 0.02229771763086319, 0.009677369147539139, -0.003559415927156806, -0.011281426064670086, -0.029774479568004608, 0.013866476714611053, -0.00019222170521970838, 0.03597860038280487, -0.0043979003094136715, 0.022390514612197876, 0.01161947101354599, -0.010837327688932419, -0.008775915019214153, 0.0007084032986313105, 0.039504874497652054, -0.0031202887184917927, -0.0034367917105555534, 0.0019503874937072396, 0.008948252536356449, 0.02760038711130619, -0.0195403303951025, -0.031232714653015137, -0.03778151050209999, 0.001078761531971395, -0.01824117824435234, 0.008033541962504387, -0.028210192918777466, -0.018294204026460648, 0.015192143619060516, -0.02103833481669426, -0.0013397522270679474, 0.0021525516640394926, -0.02119741402566433, 0.01580194942653179, 0.029429806396365166, -0.03160389885306358, -0.007072433363646269, 0.003208114067092538, 0.014516053721308708, -0.03616419434547424, -0.013163872994482517, 0.0009934216504916549, 0.02311963215470314, 0.04841335862874985, 0.04748539254069328, -0.027414793148636818, 0.028130652382969856, 0.004334930796176195, -0.029350267723202705, -0.019447535276412964, 0.011387479491531849, -0.018227921798825264, 0.018665390089154243, 0.033327266573905945, -0.006369829643517733, 0.025373265147209167, -0.010737902484834194, 0.005319238640367985, -0.004957994446158409, 0.006326745729893446, -0.006210749968886375, -0.01592126116156578, 0.01277942955493927, 0.016769686713814735, 0.009173615835607052, -0.03184252232313156, -0.0048353704623878, 0.012394986115396023, -0.004540409427136183, -0.022708674892783165, 0.010910239070653915, -0.0003214742464479059, 0.007980515249073505, -0.0005762508371844888, -0.01161947101354599, 0.01726018451154232, 0.006170979700982571, -0.0012726403074339032, 0.0014980037230998278, -0.004815485328435898, -0.008484268561005592, -0.01509934663772583, 0.03913369029760361, 0.009398979134857655, 0.014317203313112259, -0.0028750402852892876, -0.01773742400109768, 0.02929724007844925, 0.02953585982322693, -0.01285897009074688, 0.0036787257995456457, -0.013382608070969582, 0.011162116192281246, 0.0130313066765666, -0.034865040332078934, 0.020110368728637695, -0.014622107148170471, -0.019116118550300598, -0.013203643262386322, 0.012733031064271927, -0.01395927369594574, -0.022629134356975555, 0.003585929051041603, 0.0011947574093937874, 0.01120851468294859, 0.028952566906809807, -0.02103833481669426, -0.01753857359290123, 5.087765021016821e-05, 0.01635873131453991, -0.000815699459053576, -0.001133445301093161, 0.01714087463915348, 0.01193100307136774, -0.01228893268853426, -0.004351501818746328, -0.6023830771446228, -0.027732953429222107, 0.009869590401649475, -0.024564608931541443, 0.017644627019762993, 0.001559315831400454, -0.009577943943440914, 0.012328702956438065, 0.0026546481531113386, 0.017472291365265846, -0.0012709832517430186, 0.02953585982322693, -0.0019470733823254704, -0.005193300545215607, 0.0007121317321434617, -0.007118831854313612, 0.026513339951634407, -0.018333973363041878, -0.03181600570678711, 0.015284940600395203, -0.03231976181268692, 0.001879132934845984, -0.007808178663253784, 0.008835569955408573, -0.0020398700144141912, -0.014873983338475227, 0.0032909682486206293, -0.004513896070420742, 0.0039140316657722, 0.03510366007685661, -0.0366414338350296, 0.011460390873253345, 0.005117074586451054, -0.0053755794651806355, 0.05111771821975708, 0.017392750829458237, -0.026804985478520393, 0.017432520166039467, -0.025333495810627937, 0.06278359144926071, -0.0009519946179352701, -0.019487304612994194, -0.002160837175324559, -0.02555885910987854, -0.02253633923828602, 0.01596103049814701, 0.015444019809365273, -0.0027441305574029684, 0.008026913739740849, -0.03011915273964405, 0.014396742917597294, 0.032107654958963394, 0.005286097060889006, 0.025810735300183296, -0.012733031064271927, -0.0071586016565561295, -0.0009221670916303992, -0.01867864839732647, 0.021343238651752472, -0.00767561187967658, 0.012341959401965141, 0.00017668654618319124, -0.01529819704592228, -0.005571115296334028, -0.03441431373357773, 0.014396742917597294, 0.008245648816227913, -0.026327745988965034, 0.0027242456562817097, -0.02988053299486637, -0.001262697740457952, 0.01065836288034916, -0.0023099747486412525, 0.0006665619439445436, 0.01863887719810009, 0.013250041753053665, 0.030331259593367577, -0.01808209717273712, -0.026128895580768585, 0.011950887739658356, 0.028554866090416908, 0.007900974713265896, -0.020693661645054817, -0.011082575656473637, 0.003648898331448436, -0.005186671856790781, -0.04820125177502632, -0.018466541543602943, 0.02634100243449211, 0.015947774052619934, 0.004841998685151339, 0.03507714718580246, 0.004006828647106886, -0.020203163847327232, -0.010247405618429184, 0.0007560444646514952, 0.02831624634563923, -0.01437023002654314, 0.030251720920205116, -0.02245679870247841, -0.013230156153440475, -0.009935873560607433, -0.023915031924843788, 0.01246789749711752, 0.026473568752408028, 0.01448953989893198, 0.004616635385900736, 0.004467497579753399, 0.040406327694654465, -0.01120851468294859, -0.011539931409060955, 0.0016454841243103147, -0.0026447055861353874, 0.002359687117859721, -0.002682818565517664, -0.03075547330081463, 0.014158123172819614, -0.02013688161969185, -0.016371987760066986, 0.0073707085102796555, -0.0009834791999310255, 0.018307460471987724, 0.03990257531404495, -0.001256898045539856, 0.006104696542024612, 0.033831022679805756, -0.001845991238951683, 0.008099825121462345, 0.01989826187491417, -0.009584572166204453, -0.006313488818705082, -0.02398131601512432, 0.0008683118503540754, -0.012401614338159561, 0.013561572879552841, 0.003857690840959549, 0.014794443733990192, -0.005223128013312817, 0.02807762660086155, -0.013216899707913399, 0.00623394874855876, -0.003930602688342333, 0.00666479067876935, -0.02717617340385914, 0.018015814945101738, -0.023066604509949684, -0.05315924435853958, 0.020508067682385445, -0.016531066969037056, 0.0073707085102796555, -0.015629613772034645, -0.002691103843972087, 0.005501518025994301, 0.010114839300513268, -0.005276154726743698, -0.0025900218170136213, 0.005948930513113737, -0.03669446334242821, -0.015603099949657917, -0.029509346932172775, 0.003413592465221882, 0.022085612639784813, -0.041307784616947174, -0.011725524440407753, 0.006860326509922743, -0.04030027613043785, -0.0029247526545077562, 0.017127618193626404, 0.0008181851007975638, -0.016531066969037056, 0.008524038828909397, 0.0026347630191594362, -0.0025485947262495756, -0.0004739259311463684, -0.009518289007246494, -0.005216499324887991, -0.023623386397957802, 0.016769686713814735, -0.0013430663384497166, 0.002957894466817379, 0.014714903198182583, 0.013336209580302238, 0.015483790077269077, -0.024127138778567314, 0.03452036902308464, 0.007874461822211742, -0.009253155440092087, 0.004275275859981775, -0.016650376841425896, 0.03117968700826168, -0.0015510303201153874, 0.003489818423986435, 0.00034425914054736495, -0.0010431342525407672, -0.00620412128046155, 0.010333574377000332, 0.0036455842200666666, 0.001960329944267869, 0.005017649382352829, 0.005259583704173565, 0.021210672333836555, 0.02653985284268856, -0.005982072092592716, 0.0018542766338214278, 0.014754673466086388, 0.007463505025953054, -0.011082575656473637, -0.020468298345804214, 0.0180953536182642, 0.015497046522796154, 0.003953801933676004, -0.030994093045592308, 0.011778551153838634, -0.006900096777826548, 0.007092318497598171, 0.02744130603969097, -0.020945537835359573, -0.007026034872978926, -0.01486072689294815, 0.02241702936589718, 0.003552787471562624, 0.01997780054807663, 0.021170901134610176, -0.015682639554142952, 0.004381329286843538, 0.00886871200054884, -0.018691904842853546, 0.017843477427959442, -0.010565565899014473, 0.00020703190239146352, -0.0074966466054320335, 0.004394586198031902, 0.01132119633257389, 0.01285897009074688, 0.037887562066316605, 0.020972050726413727, 0.03330075368285179, -0.031471334397792816, 0.027229199185967445, -0.019606614485383034, -0.003894146764650941, 0.029562372714281082, 0.020574351772665977, -0.04234180226922035, 0.017233669757843018, 0.01639850065112114, 0.006502396427094936, 0.04353490471839905, 0.026327745988965034, 0.013906246982514858, -0.012361844070255756, -0.0001772043906385079, -0.01698179356753826, 0.004759144503623247, 0.02555885910987854, -0.00425539119169116, -0.0022519768681377172, -0.002432598965242505, -0.01387973316013813, 0.027732953429222107, 0.011586328968405724, -0.004626577720046043, 0.009949130937457085, -0.007178486790508032, 0.004855255130678415, 0.0011409021681174636, 0.011997286230325699, -0.005478318780660629, 0.002154208719730377, -0.024312732741236687, 0.012911995872855186, -0.029270727187395096, -0.016915511339902878, -0.018347231671214104, 0.0011135602835565805, -0.005173415411263704, -0.010094953700900078, 0.018108610063791275, 0.008683118969202042, 0.045311298221349716, -0.022191666066646576, -0.00026451199664734304, 0.00953817367553711, 0.012222649529576302, -0.010744530707597733, -0.0021740938536822796, 0.0183207169175148, 0.02390177547931671, -0.010684875771403313, -0.013263298198580742, 0.01130793895572424, 0.015430763363838196, 0.010075069032609463, -0.022324232384562492, -0.020892512053251266, 0.0129186250269413, 0.025943303480744362, -0.003166686976328492, 0.011115717701613903, 0.027361765503883362, 0.02783900685608387, 0.008921738713979721, -0.025068363174796104, -0.016796201467514038, 0.05843539908528328, 0.0031202887184917927, -0.030543366447091103, -0.05223127827048302, 0.002866754774004221, -0.004066483583301306, -0.015629613772034645, -0.011566444300115108, -0.010254033841192722, 0.011486904695630074, 0.030463827773928642, -0.009326066821813583, 0.005856133997440338, 0.00922001339495182, 0.010678247548639774, 0.021754195913672447, -0.005763337016105652, -0.017909761518239975, -0.03258489444851875, 0.02839578688144684, 0.04907619208097458, 0.017392750829458237, 0.0004420270852278918, 0.004832056351006031, -0.017154131084680557, 0.021528830751776695, -0.008862083777785301, -0.023384764790534973, 0.015669383108615875, -0.01081081386655569, -0.013322953134775162, -0.015536816790699959, 0.008338444866240025, -0.0014764616498723626, 0.005806421395391226, -0.010075069032609463, -0.010128095746040344, 0.0004063997766934335, 0.006886839866638184, -0.02040201425552368, -0.015576587058603764, 0.0006947323563508689, 0.020388757809996605, 0.021343238651752472, 0.026473568752408028, 0.010022042319178581, 0.010353459045290947, -0.02273518778383732, 0.015112603083252907, -0.044568922370672226, -0.005292725283652544, 0.006787415128201246, 0.02091902494430542, 0.030145667493343353, -0.005064047873020172, 0.05827632173895836, 0.021144388243556023, 0.007436991669237614, 0.00602515647187829, 0.01313073094934225, -0.02528047002851963, 0.01792301796376705, -0.019686155021190643, -0.006933238357305527, 0.029509346932172775, -0.027865519747138023, -0.028846513479948044, 0.01942102052271366, -5.038570088800043e-05, 0.017843477427959442, -0.006532223895192146, -0.008623464033007622, -0.025850506499409676, -0.004023399204015732, -0.01203042734414339, 0.009054305031895638, -0.016663633286952972, -0.01655757986009121, -0.008404728956520557, -0.02229771763086319, -0.030888039618730545, -0.013011421076953411, 0.04104264825582504, -0.003960430156439543, -0.013289811089634895, -0.012680004350841045, -0.020627377554774284, 0.027573872357606888, 0.014502796344459057, 0.0009892790112644434, -0.018267691135406494, -0.0266591627150774, -0.029244214296340942, 0.01647804118692875, 0.02913816086947918, 0.018970293924212456, -0.0013803507899865508, 0.0001751330419210717, 0.010552309453487396, -0.02516115829348564, -0.022032584995031357, -0.016796201467514038, -0.0187184177339077, -0.014317203313112259, 0.0037052391562610865, -0.008451126515865326, 0.01486072689294815, 0.0020050713792443275, -0.007867833599448204, 0.03364542871713638, -0.0005070675979368389, -0.00935920886695385, 0.010154608637094498, 0.0168757401406765, -0.005952244624495506, 0.0028087568935006857, 0.02276170253753662, 0.0370391346514225, 0.008464383892714977, 0.008245648816227913, -0.013501917943358421, -0.00929955393075943, -0.008828941732645035, -0.005607571452856064, 0.01448953989893198, -0.012037056498229504, 0.00796063058078289, 0.005319238640367985, -0.01977895200252533, -5.5700020311633125e-06, 0.013462147675454617, -0.021369751542806625, 0.013342837803065777, 0.010307060554623604, 0.025346752256155014, 0.004948052112013102, 0.0022088924888521433, 0.03133876621723175, 0.003857690840959549, 0.005836248863488436, -0.007973887026309967, 0.004281904548406601, 0.04825427755713463, -0.006263776682317257, -0.029270727187395096, 0.002432598965242505, -0.01635873131453991, -0.02595655992627144, -0.022774958983063698, -0.01659735105931759, -0.007211628369987011, 0.00906093418598175, -0.014754673466086388, -0.0069597517140209675, -0.025585372000932693, 0.0027607015799731016, -0.0060616121627390385, -0.007927488535642624, -0.007576186675578356, 0.0006806471501477063, 0.006111324764788151, -0.019725924357771873, -0.012235905975103378, 0.008921738713979721, 0.007894346490502357, -0.030914554372429848, 0.001824449165724218, 0.02563839964568615, -0.003118631662800908, 0.013422378338873386, -0.0010224207071587443, -0.0015344595303758979, -0.0035295882262289524, -0.014542566612362862, -0.002576765138655901, -0.026924295350909233, -0.009332695044577122, 0.006227320525795221, 0.024365758523344994, 0.0193414818495512, 0.03078198805451393, -0.011182000860571861, 0.013733909465372562, 0.0026049355510622263, 0.009412235580384731, 0.01236847322434187, 0.011301310732960701, -0.0028650977183133364, 0.005309296306222677, -0.008278789930045605, 0.021886762231588364, -0.0002423484984319657, 0.014675133861601353, -0.01285897009074688, 0.014542566612362862, 0.008477640338242054, -0.03369845449924469, -0.010194378904998302, -0.0035991857293993235, -0.01891726814210415, -0.0012022142764180899, 0.025492575019598007, -0.018546080216765404, -0.011950887739658356, -0.02493579499423504, 0.0020895826164633036, 0.010214263573288918, -0.0005447662551887333, 0.0168757401406765, -0.0235968716442585, 0.010114839300513268, -0.0017531946068629622, 0.016226163133978844, -0.014953523874282837, -0.010565565899014473, -0.012123224325478077, -0.0078280633315444, -0.022350745275616646, -0.014516053721308708, 0.013462147675454617, -0.0023580300621688366, 0.011301310732960701, 0.012394986115396023, -0.004600064363330603, 0.007277911528944969, 0.026606136932969093, -0.011752037331461906, -0.02221817895770073, -0.007456876803189516, -0.012394986115396023, -0.005852819886058569, -0.0158814899623394, -0.01753857359290123, -0.01859910786151886, 0.024591121822595596, 0.02197955921292305, -0.00034943752689287066, 0.01989826187491417, -0.018850984051823616, -0.008205878548324108, 0.0018526195781305432, -0.026804985478520393, 0.04525826871395111, -0.00028895397554151714, 0.013839962892234325, 0.03385753557085991, -0.0039239744655787945, -0.018890755251049995, 0.015258426778018475, 0.022788215428590775, 0.017724167555570602, 0.027414793148636818, 0.04273950308561325, -0.01364111341536045, -0.03224021941423416, 0.0036356416530907154, -0.001471490366384387, 0.021170901134610176, -0.0183207169175148, 0.015669383108615875, 0.0026181922294199467, -0.025823991745710373, 0.00863009225577116, 0.0183207169175148, -0.021833734586834908, 0.010943381115794182, -0.008219134993851185, 0.014794443733990192, -0.007284540217369795, 0.0012817542301490903, -0.02532023936510086, 0.020985309034585953, -0.011467019096016884, 0.05716276168823242, 0.04223575070500374, -0.006973008159548044, -0.027414793148636818, -0.028289733454585075, 0.01376042328774929, 0.02646031230688095, -0.00247734016738832, 0.012527553364634514, -0.024007828906178474, 0.02536000870168209, 0.01407858356833458, 0.00014168066263664514, 0.0012063569156453013, -0.011712267994880676, -0.0011624442413449287, 0.03499760851264, -0.016053827479481697, -0.005988700781017542, 0.00863009225577116, 0.015444019809365273, -0.00023530588077846915, -0.010963265784084797, -0.023583615198731422, -0.0033821079414337873, 0.015245170332491398, 0.005441863089799881, 0.04281904175877571, 0.015377736650407314, 0.015470533631742, -0.018824471160769463, -0.0199380312114954, 0.010101581923663616, -0.02044178545475006, -0.011453762650489807, -0.015086090192198753, -0.02021642215549946, 0.01100966427475214, -0.008007028140127659, -0.002474026056006551, 0.020733430981636047, -0.015854977071285248, -0.018068840727210045, 0.014131610281765461, 0.00486519793048501, -0.0012552408734336495, -0.005163473077118397, 0.015788692981004715, -0.009882846847176552, 0.007562930230051279, 0.010817442089319229, -0.018267691135406494, -0.005180043634027243, 0.001731652533635497, -0.03250535577535629, -0.020110368728637695, -0.015311453491449356, -0.0046895467676222324, 0.006396343000233173, -0.007337566930800676, -0.02013688161969185, 0.002546937670558691, -0.017167387530207634, 0.02760038711130619, 0.002982750767841935, -0.0333537794649601, 0.0402737632393837, -0.009624342434108257, -0.006992893293499947, -0.0015129174571484327, -0.008590321987867355, 0.005332495551556349, -0.0023431163281202316, 0.013124102726578712, -0.021290211006999016, -0.037728480994701385, -0.04053889587521553, 0.0030556623823940754, 0.016332216560840607, -0.014502796344459057, -0.016650376841425896, -0.032850027084350586, -0.001253583817742765, -0.02815716713666916, 0.022483311593532562, -0.02866091951727867, -0.009107331745326519, -0.004010142758488655, 0.011937631294131279, 0.008676490746438503, 0.004815485328435898, -0.014794443733990192, -0.027149660512804985, -0.027308739721775055, -0.014052069745957851, -0.001193100237287581, -0.030543366447091103, -0.03701262176036835, 0.03621722012758255, 0.011752037331461906, 0.007112203165888786, -0.0329560823738575, -0.004136080853641033, -0.03775499388575554, -0.005634084809571505, 0.008146223612129688, -0.003295939415693283, 0.043906088918447495, 0.02493579499423504, -0.014661876484751701, 0.022244691848754883, 0.021250441670417786, 0.02288101240992546, -0.024471811950206757, -0.009690625593066216, 0.0017830220749601722, -0.005773279815912247, 0.004447612911462784, -0.013694140128791332, -0.017366237938404083, 0.0022453484125435352, 0.009193500503897667, 0.00831856019794941, -0.004066483583301306, 0.023954803124070168, -0.0021376379299908876, -0.0030854898504912853, 0.00918024405837059, -0.030808500945568085, 0.01301804929971695, 0.0006582764908671379, 0.010565565899014473, -0.03011915273964405, 0.0018145067151635885, 0.01222927775233984, -0.033804506063461304, -0.009571315720677376, -0.007059176452457905, -0.012441384606063366, -0.01950056105852127, 0.01915588788688183, -0.017246928066015244, -0.014476283453404903, -0.009823191910982132, -0.013866476714611053, 0.03695959597826004, 0.017406007274985313, 0.014542566612362862, 0.04337582364678383, 0.0254395492374897, 0.01718064397573471, 0.01313073094934225, 0.03075547330081463, 0.005859448108822107, -0.004013456869870424, -0.0005596800474449992, -0.01997780054807663, -0.01187134813517332, -0.014820956625044346, 0.017485547810792923, -0.01804232783615589, 0.013667626306414604, -0.01051916740834713, -0.0033555945847183466, -0.020070597529411316, -0.005256269592791796, -0.018188150599598885, -0.019686155021190643, -0.022987065836787224, -0.020189907401800156, -0.0027176172006875277, -0.0007775865378789604, -0.00039977143751457334, -0.02866091951727867, -0.0030589764937758446, -0.011135602369904518, -0.007682240102440119, 0.004073111806064844, -0.029111646115779877, -0.010678247548639774, 0.03412266820669174, -0.0034367917105555534, -0.012209393084049225, 0.22398468852043152, 0.007450248580425978, -0.00861020665615797, 0.018174894154071808, 0.012434756383299828, 0.023994572460651398, -0.002195635810494423, -0.007311053574085236, -0.029986586421728134, 0.0017183958552777767, -0.0168757401406765, 0.009955759160220623, -0.006333373952656984, 0.0037648940924555063, -0.0034401058219373226, -0.02410062588751316, -0.03263792023062706, -0.027494333684444427, -0.005362323019653559, -0.005206556990742683, 0.025784222409129143, 0.01448953989893198, -0.013601343147456646, -0.011460390873253345, 0.011884604580700397, -0.007026034872978926, 0.017273440957069397, 0.006406285800039768, 0.01468839030712843, 0.007715381681919098, -0.013289811089634895, -0.0011094175279140472, -0.0018509625224396586, -0.004636520054191351, -0.006671418901532888, -0.005806421395391226, 0.021064847707748413, -0.013946016319096088, -0.008524038828909397, 0.02767992578446865, 0.0034997607581317425, -0.022629134356975555, -0.001284239930100739, -0.02075994573533535, 0.01891726814210415, 0.011407364159822464, 0.0014922039117664099, 0.001559315831400454, 0.0015601443592458963, 0.04101613536477089, -0.047008149325847626, -0.00538552226498723, 0.04833381623029709, -0.0015369451139122248, 0.012322074733674526, 0.0038079784717410803, 0.03889507055282593, -0.0036058141849935055, -0.012143109925091267, 0.03550136089324951, -0.003559415927156806, 0.012394986115396023, 0.01663712039589882, -0.0035428449045866728, -0.0035991857293993235, -0.017604857683181763, -0.01907634735107422, 0.009425492025911808, 0.008968137204647064, 0.006691304035484791, -0.01576218008995056, -0.004083054140210152, 0.017684398218989372, -0.007205000147223473, -0.004603378474712372, -0.03831177577376366, 0.027706440538167953, 0.0010282204020768404, 0.029191186651587486, 0.028687432408332825, -0.03110014647245407, -0.03457339480519295, -0.004109567496925592, -0.017843477427959442, -0.015165629796683788, -0.01063847728073597, -0.0230003222823143, 0.02217840775847435, -0.022403771057724953, 0.014290690422058105, 0.00032437415211461484, 0.00922001339495182, -0.005077304318547249, -0.005262897815555334, -0.0018509625224396586, 0.03404312953352928, 0.023053348064422607, 0.008524038828909397, -0.008649976924061775, -0.03695959597826004, -0.017366237938404083, 0.029986586421728134, 0.035793010145425797, -0.012109967879951, -0.02363664284348488, -0.00023779150797054172, -0.01737949438393116, 0.00796063058078289, 0.006631649099290371, -0.03507714718580246, 0.018612364307045937, -0.03481201454997063, 0.011493532918393612, -0.017883246764540672, 0.00568048283457756, -0.007642470300197601, -0.01572241075336933, -0.009524917230010033, 0.011407364159822464, 0.00037450093077495694, 0.005279468838125467, -0.04737933725118637, -0.011665869504213333, 0.006926610134541988, -0.005746766459196806, -0.02284124121069908, -0.03616419434547424, 0.015086090192198753, -0.017273440957069397, -0.0025452806148678064, 0.01148027554154396, -0.015788692981004715, -0.007218256592750549, -0.013395864516496658, -0.014025556854903698, 0.011235027574002743, -0.021383007988333702, 0.004102939274162054, -0.007211628369987011, -0.00532918144017458, 0.030808500945568085, -0.019487304612994194, 0.03892158344388008, 0.0013936073519289494, -0.01387973316013813, -0.020428527146577835, 0.01718064397573471, -0.00861020665615797, -0.02457786537706852, -0.03483852744102478, 0.004146023653447628, -0.031285740435123444, 0.009027792140841484, -0.033751480281353, 0.008219134993851185, -0.0096707409247756, 0.007682240102440119, -0.04165245592594147, -0.0012461269507184625, 0.023848749697208405, -0.020004315301775932, -0.003904089331626892, 0.021343238651752472, -0.0038477485068142414, -0.019235428422689438, -0.013349466025829315, -0.1660795658826828, 0.01010821107774973, 0.020667148754000664, -0.022867755964398384, -0.00645931251347065, 0.008398100733757019, 0.025983072817325592, -0.012017170898616314, -0.011652613058686256, -0.02319917269051075, 0.005349066108465195, -0.016186393797397614, -0.04265996441245079, -0.03449385613203049, -0.018771443516016006, 0.0020796400494873524, -0.012209393084049225, -0.0006711189053021371, 0.03563392907381058, 0.03377799317240715, 0.015483790077269077, -0.029429806396365166, 0.008557179942727089, -0.018652133643627167, -0.018665390089154243, 0.025108132511377335, 0.01126154139637947, 0.030649419873952866, 0.006008585449308157, -0.009935873560607433, 0.004656405188143253, 0.01321027148514986, 0.018426770344376564, 0.0006914181867614388, -0.0023431163281202316, 0.007622585166245699, -0.005978757981210947, -0.013435634784400463, -0.00044782686745747924, -0.0012254134053364396, 0.022085612639784813, 0.036031629890203476, -0.013283182866871357, 0.006939866580069065, 0.021131131798028946, 0.027892032638192177, 0.021568601951003075, -0.008815685287117958, 0.01950056105852127, -0.03833828866481781, 0.027308739721775055, -0.031153174117207527, 0.011652613058686256, 0.004543723538517952, 0.013747166842222214, -0.00025374093092978, 0.01535122375935316, 0.014038813300430775, -0.03849736973643303, -0.03229324892163277, 0.00973039586097002, -0.01895703747868538, 0.0030921183060854673, -0.01792301796376705, -0.025943303480744362, -0.005309296306222677, -0.0205610953271389, 0.027003835886716843, -0.05000415816903114, 0.009505032561719418, -0.01187134813517332, 0.017286697402596474, 0.012706518173217773, 0.011718896217644215, -0.014900497160851955, 0.010499282740056515, -0.01600079983472824, -0.005342437885701656, -0.0008231563260778785, 0.019102860242128372, -0.005279468838125467, 0.019805464893579483, 0.0013911217683926225, 0.015974286943674088, -0.004109567496925592, -0.007145345211029053, 0.000283982721157372, -0.018506310880184174, -0.003078861627727747, 0.0029496089555323124, 0.02249656803905964, -0.03436128795146942, -0.0007270454661920667, -0.00504416273906827, -0.01356820110231638, 0.014343716204166412, -0.017286697402596474, -0.00029019679641351104, -0.006704560946673155, -0.004179165232926607, 0.020189907401800156, -0.0030622906051576138, -0.04753841832280159, 0.01729995384812355, 0.016570836305618286, 0.00712546007707715, 0.040326789021492004, 0.017034821212291718, 0.02689778245985508, 0.01879795826971531, -0.03621722012758255, 0.020972050726413727, -0.005753394681960344, 0.02677847258746624, 0.010837327688932419, 0.02744130603969097, -0.003188229165971279, -0.003559415927156806, 0.03070244751870632, 0.013064447790384293, 0.0394783616065979, -0.014012299478054047, -0.00959782861173153, 0.010651733726263046, 0.009743652306497097, 0.005660598166286945, -0.07089667022228241, 0.0019537017215043306, 0.0039239744655787945, 0.04788308963179588, -0.036243736743927, 0.00802028551697731, -0.017512060701847076, 0.04144034907221794, -0.039849549531936646, 0.02410062588751316, -0.038789015263319016, -0.05045488476753235, -0.017512060701847076, -0.001526174135506153, 0.007582814898341894, 0.003218056634068489, -0.023026835173368454, 0.007397221866995096, 0.02261587791144848, 0.033168189227581024, -0.004560294561088085, -0.02945631928741932, 0.03279700130224228, 0.012083454057574272, 1.1081747288699262e-05, 0.010598707012832165, -0.012772801332175732, -0.003947173245251179, 0.035686954855918884, -0.025214185938239098, -0.016226163133978844, -0.024710431694984436, 0.007788293529301882, -0.013906246982514858, 0.0050408486276865005, -0.03791407495737076, -0.02013688161969185, -0.0005157673149369657, 0.03884204104542732, -0.0070658051408827305, -0.005952244624495506, -0.0038775759749114513, 0.002197293099015951, -0.006919981446117163, 0.0037648940924555063, -0.010764415375888348, -0.03078198805451393, 0.029429806396365166, 0.00730442488566041, -0.02005734108388424, -0.022006072103977203, -0.007357451599091291, -0.03197508677840233, -0.012607092969119549, 0.027494333684444427, 0.029668426141142845, 0.01808209717273712, 0.004775715060532093, -0.00034032357507385314, 0.023755952715873718, -0.004603378474712372, 0.009339324198663235, -0.020614121109247208, 0.014025556854903698, 0.034387800842523575, 0.0002719688636716455, -0.01260046474635601, -0.016371987760066986, -0.012361844070255756, 0.002803785726428032, -0.02025619149208069, -0.005163473077118397, -0.06082160025835037, 0.01922217197716236, -0.0162791907787323, 0.015735667198896408, -0.021528830751776695, -0.028210192918777466, 0.005796479061245918, -0.00629028957337141, -0.0013546659611165524, -0.002848526928573847, -0.01271977461874485, -0.005591000430285931, 0.032770488411188126, -0.005180043634027243, 0.007954001426696777, 0.004046598449349403, 0.01919565722346306, -0.03990257531404495, 0.026791729032993317, -0.00028108281549066305, 0.013501917943358421, -0.01521865651011467, -0.012626977637410164, 2.699234073588741e-06, -0.03338029608130455, 0.019089603796601295, 0.00562414200976491, 0.008709631860256195, -0.01808209717273712, -0.011288054287433624, -0.04650439694523811, 0.01985849067568779, 0.0009867933113127947, -0.015139116905629635, 0.011553187854588032, -0.008504153229296207, 0.022284461185336113, -0.016491297632455826, 0.005097189452499151, 0.03319470211863518, -0.007423735223710537, 0.020826227962970734, -0.026513339951634407, 0.011347709223628044, -0.01942102052271366, -0.000655790907330811, 0.034308262169361115, -0.007914232090115547, 0.014542566612362862, 0.023649899289011955, -0.012713146395981312, -0.01148027554154396, 0.01946079172194004, 0.01804232783615589, -0.022350745275616646, 0.01065836288034916, 0.01922217197716236, -0.003658840898424387, -0.024882769212126732, -0.015072833746671677, 0.027308739721775055, -0.022854499518871307, 0.008484268561005592, 0.010055184364318848, 0.0024425412993878126, -0.03738380968570709, 0.004573551006615162, 0.03605814278125763, 0.029429806396365166, -0.0008533981163054705, -0.019394507631659508, -0.0366414338350296, 0.004467497579753399, -0.034308262169361115, -0.004904967732727528, 0.025492575019598007, 0.0012312132166698575, 0.00431504612788558, 0.004378015175461769, -0.015139116905629635, 0.036270249634981155, 0.02775946632027626, -0.019672898575663567, -0.01895703747868538, -0.009843077510595322, -0.024869512766599655, -0.014781186357140541, 0.03510366007685661, 0.011042806319892406, -0.004616635385900736, 0.04491359740495682, 0.007350823376327753, -0.006071554962545633, -0.016106853261590004, 0.004444298334419727, 0.004165908321738243, -0.00648913998156786, 0.02036224491894245, 0.012394986115396023, -0.03597860038280487, -0.009332695044577122, -0.008205878548324108, -0.008417985402047634, 0.01919565722346306, -0.004951366223394871, 0.011645983904600143, -0.014052069745957851, 0.005011021159589291, 5.9396094002295285e-05, 0.011095833033323288, 0.0032130852341651917, -0.003894146764650941, 0.00013484519149642438, 0.0024508268106728792, 0.030384287238121033, 0.03632327541708946, -0.007781665306538343, 0.019606614485383034, 0.00602515647187829, -0.013177129440009594, -0.024750202894210815, 0.01309096161276102, -0.01847979798913002, 0.005604257341474295, 0.019646383821964264, -0.015324709936976433, -0.03690657019615173, 0.013197015039622784, 0.038046643137931824, 0.010996407829225063, 0.004427727777510881, 0.0366414338350296, -0.023888519033789635, -0.011049434542655945, 0.016623863950371742, 0.013197015039622784, 0.0005837077624164522, -0.026566365733742714, 0.005591000430285931, 0.005017649382352829, -0.013097589835524559, -0.02347756177186966, -0.02815716713666916, 0.010048555210232735, -0.01271977461874485, 0.0007034320151433349, -0.0063366880640387535, -0.029827507212758064, -0.026844756677746773, 0.020932281389832497, 0.00651896744966507, 0.0065156533382833, -0.0003672511666081846, -0.021714424714446068, 0.030092639848589897, 0.03727775439620018, -0.005229756236076355, -0.019288454204797745, -0.008530667051672935, -0.0008857112261466682, -0.008742773905396461, 0.006973008159548044, -0.011109089478850365, -0.014741417020559311, -0.0024856256786733866, -0.02414039522409439, 0.007251398172229528, -0.0013886361848562956, -0.013276554644107819, 0.08558505773544312, 0.013422378338873386, -0.0003339023678563535, 0.02689778245985508, -0.02477671578526497, 0.021091362461447716, 0.01655757986009121, 0.01753857359290123, -0.021926531568169594, -0.018930524587631226, 0.0181218683719635, -0.011301310732960701, -0.027414793148636818, -0.032107654958963394, 0.006651534233242273, -0.015470533631742, -0.0065786223858594894, -0.007344195153564215, -0.015987543389201164, -0.010426370427012444, -0.006104696542024612, 0.012819199822843075, 0.0041427090764045715, 0.004762458615005016, 0.014834213070571423, 0.016093596816062927, -0.0006905896589159966, 0.009213385172188282, 0.0031650299206376076, -0.03597860038280487, 0.02068040519952774, 0.023013578727841377, -0.0423152893781662, -0.010486025363206863, -0.01285897009074688, 0.004431041888892651, -0.032850027084350586, -0.012209393084049225, 0.02559862844645977, 0.027414793148636818, -0.006900096777826548, 0.011771922931075096, -0.014356973581016064, -0.01230881828814745, -0.021966300904750824, 0.0004144780687056482, 0.0025485947262495756, -0.023610128089785576, -0.019633127376437187]","[-0.017534125596284866, 0.020305398851633072, -0.005001887679100037, -0.024863753467798233, 0.007161278743296862, 0.027894023805856705, -0.004746127873659134, -0.027609126642346382, -0.0261069405823946, -0.011201638728380203, 0.012742673046886921, -0.008132519200444221, -0.012179354205727577, 0.0032941235695034266, -0.005222035571932793, -0.007802297361195087, 0.01317001972347498, -0.01563049480319023, -0.011046240106225014, -0.0051605235785245895, -0.018777312710881233, -0.01735282689332962, 0.007925321348011494, 0.0021464412566274405, -0.018324067816138268, -0.010806667618453503, 0.02061619609594345, -0.034446656703948975, -0.011162789538502693, -0.001000377582386136, 0.03006960079073906, 0.003859061747789383, -0.04027409851551056, -0.012574325315654278, -0.007731073070317507, -0.015436246991157532, 0.010100900195538998, 0.014322557486593723, 0.02595154196023941, -0.037943124771118164, 0.019929852336645126, -0.014724004082381725, -0.0009947119979187846, -0.04384826496243477, 0.0019003936322405934, 0.02214428037405014, 0.007854096591472626, -0.014270758256316185, 0.0010675550438463688, 0.0038137370720505714, 0.012820372357964516, 0.016705334186553955, -0.04576484486460686, 0.0071353791281580925, -0.0012796091614291072, -0.03159768506884575, 0.03506825119256973, 0.041361890733242035, 0.0032941235695034266, 0.003535314928740263, 0.004050072282552719, 0.02678033336997032, -0.01181675773113966, -0.008268493227660656, 0.00269357324577868, -0.010832567699253559, -0.005620244424790144, -0.01750822551548481, -0.0280753206461668, 0.0072454530745744705, 0.0028862026520073414, 0.009401606395840645, 0.0019958990160375834, 0.006921706255525351, 0.020512595772743225, 0.009977876208722591, -0.03006960079073906, 0.00652673514559865, 0.015060700476169586, 0.008378567174077034, -0.005730317905545235, -0.010567095130681992, -0.025925641879439354, 0.0018825875595211983, -0.008708789013326168, 0.04040360078215599, -0.004001510329544544, 0.015306748449802399, 0.0174693763256073, -0.0057044182904064655, -0.006818107329308987, 7.183131674537435e-05, 0.044107262045145035, -0.008805912919342518, -0.004532455001026392, 0.007996545173227787, 0.011143364012241364, 0.019139910116791725, -0.01739167794585228, -0.05032319948077202, -0.03175308555364609, 0.007510925643146038, -0.019282357767224312, 0.012023955583572388, -0.029240809381008148, -0.014529755339026451, 0.00808719452470541, -0.021859383210539818, -0.0016640585381537676, -0.002164247212931514, -0.019994601607322693, 0.009628229774534702, 0.029266709461808205, -0.044780656695365906, -0.0010125180706381798, 0.002063885796815157, 0.021885283291339874, -0.03872011601924896, -0.007452650927007198, -0.008961310610175133, 0.019139910116791725, 0.04604974389076233, 0.046075642108917236, -0.0261069405823946, 0.02077159471809864, 0.006921706255525351, -0.03242647647857666, -0.01891976222395897, 0.009492255747318268, -0.01789672300219536, 0.01574704423546791, 0.03815032169222832, 0.0008045107824727893, 0.026987532153725624, -0.011046240106225014, -0.009809527546167374, -0.006494360510259867, 0.0008490259642712772, -0.005296497605741024, -0.025070950388908386, 0.01370096392929554, 0.02351696603000164, 0.007238978054374456, -0.03509415313601494, -0.000904872256796807, 0.01673123426735401, 0.004584254696965218, -0.0255112461745739, -0.002141584875062108, -0.00042734574526548386, 0.005723843351006508, -0.00012707061250694096, -0.022908322513103485, 0.01503480039536953, 0.0070188301615417, -0.010502345860004425, -0.0007349051884375513, -0.014736954122781754, -0.01150596048682928, -0.024630654603242874, 0.03669993579387665, 0.010003775358200073, 0.019385958090424538, 0.010075000114738941, -0.017521176487207413, 0.032763175666332245, 0.025925641879439354, -0.011007390916347504, 0.01067716907709837, -0.016847781836986542, 0.008080719970166683, 0.00889008678495884, -0.032012082636356354, 0.018829112872481346, -0.02037014812231064, -0.004354394506663084, -0.010664219036698341, 0.013260668143630028, -0.009828952141106129, -0.016860732808709145, 0.01468515396118164, 0.007090054452419281, 0.01700318045914173, 0.02776452526450157, -0.017378726974129677, -0.013675063848495483, -0.0026676736306399107, 0.015358547680079937, -0.005723843351006508, -0.013066420331597328, 0.015591645613312721, 0.004649003967642784, -0.010159173980355263, -0.017870822921395302, -0.6075043678283691, -0.014439106918871403, -0.005749742966145277, -0.023620566353201866, 0.026275288313627243, 0.007368477061390877, -0.0031403438188135624, 0.008177843876183033, 0.0005358009366318583, 0.026314139366149902, 0.004668428562581539, 0.03325527161359787, -0.01221172884106636, -0.013454916886985302, -0.0014261045726016164, -0.014594505541026592, 0.019230559468269348, -0.005655856337398291, -0.021069440990686417, 0.014866452664136887, -0.029551606625318527, 0.0005859817028976977, -0.012904547154903412, -0.00037696267827413976, 0.0025219875387847424, -0.020473746582865715, 0.0030286512337625027, 0.0010400365572422743, 0.007038255222141743, 0.03783952444791794, -0.031105590984225273, 0.00999082624912262, 0.005561969708651304, -0.003648626385256648, 0.05213618278503418, 0.022014781832695007, -0.029810603708028793, 0.021419087424874306, -0.025342898443341255, 0.06210758164525032, -0.0018324068514630198, -0.01766362413764, 0.004344681743532419, -0.018233418464660645, -0.015850642696022987, 0.018945662304759026, 0.019541356712579727, 0.0028020283207297325, 0.01101386547088623, -0.01781902275979519, 0.013934061862528324, 0.023141419515013695, 0.006759833078831434, 0.02527814917266369, -0.013137644156813622, -0.011408836580812931, -0.0019262933637946844, -0.02040899731218815, 0.013001671060919762, 0.005798304919153452, 0.01385636255145073, -0.0016543461242690682, -0.010023200884461403, -0.009803052991628647, -0.03675173595547676, 0.018233418464660645, 0.02893001213669777, -0.033229369670152664, 0.007141854148358107, -0.03159768506884575, -0.0030367448925971985, 0.0033054547384381294, 0.0021253975573927164, -0.011745532974600792, 0.023504016920924187, 0.016148488968610764, 0.024902602657675743, -0.018362917006015778, -0.013008145615458488, 0.011033290065824986, 0.03312576934695244, 0.012911021709442139, -0.022830624133348465, -0.019424807280302048, 0.0059731281362473965, 0.0004787405487149954, -0.05268007889389992, -0.029163111001253128, 0.01640748791396618, 0.014244858175516129, -1.1394369721529074e-05, 0.03356606513261795, 0.009168509393930435, -0.02599039115011692, 0.0013006527442485094, 0.0030772131867706776, 0.028515616431832314, -0.015565745532512665, 0.02198888175189495, -0.02284357324242592, -0.010644794441759586, -0.006264500319957733, -0.02179463393986225, 0.010444071143865585, 0.029862403869628906, 0.007918846793472767, -0.003098256653174758, -0.0005325634847395122, 0.038564715534448624, -0.01660173572599888, -0.013189444318413734, -0.00030452432110905647, 0.0022128093987703323, 0.0008376947953365743, 0.003237467957660556, -0.024824904277920723, 0.014853502623736858, -0.01986510306596756, -0.016653534024953842, 0.006487885490059853, 0.005461608059704304, 0.007582149934023619, 0.03659633547067642, -0.008041869848966599, 0.0035515022464096546, 0.019256459549069405, 0.0016179245430976152, 0.01700318045914173, 0.019010411575436592, -0.023620566353201866, 0.0042540328577160835, -0.025498297065496445, -0.0002950142661575228, -0.009557005017995834, 0.015967192128300667, -0.0071353791281580925, 0.0005005934508517385, -0.006002265494316816, 0.028567416593432426, -0.0178578719496727, -0.0036033017095178366, -0.009848377667367458, -0.004435331095010042, -0.022131329402327538, 0.018090970814228058, -0.018893862143158913, -0.04118059203028679, 0.018634865060448647, -0.019528405740857124, 0.008015970699489117, -0.018544215708971024, -0.0005212323158048093, 0.0017498513916507363, 0.009259157814085484, -0.004428856074810028, -0.007103004492819309, -0.0029639017302542925, -0.02846381813287735, -0.001195435062982142, -0.023219119757413864, 0.0029817079193890095, 0.020836343988776207, -0.03556034713983536, -0.018634865060448647, -0.013843412511050701, -0.03491285443305969, -0.0072260284796357155, 0.023348618298768997, -0.012231153436005116, -0.027065230533480644, 0.013273618184030056, 0.005607294384390116, 0.0016389681259170175, 0.003366966499015689, 0.0034608531277626753, -0.005775642581284046, -0.025964492931962013, 0.015410346910357475, -0.0025802617892622948, 0.001945718191564083, 0.01704203151166439, 0.007815247401595116, 0.01660173572599888, -0.02869691513478756, 0.04079209640622139, 0.005788592621684074, -0.011985106393694878, 0.0044191437773406506, -0.022558676078915596, 0.029473908245563507, -0.006258025299757719, 0.005872766487300396, 0.005636431742459536, -0.0054162838496267796, -0.0014511949848383665, 0.013429016806185246, 0.002785841003060341, 0.004001510329544544, 0.014529755339026451, 0.0037328004837036133, 0.02021474950015545, 0.035120051354169846, -0.005853341892361641, 0.00633248733356595, 3.938076042686589e-05, 0.003697188338264823, -0.007258403114974499, -0.02131548896431923, 0.012399502098560333, 0.00740085169672966, 0.0037392752710729837, -0.03548264876008034, 0.007886472158133984, -0.008113094605505466, 0.012431876733899117, 0.024047911167144775, -0.019139910116791725, -0.012062805704772472, -0.01331246830523014, 0.03206388279795647, 0.007983596064150333, 0.032012082636356354, 0.023659415543079376, -0.01142178662121296, 0.0040144603699445724, 0.009492255747318268, -0.0064814104698598385, 0.0055943443439900875, -0.0062127006240189075, 0.004901526495814323, -0.021250739693641663, 0.006552634760737419, 0.0007247881148941815, 0.010152699425816536, 0.038383420556783676, 0.03014730103313923, 0.02830841951072216, -0.03211568295955658, 0.014607454650104046, -0.016277987509965897, -0.00993255153298378, 0.017806073650717735, 0.02049964666366577, -0.046386439353227615, 0.004649003967642784, 0.014413206838071346, -0.0010950735304504633, 0.03462795540690422, 0.030328599736094475, 0.009964926168322563, -0.01350671611726284, -0.012852746993303299, -0.02830841951072216, 0.01052177045494318, 0.026443637907505035, -0.00944045651704073, -0.007633949164301157, -0.00640047388151288, -0.004930663388222456, 0.021652184426784515, 0.004571304656565189, 0.010651268996298313, 0.01967085525393486, -0.017016131430864334, 0.0027081419248133898, 0.009421031922101974, 0.021444987505674362, -0.0020768356043845415, 0.0032795548904687166, -0.021820534020662308, 0.014089460484683514, -0.030017802491784096, -0.015850642696022987, -0.02618464082479477, 0.0036551011726260185, 0.0009008254273794591, -0.011156314052641392, 0.009641178883612156, 0.009783627465367317, 0.036958932876586914, -0.026676734909415245, -0.00483677675947547, 0.008404466323554516, 0.02457885630428791, -0.0014916632790118456, -0.005345059558749199, 0.015475096181035042, 0.017495276406407356, -0.008177843876183033, -0.010703069157898426, 0.017106780782341957, 0.02084929309785366, 0.005701181013137102, -0.013403116725385189, -0.018621915951371193, 0.008359141647815704, 0.029784703627228737, 0.0052511729300022125, 0.00206064828671515, 0.02583499439060688, 0.029732905328273773, -0.008663464337587357, -0.03214158117771149, -0.01793557219207287, 0.05402686446905136, 0.00873468816280365, -0.029551606625318527, -0.05283547565340996, 0.01201100554317236, -0.019049260765314102, -0.0080483453348279, -0.008391516283154488, -0.014931201934814453, 0.008333242498338223, 0.030173201113939285, 0.0024701880756765604, 0.007672798819839954, 0.014775803312659264, 0.010567095130681992, 0.026547236368060112, -0.0018647814868018031, -0.01743052713572979, -0.036259640008211136, 0.025433547794818878, 0.04682673513889313, 0.010722493752837181, 0.006979980506002903, -0.007057679817080498, -0.010003775358200073, 0.025731394067406654, -0.0012278096983209252, -0.02465655468404293, 0.015552795492112637, -0.004775265231728554, -0.001482760300859809, -0.015617544762790203, 0.007031780201941729, -0.0008563102455809712, 0.012347702868282795, -0.019606105983257294, -0.014115359634160995, 0.005552257411181927, -0.004775265231728554, -0.023037821054458618, -0.011272863484919071, 6.793624197598547e-05, 0.012347702868282795, 0.022675225511193275, 0.03247827664017677, 0.008365617133677006, 0.013377217575907707, -0.032607775181531906, 0.02017590031027794, -0.04726703092455864, -0.012982246465981007, 0.006326012313365936, 0.013254193589091301, 0.027350127696990967, 0.008223168551921844, 0.05625424161553383, 0.022247878834605217, 0.013597365468740463, 0.006895806640386581, 0.013273618184030056, -0.025058001279830933, 0.009064910002052784, -0.018129820004105568, -0.0072648776695132256, 0.024669505655765533, -0.024682454764842987, -0.013234768994152546, 0.01766362413764, -0.00045810171286575496, 0.014516806229948997, -0.004772027488797903, -0.007841147482395172, -0.02701343223452568, 0.0039982725866138935, -0.00519289867952466, 0.02382776327431202, -0.006471698172390461, -0.018440617248415947, -0.013869312591850758, -0.032374680042266846, -0.02088814228773117, -0.007439701352268457, 0.020680945366621017, -0.000726406869944185, -0.007776397746056318, -0.00968002900481224, -0.024682454764842987, 0.026081040501594543, 0.008009495213627815, -0.0017741323681548238, -0.025265200063586235, -0.02614578977227211, -0.018518315628170967, 0.020862242206931114, 0.03050989657640457, 0.0235558170825243, -0.0019991362933069468, 0.008669938892126083, 0.004351156763732433, -0.011842657811939716, -0.02017590031027794, -0.027894023805856705, -0.013817512430250645, -0.016705334186553955, 0.005749742966145277, -0.016757134348154068, 0.010936166159808636, -0.00665623415261507, -0.012483675964176655, 0.04180218651890755, 0.0018550690729171038, -0.009097284637391567, 0.015643443912267685, 0.008592239581048489, -0.0025333187077194452, 0.00386229925788939, 0.03532724827528, 0.03289267420768738, 0.006979980506002903, 0.008106619119644165, -0.009466355666518211, -0.0008700694888830185, -0.0006891759694553912, -0.0026433924213051796, 0.008320292457938194, -0.01058004517108202, 0.006837531924247742, 0.007705173455178738, -0.025187499821186066, 0.007627474144101143, 0.017598874866962433, -0.021211888641119003, 0.006092914380133152, 0.010709543712437153, 0.024281008169054985, 0.007620999123901129, -0.0012439970159903169, 0.04195758327841759, 0.003593589412048459, 0.011926831677556038, -0.013157069683074951, 0.006374574266374111, 0.037865422666072845, -0.00316462479531765, -0.027738625183701515, -0.0024329570587724447, -0.023775963112711906, -0.03151998668909073, -0.024527056142687798, -0.019373007118701935, -0.002366588916629553, 0.013416066765785217, -0.019334157928824425, -0.00675335805863142, -0.02187233231961727, 0.001449576229788363, -0.00441590603441, -0.004344681743532419, -0.003881723852828145, -0.01042464654892683, 0.001685102004557848, -0.008210218511521816, -0.0061350017786026, 0.0064296112395823, -0.0023957262746989727, -0.021678084507584572, 0.01077429298311472, 0.020085250958800316, -0.013338367454707623, 0.014749903231859207, 0.006209463346749544, 0.0021059727296233177, 0.00015529728261753917, -0.017754273489117622, -0.0007247881148941815, -0.017029080539941788, -0.00620298832654953, 0.006740408018231392, 0.023387467488646507, 0.019334157928824425, 0.030199099332094193, -0.011667834594845772, 0.013157069683074951, 0.00734257698059082, 0.004334969446063042, 0.0084433164447546, 0.0043090698309242725, 7.516995538026094e-05, 0.010703069157898426, -0.002008848823606968, 0.02308962121605873, -0.00918793398886919, 0.013558515347540379, -0.015345597639679909, -0.004801164846867323, 0.004137483891099691, -0.03905681148171425, -0.015837693586945534, -0.0022872709669172764, -0.017054980620741844, -0.007873522117733955, 0.01857011578977108, -0.009686503559350967, -0.013636214658617973, -0.02626233920454979, -0.00447418075054884, 0.013908161781728268, -0.0005507742171175778, 0.017572974786162376, -0.02053849585354328, 0.01789672300219536, 0.0019246746087446809, 0.0140376603230834, -0.0082425931468606, -0.0012237628689035773, -0.012121079489588737, -0.002057410776615143, -0.023775963112711906, -0.007031780201941729, 0.018246369436383247, 0.001294987159781158, 0.006766307633370161, 0.01853126659989357, 0.0006527544464915991, 0.011149839498102665, 0.02264932543039322, -0.006015215069055557, -0.02183348312973976, -0.004464467987418175, 0.0002844924747478217, -0.018272269517183304, -0.011849132366478443, -0.022014781832695007, -0.011667834594845772, 0.019049260765314102, 0.024682454764842987, -0.0008943505235947669, 0.012276478111743927, -0.014270758256316185, -0.015500996261835098, 0.0008911130134947598, -0.02740192785859108, 0.046464137732982635, -0.002682242076843977, 0.023698264732956886, 0.027660924941301346, -0.015876542776823044, -0.019139910116791725, 0.011706683784723282, 0.019230559468269348, 0.014296658337116241, 0.02830841951072216, 0.037554625421762466, -0.01586359180510044, -0.03584524244070053, 0.0012464250903576612, -0.0009113472187891603, 0.009259157814085484, -0.00953758042305708, 0.009259157814085484, 0.018116870895028114, -0.029344407841563225, 0.004710515961050987, 0.015436246991157532, -0.025135699659585953, 0.013066420331597328, -0.00983542762696743, 0.014594505541026592, -0.008022445254027843, -7.405707583529875e-05, -0.028722815215587616, 0.022040681913495064, -0.009712403640151024, 0.05099659413099289, 0.03693303465843201, -0.002112447749823332, -0.017029080539941788, -0.028204819187521935, 0.010923216119408607, 0.027427827939391136, -0.003541789948940277, 0.006831057369709015, -0.018751414492726326, 0.016459286212921143, 0.012302378192543983, 0.009550530463457108, -0.0009890464134514332, -0.004992175381630659, 0.007549774833023548, 0.03006960079073906, -0.005082824733108282, -0.005714130587875843, 0.015177248977124691, 0.009544054977595806, -0.0015402253484353423, -0.01770247519016266, -0.02029244787991047, 0.005885716527700424, 0.01454270537942648, 0.007031780201941729, 0.03522365167737007, 0.024151509627699852, 0.008663464337587357, -0.022001830860972404, -0.008404466323554516, 0.0050116004422307014, -0.022675225511193275, -0.012244103476405144, -0.006973505951464176, -0.010644794441759586, 0.011823232285678387, -0.0011193545069545507, -0.0021399662364274263, 0.012846272438764572, -0.013137644156813622, -0.018777312710881233, 0.0164851862937212, 0.004755840171128511, -0.0023374517913907766, 0.00820374395698309, 0.01974855363368988, -0.010728968307375908, 0.00838504172861576, 0.012043380178511143, -0.011926831677556038, -0.0023002210073173046, 0.0068116323091089725, -0.03457615524530411, -0.016044890508055687, -0.017793122678995132, -0.0008105810265988111, 0.0034608531277626753, -0.0041212965734303, -0.017262179404497147, 0.002615873934701085, -0.017572974786162376, 0.02815302088856697, 0.0038169745821505785, -0.03939351066946983, 0.04203528165817261, -0.022714074701070786, -0.00883181206882, -0.0017935571959242225, -0.013260668143630028, 0.010094424709677696, 0.001762801199220121, 0.017844922840595245, -0.02332271821796894, -0.0380726233124733, -0.04535045102238655, -0.006238600704818964, 0.024980302900075912, -0.02057734504342079, -0.01601899042725563, -0.02564074471592903, 0.006384286563843489, -0.025614846497774124, 0.01613553985953331, -0.01499595120549202, -0.011344087310135365, -0.0017093829810619354, 0.014024711214005947, 0.0031905246432870626, 0.007620999123901129, -0.009939026087522507, -0.023193219676613808, -0.03066529519855976, -0.011369987390935421, -0.0038461117073893547, -0.02846381813287735, -0.026365937665104866, 0.023568766191601753, 0.006151189096271992, 0.008223168551921844, -0.022701123729348183, -0.0016705334419384599, -0.031623587012290955, -0.004684615880250931, 0.0033896288368850946, -0.00415043393149972, 0.051100194454193115, 0.014102409593760967, -0.012328277342021465, 0.01354556530714035, 0.02641773782670498, 0.01860896497964859, -0.024164460599422455, -0.0039788479916751385, 0.0024896126706153154, -0.010806667618453503, 0.002165866084396839, -0.008883612230420113, -0.028334319591522217, 0.003745750291272998, 0.015759993344545364, 0.013403116725385189, 0.0040889219380915165, 0.02077159471809864, -0.004924188833683729, 0.003093400504440069, 0.0031986183021217585, -0.03799492120742798, 0.011667834594845772, -0.000618356338236481, 0.017443476244807243, -0.026158740743994713, -0.004972750786691904, 0.018116870895028114, -0.037399228662252426, -0.014490906149148941, -0.0009599092300049961, -0.009615279734134674, -0.02481195330619812, 0.013325417414307594, -0.014918251894414425, -0.020162949338555336, -0.011538335122168064, -0.013001671060919762, 0.031105590984225273, 0.013882262632250786, 0.022273778915405273, 0.045246850699186325, 0.011046240106225014, 0.003015701426193118, 0.020188849419355392, 0.032452378422021866, -0.001861543976701796, 0.0004686234751716256, 0.008669938892126083, -0.016744183376431465, 0.00046821878640912473, -0.01280094776302576, 0.013416066765785217, -0.014361407607793808, 0.01680893264710903, -0.009822477586567402, 0.0011242107721045613, -0.013921111822128296, -0.0055943443439900875, -0.009887226857244968, -0.02237737737596035, -0.019269408658146858, -0.014076510444283485, -0.0022468026727437973, 0.0025074188597500324, -0.01335131749510765, -0.026352988556027412, -0.011059190146625042, -0.010502345860004425, -0.009058435447514057, 0.006601197179406881, -0.03312576934695244, -0.018246369436383247, 0.03644093871116638, -0.00018170288240071386, -0.00441590603441, 0.2426287978887558, 0.017922621220350266, -0.004286407493054867, 0.007905896753072739, 0.016316838562488556, 0.037554625421762466, -0.008126044645905495, -0.007336101960390806, -0.026016291230916977, 0.00160011847037822, -0.02029244787991047, 0.01454270537942648, 0.00047914523747749627, 0.010288672521710396, -0.008721738122403622, -0.02763502486050129, -0.029318509623408318, -0.03711433336138725, -0.015462146140635014, -0.007426751311868429, 0.02641773782670498, 0.015682294964790344, -0.014762853272259235, -0.015578695572912693, 0.009893701411783695, -0.006863432005047798, 0.0166923850774765, -0.006523497868329287, 0.01700318045914173, 0.01171963382512331, -0.013027571141719818, 0.005639669019728899, 0.00075959088280797, -0.007452650927007198, -0.004260507877916098, -0.00766632379963994, 0.018401768058538437, -0.01519019901752472, -0.012684399262070656, 0.02108239009976387, -0.00610586442053318, -0.02885231375694275, -0.0033119295258075, -0.01671828329563141, 0.02732422947883606, 0.018829112872481346, -0.0050666374154388905, 0.004312307108193636, 0.0040889219380915165, 0.03278907388448715, -0.05200668424367905, -0.01006852462887764, 0.033384770154953, -0.011894457042217255, 0.016821883618831635, 0.0005196136189624667, 0.04071439430117607, 0.0017029080772772431, -0.02049964666366577, 0.029810603708028793, -0.006235362961888313, -0.004726703278720379, 0.01700318045914173, -0.006727458443492651, 0.00444504339247942, -0.021030591800808907, -0.014426156878471375, 0.010605944320559502, 0.012302378192543983, 0.0018275505863130093, 0.00040245772106572986, 0.002497706562280655, 0.02409971132874489, -0.006351911928504705, 0.008592239581048489, -0.032581876963377, 0.02838611789047718, -0.001957049360498786, 0.033514268696308136, 0.029240809381008148, -0.02421625889837742, -0.018596015870571136, 0.007705173455178738, -0.024721303954720497, -0.006856956984847784, -0.0023989637847989798, -0.026961632072925568, 0.017961472272872925, -0.02092699147760868, 0.01605784147977829, -0.001673770835623145, -9.370952284371015e-06, -0.004399718716740608, -0.020551446825265884, 0.005047212354838848, 0.039989203214645386, 0.02685803361237049, 0.015164299868047237, -0.005312684923410416, -0.031235089525580406, -0.0076792738400399685, 0.030717095360159874, 0.022053631022572517, -0.01533264759927988, -0.018349967896938324, -0.0028230720199644566, -0.016342738643288612, -0.00034984888043254614, 0.007051204796880484, -0.033073972910642624, 0.01366211473941803, -0.019373007118701935, 0.00523174786940217, -0.017054980620741844, 0.0003935546847060323, -0.00206064828671515, -0.02210543118417263, -0.010152699425816536, 0.008689363487064838, -0.004513030406087637, 0.0130534702911973, -0.04602384194731712, -0.01605784147977829, 0.0022387090139091015, 0.00030108451028354466, -0.021613335236907005, -0.023257968947291374, 0.013182968832552433, -0.013467865996062756, -0.009032535366714, 0.007601574528962374, -0.022960122674703598, -0.004649003967642784, -0.012554900720715523, -0.01770247519016266, 0.0033313543535768986, -0.015410346910357475, 0.010638318955898285, -0.004390006419271231, -0.015876542776823044, 0.039548907428979874, -0.01915285922586918, 0.03752872720360756, -0.0004896669997833669, -0.017572974786162376, -0.023219119757413864, 0.024112660437822342, -0.015850642696022987, -0.026547236368060112, -0.0357157438993454, 0.012341227382421494, -0.025925641879439354, 0.018440617248415947, -0.0404294990003109, 0.020797492936253548, -0.014866452664136887, 0.001420438988134265, -0.042346078902482986, -0.003054550848901272, 0.03685533255338669, -0.015371497720479965, -0.011298762634396553, 0.030561696738004684, -0.0068116323091089725, -0.016549935564398766, -0.013972911052405834, -0.1609928011894226, 0.004027409944683313, 0.020680945366621017, -0.026158740743994713, -0.007854096591472626, 0.007575674913823605, 0.03022499941289425, -0.005856579169631004, 0.004208708181977272, -0.02968110516667366, 0.002777747344225645, -0.011059190146625042, -0.03576754406094551, -0.031468186527490616, -0.018945662304759026, 0.008624614216387272, -0.014167159795761108, 0.00029804938822053373, 0.029396208003163338, 0.025847943499684334, 0.016161439940333366, -0.037243831902742386, 0.009097284637391567, -0.027039332315325737, -0.010657744482159615, 0.02579614333808422, 0.003564452053979039, 0.030199099332094193, 0.003422003472223878, -0.017171530053019524, 0.0009040628792718053, 0.020823393017053604, 0.016536986455321312, 0.0018388817552477121, -0.008074244484305382, 0.009757728315889835, -0.010139749385416508, -0.005513407755643129, -0.00685048196464777, 0.006594722159206867, 0.022092480212450027, 0.03229697793722153, -0.01185560692101717, 0.0045777796767652035, 0.014827602542936802, 0.03439486026763916, 0.01146063581109047, -0.0060832020826637745, 0.015436246991157532, -0.034446656703948975, 0.02426805905997753, -0.03136458992958069, 0.011337612755596638, 0.0026806234382092953, 0.013959961012005806, -0.008436840958893299, 0.01301462110131979, 0.01750822551548481, -0.028904113918542862, -0.020318347960710526, 0.0021577724255621433, -0.021937081590294838, 0.008028920739889145, -0.0012496626004576683, -0.023037821054458618, -0.004658716265112162, -0.024980302900075912, 0.0247342549264431, -0.052939075976610184, 0.007575674913823605, -0.018324067816138268, 0.022675225511193275, 0.0072454530745744705, 0.0120692802593112, -0.019541356712579727, 0.006015215069055557, -0.01895861141383648, -0.003477040445432067, 0.009064910002052784, 0.021962981671094894, -0.005743267945945263, 0.016355687752366066, -0.0014795227907598019, 0.017482327297329903, -0.006313062272965908, 0.0037684126291424036, 0.006568822078406811, -0.020111151039600372, -0.010469971224665642, 0.007413801271468401, 0.021302537992596626, -0.026119891554117203, -0.0024070574436336756, -0.008003020659089088, -0.02434575743973255, 0.015060700476169586, -0.014931201934814453, 0.003697188338264823, -0.0038946738932281733, -0.012982246465981007, 0.010243348777294159, -0.000341350503731519, -0.048225320875644684, 0.017456427216529846, 0.023763014003634453, 0.012742673046886921, 0.034368958324193954, 0.011894457042217255, 0.022325579077005386, 0.01230885274708271, -0.03224518150091171, 0.023270919919013977, 0.0010643175337463617, 0.021444987505674362, 0.008015970699489117, 0.014426156878471375, 0.0028117408510297537, -0.006733932998031378, 0.033384770154953, 0.016226189211010933, 0.0369071327149868, -0.017378726974129677, -0.011706683784723282, 0.010793717578053474, 0.01366211473941803, 0.0036227265372872353, -0.06930771470069885, 0.009563480503857136, 0.01120811328291893, 0.03737333044409752, -0.03949710726737976, 0.006636809092015028, -0.006183563731610775, 0.04180218651890755, -0.037632327526807785, 0.012723248451948166, -0.013959961012005806, -0.04488425329327583, -0.01770247519016266, -0.016239138320088387, 0.01789672300219536, 0.01829816773533821, -0.019450707361102104, 0.009524630382657051, 0.019373007118701935, 0.02073274366557598, 0.0012318565277382731, -0.022079531103372574, 0.0253169983625412, 0.017728373408317566, -0.006277450360357761, 0.006759833078831434, -0.01317001972347498, 0.004882101435214281, 0.03304807096719742, -0.02088814228773117, -0.01680893264710903, -0.022273778915405273, 0.0076792738400399685, -0.010987966321408749, 0.010010250844061375, -0.036415036767721176, -0.03151998668909073, -0.005147574003785849, 0.03726973012089729, -0.008773538284003735, -0.0037133756559342146, 0.005367721896618605, 0.01586359180510044, -0.012056330218911171, 0.00030614304705522954, -0.014749903231859207, -0.026508387178182602, 0.027842223644256592, 0.013649164699018002, -0.020629145205020905, -0.013079370371997356, 0.0018712563905864954, -0.04156908765435219, -0.00581125495955348, 0.04255327582359314, 0.02937030792236328, 0.026081040501594543, 0.00620298832654953, -0.011881507001817226, 0.026547236368060112, 0.004723465535789728, 0.008961310610175133, -0.018155720084905624, 0.02108239009976387, 0.023581715300679207, 0.003163006156682968, -0.01519019901752472, -0.008333242498338223, -0.013299518264830112, -0.018090970814228058, -0.01947660744190216, -0.01032752264291048, -0.05936221033334732, 0.014594505541026592, -0.012813897803425789, 0.021095341071486473, -0.022118380293250084, -0.026482487097382545, -0.00347380293533206, -0.009563480503857136, -0.009395131841301918, -0.004678140860050917, -0.012483675964176655, -0.0031759559642523527, 0.028178920969367027, -0.016303887590765953, 0.013843412511050701, 0.01113041490316391, 0.02241622656583786, -0.03506825119256973, 0.027220629155635834, 0.0009000160498544574, 0.002468569204211235, -0.012315327301621437, -0.01552689541131258, -0.002836021827533841, -0.028101220726966858, 0.017210379242897034, 0.0012787998421117663, 0.001055414555594325, -0.013079370371997356, -0.006727458443492651, -0.049805205315351486, 0.011195164173841476, 0.01236712746322155, -0.018129820004105568, 0.01719743013381958, -0.008113094605505466, 0.02732422947883606, -0.005254410207271576, 0.008287917822599411, 0.024863753467798233, -0.02371121384203434, 0.012146979570388794, -0.03164948523044586, 0.0064814104698598385, -0.02567959576845169, -0.0002917767851613462, 0.03483515605330467, -0.015462146140635014, 0.01982625387609005, 0.015099549666047096, -0.009375707246363163, -0.01959315501153469, 0.020124100148677826, 0.016834832727909088, -0.013176494278013706, 0.016847781836986542, 0.017495276406407356, 0.00707710487768054, -0.026508387178182602, -0.003829924389719963, 0.02755732648074627, -0.022545726969838142, 0.016148488968610764, 0.0014617167180404067, 0.00675335805863142, -0.04118059203028679, -0.001107214018702507, 0.03980790451169014, 0.016226189211010933, 0.001611449639312923, -0.0255241971462965, -0.036803536117076874, 0.00892893597483635, -0.02614578977227211, -0.009213833138346672, 0.027686825022101402, 0.000985809019766748, 0.00431878212839365, 0.007368477061390877, -0.011434736661612988, 0.036337338387966156, 0.026961632072925568, -0.014892351813614368, -0.02158743515610695, -0.012399502098560333, -0.0357157438993454, -0.006575297098606825, 0.0357157438993454, 0.008786487393081188, -0.009051959961652756, 0.04863971844315529, 0.008656988851726055, -0.0029315270949155092, -0.013066420331597328, 0.00014174038369674236, 0.005095774307847023, -0.006309824995696545, 0.016614684835076332, 0.015216099098324776, -0.036958932876586914, -0.012962820939719677, -0.01061889436095953, -0.006387524306774139, 0.020227698609232903, -0.0032277554273605347, 0.007530350238084793, -0.017806073650717735, -0.003101494163274765, 0.0059180911630392075, 0.008067769929766655, -0.0004649813345167786, -0.002861921675503254, 0.0010699831182137132, 0.0015539845917373896, 0.03675173595547676, 0.04180218651890755, 0.0009890464134514332, 0.013286568224430084, 0.009278583340346813, -0.015086600556969643, -0.022869473323225975, 0.008028920739889145, -0.012548425234854221, 0.0012990339891985059, 0.01563049480319023, 0.0006608481053262949, -0.03281497582793236, 0.02195003256201744, 0.02830841951072216, 0.015915391966700554, 0.011894457042217255, 0.031701285392045975, -0.022778823971748352, -0.01454270537942648, 0.0166923850774765, 0.0056493813171982765, -0.0019878053572028875, -0.02645658701658249, -0.005238222889602184, 0.011201638728380203, -0.01519019901752472, -0.007238978054374456, -0.02634003944694996, 0.009997300803661346, -0.0037716501392424107, 0.000871688243933022, 0.0010141368256881833, -0.029189011082053185, -0.021898232400417328, 0.019088109955191612, 0.008508065715432167, 0.00694760587066412, 0.0039238110184669495, -0.0227658748626709, 0.02983650378882885, 0.034213561564683914, 0.004011222627013922, -0.01899746060371399, -0.009725353680551052, 0.0005163761088624597, -0.003855824237689376, 0.005545782390981913, -0.016031941398978233, -0.020784543827176094, -0.003005988895893097, -0.022636374458670616, 0.0005657474976032972, 0.003399341367185116, -0.01915285922586918, 0.07189768552780151, 0.017456427216529846, 0.009951976127922535, 0.020033450797200203, -0.018777312710881233, 0.011700209230184555, 0.028722815215587616, 0.019463656470179558, -0.03043219819664955, -0.0038396369200199842, 0.02229967899620533, 0.000807343574706465, -0.017767224460840225, -0.02678033336997032, 0.016277987509965897, -0.0030626445077359676, -0.011583659797906876, -0.004590729251503944, -0.0072454530745744705, -0.0006139048491604626, -0.004963038023561239, 0.011318187229335308, -0.005008362699300051, 1.616204644960817e-05, 0.013273618184030056, 0.01107214018702507, -0.0027016669046133757, 0.007510925643146038, -0.0016389681259170175, -0.04260507598519325, 0.028489716351032257, 0.017715424299240112, -0.045402247458696365, -0.014439106918871403, -0.008171369321644306, 0.008954836055636406, -0.03682943433523178, -0.01438730675727129, 0.0314163863658905, 0.03341066837310791, -0.009162033908069134, 0.013021095655858517, -0.013027571141719818, -0.01582474261522293, -0.019735604524612427, -0.006374574266374111, 0.0018583065830171108, -0.017210379242897034, -0.00473965285345912]","[0.014965998008847237, 0.010143140330910683, 0.013473724015057087, -0.026702338829636574, -0.017301732674241066, 0.016076192259788513, -0.009443862363696098, -0.022117380052804947, -0.02464054897427559, 0.006214205175638199, 0.014634381979703903, 0.02051697112619877, -0.015485050156712532, 0.015312032774090767, 0.012356320396065712, 0.01132542546838522, 0.01748916693031788, 0.021785764023661613, 0.0005433825426734984, -0.009775478392839432, -0.01516785193234682, -0.0021753322798758745, -0.015196687541902065, -0.009595252573490143, -0.007677643559873104, 0.0073532359674572945, 0.01653757132589817, -0.02740882709622383, -0.010525220073759556, -0.0015634638257324696, 0.019248176366090775, 0.0073207952082157135, -0.02428009733557701, -0.017950545996427536, -0.019594211131334305, -0.00660349428653717, -0.010063841007649899, 0.0029773397836834192, 0.0034675553906708956, -0.0005605040350928903, 0.014360437169671059, 0.0014481189427897334, -0.0225931778550148, -0.000248712400207296, -0.01891656033694744, -0.022290397435426712, -0.015038088895380497, -0.02378988079726696, -0.02750975452363491, 0.004621004220098257, -0.007140568923205137, 0.023861972615122795, -0.02998966909945011, -0.017013369128108025, -0.019695138558745384, 0.009919659234583378, 0.00530225969851017, 0.014598336070775986, -0.004826462361961603, -0.03073940984904766, 0.007317190989851952, 0.007778570055961609, -0.0031323344446718693, 0.027336737141013145, -0.0021158575545996428, 0.007403699215501547, 8.887412695912644e-05, -0.0010453129652887583, 0.001786944456398487, 0.0017797354375943542, 0.021338801831007004, 0.038207992911338806, -0.005727594252675772, -0.009573625400662422, 0.007356840651482344, -0.016926860436797142, -0.004044279921799898, -0.006751279812306166, 0.011383097618818283, -0.00045935195521451533, 0.025289364159107208, -0.002946701133623719, -0.013005134649574757, 0.03189285844564438, 0.020545806735754013, -0.0011237114667892456, 0.006679189391434193, 0.03174867853522301, -0.012450037524104118, -0.012630264274775982, 0.018498435616493225, 0.011181244626641273, 0.02373220957815647, 0.017892874777317047, 0.015658067539334297, -0.007785779424011707, -0.01229143887758255, 0.010236858390271664, -0.01673942618072033, -0.019161667674779892, -0.016523154452443123, -0.00938618928194046, -0.022030871361494064, -0.0119165675714612, -0.020733242854475975, -0.03402673825621605, -0.00023654711549170315, -0.001392248785123229, 0.005745616741478443, -0.005377954803407192, -0.01539854146540165, 0.014922743663191795, 0.012896999716758728, -0.00787228811532259, -0.0035558664239943027, -0.015412959270179272, -0.006066419649869204, -0.008102977648377419, -0.018008219078183174, -0.01154890563338995, 0.025116346776485443, 0.03933260217308998, 0.03532436862587929, -0.0047003040090203285, 0.03532436862587929, -0.006498963106423616, 0.0005875380011275411, -0.02184343710541725, -0.01633571833372116, -0.009948495775461197, 0.0347764827311039, 0.0014210849767550826, -0.008030886761844158, -0.008059723302721977, -0.014627172611653805, 0.030220357701182365, 0.012457246892154217, 0.011397515423595905, 0.009205963462591171, 0.01862819865345955, 0.020949512720108032, -0.004934598226100206, 0.007504626177251339, 0.015730157494544983, 0.003604527562856674, 0.01991141028702259, 0.00019250428886152804, -0.004610190633684397, -0.002184343757107854, -0.011354261077940464, 0.00025209164596162736, -0.0020978350657969713, 0.006585471797734499, -0.008823882788419724, 0.010193604044616222, 0.025101929903030396, 0.003173786448314786, 0.017518004402518272, -0.02919667214155197, -0.019190505146980286, 0.001849122578278184, 0.011383097618818283, 0.013077225536108017, -0.03212354704737663, 0.004959829617291689, 0.0295571256428957, 0.0387270413339138, 0.0018581339390948415, -0.011260543949902058, 0.001286816317588091, -0.00659268070012331, 0.003957771230489016, -0.014807398431003094, 0.010316157713532448, -0.004137997515499592, 0.008485057391226292, -0.0008867137366905808, -0.0048769256100058556, 0.006152928341180086, -0.006484544835984707, -0.006826974917203188, 0.01509576104581356, 0.005594226531684399, 0.00596188846975565, -0.02771160751581192, 0.008629239164292812, 0.013524186797440052, 0.008996900171041489, 0.007349631283432245, 0.0035558664239943027, 0.011231707409024239, 0.011210080236196518, -0.009789896197617054, -0.005035524722188711, -0.644547164440155, -0.030768247321248055, 0.023948481306433678, -0.03223889321088791, 0.004750767257064581, 0.009047363884747028, -0.003478368977084756, 0.014194629155099392, -0.01777752861380577, 0.026702338829636574, 0.0038640534039586782, 0.007364049553871155, 0.02015651762485504, -0.01907515898346901, 0.0019608628936111927, -0.024525204673409462, 0.009609670378267765, -0.027971133589744568, -0.016018519178032875, -6.612054858123884e-05, -0.03506484255194664, 0.009854777716100216, 0.007778570055961609, 0.039707474410533905, -0.005770848598331213, 0.013416050933301449, 0.010712655261158943, -0.03134497255086899, -0.001202109968289733, 0.015672486275434494, -0.024222424253821373, -0.005377954803407192, -0.001214725780300796, -0.010179185308516026, 0.0427064411342144, -0.02722139097750187, -0.03148915246129036, -0.008881555870175362, 0.0008925711154006422, 0.03520902246236801, -0.03039337508380413, -0.001584189827553928, 0.014980415813624859, 0.0076560163870453835, -0.017964964732527733, 0.003954166546463966, 0.03492066264152527, -0.011303798295557499, 0.012140048667788506, -0.030970100313425064, -0.0021609142422676086, -0.012060749344527721, -0.0002554708917159587, -0.007302772719413042, 0.014389273710548878, 0.010986600071191788, 0.011181244626641273, 0.0024222424253821373, 0.013192570768296719, -0.02602468803524971, -0.0023807904217392206, 0.006437686271965504, -0.020127682015299797, 0.012723982334136963, -0.02900923788547516, 0.004220901522785425, -0.029427362605929375, -0.0007465877570211887, -0.007410908583551645, 0.003820799058303237, 0.00033049011835828424, 0.030681738629937172, 0.012262602336704731, 0.03033570386469364, 0.008427385240793228, 0.0014012600295245647, 0.03731406852602959, -0.0059943292289972305, -0.01578783057630062, -0.0014156781835481524, -0.011664250865578651, -0.014353228732943535, -0.02626979537308216, -0.0006357485544867814, 0.015038088895380497, 0.0006880142027512193, -0.014850652776658535, 0.016970114782452583, 0.024669386446475983, 0.015326450578868389, 0.007180218584835529, 0.007749733980745077, -0.0010966775007545948, -0.007814615964889526, -0.012925835326313972, 0.005702362395823002, -0.0080741411074996, -0.00041519649676047266, 0.018642615526914597, -0.0270627923309803, -0.024251261726021767, -0.009717806242406368, -0.012176093645393848, -0.00501750223338604, 0.021915527060627937, -0.0032170407939702272, -0.010287321172654629, 0.004422754980623722, 0.053520023822784424, 0.002467299113050103, -0.009068991057574749, 0.005273423623293638, -0.018657034263014793, 0.022636432200670242, -0.00851389393210411, -0.03460346534848213, 0.023775463923811913, 0.001671599573455751, -0.018512852489948273, 0.01214725710451603, 0.015456213615834713, 0.031604498624801636, 0.041841354221105576, -0.006740466225892305, 0.00410916144028306, 0.031604498624801636, 0.0016085203969851136, 0.004332642070949078, -0.008449012413620949, 0.005233773961663246, -0.027048373594880104, -0.018685869872570038, 0.008708538487553596, -0.02722139097750187, 0.011498442851006985, 0.02338617481291294, 0.025404710322618484, -0.0006578262546099722, 0.02001233585178852, -0.02732231840491295, 0.013574650511145592, 0.002946701133623719, -0.010013377293944359, -0.03538203984498978, -0.013718831352889538, -0.02115136757493019, -0.015412959270179272, -0.005612249486148357, 0.014713681302964687, -0.013704413548111916, 0.006070024333894253, -0.00410916144028306, -0.0027646725066006184, 0.0003892889653798193, -0.00816785916686058, 0.001739184488542378, 0.0006735960487276316, -0.04354269057512283, -0.021281130611896515, -0.02641397714614868, -0.008996900171041489, -0.004498450085520744, -0.017892874777317047, 0.0040983478538692, 0.03218122199177742, -0.019781647250056267, 0.0065386127680540085, 0.014144165441393852, 0.0018851679051294923, -0.0006479138392023742, -0.0014030623715370893, -0.01753242127597332, -0.006989178713411093, 0.014720889739692211, 0.004779603332281113, 0.03189285844564438, 0.0016508735716342926, 0.01291141752153635, -0.0112965889275074, 0.0017986592138186097, 0.018152400851249695, 0.023112230002880096, -0.003928935155272484, 0.010150349698960781, 0.020733242854475975, 0.012572592124342918, 0.011311006732285023, -0.004750767257064581, -0.01901748776435852, 0.01901748776435852, -0.006145719438791275, 0.0027826952282339334, -0.0047723944298923016, 0.019060742110013962, 0.007735316175967455, 0.014951580204069614, 0.00018225391977466643, -0.02190110832452774, -0.018757961690425873, 0.011484024114906788, 0.022521087899804115, -0.0010966775007545948, -0.008722956292331219, -0.0024276492185890675, 0.042735278606414795, 0.00505354767665267, -0.002306897658854723, -0.020286280661821365, 0.024150334298610687, 0.010373829863965511, -0.003271108726039529, -0.009198754094541073, -0.006859415676444769, -0.005468068178743124, 0.00662872614338994, 0.03232540190219879, -0.021742509678006172, 0.010395457036793232, 0.004711117595434189, 0.019103996455669403, 0.029874322935938835, -0.026990702375769615, 0.02200203575193882, -0.01348814181983471, -0.017114296555519104, 0.004004629794508219, -0.010871254839003086, 0.055307868868112564, -0.005406791344285011, -0.025894924998283386, 0.004592168144881725, -0.005176101345568895, 0.0012372540077194571, 0.004480427596718073, 0.027437662705779076, 0.023184319958090782, 0.02716371975839138, 0.0010507197584956884, 0.02106485888361931, 0.008953645825386047, 0.014353228732943535, 0.02184343710541725, 0.010647773742675781, -0.02921109087765217, 0.04014001786708832, 0.003373837796971202, 0.024251261726021767, 0.02389080822467804, -0.0015084947226569057, 0.004530890844762325, -0.002521367045119405, 0.033853720873594284, -0.002036557998508215, 0.010669400915503502, -0.0037054542917758226, -0.0037703358102589846, 0.019882572814822197, 0.018440762534737587, -0.017561258748173714, 0.027653934434056282, 0.025894924998283386, 0.001554452464915812, -0.0017130516935139894, -0.0028259495738893747, 0.01477856282144785, -3.300395474070683e-05, -0.020329535007476807, 0.004444382153451443, -0.012349111028015614, -0.023919643834233284, -0.0014949777396395802, 0.012673518620431423, 0.002687175292521715, 0.0031575660686939955, 0.013473724015057087, -0.003224249929189682, 0.022578760981559753, 0.006459313444793224, -0.010063841007649899, 0.03140264376997948, 0.0021609142422676086, 9.889922512229532e-05, 0.014865071512758732, 0.021223457530140877, -0.027293482795357704, -0.004004629794508219, 0.009725014679133892, 0.001724766450934112, -0.005940261296927929, -0.01568690314888954, -0.0027881020214408636, -0.0025538078043609858, 0.009335726499557495, -0.03538203984498978, -0.031719841063022614, 0.00598351564258337, -0.003114311723038554, -0.02165600098669529, 0.007165800780057907, 0.02155507355928421, 0.0037378950510174036, 0.014692054130136967, -0.012853745371103287, 0.005233773961663246, 0.03494950011372566, -0.0067765116691589355, -0.022578760981559753, -0.027106046676635742, -0.014807398431003094, 0.0049742478877305984, -0.022823868319392204, -0.021973200142383575, 0.008636447601020336, 0.011520070023834705, 0.02190110832452774, -0.01012872252613306, -0.0025952598080039024, -0.015960847958922386, 0.0221029631793499, -0.011794013902544975, -0.016407808288931847, -0.029816651716828346, 0.00039447046583518386, 0.010071049444377422, 0.04455196112394333, 0.041351139545440674, -0.017301732674241066, 0.016378972679376602, -0.03203703835606575, -0.011375888250768185, -0.022463414818048477, -0.0014409098075702786, 0.013005134649574757, -0.0022780613508075476, -0.018930979073047638, 0.007973214611411095, -0.010409875772893429, 3.111720798187889e-05, -0.011058690026402473, 0.011455188505351543, 0.02195878140628338, -0.029672469943761826, -0.0021050439681857824, 0.00809576828032732, -0.0033323855604976416, -0.003914516884833574, 0.025491219013929367, 0.03443044796586037, -0.0024745080154389143, 0.0270627923309803, -0.010445920750498772, 0.013106062076985836, -0.014007193967700005, -0.0040550935082137585, -0.0047327447682619095, 0.04599377140402794, 0.004963434301316738, 0.03033570386469364, -0.02925434522330761, -0.003709058742970228, 0.006632330361753702, 0.0024132311809808016, 0.01738824136555195, 0.013293497264385223, 0.010013377293944359, 0.015629231929779053, 0.0034873802214860916, -0.026558158919215202, 0.01757567562162876, 0.007504626177251339, -0.017546840012073517, 0.020199771970510483, -0.0024456719402223825, 0.007735316175967455, -0.0007808307418599725, -0.014482991769909859, -0.024107079952955246, -0.009501534514129162, -0.02354477345943451, -0.024755895137786865, -0.02935527078807354, -0.013733250088989735, 0.00968176033347845, -0.03742941468954086, -0.017244059592485428, -0.008376921527087688, 0.04161066561937332, -0.009962913580238819, -0.013870221562683582, -0.018873305991292, -0.02537587285041809, 0.021425310522317886, -6.200913776410744e-05, -0.015585976652801037, -0.014014402404427528, -0.008485057391226292, -0.03959212824702263, 0.004887739196419716, 0.035093680024147034, 0.011837268248200417, 0.0225931778550148, -0.004246133379638195, 0.010633355937898159, -0.005781662184745073, -0.027091627940535545, -0.00876621063798666, 0.002791706472635269, 0.004433568567037582, 0.012803281657397747, 0.015658067539334297, -0.00075244513573125, 0.0019734788220375776, -0.009934077970683575, -0.007338817697018385, 0.012010285630822182, 0.007973214611411095, 0.03480531647801399, -0.00821832288056612, 0.00043389498023316264, 0.0005951976054348052, -0.008102977648377419, 0.02021419070661068, 0.017301732674241066, -0.009501534514129162, 0.008715747855603695, -0.01544179581105709, -0.006462917663156986, -0.01159936934709549, 0.00410916144028306, -0.004577749874442816, 0.002083416795358062, -0.008362503722310066, -0.007576716598123312, -0.024799149483442307, -0.00026200409047305584, -0.014043238945305347, 0.02801438793540001, 0.011217289604246616, 0.02592376247048378, -0.0033594195265322924, 0.00963850598782301, -0.008672493509948254, -0.013271870091557503, -0.005814102943986654, 0.014764144085347652, -0.020949512720108032, 0.024669386446475983, -0.0008677899604663253, -0.02964363433420658, 0.0036694088485091925, -0.007154987193644047, -0.016076192259788513, -0.009948495775461197, 0.008211113512516022, 0.009725014679133892, 0.016177119687199593, 0.004321828484535217, -0.015297614969313145, -0.0081966957077384, 0.01281769946217537, -0.04357152804732323, 0.004866112023591995, -0.022290397435426712, 0.016652917489409447, -0.015932010486721992, -0.010460338555276394, -0.02115136757493019, 0.011685878038406372, 0.01251491904258728, -0.031027771532535553, -0.026731176301836967, 0.010972181335091591, 0.014396483078598976, 0.018008219078183174, -0.012204930186271667, -0.00971059687435627, -0.03794846683740616, -0.012738400138914585, -0.023415010422468185, -0.02090626023709774, -0.008571566082537174, -0.003554064081981778, 0.018988650292158127, 0.02419358864426613, 0.02732231840491295, 0.00535272341221571, 0.001047115190885961, 0.008809464983642101, 0.01594642922282219, 0.003741499502211809, 0.032411910593509674, -0.006834184285253286, -0.028086477890610695, -0.003444126108661294, 0.0250875111669302, 0.010438711382448673, -0.0046678632497787476, -0.012457246892154217, 0.02998966909945011, 0.04132230207324028, -0.010770328342914581, -0.012197720818221569, -0.011988658457994461, -0.04065907001495361, 0.006639539729803801, -0.011714714579284191, -0.010943345725536346, 0.007317190989851952, -0.009321307763457298, -0.01828216388821602, 0.019579792395234108, 0.003058441448956728, 0.013913475908339024, -0.021872272714972496, -0.003076464170590043, -0.016768261790275574, 0.02681768499314785, 0.002238411456346512, 0.010611728765070438, -0.009472697973251343, -0.022766195237636566, -0.027538590133190155, -0.0028998423367738724, -0.02618328668177128, -0.005630271974951029, 0.022607596591114998, -0.006444895174354315, -0.012363528832793236, -0.008232740685343742, -0.02736557275056839, -0.02328524738550186, -0.0068413931876420975, -0.012442829087376595, -0.010936136357486248, 0.005821311846375465, 0.00281874043866992, -0.019305849447846413, 0.01097939070314169, 0.0206178966909647, 0.0014634381514042616, -0.010878464207053185, 0.0176333487033844, -0.006625121459364891, -0.028576694428920746, 0.01539854146540165, 0.0024006152525544167, 0.019752809777855873, 0.009263635613024235, 0.011866104789078236, 0.005432022735476494, 0.02314106561243534, -0.007807406596839428, -0.003449532901868224, -0.0004539451911114156, -0.010388248600065708, 0.020834168419241905, 0.009025736711919308, -0.011952613480389118, 0.013408842496573925, 0.01748916693031788, 0.007418117485940456, -0.01309164334088564, -0.05784545838832855, 0.018959814682602882, -0.02533261850476265, 0.013538605533540249, -0.003638770431280136, 0.0011029853485524654, -0.028389258310198784, 0.011303798295557499, 0.00567352632060647, 0.015485050156712532, 0.0051724971272051334, 0.016753843054175377, -0.016955697908997536, 0.02746650017797947, -0.024150334298610687, 0.04126463085412979, 0.014670426957309246, -0.008449012413620949, -0.028389258310198784, 0.013041180558502674, -0.008903183043003082, -0.033450014889240265, -0.0030872777570039034, 0.018253326416015625, 0.005201333202421665, 0.018440762534737587, 0.013423260301351547, -0.005897006951272488, -0.013740458525717258, -0.004927388858050108, 0.002416835632175207, 0.03532436862587929, -0.04187019169330597, -0.0005645591299980879, -0.002056382829323411, -0.0012282427633181214, -0.003393662627786398, 0.011765177361667156, -0.0250875111669302, -0.020199771970510483, -0.009667342528700829, 0.0021284734830260277, 0.02696186490356922, -0.006859415676444769, 0.004739953670650721, -0.014468573033809662, -0.03264259919524193, -0.013790922239422798, -0.02637072280049324, 0.0013381808530539274, -0.013538605533540249, -0.05040571093559265, -0.011260543949902058, -0.020689988508820534, -0.006232228130102158, 0.03858286142349243, 0.0014454155461862683, -0.006996387615799904, -0.006001538131386042, 0.023270828649401665, -0.024150334298610687, 0.005594226531684399, 0.0029503058176487684, -0.006228623446077108, -0.03789079189300537, 0.004238924477249384, -0.015427378006279469, -0.03223889321088791, 0.0036640020553022623, -5.640522431349382e-05, -0.03281561657786369, -0.009321307763457298, 0.00531307328492403, 0.009393398649990559, 0.002279863692820072, -0.010179185308516026, -0.01684035174548626, 0.016955697908997536, 0.004476822912693024, 0.01358185987919569, 0.004739953670650721, 0.009191544726490974, 0.010633355937898159, -0.002822345122694969, 0.007046851329505444, 0.010236858390271664, 0.03261376544833183, -0.03261376544833183, -0.0002554708917159587, 0.02840367704629898, 1.3355055671127047e-05, -0.01199586782604456, 0.005846543703228235, -0.007118941750377417, 0.0002285495720570907, -0.01194540411233902, -0.02190110832452774, -0.0208630058914423, -0.014879489317536354, 0.03157566115260124, -0.025145184248685837, -0.015254360623657703, -0.009818732738494873, 0.015211106278002262, 0.021036021411418915, 0.00963850598782301, -0.020790914073586464, -0.0064340815879404545, -0.004148811101913452, -0.012695145793259144, -0.029283180832862854, -0.04014001786708832, -0.0035522617399692535, 0.04360036551952362, 0.01838308945298195, -0.006798138841986656, -0.011635414324700832, -0.01512459758669138, -0.013423260301351547, 0.014605545438826084, -4.469050691113807e-05, 0.01702778786420822, -0.0021356826182454824, 0.0427064411342144, -0.001231847214512527, 0.027625098824501038, -0.026500485837459564, 0.013617904856801033, -0.015110178850591183, -0.017662184312939644, -0.002719616051763296, 0.005731198471039534, 0.010099885985255241, -0.016076192259788513, 0.008593193255364895, 0.006070024333894253, 0.009263635613024235, 0.006906274706125259, -0.030278030782938004, 0.031056609004735947, -0.016465481370687485, -0.004826462361961603, 0.00531307328492403, 0.006513380911201239, 0.02438102290034294, 0.013365588150918484, -0.01733056828379631, -0.04276411235332489, 0.012745609506964684, -0.006080837920308113, 0.007295563817024231, -0.002274456899613142, -0.0002047822199529037, -0.014468573033809662, -0.004905761685222387, 0.01738824136555195, -0.010359412059187889, -0.01578783057630062, 0.0072883544489741325, -0.0201132632791996, 0.03988049179315567, 0.015917593613266945, -0.011426351964473724, 0.018541689962148666, 0.028288330882787704, 0.01418021135032177, -0.012450037524104118, 0.006455708760768175, -0.00047850102419033647, 0.016797097399830818, 0.01380534004420042, -0.02314106561243534, -0.015917593613266945, -0.008009259589016438, 0.014086493290960789, -0.008701329119503498, 0.006311527453362942, -0.0021933550015091896, -0.02949945256114006, -0.042591094970703125, 0.0020708010997623205, 0.007771361153572798, 0.026904193684458733, -0.020935095846652985, 0.0035594708751887083, -0.023068975657224655, 0.00043299386743456125, -0.0010903695365414023, -0.02169925533235073, -0.020747659727931023, -0.0014562291326001287, -0.0006217809859663248, -0.009775478392839432, 0.005832125432789326, -0.016912443563342094, 0.019147250801324844, -0.002894435543566942, -0.0032404703088104725, 0.22815217077732086, -0.028446931391954422, -0.008549938909709454, 0.049194589257240295, 0.0002563720045145601, -0.010864045470952988, 0.006325945723801851, -0.004130788613110781, -0.018137982115149498, -0.005554576870054007, 0.0022257957607507706, 0.005543763283640146, -0.007410908583551645, 0.007555089425295591, -0.008780629374086857, -0.030566392466425896, -0.01803705468773842, -0.002159111900255084, 0.010027795098721981, 0.019450029358267784, 0.020185353234410286, -0.00220416858792305, -0.01907515898346901, -0.005799684673547745, 0.036333635449409485, 0.017964964732527733, -0.007792988326400518, 0.01136867981404066, 0.016061773523688316, 0.0001534176990389824, 0.005266214720904827, -0.015038088895380497, -0.013863012194633484, 0.018296580761671066, -0.002312304452061653, -0.0050751748494803905, 0.018858887255191803, -0.02716371975839138, 0.01544179581105709, 0.0031107072718441486, 0.026803266257047653, -0.01477856282144785, -0.02874971181154251, -0.010546847246587276, -0.013286287896335125, -0.014216256327927113, -0.004718326497823, -0.004678676836192608, 0.002836763160303235, 0.02453962340950966, -0.01624920964241028, -0.001844616956077516, 0.046310968697071075, 0.021382056176662445, 0.010265693999826908, 0.0044299643486738205, 0.007346027065068483, -0.02180018275976181, 0.015658067539334297, 0.024251261726021767, -0.014742516912519932, 0.04599377140402794, -0.010907299816608429, -0.0009056375129148364, -0.020891841500997543, -0.008665284141898155, -0.011447979137301445, -0.002288874937221408, 0.013423260301351547, -0.009624088183045387, -0.024597294628620148, 0.0009678156347945333, 0.005918634124100208, 0.02293921262025833, -0.029139000922441483, -0.01107310876250267, 0.012781654484570026, 0.039909329265356064, 0.026933029294013977, -0.004783208016306162, -0.010957763530313969, -0.056057609617710114, -0.0062033915892243385, -0.0054824864491820335, 0.0026222937740385532, -0.02468380331993103, -0.003575691254809499, -0.0010335982078686357, -0.012450037524104118, 0.015557140111923218, 0.008102977648377419, -0.004491241183131933, -0.02409266121685505, 0.0156436488032341, -5.896781658520922e-05, 0.010251276195049286, -0.008211113512516022, -0.020142098888754845, 0.002734034089371562, -0.01767660304903984, -0.029730143025517464, 0.025938179343938828, 0.030854756012558937, 0.01728731393814087, -0.008960855193436146, -0.01663849875330925, -0.02428009733557701, -0.0017959558172151446, 0.01097939070314169, -0.02021419070661068, -0.003946957644075155, -0.05787429213523865, 0.01822449080646038, -0.00901852734386921, 0.019406775012612343, -0.0058573572896420956, -0.014389273710548878, -0.01536970492452383, 0.005770848598331213, 0.007540671620517969, -0.011707505211234093, -0.024467531591653824, -0.004105556756258011, 0.010258485563099384, -0.012572592124342918, -0.007324399892240763, -0.0161482822149992, -0.010337784886360168, 9.214073361363262e-05, -0.015585976652801037, 0.01407928392291069, -0.02151181921362877, 0.0023105021100491285, -0.013956730253994465, -0.0036117364652454853, 0.005085988435894251, -0.028778547421097755, -0.01578783057630062, 0.0004133942420594394, -0.00812460482120514, 0.003245876869186759, -0.007929960265755653, 0.008499476127326488, -0.007154987193644047, 0.0013652148190885782, -0.009840359911322594, -0.0015670682769268751, 0.01728731393814087, -0.016768261790275574, -0.012983507476747036, -0.02821624092757702, -0.021915527060627937, -0.03884238749742508, -0.009544788859784603, -0.0016797097632661462, -0.01609061099588871, 0.003548657288774848, -0.022982466965913773, 0.01956537552177906, 0.0021681233774870634, 0.0011949008330702782, -0.026442812755703926, 0.01773427426815033, 0.0011300193145871162, -0.023155484348535538, -0.004840880166739225, -0.18801215291023254, -0.002889028750360012, 0.03650665283203125, -0.01767660304903984, 0.006758489180356264, 0.023357337340712547, 0.03604527562856674, 0.007692061830312014, -0.03887122496962547, 0.017763111740350723, 0.02547680027782917, 0.011577742174267769, -0.054500456899404526, -0.0025429942179471254, -0.002624095883220434, -0.021237876266241074, 0.0032422724179923534, 0.019435612484812737, 0.003244074760004878, 0.004967038985341787, 0.032556090503931046, 0.00036090330104343593, -0.001709447125904262, 0.009768269024789333, -0.008485057391226292, -0.016667334362864494, 0.0024456719402223825, 0.014302765019237995, 0.025736326351761818, -0.01966630108654499, -0.012060749344527721, -0.005114824511110783, -0.022910377010703087, -0.006408849731087685, -0.0018635407323017716, -0.002533982740715146, -0.0004327685746829957, -0.003709058742970228, 0.004574145190417767, -0.005929447710514069, 0.00936456210911274, 0.0402265265583992, 0.028446931391954422, -0.002746650017797947, 0.025736326351761818, 0.01747475005686283, 0.015528304502367973, -0.0258228350430727, 0.013178152032196522, -0.026010269299149513, 0.005345514044165611, -0.007122546434402466, 0.011714714579284191, -0.01828216388821602, 0.003943352960050106, -0.007684852462261915, 0.007389281410723925, 0.021540656685829163, -0.004750767257064581, -0.037977300584316254, 0.005035524722188711, -0.013033971190452576, 0.006149323657155037, -0.01722964085638523, 0.0020798123441636562, 0.008867137134075165, -0.010395457036793232, 0.018152400851249695, -0.019060742110013962, 0.012226557359099388, 0.009544788859784603, -0.020589061081409454, 0.0171287152916193, -0.007735316175967455, 0.03301747143268585, 0.022924793884158134, -0.003346803830936551, 0.004642631392925978, -0.008917600847780704, -0.0014571301871910691, 0.014670426957309246, 0.04876204580068588, -0.012723982334136963, 0.004174042958766222, -0.014309974387288094, 0.006044792477041483, -0.0022780613508075476, 0.015355287119746208, 0.0013616102514788508, -0.023270828649401665, 0.017344987019896507, -0.01318536140024662, 0.009825942106544971, -0.013985566794872284, 0.03151798993349075, 0.00878783781081438, 0.008009259589016438, -0.0034945893567055464, 0.02990316040813923, -0.0016580825904384255, 0.016061773523688316, 0.019594211131334305, -0.022708522155880928, 0.004552518017590046, 0.0014850653242319822, -0.007555089425295591, 0.0034152898006141186, 0.016105027869343758, 0.015816666185855865, 0.004880530294030905, -0.017157550901174545, 0.007198241539299488, -0.014562291093170643, 0.021079275757074356, 0.0150236701592803, 0.038323335349559784, -0.025952598080039024, -0.017518004402518272, 0.021728090941905975, 0.031662169843912125, 0.036477819085121155, 0.008629239164292812, -0.033997904509305954, 0.006398036144673824, 0.022766195237636566, 0.02354477345943451, -0.1142491027712822, -0.01251491904258728, -0.008211113512516022, 0.032700274139642715, 0.0030368142761290073, 0.009934077970683575, 0.00047895158058963716, 0.005122033413499594, -0.00973222404718399, 0.04835833981633186, -0.02945619821548462, -0.006971156224608421, -0.005745616741478443, 0.01633571833372116, 0.00438310531899333, -0.021872272714972496, -0.02810089662671089, -0.02041604369878769, 0.0062646688893437386, 0.037573594599962234, -0.016407808288931847, -0.024208007380366325, 0.03321932628750801, 0.009595252573490143, 0.007122546434402466, -0.0052842372097074986, -0.025217274203896523, -0.006398036144673824, 0.008614820428192616, 0.001137228449806571, 0.0037378950510174036, -0.0018401112174615264, -0.01783520169556141, 0.006697211880236864, 0.012356320396065712, 0.007356840651482344, -0.009566416032612324, -0.006408849731087685, 0.018902141600847244, -0.028028804808855057, -0.008759002201259136, -0.011750759556889534, -0.024308932945132256, -0.017157550901174545, 0.01653757132589817, -0.007958796806633472, -0.011145198717713356, 0.01570132188498974, -0.005781662184745073, -0.013992775231599808, -0.013401633128523827, -0.009083408862352371, -0.026140032336115837, -0.026442812755703926, -0.011332633905112743, -0.004080324899405241, -0.009378980845212936, 0.02080533280968666, 0.0028079268522560596, 0.005093197338283062, -0.008730165660381317, 0.006740466225892305, -0.016696171835064888, 0.023256411775946617, 0.03708337992429733, -0.010964972898364067, -0.02443869598209858, -0.02161274664103985, 0.01702778786420822, 0.008585984818637371, 0.0037523130886256695, 0.026687921956181526, -0.03451695665717125, 0.01544179581105709, -0.036131784319877625, -0.002341140527278185, -0.005114824511110783, 0.008600402623414993, 0.0052121467888355255, -0.021122530102729797, -0.0004602530971169472, -0.007180218584835529, -0.010575683787465096, -0.012111212126910686, 0.016032937914133072, 0.02120903879404068, -0.0007145975832827389, -0.010265693999826908, 0.006470127031207085, -0.01797938346862793, -0.006116882897913456, 0.020632315427064896, 0.04028419777750969, -0.014223465695977211, -0.020300699397921562, 0.005237378180027008, -0.004916575271636248, 0.01624920964241028, 0.03203703835606575, 0.019680719822645187, -0.026341887190937996, -0.0009903439786285162, -0.03163333237171173, 0.03486299142241478, -0.009515952318906784, 0.0007713688537478447, -0.013927893713116646, -0.01684035174548626, 0.009350144304335117, -0.016523154452443123, -0.0065710535272955894, 0.02642839588224888, 0.004685885738581419, 0.013243033550679684, -0.008110187016427517, 0.00847063958644867, -0.029384108260273933, -0.005529345013201237, 0.01547063235193491, -0.006304318550974131, 0.008189486339688301, 0.017705438658595085, -0.01058289222419262, 0.012183303013443947, 0.021180203184485435, 0.015340869314968586, -0.00821832288056612, -0.00011219091538805515, -7.806054782122374e-05, 0.009076200425624847, -0.006906274706125259, -0.017546840012073517, 0.014865071512758732, -0.006682794075459242, -0.01509576104581356, 0.017200805246829987, -0.022679686546325684, -0.00125978235155344, 0.0038892850279808044, 0.011584951542317867, 0.031114280223846436, -0.011361470445990562, -0.007072082720696926, -0.011130780912935734, -0.030278030782938004, -0.0295571256428957, 0.015254360623657703, 0.010251276195049286, -0.008016468957066536, 0.005385164171457291, -0.013942312449216843, 0.00901852734386921, 0.0034152898006141186, 0.017071042209863663, -0.006596285384148359, -0.013243033550679684, -0.002195157343521714, -0.018440762534737587, -0.022578760981559753, -0.01832541823387146, 0.017719857394695282, -0.017301732674241066, 0.018397508189082146, 0.0019824900664389133, 0.029874322935938835, -0.006942319683730602, 0.01040266640484333, -0.0035468549467623234, 0.0005654602427966893, 0.014663217589259148, 0.012370738200843334, -0.024409860372543335, -0.0034747645258903503, -0.0007574013434350491, -0.002083416795358062, 0.018887724727392197, -0.011094735935330391, 0.004635422490537167, -0.00852110330015421, 0.022059708833694458, -0.025548890233039856, 0.024352187290787697, 0.0013381808530539274, -0.01728731393814087, -0.023371756076812744, 0.025938179343938828, 0.029672469943761826, -0.023357337340712547, 0.015859920531511307, 0.023371756076812744, -0.012457246892154217, 0.0041271839290857315, -0.029960831627249718, -0.00024893766385503113, 0.0012633869191631675, -0.0057960799895226955, 0.008412967436015606, 0.012435619719326496, -0.013675577007234097, -0.008910391479730606, 0.021180203184485435, 0.015139015391469002, -0.02239132486283779, -0.00785066094249487, 0.0022906772792339325, -9.574525756761432e-05, 0.0035504596307873726, 0.03699687123298645, -0.00018045165052171797, -0.0342574305832386, 0.03967863693833351, -0.0027268249541521072, 0.015326450578868389, 0.009595252573490143, 0.027437662705779076, 0.006343968212604523, -0.008658074773848057, 0.02533261850476265, -0.01694127917289734, -0.01757567562162876, -0.03590109199285507, 0.009962913580238819, 0.014216256327927113, -0.0011480420362204313, -0.01633571833372116, -3.8833150028949603e-05, 0.019925827160477638, 0.01891656033694744, 0.0005740210181102157, 0.004476822912693024, 0.010287321172654629, 0.008225531317293644, -0.03094126470386982, -0.015730157494544983, -0.003678420325741172, -0.01877237856388092, -0.014237883500754833, -0.0158887580037117, 0.0007443349459208548, 0.012572592124342918, -0.014569500461220741, 0.09394840151071548, 0.013019553385674953, -0.004642631392925978, -0.002843972062692046, -0.021237876266241074, 0.04559006169438362, 0.006106069311499596, -0.004725535400211811, -0.011512860655784607, -0.05718222260475159, 0.014627172611653805, -0.009717806242406368, -0.009515952318906784, -0.0431966558098793, -0.008557148277759552, -0.014338809996843338, -0.01649431698024273, -0.008412967436015606, -0.009205963462591171, -0.03520902246236801, 0.007720897905528545, -0.0048697167076170444, 0.00563748087733984, 0.005929447710514069, -0.023083394393324852, -0.023357337340712547, 0.045272864401340485, 0.003251283662393689, 0.021526237949728966, -0.021425310522317886, 0.016811516135931015, 0.019781647250056267, -0.03538203984498978, -0.003741499502211809, -0.010799163952469826, -0.010301739908754826, -0.005576204042881727, -0.014634381979703903, 0.026082361117005348, 0.018152400851249695, 0.0005352723528631032, 0.00039424520218744874, -0.01714313216507435, 4.209975304547697e-05, -0.0213532205671072, 0.011116363108158112, -0.022319234907627106, -0.011101944372057915, -0.029874322935938835]"
12391,"Saving to MongoDB using Mongoose fails on ObjectId as string<p>I'm currently receiving a validation error when trying to save my object to MongoDB using Mongoose/Joigoose. The basic gist of the schema is that of a simple Group object with a reference to a parent Group's ObjectId (parent_group).</p>
<p>Here's the error:
<code>ValidationError: parent_group: Validator failed for path 'parent_group' with value '5f32d6c58d0c4a080c48bc79'</code></p>
<p>The code for my Group schema definition looks like this:</p>
<pre class=""lang-js prettyprint-override""><code>// Imports (for reference)
const mongoose = require('mongoose'); // v5.9.29
const Joigoose = require('joigoose')(mongoose); // v7.1.2
const Joi = require('@hapi/joi'); // v17.1.1
const uniqueValidator = require('mongoose-unique-validator'); // v2.0.3
const ObjectId = mongoose.Schema.Types.ObjectId;

// Schema
const joiGroupSchema = Joi.object().keys({
    id: Joi.string().required().meta({ _mongoose: { unique: true }}).regex(/^[\w-]+$/).max(50),
    name: Joi.string().required().max(50),
    notes: Joi.string().allow(null),
    parent_group: Joi.string().allow(null).regex(/^[0-9A-Fa-f]*$/).max(24).meta({ _mongoose: { type: ObjectId, ref: 'Group' }}),
}).options({stripUnknown: true});

const groupSchema = new mongoose.Schema(Joigoose.convert(joiGroupSchema));
groupSchema.plugin(uniqueValidator);
const Group = mongoose.model(&quot;Group&quot;, groupSchema);
</code></pre>
<p>My mongoose save call looks like this:</p>
<pre class=""lang-js prettyprint-override""><code>// This code is inside of an Express HTTP POST definition (hence the result.value and req/res)
let model = new Group(result.value);
model.save(function (err, doc) {
    // On error
    if (err) {
        if (err.errors.id &amp;&amp; err.errors.id.properties.type == 'unique') {
            res.status(409);
            return res.send('POST failed');
        }
        res.status(500);
        return res.send('POST failed');
    }
    res.status(200);
    return res.send('success');
});
</code></pre>
<p>The data I'm passing using Postman looks like this:</p>
<pre><code>{
    &quot;id&quot;: &quot;asdf&quot;,
    &quot;name&quot;: &quot;ASDF&quot;,
    &quot;notes&quot;: &quot;postman&quot;,
    &quot;parent_group&quot;: &quot;5f32d6c58d0c4a080c48bc79&quot;
}
</code></pre>
<p>I've tried different formats of the parent_group string, tried passing it through JS after converting it using <code>mongoose.Types.ObjectId(&quot;5f32d6c58d0c4a080c48bc79&quot;)</code>, but I keep receiving the same error. I was unable to identify which validator is failing, but that could just be my unfamiliarity with debugging Mongoose.</p>
<p>It is also worth noting:</p>
<ul>
<li>the ObjectId is correct</li>
<li>a null ObjectId works just fine</li>
<li>the error is being caught in model.save()</li>
</ul>
<p>Any help would be much appreciated!</p>
",I have added rewarded videos an game over but i need to display banner at menu screen..company policies they dont hear anything...:'( anyways thanks for your suggestion..i will post a solution as soon as i get one...,"Embed Field: Saving to MongoDB using Mongoose fails on ObjectId as string<p>I'm currently receiving a validation error when trying to save my object to MongoDB using Mongoose/Joigoose. The basic gist of the schema is that of a simple Group object with a reference to a parent Group's ObjectId (parent_group).</p>
<p>Here's the error:
<code>ValidationError: parent_group: Validator failed for path 'parent_group' with value '5f32d6c58d0c4a080c48bc79'</code></p>
<p>The code for my Group schema definition looks like this:</p>
<pre class=""lang-js prettyprint-override""><code>// Imports (for reference)
const mongoose = require('mongoose'); // v5.9.29
const Joigoose = require('joigoose')(mongoose); // v7.1.2
const Joi = require('@hapi/joi'); // v17.1.1
const uniqueValidator = require('mongoose-unique-validator'); // v2.0.3
const ObjectId = mongoose.Schema.Types.ObjectId;

// Schema
const joiGroupSchema = Joi.object().keys({
    id: Joi.string().required().meta({ _mongoose: { unique: true }}).regex(/^[\w-]+$/).max(50),
    name: Joi.string().required().max(50),
    notes: Joi.string().allow(null),
    parent_group: Joi.string().allow(null).regex(/^[0-9A-Fa-f]*$/).max(24).meta({ _mongoose: { type: ObjectId, ref: 'Group' }}),
}).options({stripUnknown: true});

const groupSchema = new mongoose.Schema(Joigoose.convert(joiGroupSchema));
groupSchema.plugin(uniqueValidator);
const Group = mongoose.model(&quot;Group&quot;, groupSchema);
</code></pre>
<p>My mongoose save call looks like this:</p>
<pre class=""lang-js prettyprint-override""><code>// This code is inside of an Express HTTP POST definition (hence the result.value and req/res)
let model = new Group(result.value);
model.save(function (err, doc) {
    // On error
    if (err) {
        if (err.errors.id &amp;&amp; err.errors.id.properties.type == 'unique') {
            res.status(409);
            return res.send('POST failed');
        }
        res.status(500);
        return res.send('POST failed');
    }
    res.status(200);
    return res.send('success');
});
</code></pre>
<p>The data I'm passing using Postman looks like this:</p>
<pre><code>{
    &quot;id&quot;: &quot;asdf&quot;,
    &quot;name&quot;: &quot;ASDF&quot;,
    &quot;notes&quot;: &quot;postman&quot;,
    &quot;parent_group&quot;: &quot;5f32d6c58d0c4a080c48bc79&quot;
}
</code></pre>
<p>I've tried different formats of the parent_group string, tried passing it through JS after converting it using <code>mongoose.Types.ObjectId(&quot;5f32d6c58d0c4a080c48bc79&quot;)</code>, but I keep receiving the same error. I was unable to identify which validator is failing, but that could just be my unfamiliarity with debugging Mongoose.</p>
<p>It is also worth noting:</p>
<ul>
<li>the ObjectId is correct</li>
<li>a null ObjectId works just fine</li>
<li>the error is being caught in model.save()</li>
</ul>
<p>Any help would be much appreciated!</p>; Answer: I have added rewarded videos an game over but i need to display banner at menu screen..company policies they dont hear anything...:'( anyways thanks for your suggestion..i will post a solution as soon as i get one...","[-0.008198272436857224, 0.024273449555039406, -0.005206826142966747, 0.0012854671804234385, -0.033011890947818756, 0.0156991109251976, 0.015001676045358181, -0.026270026341080666, -0.00518973171710968, -0.025982847437262535, -0.00815040897578001, -0.03320334479212761, -0.003461530664935708, 0.008075195364654064, -0.016574321314692497, 0.005094005726277828, 0.005439303815364838, -0.01091279648244381, 0.014454668387770653, -0.0028649508021771908, -0.009367500431835651, 0.00619827676564455, -0.013969199731945992, 0.0103452755138278, -0.009852969087660313, -0.003952127881348133, 0.01807859167456627, -0.018270043656229973, 0.023480288684368134, 0.004543579649180174, 0.008280322887003422, -0.004810245707631111, -0.013907660730183125, -0.04758963733911514, -0.02514866180717945, -0.01059142965823412, -0.018598249182105064, -0.02439652569591999, 0.02688540890812874, 0.011658093892037868, 0.018502522259950638, -0.019965767860412598, -0.002610250608995557, -0.01472817175090313, -0.0056546879932284355, 0.03894692286849022, -0.011541854590177536, -0.025121310725808144, -0.011658093892037868, 0.018064916133880615, 0.008724766783416271, 0.011692281812429428, -0.020676877349615097, -0.006280327681452036, -0.012095699086785316, -0.0019470042316243052, 0.02921019122004509, 0.007979469373822212, 0.021729866042733192, -0.01153501681983471, 0.037962306290864944, 0.002671788912266493, -0.0027384553104639053, 0.0047008441761136055, -0.02931959182024002, -0.009429038502275944, 0.010324763134121895, 0.020553799346089363, -0.0009957242291420698, 0.006297421641647816, 0.0009666645200923085, 0.013914498500525951, -0.020882004871964455, -0.012642706744372845, 0.018160643056035042, -0.018324745818972588, -0.013552105985581875, -0.011275188066065311, 0.013593131676316261, -0.011870059184730053, 0.010338438674807549, -0.021634139120578766, -0.02585977129638195, 0.016355518251657486, 0.020485423505306244, 0.007206821348518133, 0.0013093987945467234, 0.010735019110143185, 0.011480316519737244, -0.006758959032595158, -0.004639305640012026, 0.007282034959644079, 0.0017008509021252394, -0.03164437413215637, 0.01430424116551876, 0.016711072996258736, -0.008581177331507206, 0.02614695020020008, -0.002769224578514695, 0.010625617578625679, -0.03427000716328621, -0.0030102496966719627, -0.011596554890275002, -0.017039278522133827, -0.0021367473527789116, 0.002328199800103903, 0.0013512789737433195, 0.00014326890232041478, 0.010406814515590668, -0.0005876055220142007, -0.010851257480680943, 0.028881985694169998, -0.01590423844754696, 0.008198272436857224, 0.006027336698025465, 0.004731613211333752, 0.022591402754187584, -0.03164437413215637, -0.01807859167456627, -0.014988000504672527, -0.0028034124989062548, 0.03199992701411247, 0.02599652297794819, -0.03178112581372261, 0.00690938625484705, -0.017326457425951958, -0.01107689831405878, -0.007063231896609068, 0.013278602622449398, -0.013852960430085659, 0.03615718334913254, 0.03339479863643646, -0.0026205070316791534, 0.022591402754187584, -0.023917894810438156, 0.012321339920163155, -0.0014282019110396504, 0.002439310774207115, -0.008068357594311237, -0.03599308058619499, 0.030933264642953873, 0.016929876059293747, -0.00029978566453792155, -0.008293998427689075, -0.007241009268909693, 0.005213663447648287, -0.01146664097905159, 0.03202727809548378, 0.04080674424767494, 0.016328169032931328, -0.007138445507735014, 0.013401679694652557, 0.01776406355202198, 0.004331614356487989, 0.005846140906214714, 0.018953803926706314, -0.009852969087660313, 0.004061529412865639, 0.0017777738394215703, -0.019965767860412598, 0.018625598400831223, 0.028909336775541306, -0.030112752690911293, -0.017148679122328758, 0.006037593353539705, 0.020334996283054352, -0.008068357594311237, -0.007117932662367821, -0.014810223132371902, -0.01723073050379753, -0.005193150602281094, 0.041572555899620056, -0.024451227858662605, 0.014632445760071278, -0.0156991109251976, 0.0007649555336683989, 0.00690938625484705, 0.022495675832033157, -0.004290588665753603, -0.02093670517206192, -0.04477255046367645, 0.021811917424201965, -0.007890580222010612, 0.03610248491168022, -0.023958921432495117, -0.011876896023750305, 0.008806818164885044, -0.020663201808929443, -0.009935020469129086, 0.008123058825731277, 0.010598266497254372, 0.0008931604097597301, -0.0037333250511437654, -0.013586293905973434, -0.6161490678787231, -0.0063521224074065685, 0.02421874925494194, 0.008382887579500675, -0.0023213622625917196, 0.004728194326162338, -0.02193499356508255, 0.0016555518377572298, -0.040998198091983795, 0.017244406044483185, -0.025093961507081985, 0.030577709898352623, -0.006772634573280811, -0.011357239447534084, 0.020280295982956886, 0.006013661623001099, 0.03930247575044632, -0.04835544526576996, -0.002999993273988366, 0.006372635252773762, -0.0046734935604035854, 0.018953803926706314, -0.007076906971633434, -0.0063145156018435955, -0.003083753865212202, -0.002683754777535796, 0.0150700518861413, -0.019664913415908813, 0.02151106297969818, 0.026734983548521996, -0.029866600409150124, 0.033039242029190063, 0.0039555467665195465, 0.01583586260676384, 0.05759987235069275, -0.01308714970946312, -0.03528197109699249, 0.023302512243390083, -0.0019401665776968002, 0.04272127151489258, -0.007193146273493767, 0.0037572565488517284, 0.02814352698624134, -0.01182219572365284, 0.002423926256597042, -0.010010234080255032, 0.02852643094956875, -0.016464920714497566, 0.005052980035543442, -0.008410237729549408, -0.01301877386868, -0.005887166131287813, 0.005094005726277828, 0.012546980753540993, 0.013634157367050648, -0.048628952354192734, 0.04023239016532898, -0.01636919379234314, 0.00895040761679411, 0.024246100336313248, -0.006981180980801582, -0.0006341866101138294, -0.013312790542840958, 0.0023914475459605455, -0.0067657968029379845, 0.015712784603238106, 0.021880293264985085, -0.006335028447210789, -0.00754186324775219, -0.017627310007810593, 0.01266321912407875, -0.0009145278600044549, -0.025805070996284485, -0.01298458594828844, 0.00526836421340704, 0.04436229541897774, 0.022673454135656357, -0.011582880280911922, -0.024027297273278236, 0.017162354663014412, 0.021429011598229408, -0.005299133248627186, -0.015247829258441925, 0.018598249182105064, 0.012629031203687191, 0.0053606717847287655, -0.0092717744410038, 0.013900823891162872, 0.018146967515349388, -0.0069264802150428295, 0.012847834266722202, 0.015275179408490658, 0.004806826822459698, 0.0007914511952549219, 0.013948686420917511, 0.0029213610105216503, 0.0075008380226790905, 0.009278611280024052, 0.015384580940008163, -0.014851248823106289, -0.04810929298400879, 0.018215343356132507, -0.004140161443501711, 0.008724766783416271, 0.021456362679600716, 0.013415354304015636, -0.02635207772254944, 0.021415336057543755, 0.02828027866780758, -0.034324709326028824, -0.000819228938780725, -0.006297421641647816, -0.011152111925184727, 0.006119644269347191, -0.029620446264743805, -0.03774350509047508, 0.02781532146036625, -0.017709361389279366, 0.012902535498142242, 0.0032341808546334505, 0.009333312511444092, 0.005682038608938456, 0.0006427335902117193, -0.0008572630467824638, -0.016505945473909378, 0.009388012811541557, -0.006731608882546425, -0.0070974198170006275, -0.015712784603238106, 0.02357601560652256, 0.003651273902505636, -0.0054085347801446915, 0.00017307653615716845, 0.0007850409601815045, 0.0018153805285692215, 0.0057299016043543816, 0.012417065910995007, -0.0011632452951744199, 0.039958883076906204, 0.011972622945904732, -0.020143544301390648, 0.007733316160738468, 0.010960659012198448, -0.005381184630095959, 0.012123050168156624, -0.019993117079138756, -0.022017044946551323, 0.0037743505090475082, -0.02322046086192131, 0.005326483864337206, -0.014700821600854397, -0.016396544873714447, 0.001733329496346414, -0.00985980685800314, -0.021907642483711243, -0.010126473382115364, -0.007986307144165039, -0.01530252955853939, -0.007357248570770025, -0.02386319451034069, 0.0058119529858231544, 0.021018756553530693, -0.03024950437247753, -0.005945285782217979, -0.006393148098140955, -0.027459766715765, -0.013682020828127861, 0.004772638902068138, 0.0014803385129198432, -0.023849518969655037, -0.011876896023750305, -0.022372599691152573, -0.017531584948301315, -0.024724731221795082, 0.00953844003379345, 0.02756916917860508, -0.0342426598072052, -0.013217064552009106, -0.018352095037698746, -0.00037115300074219704, -0.005247851368039846, 0.01046835258603096, -0.002533327555283904, -0.006967505905777216, 0.021880293264985085, -0.006632463540881872, 0.015617058612406254, 0.027705920860171318, 0.005326483864337206, 0.04865629971027374, 0.005141868721693754, 0.015097402036190033, -0.031945228576660156, -0.01530252955853939, -0.01947346143424511, -0.004300844855606556, 0.021278584375977516, 0.014112789183855057, -0.02268712781369686, 0.02432814985513687, -0.0014794839080423117, 0.008403399959206581, 0.04343238100409508, -0.02246832475066185, -0.0015170905971899629, -0.027952073141932487, -0.012451253831386566, 0.0021384567953646183, 0.022728154435753822, 0.021606789901852608, -7.377120346063748e-05, 0.012335015460848808, -0.006779471877962351, -0.03506316989660263, 0.024902507662773132, 0.03377770259976387, -0.0103452755138278, 0.003446146147325635, -0.017039278522133827, 0.00460169930011034, -0.020485423505306244, -0.00888203177601099, 0.008225622586905956, 0.02322046086192131, -0.01769568771123886, 0.0460033155977726, -0.006912805140018463, 0.012793133966624737, -0.00264785741455853, -0.02004781737923622, 0.0031042664777487516, 0.01878970116376877, 0.0034683682024478912, 0.013401679694652557, -0.015452956780791283, 0.020321322605013847, 0.04233836755156517, -0.026160625740885735, 0.026311052963137627, -0.0381537601351738, -0.0028991387225687504, 0.018215343356132507, 0.02432814985513687, 0.00721365911886096, 0.006933317985385656, 0.03134351968765259, -3.768688111449592e-05, 0.013675183057785034, 0.00037991369026713073, 0.03328539431095123, -0.026844384148716927, 0.0054085347801446915, -0.018994828686118126, -0.030878562480211258, 0.03344949707388878, -0.025025585666298866, 0.014864924363791943, 0.034543510526418686, 0.014741847291588783, 0.0030034121591597795, 0.01301877386868, -0.02004781737923622, 0.029264891520142555, 0.0009145278600044549, 0.021839266642928123, 0.006871779449284077, -0.02885463647544384, -0.000932476541493088, 0.00882733054459095, -0.014974324963986874, -0.01285467203706503, -0.03919307515025139, -0.00795211922377348, -0.02322046086192131, 0.0059726363979279995, -0.021743541583418846, 0.010099122300744057, 0.01705295406281948, -0.0013017065357416868, 0.009682029485702515, -0.029128139838576317, -0.01371620874851942, 0.019774314016103745, 0.013859798200428486, 0.005316227208822966, -0.02222217246890068, -0.00827348604798317, 0.003347001038491726, 0.0028256347868591547, 0.009100833907723427, 0.017285430803894997, 0.022276872768998146, 0.017326457425951958, -0.02007516846060753, 0.001075211213901639, 0.014892274513840675, 0.049230657517910004, 0.004092298448085785, 0.0018358933739364147, 0.0103452755138278, 0.010905958712100983, 0.020376022905111313, -0.020417047664523125, -0.023603366687893867, 0.02838967926800251, -0.014823898673057556, 0.0011555529199540615, -0.018447821959853172, 0.035965729504823685, -0.0025162335950881243, -0.04283067211508751, -0.014454668387770653, -0.012533305212855339, -0.004567510914057493, -0.019856365397572517, -0.001986320363357663, -0.009087159298360348, -0.014810223132371902, 0.024779431521892548, 0.00624955864623189, -0.01337432861328125, -0.017846113070845604, -0.02368541620671749, 0.012512792833149433, 0.03984948247671127, -0.0041162301786243916, 0.0006534173153340816, -0.004191443789750338, -0.005948704667389393, 0.00048717838944867253, -0.02717258781194687, -0.02386319451034069, 0.019787989556789398, -0.006423917133361101, -0.012629031203687191, 0.011459803208708763, 0.009955532848834991, -0.009716217406094074, 0.0003053412074223161, 0.009449551813304424, 0.03366830199956894, -0.003305975580587983, 0.0064751990139484406, -0.019787989556789398, 0.012157238088548183, 0.0049093905836343765, 0.005059817805886269, 0.019172606989741325, 0.044170841574668884, -0.008088870905339718, 0.004188024904578924, 0.015493982471525669, 0.007808529306203127, -0.01672474853694439, 0.02215379662811756, -0.00947006419301033, 0.017914488911628723, 0.018625598400831223, -0.006372635252773762, 0.04572981223464012, 0.014208515174686909, 0.01654697209596634, 0.005258108023554087, 0.0269264355301857, 0.02607857435941696, 0.01858457364141941, 0.0013145270058885217, 0.015124752186238766, 0.017558934167027473, -0.004188024904578924, -0.022140121087431908, 0.005904260091483593, 0.013114500790834427, 0.010509378276765347, -0.019459785893559456, -0.0035897355992347, -0.013565781526267529, -0.0035965731367468834, 0.029976001009345055, -0.021456362679600716, -0.015220479108393192, -0.00795211922377348, -0.0018136712023988366, -0.01865294948220253, 1.639953552512452e-05, -0.04236571863293648, 0.027760621160268784, 0.008444425649940968, -0.016095690429210663, -0.013135013170540333, -0.022960633039474487, 0.0017777738394215703, -0.004092298448085785, 0.003193155163899064, -0.013155526481568813, -0.028936687856912613, -0.02133328467607498, 0.007459812331944704, 0.019350383430719376, 0.0025743532460182905, 0.0474255345761776, -0.015972614288330078, 0.013825610280036926, 0.0016401672037318349, -0.029346942901611328, -0.022632427513599396, -0.03692299500107765, 0.015452956780791283, 0.0075487010180950165, 0.03891957178711891, 0.010646129958331585, 0.011473478749394417, -0.02825292758643627, 0.011623905971646309, 0.021976018324494362, -0.0037777693942189217, -0.00795211922377348, 0.016642697155475616, 0.03230078145861626, -0.0062290458008646965, -0.004317938815802336, 0.02071790210902691, 0.006611951161175966, -0.015343555249273777, 0.008034169673919678, -0.012170912697911263, -0.026666607707738876, -0.005364090669900179, -0.01330595277249813, 0.049093905836343765, -0.0016880304319784045, 0.03861871734261513, -0.021852942183613777, -0.005770927295088768, 0.005346996709704399, -0.006034174468368292, -0.0026427290868014097, 0.00821878481656313, -0.013921336270868778, -0.0033504199236631393, 0.01807859167456627, 0.01794183999300003, 0.012040998786687851, -0.013435867615044117, -0.0004435887385625392, -0.004362383391708136, 0.04433494433760643, -0.006078619044274092, -0.009634166024625301, 0.01246492937207222, -0.005005117040127516, -0.0052752019837498665, 0.029483694583177567, -0.0030974289402365685, 0.018270043656229973, 0.029893949627876282, 0.01683415099978447, -0.02133328467607498, -0.019309358671307564, 0.0017239277949556708, 0.014194839634001255, 0.024779431521892548, 0.005883747711777687, -0.0008363228989765048, -0.0143589423969388, -0.027186263352632523, -0.0029982838314026594, -0.036676838994026184, -0.007042719051241875, -0.029511045664548874, -0.020772602409124374, 0.010290575213730335, 0.015261503867805004, 0.030003352090716362, -0.005938448011875153, 0.017640985548496246, 0.012875184416770935, -0.012492279522120953, -0.02393157035112381, -0.034899067133665085, -0.02896403707563877, 0.004417084157466888, 0.021456362679600716, -0.002010251861065626, 0.01725808158516884, -0.020020468160510063, 0.010454677045345306, -0.018817052245140076, 0.014468343928456306, 0.023958921432495117, 0.01619141735136509, -0.021839266642928123, -0.028881985694169998, 0.0068512666039168835, 0.0017213636310771108, 0.013634157367050648, 0.01576748676598072, -0.0005478620296344161, 0.00046965706860646605, 0.011965785175561905, -0.023781143128871918, -0.01137775182723999, -0.023917894810438156, -0.045100752264261246, -0.00843758787959814, 0.017463209107518196, -0.01111108623445034, -0.016287142410874367, -0.020129868760704994, -0.011548692360520363, 0.024423876777291298, -0.001185467466711998, 0.027582844719290733, 0.013955524191260338, 0.009702542796730995, 0.0021247814875096083, -0.010461514815688133, -0.025367464870214462, 0.011938435025513172, -0.0012222194345667958, -0.01889910362660885, -0.015603384003043175, -0.005186313297599554, -0.007329897955060005, -0.002830762881785631, 0.018174318596720695, 0.0009042714955285192, -0.005948704667389393, -0.04127170145511627, 0.024095673114061356, -0.008902544155716896, -0.01023587491363287, 0.01305296178907156, -0.03684094175696373, -0.013244414702057838, -0.03287513926625252, 0.011842708103358746, -0.027268314734101295, -0.0067555406130850315, 0.010994846932590008, 0.0033333259634673595, 0.004885459318757057, -0.010317925363779068, -0.011685444042086601, -0.014523044228553772, -0.01679312437772751, 0.03334009647369385, 0.010174335911870003, 0.018926452845335007, 0.017312781885266304, 0.018529873341321945, -0.0367315411567688, -0.0025692249182611704, 0.01790081523358822, 0.019459785893559456, 0.030577709898352623, 0.009176047518849373, 0.001235894626006484, -0.044034089893102646, -0.016492269933223724, -0.021811917424201965, -0.02514866180717945, -0.02543584071099758, 0.02907343953847885, -0.003475205972790718, -0.02151106297969818, -0.005603406112641096, 0.025244388729333878, -0.03856401517987251, 0.026625581085681915, 0.005965798627585173, 0.006721352227032185, 0.000360682955943048, -0.015890562906861305, -0.04477255046367645, 0.02599652297794819, -0.00494016008451581, 0.018447821959853172, 0.019555510953068733, 0.0006927335052751005, -0.009552115574479103, -0.011138436384499073, -0.009517927654087543, 0.03156232088804245, 0.02907343953847885, 0.0070016938261687756, -0.019500810652971268, 0.014317916706204414, 0.02047174982726574, 0.012218776158988476, 0.00657092547044158, -0.015452956780791283, 0.013148688711225986, 0.033039242029190063, -0.016779448837041855, 0.0005965798627585173, 0.027117887511849403, 0.01843414641916752, -0.017244406044483185, 0.007138445507735014, -0.014181165024638176, -0.02838967926800251, -0.011610230430960655, -0.00823929812759161, 0.014864924363791943, 0.0028871730901300907, 0.003832469927147031, -0.002702557947486639, -0.016847824677824974, -0.0028752072248607874, -0.024054646492004395, -0.012068348936736584, -0.005049561150372028, -0.02151106297969818, -0.00754186324775219, -0.011370914988219738, -0.0054940045811235905, 0.02863583341240883, -0.024984559044241905, -0.012642706744372845, 0.021770890802145004, 0.011685444042086601, -0.009135021828114986, 0.006164088845252991, 0.005381184630095959, 0.005883747711777687, -0.03681359440088272, 0.012875184416770935, 0.0028871730901300907, -0.016779448837041855, 0.01654697209596634, -0.004659818485379219, -0.035719577223062515, 0.004731613211333752, -0.0009641004144214094, 0.025312764570116997, -0.02767856977880001, -0.027664896100759506, 0.009620491415262222, -0.01305296178907156, 0.012013648636639118, -0.016423894092440605, -0.01758628524839878, 0.04359648376703262, -0.006246139761060476, -0.009299124591052532, -0.03216402977705002, -0.030304204672574997, -0.017353806644678116, -0.012040998786687851, 0.023767467588186264, -0.02222217246890068, -0.030659759417176247, -0.01572646014392376, 0.008923056535422802, 0.0023230717051774263, 0.0029128140304237604, -0.02539481408894062, -0.03963068127632141, -0.02207174524664879, -0.0003707256691996008, -0.005504261236637831, -0.011459803208708763, 0.00329400971531868, -0.00827348604798317, 0.009046133607625961, 0.022878581658005714, 0.023630715906620026, -0.03541872277855873, -0.011678606271743774, -0.03517257049679756, -0.044526394456624985, -0.04034179076552391, -0.008451263420283794, -0.014796547591686249, 0.05945969745516777, 0.015507657080888748, -0.009230748750269413, -0.02661190554499626, -0.002018798841163516, -0.040423840284347534, 0.0017794831655919552, 0.011924759484827518, -0.007275197189301252, 0.0267486572265625, 0.019993117079138756, -0.002194866770878434, 0.033367447555065155, 0.010837582871317863, 0.038536664098501205, -0.025189686566591263, 0.01587688736617565, -0.011685444042086601, 0.008191434666514397, 0.007835879921913147, 0.006871779449284077, -0.030878562480211258, -0.0007277761469595134, 0.025312764570116997, 0.007275197189301252, 0.04419819265604019, 0.02051277458667755, 0.01734013296663761, -0.018776025623083115, -0.00879314262419939, 0.00525127025321126, 0.0027999936137348413, -0.025312764570116997, 0.03312129154801369, -0.019774314016103745, -0.011480316519737244, -0.007008531130850315, -0.006721352227032185, 0.012082024477422237, 0.003767512971535325, 0.007911093533039093, -0.015617058612406254, 0.03339479863643646, -0.016738424077630043, 0.02268712781369686, -0.014810223132371902, -0.017955515533685684, 0.023890545591711998, -0.007582888938486576, -0.011644418351352215, 0.02896403707563877, -0.007029043976217508, -0.008683741092681885, 0.0050324671901762486, 0.029483694583177567, -0.008321348577737808, -0.015275179408490658, -0.0028051219414919615, -0.034652914851903915, -0.0025162335950881243, -0.01050254050642252, 0.02115550823509693, -0.03164437413215637, -0.0002322644431842491, -0.0007572632748633623, -0.008396562188863754, -0.02043072320520878, 0.004085461143404245, -0.007514513097703457, -0.008704254403710365, -0.019842689856886864, 0.020553799346089363, 0.012362365610897541, -0.007617076858878136, -0.03334009647369385, -0.017326457425951958, -0.00786323007196188, -0.0033743514213711023, 0.008444425649940968, -0.0084717757999897, -0.014523044228553772, 0.013866635970771313, 0.011637580581009388, 0.003668367862701416, 0.008683741092681885, 0.18576368689537048, 0.006495711859315634, 0.0192546583712101, 0.025764044374227524, -0.001182903302833438, -0.002047858666628599, 0.026762332767248154, -0.009736730717122555, -0.025764044374227524, 0.01634184457361698, -0.0038803331553936005, 0.026270026341080666, 0.018270043656229973, -0.0056546879932284355, 0.005565799307078123, -0.016629021614789963, -0.03804435953497887, -0.010160661302506924, -0.012929885648190975, -0.019268332049250603, 0.031507622450590134, 0.00325982179492712, -0.00985980685800314, -0.0008358955383300781, 0.012116212397813797, -0.01658799685537815, 0.014317916706204414, 0.0032512748148292303, 0.009798268787562847, 0.007582888938486576, -0.023617040365934372, -0.028006775304675102, 0.01317603886127472, 0.015316205099225044, -0.022632427513599396, -0.009716217406094074, 0.010208523832261562, 0.01278629619628191, 0.009996558539569378, 0.04162725806236267, 4.019755942863412e-05, -0.007083744741976261, 0.02874523401260376, -0.0060683623887598515, -0.0060957130044698715, 0.0016555518377572298, 0.0021008499898016453, 0.00583246536552906, -0.020594825968146324, 0.01408543810248375, -0.008875194005668163, 0.025832420215010643, 0.020417047664523125, -0.0075487010180950165, 0.014058087952435017, -0.02617429941892624, 0.016314493492245674, -0.0162324421107769, 0.008157246746122837, -0.0020546962041407824, 0.011876896023750305, 0.005904260091483593, 0.023316187784075737, 0.00750767532736063, -0.009729892946779728, -0.006714514922350645, -0.014851248823106289, -0.013333303853869438, 0.011275188066065311, -0.010885445401072502, 0.007617076858878136, -0.010817069560289383, -0.011309375986456871, 0.00962732918560505, -0.01398287434130907, -0.02415037341415882, -0.008232460357248783, 0.016177741810679436, 0.01398287434130907, 0.015999963507056236, -0.02193499356508255, -0.0026734983548521996, -0.003866658080369234, 0.0237127672880888, -0.03156232088804245, -0.009572627954185009, 0.011815357953310013, 0.001733329496346414, 0.0008132460643537343, -0.011124761775135994, 0.004810245707631111, 0.02417772263288498, -0.01887175254523754, -0.015206803567707539, -0.022905930876731873, 0.00497434800490737, -0.004827339667826891, 0.02343926392495632, 0.009244423359632492, -0.030304204672574997, -0.019104231148958206, 0.028198227286338806, 0.033039242029190063, -0.002401703968644142, -0.011829033493995667, -0.0037264872808009386, 0.008143571205437183, 0.008259810507297516, -0.023480288684368134, -0.003292300272732973, -0.002403413411229849, -0.037223849445581436, -0.01342902984470129, -0.017914488911628723, 0.01661534793674946, 0.01900850422680378, 0.012991423718631268, -0.009429038502275944, 0.004892296623438597, -0.011035872623324394, 0.004095717333257198, -0.03640333563089371, -0.020553799346089363, 0.004047854337841272, 0.007070069666951895, -0.015671759843826294, -0.021141832694411278, 0.019323034211993217, 0.0019247820600867271, -0.00198802980594337, 0.0004564092378132045, -0.00163845787756145, 0.007521350868046284, -0.024081997573375702, -0.00953844003379345, 0.020799953490495682, 0.004071785602718592, -0.014974324963986874, 0.0040888795629143715, 0.005247851368039846, -0.0036102482117712498, -0.0206905510276556, 0.028799936175346375, 0.009552115574479103, -0.0016205091960728168, -0.0367315411567688, -0.01958286203444004, -0.012779458425939083, -0.0017897395882755518, -0.03227343037724495, -0.0038598203100264072, 0.0019145256374031305, -0.0022529864218086004, -0.03027685545384884, 0.008348699659109116, -0.008321348577737808, -0.004105973523110151, -0.032574284821748734, -0.000473930558655411, -0.01779141277074814, -0.027008486911654472, 0.014468343928456306, 0.004605117719620466, -0.008717929013073444, -0.021374311298131943, -0.017531584948301315, -0.17318251729011536, 0.018283719196915627, 0.01665637269616127, -0.030413607135415077, -0.004441015888005495, -0.01740850880742073, 0.03071446157991886, 0.003661530325189233, -0.02075892686843872, -0.018133291974663734, 0.012970911338925362, -0.02443755231797695, -0.0524306520819664, -0.024943534284830093, -0.025093961507081985, 0.03035890683531761, 0.0076239146292209625, 0.0014153814408928156, 0.017422182485461235, 0.030058052390813828, 0.026953786611557007, -0.03202727809548378, -0.0011760657653212547, 9.209381096297875e-05, -0.008512801490724087, 0.019090555608272552, 0.010741855949163437, 0.01053672842681408, -0.0060683623887598515, -0.014468343928456306, -0.028307627886533737, 3.514949275995605e-05, 0.011117924004793167, 0.014044413343071938, 0.0043726395815610886, 0.0004615374200511724, 0.0022222171537578106, -0.02767856977880001, -0.0013205098221078515, 0.008109383285045624, 0.017353806644678116, 0.01769568771123886, -0.015466632321476936, 0.014454668387770653, 0.032902490347623825, 0.014440992847084999, -0.00028760620625689626, 0.0037196497432887554, 0.023261485621333122, -0.004813664592802525, 0.033969152718782425, -0.023958921432495117, -0.004112811293452978, 0.006871779449284077, 0.00782904215157032, 0.00884784385561943, -0.002073499606922269, 0.013032449409365654, -0.006324772257357836, -0.013230739161372185, -0.0046529811806976795, -0.02353499084711075, -0.016451245173811913, -0.00148204795550555, -0.03859136626124382, 0.00036324706161394715, -0.006430754903703928, -0.010276899673044682, -0.03506316989660263, 0.004837595857679844, -0.015452956780791283, 0.009805106557905674, 0.01723073050379753, -0.0003715803613886237, 0.0022888837847858667, 0.01339484192430973, -0.024300800636410713, 0.012437579222023487, -0.0028222159016877413, 0.0019538418855518103, -0.009230748750269413, 0.015179453417658806, -0.03164437413215637, 0.05409902334213257, 0.007459812331944704, 0.03437941148877144, 0.018461497500538826, 0.0037333250511437654, 0.014550394378602505, 0.0012649544514715672, 0.012546980753540993, -0.013210226781666279, -0.01407176349312067, 0.0055589620023965836, 0.013005099259316921, -0.013333303853869438, 0.0018512778915464878, 0.04436229541897774, -0.021675165742635727, -0.004841014742851257, 0.002080337144434452, -0.01066664233803749, -0.044280242174863815, 0.0017623892053961754, 0.035254620015621185, 0.009394850581884384, 0.04080674424767494, 0.0020307647064328194, 0.03484436497092247, 0.009299124591052532, -0.012574330903589725, 0.011849545873701572, -0.015493982471525669, 0.035227272659540176, -0.015466632321476936, 0.03284778818488121, 0.002570934360846877, -0.014317916706204414, -0.01126835122704506, -0.005962379742413759, 0.048163995146751404, -0.021675165742635727, 0.0020837560296058655, -0.0011709375539794564, -0.002456404734402895, -0.0069367364048957825, -0.08801347762346268, -0.03292984142899513, 0.023206785321235657, 0.02364439144730568, -0.03421530872583389, -0.020499099045991898, -0.0050290487706661224, 0.038427263498306274, -0.0028495662845671177, 0.01922730728983879, -0.04239306598901749, -0.02945634350180626, -0.004858108703047037, 0.009511089883744717, -0.016505945473909378, 0.014769197441637516, -0.003369223326444626, 0.012581168673932552, -0.010960659012198448, 0.03837256506085396, -0.02428712509572506, -0.01303928717970848, -0.01342902984470129, 0.0034871716052293777, -0.017449533566832542, -0.0002286319650011137, -0.01366150751709938, 0.002868369687348604, 0.018570898100733757, 0.012417065910995007, 0.01743585802614689, -0.012123050168156624, 0.028881985694169998, -0.0063521224074065685, -0.012793133966624737, -0.020239271223545074, -0.02503925934433937, 0.023343537002801895, 0.03156232088804245, -0.007965793833136559, -0.00553844915702939, -0.006933317985385656, 0.008690578863024712, -0.0084717757999897, 0.01205467339605093, -0.004355545621365309, -0.02921019122004509, 0.04444434493780136, 0.018611924722790718, -0.020950380712747574, -0.008478613570332527, 0.007870067842304707, 0.0077948542311787605, -0.01740850880742073, 0.04094349965453148, -0.005781183484941721, 0.010071772150695324, 0.02661190554499626, 0.009025621227920055, 0.03350419923663139, 0.011582880280911922, -0.009176047518849373, 0.0005337594775483012, -0.0035726416390389204, 0.032574284821748734, 0.010324763134121895, -0.018680300563573837, -0.037716154009103775, 0.002203413750976324, 0.006758959032595158, -0.01102219708263874, -0.01449569407850504, -0.04116230085492134, -0.0005012809415347874, -0.028362330049276352, 0.02054012566804886, -0.02104610577225685, -0.00650938693434, 0.008211947046220303, -0.0012589715188369155, 0.006656395271420479, 0.0023452939931303263, -0.01018117368221283, 0.003651273902505636, 0.027651220560073853, 0.005613662768155336, 0.015480306930840015, -0.00994869600981474, -0.015056376345455647, -0.046167418360710144, -0.0075008380226790905, 0.006239302456378937, -0.00034123854129575193, -0.026256350800395012, -0.0001402774651069194, 0.031124716624617577, -0.004020503722131252, -0.0020393116865307093, -0.00146495399530977, -0.009846131317317486, -0.011124761775135994, -0.006235883571207523, -0.04537425562739372, 0.02703583613038063, 0.00391452107578516, 0.006799984723329544, -0.01904952898621559, -0.00553844915702939, -0.023617040365934372, -0.03191787749528885, -0.006810240913182497, 0.004560673609375954, 0.020567474886775017, 0.01776406355202198, -0.015890562906861305, -0.006933317985385656, 0.011138436384499073, -0.004847852513194084, 0.01608201488852501, 0.013538431376218796, 0.0076717776246368885, -0.0022222171537578106, -0.0017709361854940653, 0.0006256396300159395, -0.0012196553871035576, 0.019623886793851852, -0.015589708462357521, 0.01687517575919628, 0.0053982785902917385, 0.020813629031181335, -0.008013657294213772, -0.027377717196941376, 0.007083744741976261, -0.02328883670270443, -0.0017606797628104687, 0.03205462917685509, 0.027870023623108864, -0.00292477966286242, 0.021483711898326874, 0.02058115042746067, 0.04258451983332634, 0.016574321314692497, -0.013791422359645367, -0.018557222560048103, 0.008362374268472195, -0.02200336940586567, -0.013381166383624077, -0.01572646014392376, -0.04540160670876503, 0.009709379635751247, 0.0032871721778064966, -0.004082042258232832, 0.044745199382305145, 0.019856365397572517, -0.017969191074371338, -0.031726423650979996, -0.03550077602267265, -0.009476901963353157, 0.009196560829877853, 0.0360204316675663, -0.0017324747750535607, 0.003705974668264389, 0.06121011823415756, -0.03954862803220749, 0.004478622227907181, 0.0020376022439450026, 0.010721343569457531, -0.030468307435512543, -0.01647859625518322, 0.02814352698624134, 0.009682029485702515, -0.015576033852994442, -0.030796512961387634, 0.008519639261066914, 0.02553156577050686, 0.03309394419193268, -0.008389724418520927, 0.02018457092344761, -0.011596554890275002, -0.0055213551968336105, -0.01214356254786253, 0.014454668387770653, 0.0068410104140639305, -0.013948686420917511, -0.002830762881785631, 0.007842717692255974, 0.024847807362675667, 0.013798259198665619, -0.009900832548737526, 0.011199974454939365, 0.024164048954844475, 0.003791444469243288, -0.05505628511309624, 0.021100807934999466, 0.003475205972790718, 0.017750388011336327, 0.009654679335653782, 0.0032051210291683674, -0.018611924722790718, 0.014249540865421295, 0.017176030203700066, 0.01249911729246378, 0.019555510953068733, -0.0017401670338585973, -0.004714519251137972, -0.019965767860412598, -0.016246117651462555, -0.01002390868961811, -0.05245800316333771, -0.04660502448678017, -0.00585981598123908, 0.0029213610105216503, -0.013189714401960373, -0.007398273795843124, -0.003938452806323767, 0.013538431376218796, 0.00043974260916002095, -0.010290575213730335, 0.01729910634458065, -0.015193128027021885, -0.013230739161372185, 0.02921019122004509, 0.008259810507297516, -0.012512792833149433, 0.021018756553530693, -0.03533667325973511, 0.042283665388822556, 0.013080312870442867, 0.0021435848902910948, -0.019063204526901245, 0.021948669105768204, -0.010933308862149715, 1.8215770978713408e-05, -0.014235865324735641, 0.006902548484504223, -0.0004944433458149433, -0.005548705346882343, -0.013353816233575344, -0.010762369260191917, -0.018064916133880615, 0.008382887579500675, 0.07154855877161026, -0.003353838576003909, 0.0009435876272618771, -0.0001085467665689066, 0.002570934360846877, 0.022413624450564384, 0.0038495641201734543, 0.028417030349373817, -0.0054940045811235905, -0.027952073141932487, 0.028471730649471283, -0.022550376132130623, -0.005411953665316105, -6.47968627163209e-05, -0.023904219269752502, 0.016464920714497566, 0.029046088457107544, 0.015603384003043175, -0.009483739733695984, -0.011972622945904732, 0.002854694379493594, 0.007206821348518133, 0.02193499356508255, 0.024300800636410713, 0.016505945473909378, -0.00012799116666428745, -0.00017905942513607442, 0.0022820462472736835, -0.015275179408490658, -0.008929894305765629, 0.008034169673919678, 0.001772645628079772, -0.04168195649981499, -0.007986307144165039, -0.015603384003043175, -0.026187974959611893, 0.010625617578625679, -0.0019384571351110935, 0.002555549843236804, 0.011288863606750965, 0.01630081795156002, 0.00753502594307065, -0.029346942901611328, -0.024957209825515747, 0.002131619257852435, 0.0006611096323467791, 0.0029675147961825132, -0.024246100336313248, -0.04108025133609772]","[-0.003790379734709859, 0.0264121163636446, -0.004490193910896778, 0.0035258568823337555, -0.03383215144276619, 0.01638033427298069, 0.019849268719553947, -0.01900547370314598, 0.00561525346711278, -0.028367577120661736, -0.012342172674834728, -0.03482327610254288, -0.0019320221617817879, 0.003288120962679386, -0.01875099539756775, 0.005568375810980797, 0.009268349036574364, -0.015724049881100655, 0.02029125578701496, -0.004506935831159353, -0.005963486153632402, 0.003820515237748623, -0.012342172674834728, 0.011632313951849937, -0.005588466301560402, -0.010935848578810692, 0.016018707305192947, -0.019822480157017708, 0.029840869829058647, 0.005816156975924969, 0.006268189754337072, -0.021014507859945297, -0.009984904900193214, -0.044466644525527954, -0.019501036033034325, -0.010467073880136013, -0.021644005551934242, -0.021885089576244354, 0.026104064658284187, 0.006231357343494892, 0.015134732238948345, -0.019755512475967407, -0.0040348125621676445, -0.009127716533839703, -0.008076321333646774, 0.03436789661645889, -0.012824341654777527, -0.01889832504093647, -0.012891309335827827, 0.01446505356580019, 0.005467924289405346, 0.013554290868341923, -0.0164874829351902, -0.008290618658065796, -0.007011532783508301, -0.0024962262250483036, 0.027778260409832, 0.007192346267402172, 0.023036936298012733, -0.0003312815388198942, 0.034528616815805435, 0.003606218146160245, -0.005196704529225826, 0.0031642303802073, -0.026171032339334488, -0.01259665098041296, 0.008973690681159496, 0.016125855967402458, 0.005809460300952196, 0.006007015239447355, 0.0004082945524714887, 0.01374180056154728, -0.025876373052597046, -0.01435790490359068, 0.021858302876353264, -0.013654742389917374, -0.018536698073148727, -0.012395747005939484, 0.010279563255608082, -0.01867063343524933, 0.011464894749224186, -0.015322241932153702, -0.026693381369113922, 0.014692744240164757, 0.015563325956463814, 0.0030487109906971455, 0.006067286245524883, 0.00404485734179616, 0.0026820620987564325, -0.007239223457872868, -0.0021865000016987324, 0.013018548488616943, -0.0033232790883630514, -0.035867974162101746, 0.018000954762101173, 0.012214934453368187, -0.001266529317945242, 0.025434385985136032, -0.0014247407671064138, 0.008016050793230534, -0.03286781534552574, -0.0005478806560859084, -0.010775125585496426, -0.01065458357334137, 0.0029264946933835745, 0.005638692062348127, -0.002933191368356347, -0.00016919843619689345, 0.013768588192760944, -0.005400956142693758, -0.014371298253536224, 0.02372000925242901, -0.019179590046405792, 0.008692425675690174, 0.011726069264113903, 0.007821843959391117, 0.0225815549492836, -0.02662641368806362, -0.01561690028756857, -0.014987402595579624, -0.003406988922506571, 0.03134094923734665, 0.02134934812784195, -0.033376771956682205, -0.004704490769654512, -0.02121541276574135, -0.017116980627179146, -0.008216953836381435, 0.0027255911845713854, -0.00946255587041378, 0.03551974147558212, 0.03428753465414047, -0.004285941831767559, 0.02657283842563629, -0.017250915989279747, 0.007661120966076851, -0.0005060257390141487, -0.003361785551533103, -0.0001155195277533494, -0.030912354588508606, 0.03168918192386627, 0.01125729363411665, 0.002084373962134123, 0.0013745148899033666, -0.004985755775123835, 0.007232526782900095, -0.007513791788369417, 0.03013552911579609, 0.03624299541115761, 0.005906563717871904, -0.014277543872594833, 0.006217963993549347, 0.021764548495411873, 0.0031709272880107164, 0.006110815331339836, 0.01646069437265396, -0.003716715145856142, 0.009904543869197369, -0.007480307947844267, -0.02879617176949978, 0.007761572953313589, 0.03026946447789669, -0.022916395217180252, -0.016125855967402458, 0.0025112940929830074, 0.018268827348947525, -0.008679032325744629, -0.0030604302883148193, -0.01639372669160366, -0.019701939076185226, -0.01248280517756939, 0.03514472395181656, -0.012683709152042866, 0.01255646999925375, -0.012469411827623844, 0.0063485512509942055, 0.011076481081545353, 0.019206376746296883, 0.001142638735473156, -0.017143767327070236, -0.03999319300055504, 0.0291444044560194, -0.007989263162016869, 0.029305126518011093, -0.017438426613807678, -0.00721243629232049, 0.008458037860691547, -0.020760031417012215, -0.010808609426021576, 0.018603665754199028, 0.004021418746560812, -0.0018031090730801225, -0.007908902131021023, -0.015603506937623024, -0.6253188848495483, -0.017907200381159782, 0.007634333800524473, 0.002752378350123763, 0.0053306398913264275, 0.0068541583605110645, -0.018550092354416847, 0.005504756700247526, -0.04012712836265564, 0.020786818116903305, -0.024537017568945885, 0.04135933890938759, -0.007620940450578928, -0.015871377661824226, 0.015991920605301857, -0.0001209606634802185, 0.04018070548772812, -0.04540419578552246, 0.0011794711463153362, -0.0016172733157873154, 0.0010480467462912202, 0.012536379508674145, -0.006623119581490755, -0.013373477384448051, -0.0007086034747771919, -0.0047011421993374825, 0.023023543879389763, -0.019634971395134926, 0.028608661144971848, 0.0225145872682333, -0.024456655606627464, 0.030885567888617516, 0.0008224488119594753, 0.005591814871877432, 0.052181340754032135, -0.0145722022280097, -0.03506436198949814, 0.026894284412264824, -0.001625644275918603, 0.038573477417230606, -0.004362954758107662, 0.003649747231975198, 0.027992557734251022, -0.01133095845580101, 0.001100783934816718, -0.00881296768784523, 0.03407323732972145, -0.020706456154584885, 0.013078819029033184, -0.006171086337417364, -0.012964974157512188, -0.008297315798699856, 0.010768428444862366, 0.0032981662079691887, 0.010132234543561935, -0.054779693484306335, 0.03752877935767174, -0.01251628901809454, 0.010822002775967121, 0.02405484765768051, 0.00032667748746462166, -0.0017378154443576932, -0.004560510162264109, 0.007420036941766739, -0.0046006906777620316, 0.023519106209278107, 0.019233163446187973, -0.009295136667788029, -0.012214934453368187, -0.019621577113866806, 0.012777463532984257, -0.001121711335144937, -0.03026946447789669, -0.010734944604337215, 0.01391591690480709, 0.04955620318651199, 0.020398404449224472, -0.011585436761379242, -0.01647408865392208, 0.010513951070606709, 0.01330650970339775, -0.007707998622208834, -0.016648204997181892, 0.007694604806602001, 0.02122880518436432, 0.004704490769654512, -0.016795534640550613, 0.010808609426021576, 0.024778101593255997, -0.010955939069390297, 0.01187339797616005, 0.008431251160800457, -0.007105288095772266, -0.001711865421384573, 0.023532498627901077, -0.0012656921753659844, 0.002347222762182355, 0.005816156975924969, 0.004473451524972916, -0.02393430657684803, -0.0477614626288414, 0.013386871665716171, -0.008792877197265625, 0.010433589108288288, 0.015201699919998646, 0.017250915989279747, -0.02377358265221119, 0.0225815549492836, 0.030778419226408005, -0.03278745338320732, -0.0019236512016505003, -0.00599362188950181, 0.0018449639901518822, 0.00476811034604907, -0.034796491265296936, -0.030992716550827026, 0.029733721166849136, -0.019246557727456093, 0.011029602959752083, 0.0047848522663116455, 0.007353068795055151, 0.008491522632539272, -0.002782513853162527, -0.0009132739505730569, -0.016018707305192947, -0.002744007157161832, -0.008578580804169178, 0.002328806556761265, -0.01330650970339775, 0.0238807313144207, -0.0016917750472202897, -0.0021714321337640285, 0.002831065561622381, 0.005357427056878805, 0.008143289014697075, 0.005692266393452883, 0.008545096032321453, 0.0039711929857730865, 0.04644889384508133, 0.018242040649056435, -0.028367577120661736, 0.0037234118208289146, 0.0008345867390744388, -0.0012464389437809587, 0.019554609432816505, -0.019862661138176918, -0.015308848582208157, -0.0030051819048821926, -0.02288960851728916, 0.003703321563079953, -0.017277702689170837, -0.014036459848284721, -0.0039711929857730865, -0.00870581902563572, -0.024737920612096786, -0.015911558642983437, -0.007808450143784285, -0.017317883670330048, -0.008458037860691547, -0.028689023107290268, 0.000584294437430799, 0.029197977855801582, -0.026023702695965767, -0.005544937215745449, -0.011551952920854092, -0.02121541276574135, -0.013835555873811245, 0.005775976460427046, -0.0018533349502831697, -0.02138952910900116, -0.0225145872682333, -0.027148762717843056, -0.003442147048190236, -0.03259994462132454, 0.014813286252319813, 0.023612860590219498, -0.0329749658703804, -0.013346690684556961, -0.01988944783806801, -0.0046040392480790615, -0.0005709008546546102, 0.011960456147789955, 0.0014230665983632207, -0.005772627890110016, 0.025702256709337234, -0.003162556327879429, 0.009663459844887257, 0.01646069437265396, -0.004935530014336109, 0.06691426783800125, 0.00404820591211319, 0.013440445996820927, -0.025849586352705956, -0.019487641751766205, -0.014585595577955246, -0.006773796863853931, 0.014974009245634079, 0.022340470924973488, -0.02015732042491436, 0.02535402402281761, -0.005638692062348127, 0.0050862072966992855, 0.04430592432618141, -0.022876214236021042, -0.0041553545743227005, -0.029867656528949738, -0.012348869815468788, 0.0003831816138699651, 0.020920753479003906, 0.015349028632044792, 0.002978394739329815, 0.011819823645055294, -0.007875418290495872, -0.033108901232481, 0.026720168069005013, 0.030510548502206802, -0.011665797792375088, 0.005725750233978033, -0.015750836580991745, -0.001403813366778195, -0.016916075721383095, -0.0012656921753659844, 0.015308848582208157, 0.02895689383149147, -0.014451660215854645, 0.04111825302243233, 0.008156683295965195, 0.008833058178424835, -0.002898033242672682, -0.008558490313589573, 0.0037368054036051035, 0.019554609432816505, 0.00249957456253469, 0.007312888279557228, -0.01896529272198677, 0.020492158830165863, 0.03426074609160423, -0.029331915080547333, 0.02007695846259594, -0.0349036380648613, -0.004054902587085962, 0.004955620039254427, 0.01615264266729355, 0.002777491230517626, 0.004818336106836796, 0.025862980633974075, -0.0009157852036878467, 0.015121337957680225, 0.006382035091519356, 0.03018910251557827, -0.015523145906627178, -0.0023890777956694365, -0.019782299175858498, -0.0291444044560194, 0.03404644876718521, -0.023170873522758484, 0.014679350890219212, 0.03123380057513714, 0.017050012946128845, 0.0029382139910012484, 0.01133095845580101, -0.02279585227370262, 0.034716129302978516, 0.001779670361429453, 0.027938982471823692, 0.006609725765883923, -0.020920753479003906, 0.0020994418300688267, 0.0014439941151067615, -0.019085833802819252, -0.015322241932153702, -0.038546688854694366, -0.008464735001325607, -0.031073078513145447, 0.012502895668148994, -0.024349506944417953, 0.014558808878064156, 0.014974009245634079, 0.003931012470275164, 0.0036966248881071806, -0.025541534647345543, -0.01891171745955944, 0.014277543872594833, 0.01988944783806801, 0.0062614930793643, -0.017907200381159782, -0.006890990771353245, 0.00219487096183002, 0.009067445993423462, 0.0026017006020992994, 0.022152962163090706, 0.018188465386629105, 0.015349028632044792, -0.017317883670330048, -0.001059766043908894, 0.012857825495302677, 0.04288620501756668, -0.004192186985164881, -0.00015978107694536448, 0.01638033427298069, 0.0066733453422784805, 0.012958277016878128, -0.02128238044679165, -0.020344829186797142, 0.02882295846939087, -0.010051872581243515, 0.0010254450608044863, -0.018442943692207336, 0.047091785818338394, -0.00538086611777544, -0.04307371377944946, -0.01259665098041296, -0.01508115790784359, -0.0018617059104144573, -0.020505553111433983, 0.006351899821311235, -0.014612383209168911, -0.01123720407485962, 0.019581396132707596, 0.0038640443235635757, -0.0010078659979626536, -0.025903161615133286, -0.026787135750055313, 0.00938889104872942, 0.026679987087845802, 0.002564868191257119, 0.006037150975316763, -0.014223969541490078, 0.0010413499549031258, 0.006438957992941141, -0.02019750140607357, -0.022956576198339462, 0.021657399833202362, -0.004008025396615267, -0.0006211267318576574, 0.010554132051765919, 0.013226148672401905, 0.001044698292389512, -0.0030035076197236776, 0.012087695300579071, 0.03635014221072197, -0.007868721149861813, -0.005146478768438101, -0.02761753834784031, 0.01654105633497238, 0.005226839799433947, 0.0035492954775691032, 0.020518945530056953, 0.047198932617902756, -0.004178793169558048, -0.003239569254219532, 0.01062109973281622, 0.008551793172955513, -0.016875896602869034, 0.02159043215215206, -0.009000477381050587, 0.009770607575774193, 0.02410842292010784, -0.0020140577107667923, 0.03884134814143181, 0.01640712097287178, 0.008672335185110569, 0.003197714453563094, 0.03024267591536045, 0.021925270557403564, 0.015724049881100655, 0.004557161591947079, 0.013038638979196548, 0.011022906750440598, 0.00035430173738859594, -0.022969968616962433, 0.0036932763177901506, 0.017063405364751816, 0.0126569215208292, -0.02540759928524494, -0.008692425675690174, -0.010734944604337215, -0.0013761891750618815, 0.035734038800001144, -0.018456336110830307, -0.011096571572124958, -0.009938027709722519, -0.0058630346320569515, -0.01891171745955944, 0.006171086337417364, -0.03910921886563301, 0.023344989866018295, 0.004684400279074907, -0.015054370276629925, -0.01317927148193121, -0.019581396132707596, 0.00561525346711278, -0.01615264266729355, -0.00598692474886775, -0.015978526324033737, -0.02658623270690441, -0.011732765473425388, 0.01439808588474989, 0.02532723732292652, 0.008625457994639874, 0.04553813114762306, -0.02396109327673912, 0.0008237044676207006, 0.013942704536020756, -0.03393930196762085, -0.021081475540995598, -0.02769789844751358, 0.010473770089447498, 0.014639169909060001, 0.035653676837682724, 0.02155025117099285, 0.009549614042043686, -0.022300291806459427, 0.015121337957680225, 0.022969968616962433, 0.0029449108988046646, -0.011665797792375088, 0.021617218852043152, 0.025461172685027122, -0.011511771939694881, -0.0068775974214077, 0.02279585227370262, -0.005909911822527647, -0.014009672217071056, 0.011665797792375088, -0.01074833795428276, -0.013145786710083485, -0.005692266393452883, -0.020572520792484283, 0.05161881074309349, -0.005397608038038015, 0.0377698615193367, -0.02874259650707245, -0.0030185754876583815, 0.014304330572485924, -0.010380015708506107, 0.00016072281869128346, 0.01014562789350748, -0.020773423835635185, 0.004125218838453293, 0.019822480157017708, 0.017987562343478203, 0.011096571572124958, -0.026746954768896103, -0.0048484718427062035, -0.007339675445109606, 0.047252509742975235, 0.0019772255327552557, -0.00999829825013876, 0.013360084034502506, -0.004021418746560812, -0.007379855960607529, 0.032117776572704315, 0.0033534145914018154, 0.023344989866018295, 0.025729045271873474, 0.013715013861656189, -0.016139250248670578, -0.007882114499807358, 0.010420195758342743, 0.012998457998037338, 0.027215730398893356, 0.010540737770497799, 0.000768455967772752, -0.021644005551934242, -0.02260834351181984, -0.006382035091519356, -0.02756396308541298, -0.004634174518287182, -0.026130851358175278, -0.026090670377016068, 0.0036530958022922277, 0.016728566959500313, 0.03560010343790054, -0.007620940450578928, 0.02240743860602379, 0.015871377661824226, -0.019393887370824814, -0.028153279796242714, -0.03292138874530792, -0.024429868906736374, 0.010219292715191841, 0.013326600193977356, -0.010353228077292442, 0.016849108040332794, -0.02267531119287014, 0.014893647283315659, -0.0064322613179683685, 0.010480467230081558, 0.024349506944417953, 0.016139250248670578, -0.01204751431941986, -0.0237467959523201, 0.009127716533839703, -0.001043024123646319, 0.008538399823009968, 0.015268667601048946, -0.006957958452403545, -0.0033584372140467167, 0.009770607575774193, -0.0132730258628726, -0.0125229861587286, -0.02397448755800724, -0.047091785818338394, -0.009040658362209797, 0.014049853198230267, -0.0006336831720545888, -0.0022300290875136852, -0.022193143144249916, -0.02025107480585575, 0.030992716550827026, 0.0008266342920251191, 0.024751313030719757, 0.01391591690480709, 0.0049891043454408646, -0.003977889660745859, -0.014036459848284721, -0.02406824193894863, 0.024550409987568855, -0.00022727210307493806, -0.013795374892652035, -0.02124219946563244, -0.002442651893943548, -0.011766249313950539, -0.0049690138548612595, 0.0288765337318182, 0.0045404196716845036, -0.0052301883697509766, -0.03380536660552025, 0.022139567881822586, -0.0010388386435806751, -0.003346717916429043, 0.01624639891088009, -0.03018910251557827, -0.007942385971546173, -0.031046291813254356, 0.010641190223395824, -0.023050330579280853, -0.015509751625359058, 0.004553813021630049, 0.002322109881788492, 0.0076678176410496235, -0.019460855051875114, -0.019527822732925415, -0.01625979132950306, -0.009033962152898312, 0.030939143151044846, 0.0077280886471271515, 0.033430345356464386, 0.004804942756891251, 0.019728725776076317, -0.03860026225447655, -0.0068575069308280945, 0.010560828261077404, 0.011163539253175259, 0.035680465400218964, 0.009275046177208424, 0.005796066485345364, -0.03222492337226868, -0.019407279789447784, -0.013192664831876755, -0.019099228084087372, -0.026720168069005013, 0.019701939076185226, -0.00820356048643589, -0.01750539429485798, -0.0020441934466362, 0.024778101593255997, -0.03415359929203987, 0.02775147370994091, 0.00887993536889553, 0.008799574337899685, 0.004342864267528057, -0.005129736382514238, -0.04058251157402992, 0.022219929844141006, -0.015884771943092346, 0.017090192064642906, 0.009261651895940304, 0.007908902131021023, 0.00823704432696104, -0.013052032329142094, -0.012315385974943638, 0.022903000935912132, 0.02909082919359207, 0.0125229861587286, -0.014183788560330868, 0.0018483124440535903, 0.015630293637514114, 0.011665797792375088, -0.0014213924296200275, -0.00808971468359232, 0.013956097885966301, 0.028019344434142113, -0.01777326501905918, 0.0014540392439812422, 0.01883135735988617, 0.015268667601048946, -0.023278022184967995, 0.0062882802449166775, -0.010701460763812065, -0.020505553111433983, -0.0137551948428154, -0.004433271009474993, 0.012944883666932583, -0.0013837229926139116, 0.0024526971392333508, -0.00026954556233249605, -0.013052032329142094, -0.014598988927900791, -0.02890332043170929, -0.00752048846334219, -0.004436619579792023, -0.01615264266729355, -0.003088891739025712, -0.013005154207348824, -0.004573903512209654, 0.026706775650382042, -0.018041135743260384, -0.014250756241381168, 0.02263513021171093, 0.015710655599832535, -0.01324623916298151, 0.012134572491049767, 0.009891149587929249, -0.0008375165634788573, -0.03393930196762085, 0.017130373045802116, 0.002132925670593977, -0.016139250248670578, 0.021831516176462173, -0.0035225083120167255, -0.03672516345977783, 0.001236393698491156, 0.012235024012625217, 0.0276443250477314, -0.03233207389712334, -0.024322720244526863, 0.015657080337405205, -0.014384692534804344, 0.00821025762706995, -0.014384692534804344, -0.01321275532245636, 0.04872580245137215, -0.015067764557898045, -0.0069177779369056225, -0.03377857804298401, -0.02890332043170929, -0.017826838418841362, -0.015590113587677479, 0.020826999098062515, -0.020746637135744095, -0.023291414603590965, -0.01992962881922722, 0.005739144049584866, 0.0033567629288882017, 0.005625298712402582, -0.018041135743260384, -0.0350375734269619, -0.028314003720879555, 0.008478128351271152, 0.0007977543864399195, -0.002211612882092595, 0.007446823641657829, -0.017063405364751816, 0.01141132041811943, 0.01907244138419628, 0.02002338506281376, -0.03294817730784416, -0.01884474977850914, -0.03396609053015709, -0.040689658373594284, -0.04368982091546059, -0.006834068335592747, -0.004376348573714495, 0.05419037491083145, 0.013889130204916, -0.008612064644694328, -0.024322720244526863, -0.005256975535303354, -0.030430186539888382, 0.004577252082526684, 0.002752378350123763, 0.0018951898673549294, 0.024295931681990623, 0.02029125578701496, -0.00721243629232049, 0.027215730398893356, 0.015965133905410767, 0.038412753492593765, -0.025635289028286934, 0.014625776559114456, -0.0008722561178728938, 0.015268667601048946, 0.008009353652596474, 0.00724592013284564, -0.030590910464525223, 0.004064947832375765, 0.021175231784582138, 0.001905235112644732, 0.04620781168341637, 0.018027743324637413, 0.0236798282712698, -0.014679350890219212, -0.012770767323672771, 0.0005173265817575157, 0.0010011692065745592, -0.016018707305192947, 0.030671270564198494, -0.021777940914034843, -0.00948934257030487, -0.008531702682375908, 0.00017265146016143262, 0.0043596066534519196, 0.00758745614439249, 0.009328620508313179, -0.025501353666186333, 0.029519423842430115, -0.021161837503314018, 0.015898166224360466, -0.015549932606518269, -0.011277384124696255, 0.011759553104639053, -0.013902523554861546, -0.0037200634833425283, 0.029867656528949738, -0.013266329653561115, -0.005943395663052797, 0.01644730195403099, 0.029546210542321205, -0.015362422913312912, -0.003020249539986253, 0.006619771011173725, -0.0329749658703804, -0.004038160666823387, -0.006536061409860849, 0.02144310250878334, -0.033457133919000626, -0.0010463724611327052, 0.0009484320180490613, -0.0026469039730727673, -0.01881796307861805, 0.002869572024792433, 0.0007257639663293958, -0.011860004626214504, -0.012998457998037338, 0.017116980627179146, 0.018402762711048126, -0.008525006473064423, -0.033376771956682205, -0.02263513021171093, -0.01891171745955944, -0.010480467230081558, 0.009268349036574364, -0.009737123735249043, -0.014920434914529324, 0.009810788556933403, 0.012342172674834728, 0.013627955690026283, 0.011551952920854092, 0.18440264463424683, 0.016085674986243248, 0.026947859674692154, 0.024135209619998932, -0.004373000003397465, -0.006944565102458, 0.017920594662427902, -0.007078500930219889, -0.031046291813254356, 0.022996757179498672, -0.013085516169667244, 0.035787612199783325, 0.03029625117778778, 0.0021865000016987324, 0.0016507572727277875, -0.008016050793230534, -0.037234120070934296, -0.009181290864944458, -0.015429390594363213, -0.024845069274306297, 0.029572999104857445, 0.0052100978791713715, -0.00997151155024767, 0.0010656258091330528, 0.0015636991010978818, -0.00938889104872942, 0.021603824570775032, 0.00534738227725029, 0.01309221237897873, 0.0043964385986328125, -0.016929470002651215, -0.01893850602209568, 0.006683390587568283, 0.016808927059173584, -0.014223969541490078, -0.019393887370824814, 0.011351048946380615, 0.009516130201518536, 0.011960456147789955, 0.03632335737347603, 0.0026485780254006386, -0.008404463529586792, 0.02535402402281761, -0.0034170341677963734, -0.004239064175635576, 0.010426892898976803, -0.004342864267528057, 0.008685728535056114, -0.015268667601048946, 0.01872420869767666, -0.008591974154114723, 0.021054688841104507, 0.02124219946563244, -0.012087695300579071, 0.01309221237897873, -0.020880572497844696, 0.023492317646741867, -0.016862502321600914, 0.004577252082526684, 0.0023254582192748785, 0.009824181906878948, -0.0031726013403385878, 0.0251799076795578, 0.010708157904446125, -0.008458037860691547, -0.004309380427002907, -0.020451977849006653, -0.02372000925242901, 0.011853307485580444, -0.014853467233479023, 0.011431409977376461, -0.0037870313972234726, 0.00078729068627581, 0.016032101586461067, -0.012904702685773373, -0.02500579133629799, -0.007674514316022396, 0.01892511174082756, 0.01561690028756857, 0.02005017176270485, -0.018242040649056435, 0.001503427978605032, 0.005558330565690994, 0.031073078513145447, -0.030510548502206802, -0.0011543581495061517, 0.007118681445717812, 0.0007320421864278615, -0.0017913897754624486, -0.015215093269944191, 0.006462396588176489, 0.019367098808288574, -0.015764228999614716, -0.018536698073148727, -0.016808927059173584, 0.006097421981394291, -0.017264308407902718, 0.02500579133629799, 0.007828540168702602, -0.03535902127623558, -0.024282539263367653, 0.027095187455415726, 0.032144565135240555, 0.005153175443410873, -0.004975710529834032, -0.01140462327748537, 0.010359925217926502, 0.0035492954775691032, -0.02997480519115925, 0.0004599853418767452, -0.005809460300952196, -0.03999319300055504, -0.014518627896904945, -0.00881966482847929, 0.015657080337405205, 0.018509911373257637, -0.002397448755800724, -0.008002656511962414, -0.004570554941892624, -0.012168056331574917, 0.0035559923853725195, -0.03626978397369385, -0.03436789661645889, 0.006783842109143734, 0.01000499539077282, -0.023371776565909386, -0.018201859667897224, 0.01758575439453125, 0.002628487767651677, -0.013440445996820927, -0.0007362277247011662, -0.003977889660745859, 0.01888493075966835, -0.021871697157621384, -0.013005154207348824, 0.015576719306409359, -0.00045035872608423233, -0.015750836580991745, 0.0018064575269818306, -0.00035618519177660346, -0.0012782486155629158, -0.013648046180605888, 0.02396109327673912, -0.005317246541380882, -0.0012623438378795981, -0.03404644876718521, -0.019688544794917107, -0.0211484432220459, -0.007707998622208834, -0.039725322276353836, -0.00411852216348052, 0.006991442758589983, 0.00284445914439857, -0.0266130194067955, 0.005909911822527647, -0.008873239159584045, -0.0001415742008248344, -0.023010149598121643, -0.0027875364758074284, -0.0138221625238657, -0.032064203172922134, 0.007259313948452473, 0.010179111734032631, -0.004754716530442238, -0.025595108047127724, -0.02535402402281761, -0.1683303713798523, 0.01079521607607603, 0.021014507859945297, -0.031046291813254356, 0.0006659114733338356, -0.011652404442429543, 0.040796808898448944, 0.005280414130538702, -0.008953600190579891, -0.021081475540995598, 0.010366621427237988, -0.02906404249370098, -0.04443985968828201, -0.015536539256572723, -0.025876373052597046, 0.027992557734251022, 0.011458197608590126, -0.007018229924142361, 0.02023768052458763, 0.025822799652814865, 0.02401466853916645, -0.030537335202097893, 0.004681052174419165, 0.001198724377900362, -0.00038380944170057774, 0.012281902134418488, 0.004831729922443628, 0.011009513400495052, -0.00889332965016365, -0.016125855967402458, -0.029492637142539024, 0.006412170827388763, 0.00946255587041378, 0.011317565105855465, 0.007138771936297417, -4.015454396721907e-05, 0.0035258568823337555, -0.025461172685027122, -0.002285277470946312, 0.005739144049584866, 0.00823034718632698, 0.015630293637514114, -0.004758065100759268, 0.007466914132237434, 0.0276443250477314, 0.015228486619889736, 0.0026686685159802437, 0.004205580335110426, 0.014987402595579624, 0.0014230665983632207, 0.038385964930057526, -0.013045335188508034, -0.007420036941766739, 0.0005495548248291016, 0.007754875812679529, 0.010279563255608082, 0.0030152269173413515, 0.01076173223555088, 0.0008375165634788573, -0.011565346270799637, -0.0002925657609011978, -0.02000999078154564, -0.00041687479824759066, 0.00125899538397789, -0.029331915080547333, -0.007078500930219889, -0.006459048017859459, -0.02252798154950142, -0.048645440489053726, -0.0004470103303901851, -0.019675152376294136, 0.009114323183894157, 0.016661599278450012, -0.0010405128123238683, -0.004647568333894014, 0.013614562340080738, -0.029626572504639626, 0.018563484773039818, -2.7493437301018275e-05, 0.002795907435938716, -0.006998139433562756, 0.01893850602209568, -0.03302853927016258, 0.04693106189370155, 0.0020358222536742687, 0.03509114682674408, 0.02140292152762413, -0.0027373104821890593, 0.005698963068425655, -0.003284772625193, 0.010339834727346897, -0.005709008313715458, -0.005729098804295063, 0.008980387821793556, 0.007855327799916267, -0.01628657802939415, 0.005816156975924969, 0.04170757159590721, -0.01646069437265396, -0.010580918751657009, -0.0038975283969193697, -0.012402444146573544, -0.04441307112574577, -0.011089874431490898, 0.037046607583761215, 0.016808927059173584, 0.03251958265900612, -8.05183663032949e-05, 0.03134094923734665, 0.0021111611276865005, -0.008076321333646774, 0.00408168975263834, -0.016768747940659523, 0.03511793538928032, -0.026010308414697647, 0.02876938506960869, 0.005136433523148298, -0.01650087535381317, -0.014773105271160603, 0.002623465145006776, 0.04427913576364517, -0.015228486619889736, -0.0026653199456632137, 0.0006202896474860609, 0.0067336163483560085, -0.0019002124899998307, -0.08679032325744629, -0.03305532783269882, 0.017974168062210083, 0.028072919696569443, -0.040957532823085785, -0.025554927065968513, -0.007466914132237434, 0.03766271471977234, -0.005585117731243372, 0.012322083115577698, -0.037100184708833694, -0.028394363820552826, -0.0018550092354416847, 0.0032680307049304247, -0.02009035274386406, 0.009877756237983704, -0.006706829182803631, 0.0005960137932561338, -0.007393249776214361, 0.034769702702760696, -0.023599466308951378, -0.0031073077116161585, -0.015697261318564415, 0.016741959378123283, -0.017331277951598167, -0.0026937813963741064, -0.011471590958535671, 0.00362630863673985, 0.012442625127732754, 0.023010149598121643, 0.014987402595579624, -0.007922295480966568, 0.024670952931046486, -0.007862024940550327, -0.006991442758589983, -0.007145468611270189, -0.02409502863883972, 0.03126058727502823, 0.03369821608066559, -0.004098431672900915, -0.008913419209420681, 0.002042519161477685, 0.005384214222431183, -0.009703639894723892, 0.005796066485345364, -0.0045404196716845036, -0.01758575439453125, 0.042109377682209015, 0.011317565105855465, -0.014960615895688534, -0.010507253929972649, 0.007781662978231907, 0.015630293637514114, -0.017907200381159782, 0.048270419239997864, -0.003098936751484871, 0.01631336659193039, 0.04192186892032623, 0.010922455228865147, 0.029412275180220604, 0.019568003714084625, -0.012034120969474316, 0.009281742386519909, -0.00874600000679493, 0.03134094923734665, 0.008699122816324234, -0.017291096970438957, -0.038439542055130005, -0.003649747231975198, -0.0037501989863812923, -0.007279404439032078, -0.012844432145357132, -0.03798415884375572, -0.003837257158011198, -0.030456973239779472, 0.0275103896856308, -0.007386552635580301, 0.007051713764667511, 0.002469439059495926, 0.002549800556153059, 0.0030922400765120983, 0.00038192595820873976, -0.016058888286352158, 0.009563007391989231, 0.023184265941381454, 0.01881796307861805, 0.02373340353369713, -0.007949083112180233, -0.013889130204916, -0.04385054111480713, -0.012402444146573544, -2.3007116396911442e-05, -0.003406988922506571, -0.021885089576244354, 1.525087918707868e-05, 0.03136773779988289, 0.0012163034407421947, -0.00024945521727204323, 0.001145987189374864, -0.010346530936658382, -0.011049693450331688, -0.007694604806602001, -0.043529096990823746, 0.02240743860602379, 0.01188009511679411, 0.006693435832858086, -0.02146988920867443, -0.0023589422926306725, -0.024630771949887276, -0.029948018491268158, -0.006013711914420128, 0.005173265468329191, 0.01742503233253956, 0.011009513400495052, -0.01650087535381317, -0.011665797792375088, 0.001050557941198349, -0.0032780757173895836, 0.018389368429780006, 0.006669996771961451, -0.0012456018012017012, -0.025434385985136032, -0.00561190489679575, -0.0008090552291832864, -0.004172096494585276, 0.0164205152541399, -0.02385394461452961, 0.014746318571269512, 0.007152165286242962, 0.03152845799922943, -0.0137551948428154, -0.024831674993038177, 0.01255646999925375, -0.02748360112309456, 0.006656603422015905, 0.024912036955356598, 0.024684345349669456, 0.005052723456174135, 0.028046131134033203, 0.025970129296183586, 0.03760913759469986, 0.008431251160800457, -0.016889289021492004, -0.018429549410939217, 0.011176932603120804, -0.020880572497844696, -0.006643209606409073, -0.02002338506281376, -0.044707730412483215, 0.01771968975663185, 0.00823704432696104, 0.002305367961525917, 0.040877170860767365, 0.019849268719553947, -0.022059205919504166, -0.037287693470716476, -0.029921231791377068, -0.017384851351380348, 0.005789369810372591, 0.03742162883281708, -0.007949083112180233, 0.0038774379063397646, 0.05143130198121071, -0.04634174704551697, 0.0009007174521684647, 0.006596332415938377, 0.010493860580027103, -0.03485006466507912, -0.016741959378123283, 0.028501512482762337, 0.007031623274087906, -0.027778260409832, -0.03168918192386627, 0.0035191599745303392, 0.027376452460885048, 0.0354393795132637, -0.00572240212932229, 0.017170554026961327, -0.010527344420552254, -0.004222322255373001, -0.013694923371076584, 0.010085356421768665, 0.000717811519280076, -0.006482487078756094, -0.003381876042112708, 0.004342864267528057, 0.03610906004905701, 0.01144480425864458, -0.0031140046194195747, 0.015804409980773926, 0.026130851358175278, 0.008699122816324234, -0.0500919446349144, 0.01504097692668438, 0.005407653283327818, 0.015094551257789135, 0.00816337950527668, 0.014639169909060001, -0.016969650983810425, 0.017050012946128845, 0.018094711005687714, 0.018188465386629105, 0.015590113587677479, -0.003924315329641104, -0.0011543581495061517, -0.027229124680161476, -0.023036936298012733, -0.010453679598867893, -0.05946744233369827, -0.05196704342961311, -0.015938345342874527, -0.0018047833582386374, -0.01446505356580019, -0.007908902131021023, -0.004553813021630049, 0.010587615892291069, 0.006211267318576574, -0.008538399823009968, 0.015563325956463814, -0.01636693999171257, -0.014157001860439777, 0.02276906557381153, 0.012248418293893337, -0.007801753468811512, 0.021791335195302963, -0.03388572856783867, 0.03404644876718521, 0.020934147760272026, 0.006619771011173725, -0.016916075721383095, 0.01868402771651745, -0.004801594186574221, 0.005762582644820213, -0.01747860573232174, 0.01079521607607603, -0.0038975283969193697, -0.008283921517431736, -0.009402284398674965, -0.011217113584280014, -0.020920753479003906, 0.005461227614432573, 0.06669996678829193, -0.011063086800277233, -0.007172255776822567, -0.0009216449107043445, 0.004788200370967388, 0.01867063343524933, 0.011458197608590126, 0.025943340733647346, -0.00362630863673985, -0.03002838045358658, 0.03511793538928032, -0.020505553111433983, -0.003251288551837206, -0.00016668713942635804, -0.01514812558889389, 0.022956576198339462, 0.028153279796242714, 0.01446505356580019, -0.003073823871091008, -0.020706456154584885, -0.002531384350731969, 0.011063086800277233, 0.0145722022280097, 0.02903725579380989, 0.01517491228878498, -0.009569704532623291, -0.005642040632665157, 0.0013100584037601948, -0.013560988008975983, -0.007018229924142361, 0.014411479234695435, -0.0021546902135014534, -0.04561849310994148, -0.012322083115577698, -0.016916075721383095, -0.024121815338730812, 0.012851128354668617, -0.017116980627179146, 0.003934360574930906, 0.011176932603120804, 0.012911399826407433, 0.002322109881788492, -0.029546210542321205, -0.027041614055633545, -0.0017428380670025945, -0.002347222762182355, 0.005575072951614857, -0.01742503233253956, -0.03918958082795143]","[-0.03291412815451622, -0.008733970113098621, -0.008275706321001053, -0.021430574357509613, 0.02102622389793396, 0.004377094097435474, 0.0013512044679373503, -0.020244481042027473, -0.013525523245334625, -0.010492894798517227, 0.009205712005496025, -0.010263762436807156, -0.0032213253434747458, 0.012103557586669922, 0.011395944282412529, 0.0013629980385303497, -0.002710832981392741, 0.009360713884234428, 0.008754188194870949, -0.007932008244097233, -0.007743311580270529, -0.007190699223428965, 0.001291394350118935, -0.008390272036194801, -0.0053542740643024445, -0.0314854234457016, 0.025298861786723137, -0.013309869915246964, 0.00927310436964035, 0.01033115480095148, 0.031081072986125946, 0.016996197402477264, -0.03191673010587692, -0.011982252821326256, -0.027954095974564552, -0.0013267749454826117, 0.0025120272766798735, 0.0019931108690798283, 0.008720492012798786, -0.002747898455709219, 0.008646360598504543, -0.0071704816073179245, 0.0009224245441146195, -0.02498885989189148, -0.023209717124700546, 0.030784549191594124, -0.0036290455609560013, -0.03038019873201847, -0.004646660760045052, 0.018977515399456024, 0.011786816641688347, -0.008949623443186283, -0.0383593812584877, -0.01849229447543621, 0.0013655252987518907, 0.02121492102742195, -0.00318931438960135, 0.03164716437458992, -0.005071228835731745, -0.0421602763235569, 0.021174486726522446, -0.0017943052807822824, -0.009394409134984016, 0.013148129917681217, 0.00021144159836694598, 0.00858570821583271, -0.009488757699728012, 0.003145509632304311, -0.008491359651088715, 0.008127444423735142, 0.03978808596730232, 0.018869688734412193, 0.00992006529122591, 0.019395343959331512, 0.023101890459656715, -0.0027209417894482613, 0.01585053838789463, -0.0072580911219120026, 0.005660906434059143, 0.01893708109855652, 0.01191486045718193, -0.03407326713204384, -0.004858945030719042, 0.0040468741208314896, 0.02914019115269184, 0.014812706038355827, 0.01838446781039238, 0.017440984025597572, 0.011483553797006607, -0.023465806618332863, 0.0013486773241311312, 0.004171548876911402, 0.0168748926371336, -0.0027546375058591366, -0.013154868967831135, 0.01018289290368557, -0.012474211864173412, 0.024611465632915497, -0.00016626807337161154, -0.007049176376312971, 0.002771485596895218, -0.0040536136366426945, -0.024746248498558998, -0.010061587207019329, -0.028277575969696045, -0.0067256963811814785, -0.0017521854024380445, -0.01217768806964159, 0.017265764996409416, 0.001881914446130395, -0.0205814391374588, 0.03579849377274513, 0.012777474708855152, 0.006476346869021654, -0.03304891288280487, -0.003760459367185831, 0.011699207127094269, -0.004673617426306009, -0.030757592990994453, 0.00010135086631635204, 0.00594395212829113, 0.01260225661098957, 0.027334092184901237, 0.006698739714920521, 0.03674197942018509, -0.016686195507645607, -0.005067859310656786, -0.022225797176361084, 0.0078713558614254, -0.013370522297918797, 0.026619739830493927, 0.02683539316058159, 0.006220258306711912, 0.005927104037255049, -0.02546060085296631, 0.015257490798830986, -0.010459198616445065, 0.02229318954050541, -0.014597051776945591, -0.007932008244097233, 0.02353319711983204, 0.03954547643661499, -0.007143524941056967, -0.003625675803050399, -0.003945786505937576, 0.019408822059631348, 0.0011397629277780652, -0.00961680244654417, -0.0047578574158251286, 0.008201575838029385, -0.002862464403733611, 0.007837659679353237, -0.0009198973421007395, -0.0036189367529004812, 0.0189101230353117, 0.004161440301686525, -0.009562889114022255, -0.014273571781814098, -0.0020352306310087442, 0.00036202004412189126, 0.03277934342622757, 0.01793968304991722, -0.006294389255344868, 0.0026788217946887016, 0.009899847209453583, 0.035987190902233124, 0.01719837263226509, -0.02124187909066677, -0.013262695632874966, 0.001547482912428677, 0.00319942319765687, 0.029760194942355156, -0.0365532822906971, 0.012662908993661404, -0.01934143155813217, 0.005131881218403578, -0.002651865128427744, 0.0046702479012310505, 0.014206180348992348, -0.0059978654608130455, -0.009866151958703995, -0.0019290887285023928, 0.02308841235935688, 0.030649766325950623, -0.010317676700651646, -0.03145846724510193, 0.029463671147823334, -0.017440984025597572, 0.012871823273599148, -0.04253767058253288, 0.018896644935011864, 0.008686795830726624, 0.012272036634385586, -0.014516182243824005, -0.6253954172134399, 0.00018501140584703535, 0.01833055540919304, 0.02055448293685913, -0.014610530808568, 0.03558284044265747, -0.0027259960770606995, 0.0017724029021337628, -0.033561088144779205, 0.029571497812867165, -0.025851473212242126, -0.013289651833474636, -0.015082272700965405, -0.0016595217166468501, 0.02419363707304001, -0.0020268068183213472, 0.02385667711496353, -0.022643625736236572, -0.004848835989832878, 0.018667513504624367, -0.006351672112941742, 0.00037823617458343506, -0.016389671713113785, 0.013700742274522781, 0.02303449809551239, 0.005478948820382357, 0.008902449160814285, -0.01051311194896698, -0.009657236747443676, 0.04350811243057251, -0.0151766212657094, 0.008457664400339127, 0.027266699820756912, 0.019422302022576332, 0.06232388690114021, -0.011854208074510098, -0.029274974018335342, -0.009205712005496025, 0.009360713884234428, 0.03900634124875069, -0.04040808975696564, 0.0009443268645554781, 0.00931353960186243, 0.016066191717982292, -0.00544862262904644, -0.0013242478016763926, 0.013255956582725048, 0.0024564291816204786, 0.001255171257071197, 0.005034163594245911, 0.007662441581487656, -0.026121040806174278, -0.026619739830493927, 0.00694134971126914, 0.011483553797006607, 0.004646660760045052, 0.02914019115269184, -0.017023155465722084, 0.0010850070975720882, -0.006223627831786871, -0.028277575969696045, -0.007338961120694876, -0.02908627688884735, -0.030703678727149963, -0.015082272700965405, 0.0035549146123230457, 0.011604858562350273, 0.0054284050129354, 0.02160579338669777, 0.0157427117228508, 0.008194835856556892, -0.011470074765384197, -0.0019661542028188705, 0.0018465338507667184, -0.014394876547157764, -0.0013318293495103717, 0.02047361247241497, -0.00994702149182558, -0.027536267414689064, 0.014960967935621738, 0.011261160485446453, -0.025379732251167297, -0.028628014028072357, 0.00878114439547062, 0.0036964372266083956, 0.011537467129528522, 8.281813643407077e-05, 0.004033396020531654, -0.016632283106446266, 0.011962034739553928, 0.014044439420104027, 0.019085342064499855, 0.01293247565627098, 0.008275706321001053, -0.018007073551416397, 0.018505772575736046, 0.0041580707766115665, -0.004387202672660351, 0.04846814274787903, -0.003184259869158268, -0.020298393443226814, 0.009347234852612019, 0.004673617426306009, -0.017845334485173225, 0.03391152620315552, -0.00562047166749835, -0.007190699223428965, -0.012804431840777397, 0.04232201725244522, -0.004151331726461649, 0.024234071373939514, -0.024530595168471336, -0.012002469971776009, -0.0015432710060849786, 0.020648831501603127, -0.04501768574118614, 0.00288605154491961, -0.005451992154121399, 0.012972910888493061, -0.0023705046623945236, 0.008295923471450806, 0.002567625604569912, 0.0051824250258505344, 0.0025086577516049147, 0.005024054553359747, 0.028142793104052544, 0.005364383105188608, -0.017467940226197243, -0.01505531556904316, 0.006260693073272705, 0.006018083076924086, -0.02647147700190544, -0.014233136549592018, -0.0006427487824112177, 0.00544862262904644, -0.019853608682751656, 0.012703344225883484, -0.014246614649891853, 0.0004431007255334407, -0.04070461541414261, 0.004623073618859053, 0.006274171639233828, 0.004211984109133482, -0.02744191884994507, -0.014138787984848022, -0.012669648043811321, -0.006907653994858265, 0.007035698276013136, -0.006668413057923317, 0.020109696313738823, 0.010850070975720882, 0.00039318870403803885, 0.010176153853535652, -0.006756022572517395, 0.016847936436533928, 4.456805618247017e-05, -0.00010629995085764676, -0.022252755239605904, 0.027064524590969086, -0.004299593158066273, 0.0324828214943409, -0.016780544072389603, -0.027118438854813576, -0.012467472814023495, 0.006799827329814434, -0.04331941530108452, -0.004643291234970093, -0.002020067535340786, -0.002752952743321657, -0.019166212528944016, 0.010951158590614796, -0.01282464899122715, -0.008733970113098621, 0.027172351256012917, -0.007076133508235216, 0.013619871810078621, -0.0037166548427194357, 0.00824201013892889, 0.004104157444089651, 0.016847936436533928, -0.001704168738797307, 0.002362080616876483, -0.03151237964630127, -0.025420166552066803, 0.014543138444423676, -0.010412024334073067, 0.005829385947436094, 0.03639154136180878, -0.010351371951401234, -0.022171884775161743, -0.01585053838789463, 0.0013604708947241306, -0.016915328800678253, -0.006877327803522348, -0.030676722526550293, 0.013262695632874966, 0.0032971410546451807, 0.0054587312042713165, -0.002082404913380742, 0.001283812802284956, 0.017710551619529724, 0.007096350658684969, 0.02517755702137947, -0.00274452893063426, 0.004949923604726791, -0.02578408271074295, 0.010877028107643127, -0.010823114775121212, 0.006452759727835655, 0.00946854054927826, -0.00015784410061314702, -0.01176659855991602, -0.005435144063085318, -0.009684193879365921, 0.004161440301686525, 0.04054287448525429, 0.005266665015369654, -3.6144087061984465e-05, -0.008268967270851135, 0.02752278931438923, -0.004589377902448177, -0.016942285001277924, -0.002067241817712784, -0.019745782017707825, 0.0031438248697668314, -0.0005492427153512836, -0.012022687122225761, 0.04086635634303093, 0.0013891123235225677, -0.02887062355875969, -0.016767065972089767, 0.0003837117401417345, -0.006301128305494785, 0.023789286613464355, 0.012406820431351662, 0.012777474708855152, 0.029975848272442818, -0.005984386894851923, 0.016672717407345772, -0.015890974551439285, 0.006361780688166618, 0.033668916672468185, 0.014044439420104027, -0.004521986003965139, 0.009940282441675663, 0.014111831784248352, 0.004400680772960186, -0.0038783950731158257, -0.0421602763235569, 0.017319679260253906, -0.01865403540432453, 0.013033563271164894, -0.03730807080864906, 0.0071098292246460915, 0.009212451986968517, -0.015580971725285053, 0.002842246787622571, 0.013397479429841042, 0.035070665180683136, 0.030757592990994453, -0.01388269942253828, -0.0033628481905907393, -0.0010302512673661113, -0.015944886952638626, 0.001735337427817285, 0.010877028107643127, -0.004262527916580439, -0.023384936153888702, 0.023937547579407692, -0.012117035686969757, 0.004454594571143389, -0.026107562705874443, 0.03838633745908737, -0.004174918867647648, 0.024624943733215332, 0.004521986003965139, 0.0002073349169222638, -0.008801361545920372, -0.0035111098550260067, 0.002719257026910782, -0.005735037382692099, 0.005738407373428345, 0.016847936436533928, 0.0033358915243297815, 0.006688630674034357, -0.020150132477283478, -0.001043729716911912, 0.018141858279705048, -0.03296804055571556, 0.03992287069559097, -0.006577434483915567, 0.0004856417654082179, 0.008808101527392864, -0.0026771370321512222, 0.0022323515731841326, 0.0060416702181100845, 0.041459400206804276, 0.01081637479364872, 0.02242797240614891, -0.005522753577679396, 0.039976783096790314, 0.026080606505274773, -0.023735372349619865, -0.024072332307696342, 0.004639921709895134, -0.007864616811275482, 0.011685729026794434, -0.02776539884507656, 0.022091014310717583, -0.007002002559602261, -0.02763061597943306, -0.017629681155085564, -0.0015432710060849786, -0.002210449194535613, 0.028654970228672028, -0.0031926839146763086, -0.019422302022576332, -0.019193168729543686, 0.022441450506448746, 0.032401952892541885, -0.014853140339255333, 0.0027462136931717396, -0.0062303668819367886, 0.0075883106328547, 0.07014133036136627, -0.019058385863900185, -0.00018437960534356534, 0.006594282109290361, -0.02781931310892105, 0.006132648792117834, -0.03660719469189644, -0.032186299562454224, 0.016605326905846596, -0.013316608965396881, -0.0069817849434912205, -0.0016485705273225904, 0.0038682862650603056, -0.03725415840744972, 0.02625582367181778, -0.021066660061478615, 0.005593515001237392, 0.0005441883695311844, 0.03800894320011139, 0.008868753910064697, 0.016106627881526947, 0.036014147102832794, -0.003389804856851697, 0.016214454546570778, 0.020837528631091118, 0.008733970113098621, 0.023182760924100876, 0.014071396552026272, -0.024678857997059822, -0.02066230960190296, -0.010324415750801563, -0.0015525373164564371, -0.011301595717668533, 0.019327953457832336, -0.0021649599075317383, 0.0332915224134922, 0.02322319522500038, 0.027536267414689064, 0.013869221322238445, 0.01225855853408575, 0.012460733763873577, 0.011112898588180542, -0.0040536136366426945, -0.014691400341689587, 0.01632228121161461, -0.011921599507331848, -0.010641156695783138, 0.03296804055571556, -0.010337893851101398, -0.004208614584058523, 0.025110164657235146, 0.0031960534397512674, -0.011456596665084362, 0.0030410524923354387, -0.009825716726481915, -0.009441583417356014, -0.05226903781294823, -0.001748815760947764, 0.028735840693116188, -0.019314473494887352, -0.016767065972089767, -0.016389671713113785, -0.016133584082126617, -0.010769200511276722, -0.011550945229828358, -0.01865403540432453, -0.023708416149020195, -0.025164077058434486, -0.0038918734062463045, 0.02578408271074295, 0.004825248848646879, -0.02149796672165394, -0.049573369324207306, 0.011665510945022106, 0.023047976195812225, -0.0053374264389276505, 0.002980399876832962, 0.020379263907670975, 0.025770602747797966, 0.018788818269968033, -0.005701341666281223, -0.03423500806093216, -0.019449258223176003, 0.006877327803522348, -0.019530128687620163, 0.008767666295170784, -0.038979385048151016, -0.006048409268260002, -0.033372391015291214, -0.008221792988479137, 0.023573633283376694, -0.00456242123618722, 0.03558284044265747, -0.01717141643166542, 0.027401484549045563, 0.000837763654999435, -0.003042737254872918, 0.024665378034114838, 0.032348036766052246, -0.004720791708678007, 0.010418764315545559, -0.004424267914146185, -0.026161475107073784, -0.016969241201877594, 0.006823414471000433, 0.029787151142954826, 0.014556617476046085, 0.04620378091931343, 0.009684193879365921, -0.009724629111588001, -0.008316141553223133, 0.014583573676645756, -0.002796757500618696, -0.0029702913016080856, 0.007035698276013136, 0.021942751482129097, 0.009367452934384346, 0.03310282528400421, -0.001981317298486829, 0.01524401269853115, -0.006429172586649656, -0.018869688734412193, -0.0070424373261630535, -0.01601227931678295, -0.009428105317056179, -0.0074265701696276665, 0.0168748926371336, -0.013073998503386974, -0.02223927527666092, -0.004727530758827925, 0.003152248915284872, 0.006708848290145397, -0.005158838350325823, -0.029760194942355156, -0.04884553700685501, -0.005445253103971481, 0.003507740329951048, 0.011813772842288017, -0.021322747692465782, -0.020177088677883148, -0.007379396352916956, 0.007837659679353237, 0.0018802296835929155, -0.020824048668146133, -0.005674385000020266, -0.044020287692546844, 0.009017015807330608, 0.010809635743498802, -0.014597051776945591, 0.021363183856010437, 0.006287649739533663, 0.010715287178754807, -0.019435780122876167, 0.005307099781930447, 0.005977647844702005, -0.04393941909074783, -0.020877962931990623, -0.00724461255595088, 0.01698271930217743, 0.025635819882154465, 0.022010143846273422, -0.011692468076944351, 0.018815774470567703, -0.03687676414847374, 0.023654501885175705, 0.0013090847060084343, -0.025554949417710304, -0.03795503079891205, -0.026053648442029953, 0.011153333820402622, 0.013424435630440712, 0.010890506207942963, 0.041702013462781906, -0.003736872225999832, 0.0061697144992649555, 0.004882532171905041, -0.014327485114336014, -0.0018937080167233944, -0.019449258223176003, -0.02892453782260418, -0.0032533365301787853, -0.004195136018097401, -0.020985789597034454, -0.006112431176006794, -0.01730620115995407, -0.0013655252987518907, 0.009327017702162266, -0.008403751067817211, 0.037712421268224716, 0.01714446023106575, 0.0267814788967371, -0.017319679260253906, -0.0037537203170359135, -0.0015626461245119572, -0.007797224912792444, -0.008262228220701218, -0.029221061617136, -0.025770602747797966, 0.011146594770252705, 0.0010260393610224128, 0.010573765262961388, -0.028654970228672028, -0.004417528863996267, -0.007790485862642527, -0.0518377311527729, 0.02052752487361431, -0.03447761759161949, -0.036256760358810425, -0.027320614084601402, -0.018155336380004883, -0.01788576878607273, -0.012635951861739159, -0.009778542444109917, 0.0026080606039613485, 0.01320878230035305, 0.019031429663300514, -0.0337497852742672, -0.005236338824033737, 0.014152267016470432, -0.04628464952111244, -0.0032263798639178276, -0.00655047781765461, 0.01843838207423687, 0.02771148644387722, -0.010519851930439472, 0.034828055649995804, 0.004653399810194969, -0.024786684662103653, -0.01290551945567131, -0.005243077874183655, 0.014273571781814098, 0.011153333820402622, 0.017319679260253906, -0.0069211320951581, -0.0304880253970623, 0.00994702149182558, 0.01176659855991602, -0.03978808596730232, -0.029544541612267494, 0.013909656554460526, 0.012534864246845245, -0.006446020677685738, -0.013242478482425213, -0.0043299198150634766, -0.03151237964630127, 0.011449857614934444, -0.009050711058080196, -0.023870157077908516, -0.0054418835788965225, 0.00961680244654417, -0.01698271930217743, 0.02446320280432701, 0.005940582603216171, 0.024732770398259163, 0.026094084605574608, -0.04458637908101082, -0.038844604045152664, -0.0099065862596035, -0.011598119512200356, 0.01369400229305029, -0.0004746906051877886, -0.004815140273422003, -0.01343117468059063, 0.02760365977883339, 0.0014303898205980659, 0.0009266365086659789, 0.007487223017960787, -0.031108029186725616, -0.009960499592125416, 0.018209248781204224, -0.017737507820129395, -0.014314007014036179, 0.01785881258547306, -0.018505772575736046, 0.01147681474685669, -0.0017387070693075657, -0.01973230391740799, -0.046662043780088425, 0.008181357756257057, -0.00975832436233759, 0.016227932646870613, 0.03515153378248215, -0.009542671032249928, 0.0036391543690115213, -0.0038110031746327877, 0.024692336097359657, -0.012143992818892002, -0.001714277546852827, -0.00784439966082573, -0.008039834909141064, -0.020487090572714806, -0.01312791183590889, 0.0005808325950056314, 0.016767065972089767, -0.01025028433650732, 0.014138787984848022, 0.0262827817350626, 0.01339073944836855, 0.004687095992267132, -0.00036918040132150054, -0.025406688451766968, 0.012892041355371475, -0.014704879373311996, 0.007271569222211838, -0.0015584341017529368, -0.027927139773964882, 0.009967239573597908, -0.01653793454170227, -0.010405285283923149, 0.000360124628059566, -0.013303130865097046, 0.011261160485446453, 0.016187496483325958, 0.02446320280432701, -0.008511577732861042, 0.01706358976662159, 0.017481418326497078, -0.01909882016479969, -0.0320245586335659, 0.013936612755060196, 0.008370054885745049, -0.017872290685772896, 0.02647147700190544, 0.01692880690097809, -0.00994702149182558, -0.006422433536499739, 0.015527058392763138, -0.012015948072075844, -0.03253673389554024, -0.0035886105615645647, 0.00011867265129694715, 0.013175086118280888, -0.0029702913016080856, -0.044155072420835495, -0.024503638967871666, -0.004471442196518183, -0.015944886952638626, 0.02063535340130329, -0.011483553797006607, -0.020433178171515465, 0.0033813808113336563, 0.013316608965396881, 0.001145659713074565, 0.01849229447543621, -0.012972910888493061, 0.003517849138006568, -0.02126883529126644, -0.013491827063262463, -0.02110709436237812, -0.004980249796062708, -0.02031187154352665, 0.040246348828077316, 0.024651899933815002, -0.02319623902440071, -0.005152098834514618, 0.002067241817712784, -0.03660719469189644, 0.014610530808568, 0.008855275809764862, 0.007103090174496174, 0.027873225510120392, -0.020433178171515465, 0.012696605175733566, 0.023654501885175705, -0.0015230535063892603, 0.0003668638237286359, 0.00694134971126914, -0.0031354010570794344, -0.012777474708855152, -0.02052752487361431, -0.021888839080929756, -0.021983187645673752, -0.015324883162975311, -0.009347234852612019, 0.02636365033686161, 0.0332915224134922, -0.010297458618879318, 0.03197064250707626, -0.0042861150577664375, 0.0038817645981907845, -0.024261027574539185, 0.005849603563547134, 0.03418109193444252, -0.018141858279705048, 0.012191167101264, -0.011699207127094269, -0.01653793454170227, 0.01089724525809288, -0.01158464141190052, -0.006429172586649656, -0.007561353966593742, 0.013801829889416695, 0.014300527982413769, 0.006331454496830702, 0.0011776707833632827, 0.007291786838322878, -0.011213986203074455, -0.013801829889416695, 0.027334092184901237, -0.00195773015730083, -0.025608863681554794, -0.004235571250319481, -0.0005778842023573816, -0.016659239307045937, -0.01788576878607273, 0.03164716437458992, -0.01629532501101494, -0.00916527770459652, 0.0102907195687294, -0.0010833223350346088, -0.012811170890927315, -0.005812537856400013, 0.01078941859304905, -0.021538401022553444, 0.013060520403087139, -0.008390272036194801, -0.022360581904649734, -0.01992099918425083, 0.022333623841404915, 0.0006713902694173157, 0.02790018357336521, -0.029436714947223663, 0.0018094683764502406, -0.011793555691838264, 0.010000934824347496, -0.007183960173279047, 0.003541436279192567, 0.004771335516124964, 0.010533330030739307, 0.005529492627829313, 0.0017841964727267623, -0.025217991322278976, 0.010492894798517227, 0.016039235517382622, -0.014880097471177578, 0.012285515666007996, 0.21608489751815796, -0.001763978973031044, -0.012251819483935833, 0.026552347466349602, 0.010189631953835487, 0.02345232665538788, 0.025366252288222313, 0.005778842139989138, 0.012662908993661404, -0.0009241093066520989, 0.0044377464801073074, 0.006287649739533663, -0.032105427235364914, -0.015864016488194466, -0.015580971725285053, -0.012649430893361568, -0.024341898038983345, -0.007163742557168007, -0.03590632230043411, 0.004201875533908606, 0.0026838763151317835, -0.0028169748838990927, -0.019961435347795486, -0.009771803393959999, 0.048063792288303375, -0.005937212612479925, -0.030595852062106133, -0.0014657704159617424, 0.007379396352916956, 0.01725228689610958, -0.030784549191594124, -0.028358446434140205, 0.02250884287059307, 0.004983619786798954, 0.005411557387560606, -0.0010428872192278504, 0.016120105981826782, 0.00824201013892889, 0.01934143155813217, 0.024665378034114838, -0.008572230115532875, -0.009266365319490433, 0.002375558950006962, -0.012164209969341755, 0.010418764315545559, 0.022333623841404915, 0.004949923604726791, -0.010108761489391327, 0.0011549260234460235, -0.006388737354427576, -0.02190231718122959, -0.009023754857480526, 0.06329432874917984, 0.017360113561153412, 0.00376382889226079, -0.002889421069994569, -0.02287275902926922, 0.0009451692458242178, -0.007790485862642527, 0.01722533069550991, -0.02350624091923237, 0.03671502321958542, -0.007500701118260622, -0.005681124050170183, -0.00817461870610714, 0.010203110054135323, 0.010169414803385735, 0.013296391814947128, 0.026323216035962105, -0.007473744451999664, -0.001095958286896348, -0.029463671147823334, -0.007689398247748613, 0.006243845447897911, -0.006995263043791056, 0.0011818826897069812, 0.004215353634208441, 0.004188396967947483, 0.042968977242708206, 0.01598532125353813, -0.004933075979351997, 0.0029635520186275244, -0.0011490292381495237, -0.021861882880330086, -0.022387538105249405, -0.03968026116490364, 0.0014362866058945656, 0.016052713617682457, 0.00987963005900383, 0.018842732533812523, -0.014408355578780174, 0.0002640914171934128, -0.022225797176361084, -0.006304497830569744, -0.017319679260253906, 0.00930006057024002, 0.0017269134987145662, 0.01896403729915619, 0.0043703545816242695, -0.02245493046939373, 0.011301595717668533, -0.0004940657527185977, 0.0073861354030668736, -0.01703663356602192, -0.005118403118103743, -0.0022323515731841326, -0.00760852824896574, 0.021336225792765617, 0.0118070337921381, -0.01865403540432453, 0.0007552087772637606, -0.01392313465476036, 0.014125309884548187, -0.002277841093018651, -1.7308622091150028e-06, -0.0006764446734450758, 0.02419363707304001, -0.03323761001229286, 0.009205712005496025, -0.011537467129528522, 0.01353900134563446, -0.0037773074582219124, 0.020756658166646957, -0.0066583044826984406, -0.007163742557168007, 0.011382466182112694, 0.0021565358620136976, -0.010917462408542633, -0.001534846960566938, -0.02237406000494957, 0.014839662238955498, -0.016942285001277924, -0.03566371276974678, -0.046823784708976746, -0.006065256893634796, -0.014650965109467506, 0.01150377094745636, -7.36570727895014e-05, -0.016942285001277924, 0.018532730638980865, 0.0034268703311681747, 0.009091146290302277, 0.026875827461481094, 0.030838463455438614, 0.005495796911418438, -0.05043598264455795, 0.007473744451999664, 0.0022508841939270496, -0.00858570821583271, -0.0006937137804925442, -0.01340421847999096, -0.003780676983296871, -0.00090304936747998, -0.037577636539936066, 0.03798198699951172, -0.024045374244451523, -0.02308841235935688, -0.061245620250701904, 0.00046205465332604945, 0.01381530798971653, -0.017683593556284904, -0.007183960173279047, 0.029355844482779503, -0.010108761489391327, -0.01576966792345047, 0.01063441764563322, -0.17079764604568481, 0.025002337992191315, 0.0013343566097319126, 0.001769033377058804, -0.0011052245972678065, -0.02887062355875969, 0.010283980518579483, 0.024166680872440338, -0.04118983447551727, 0.0037166548427194357, 0.016093149781227112, 0.006661674007773399, -0.038601990789175034, -0.011213986203074455, 8.171248919097707e-05, 0.010230067186057568, -0.021996665745973587, 0.02776539884507656, 0.008316141553223133, 0.010951158590614796, 0.02385667711496353, -0.013323348015546799, -0.0038851341232657433, -0.01509575080126524, -0.012420298531651497, 0.011557684279978275, -0.01761620305478573, 0.021363183856010437, 0.003359478432685137, -0.025325817987322807, -0.016039235517382622, -0.014057918451726437, 0.002833822974935174, 0.028466273099184036, 0.013195304200053215, 0.0029534432105720043, 0.0053980788215994835, -0.012467472814023495, 0.0012155786389485002, 0.016713153570890427, 0.029382800683379173, 0.025608863681554794, -0.009529192931950092, 0.020190566778182983, 0.0038851341232657433, 0.015890974551439285, 0.013599654659628868, 0.012339428998529911, 0.011470074765384197, -0.0013057150645181537, 0.0006958197918720543, -0.04992380365729332, 0.0029837696347385645, -0.009872891008853912, 0.008599186316132545, -0.0003272711765021086, 0.007803963962942362, 0.005232968833297491, -0.012406820431351662, -0.0028944755904376507, -0.01851925253868103, -0.023654501885175705, -0.024085810407996178, 0.000647381937596947, -0.01893708109855652, -0.0052093821577727795, -0.012009209021925926, 0.012440516613423824, -0.005472209770232439, -0.004727530758827925, -0.0029450193978846073, -0.011294856667518616, 0.011921599507331848, 0.0046264431439340115, 0.024261027574539185, 0.003962634596973658, -0.01849229447543621, 0.004693835042417049, -0.00378404650837183, 0.004400680772960186, 0.006341563072055578, 0.03391152620315552, -0.012420298531651497, 0.028223663568496704, -0.009428105317056179, 0.03579849377274513, 0.019327953457832336, 0.022670583799481392, 0.010277241468429565, -0.008161140605807304, 0.03046106919646263, -0.01849229447543621, -0.024651899933815002, -0.028708884492516518, 0.01727924309670925, 0.022279711440205574, -0.009340495802462101, 0.0023940918035805225, 0.0038783950731158257, -0.008275706321001053, 0.006631347816437483, 0.01116007287055254, -0.0304880253970623, 0.032428909093141556, 0.015486623160541058, -0.004960032645612955, 0.015473145060241222, 0.005418296437710524, 0.026768000796437263, -0.0060821049846708775, -0.007487223017960787, 0.03671502321958542, 0.009529192931950092, 0.023209717124700546, 0.012548343278467655, 0.03167412057518959, -0.011335291899740696, -0.008612665347754955, -0.0033021955750882626, 0.010391807183623314, 0.052026428282260895, 0.0009965554345399141, -0.008942884393036366, -0.0033156739082187414, -0.02388363517820835, 0.017387069761753082, -0.11397291719913483, -0.03029932826757431, 0.017050111666321754, -0.012716822326183319, -0.000558509083930403, 0.020958833396434784, 0.012501168996095657, 0.02876279689371586, -0.008915928192436695, 0.013060520403087139, -0.003324097953736782, -0.03666111081838608, -0.015944886952638626, -0.00120041542686522, 0.026296259835362434, 0.015324883162975311, -0.008936145342886448, 0.012514647096395493, 0.008235271088778973, 0.016254888847470284, -0.017414027824997902, -0.03571762517094612, -0.0053980788215994835, -0.012204645201563835, -0.018721427768468857, -0.0032920867670327425, -0.01442183367908001, 0.008531794883310795, 0.033561088144779205, -0.012689866125583649, 0.018370989710092545, -8.851747566041013e-07, 0.01576966792345047, -0.017494896426796913, -0.02187536098062992, -0.03431587666273117, -0.03728111460804939, 0.004302963148802519, 0.003324097953736782, -0.012514647096395493, 0.019004471600055695, -0.024058852344751358, 0.011025290004909039, -0.0031354010570794344, -0.00912484247237444, -0.008774405345320702, -0.0345584861934185, 0.026848871260881424, 0.02691626362502575, -0.037388939410448074, -0.005805798806250095, -0.015890974551439285, -0.023371458053588867, -0.027563223615288734, 0.020958833396434784, -0.02911323495209217, -0.007574832066893578, 0.011746381409466267, -0.03684980794787407, 0.022697540000081062, 0.003966004122048616, -0.002800127025693655, -0.01901795156300068, 0.01632228121161461, 0.014758792705833912, 0.022104492411017418, -0.007561353966593742, -0.018344033509492874, 0.0204466562718153, 0.0028776274994015694, -0.019166212528944016, 0.019880564883351326, -0.016470542177557945, 0.02625582367181778, -0.005536231677979231, -0.004747748374938965, -0.01256182137876749, -0.05531514436006546, 0.02245493046939373, -0.015864016488194466, -0.009320278652012348, -0.012312471866607666, 0.0051857950165867805, -0.0038143726997077465, 0.0019375126576051116, -0.014799227006733418, -0.0061697144992649555, 0.028735840693116188, -0.00027335775666870177, -0.02707800269126892, 0.014947488903999329, 0.02033882960677147, 0.0102907195687294, -0.01249442994594574, -0.018047509714961052, -0.0008676687139086425, -0.012292254716157913, 0.008727231062948704, 0.007972443476319313, -0.012245080433785915, -0.02234710194170475, -0.007999400608241558, -0.04531421139836311, 0.02485407516360283, 0.010351371951401234, 0.005768733564764261, 0.005007206927984953, -0.01920664682984352, 0.005805798806250095, -0.004565790761262178, -0.009111364372074604, -0.03132368251681328, -0.006806566379964352, 0.033561088144779205, -0.021538401022553444, 0.013727698475122452, 0.002095883246511221, 0.00797918252646923, 0.014165745116770267, 0.009070929139852524, 0.024018418043851852, -0.0023789287079125643, -0.004215353634208441, -0.014597051776945591, 0.010196371003985405, -0.002009958727285266, 0.025527993217110634, 0.037631548941135406, 0.01078941859304905, -0.003787416033446789, -0.009091146290302277, -0.02589190937578678, 0.004090678878128529, -0.017414027824997902, -0.011079203337430954, 0.01907186396420002, -0.0029837696347385645, -0.012184428051114082, -0.0037335027009248734, -0.00033548453939147294, 0.016780544072389603, -0.0006242160452529788, 0.012662908993661404, -0.0224818866699934, -0.00033127254573628306, -0.030002804473042488, -0.02126883529126644, 0.01907186396420002, -0.04234897345304489, -0.008262228220701218, 0.0015525373164564371, -0.024449724704027176, 0.028466273099184036, 0.02155188098549843, -0.010769200511276722, -0.02895149402320385, -0.01994795724749565, -0.006830153521150351, -0.005327317398041487, -0.01249442994594574, 0.01120050810277462, -0.0431576743721962, 0.03569066897034645, 5.2307575970189646e-05, 0.018694469705224037, 0.0008360788342542946, 0.027873225510120392, 0.014731835573911667, -0.007096350658684969, 0.01513618603348732, 0.0264175646007061, 0.004373724106699228, 0.007291786838322878, 0.008976580575108528, 0.005115033593028784, -0.005266665015369654, 0.005981017369776964, 0.010984854772686958, -0.012817909941077232, -0.0008087009773589671, -0.003918829839676619, 0.018788818269968033, 0.005977647844702005, -0.007945487275719643, -0.023371458053588867, 0.025662776082754135, 0.023074934259057045, 0.012972910888493061, -0.006489824969321489, -0.0016317226691171527, -0.0028877363074570894, -0.006843631621450186, -0.05925082415342331, 0.007130046840757132, 0.009650497697293758, -0.007810703478753567, 0.018397945910692215, -0.013653567992150784, -0.004026656970381737, 0.009198972955346107, 0.008774405345320702, 0.005253186449408531, 0.015567493624985218, 0.013033563271164894, -0.009252886287868023, 0.011908121407032013, -0.005522753577679396, 0.02385667711496353, -0.012305732816457748, -0.013963569886982441, 0.025770602747797966, 0.013121172785758972, -0.013963569886982441, 0.016443585976958275, 0.02506972849369049, 0.019988391548395157, 0.0029450193978846073, -0.004276006482541561, 0.012595517560839653, -0.030002804473042488, -0.021255357190966606, 0.013586175628006458, 0.017710551619529724, -0.012238341383635998, 0.007750050630420446, -0.030649766325950623, 0.04919597506523132, -0.0007716355030424893, -0.004778074566274881, -0.01692880690097809, -0.0021127313375473022, -0.01452966034412384, -0.01899099349975586, -0.003996330313384533, -0.0047376397997140884, -0.00728504778817296, -0.002837192500010133, -0.025743646547198296, -0.012197906151413918, 0.020352307707071304, 0.000772477884311229, 0.0711117684841156, 0.023654501885175705, -0.008302663452923298, -0.003760459367185831, 0.017157938331365585, 0.01513618603348732, 0.007999400608241558, 0.007925269193947315, -0.026215389370918274, -0.014758792705833912, 0.030784549191594124, 0.004124375060200691, 0.021282313391566277, -0.005216121207922697, -0.004501768387854099, -0.0007122465176507831, -0.022886237129569054, 0.021592315286397934, -0.026794958859682083, 0.00011719845497282222, 0.02031187154352665, -0.008841796778142452, 0.02914019115269184, -0.014960967935621738, -0.019988391548395157, 0.012676387093961239, 0.008538533933460712, 0.005660906434059143, -0.0019762630108743906, -0.012999868020415306, -0.0057114502415061, 0.01730620115995407, 0.006429172586649656, -0.014907054603099823, 0.008039834909141064, -0.007473744451999664, -0.010809635743498802, 0.055746451020240784, 0.02094535529613495, 0.02163274958729744, 0.009205712005496025, 0.021807968616485596, -0.022684061899781227, -0.017346635460853577, 0.009697671979665756, 0.0017083807615563273, -0.03647241368889809, 0.008504838682711124, -0.031108029186725616]"
12392,"Updating documents from a MongoDB collection to another<p>I'm trying to backup some data that i stored on a collection to another collection hosted on a single db.
I came up with a very simple solution, which works but very slowly, so i was trying to find a faster way to do this. Here is what i tried:</p>
<pre><code>def updater():
    COL1= DB1.WData.find({})
    for x in COL1:
        Values = {&quot;$set&quot;: {&quot;datetime&quot;: x['datetime'], &quot;amount&quot;: x['amount']}}
        Query = {&quot;datetime&quot;: x['datetime'], &quot;price&quot;: x['price']}
        DB2['COL2'].update_one(Query, Values, upsert=True)
</code></pre>
<p>As i said, this works but very slowly; and since i have around 23k records i was trying to find a way to speed it up. Any advice is appreciated</p>
",@SureshKumar it's because in the 1st loop you made: `i < array1.length - Str2.length()`. I have no idea why would you do it. It should be `i < array1.length`.,"Embed Field: Updating documents from a MongoDB collection to another<p>I'm trying to backup some data that i stored on a collection to another collection hosted on a single db.
I came up with a very simple solution, which works but very slowly, so i was trying to find a faster way to do this. Here is what i tried:</p>
<pre><code>def updater():
    COL1= DB1.WData.find({})
    for x in COL1:
        Values = {&quot;$set&quot;: {&quot;datetime&quot;: x['datetime'], &quot;amount&quot;: x['amount']}}
        Query = {&quot;datetime&quot;: x['datetime'], &quot;price&quot;: x['price']}
        DB2['COL2'].update_one(Query, Values, upsert=True)
</code></pre>
<p>As i said, this works but very slowly; and since i have around 23k records i was trying to find a way to speed it up. Any advice is appreciated</p>; Answer: @SureshKumar it's because in the 1st loop you made: `i < array1.length - Str2.length()`. I have no idea why would you do it. It should be `i < array1.length`.","[-0.02704029344022274, 0.015999186784029007, 0.012138272635638714, -0.014013177715241909, -0.014172891154885292, 0.036081500351428986, 0.0055587454698979855, -0.022998832166194916, -0.005940670613199472, -0.024179328233003616, 0.0038678592536598444, 0.02274884469807148, 0.021693343296647072, -0.0020051065366715193, 0.006301763467490673, -0.011048049665987492, 0.008964822627604008, 0.0041977036744356155, -0.008353742770850658, -0.017887979745864868, -0.0071524144150316715, 0.020637840032577515, -0.026234779506921768, 0.020540622994303703, -0.0037150890566408634, 0.0017759514739736915, 0.03227613866329193, -0.008117643184959888, 0.01397845707833767, 0.01394373644143343, 0.004169926978647709, -0.0003756319638341665, -0.003624815959483385, -0.0507752001285553, -0.02072116918861866, -0.0262625552713871, -0.008180140517652035, -0.015235337428748608, 0.027554156258702278, -0.008200972341001034, 0.031553953886032104, -0.008180140517652035, -0.003197754267603159, -0.004958081524819136, -0.004478939343243837, 0.012443812564015388, 0.011735514737665653, -0.01987399160861969, -0.0013402097392827272, -0.002426960039883852, 0.009624511003494263, 0.019554562866687775, -0.034998223185539246, -0.007062141317874193, 0.0018453923985362053, -0.041359011083841324, 0.055108312517404556, 0.048830851912498474, -0.007777382619678974, 0.007416290231049061, 0.005048354621976614, 0.022318311035633087, -0.010902224108576775, -0.011159155517816544, -0.03438714146614075, -0.020373964682221413, -0.00647189375013113, -0.0008246108773164451, 0.02687363512814045, 0.0028366614133119583, 0.017457446083426476, 0.013700692914426327, -0.013304879888892174, 0.010686957277357578, 0.013082669116556644, 0.0016917543252930045, -0.013325712643563747, 0.003975492436438799, 0.006433701142668724, 0.010832782834768295, 0.014457599259912968, -0.02579035609960556, -0.025748692452907562, -0.004458107054233551, 0.030109582468867302, 0.01397845707833767, -0.0019026811933144927, 0.03813695162534714, -0.0002853587793651968, -0.001433954923413694, 0.012297987006604671, 0.020735058933496475, 0.022832173854112625, 0.013659028336405754, 0.017790762707591057, 0.034692682325839996, -0.0047254543751478195, 0.05310841277241707, 0.004867808427661657, -0.0448310561478138, -0.026207001879811287, -0.01017309445887804, -0.020637840032577515, -0.022387752309441566, -0.026109784841537476, -0.004121318459510803, 0.030415121465921402, -0.03447047248482704, 0.007117694243788719, 0.017735211178660393, 0.009645343758165836, 0.01449926383793354, -0.0002356651093577966, 0.005131683778017759, -0.002718611853197217, -0.02916518598794937, 0.018096303567290306, -0.030359569936990738, -0.006458005402237177, -0.006416340824216604, 0.008277357555925846, -0.0022620379459112883, 0.014471487142145634, -0.030304016545414925, 0.008242636919021606, -0.022012770175933838, -0.01228409819304943, -0.0021127399522811174, 0.01017309445887804, -0.019137917086482048, 0.02697085216641426, 0.026040343567728996, 0.020207306370139122, 0.019832326099276543, -0.007312128785997629, 0.007562115788459778, 0.013527090661227703, 0.01751299947500229, -0.016304727643728256, -0.031109530478715897, 0.010193927213549614, 0.019221246242523193, -0.0025502177886664867, -0.010013380087912083, -0.04966414347290993, 0.013672917149960995, -0.008548176847398281, 4.464833909878507e-05, 0.012422979809343815, -0.00429144874215126, 0.032331690192222595, 0.011145267635583878, -0.01815185509622097, 0.0014374270103871822, -0.0010919584892690182, 0.012034110724925995, 0.017721321433782578, 0.00412479043006897, 0.01567975990474224, -0.006138577125966549, 0.034526024013757706, -0.0040102130733430386, -0.00954812578856945, -0.01716579496860504, -0.018193520605564117, 0.035442642867565155, 0.0076523893512785435, -0.005079603288322687, -0.03008180484175682, -0.009964771568775177, 0.0036387040745466948, 0.019179580733180046, -0.01335348840802908, 0.011770235374569893, 0.019346239045262337, -0.004819199908524752, 0.003961604554206133, -0.0001469109411118552, -0.009846721775829792, -0.034081604331731796, -0.029359620064496994, -7.231620838865638e-05, -0.01115221157670021, 0.027665261179208755, -0.012603526934981346, -0.037331435829401016, -0.009645343758165836, -0.027068069204688072, -0.0017082465346902609, 0.010499467141926289, 0.007950984872877598, 0.016374168917536736, 0.00214572437107563, -0.012832681648433208, -0.5875257253646851, -0.005892062094062567, -0.014860356226563454, -0.008700947277247906, -0.015332554467022419, -0.01767965778708458, 0.010027268901467323, -0.004117846488952637, -0.03533153980970383, 0.02673475258052349, -0.006628135684877634, 0.015207560732960701, 0.007562115788459778, -0.0046976781450212, -0.003095329040661454, -0.019290687516331673, 0.02079061046242714, -0.037636976689100266, -0.029720712453126907, 0.0004665561718866229, -0.020373964682221413, 0.01933235116302967, 0.017790762707591057, 0.01902681216597557, -0.012166048400104046, -0.025637587532401085, -0.028720764443278313, 0.0035484309773892164, 0.030026253312826157, 0.02842911146581173, -0.04935860633850098, 0.02838744781911373, 0.016846366226673126, -0.03688701614737511, 0.04810866713523865, 0.00881899707019329, -0.01751299947500229, 0.0072079673409461975, 0.0005316570168361068, 0.03749809414148331, -0.0077148862183094025, -0.014402046799659729, 0.014832580462098122, -0.003491142066195607, -0.022165540605783463, -0.001213480019941926, 0.028415223583579063, 0.007506563328206539, -0.0047254543751478195, -0.040609050542116165, -0.004284504801034927, 0.006707992870360613, -0.01649916172027588, -0.00452060392126441, 0.008437071926891804, 0.015596429817378521, 0.011839676648378372, -0.014020121656358242, 0.029109632596373558, -0.006155937444418669, 0.020540622994303703, 0.031109530478715897, -0.03938688710331917, 0.011145267635583878, -0.0274847149848938, 0.0008710495312698185, -0.00824958086013794, 0.01137442234903574, 0.0035588471218943596, -0.016610268503427505, 0.015763089060783386, -0.01315210945904255, 0.00526362145319581, 0.0027168758679181337, 0.01662415638566017, 9.320273238699883e-05, -0.009742560796439648, -0.009478685446083546, -0.02602645568549633, 0.02927629090845585, 0.0164297204464674, 0.013263215310871601, -0.047608692198991776, -0.012110495939850807, 0.012631302699446678, 0.008145419880747795, -0.014054842293262482, -0.014457599259912968, -0.011041105724871159, 0.003597039496526122, 0.017263012006878853, 0.02960960753262043, -0.0009956092108041048, -0.032192811369895935, 0.009923106990754604, 0.004614348988980055, 0.012902122922241688, 0.009964771568775177, 0.0187907125800848, -0.0197073332965374, -0.024720966815948486, 0.004551852121949196, 0.004881696775555611, 0.010728621855378151, 0.022429415956139565, -0.01137442234903574, -0.022290535271167755, 0.007812103256583214, 0.009110648185014725, -0.019679555669426918, -0.0025901461485773325, -0.025609809905290604, -0.024429315701127052, 0.014443711377680302, -0.0018540725577622652, -0.034831564873456955, 0.0011405671248212457, -0.013568755239248276, -0.002465152647346258, -0.0038574431091547012, 0.013402096927165985, 0.021693343296647072, 0.010548075661063194, -0.004652541596442461, -0.0058156768791377544, 0.019957320764660835, 0.011936893686652184, -0.018901817500591278, -0.004826143849641085, -0.006850346457213163, 0.007374625653028488, -0.017040802165865898, 0.02156834863126278, -0.02345714159309864, 0.004378249868750572, -0.005600410047918558, 0.016110293567180634, -0.015221449546515942, 0.004565740469843149, -0.02011008933186531, 0.001878376817330718, 0.0016500898636877537, 0.03255390375852585, -0.00744406646117568, 0.02102671004831791, -0.04110902175307274, -0.03913690149784088, 0.0008076846715994179, -0.02781803160905838, 0.006617719307541847, -0.004471994936466217, -0.03135951980948448, -0.007763494737446308, 0.011082770302891731, -0.002854021731764078, -0.013853463344275951, 0.022429415956139565, -0.015304778702557087, -0.013395152986049652, -0.031109530478715897, -0.01368680503219366, 0.03999796882271767, -0.016485273838043213, -0.0030988010112196207, -0.021415580064058304, -0.018915705382823944, -0.024929288774728775, 0.0247765202075243, -0.005312230437994003, -0.030026253312826157, 0.004694206174463034, 0.0006549146492034197, -0.0031665058340877295, -0.009166201576590538, 0.008319022133946419, -0.015165896154940128, -0.029831819236278534, 0.00981894601136446, -0.011075826361775398, -0.012096608057618141, 0.0049060010351240635, 0.018735159188508987, 0.016304727643728256, -0.02842911146581173, 0.014749251306056976, 0.010068933479487896, 0.015971411019563675, 0.0001758808211889118, -0.04160899668931961, 0.040775708854198456, 0.029831819236278534, -0.008680114522576332, -0.004048405680805445, -0.027401385828852654, 0.0018679606728255749, -0.003065816592425108, 0.012686856091022491, -0.009443964809179306, 0.02470707893371582, 0.03147062286734581, 0.039497993886470795, -0.00391299556940794, 0.0052948701195418835, -0.015860306099057198, -0.005353895016014576, -0.03005402907729149, 5.913328277529217e-05, -0.02217942848801613, 0.01886015385389328, -0.004086597822606564, 0.013325712643563747, -0.025498704984784126, -0.011166099458932877, -0.011277205310761929, 0.019443457946181297, 0.03008180484175682, -0.006801737938076258, -0.008492624387145042, -0.001724738860502839, 0.0040796538814902306, -0.004315753001719713, 0.014360382221639156, 0.013818742707371712, 0.0024582084733992815, 0.0026700033340603113, -0.006555222440510988, 0.019249022006988525, 0.020068425685167313, 0.020221196115016937, -0.012485477142035961, 0.004281032830476761, 0.018818488344550133, 0.024387650191783905, -0.007256575860083103, 0.033109430223703384, -0.00965228769928217, 0.020776722580194473, -0.0006210622377693653, 0.006773961707949638, -0.02163778990507126, -0.029359620064496994, 0.037331435829401016, 0.01567975990474224, -0.020429518073797226, 0.02105448581278324, 0.00069093715865165, 0.01984621398150921, 0.02308216132223606, -0.009687008336186409, 0.029220737516880035, -0.0009148840908892453, -0.011707738973200321, -0.00880510825663805, -0.028581881895661354, 0.0036734244786202908, -0.01426316425204277, 0.0022793980315327644, 0.005090019199997187, 0.0027759007643908262, 0.02694307640194893, 0.008853716775774956, -0.023026607930660248, 0.025165388360619545, -0.012568806298077106, 0.012402147985994816, 0.014846468344330788, 0.00273770815692842, -0.01754077523946762, 0.011423030868172646, -0.011402199044823647, -0.0036178717855364084, -0.046692073345184326, 0.000337873469106853, -0.0489419586956501, 0.025970904156565666, 0.021165592595934868, 0.017457446083426476, 0.013214606791734695, 0.019124029204249382, 0.02781803160905838, -0.02217942848801613, -0.011811899952590466, 0.002124892082065344, -0.010923056863248348, 0.0003320144023746252, -0.008277357555925846, -0.052886202931404114, 0.013735413551330566, 0.023609912022948265, 0.03238724544644356, 0.008124587126076221, 0.019957320764660835, 0.004610877018421888, -0.0038574431091547012, -0.01039530523121357, 0.021151702851057053, 0.05266399309039116, -0.008596785366535187, 0.020304525271058083, -0.0013428137172013521, -0.014221499674022198, 0.03838694095611572, 0.008173195645213127, -0.01534644328057766, 0.05688599869608879, 0.008957878686487675, 0.024151550605893135, -0.015263114124536514, 0.001111922669224441, 0.0013940264470875263, -0.0052254293113946915, -0.016276951879262924, -0.012263266369700432, 0.015027014538645744, -0.032053928822278976, -0.007707941811531782, -0.005971918813884258, -0.003683840623125434, 0.0166935957968235, 0.021512797102332115, -0.017735211178660393, -0.03541486710309982, -0.034831564873456955, 0.006458005402237177, 0.01767965778708458, 0.01961011439561844, -0.0007677561370655894, 0.001332397572696209, -0.009999492205679417, -0.012749352492392063, -0.02220720611512661, -0.034053824841976166, 0.011499416083097458, -0.021610014140605927, -0.02308216132223606, -0.0020589232444763184, 0.0028644378762692213, -0.0012195560848340392, 0.00492683332413435, 0.0048573920503258705, -0.016874143853783607, -0.034053824841976166, -0.010443913750350475, -0.03602594882249832, -0.005892062094062567, -0.0005984939052723348, 0.040303509682416916, 0.05424724519252777, 0.013679861091077328, -0.0077287741005420685, 0.02916518598794937, 0.008923158049583435, 0.021373914554715157, -0.020096201449632645, -0.0238598994910717, 0.013478482142090797, 0.0211933683604002, 0.023498807102441788, -0.016679707914590836, 0.03772030770778656, 0.001647485769353807, 0.005270565859973431, 0.024512644857168198, 0.0048573920503258705, 0.0010659181280061603, 0.001284656929783523, -0.0021301002707332373, 0.00763850100338459, 0.026720864698290825, -0.05116406828165054, -0.00926341861486435, 0.008305134251713753, -0.016707485541701317, -0.010068933479487896, -0.00904120784252882, 0.012339651584625244, -0.03424826264381409, -0.0035119743552058935, 0.03413715586066246, 0.009138424880802631, 0.016749149188399315, -0.021887777373194695, -0.0019321935251355171, -0.024276545271277428, -0.006992700509727001, -0.001230840221978724, 0.03585929051041603, 0.019179580733180046, -0.0001508169953012839, -0.023248819634318352, -0.024623749777674675, 0.028442999348044395, -0.01358958799391985, 0.02522094175219536, 0.002312382683157921, -0.02265162765979767, 0.0011214708210900426, 0.014047897420823574, 0.035164881497621536, 0.027540268376469612, -0.000503012677654624, -0.010166150517761707, -0.015999186784029007, -0.009131480939686298, -0.02342936582863331, -0.0274847149848938, 0.005083075258880854, -0.023540470749139786, -0.013679861091077328, 0.006600359454751015, -0.010464746505022049, 0.005030994303524494, -0.01294378750026226, 0.05283065140247345, -0.006565638817846775, -0.0007247895700857043, 0.012485477142035961, 0.004999746102839708, 0.01808241568505764, 0.014665922150015831, 0.02501261793076992, 0.038859136402606964, 0.006996172480285168, 0.0014252748806029558, 0.013846519403159618, 0.013089613057672977, -0.020304525271058083, 0.006280931178480387, -9.130395483225584e-05, 0.00883982889354229, 0.019957320764660835, 0.00413173483684659, 0.0006123820785433054, -0.010256423614919186, 0.02017953060567379, -0.016040852293372154, 0.02798468992114067, -0.006294819060713053, -0.0010520298965275288, 6.803040014347062e-05, -0.006787849590182304, 0.011888285167515278, -0.0094161881133914, 0.030192911624908447, 0.011103603057563305, -0.028915198519825935, 0.027318056672811508, -0.0009817209793254733, -0.021068373695015907, -0.004371305927634239, -0.007881544530391693, -0.006273986771702766, -0.002010314492508769, 0.0033366361167281866, 0.013242383487522602, 0.008645393885672092, 0.026290331035852432, -0.026998629793524742, -0.050275225192308426, 0.012478533200919628, 0.014485375955700874, 0.008221805095672607, 0.007846823893487453, -0.011770235374569893, 0.010971665382385254, -0.005006690043956041, 0.0316372811794281, -0.014527040533721447, -0.00877038761973381, -0.019665667787194252, -0.016638044267892838, 0.012825737707316875, 0.02974849008023739, 0.012214657850563526, 0.028915198519825935, 0.008270413614809513, -0.0316372811794281, -0.021929441019892693, -0.035609301179647446, -0.025429263710975647, -0.0072774081490933895, 0.03963687643408775, 0.02102671004831791, 0.03324831277132034, 0.025637587532401085, -0.011388310231268406, 0.010492522269487381, -0.024387650191783905, 0.009693952277302742, 0.015790864825248718, 0.0022394696716219187, -0.015540877357125282, -0.004062293563038111, -0.015707535669207573, 0.010846671648323536, 0.012138272635638714, 0.010575851425528526, 0.0013827423099428415, 0.007874599657952785, 0.026651425287127495, -0.015457548201084137, 0.004433802794665098, -0.018499061465263367, -0.023262707516551018, -0.052136242389678955, 0.023790458217263222, 0.0036803686525672674, -0.0082148602232337, -0.04258117079734802, -0.000865841459017247, 0.006982284132391214, -0.020207306370139122, 0.017249124124646187, 0.007242687977850437, 0.01591585762798786, 0.023262707516551018, 0.01370763685554266, -0.01636028103530407, -0.003189074108377099, -0.023637687787413597, 0.006301763467490673, -0.028915198519825935, 0.011270261369645596, 1.9679448087117635e-05, -0.02927629090845585, 0.004478939343243837, 0.009409244172275066, 0.00824958086013794, -0.015582541935145855, 0.007610724773257971, -0.0027047237381339073, -0.034609355032444, -0.012360483407974243, -0.009527293965220451, 0.006051775999367237, -0.027387497946619987, -0.0166935957968235, -0.020804498344659805, 0.01154108066111803, 0.025776468217372894, -0.006034415680915117, 0.024276545271277428, -0.0019634419586509466, -0.00881899707019329, 0.021915553137660027, -0.02062395215034485, 0.056802671402692795, 0.012068831361830235, 0.044331081211566925, 0.039359111338853836, 0.006041360087692738, 0.00015862910368014127, 0.013360432349145412, 0.0054893046617507935, 0.005034466739743948, 0.017415782436728477, 0.052747320383787155, -0.03055400401353836, -0.025193165987730026, -0.013582644052803516, -0.024623749777674675, 0.006114272866398096, -0.011679962277412415, 0.04530325531959534, 0.0026283387560397387, -0.020165642723441124, -0.011381366290152073, 0.009978660382330418, -0.04158122092485428, -0.01777687482535839, 0.010256423614919186, 0.03383161500096321, 0.010714733973145485, -0.008735667914152145, -0.02883186936378479, 0.009923106990754604, 0.004669901914894581, 0.01916569285094738, -0.007034365087747574, 0.005673322826623917, -0.02416544035077095, -0.019360128790140152, -0.01465203333646059, 0.015693647786974907, 0.0010129694128409028, 0.0002985959581565112, -0.033887166529893875, -0.011735514737665653, -0.006048304028809071, 0.004628237336874008, -0.014540928415954113, -0.008034314028918743, -0.015526989474892616, 0.027068069204688072, -0.04052571952342987, 0.0038053623866289854, -0.002277662046253681, -0.0005924178403802216, 0.00824958086013794, -0.007944040931761265, -0.014568704180419445, -0.0224155280739069, -0.009062039665877819, 0.007388513535261154, 0.021929441019892693, 0.021235032007098198, 0.008652338758111, 0.018749047070741653, 0.0038296666461974382, 0.012874346226453781, -0.011770235374569893, -0.0038018901832401752, 0.0005663774791173637, -0.04835865646600723, -0.01331876777112484, -0.017263012006878853, 0.007812103256583214, 0.00883982889354229, -0.015304778702557087, 0.01472147461026907, 0.030776215717196465, 0.0185268372297287, 0.010471690446138382, 0.005697627551853657, -0.0003838780685327947, -0.006614247336983681, -0.01572142355144024, -0.014763139188289642, -0.011270261369645596, -0.006426757201552391, 0.022637739777565002, -0.012749352492392063, -0.031720612198114395, -0.005996223073452711, -0.00587122980505228, -0.0033644125796854496, -0.020568400621414185, -0.017429670318961143, -0.0066316076554358006, 0.01004115678369999, 0.0274847149848938, -0.03191504627466202, -0.026151450350880623, -0.0025502177886664867, -0.008513456210494041, 0.015943635255098343, 0.0031612978782504797, -0.015999186784029007, -0.00028839681181125343, 0.0024391121696680784, 0.015027014538645744, -0.019415680319070816, -0.05108074098825455, 0.015318666584789753, -0.011117490939795971, 0.012096608057618141, -0.008999543264508247, -0.004246312193572521, -0.01277712918817997, -0.0016874143620952964, -0.01118693221360445, 0.02690141089260578, -0.004621292930096388, -0.010652236640453339, -0.0033105958718806505, 0.025207053869962692, 0.007909320294857025, 0.012791017070412636, -0.02348491922020912, -0.011145267635583878, -0.024762632325291634, -0.025512592867016792, -0.01040919404476881, -0.012818793766200542, -0.01683247834444046, -0.008312078192830086, 0.010548075661063194, -0.02338770031929016, -0.037942517548799515, 0.010464746505022049, -0.03663702681660652, -0.00747878709807992, 0.006735769100487232, 0.009666175581514835, 0.04877530038356781, 0.04988635703921318, 0.018360178917646408, 0.037137001752853394, 0.015360331162810326, 0.028776315972208977, -0.0274847149848938, 0.018207408487796783, -0.025568146258592606, 0.013228494673967361, 0.012631302699446678, 0.008978710509836674, -0.047136496752500534, -0.0013844782952219248, -0.0075343395583331585, 0.014061786234378815, 0.02694307640194893, 0.015207560732960701, 0.0067496574483811855, -0.003296707523986697, -0.009832833893597126, -0.0033453162759542465, 0.004840032197535038, 0.019082363694906235, 0.002081491518765688, -0.017457446083426476, -0.011110546998679638, 0.0075273956172168255, -0.0036803686525672674, 0.015638094395399094, -0.001612765365280211, 0.005989279132336378, -0.0016960944049060345, 0.003791474038735032, -0.005274037830531597, -0.011853564530611038, 0.00489211268723011, -0.02659587189555168, 0.03441491723060608, -0.009770337492227554, 0.014790915884077549, 0.04477550461888313, -0.0006514426204375923, 0.013811798766255379, -0.029220737516880035, 0.043553344905376434, 0.00429144874215126, -0.032942771911621094, 0.004364361520856619, -0.004784479271620512, -0.002446056343615055, -0.010978609323501587, 0.015304778702557087, -0.027623597532510757, 0.005478888284415007, 0.0006748789455741644, -0.025637587532401085, -0.02072116918861866, 0.006767017301172018, -0.02515150047838688, -0.044164422899484634, -0.023165490478277206, 0.008985654450953007, 0.01916569285094738, -0.0046490696258842945, -0.04160899668931961, -0.007937096990644932, -0.0051143234595656395, 0.006864234805107117, -0.010645292699337006, -0.003011999884620309, -0.03722033277153969, -7.638501119799912e-05, 0.010881392285227776, -0.017804650589823723, -0.011853564530611038, 0.20921160280704498, 0.003836610820144415, 0.02977626584470272, 0.030887320637702942, 0.010200871154665947, 0.010832782834768295, 0.005319174379110336, 0.008694003336131573, -0.005808732938021421, 0.01472147461026907, -0.006558694876730442, -0.001878376817330718, -0.014818691648542881, -0.008103755302727222, 0.003227266715839505, 0.025943126529455185, -0.03480378910899162, -0.037164781242609024, -0.011666074395179749, -0.0005386011325754225, 0.011666074395179749, -0.0030449843034148216, -0.0161241814494133, -0.033414971083402634, -0.004138678777962923, -0.015526989474892616, 0.004430330358445644, -0.0038227224722504616, 0.025276493281126022, 0.008270413614809513, -0.021151702851057053, -0.004760175012052059, 0.009916163049638271, -0.020137866958975792, -0.030915096402168274, -0.00881899707019329, 0.02572091668844223, -0.015332554467022419, 0.00011067146260756999, 0.01195078156888485, -0.01902681216597557, -0.016415832564234734, -0.02751249261200428, -0.009187033399939537, -0.010846671648323536, -0.0026283387560397387, -0.004027573391795158, 0.016582490876317024, -0.0057462360709905624, 0.03649814799427986, -0.004805311560630798, -0.010388361290097237, 0.008256524801254272, 0.008082922548055649, -0.02140169031918049, -0.03869247809052467, 0.022623851895332336, 0.004347001668065786, -0.005093491170555353, 0.03102620132267475, -0.0033453162759542465, 0.020026760175824165, -0.007555171847343445, -0.001541588339023292, -0.019360128790140152, 0.00795792881399393, 0.0038643870502710342, 0.01174245961010456, 0.013381265103816986, -0.003614399814978242, 0.01066612545400858, -0.004770590923726559, 0.006850346457213163, -0.00107980624306947, 0.003385244868695736, -0.004624765366315842, 0.017762986943125725, 0.0034338533878326416, 0.015790864825248718, 0.01848517172038555, -0.02772081457078457, -0.022387752309441566, -0.019721221178770065, 0.007832936011254787, -0.020151754841208458, 0.009992548264563084, -0.005631658248603344, -0.02187388949096203, -0.024109886959195137, -0.002614450640976429, -0.0024773047771304846, 0.00430186465382576, 0.003392188809812069, -0.003102272981777787, -0.019665667787194252, -0.0050691869109869, 0.02647087723016739, 0.03174838796257973, -0.016943583264946938, -0.023332148790359497, -0.027387497946619987, 0.0018349762540310621, 0.016651932150125504, 0.021679455414414406, -0.005805260967463255, 0.010520298965275288, -0.00547541631385684, 0.023748794570565224, 0.0011952518252655864, -0.024415425956249237, 0.027331944555044174, -0.019554562866687775, 0.009485629387199879, -0.01183273270726204, 0.0033800366800278425, 0.017221348360180855, 0.018332403153181076, -0.013013227842748165, 0.01238826010376215, -0.003546694992110133, 0.028609657660126686, -0.04297003895044327, 0.001591065083630383, 2.8780004868167453e-05, -0.005513608921319246, -0.016874143853783607, -0.025734804570674896, 0.004298392683267593, 0.01037447340786457, -0.003906051628291607, 0.0263042189180851, -0.021623902022838593, 0.005579577758908272, -0.03055400401353836, -0.017124131321907043, 0.004558796063065529, -0.0016275214729830623, -0.02034618891775608, 0.00293214269913733, 0.008548176847398281, -0.005659434944391251, 0.006353843957185745, 0.03369273245334625, 0.0008753895526751876, -0.00118309969548136, -0.0199712086468935, 0.015596429817378521, 0.0026995157822966576, 0.0009322443511337042, -0.012638246640563011, 0.0014218027936294675, 0.004770590923726559, 0.017388006672263145, -0.024970954284071922, 0.013929848559200764, -0.02899852767586708, -0.0072843520902097225, -0.04538658261299133, 0.011395255103707314, -0.005697627551853657, -0.014054842293262482, 0.0026127146556973457, 0.006267042830586433, -0.0197073332965374, 0.0005155988037586212, -0.02308216132223606, -0.17554664611816406, 0.013415985740721226, 0.05063631758093834, -0.021915553137660027, 0.0008254789281636477, 0.0004969365545548499, 0.001958234002813697, -0.0032810834236443043, -0.02737361006438732, 0.006510085891932249, -0.015763089060783386, 0.009943939745426178, -0.037803635001182556, -0.030609557405114174, -0.013242383487522602, 0.012603526934981346, -0.007971817627549171, -0.017040802165865898, 0.02944294922053814, 0.03194282203912735, 0.021860001608729362, -0.036859240382909775, 0.012686856091022491, -0.027304168790578842, 0.00024564724299125373, 0.017693545669317245, 0.01281184982508421, 0.006714936811476946, -0.014360382221639156, -0.0235960241407156, -0.013700692914426327, 0.015582541935145855, 0.010568907484412193, -0.020262859761714935, 0.016749149188399315, 0.0049198889173567295, -0.016638044267892838, -0.00919397734105587, 0.010520298965275288, 0.0070760296657681465, 0.0113397017121315, 0.031581729650497437, -0.016471385955810547, 0.021623902022838593, 0.0014782235957682133, 0.031387295573949814, 0.016415832564234734, -0.02173500694334507, 9.732578473631293e-05, -0.015457548201084137, 0.00707255769520998, -0.013957624323666096, -0.016401944682002068, 0.017415782436728477, 0.020429518073797226, 0.010235591791570187, 0.006242738571017981, 0.008673170581459999, -0.02234608680009842, -0.0047879512421786785, 0.0014730155235156417, 0.010645292699337006, 0.0027949970681220293, -0.01763799414038658, -0.04852531477808952, -0.005662906914949417, -0.024693191051483154, 0.013346544466912746, -0.0010338017018511891, 0.01869349554181099, -0.006280931178480387, 0.032803889364004135, -0.012867402285337448, -6.255108019104227e-05, 0.0030415121000260115, -0.01645749807357788, -0.0027047237381339073, 0.02383212372660637, 0.011554968543350697, -0.00036326280678622425, -0.023026607930660248, 0.042636722326278687, -0.010825838893651962, 0.03144284710288048, -0.013124333694577217, 0.030665108934044838, 0.0028488137759268284, -0.0022186373826116323, -0.009964771568775177, -0.0041977036744356155, 0.03847026824951172, -0.04705316573381424, -0.016332503408193588, -0.00897176656872034, -0.004110902547836304, 0.015901969745755196, -0.014596480876207352, 0.0352204330265522, 0.0002647434885147959, 0.011096659116446972, 0.008207916282117367, 0.009978660382330418, -0.03813695162534714, -0.0034772539511322975, 0.02991514839231968, 0.023679353296756744, 0.0033973969984799623, -0.005961502902209759, 0.024512644857168198, 0.0008510852348990738, -0.010492522269487381, 0.009298139251768589, 0.004572684410959482, 0.025332046672701836, 0.006753129418939352, 0.044497739523649216, 0.01652693934738636, 0.016707485541701317, 0.0066385515965521336, -0.014860356226563454, 0.026512542739510536, -0.017360229045152664, -0.01626306213438511, -0.00373939354903996, -0.01774909906089306, -0.0026196585968136787, -0.09099537879228592, -0.0164297204464674, 0.007124638184905052, 0.010152262635529041, -0.030026253312826157, -0.0024321682285517454, -0.01296461932361126, 0.013013227842748165, -0.03213725611567497, 0.021276697516441345, -0.02176278457045555, -0.03727588430047035, 0.0038748031947761774, 0.02362379990518093, 0.02338770031929016, -0.002018994651734829, -0.01916569285094738, 0.016888031736016273, -0.016540827229619026, 0.019860101863741875, 0.001630125567317009, 0.01794353313744068, 0.013534034602344036, -0.0035762072075158358, -0.0054198638536036015, 0.024429315701127052, -0.022901615127921104, 0.025443151593208313, 0.017110241577029228, -0.013381265103816986, -0.001763799344189465, -0.0023905036505311728, -0.00667674420401454, -0.0029095744248479605, -0.02079061046242714, -0.005402503535151482, -0.03488711640238762, -0.021846113726496696, 0.019137917086482048, -0.03302609920501709, 0.0019200413953512907, 0.02883186936378479, 0.005541385151445866, 0.02510983683168888, 0.001271636807359755, -0.019526787102222443, -0.0049129449762403965, 0.024512644857168198, 0.005586521700024605, -0.026748642325401306, -0.001651825848966837, 0.00799264945089817, -0.02758193202316761, -0.017485223710536957, 0.026651425287127495, 0.01274240855127573, 0.01017309445887804, 0.0033626763615757227, -0.013992344960570335, 0.020068425685167313, -0.024429315701127052, 0.0072010233998298645, -0.02315160259604454, 0.034609355032444, -0.0013202454429119825, 0.01144386362284422, 0.0010971665615215898, -0.0026717393193393946, -0.011249428614974022, 0.004607405047863722, -0.0239015631377697, 0.004596988670527935, -0.05266399309039116, 0.019429568201303482, -0.029248515143990517, 0.025332046672701836, 0.003711617086082697, -0.030637333169579506, 0.017971308901906013, 0.00848568044602871, 0.0007543019601143897, 0.006846874486654997, -0.018276849761605263, -0.0436088964343071, 0.02204054780304432, -0.00978422537446022, -0.0016405417118221521, -0.0013141693780198693, 0.025457041338086128, -0.046830955892801285, -9.445050091017038e-05, -0.0016596378991380334, 0.022054435685276985, -0.05705265700817108, 0.007298240438103676, 0.029665160924196243, -0.03072066232562065, 0.014596480876207352, -0.018804600462317467, -0.008103755302727222, -0.012825737707316875, -0.009325915016233921, -0.057274870574474335, 0.011360534466803074, 0.009124536998569965, -0.00806209072470665, 0.023179378360509872, -0.026109784841537476, -0.023846011608839035, -0.0046004606410861015, -0.004558796063065529, 0.008374574594199657, -0.01805463805794716, 0.02588757500052452, -0.018596278503537178, -0.00848568044602871, 0.0047115664929151535, 0.021040597930550575, 0.04035906121134758, 0.00373939354903996, 0.006041360087692738, 0.023721016943454742, -0.0003500256279949099, -0.006197602022439241, 0.005388615187257528, 0.020665617659687996, -0.004357417579740286, -0.0077843270264565945, 0.036553699523210526, 0.032803889364004135, -0.005485832691192627, -0.04530325531959534, 0.0007087313570082188, -0.019512897357344627, -0.0007582080434076488, 0.007867655716836452, 0.04677540063858032, -0.011582745239138603, 0.00549277663230896, 0.024040445685386658, 0.009846721775829792, -0.009964771568775177, -0.020526735112071037, -0.023873787373304367, 0.023373812437057495, -0.012478533200919628, -0.026290331035852432, 0.018874041736125946, -0.0098536666482687, 0.011679962277412415, 0.0027047237381339073, 0.002286342205479741, 0.05019189417362213, 0.023776570335030556, -0.016332503408193588, -0.006145521067082882, -0.0043435292318463326, -0.0271791759878397, 2.5945406378014013e-05, 0.013436817564070225, 0.0016717901453375816, 0.0059476145543158054, 0.030359569936990738, -0.0012785808648914099, 0.008791220374405384, 0.02315160259604454, 0.004895584657788277, -0.02406822144985199, 0.018915705382823944, -0.027873585000634193, 0.02409599907696247, -0.026207001879811287, -0.00605871994048357, -0.01511034369468689, 0.02517927624285221, -0.004631709307432175, 0.007051725406199694, 0.004027573391795158, -0.028859645128250122, -0.008270413614809513, -0.0018662246875464916, 0.022332198917865753, 0.040942367166280746, -0.0238598994910717, -0.02588757500052452, -0.0015988771338015795, 0.032498348504304886, 0.040303509682416916, -0.002508553210645914, 0.026762530207633972, 0.021485019475221634, 0.014943685382604599, -0.006555222440510988, 0.0137215256690979, -0.004954609554260969, 0.005961502902209759, 0.003916468005627394, 0.00974950473755598, -0.024901513010263443, -0.016846366226673126, 0.01699913665652275, 0.00048695443547330797, 0.010263367556035519, 0.017790762707591057, -0.006961451843380928, -0.00763850100338459, -0.019374016672372818, -0.007930153049528599, -0.019596226513385773, -0.007221855688840151, 0.0016848102677613497, 0.030137358233332634, -0.02258218638598919, -0.016332503408193588, -0.01770743355154991, 0.018665717914700508, 0.005173348356038332, -0.0025536897592246532, 0.010457802563905716, -0.030803991481661797, -0.019443457946181297, 0.016346391290426254, -0.0034772539511322975, 0.0007378097507171333, 0.024345986545085907, -0.012214657850563526, 0.032359469681978226, 0.02633199654519558, -0.025234829634428024, -0.013284048065543175, 0.015096455812454224, 0.02062395215034485, 0.012047999538481236, -0.013728469610214233, -0.015582541935145855, -0.029665160924196243, -0.001664845971390605, -0.045747678726911545, -0.006999644450843334, 0.008749555796384811, -0.012534085661172867, 0.07510729879140854, 0.002624866785481572, -0.01747133582830429, -0.012235489673912525, 0.0004704622260760516, -0.0019686499144881964, 0.008624562062323093, 0.0009009959176182747, 0.0011466431897133589, -0.019596226513385773, 0.009492573328316212, -0.0017950477777048945, -0.01352014672011137, -0.03916467726230621, -0.01414511539041996, 0.010277255438268185, 0.026623647660017014, 0.021179480478167534, 0.01315210945904255, -0.011895229108631611, 0.027068069204688072, 0.021276697516441345, 0.013575699180364609, 0.009291195310652256, 0.025707028806209564, -0.005749708041548729, 0.007569060195237398, 0.00036651783739216626, -0.03005402907729149, -0.03649814799427986, 0.00430186465382576, 0.017040802165865898, -0.00902731902897358, -0.007326016668230295, -0.010193927213549614, 0.008735667914152145, -0.0005242789047770202, 0.0009114120621234179, 0.020776722580194473, 0.024359874427318573, -0.024554308503866196, 0.027429163455963135, -0.024818183854222298, -0.008860660716891289, -0.0164297204464674, -0.005058770999312401, -0.02048507146537304, -0.007291296496987343, -0.029720712453126907]","[-0.024746349081397057, 0.019934935495257378, 0.01386660523712635, -0.012900267727673054, -0.011089229956269264, 0.029382066801190376, 0.008278066292405128, -0.024719318374991417, -0.0034767878241837025, -0.0243679229170084, 0.011055441573262215, 0.022475793957710266, 0.015610067173838615, 0.0048654754646122456, -0.0006892757373861969, -0.002926043001934886, 0.016758861020207405, 0.007000878918915987, -0.008906523697078228, -0.016718314960598946, -0.004858717788010836, 0.006994121242314577, -0.027584543451666832, 0.015772249549627304, -0.0012729638256132603, -0.005760858301073313, 0.026057325303554535, -0.001657302607782185, 0.019137537106871605, 6.161034980323166e-05, 0.010940562933683395, -0.010481045581400394, -0.0031118770129978657, -0.04614092782139778, -0.014231516048312187, -0.023394828662276268, -0.007730700075626373, -0.010298590175807476, 0.02543562464416027, -0.01436666864901781, 0.020151177421212196, -0.017042679712176323, 0.0027131785172969103, -0.002557753585278988, -0.007379304617643356, 0.010656743310391903, 0.014691033400595188, -0.025949202477931976, 0.0014689343515783548, -0.0031118770129978657, 0.005460144951939583, 0.022651491686701775, -0.03370693325996399, -0.014082849025726318, 0.0032166200689971447, -0.031976986676454544, 0.05173622444272041, 0.04654638469219208, -0.012143416330218315, 0.013961211778223515, 0.010690530762076378, 0.02209736779332161, -0.010176952928304672, -0.012386689893901348, -0.041059207171201706, -0.02666550874710083, -0.009116008877754211, -0.0091768279671669, 0.029733462259173393, 0.008460521697998047, 0.024962592869997025, 0.014380183070898056, -0.009426859207451344, 0.008014519698917866, 0.015542491339147091, 0.0028500198386609554, -0.013832817785441875, 0.011420352384448051, -0.006162935867905617, 0.013021904975175858, 0.015001882798969746, -0.02548968605697155, -0.016420980915427208, -0.0051830830052495, 0.027435876429080963, 0.017880622297525406, -0.003096672473475337, 0.028598183766007423, -0.0014900518581271172, -0.00725766783580184, 0.011406837031245232, 0.020218754187226295, 0.020516088232398033, 0.008244277909398079, 0.01756977289915085, 0.032950080931186676, -0.004848581738770008, 0.04827633127570152, 0.002507071476429701, -0.04908724129199982, -0.017596803605556488, -0.0050276583060622215, -0.023624587804079056, -0.016866981983184814, -0.026300597935914993, -0.007723942399024963, 0.027152057737112045, -0.03578827530145645, 0.008615946397185326, 0.011041926220059395, 0.005129022058099508, 0.014082849025726318, 0.009852588176727295, -0.00022321214783005416, -0.00029078818624839187, -0.027260178700089455, 0.025273442268371582, -0.02434089407324791, -0.006159557029604912, -0.010562136769294739, 0.012515084818005562, -0.0038011528085917234, 0.014001757837831974, -0.029679400846362114, 0.007919913157820702, -0.022259550169110298, -0.013069207780063152, -0.010291832499206066, 0.003218309488147497, -0.01508297398686409, 0.017731955274939537, 0.034220512956380844, 0.01982681266963482, 0.02539508044719696, -0.006206860300153494, 0.005017521791160107, 0.014339637942612171, 0.009528223425149918, -0.016610193997621536, -0.027111511677503586, 0.007318486459553242, 0.020191723480820656, -0.0031321500428020954, -0.00525403767824173, -0.048195239156484604, 0.017826562747359276, -0.006206860300153494, -0.0006947662914171815, 0.01713728718459606, -0.0027064208406955004, 0.026341143995523453, 0.009460646659135818, -0.017934683710336685, 0.0009080531890504062, -0.004128896631300449, 0.004848581738770008, 0.029571279883384705, 0.004395822063088417, 0.014596426859498024, -0.008926795795559883, 0.029273945838212967, -0.005493932869285345, -0.004061320796608925, -0.015947947278618813, -0.019813297316432, 0.03622076287865639, 0.006058192811906338, -0.005061446223407984, -0.022597430273890495, -0.016488555818796158, -0.003116945270448923, 0.02315155416727066, -0.006818423513323069, 0.015150550752878189, 0.018110381439328194, -0.005470281466841698, 0.0015179270412772894, 0.00145288510248065, -0.0029834825545549393, -0.02425980195403099, -0.01961056888103485, 0.009048433043062687, -0.01727243885397911, 0.01844826154410839, -0.010798652656376362, -0.03803180158138275, -0.008480794727802277, -0.022205490618944168, -0.00549055403098464, 0.01511000469326973, 0.010670258663594723, 0.01282593421638012, -0.0006119856261648238, -0.016556132584810257, -0.6093738079071045, -0.0024327377323061228, -0.02077287808060646, -0.0034396210685372353, -0.007568517699837685, -0.011913658119738102, 0.015691159293055534, 0.0029953084886074066, -0.03946441411972046, 0.022502824664115906, -0.00016492779832333326, 0.009386313147842884, 0.004284321796149015, -0.00932549498975277, -0.005605433136224747, -0.02678714692592621, 0.018880749121308327, -0.028544124215841293, -0.03124716505408287, 0.004929672926664352, -0.015285702422261238, 0.017853591591119766, 0.013447633944451809, 0.013393573462963104, -0.0045208376832306385, -0.020313359797000885, -0.025719445198774338, 0.005085097625851631, 0.028138667345046997, 0.03367990255355835, -0.04784384369850159, 0.030679527670145035, 0.01754274219274521, -0.03251759707927704, 0.04949269816279411, 0.006565013434737921, -0.015001882798969746, 0.0031186346895992756, 0.00041559271630831063, 0.036518096923828125, -0.0032115518115460873, -0.007730700075626373, 0.017826562747359276, 0.0025391699746251106, -0.016515586525201797, -0.0026641858275979757, 0.027341270819306374, 0.010366166010499, -0.000987455016002059, -0.034112390130758286, -0.0035038182977586985, -0.0011226071510463953, -0.012021779082715511, -0.021421607583761215, 0.009156554937362671, 0.016731830313801765, 0.013508452102541924, -0.0132719362154603, 0.02543562464416027, -0.016556132584810257, 0.01740759052336216, 0.020407967269420624, -0.03722088783979416, 0.008399702608585358, -0.0277332104742527, 0.008886250667273998, -0.00582505576312542, 0.008845704607665539, -0.002302653854712844, -0.01508297398686409, 0.011913658119738102, -0.016961589455604553, 0.006007510703057051, 0.006196723785251379, 0.0198808740824461, 0.0009823868749663234, -0.004797899629920721, -0.011555504985153675, -0.015380308963358402, 0.023705678060650826, 0.01982681266963482, 0.01222450751811266, -0.049303486943244934, -0.014731578528881073, 0.025759991258382797, 0.014218000695109367, -0.016934558749198914, -0.021786518394947052, -0.007277940399944782, 0.013211118057370186, 0.015947947278618813, 0.030733587220311165, 0.004720187280327082, -0.03568015620112419, 0.010717561468482018, 0.006223754025995731, 0.006740711163729429, 0.005010764114558697, 0.012947571463882923, -0.027219632640480995, -0.02332725189626217, 0.0068792421370744705, 0.0035274699330329895, 0.0014892072649672627, 0.01977275311946869, -0.016420980915427208, -0.02553023211658001, 0.006625831592828035, 0.009386313147842884, -0.01727243885397911, -0.0077171847224235535, -0.027206117287278175, -0.015812795609235764, 0.015637097880244255, 0.008440248668193817, -0.03205807879567146, 0.006298088002949953, -0.013677392154932022, -0.01223126519471407, -0.010440499521791935, 0.011278443038463593, 0.013028662651777267, 0.011792020872235298, -0.009116008877754211, -0.00022278979304246604, 0.005787888541817665, 0.019340265542268753, -0.017704924568533897, 0.0033331885933876038, -0.01038643904030323, 0.00978501234203577, -0.0244354996830225, 0.011177078820765018, -0.019151052460074425, 0.005666251759976149, -0.020259300246834755, 0.0091768279671669, -0.014582911506295204, 0.00016154898912645876, -0.012913783080875874, 0.0010339135769754648, 0.002594920340925455, 0.02911176159977913, -0.0116230808198452, 0.03008485771715641, -0.0390859879553318, -0.01977275311946869, -0.003655864391475916, -0.02420574054121971, 0.00806858018040657, -0.011792020872235298, -0.03819398209452629, -0.009656617417931557, 0.010474287904798985, 0.003652485553175211, -0.01279890350997448, 0.01839420013129711, -0.014380183070898056, -0.003716682782396674, -0.02643575146794319, -0.01267050951719284, 0.02667902410030365, -0.0024665258824825287, -0.0008506135200150311, -0.025124775245785713, -0.025746475905179977, -0.02442198432981968, 0.025124775245785713, -0.014299091883003712, -0.03238244354724884, -0.0011141601717099547, -0.0033298099879175425, 0.010420226491987705, -0.008784886449575424, 0.009717435576021671, -0.009197100065648556, -0.029517218470573425, 0.009116008877754211, -0.0046728840097785, -0.010764865204691887, 0.00867676455527544, 0.028760366141796112, 0.015055944211781025, -0.029760492965579033, 0.023813800886273384, 0.008244277909398079, 0.010643227957189083, -0.004635717254132032, -0.044708315283060074, 0.04062671959400177, 0.02558429352939129, -0.010595924220979214, -0.0005541236023418605, -0.03932926058769226, 0.006122390273958445, -0.002547617070376873, 0.007460395805537701, -0.007622578646987677, 0.02913879230618477, 0.020407967269420624, 0.03930222988128662, 0.0011977854883298278, -0.001496809534728527, -0.021367546170949936, -0.007325243670493364, -0.02663847990334034, -0.002731761895120144, -0.028490062803030014, 0.014772124588489532, -0.011177078820765018, 0.011731202714145184, -0.020218754187226295, -0.008460521697998047, -0.011717687360942364, 0.02293531224131584, 0.025259926915168762, -0.013325996696949005, -0.006352148950099945, -0.002523965435102582, 0.007933428511023521, 0.007345516700297594, 0.009433616884052753, 0.02417871169745922, -0.004142411984503269, -0.0005414530751295388, -0.013778756372630596, 0.022854220122098923, 0.018259048461914062, 0.03016594797372818, -0.002755413530394435, 0.008453764021396637, 0.01608310081064701, 0.016677768900990486, -0.012515084818005562, 0.029598310589790344, -0.007075212430208921, 0.00933901034295559, -0.008514582179486752, -0.0016919353511184454, -0.021110758185386658, -0.03340959921479225, 0.030463283881545067, 0.020462028682231903, -0.0253545343875885, 0.010933805257081985, -0.00010157524957321584, 0.016002008691430092, 0.021529730409383774, -0.0017721819458529353, 0.030787648633122444, -0.0014081159606575966, -0.006220375653356314, -0.013961211778223515, -0.024867987260222435, 0.004956703167408705, -0.022489309310913086, 0.0019174704793840647, 0.0011699104215949774, 0.008386188186705112, 0.02432737872004509, 0.007906397804617882, -0.015745218843221664, 0.023935437202453613, -0.015231641940772533, 0.014866731129586697, 0.008953826501965523, 0.003123702947050333, -0.017975229769945145, 0.014461275190114975, -0.00869027990847826, 0.0019968722481280565, -0.051519982516765594, 0.004243775736540556, -0.05643951892852783, 0.028517093509435654, 0.01850232295691967, 0.01606958545744419, 0.012596176005899906, 0.018015775829553604, 0.025030169636011124, -0.025286957621574402, -0.006122390273958445, -8.124964369926602e-05, -0.005875737406313419, 0.00042805203702300787, -0.01331923995167017, -0.044708315283060074, 0.021691912785172462, 0.020489057525992393, 0.025841081514954567, 0.00810236856341362, 0.015839826315641403, 0.0033331885933876038, -0.0010651674820110202, -0.007561760023236275, 0.017921168357133865, 0.0557367280125618, -0.0021742593962699175, 0.014353153295814991, 0.0031321500428020954, -0.00724415248259902, 0.02655738778412342, 0.00291252788156271, -0.0265438724309206, 0.05346617102622986, 0.009487677365541458, 0.024705804884433746, -0.0161101296544075, 0.0030713314190506935, -0.000508932105731219, -0.0021337138023227453, -0.013636847026646137, -0.01451533567160368, 0.011920414865016937, -0.031030923128128052, -0.014069333672523499, -0.0044667767360806465, 0.00033534615067765117, 0.030598435550928116, 0.026124900206923485, -0.010224256664514542, -0.031057951971888542, -0.031868863850831985, 0.001824553357437253, 0.004507322330027819, 0.009872861206531525, -0.001342229312285781, -0.0008708863751962781, -0.010562136769294739, -0.0075212144292891026, -0.012589418329298496, -0.02763860486447811, 0.010940562933683395, -0.015637097880244255, -0.01497485302388668, 0.00609873840585351, 0.0006812510546296835, 0.007129273377358913, 0.0009131213882938027, 0.0016091547440737486, -0.013062450103461742, -0.030598435550928116, -0.020421482622623444, -0.04314054921269417, -0.0018904400058090687, 0.00032964441925287247, 0.038707561790943146, 0.05430411547422409, 0.01281917653977871, -0.0037842588499188423, 0.029436128214001656, -0.0017941441619768739, 0.020407967269420624, -0.021313486620783806, -0.02542210929095745, 0.0037977739702910185, 0.011785263195633888, 0.026935813948512077, -0.00822400487959385, 0.0351395457983017, 0.0026489810552448034, -0.00035540779936127365, 0.022529855370521545, 0.006575149483978748, 0.01556952204555273, 0.0020272815600037575, -0.004943188279867172, 0.0010575652122497559, 0.01974572241306305, -0.05584484711289406, -0.011440625414252281, 0.020543118938803673, -0.018880749121308327, -0.015961462631821632, -0.006203481461852789, 0.005990616977214813, -0.0367073118686676, -0.009616072289645672, 0.03005782701075077, 0.001419941778294742, 0.017096741124987602, -0.023624587804079056, -0.004247154574841261, -0.018002260476350784, -0.001412339392118156, 0.004909399896860123, 0.030517343431711197, 0.01852935366332531, 0.00805506482720375, -0.02644926682114601, -0.03138231858611107, 0.03859943896532059, -0.01329220924526453, 0.023881375789642334, -0.0003940528549719602, -0.015542491339147091, 0.009014644660055637, 0.011143290437757969, 0.037680406123399734, 0.026300597935914993, 0.002645602449774742, -0.006200102623552084, -0.027084480971097946, 0.003096672473475337, -0.03011188842356205, -0.028057575225830078, -0.0014942754060029984, -0.0256248377263546, -0.012758358381688595, 0.009656617417931557, -0.00977149698883295, 0.0008138690609484911, -0.01629934273660183, 0.05681794136762619, -0.006139283999800682, 0.001633650972507894, 0.016596678644418716, 0.006842074915766716, 0.015339763835072517, 0.011210866272449493, 0.030706556513905525, 0.03581530600786209, 0.007798276375979185, -0.000411791552323848, 0.017718439921736717, 0.02307046391069889, -0.01390715129673481, 0.0003370355407241732, -0.008832190185785294, 0.003909274470061064, 0.02197573147714138, 0.007406335324048996, -0.000917344877962023, -0.005608811974525452, 0.02304343320429325, -0.018840203061699867, 0.022205490618944168, -0.00665624113753438, -0.00036174303386360407, 0.005088476464152336, -0.0032132412306964397, 0.013494937680661678, -0.010886501520872116, 0.026935813948512077, 0.010710803791880608, -0.029517218470573425, 0.014285577461123466, 0.009433616884052753, -0.02454362064599991, -0.008913281373679638, -0.008615946397185326, -0.0037876376882195473, -0.007075212430208921, 0.00525403767824173, 0.02423277124762535, 0.0035071969032287598, 0.021786518394947052, -0.02197573147714138, -0.03905895724892616, 0.019137537106871605, 0.011224381625652313, 0.007852337323129177, 0.006946817971765995, -0.020543118938803673, 0.012461023405194283, -0.004493807442486286, 0.028030546382069588, -0.005514205899089575, -0.011197351850569248, -0.02069178596138954, -0.016880497336387634, -0.005304719787091017, 0.03259868547320366, 0.01636691950261593, 0.036382947117090225, 0.004760732874274254, -0.03386911749839783, -0.02565186843276024, -0.03576124459505081, -0.02075936272740364, 0.004216745495796204, 0.04024829715490341, 0.0231785848736763, 0.02331373654305935, 0.028084605932235718, -0.0041761999018490314, 0.017596803605556488, -0.021191848441958427, 0.0052168709225952625, 0.010737834498286247, -0.0013574338518083096, -0.003986986819654703, -0.006122390273958445, -0.010859470814466476, 0.012278567999601364, 0.0121839614585042, 0.005186461843550205, 0.003557879012078047, -0.00036385480780154467, 0.02658441849052906, -0.011224381625652313, 0.0027368299197405577, -0.018853718414902687, -0.018921293318271637, -0.051628101617097855, 0.01842123083770275, 0.01223802287131548, -0.005436493083834648, -0.04287024587392807, -0.003223377512767911, 0.00979177001863718, -0.022732583805918694, 0.02685472182929516, 0.00810236856341362, 0.012886752374470234, 0.019961964339017868, 0.0036828946322202682, -0.010710803791880608, 0.008872735314071178, -0.023638103157281876, 0.0067744990810751915, -0.03335553780198097, 0.01639395020902157, -0.007737457752227783, -0.0347340889275074, 0.009656617417931557, 0.01555600669234991, 0.014677518047392368, -0.012893510051071644, 0.0011395011097192764, 0.001469779061153531, -0.0394914448261261, -0.015326248481869698, -0.004402579739689827, -0.004936430603265762, -0.02300288714468479, -0.011177078820765018, -0.01342736091464758, 0.008845704607665539, 0.022583916783332825, -0.004801278468221426, 0.023381313309073448, 0.0021134410053491592, -0.014718064107000828, 0.02539508044719696, -0.013961211778223515, 0.04962785169482231, 0.006531225051730871, 0.050357673317193985, 0.02903067134320736, 0.0075212144292891026, -0.012940813787281513, 0.00639945175498724, -0.00011213401012355462, -0.0011623080354183912, 0.021110758185386658, 0.05925068259239197, -0.03705870732665062, -0.024976108223199844, -0.012474538758397102, -0.026138415560126305, -0.00363559159450233, -0.013947696425020695, 0.03327444568276405, 0.004074835684150457, -0.01447478961199522, -0.007973973639309406, 0.003110187826678157, -0.03267977759242058, -0.010271559469401836, 0.007142788730561733, 0.03586936742067337, 0.018691536039114, 0.0012425546301528811, -0.03022000938653946, 0.009974225424230099, 0.010900016874074936, 0.021435122936964035, -0.01834014058113098, 0.002464836463332176, -0.02311100997030735, -0.02084045298397541, -0.027530482038855553, 0.024705804884433746, 0.0034125905949622393, -0.0006989897810854018, -0.022637976333498955, -0.015637097880244255, 0.0006994121358729899, 0.01096083503216505, -0.017934683710336685, -0.00663596810773015, -0.011778505519032478, 0.021178334951400757, -0.03478815034031868, -0.0003744135610759258, 0.0037301979027688503, -0.000639438396319747, 0.00870379526168108, -0.004534353036433458, -0.014204485341906548, -0.012988116592168808, -0.015731705352663994, 0.011852839030325413, 0.011852839030325413, 0.021394576877355576, 0.008751098066568375, 0.011690656654536724, 0.00581829808652401, 0.0035274699330329895, -0.020002510398626328, 0.0015272187301889062, 0.005159431602805853, -0.048870999366045, -0.014190970920026302, -0.01839420013129711, 0.0038518349174410105, 0.0046289595775306225, -0.01385308988392353, 0.013690907508134842, 0.031084982678294182, 0.017799532040953636, 0.017961714416742325, 0.02217845991253853, 0.004693156573921442, -0.010751349851489067, -0.018272563815116882, -0.014420729130506516, -0.01390715129673481, -0.014880246482789516, 0.02316506952047348, -0.01508297398686409, -0.03681543096899986, 0.0017189658246934414, -8.468123996863142e-05, -0.006044677924364805, -0.015772249549627304, -0.010832441039383411, -0.0021472289226949215, 0.009386313147842884, 0.031706683337688446, -0.02655738778412342, -0.026395205408334732, 0.001131898839958012, -0.014096364378929138, 0.012035294435918331, 0.0026168825570493937, -0.005868980195373297, 0.003191279014572501, 0.0034092117566615343, 0.022786643356084824, -0.014299091883003712, -0.03146341070532799, 0.006311602890491486, -0.021624336019158363, 0.018880749121308327, -0.0013912218855693936, -0.0007319331052713096, -0.008156429044902325, -0.0025357913691550493, -0.006750847212970257, 0.02662496455013752, 0.00405118428170681, -0.014028787612915039, -0.004916157573461533, 0.023448890075087547, 0.012623205780982971, 0.012420478276908398, -0.02069178596138954, -0.007142788730561733, -0.022448763251304626, -0.021124273538589478, -0.010548621416091919, -0.018894264474511147, -0.012927298434078693, -0.012406962923705578, 0.007034666836261749, -0.024935562163591385, -0.028381941840052605, 0.008595673367381096, -0.03622076287865639, 0.0003526625223457813, 0.004554625600576401, 0.004899263847619295, 0.0442487969994545, 0.044735345989465714, 0.011683898977935314, 0.031976986676454544, 0.020110633224248886, 0.025043684989213943, -0.028517093509435654, 0.01982681266963482, -0.022732583805918694, 0.0037572283763438463, 0.01270429790019989, 0.010872986167669296, -0.037437133491039276, -0.0011420352384448051, 0.0004700759018305689, 0.00029839048511348665, 0.021543243899941444, 0.012102870270609856, 0.0039329263381659985, 0.0010356029961258173, -0.00918358564376831, -0.005858843680471182, 0.004132275469601154, 0.02185409516096115, 0.004003881011158228, -0.021245909854769707, -0.016704799607396126, 0.009980982169508934, 0.0020070087630301714, 0.012021779082715511, 0.003421037457883358, 0.008406460285186768, -0.003949820064008236, -0.007399577647447586, -0.007352274376899004, -0.016556132584810257, 0.005612190812826157, -0.019921420142054558, 0.024922046810388565, -0.01601552404463291, 0.010555379092693329, 0.036491066217422485, 0.005142537411302328, 0.007345516700297594, -0.0145288510248065, 0.04414067417383194, 0.004720187280327082, -0.03232838213443756, 0.0035916671622544527, -0.007669881917536259, -0.0024884880986064672, -0.0020103876013308764, 0.010487803258001804, -0.028652245178818703, 0.014569396153092384, -0.0009021402802318335, -0.017894137650728226, -0.018056320026516914, 0.005439871922135353, -0.022583916783332825, -0.04968191310763359, -0.015880372375249863, 0.007811791263520718, 0.01513703539967537, -0.00403091125190258, -0.050411734730005264, -0.010028285905718803, -0.017610318958759308, -0.0010626333532854915, -0.006862347945570946, -0.0033669767435640097, -0.041221391409635544, -0.005335129331797361, 0.010460772551596165, -0.010920289903879166, -0.006913030054420233, 0.20694489777088165, 0.01386660523712635, 0.024638228118419647, 0.022205490618944168, 0.017718439921736717, 0.018799657002091408, 0.015664128586649895, 0.01158929243683815, -0.00874434132128954, 0.020110633224248886, -0.011177078820765018, -0.006605559028685093, -0.005612190812826157, -0.004307973198592663, -0.005034415517002344, 0.019042931497097015, -0.031030923128128052, -0.04170793667435646, -0.015731705352663994, 0.0034903029445558786, 0.01512352004647255, 0.0004966839915141463, -0.009636344388127327, -0.02913879230618477, -0.001804280560463667, -0.018988870084285736, 0.0009688716381788254, -0.01206908281892538, 0.02415168099105358, 0.005460144951939583, -0.020137662068009377, -0.007460395805537701, 0.01392066664993763, -0.01330572459846735, -0.02442198432981968, -0.013562513515353203, 0.023557011038064957, -0.02423277124762535, 0.002839883556589484, 0.006135905161499977, -0.024949077516794205, -0.01973220705986023, -0.03019297868013382, -0.014745093882083893, -0.01388012059032917, 0.0007484047673642635, -0.0015618514735251665, 0.019029416143894196, -0.005906146951019764, 0.032950080931186676, -0.007642851211130619, -0.01281917653977871, 0.0010972660966217518, 0.012143416330218315, -0.022543370723724365, -0.03381505608558655, 0.019191598519682884, 0.011062199249863625, -0.012765116058290005, 0.03570718318223953, -0.004801278468221426, 0.01159605011343956, -0.002226630924269557, 0.005385810974985361, -0.01739407517015934, 0.003581530647352338, 0.008386188186705112, 0.00976473931223154, 0.017191346734762192, -0.0034970606211572886, 0.01206232514232397, -0.008142913691699505, 0.008183459751307964, 0.0005718623287975788, 0.008561885915696621, -0.0005275155417621136, 0.013508452102541924, 0.008534855209290981, 0.014123394154012203, 0.013657120056450367, -0.018056320026516914, -0.020326875150203705, -0.015799280256032944, 0.0020914787892252207, -0.015312733128666878, 0.008886250667273998, -0.006625831592828035, -0.019394326955080032, -0.02084045298397541, 0.00232292665168643, 0.0005414530751295388, 0.002627018839120865, -0.0009215683676302433, -0.010589167475700378, -0.013454391621053219, 0.0017291022231802344, 0.018867233768105507, 0.0207999087870121, -0.011109502986073494, -0.027070965617895126, -0.027125027030706406, -0.0017535984516143799, 0.01609661430120468, 0.013799029402434826, -0.0038991381879895926, 0.0010499628260731697, -0.008548370562493801, 0.015623582527041435, -0.0017721819458529353, -0.01858341321349144, 0.028408970683813095, -0.0231785848736763, 0.014015273191034794, -0.015866857022047043, 0.007359032053500414, 0.02332725189626217, 0.015366793610155582, -0.017069710418581963, 0.004409337416291237, -0.006848832592368126, 0.03140934929251671, -0.04973597452044487, -0.012420478276908398, -0.004716808442026377, 0.004139033146202564, -0.015866857022047043, -0.022962341085076332, 0.0005832657916471362, 0.012582660652697086, -0.009007887914776802, 0.033139295876026154, -0.022300096228718758, 0.013589543290436268, -0.02323264628648758, -0.021637851372361183, 6.0818445490440354e-05, -0.005693282000720501, -0.015474915504455566, -0.010089104063808918, 0.004642474465072155, -0.006767741404473782, 0.018083350732922554, 0.03151746839284897, -0.006135905161499977, -0.004098487552255392, -0.011271685361862183, 0.01269078254699707, -0.0014326123055070639, 0.004456640686839819, -0.01269754022359848, 0.0002038896200247109, 0.008960584178566933, 0.024530107155442238, -0.023408344015479088, 0.019813297316432, -0.021259425207972527, -0.002537480788305402, -0.04743838682770729, 0.015393824316561222, -3.9331371226580814e-05, -0.018150927498936653, -0.0004713429370895028, 0.01436666864901781, -0.020299846306443214, 0.006017647217959166, -0.026949329301714897, -0.16964291036128998, 0.015731705352663994, 0.047059960663318634, -0.020353905856609344, 0.0016885565128177404, 0.004493807442486286, 0.010082346387207508, 0.0006732263718731701, -0.020489057525992393, -0.0019799782894551754, -0.02069178596138954, 0.012596176005899906, -0.0351395457983017, -0.025111259892582893, -0.02078639343380928, 0.007000878918915987, -0.0019597054924815893, -0.01755625754594803, 0.021205363795161247, 0.028003515675663948, 0.021381061524152756, -0.037572283297777176, 0.015353278256952763, -0.02566538378596306, -0.0010229324689134955, 0.009947194717824459, 0.0020509331952780485, 0.0012814108049497008, -0.016975102946162224, -0.022543370723724365, -0.009845830500125885, 0.010589167475700378, 0.000316340388962999, -0.013197602704167366, 0.015042428858578205, 0.01038643904030323, -0.018705051392316818, -0.0015762114198878407, 0.005645979195833206, 0.013839575462043285, 0.006149420514702797, 0.036437004804611206, -0.012994874268770218, 0.018948324024677277, -0.0028381941374391317, 0.04270806536078453, 0.01096759270876646, -0.021272940561175346, -0.00868352223187685, -0.013778756372630596, 0.014866731129586697, -0.012913783080875874, -0.009393070824444294, 0.017029164358973503, 0.0220568235963583, 0.00027431652415543795, 0.01329220924526453, 0.010285074822604656, -0.01986735872924328, -0.006967091001570225, 0.014718064107000828, 0.0071225157007575035, 0.00433162460103631, -0.009507950395345688, -0.044708315283060074, -0.009474162012338638, -0.02301640249788761, 0.006294709164649248, -0.007832064293324947, 0.012278567999601364, -0.009730950929224491, 0.037572283297777176, -0.01728595420718193, 0.0033821812830865383, -0.0012695849873125553, -0.012366416864097118, -0.001241709920577705, 0.02302991785109043, 0.014339637942612171, 0.004753975197672844, -0.015042428858578205, 0.0311660747975111, -0.01496133767068386, 0.02558429352939129, -0.013589543290436268, 0.03395020589232445, 0.0012670509750023484, -0.0017958335811272264, -0.014109879732131958, -0.002819610759615898, 0.04130248352885246, -0.03327444568276405, -0.016569647938013077, -0.005808161571621895, -0.00748066883534193, 0.017731955274939537, -0.00992692168802023, 0.03338256850838661, 0.008028035052120686, 0.00548379635438323, 0.010210741311311722, 0.0164480097591877, -0.0443839505314827, -0.0070684547536075115, 0.028490062803030014, 0.022827189415693283, 0.0020543120335787535, -0.00809561088681221, 0.01265699416399002, -0.0067744990810751915, -0.010568894445896149, 0.012602933682501316, 0.00867676455527544, 0.02881442755460739, 0.003277438459917903, 0.045519229024648666, 0.01282593421638012, 0.015285702422261238, 0.0003991210542153567, -0.015623582527041435, 0.027489937841892242, -0.02086748369038105, -0.016988618299365044, -0.004307973198592663, -0.007095485460013151, -0.0013016837183386087, -0.09552550315856934, -0.014285577461123466, 0.007919913157820702, 0.0017012270400300622, -0.02323264628648758, 0.004186336416751146, -0.013204360380768776, 0.02085396833717823, -0.03238244354724884, 0.018110381439328194, -0.01632637344300747, -0.03822101280093193, 0.005297962110489607, 0.0174346212297678, 0.030760617926716805, 0.0027587921358644962, -0.01739407517015934, 0.02185409516096115, -0.008818674832582474, 0.012582660652697086, 0.010122892446815968, 0.015285702422261238, 0.018069835379719734, 0.0033230523113161325, -0.00804830715060234, 0.020678270608186722, -0.02088099904358387, 0.03481518104672432, 0.012325871735811234, -0.011143290437757969, -0.00275203469209373, 0.0017079847166314721, -0.0031220135278999805, -0.0011023343540728092, -0.018772626295685768, -0.002936179284006357, -0.03957253322005272, -0.025746475905179977, 0.01950244791805744, -0.02913879230618477, 0.006987363565713167, 0.02674660086631775, 0.006051435135304928, 0.020597180351614952, 0.004824929870665073, -0.023854345083236694, 0.0061325267888605595, 0.01979978196322918, 0.0013751726364716887, -0.017880622297525406, -0.0034429996740072966, 0.007095485460013151, -0.028246788308024406, -0.015231641940772533, 0.03149043768644333, 0.01738055981695652, 0.00042826321441680193, 0.013177329674363136, -0.015447884798049927, 0.02096209116280079, -0.018056320026516914, 0.006953575648367405, -0.022313611581921577, 0.032004017382860184, 0.004774247761815786, 0.014420729130506516, 0.0014165629399940372, -0.0029919296503067017, -0.010075588710606098, -0.009048433043062687, -0.019205113872885704, 0.0009925232734531164, -0.05557454377412796, 0.01331248227506876, -0.022759614512324333, 0.0371127650141716, 0.004564762115478516, -0.02431386336684227, 0.013231391087174416, 0.009886376559734344, -0.0009224130772054195, 0.009460646659135818, -0.02189463935792446, -0.03678840026259422, 0.01034589298069477, -0.014272062107920647, -0.004378927871584892, 0.002196221612393856, 0.020029541105031967, -0.05584484711289406, -2.6677362257032655e-06, 0.0005579247372224927, 0.02204330824315548, -0.05468254163861275, 0.010075588710606098, 0.028138667345046997, -0.02671957015991211, 0.014623457565903664, -0.016988618299365044, -0.013799029402434826, -0.01559655275195837, 0.0012332629412412643, -0.05089827999472618, 0.0012113007251173258, 0.019394326955080032, -0.012900267727673054, 0.03165262192487717, -0.02553023211658001, -0.02104318141937256, -0.0010972660966217518, -0.005010764114558697, 0.00201545562595129, -0.024976108223199844, 0.025057200342416763, -0.017002133652567863, -0.012981358915567398, 0.005801403895020485, 0.021678397431969643, 0.04257291182875633, -0.0028635351918637753, 0.00289901252835989, 0.012623205780982971, 0.0018532731337472796, -0.007095485460013151, 0.008474037051200867, 0.021745972335338593, 0.002226630924269557, 0.004047805443406105, 0.03259868547320366, 0.036518096923828125, -0.009379555471241474, -0.042329639196395874, 0.006159557029604912, -0.016461525112390518, 0.001811038120649755, 0.007622578646987677, 0.0508442185819149, -0.015055944211781025, 0.007129273377358913, 0.020016025751829147, 0.010251286439597607, -0.011717687360942364, -0.02194870077073574, -0.022610945627093315, 0.022597430273890495, -0.015772249549627304, -0.02420574054121971, 0.020326875150203705, -0.009670132771134377, 0.0120825981721282, 0.008602431043982506, 0.010183710604906082, 0.04892506077885628, 0.02553023211658001, -0.010704046115279198, -0.010224256664514542, -0.00749418418854475, -0.01979978196322918, -0.005172946490347385, 0.00724415248259902, 0.0033331885933876038, 0.005507448222488165, 0.026814177632331848, 0.0039295474998652935, 0.010021528229117393, 0.02075936272740364, 0.0011006449349224567, -0.02671957015991211, 0.017015649005770683, -0.03605857864022255, 0.019961964339017868, -0.0368424616754055, -0.007000878918915987, -0.020340390503406525, 0.019367296248674393, -0.002694594906643033, 0.006605559028685093, 0.0012847896432504058, -0.025084229186177254, -0.007683396805077791, -0.00015458020789083093, 0.020191723480820656, 0.04784384369850159, -0.014393698424100876, -0.028354911133646965, -0.0031574908643960953, 0.037545252591371536, 0.0460868664085865, -0.0012983048800379038, 0.02682769112288952, 0.024949077516794205, 0.011555504985153675, -0.006396073382347822, 0.006061571650207043, -0.008406460285186768, 0.0015812795609235764, 0.0017502197297289968, 0.012055567465722561, -0.019488932564854622, -0.013812544755637646, 0.0161101296544075, 0.00548379635438323, 0.006926544941961765, 0.013224633410573006, -0.007426607888191938, -0.003140596905723214, -0.020137662068009377, -0.005402705166488886, -0.0195429939776659, -0.012555629946291447, -0.005977101624011993, 0.02767915092408657, -0.02567889913916588, -0.010872986167669296, -0.01496133767068386, 0.016542617231607437, 0.007548244670033455, 0.0029057702049613, 0.013454391621053219, -0.028517093509435654, -0.022854220122098923, 0.017123771831393242, -0.0056696305982768536, 0.01050807535648346, 0.022516340017318726, -0.016529101878404617, 0.03627482429146767, 0.035220637917518616, -0.01863747462630272, -0.012792146764695644, 0.00977825466543436, 0.023975983262062073, 0.006014268379658461, -0.015610067173838615, -0.017002133652567863, -0.028706306591629982, 0.0025087608955800533, -0.04768165946006775, -0.008561885915696621, 0.008622704073786736, -0.016853466629981995, 0.06303493678569794, 0.007399577647447586, -0.019921420142054558, -0.01636691950261593, 0.014731578528881073, -0.0037335767410695553, 0.01386660523712635, 0.003093293635174632, 0.0038281832821667194, -0.015542491339147091, 0.009467404335737228, 0.006088602356612682, -0.00856864359229803, -0.03727494925260544, -0.010008012875914574, 0.022746099159121513, 0.01511000469326973, 0.01865098997950554, 0.01971869170665741, -0.013069207780063152, 0.022313611581921577, 0.023692162707448006, -0.0022925175726413727, 0.0056257061660289764, 0.02565186843276024, -0.00641972478479147, 0.0008117572870105505, -0.0008096455712802708, -0.02792242355644703, -0.038842715322971344, 0.003454825608059764, 0.016758861020207405, -0.007223879918456078, -0.015785764902830124, -0.02186761051416397, 0.012129900977015495, 0.0006377489771693945, -0.003625455079600215, 0.021354032680392265, 0.027530482038855553, -0.02421925589442253, 0.022435247898101807, -0.02655738778412342, -0.006510952487587929, -0.017758985981345177, -0.011940687894821167, -0.013650362379848957, -0.004791141953319311, -0.028625214472413063]","[-0.0035157501697540283, 0.007572385016828775, -0.00920537393540144, -0.02627941407263279, -0.019871482625603676, 0.015006965026259422, -0.012057937681674957, -0.0022341636940836906, -0.0031970760319381952, -0.034313447773456573, 0.018204040825366974, 0.012802084907889366, 0.003703509457409382, -0.0068316832184791565, 0.023082338273525238, -0.010128667578101158, 0.0021135841961950064, 0.0007729999488219619, -0.0006649091374129057, -0.009894398972392082, -0.03563637286424637, 0.0023926394060254097, -0.009667021222412586, 0.009377630427479744, -0.015337697230279446, 0.0020567397587001324, 0.005367504898458719, -0.019719896838068962, -0.003906772006303072, 0.009680802002549171, -0.0270235612988472, 0.0012126840883865952, -0.007069396786391735, -0.03340393304824829, -0.026072707027196884, -0.00959122832864523, -0.012815865688025951, -0.021042823791503906, 0.013091475702822208, -0.014579769223928452, 0.03695930168032646, 0.003331436077132821, -0.023261485621333122, -0.00784110464155674, 0.00026269079535268247, 0.020298676565289497, 0.010927936993539333, 0.02322014421224594, 0.00011088996689068154, -0.0034537380561232567, 0.009639459662139416, 0.013415317051112652, -0.04158955067396164, 0.01532391645014286, 0.002235886175185442, -0.011306900531053543, 0.018355626612901688, 0.010852144099771976, 0.005439852364361286, -0.009501654654741287, 0.011527388356626034, 0.021097946912050247, -0.01568220928311348, 0.023867826908826828, -0.01650903932750225, -0.004764608107507229, 0.006759335286915302, 0.010418058373034, 0.03227393329143524, -0.018272943794727325, 0.035526130348443985, 0.020973922684788704, -0.00685924431309104, 0.004719821270555258, 0.018190260976552963, 0.005033327732235193, -0.005129791330546141, -0.006180554628372192, 0.00394466845318675, -0.0113826934248209, 0.023440631106495857, -0.003672503400593996, -0.026486121118068695, -0.00979793630540371, 0.004292625933885574, -0.004778388421982527, 0.0031436767894774675, 0.06008298322558403, 5.234975469647907e-05, -0.0006102178012952209, 0.009605009108781815, 0.010845254175364971, 0.019444286823272705, 0.00902622751891613, 0.006597414612770081, -0.002402974758297205, -0.03332125023007393, 0.030702956020832062, -0.009460313245654106, -0.01682599075138569, -0.021814532577991486, -0.008034031838178635, -0.018727699294686317, -0.009102020412683487, -0.03186051547527313, 0.0021635384764522314, -0.0007045280653983355, -0.0016260991105809808, -0.008275190368294716, 0.00508500449359417, 0.013139707036316395, 0.019775018095970154, -0.015268794260919094, 0.002154925838112831, -0.0010921047069132328, -0.01732208952307701, -0.010645437054336071, -0.015861356630921364, -0.014579769223928452, -0.010266472585499287, 0.0034192868042737246, 0.009928850457072258, 0.01275385357439518, -0.0231650210916996, 0.02871856279671192, -0.016715746372938156, -0.018645016476511955, -0.017845747992396355, -0.00607031024992466, -0.032053444534540176, 0.04274711385369301, 0.004568235948681831, 0.006735219620168209, 0.022641362622380257, 0.01371848862618208, 0.00802025105804205, -0.0032780366018414497, 0.019003309309482574, -0.006132322829216719, -0.017790626734495163, 0.024115875363349915, 0.014331720769405365, -0.00171911739744246, -0.011486046947538853, 0.0026751395780593157, 0.00824762973934412, -0.0053812856785953045, 0.004964425228536129, -0.022517338395118713, -0.014166354201734066, 0.0030265424866229296, -0.02592112123966217, -0.01218885276466608, 0.011127754114568233, 0.00880573969334364, 0.005825706757605076, -0.019499408081173897, 0.0008328590192832053, 0.0015537514118477702, 0.0020739652682095766, 0.03740027919411659, 0.01879660226404667, 0.0022823954932391644, -0.011196657083928585, 0.02753343991935253, 0.030399784445762634, 0.022875631228089333, 0.008867751806974411, -0.009060679003596306, -0.0015675319591537118, 0.016192087903618813, 0.012678060680627823, -0.02665148861706257, 0.011720315553247929, -0.02193855680525303, -0.010445619001984596, 0.008537020534276962, -0.006569853518158197, -0.01613696664571762, -0.02231062948703766, -0.013608244247734547, 0.0014745135558769107, 0.026954658329486847, 0.007606836501508951, 0.0025493926368653774, 0.005081559531390667, 0.006986713968217373, -0.022117704153060913, 0.018341846764087677, -0.0054088463075459, -0.010066655464470387, 0.0037999730557203293, 0.006635311059653759, -0.016660625115036964, -0.646470844745636, -0.02513563260436058, -0.0014202528400346637, -0.024625753983855247, 0.0005146155599504709, 0.008509458974003792, 0.00881263054907322, 0.0024064199533313513, -0.013980317860841751, 0.039053939282894135, 0.005267596337944269, 0.0110175097361207, -0.003195353550836444, -0.02910441718995571, 0.012657389976084232, -0.014063000679016113, 0.024088315665721893, -0.042195893824100494, -0.014855379238724709, -0.0017811297439038754, -0.01256781630218029, -0.005787810310721397, -0.015268794260919094, 0.013208610005676746, -0.0028921824414283037, 0.008144276216626167, 0.006407932844012976, -0.016950014978647232, 0.016619283705949783, 0.03332125023007393, -0.01431793998926878, -0.006566408555954695, 0.021345995366573334, -0.00901244767010212, 0.04186515882611275, -0.011389583349227905, -0.01722562499344349, -0.005877383518964052, 0.02863587997853756, 0.033183444291353226, -0.03723491355776787, -0.021731849759817123, 0.0016114573227241635, -0.01238866988569498, -0.002728539053350687, 0.0010412890696898103, 0.022076362743973732, 0.002637243364006281, -0.00786177534610033, -0.0053227185271680355, 0.01553062442690134, -0.02910441718995571, -0.020326238125562668, 0.018231602385640144, 0.010790131986141205, -0.01955452933907509, 0.010604094713926315, 0.0018844834994524717, 0.047735653817653656, 0.007910007610917091, 0.006487170699983835, 0.014262817800045013, -0.01646769791841507, -0.0129467798396945, 0.0008195091504603624, 0.0017794071463868022, -0.0002193037507822737, -0.030730515718460083, 0.015365257859230042, -0.005608663894236088, 0.006683542858809233, 0.02904929593205452, 0.011596291325986385, 0.004096253775060177, 0.013566902838647366, 0.0100184241309762, 0.0008897035731934011, -0.00880573969334364, -0.011437815614044666, 0.024928925558924675, -0.02709246426820755, -0.008282081224024296, -0.033514175564050674, -0.007648177910596132, -0.015268794260919094, -0.016770869493484497, 0.011231107637286186, 0.014125012792646885, -0.023826485499739647, -0.012719402089715004, 0.00782043393701315, -0.01356001291424036, 0.012395559810101986, -0.019802579656243324, 0.021056605502963066, 0.007903116755187511, -0.009164032526314259, -0.0059325057081878185, 0.0016622728435322642, -0.0062632374465465546, 0.0016295441891998053, 0.015006965026259422, 0.02036757953464985, 0.00678000645712018, 0.02822246588766575, 0.002477044938132167, 0.010493851266801357, -0.000318028120091185, 0.03503003343939781, -0.02663770690560341, 0.015296355821192265, -0.02200745977461338, -0.01313281711190939, -0.00920537393540144, -0.021084165200591087, -0.04015637934207916, 0.006721439305692911, -0.02126331254839897, 0.003906772006303072, 0.005429517012089491, 0.022255508229136467, 0.01809379644691944, 0.02076721377670765, -0.024860022589564323, 0.006835128180682659, 0.010445619001984596, -0.019719896838068962, 0.0032005212269723415, -0.009301837533712387, -0.002985200844705105, 0.0070625063963234425, -0.004561345558613539, 0.0336795449256897, -0.024818681180477142, 0.013497999869287014, -0.02078099548816681, 0.01452464796602726, 0.0021910995710641146, 0.005050553474575281, -0.03682149574160576, -0.0185072124004364, -0.018300505355000496, 0.009901289828121662, 0.006428603548556566, -0.01962343230843544, -0.025287218391895294, -0.04012881591916084, -0.0037517412565648556, 0.002084300620481372, -0.0036897289101034403, 0.01570977084338665, 0.0005021269898861647, 0.0011170818470418453, 0.005384730640798807, 0.0029404142405837774, -0.007131408900022507, 0.014276598580181599, -0.00901244767010212, -0.016219649463891983, -0.03337637335062027, -0.0027474872767925262, 0.029628075659275055, -0.00804092176258564, -0.022875631228089333, -0.015186111442744732, 0.0011997647816315293, -0.013139707036316395, 0.019044652581214905, -0.006121987476944923, -0.020918799564242363, 0.008654153905808926, 0.012505804188549519, -0.001059375936165452, 0.013139707036316395, 0.0022479442413896322, 0.0238953884691, -0.014469525776803493, -0.0038068632129579782, -0.009480983950197697, -0.013305073603987694, -0.0036621680483222008, -0.003312487853690982, -0.020684530958533287, -0.0013341247104108334, 0.026210511103272438, -0.006931591778993607, 0.0036242716014385223, 0.022448435425758362, 0.007138299290090799, 0.012436902150511742, -0.006724884267896414, -0.027368074283003807, -0.028470514342188835, 0.004799059126526117, -0.0022169379517436028, 0.008337202481925488, -0.005401956383138895, -0.006511286366730928, -0.0022961758077144623, 0.031557347625494, 0.04211321100592613, 0.017390992492437363, 0.022903192788362503, -0.012788304127752781, -0.013883854262530804, -0.02587977983057499, 0.009150252677500248, -0.007531043607741594, 0.020712092518806458, 0.01682599075138569, -0.00023663703177589923, -0.011885682120919228, -0.010383606888353825, -0.011513608507812023, 0.03770345076918602, 0.0362151563167572, 0.019444286823272705, 0.011796108447015285, 0.002309956355020404, -0.008288971148431301, -0.008530129678547382, 0.012044157832860947, 0.029600515961647034, -0.0052641513757407665, -0.020312458276748657, 0.015351478010416031, 0.022985875606536865, -0.008357873186469078, 0.004244394134730101, -0.01847965084016323, -0.029517831280827522, 0.03332125023007393, -0.0010757403215393424, 0.020243555307388306, 0.007069396786391735, 0.011858120560646057, 0.028498075902462006, -0.005560432095080614, 0.01605428382754326, -0.03480954468250275, -0.003021374810487032, 0.02556282840669155, 0.007393238600343466, -0.017845747992396355, 0.03378978744149208, 0.019017091020941734, 0.04550321400165558, 0.0018448644550517201, -0.029931247234344482, 0.04076271876692772, 0.0077308607287704945, -0.021015264093875885, -0.014276598580181599, 0.005112565588206053, -0.00016181322280317545, -0.0278228297829628, 0.009556776843965054, 0.021718068048357964, 0.039467353373765945, 0.02232441119849682, -0.006008298136293888, -0.003631161991506815, 0.025369901210069656, 0.005911834537982941, 0.01606806367635727, 0.016715746372938156, -0.010486961342394352, -0.007289884611964226, -0.009487874805927277, -0.02361977845430374, -0.029214661568403244, -0.01449708640575409, -0.013105255551636219, -0.004678479861468077, 0.03571905568242073, -0.003731070552021265, 0.01470379438251257, 0.010666107758879662, 0.02590734139084816, 0.013401537202298641, -0.014552208594977856, -0.025645511224865913, 0.0009542996413074434, -2.9471968446159735e-05, 0.0012402450665831566, -0.0019344377797096968, -0.01881038397550583, -0.02155270241200924, 0.002196267247200012, 0.009136471897363663, 0.0050471085123717785, 0.042195893824100494, -0.011823669075965881, 0.005836042109876871, -0.03616003319621086, 0.010659216903150082, 0.038668084889650345, -0.029159538447856903, 0.015585745684802532, -0.01847965084016323, 0.008915984071791172, 0.009915069676935673, 0.0041617113165557384, 0.027602342888712883, 0.04701906815171242, 0.004613022319972515, 0.008688605390489101, -0.009170923382043839, 0.011320681311190128, -0.005687901750206947, -0.018176479265093803, -0.018603675067424774, -0.011430924758315086, 0.018355626612901688, 0.015255014412105083, 0.011300010606646538, -0.0011205269256606698, 0.016302332282066345, -0.00981171615421772, -0.002377136377617717, -0.02940758876502514, -0.022544898092746735, -0.027009781450033188, 0.00490585807710886, 0.025990024209022522, 0.03817198798060417, -0.017459893599152565, 0.008213178254663944, 0.00629424350336194, 0.02428124099969864, -0.015365257859230042, -0.030151735991239548, 0.007572385016828775, -0.024556851014494896, -0.01722562499344349, -0.022613801062107086, 0.014021659269928932, -0.009756593964993954, 0.011141534894704819, -0.02046404406428337, -0.0024649871047586203, -0.02982100285589695, 0.005339943803846836, 0.010721229016780853, 0.012457572855055332, 0.025617949664592743, 0.03147466480731964, 0.01842452958226204, -0.002663081744685769, -0.0020050627645105124, 0.015930257737636566, 0.018520992249250412, 0.0160405021160841, -0.03949491307139397, -0.01037671696394682, 0.0344788134098053, 0.022641362622380257, 0.005126346368342638, -0.028911489993333817, 0.046137116849422455, 0.020725872367620468, 0.019361604005098343, 0.0033762226812541485, -0.012175071984529495, -0.013201719149947166, 0.009873728267848492, 0.01449708640575409, -0.016026722267270088, 0.015461721457540989, -0.010645437054336071, -0.0010860756738111377, 0.007296775002032518, 0.0022806727793067694, 0.01180988922715187, 0.005498419515788555, 0.0016803598264232278, -0.035471007227897644, 0.009177813306450844, 0.013484220020473003, 0.0378136932849884, -0.0057120174169540405, -0.0009577447781339288, -0.011727206408977509, -0.025245876982808113, -6.491907697636634e-05, -0.032825153321027756, 0.006042749620974064, 0.008971106261014938, -0.021070385351777077, -0.018948188051581383, -0.013146597892045975, 0.0006670623552054167, -0.026499902829527855, 0.013746049255132675, 0.006941927131265402, -0.043325893580913544, -0.03293539583683014, 0.003548478940501809, 0.000989612191915512, 0.02673417143523693, 0.009577447548508644, -0.003114393213763833, 0.014731355011463165, 0.003999790176749229, -0.013491109944880009, -0.03580174222588539, 0.01812135800719261, -0.003958448767662048, -0.0022169379517436028, -0.016784649342298508, -0.0026992554776370525, 0.006132322829216719, 0.0004681063874159008, 0.011437815614044666, 0.026458561420440674, 0.013360194861888885, 0.02400563284754753, -0.012374889105558395, -0.006752445362508297, 0.017928430810570717, 0.01452464796602726, 0.007965128868818283, -0.007944458164274693, -0.011492937803268433, 0.015420380048453808, -0.01317415852099657, -0.0023478528019040823, 0.003955003805458546, 0.004974760580807924, 5.2161347412038594e-05, 0.012299097143113613, 0.004240949172526598, -0.028415391221642494, -0.008578361943364143, 0.04307784512639046, -0.003999790176749229, 0.017776845023036003, -0.001360824448056519, -0.007834214717149734, 0.025686852633953094, 0.011651413515210152, 0.012299097143113613, -0.0012471353402361274, -0.001243690145201981, 0.014207695610821247, -0.026954658329486847, 0.031970761716365814, -0.012760743498802185, 0.011320681311190128, 0.00412036944180727, -0.0013082862133160233, -0.03230149298906326, -0.010652326978743076, 0.00589460926130414, -0.018727699294686317, 0.02120818942785263, 0.004358083475381136, -0.02473599836230278, -0.04390467330813408, -0.017928430810570717, -0.016963796690106392, -0.004399424884468317, 0.011244888417422771, 0.0100184241309762, 0.00028013173141516745, 2.8691432817140594e-05, 0.012099279090762138, -0.022944534197449684, -0.01998172514140606, -0.023702461272478104, -0.012071718461811543, -0.002730261767283082, 0.02987612597644329, 0.014400622807443142, -0.02155270241200924, 0.008233848959207535, -0.02399185113608837, -0.022600021213293076, 0.01734965108335018, -0.04117613658308983, -0.0007518985657952726, -0.015379038639366627, 0.019954165443778038, 0.053578585386276245, 0.038227107375860214, -0.027009781450033188, 0.013477329164743423, -0.023330386728048325, -0.009970191866159439, -0.0019981726072728634, -0.015447940677404404, -0.015075867995619774, -0.01693623512983322, 0.01194080337882042, 0.02400563284754753, -0.01998172514140606, 0.034285884350538254, -0.013766719959676266, 0.02625185437500477, 0.018755260854959488, -0.014690013602375984, -0.014125012792646885, -0.013208610005676746, -0.04564101621508598, -0.02902173437178135, 0.00023986684391275048, -0.013043243438005447, 0.012161292135715485, -0.0030816644430160522, -0.011375803500413895, 0.005760249216109514, -0.0010507631814107299, 0.01317415852099657, 0.028194904327392578, 0.02827758714556694, -0.005808481015264988, 0.020284896716475487, -0.007317445706576109, -0.004382199142128229, -0.04666077345609665, -0.016591722145676613, 0.00021682756778318435, 0.005567322019487619, 0.0024942706804722548, -0.017900871112942696, 0.006170219276100397, -0.015089647844433784, -0.018727699294686317, -0.005749913863837719, 0.00782043393701315, -0.033955153077840805, -0.02005062811076641, 0.027767708525061607, -0.010700558312237263, -0.010989949107170105, -0.028415391221642494, -0.024033192545175552, -0.0029145758599042892, -0.004468327388167381, 0.021855873987078667, -0.015930257737636566, -0.0036862839478999376, -0.029517831280827522, -0.015089647844433784, -0.0012798639945685863, -0.011272449046373367, 0.035526130348443985, 0.020160872489213943, 0.020698312669992447, 0.022848069667816162, 0.010859034024178982, -0.021290874108672142, 0.003572594840079546, 0.006097871344536543, -0.004940309561789036, 0.013098365627229214, -0.006766225676983595, -0.014827818609774113, -0.012354218401014805, -0.03323856741189957, -0.012161292135715485, -0.00541229173541069, -0.021318433806300163, 0.003824088955298066, -0.005997962784022093, -0.04015637934207916, -0.007668848615139723, -0.00046423060121014714, -0.04790101945400238, -0.005174578167498112, -0.006108206696808338, 0.0070625063963234425, -0.0050092120654881, -0.0004573403566610068, -0.016012942418456078, 0.02395050972700119, -0.042581748217344284, 0.023798923939466476, 0.011107083410024643, 0.00161920883692801, -0.0070625063963234425, -0.00804092176258564, 0.004006680566817522, -0.020119531080126762, 0.005343389231711626, -0.0017225625924766064, -0.04710175096988678, 0.007985800504684448, -0.01492428220808506, -0.0219661183655262, 0.015875136479735374, -0.006659426726400852, -0.018176479265093803, 0.03334880992770195, -0.006363146007061005, 0.010473180562257767, 0.01772172376513481, 0.03533320501446724, -0.0026148499455302954, -0.019030870869755745, -0.01772172376513481, -0.02710624411702156, 0.008096043951809406, 0.023826485499739647, 0.015006965026259422, 0.025783317163586617, 0.03224636986851692, 0.004637138452380896, -0.018576115369796753, 0.010356046259403229, -0.023054776713252068, 0.0014857102651149035, 0.005429517012089491, -0.029214661568403244, -0.0027354294434189796, -0.02113928832113743, 0.015957819297909737, 0.013243060559034348, -0.0042030527256429195, -0.00035872365697287023, 0.014166354201734066, 0.0354158878326416, -0.002154925838112831, -0.001706198207102716, -0.0135117806494236, -0.0007635258371010423, -0.021855873987078667, 0.034754421561956406, -0.00883330125361681, 0.0010921047069132328, 0.02747831866145134, -0.024487949907779694, -0.03649076446890831, -0.013477329164743423, 0.021690508350729942, 0.0035588142927736044, -0.016026722267270088, 0.01358068361878395, 0.018355626612901688, 0.01317415852099657, 0.02435014396905899, -0.042995162308216095, -0.0022961758077144623, 0.02040892094373703, -0.026555024087429047, -0.00884708110243082, 0.026995999738574028, 0.006566408555954695, 0.0022686149459332228, -0.007152079604566097, 0.014910501427948475, 0.009184703230857849, -0.03759320452809334, 0.009315618313848972, 0.006752445362508297, -0.01550306286662817, -0.021511361002922058, -0.014049219898879528, -0.01803867518901825, 0.0034537380561232567, -0.01843830943107605, 0.011568729765713215, -0.008481898345053196, -0.012843426316976547, -0.0018793157069012523, -0.012870987877249718, -0.0238953884691, 0.007751531433314085, 0.0025011608377099037, 0.008357873186469078, 0.007393238600343466, -0.011051961220800877, -0.029710758477449417, 0.0066111949272453785, -0.019334042444825172, 0.026182951405644417, 0.01929270103573799, 0.004034241661429405, -0.018755260854959488, 0.002669971901923418, -0.007400128990411758, -0.021029043942689896, 0.0008143414743244648, 0.002011953154578805, 0.005536315962672234, 0.023454412817955017, 0.017046479508280754, 0.036325398832559586, -0.0053916210308671, 0.010659216903150082, -0.021029043942689896, -0.0078893369063735, -0.00028917519375681877, 0.032770030200481415, 0.012181962840259075, -0.002711313543841243, -0.0344788134098053, -0.014951842837035656, -0.002142867771908641, 0.050464194267988205, 0.03067539446055889, 0.03017929568886757, -0.014290379360318184, 0.025025388225913048, -0.013394646346569061, -0.0010283698793500662, 0.02436392568051815, -0.004430430941283703, 0.009067568928003311, -0.007331226486712694, 0.0006089258822612464, 0.008571471087634563, 0.001187706831842661, -0.0012411063071340322, -0.010569644160568714, -0.012602267786860466, -0.010045984759926796, -0.0019017091253772378, 0.005960066337138414, 0.006328694988042116, 0.004034241661429405, -0.03133685886859894, 0.03960515931248665, 0.0018913736566901207, -0.0019654438365250826, 0.04230613633990288, -0.0034589057322591543, 0.035581253468990326, -0.015075867995619774, 0.018617456778883934, -0.020918799564242363, 0.0160405021160841, 0.03569149598479271, 0.030840760096907616, -0.02712002582848072, -0.01180299837142229, 0.000987889594398439, -0.022613801062107086, -0.02355087548494339, -0.008971106261014938, -0.020546726882457733, -0.04092808812856674, 0.011437815614044666, 0.009777264669537544, -0.013415317051112652, -0.006800677161663771, 0.024446608498692513, 0.019513187929987907, 0.006363146007061005, -0.007469031494110823, -0.021924776956439018, -0.02322014421224594, 0.011196657083928585, -0.014166354201734066, -0.003481298917904496, -0.00802025105804205, -0.023357948288321495, 0.020174652338027954, -0.006242566742002964, 0.006115097086876631, 0.21255044639110565, -0.01194769423455, 0.004964425228536129, 0.05035394802689552, -0.010114887729287148, 0.015199892222881317, -0.0014073336496949196, -0.008006471209228039, -0.0121475113555789, 0.013945866376161575, -0.022861849516630173, 0.0088539719581604, -0.01642635650932789, -0.01841074787080288, 0.005605218466371298, 0.0014951842604205012, -0.03423076495528221, -0.019416725262999535, -0.019099773839116096, 0.004540674854069948, 0.017032697796821594, -0.01136202272027731, -0.020257335156202316, -0.01730830781161785, 0.01553062442690134, 0.0027939965948462486, 0.012609157711267471, 0.0052779316902160645, 0.01610940508544445, -0.0008608506177552044, -0.019334042444825172, 0.002561450470238924, -0.008888422511518002, -0.009267386980354786, -0.01806623674929142, -0.009460313245654106, 0.020271116867661476, -0.01849343255162239, 0.029187100008130074, -0.0032659785356372595, 0.003696619300171733, -0.02042270265519619, 0.010294034145772457, 0.009653240442276001, -0.022558679804205894, 0.010087326169013977, -0.017542576417326927, -0.02040892094373703, -0.0038413144648075104, 0.0196372140198946, -0.019899042323231697, -0.00020616920664906502, 0.03726247325539589, 0.004633693490177393, 0.01682599075138569, -0.0072829946875572205, 0.013808061368763447, -0.011031290516257286, 0.021414898335933685, 0.02237953245639801, -0.0018638126784935594, 0.028883928433060646, -0.027354294434189796, -0.009122691117227077, -0.01889306679368019, 0.01849343255162239, -0.011995925568044186, 0.008640374056994915, 0.002011953154578805, -0.02272404544055462, 0.006724884267896414, 0.005681011360138655, 0.03106124885380268, 0.02904929593205452, -0.017005138099193573, -0.009150252677500248, 0.03649076446890831, 0.009501654654741287, 0.02592112123966217, 0.01808001659810543, -0.021497581154108047, -0.005450188182294369, -0.009480983950197697, -0.040983207523822784, -0.0005391620798036456, -0.02545258402824402, 0.015888916328549385, -0.00726232398301363, -0.007648177910596132, 0.01449708640575409, -0.003245307831093669, -0.032356616109609604, 0.0001717179547995329, 0.0010283698793500662, -0.0035312531981617212, 0.03064783290028572, 0.0254939254373312, 0.006090981420129538, -0.007827323861420155, -0.006480280309915543, -0.01566842943429947, -0.020588068291544914, 0.008778179064393044, 0.014345500618219376, 0.0044958884827792645, -0.006166773848235607, 0.018658798187971115, 0.007854885421693325, 0.0030144844204187393, -0.022655142471194267, -0.002287563169375062, -0.02468087710440159, -0.008612812496721745, 0.0064389389008283615, -0.03026197850704193, 0.0024408712051808834, -0.00903311837464571, -0.010900376364588737, -0.003700064495205879, 0.0034537380561232567, 0.01929270103573799, -0.022227946668863297, 0.011527388356626034, 0.018369406461715698, -0.03814442455768585, -0.02036757953464985, -0.019802579656243324, 0.008378543891012669, 0.00171911739744246, -0.02825002558529377, 0.02510807104408741, -0.014483305625617504, -0.005253816023468971, -0.011258669197559357, -0.00923293549567461, 0.006842018570750952, -0.005884273909032345, -0.0006123710190877318, 0.007276104297488928, -0.0001197180972667411, 0.0010473179863765836, 0.0032074113842099905, 0.009067568928003311, -0.00038886850234121084, 0.0025752310175448656, -0.01734965108335018, 0.02317880280315876, 0.023454412817955017, -0.019816359505057335, -0.004454546608030796, -0.021387336775660515, -0.007792872842401266, -0.004971315618604422, 0.00432363199070096, 0.02118062973022461, -0.014193915762007236, -0.01722562499344349, -0.03770345076918602, 0.005818816367536783, 0.0010326763149350882, -0.001539109623990953, -0.0025321668945252895, -0.006690432783216238, 0.008309641852974892, -0.024501729756593704, -0.029131978750228882, -0.17837479710578918, -0.005587993189692497, 0.02663770690560341, -0.030013930052518845, 0.01532391645014286, 0.009770374745130539, 0.020725872367620468, -0.010094217024743557, 0.0016484924126416445, 0.0020980811677873135, 0.008681715466082096, 0.012836536392569542, -0.01293299999088049, -0.00382064376026392, -0.003696619300171733, -0.020574286580085754, -0.033596862107515335, 0.008309641852974892, 0.04944443702697754, 0.03299051895737648, 0.0320810042321682, -0.029187100008130074, 0.0003206119581591338, 0.006700768601149321, 0.023798923939466476, 0.027409415692090988, -0.005753358826041222, 0.012175071984529495, 0.013063914142549038, -0.03613247349858284, -0.007593055721372366, 0.020105749368667603, 0.02940758876502514, -0.009019337594509125, 0.020133310928940773, 0.003253920702263713, 0.009515435434877872, -0.009522326290607452, 0.00402390630915761, 0.007544823922216892, 0.02239331416785717, -0.0016011218540370464, 0.003488189307972789, 0.008564581163227558, 0.02007818967103958, 0.0035278082359582186, 0.015227452851831913, -0.003195353550836444, 0.031226614490151405, 0.017087820917367935, 0.015944039449095726, -0.002154925838112831, 0.009322508238255978, -0.0008272606646642089, 0.011837449856102467, 0.011796108447015285, 0.01849343255162239, 0.008378543891012669, -0.03299051895737648, 0.006573298946022987, -0.01160318125039339, -0.02982100285589695, 0.01317415852099657, -0.02005062811076641, -0.014882940798997879, 0.012092389166355133, -0.005949730984866619, 0.012230194173753262, -0.036325398832559586, 0.010865924879908562, -0.01358068361878395, -0.00824762973934412, -0.006631866097450256, -0.008385434746742249, 0.014579769223928452, 0.0026027921121567488, -0.009908179752528667, 0.019402945414185524, -0.0027939965948462486, -0.017735503613948822, -0.009784155525267124, 0.06239810585975647, 0.008151166141033173, 0.02546636573970318, -0.012622938491404057, 0.025990024209022522, 0.005295157432556152, 0.00430296128615737, -0.006797231733798981, -0.02204880118370056, 0.02866344153881073, -0.04960980266332626, -0.02712002582848072, -0.009439642541110516, 0.003917107358574867, -0.0023909169249236584, -0.003104057628661394, 0.008295861072838306, 0.00039080638089217246, -0.0031901858747005463, -0.023385509848594666, -0.022462215274572372, -0.014621110633015633, 0.017900871112942696, 0.03378978744149208, 0.014290379360318184, 0.0271613672375679, 0.013870073482394218, 0.04238881915807724, 0.012443792074918747, -0.015296355821192265, -0.00011573467054404318, -0.0035036923363804817, 0.019857700914144516, 0.02082233689725399, 0.02625185437500477, 0.013628914952278137, -0.002678584773093462, 0.03618759289383888, -0.0031436767894774675, 0.030317101627588272, -0.008819520473480225, -0.005129791330546141, -0.01158940140157938, -0.0189068466424942, 0.007951349020004272, -0.06471323221921921, -0.03635295853018761, 0.00921226479113102, 0.03530564159154892, -0.02045026235282421, 0.008254519663751125, -0.019706115126609802, 0.025314779952168465, -0.022531118243932724, 0.02587977983057499, -0.02437770552933216, -0.01927891932427883, -0.015255014412105083, 0.003975674510002136, -0.0002745334059000015, -0.004482107702642679, 0.010087326169013977, -0.026968440040946007, -0.01927891932427883, 0.017831968143582344, -0.020147092640399933, -0.03136441856622696, 0.019761238247156143, 0.012271535582840443, -0.01353245135396719, -0.0017587363254278898, -0.013318853452801704, 0.00028422282775864005, 0.03130929544568062, 0.001690695178695023, -0.0027078683488070965, 0.0032780366018414497, 0.003910216968506575, -0.020973922684788704, 0.0016045670490711927, -0.023330386728048325, -0.021387336775660515, -0.008736837655305862, -0.00881263054907322, 0.007434580009430647, -0.005780919920653105, -0.011313791386783123, 0.031998321413993835, 0.023054776713252068, -0.011010619811713696, 0.008371653966605663, -0.023068558424711227, 0.019444286823272705, -0.0032677012495696545, -0.02122197113931179, 0.0077722021378576756, 0.009115801192820072, -0.03370710462331772, -0.004761163145303726, 0.026527464389801025, -0.002418477786704898, 0.030510028824210167, -0.002611404750496149, -0.008798849768936634, 0.013608244247734547, 0.0022083253134042025, -0.020202213898301125, -0.009274276904761791, 0.028911489993333817, -0.017542576417326927, 0.004998876713216305, -0.02045026235282421, -0.027147585526108742, 0.014938062988221645, 0.0061633288860321045, -0.01802489534020424, 0.00541229173541069, -0.032439298927783966, 0.025838438421487808, -0.03877832740545273, -0.024432826787233353, -0.010679887607693672, -0.025300998240709305, 0.012292206287384033, -0.010542082600295544, -0.013649585656821728, -0.023812705650925636, 0.007434580009430647, -0.03803418204188347, 0.012857207097113132, -0.0006239982903935015, 0.0056568956933915615, 0.021525142714381218, 0.0023409624118357897, -0.008344093337655067, -0.009515435434877872, -0.013587573543190956, 0.017046479508280754, -0.021759409457445145, 0.014455744996666908, 0.007806653622537851, 0.008309641852974892, -0.012684950605034828, -0.010390497744083405, 0.0009301837999373674, -0.016398794949054718, -0.015930257737636566, -0.036738812923431396, 0.01922379806637764, -0.016371235251426697, 0.010948607698082924, 0.0012290483573451638, -0.001365130883641541, 0.005246925633400679, -0.015571965835988522, -0.03268734738230705, -0.004657809156924486, -0.0037517412565648556, 0.01570977084338665, -0.02753343991935253, 0.008964215405285358, -0.019375383853912354, -0.005836042109876871, 0.006249457132071257, 0.019926603883504868, 0.00023276126012206078, 0.015434160828590393, -0.00846811756491661, -0.01514477003365755, 0.010369827039539814, 0.021731849759817123, -0.0014013046165928245, 0.005457078106701374, 0.00304721319116652, 0.02040892094373703, -0.008275190368294716, -0.021056605502963066, -0.003257365897297859, -0.006311469245702028, 0.006528512109071016, 0.0030230972915887833, 0.01295367069542408, -0.005432962439954281, 1.200410770252347e-05, 0.028828807175159454, -0.005095339845865965, 0.0040996987372636795, -0.00979104544967413, -0.02869100123643875, 0.006928146816790104, -0.026389658451080322, -0.005429517012089491, -0.011830559931695461, -0.011217327788472176, 0.010052874684333801, -0.012602267786860466, -0.0011170818470418453, -0.007655067835003138, 0.0073243360966444016, -0.011913242749869823, 0.0027337067294865847, -0.01969233527779579, -0.029324905946850777, -0.002303066197782755, 0.0069453720934689045, 0.004544119816273451, -0.05220053717494011, 0.0370144248008728, -0.021869653835892677, 0.012409340590238571, -0.004730156622827053, 0.01296745054423809, -0.018328065052628517, -0.017418552190065384, 0.00922604463994503, 0.03604979068040848, 0.004392534494400024, 0.0019258249085396528, -0.002278950298205018, 0.003965339157730341, -0.007117628585547209, 0.010659216903150082, 0.017735503613948822, -0.01550306286662817, 0.01615074649453163, -0.008557691238820553, 0.013229280710220337, 0.009804826229810715, -0.02627941407263279, -0.015585745684802532, 0.0037930826656520367, 0.026582585647702217, -0.013697817921638489, 0.01723940670490265, 0.005415736697614193, -0.004127259831875563, 0.021497581154108047, -0.006986713968217373, 0.009019337594509125, -0.005053998436778784, -0.013704707846045494, 0.02663770690560341, 0.02076721377670765, -0.025383681058883667, 0.0027250940911471844, 0.005384730640798807, 0.02361977845430374, 0.027643684297800064, 0.0024046972393989563, -0.01003909483551979, 0.0025321668945252895, -0.032356616109609604, -0.009301837533712387, -0.005240035243332386, 0.0067145489156246185, 0.005543206352740526, 0.0028008867520838976, 0.01082458347082138, -0.013243060559034348, 5.6252433751069475e-06, 0.019747456535696983, -0.02078099548816681, -0.001419391599483788, 0.004971315618604422, -0.0017509848112240434, -0.023826485499739647, 0.010349156334996223, 0.015006965026259422, 0.0006351949414238334, 0.033183444291353226, -0.008475007489323616, 0.012939889915287495, 0.012602267786860466, -0.01566842943429947, -0.013787390664219856, 0.038695644587278366, 0.008516348898410797, 0.023426851257681847, 0.019375383853912354, -0.017887089401483536, -0.026513682678341866, -0.012877877801656723, -0.03175027295947075, 0.005029882770031691, 0.039081498980522156, -0.0016493536531925201, 0.06471323221921921, 0.0009362127748318017, -0.00983238685876131, 0.012354218401014805, -0.014552208594977856, 0.0036897289101034403, 0.0009155420120805502, -0.014125012792646885, -0.02670660987496376, -0.02005062811076641, 0.017156723886728287, -0.005915279965847731, 0.00480594951659441, -0.032384175807237625, -0.02907685562968254, -0.010280253365635872, 0.0066146403551101685, 0.03257710486650467, -0.003105780342593789, -0.014180134981870651, 0.029517831280827522, 0.008096043951809406, 0.02553526684641838, 0.00764128752052784, 0.0028077769093215466, -0.003322823205962777, 0.02155270241200924, -0.0013082862133160233, -0.014221476390957832, -0.024198558181524277, -0.025383681058883667, 0.00490930350497365, -0.03365198150277138, -0.02430880255997181, 0.015888916328549385, -0.0025683408603072166, 0.0023082338739186525, 0.014565989375114441, 0.016688186675310135, 0.02794685587286949, 0.0010688500478863716, 0.01849343255162239, -0.019168676808476448, -0.02477733977138996, -0.001996450126171112, 0.015296355821192265, -0.028966611251235008, -0.0051607973873615265, -0.022062581032514572]"
12393,"Database Connection using common module is not working [ mongoose and mongodb ]<p>I am trying to <strong>implement a common module for MongoDB connection using mongoose</strong>. and want to use the connection in other application for database operation. but facing issue when trying to use common database module. operation is halted / hanging after creating db connection. here is my codebase.</p>
<p><strong>When I am using module specific dababase connection, then it is working fine, but when I am using common database connection it is hanging</strong></p>
<p><strong>Common DB Module</strong></p>
<pre><code>'use strict'

const mongoose    = require('mongoose');
const DBOptions   = require('./DBOption');
require(&quot;dotenv&quot;).config();
mongoose.Promise = global.Promise;
let isConnected;

const connectToDatabase = (MONGODB_URL) =&gt; {

  if (isConnected) {
    console.log('using existing database connection');
    return Promise.resolve();
  }

  console.log('using new database connection');
  console.log('DBOptions &gt;&gt; '+JSON.stringify(DBOptions));
  
  return mongoose.connect(MONGODB_URL, DBOptions)
        .then(db =&gt; { 
          console.log('db.connections[0].readyState &gt;&gt; '+db.connections[0].readyState);
          isConnected = db.connections[0].readyState;
        });
};
 
module.exports = connectToDatabase;
</code></pre>
<p><strong>API Controller</strong></p>
<pre><code>const dbConnection      = require('../DB/connection') // Internal Class
const DBConnection      = require('as-common-util').connectToDatabase; // Common Class

/**
 * 
 */
app.get('/usr/alluser', async (req, res) =&gt; {
  try {
    //await dbConnection(process.env.MONGODB_URL) // This is working
    await DBConnection(process.env.MONGODB_URL) // Code is hanging for this
    let allUsers = await UserService.getAllUser()
    console.log(&quot;All Users &gt;&gt; &quot; + allUsers)
    if (allUsers) {
      return res.status(200).send(
        new APIResponse({
          success: true,
          obj: allUsers
        })
      )
    }
  } catch (error) {
    console.log(error)
  }
})

</code></pre>
<p>It is hanging at following position</p>
<pre><code>using new database connection
DBOptions &gt;&gt;   
{&quot;useNewUrlParser&quot;:true,&quot;useUnifiedTopology&quot;:true,&quot;useCreateIndex&quot;:true,&quot;useFindAndModify&quot;:false,&quot;autoIndex&quot;:false,&quot;poolSize&quot;:10,&quot;serverSelectionTimeoutMS&quot;:5000,&quot;socketTimeoutMS&quot;:45000,&quot;family&quot;:4}
db.connections[0].readyState &gt;&gt; 1
</code></pre>
<p><strong>I am confused why same code is not working for common module.</strong></p>
",It works... here is my [fiddle proof](https://jsfiddle.net/xztsLby5/).,"Embed Field: Database Connection using common module is not working [ mongoose and mongodb ]<p>I am trying to <strong>implement a common module for MongoDB connection using mongoose</strong>. and want to use the connection in other application for database operation. but facing issue when trying to use common database module. operation is halted / hanging after creating db connection. here is my codebase.</p>
<p><strong>When I am using module specific dababase connection, then it is working fine, but when I am using common database connection it is hanging</strong></p>
<p><strong>Common DB Module</strong></p>
<pre><code>'use strict'

const mongoose    = require('mongoose');
const DBOptions   = require('./DBOption');
require(&quot;dotenv&quot;).config();
mongoose.Promise = global.Promise;
let isConnected;

const connectToDatabase = (MONGODB_URL) =&gt; {

  if (isConnected) {
    console.log('using existing database connection');
    return Promise.resolve();
  }

  console.log('using new database connection');
  console.log('DBOptions &gt;&gt; '+JSON.stringify(DBOptions));
  
  return mongoose.connect(MONGODB_URL, DBOptions)
        .then(db =&gt; { 
          console.log('db.connections[0].readyState &gt;&gt; '+db.connections[0].readyState);
          isConnected = db.connections[0].readyState;
        });
};
 
module.exports = connectToDatabase;
</code></pre>
<p><strong>API Controller</strong></p>
<pre><code>const dbConnection      = require('../DB/connection') // Internal Class
const DBConnection      = require('as-common-util').connectToDatabase; // Common Class

/**
 * 
 */
app.get('/usr/alluser', async (req, res) =&gt; {
  try {
    //await dbConnection(process.env.MONGODB_URL) // This is working
    await DBConnection(process.env.MONGODB_URL) // Code is hanging for this
    let allUsers = await UserService.getAllUser()
    console.log(&quot;All Users &gt;&gt; &quot; + allUsers)
    if (allUsers) {
      return res.status(200).send(
        new APIResponse({
          success: true,
          obj: allUsers
        })
      )
    }
  } catch (error) {
    console.log(error)
  }
})

</code></pre>
<p>It is hanging at following position</p>
<pre><code>using new database connection
DBOptions &gt;&gt;   
{&quot;useNewUrlParser&quot;:true,&quot;useUnifiedTopology&quot;:true,&quot;useCreateIndex&quot;:true,&quot;useFindAndModify&quot;:false,&quot;autoIndex&quot;:false,&quot;poolSize&quot;:10,&quot;serverSelectionTimeoutMS&quot;:5000,&quot;socketTimeoutMS&quot;:45000,&quot;family&quot;:4}
db.connections[0].readyState &gt;&gt; 1
</code></pre>
<p><strong>I am confused why same code is not working for common module.</strong></p>; Answer: It works... here is my [fiddle proof](https://jsfiddle.net/xztsLby5/).","[-0.017526939511299133, 0.016123147681355476, -0.0014830094296485186, -0.028920812532305717, -0.04312226548790932, 0.0038979039527475834, -0.010037784464657307, -0.0017615527613088489, -0.00929500162601471, -0.01615040749311447, -0.00044081409578211606, -0.02406887523829937, 0.03598065301775932, 0.005618569906800985, -0.007782178930938244, -0.00038076116470620036, 0.02987484447658062, 0.012409236282110214, 0.011993550695478916, -0.013281494379043579, -0.00018644094234332442, 0.005659456830471754, -0.010848712176084518, 0.013492744415998459, -0.008109276182949543, 0.00574463838711381, 0.012068510986864567, -0.024150650948286057, -0.003625323297455907, 0.007182501722127199, 0.014828390441834927, 0.006766816135495901, -0.010814639739692211, -0.034426942467689514, 0.002405524719506502, -0.020320890471339226, 0.0033544462639838457, -0.014174196869134903, 0.009867421351373196, 0.02586790919303894, 0.024341456592082977, -0.030174683779478073, -0.008961090818047523, -0.008313711732625961, -0.04244081676006317, 0.040996138006448746, 0.014051535166800022, -0.03200097382068634, -0.012095768935978413, 0.009969639591872692, 0.027312586084008217, 0.001103100017644465, -0.019407745450735092, -0.004466916434466839, 0.002408931963145733, 0.016354842111468315, -0.012211615219712257, 0.016859116032719612, -0.0046134283766150475, -0.0035128837917000055, 0.0016048188554123044, 0.009404034353792667, -0.004807642195373774, 0.0062659489922225475, -0.02345556952059269, -0.005911593791097403, -0.004064859822392464, -0.00738693680614233, 0.025227343663573265, -0.022665085271000862, 0.035844363272190094, 0.025649843737483025, -0.012191171757876873, -0.010589760728180408, 0.03129226341843605, 0.008068389259278774, -0.0361442007124424, 0.007298348471522331, -0.007311977446079254, -0.015687018632888794, -0.010507985949516296, -0.01981661655008793, -0.037070974707603455, 0.021683795377612114, -0.00037863163743168116, -0.007536856457591057, 0.013540446758270264, 0.021860972046852112, 0.01522363256663084, -0.022337988018989563, 0.006030848249793053, 0.02015734277665615, -0.012347905896604061, 0.014596696943044662, 0.0009361443226225674, -0.006964436732232571, -0.007530041970312595, 0.018794439733028412, -0.00712798535823822, -0.0025486296508461237, -0.03529920056462288, 0.007237017620354891, -0.01458306796848774, -0.019666697829961777, -0.0038706460036337376, 0.0017462201649323106, 0.010562501847743988, -0.011550607159733772, 0.025145569816231728, -0.03508113697171211, 0.01831742376089096, 0.02539089322090149, -0.025418151170015335, -0.015346293337643147, 0.012531897984445095, 0.004463509190827608, 0.01745879463851452, -0.024886617437005043, -0.017526939511299133, -0.003877460490912199, 0.008313711732625961, 0.01799032650887966, 0.0045623197220265865, 0.00032134709181264043, -0.005662864074110985, -0.005042742937803268, -0.023578230291604996, 0.015509841963648796, 0.006044477224349976, 0.00793209858238697, 0.038488395512104034, 0.015237261541187763, 0.014719357714056969, 0.030801618471741676, -0.01958492398262024, 0.004064859822392464, -0.002269234275445342, -0.0036185088101774454, -0.005696936510503292, -0.025949683040380478, 0.03366371616721153, 0.014215083792805672, 0.01022177655249834, -0.01647750288248062, -0.01609588973224163, 0.04851936548948288, -0.008470444940030575, -0.0002866356517188251, -0.004661129787564278, -0.010446655564010143, -0.003395333420485258, -0.00924730021506548, -0.0029285389464348555, -0.017104439437389374, -0.005843448918312788, -0.0227468591183424, -0.005219920538365841, 0.011618752032518387, 0.015700647607445717, -0.02025274559855461, 0.015564357861876488, 0.018753552809357643, -0.02624952234327793, 0.005345989018678665, 0.01958492398262024, 0.025322746485471725, -0.010794196277856827, -0.0146784707903862, -0.009090566076338291, -0.005969517398625612, -0.00627617072314024, 0.021983632817864418, -0.04314952343702316, 0.02590879611670971, -0.008674880489706993, -0.011298470199108124, 0.0032777830492705107, 0.010760122910141945, -0.032873231917619705, -0.020034682005643845, -0.039006300270557404, 0.0032385995145887136, 0.01250464003533125, 0.053453076630830765, -0.030883394181728363, 0.0062795779667794704, -0.0106442766264081, -0.007816251367330551, 0.0034447386860847473, 0.013751696795225143, 0.009315445087850094, -0.0012939064763486385, 0.0012998692691326141, -0.007693590130656958, -0.6114530563354492, -0.004456694703549147, 0.019993795081973076, -0.024941135197877884, -0.03557178005576134, 0.00740056624636054, -0.008763469755649567, 0.003737762803211808, -0.012702261097729206, 0.015850568190217018, -0.0130702443420887, 0.013901615515351295, -0.007959356531500816, -0.00273773237131536, 0.0016065224772319198, -0.00840230006724596, 0.029111618176102638, -0.03786145895719528, -0.008879316039383411, -0.00950625166296959, 0.00457935594022274, 0.01816750317811966, -0.00394219858571887, -0.003553770948201418, -0.018044842407107353, -0.0030682366341352463, 0.029057102277874947, -0.01212984137237072, 0.018290165811777115, 0.031265005469322205, -0.025418151170015335, 0.006334093865007162, 0.02034815028309822, -0.0019489519763737917, 0.07081646472215652, 0.007645888719707727, -0.016504760831594467, 0.03238258883357048, -0.0012930546654388309, 0.021915487945079803, -0.0022828634828329086, 0.02044355310499668, 0.00627617072314024, 0.00600699707865715, -0.0055367955937981606, 0.0024890026543289423, 0.0496642030775547, -0.042740654200315475, -0.009220042265951633, -0.002139758551493287, 0.012497825548052788, 0.002594627672806382, -0.006446533836424351, 0.04036920145153999, -0.019952908158302307, -0.014460406266152859, 0.0243550855666399, 0.017826778814196587, -0.0008049648604355752, -0.009349518455564976, 0.002403821097686887, 9.348666208097711e-05, -0.02175194025039673, -0.007959356531500816, -0.019598552957177162, -0.004439658019691706, 0.012872623279690742, -0.018985245376825333, 0.01822201907634735, -0.021315811201930046, 0.018467342481017113, -0.00856584869325161, 0.0035810288973152637, -0.01670919731259346, 0.011087220162153244, 0.027966780588030815, 0.00958121195435524, -0.0014165678294375539, -0.007059840019792318, 0.027121780440211296, 0.019939279183745384, -0.004139819648116827, -0.01255234144628048, -0.0019131758017465472, 0.02605871483683586, 0.01101907528936863, -0.02577250450849533, -0.006143287755548954, 0.020416295155882835, -0.0016542241210117936, 0.012075325474143028, -0.01026947796344757, -0.0031125308014452457, -0.0005328101105988026, 0.023060327395796776, 0.04917355999350548, -0.011032704263925552, 0.008361413143575191, 0.0139493178576231, -0.023523714393377304, -0.026644764468073845, -0.015237261541187763, -0.017826778814196587, -0.002458337228745222, 0.05020936578512192, -0.0038842749781906605, -0.038106780499219894, 0.029656780883669853, 0.030474523082375526, -0.017622342333197594, -0.011509720236063004, 0.0022044964134693146, -0.015537099912762642, -0.012497825548052788, -0.007870768196880817, -0.032491620630025864, 0.025145569816231728, -0.01784040778875351, -0.0007623741403222084, -0.008368227630853653, -0.005097259301692247, -0.018658149987459183, 0.010071856901049614, -0.003226674161851406, -0.019053390249609947, 0.0056799002923071384, 0.01144838985055685, -0.02747613564133644, -0.0106442766264081, 0.007414195220917463, 0.014242341741919518, 0.006930364295840263, 0.031046941876411438, -0.011625566519796848, 0.015986857935786247, 0.017022665590047836, 0.008599921129643917, -0.0007610964239574969, 0.0002840801898855716, 0.0040546380914747715, -0.0012104286579415202, 0.02604508586227894, 0.02378266677260399, 0.009145082905888557, -0.0006588786491192877, 0.007966171018779278, -0.01484201941639185, 0.00234249047935009, -0.0011099145049229264, 0.00611262209713459, 0.018112987279891968, -0.019135165959596634, 0.008695323951542377, -0.0079797999933362, -0.01799032650887966, -0.017486052587628365, 0.01972121372818947, -0.008954276330769062, 0.009690243750810623, -0.0230739563703537, -0.00022509203699883074, 0.014487664215266705, -0.02889355458319187, 0.007100727409124374, -0.008061573840677738, -0.003877460490912199, -0.021029600873589516, 0.00974476058036089, -0.003098901826888323, -0.03407258912920952, -0.019952908158302307, -0.0013143500545993447, 0.006024033296853304, 0.008940647356212139, 0.01229338999837637, 0.001458306796848774, -0.041514042764902115, -0.013588148169219494, -0.009478993713855743, 0.012395607307553291, 0.005570868030190468, -0.01142113097012043, 0.010058227926492691, -0.024532264098525047, 0.05408001318573952, 0.0024515227414667606, 0.028402909636497498, 0.0006077697617001832, -0.01255234144628048, 0.023441940546035767, 0.030420007184147835, 0.006599860265851021, -0.04085984826087952, -0.016354842111468315, -0.028103070333600044, 0.020797908306121826, 0.008640808053314686, 0.012831736356019974, 0.007754920981824398, 0.019939279183745384, 0.002940464299172163, -0.013792583718895912, 0.029193393886089325, -0.0212885532528162, -0.005938852205872536, -0.018862584605813026, -0.0058366344310343266, -0.017690487205982208, 0.02431419864296913, 0.014487664215266705, -0.007223388645797968, 0.0035265127662569284, 0.0034549604170024395, -0.02676742523908615, 0.018957987427711487, 0.041568558663129807, -0.024341456592082977, 0.004984819795936346, -0.017526939511299133, 0.022174440324306488, -0.0036525814794003963, -0.01387435756623745, -0.006037662737071514, 0.015755165368318558, -0.008347784169018269, 0.0028450610116124153, -0.00680770305916667, 0.010801010765135288, 0.00993556622415781, -0.016818229109048843, -0.0018365124706178904, 0.014501293189823627, -0.011673268862068653, -0.002688327105715871, 0.005465243011713028, 0.004736089613288641, 0.01154379267245531, -0.005700343754142523, 0.026399441063404083, -0.047510817646980286, 0.012804478406906128, 0.027312586084008217, 0.023660004138946533, -0.01217754278331995, 0.01255234144628048, 0.02218806929886341, 0.02053895592689514, 0.014215083792805672, -0.013492744415998459, 0.011168994009494781, -0.016204923391342163, 0.0422772653400898, -0.008340969681739807, -0.011891333386301994, 0.02378266677260399, 0.009267743676900864, 0.005604940466582775, 0.025731617584824562, 0.018821697682142258, 0.028484683483839035, -0.0010417693993076682, -0.014283228665590286, 0.030420007184147835, -0.01665468141436577, 0.0018910286016762257, 0.010467099025845528, -0.04290420189499855, -0.0005766785470768809, -0.029820328578352928, -0.018862584605813026, 0.006402239203453064, -0.03224629536271095, -0.012232058681547642, -0.028239360079169273, 0.013908430002629757, -0.0056799002923071384, 0.021588392555713654, 0.04394000768661499, 0.027639683336019516, -0.010862341150641441, -0.025213714689016342, -0.017049923539161682, 0.020375408232212067, 0.007700404617935419, 0.0089474618434906, -0.014542180113494396, -0.0015358219388872385, 0.03554452210664749, 0.011441575363278389, 0.008783913217484951, -0.0067736306227743626, -0.0006414164672605693, 0.03129226341843605, -0.012593228369951248, -0.014405890367925167, 0.027816860005259514, 0.0454937182366848, 0.006300021428614855, 0.01586419716477394, 0.007414195220917463, 0.01845371350646019, 0.016777342185378075, -0.018385568633675575, -0.013594962656497955, 0.044866785407066345, 0.002497520763427019, 0.0013841988984495401, -0.03459049016237259, 0.03012016788125038, -0.014951051212847233, -0.003466885769739747, -0.01535992231220007, -0.0034123696386814117, 0.0055742752738296986, -0.01123713981360197, 0.010242220014333725, -0.0159595999866724, 0.008436372503638268, 0.014228712767362595, 0.013465486466884613, -0.01912153698503971, -0.031782910227775574, -0.015550728887319565, -0.001155912526883185, 0.020647987723350525, -0.020375408232212067, 0.0036968758795410395, -0.008627179078757763, -0.004892823752015829, -0.02525460161268711, -0.01869903691112995, -0.025213714689016342, 0.020280003547668457, 0.013554075732827187, -0.009649356827139854, -0.014378632418811321, -0.004463509190827608, 0.032546136528253555, 0.004511210601776838, -0.0053289528004825115, -0.0023884885013103485, -0.010092300362884998, 0.01983024552464485, -0.019993795081973076, -0.01741790771484375, -0.019666697829961777, 0.013383712619543076, 0.025309117510914803, 0.042413558810949326, 0.032355330884456635, 0.023632746189832687, 0.01425597071647644, 0.026494843885302544, -0.009070122614502907, 0.02799403853714466, 0.0037582064978778362, 0.024368714541196823, 0.03715274855494499, -0.012954398058354855, 0.04914630204439163, 0.01238879282027483, 0.02236524596810341, -0.0014063460985198617, 0.023101214319467545, 0.010160445235669613, 0.02515919879078865, 0.007475525606423616, 0.0006294910563156009, 0.01987113244831562, -0.020852424204349518, -0.029275167733430862, -0.02278774604201317, 0.005932037718594074, 0.01179592963308096, -0.00958121195435524, -0.0003935383865609765, -0.03933339565992355, -0.014242341741919518, 0.029057102277874947, -0.002650847425684333, 0.004960968624800444, -0.018808068707585335, -0.006310243159532547, -0.04617517068982124, -0.019039761275053024, -0.03554452210664749, 0.028430167585611343, 0.0061501022428274155, -0.019407745450735092, -0.025418151170015335, -0.03611694276332855, -0.00696102948859334, -0.001868881401605904, 0.014474035240709782, 0.011577865108847618, -0.014610325917601585, -0.021165892481803894, 0.01703629456460476, 0.017635971307754517, 0.02793952263891697, -0.0027973593678325415, 0.007284719496965408, -0.005499315448105335, 0.018630890175700188, -0.02987484447658062, -0.03611694276332855, -0.031046941876411438, -0.0011746524833142757, -0.018808068707585335, -0.010985001921653748, 0.02152024582028389, 0.013690365478396416, -0.00717568676918745, 0.006872441153973341, 0.015646131709218025, -0.006896291859447956, 0.020266374573111534, -0.016777342185378075, 0.013697179965674877, 0.010746493935585022, 0.0036900611594319344, 0.027435246855020523, 0.001766663626767695, -0.020457182079553604, 0.009560768492519855, -0.009145082905888557, -0.005226735025644302, -0.010678349062800407, -0.009594840928912163, 0.012470567598938942, 0.006102400366216898, 0.009090566076338291, -0.0364440381526947, 0.0008373338496312499, 0.016354842111468315, -0.01901250332593918, -0.00925411470234394, 0.005690122023224831, 0.008954276330769062, 0.02586790919303894, 0.0039626420475542545, 0.032491620630025864, 0.005144960712641478, 0.012395607307553291, 0.016641052439808846, -0.011768671683967113, 0.02954774722456932, 0.000296218553557992, -0.01493742223829031, 0.004190928302705288, 0.005870706867426634, -0.031401295214891434, -0.01728161610662937, -0.005230142269283533, -0.006664598360657692, 0.031401295214891434, -0.007564114406704903, -0.04047823324799538, -0.008245565928518772, -0.007734477519989014, 0.011414316482841969, 0.003955827560275793, -0.003272671950981021, 0.009151897393167019, -0.011005446314811707, -0.02048444002866745, 0.00019900521147064865, -0.045330170542001724, -0.02483210153877735, -0.0259633120149374, -0.027435246855020523, -0.016436615958809853, 0.0293569415807724, 0.030747102573513985, 0.017431536689400673, 0.002216421766206622, -0.0028706155717372894, 0.0013586444547399879, -0.015932342037558556, -0.030420007184147835, -0.0059797391295433044, -0.015523470938205719, 0.034426942467689514, 0.04175936430692673, 0.009519880637526512, -0.005713973194360733, 0.04075081646442413, -0.01217754278331995, -0.004817863926291466, -0.004061452578753233, 0.004892823752015829, -0.020170971751213074, -0.005867299623787403, 0.017717745155096054, 0.017308874055743217, 0.008361413143575191, 0.022665085271000862, 0.007543670944869518, -0.02038903720676899, 0.03568081557750702, -0.00951306615024805, -0.028157586231827736, -0.019557666033506393, -0.04137774929404259, -0.010030969977378845, 0.022256214171648026, -0.005598125979304314, -0.004511210601776838, -0.05108162388205528, 0.00653512217104435, -0.0006384351290762424, 0.005410727113485336, 0.017854036763310432, -0.0036525814794003963, 0.03039274923503399, -0.009001977741718292, 0.010726050473749638, -0.009833348914980888, -0.0055129448883235455, -0.014337744563817978, 0.006875848397612572, -0.010160445235669613, -0.009894679300487041, 0.013635849580168724, -0.01868540793657303, 0.01760871335864067, -0.0035231055226176977, -0.002178942086175084, -0.021125003695487976, 0.001839919714257121, -0.018521858379244804, -0.0007836695294827223, -0.007523227483034134, -0.02837565168738365, -0.015836939215660095, -0.024232424795627594, -0.003272671950981021, -0.019707584753632545, 0.019039761275053024, 0.019176052883267403, -0.007366493344306946, 0.01451492216438055, 0.0018075507832691073, -0.007911655120551586, 0.009853792376816273, -0.03630774840712547, 0.022828632965683937, 0.001479602069593966, 0.02491387538611889, 0.02104322984814644, 0.008593106642365456, -0.006933771539479494, -0.010910042561590672, -0.008647622540593147, 0.006838368251919746, 0.05064549297094345, 0.03200097382068634, -0.012000365182757378, -0.01392205897718668, -0.009478993713855743, -0.019366858527064323, -0.005042742937803268, -0.00936996191740036, 0.023101214319467545, 0.028539199382066727, -0.013588148169219494, 0.005652642343193293, 0.013833470642566681, -0.03172839432954788, -0.013894801028072834, -0.03420887887477875, 0.009622098878026009, -0.009404034353792667, -0.021084116771817207, -0.026821941137313843, 0.010242220014333725, 0.008252380415797234, 0.016613794490695, 0.009608469903469086, 0.012429679743945599, -0.038215816020965576, 0.010133187286555767, 0.001971099292859435, 0.008504518307745457, 0.02634492516517639, 0.035190168768167496, -0.027530651539564133, -0.01623218134045601, 0.013049800880253315, 0.008497703820466995, -0.006163731217384338, -0.00974476058036089, 0.007666332181543112, 0.024341456592082977, -0.0027701014187186956, 0.005271029192954302, 0.02132944017648697, 0.01638210006058216, 0.007693590130656958, -0.000787076773121953, -0.01878081075847149, -0.026453956961631775, 0.010126372799277306, 0.0006098993471823633, 0.016641052439808846, 0.007720848545432091, -0.0010315475519746542, -0.003219859441742301, -0.009329074993729591, -0.01149609126150608, -0.03385452181100845, -0.012395607307553291, -0.0033084482420235872, -0.03794323280453682, -0.008075203746557236, -0.03535371646285057, 0.0009327370789833367, 0.014964680187404156, -0.011557421647012234, -0.012640929780900478, -0.0032079340890049934, 0.016354842111468315, -0.013765325769782066, 0.01651838980615139, -0.003853609785437584, 0.004715646151453257, -0.014528551138937473, 0.045330170542001724, -0.01594597101211548, -0.028157586231827736, -0.012695446610450745, -0.011182622984051704, -0.01699540764093399, 0.00738693680614233, 0.013853914104402065, 0.018521858379244804, -0.013881172053515911, -0.0280758123844862, 0.054161787033081055, 0.005904779303818941, 0.019530408084392548, -0.02370089292526245, -0.027394359931349754, 0.02251516655087471, -0.018712665885686874, -0.02477758564054966, -0.02326476387679577, 0.021111374720931053, -0.022692343220114708, -0.005996775347739458, 0.011346171610057354, -0.011475647799670696, -0.01477387361228466, -0.010685163550078869, -0.002945575164631009, 0.0004859602777287364, -0.0072165741585195065, -0.027871375903487206, -0.014746615663170815, -0.027816860005259514, -0.019421374425292015, 0.020048310980200768, -0.0075777433812618256, 0.009070122614502907, 0.014896535314619541, 0.0030256458558142185, 0.02483210153877735, 0.02515919879078865, -0.012211615219712257, -0.005564053542912006, -0.016109518706798553, -0.0335274264216423, -0.03728903830051422, 0.0062659489922225475, 0.010378510691225529, 0.03794323280453682, 0.013513187877833843, -0.017595084384083748, -0.021792827174067497, -0.014692099764943123, -0.045711785554885864, -0.017158955335617065, -0.010875970125198364, -0.006344316061586142, 0.043449364602565765, 0.014487664215266705, -0.0009727723663672805, 0.01123713981360197, 0.01770411618053913, 0.0017274802085012197, -0.03756162151694298, 0.011979921720921993, 0.0035469564609229565, -0.022774117067456245, 0.006139880511909723, 0.006470384541898966, -0.023155730217695236, 0.005233549512922764, 0.004851936362683773, -0.005444799549877644, 0.02199726179242134, 0.0438854917883873, 0.01651838980615139, -0.006886070128530264, -0.012368349358439445, -0.016504760831594467, -0.0016550759319216013, -0.007243832107633352, 0.02845742553472519, -0.02048444002866745, -0.025363635271787643, 0.03649855777621269, -0.002674698131158948, 0.014215083792805672, 0.018249278888106346, 0.020838795229792595, -0.0022079036571085453, 0.014474035240709782, -0.015278148464858532, -0.0052880654111504555, 0.020797908306121826, -0.030474523082375526, 0.028103070333600044, -0.007271090056747198, 0.01666831038892269, 0.012395607307553291, 0.006889477372169495, -0.010814639739692211, -0.008668066002428532, 0.014555809088051319, -0.01799032650887966, -0.018099358305335045, 0.0061739529483020306, -0.025050166994333267, -0.0275715384632349, -0.023210246115922928, 0.014569438993930817, -0.005311916582286358, -0.017758632078766823, -0.01849460043013096, -0.007679961156100035, -0.00039183476474136114, -0.005918408278375864, 0.004357884172350168, -0.009526695124804974, -0.010794196277856827, 0.02100234292447567, 0.005727602168917656, 0.0016908522229641676, -0.018290165811777115, 0.003785464446991682, -0.006197803653776646, -0.012443308718502522, -0.004981412552297115, 0.004163670353591442, -0.040941622108221054, -0.02533637546002865, 0.020838795229792595, 0.029302425682544708, 0.003177268896251917, 0.1999652087688446, -0.0007283015875145793, 0.0035708071663975716, 0.00638520298525691, -0.006078549660742283, -0.016109518706798553, 0.0112848412245512, -0.0008705545915290713, -0.009553954005241394, 0.05078178644180298, -0.019884761422872543, -0.0008995163370855153, -0.01277040597051382, -0.01883532665669918, 0.00653512217104435, -0.012347905896604061, -0.05636968836188316, -0.010460284538567066, -0.02002105303108692, 0.0024021174758672714, 0.023046698421239853, -0.008463630452752113, -0.011223510839045048, -0.012347905896604061, 0.013765325769782066, -0.00632387213408947, 0.01859000325202942, 0.0074618966318666935, 0.012559155933558941, -0.0059286304749548435, -0.027108151465654373, -0.005468650255352259, 0.011257583275437355, 0.011332542635500431, -0.018726294860243797, -0.008647622540593147, 0.034426942467689514, -0.016068631783127785, -0.004064859822392464, -0.004688388202339411, 0.0003153843863401562, -0.008041130378842354, 0.032409846782684326, 0.008749840781092644, -0.01638210006058216, -0.017254358157515526, 0.0130702443420887, -0.0075777433812618256, 0.028811780735850334, 0.014964680187404156, -0.012068510986864567, 0.01361540611833334, 0.024096133187413216, 0.026549359783530235, -0.015877826139330864, -0.03115597367286682, 0.021356698125600815, -0.007482340093702078, -0.0024838915560394526, 0.0113734295591712, 0.002598034916445613, 0.015155486762523651, 0.01699540764093399, 0.029520489275455475, -0.013410970568656921, 0.003635545028373599, -0.03516291081905365, 0.006841775495558977, 0.00039758451748639345, -1.2238181625434663e-05, -0.018862584605813026, -0.036934684962034225, -0.0055129448883235455, -0.010617018677294254, -0.010317179374396801, -0.015400809235870838, 0.0055129448883235455, 0.013063429854810238, 0.01972121372818947, 0.018467342481017113, -0.016627423465251923, -0.006896291859447956, -0.016436615958809853, 0.001724072964861989, -0.021070487797260284, -0.015646131709218025, 4.368212103145197e-05, -0.003809315385296941, -0.009908308275043964, -0.007850323803722858, -0.006068327929824591, -0.006821332033723593, -0.012007179670035839, -0.022624198347330093, -0.0023203431628644466, 0.012354720383882523, -0.006770223379135132, 0.013881172053515911, -0.020934198051691055, -0.011850446462631226, -0.03865194320678711, 0.06280259042978287, 0.006497642491012812, -0.010303550399839878, -0.025131940841674805, 0.009301816113293171, 0.007373307831585407, 0.018290165811777115, -0.005403912626206875, 0.0027547688223421574, 0.001926804892718792, -0.039006300270557404, -0.017390647903084755, -0.030556296929717064, 0.00962891336530447, 0.019176052883267403, 0.01977572962641716, -0.01451492216438055, -0.011264397762715816, -0.0019131758017465472, -0.011516534723341465, -0.03456323221325874, 0.006446533836424351, -0.00866125151515007, -0.0014685285277664661, 0.0005783821688964963, -0.0051211100071668625, 0.018957987427711487, 0.01784040778875351, -0.01747242361307144, 0.007618630770593882, 0.0012036141706630588, -0.013267865404486656, -0.018153874203562737, 0.006926957052201033, 0.022310730069875717, 0.009220042265951633, -0.038815490901470184, 0.0030052021611481905, 0.007768549956381321, 0.001687444862909615, -0.0178949236869812, 0.02119315043091774, 0.00356399267911911, -0.003955827560275793, 0.003945605829358101, -0.02280137501657009, 0.013703994452953339, -0.0261404886841774, -0.01484201941639185, -0.007366493344306946, 0.016859116032719612, 0.013111132197082043, -0.013799398206174374, 0.0011797633487731218, -0.002439597388729453, 0.004981412552297115, -0.012368349358439445, 0.0009242189698852599, 0.011407501995563507, -0.04290420189499855, -0.01429685764014721, 0.008497703820466995, 0.009499437175691128, -0.009342703968286514, -0.0027292142622172832, -0.1722709983587265, 0.03625323250889778, 0.04475774988532066, -0.035380974411964417, 0.0014378632185980678, 0.008817985653877258, 0.025786135345697403, -0.006221654359251261, -0.0073392353951931, -0.03649855777621269, 0.002386784879490733, -0.018017584457993507, -0.056424204260110855, -0.002592923818156123, -0.004504396114498377, 0.022065408527851105, -0.0021908674389123917, -0.011264397762715816, 0.015237261541187763, 0.009070122614502907, 0.031782910227775574, -0.03857016935944557, -0.01713169738650322, -0.0224197618663311, 0.00936996191740036, 0.0025520368944853544, -0.0026338109746575356, -0.0049745975993573666, -0.011843631975352764, -0.005809376016259193, -0.029520489275455475, 0.0004744607722386718, 0.019802987575531006, -0.013233792968094349, 0.0164638739079237, 0.00015524322225246578, 0.02374177984893322, 0.008082018233835697, -0.00866125151515007, 0.007346049882471561, -0.012048066593706608, 0.019980166107416153, 0.0016090779099613428, 0.020661616697907448, 0.020702503621578217, 0.02119315043091774, 0.024000730365514755, 0.0056662713177502155, 0.03290048986673355, 0.001976210158318281, 0.015046454966068268, -0.0032283777836710215, -0.0075027840211987495, 0.007557299919426441, 0.005093852058053017, 0.011789115145802498, -0.008347784169018269, 0.01222524419426918, -0.024954764172434807, -0.021602021530270576, 0.016600165516138077, -0.01277040597051382, -0.01409242209047079, 0.008163792081177235, -0.015618874691426754, -0.007557299919426441, -0.009376776404678822, 0.012872623279690742, -0.016027744859457016, -0.0012019105488434434, -0.012709075585007668, 0.006013811565935612, 0.011032704263925552, 0.003201119601726532, 0.006337501108646393, 0.002366341184824705, -0.005437985062599182, 0.011380244046449661, -4.0407958294963464e-05, 0.006306835915893316, -0.0364440381526947, 0.00797298550605774, -0.01835831068456173, 0.026985488831996918, -0.02718992531299591, -0.001402938854880631, 0.01973484270274639, 0.006742964964359999, -0.013540446758270264, -0.0010034376755356789, 0.054161787033081055, -0.045384686440229416, 0.002327157650142908, -0.01356770470738411, 0.0028808373026549816, -0.009901493787765503, 0.020280003547668457, 0.013261050917208195, 0.012450123205780983, 0.0021414621733129025, 0.004408992826938629, 0.016164036467671394, -0.022583311423659325, 0.009404034353792667, 0.029793070629239082, 0.002216421766206622, 0.014119680039584637, -0.00929500162601471, 0.037452589720487595, 0.005932037718594074, -0.006906513590365648, 0.009703872725367546, -0.00047786804498173296, 0.05070000886917114, 0.0013782362220808864, 0.031782910227775574, 0.030310973525047302, 0.017908552661538124, -0.002984758699312806, 0.000977031420916319, 0.056805819272994995, 0.0008313711150549352, 0.003979678265750408, -0.005724194925278425, -0.0020102825947105885, -0.003918347414582968, -0.09502163529396057, -0.015850568190217018, 0.006398831959813833, 0.022678714245557785, -0.04004210606217384, 0.0010085486574098468, -0.002298196079209447, 0.04535742849111557, -0.016164036467671394, 0.0422772653400898, -0.06056743115186691, -0.020334521308541298, 0.006371574010699987, 0.00638520298525691, -0.0030750511214137077, -0.008579477667808533, -0.021738311275839806, 0.008599921129643917, 0.0008407410932704806, 0.04317678511142731, 0.0022079036571085453, -0.015687018632888794, -0.004374920390546322, -0.02316935919225216, -0.025118311867117882, 0.009921937249600887, -0.02236524596810341, -0.00761181628331542, -0.0010622129775583744, -0.011243954300880432, 0.010330808348953724, -0.010944114997982979, 0.0130702443420887, 0.0072029451839625835, -0.02156113274395466, -0.0261404886841774, -0.020307261496782303, -0.012088954448699951, 0.04110516980290413, -0.02308758534491062, -0.00589796481654048, 0.008375042118132114, 0.014446777291595936, -0.024709440767765045, -0.0012981656473129988, 0.008013872429728508, -0.03156484663486481, 0.04366742819547653, 0.011059962213039398, -0.002741139614954591, -0.0227468591183424, 0.024286940693855286, 0.008688509464263916, -0.015523470938205719, 0.044430654495954514, 0.006443126127123833, 0.01522363256663084, 0.031074199825525284, 0.011686897836625576, 0.03933339565992355, 0.004320404026657343, -0.023918956518173218, -0.013104317709803581, 0.02034815028309822, 0.028757264837622643, 0.018794439733028412, -0.022106295451521873, 0.0016124852700158954, -0.0309651680290699, -0.007114356383681297, -0.011625566519796848, -0.031782910227775574, -0.04017839580774307, 0.0018722886452451348, -0.00785713829100132, 0.015973228961229324, 0.008586292155086994, -0.0329277478158474, -0.0052744364365935326, 0.0010707310866564512, -0.004422621801495552, -0.005891150329262018, -0.010255848988890648, -5.5953576520550996e-05, 0.004906452726572752, 0.02180645614862442, 0.00500526325777173, 0.01897161640226841, -0.011891333386301994, -0.04522113874554634, 0.002594627672806382, 0.00866125151515007, 0.007495969533920288, -0.0024174500722438097, 0.014951051212847233, 0.02157476171851158, -0.00380590814165771, 0.00788439717143774, -0.023387424647808075, 0.010289921425282955, -0.029465973377227783, -0.013008913956582546, -0.043258558958768845, 0.020757021382451057, 0.030883394181728363, 0.00029600560083054006, -0.0164638739079237, -0.016504760831594467, -0.01981661655008793, -0.013799398206174374, 0.02949323132634163, 0.00988786481320858, -0.002414042828604579, -0.0036628032103180885, 0.0015596727607771754, -0.017145326361060143, 0.002829728415235877, 0.018208390101790428, 0.030092909932136536, -0.02351008541882038, -0.0045214323326945305, 0.010651091113686562, 0.0067872595973312855, -0.02397347241640091, 0.018630890175700188, 0.0032607465982437134, -0.027353473007678986, -0.0028944662772119045, -0.0017683673650026321, 0.020634358748793602, -0.003148307092487812, -0.01647750288248062, 0.013540446758270264, -0.02387806959450245, -0.005891150329262018, 0.0008799245697446167, 0.01784040778875351, -0.03666210547089577, 0.027026375755667686, 0.03006565198302269, 0.030038394033908844, 0.020116455852985382, -0.03385452181100845, -0.026685651391744614, 0.014146938920021057, -0.013097502291202545, -0.0017973290523514152, -0.022447021678090096, -0.03189194202423096, 0.00553338835015893, 0.000286848604446277, -0.011414316482841969, 0.04633871838450432, 0.00962891336530447, -0.029793070629239082, -0.013772140257060528, -0.027271699160337448, -0.036553073674440384, 0.00840230006724596, 0.013649478554725647, -0.0008944054134190083, -0.001989839132875204, 0.06182130426168442, 0.0024413010105490685, 0.013165648095309734, -0.015005568042397499, 0.02336016669869423, -0.005918408278375864, -0.002921724459156394, 0.007230203133076429, 0.021343069151043892, -0.005359617993235588, -0.003187490627169609, -0.009329074993729591, -0.0011116181267425418, 0.022174440324306488, -0.008749840781092644, -0.012123026885092258, -0.00023297131701838225, 0.01090322807431221, -0.0162866972386837, 0.006344316061586142, -0.007509598508477211, -0.024600408971309662, -0.018085729330778122, 0.02878452278673649, 0.021261295303702354, 0.02067524567246437, 0.010576130822300911, 0.014460406266152859, 0.013329196721315384, -0.0022181253880262375, -0.03213726356625557, 0.015796052291989326, -0.013942503370344639, 0.032355330884456635, 0.006943993270397186, 0.0032181558199226856, -0.029111618176102638, 0.0030307567212730646, 0.018085729330778122, 0.009942380711436272, 0.013765325769782066, -0.011611937545239925, -0.010242220014333725, -0.0230739563703537, -0.008034315891563892, -0.011666454374790192, -0.0370982326567173, -0.03006565198302269, -0.018003955483436584, 0.0008909981697797775, -0.006252320017665625, -0.001081804628483951, -0.0112848412245512, 0.009867421351373196, -0.011346171610057354, 0.012702261097729206, 0.008415929041802883, -0.0055129448883235455, -0.009635727852582932, 0.024614037945866585, 0.001902954070828855, 0.014542180113494396, -0.00038927930290810764, -0.03393629565834999, 0.0261404886841774, 0.012477382086217403, -0.012729519046843052, -0.02355097234249115, 0.014855648390948772, -0.018426455557346344, 0.014024277217686176, 0.01095092948526144, -0.008654437027871609, -0.0037105048540979624, -0.005376654211431742, -0.023142101243138313, -0.014242341741919518, 0.001419123262166977, 0.011032704263925552, 0.05985872074961662, 0.00887250155210495, -0.0083068972453475, 0.01921693980693817, 0.02190185897052288, 0.00802068691700697, 0.008654437027871609, 0.01154379267245531, 0.009519880637526512, -0.015169115737080574, 0.02152024582028389, -0.01285899430513382, -0.02439597249031067, -0.026413070037961006, -0.006647561676800251, 0.03270968422293663, -0.004719053395092487, -0.009567582979798317, 0.007121170870959759, -0.01175504270941019, 0.010637462139129639, 0.008170606568455696, 0.025431780144572258, 0.013479115441441536, -0.020729761570692062, 0.028103070333600044, 0.012048066593706608, 0.01095092948526144, -0.0243550855666399, -0.030556296929717064, 0.027244441211223602, 0.01243649423122406, -0.010828268714249134, -0.007679961156100035, 0.015005568042397499, -0.016627423465251923, -0.009090566076338291, -0.020566213876008987, 0.02525460161268711, 0.008422743529081345, -0.007666332181543112, 0.0043374402448534966, -0.023728150874376297, -0.015850568190217018, 0.015850568190217018, -0.01243649423122406, -0.000910589937120676, 0.010548872873187065, -0.019653068855404854]","[-0.015951761975884438, 0.01580565795302391, -0.003403529291972518, -0.03309891000390053, -0.03865081071853638, 0.01172806415706873, -0.006966443732380867, 0.003003407269716263, -0.0021898807026445866, -0.019139457494020462, -0.002420656615868211, -0.029114289209246635, 0.02927367389202118, 0.003592798952013254, -0.0003135812876280397, -0.0003656718763522804, 0.028078287839889526, 0.010027959942817688, 0.017917506396770477, -0.016004890203475952, 0.002495368244126439, -0.0045922743156552315, -0.0110041918233037, 0.01557986345142126, -0.0031445291824638844, 0.0017947391606867313, 0.013800066895782948, -0.024744488298892975, 0.005166723858565092, 0.003968017175793648, 0.011462423019111156, 0.0031046830117702484, -0.015207965858280659, -0.03495839610695839, 0.003247465007007122, -0.018435508012771606, 0.00809541903436184, -0.006591225042939186, 0.009290805086493492, 0.018740994855761528, 0.018541764467954636, -0.03599439933896065, -0.009762318804860115, -0.009516600519418716, -0.04518558830022812, 0.04470743238925934, 0.00856029149144888, -0.033391114324331284, -0.007205520756542683, 0.009483395144343376, 0.022712333127856255, 0.0065447380766272545, -0.015075145289301872, -0.004343235399574041, 0.0027161824982613325, 0.018926944583654404, -0.014610272832214832, 0.017864378169178963, -0.010340088047087193, -0.003951414488255978, -0.000204108000616543, 0.005369275342673063, -0.01089793536812067, 0.007358264643698931, -0.021570075303316116, -0.006056622136384249, -0.0042303381487727165, -0.008367701433598995, 0.025501566007733345, -0.019843406975269318, 0.03511778265237808, 0.023668641224503517, -0.012372244149446487, -0.011887448839843273, 0.02507654018700123, 0.011894090101122856, -0.03440055251121521, 0.00950331799685955, -0.010519396513700485, -0.01993638090789318, -0.010047882795333862, -0.011303038336336613, -0.03267388045787811, 0.01573924906551838, 0.00021375824871938676, -0.005727890878915787, 0.01406570803374052, 0.017864378169178963, 0.014729810878634453, -0.026046130806207657, 0.009828728623688221, 0.01828940398991108, -0.012498424388468266, 0.013959451578557491, 0.0031345675233751535, -0.005319467280060053, -0.008938830345869064, 0.01963089406490326, -0.006853546015918255, -0.003353721695020795, -0.03195665031671524, 0.010937781073153019, -0.01904648169875145, -0.01660258322954178, -0.003187695750966668, 0.0022496499586850405, 0.0037289399188011885, -0.007344982586801052, 0.031451933085918427, -0.034931834787130356, 0.020294995978474617, 0.022300587967038155, -0.021052073687314987, -0.014211810193955898, 0.01870114915072918, 0.0020670215599238873, 0.014769657514989376, -0.015340786427259445, -0.010904575698077679, -0.006249212194234133, 0.0035662346053868532, 0.02293812856078148, 0.003991260658949614, 0.011322961188852787, -0.0002714522124733776, -0.017173711210489273, -0.03195665031671524, 0.013853195123374462, 0.0048247105441987514, 0.014915759675204754, 0.034586500376462936, 0.02014889381825924, 0.014145400375127792, 0.03347080573439598, -0.013441450893878937, -0.0015863768057897687, 0.004472735803574324, 0.0031246060971170664, 0.0015017036348581314, -0.0253820288926363, 0.03147849813103676, 0.013454732485115528, 0.007843059487640858, -0.018222995102405548, -0.015473606996238232, 0.048612359911203384, -0.0009222734370268881, -0.007975880987942219, -0.01202026940882206, -0.008932189084589481, -0.009735754691064358, -0.020294995978474617, -0.005860711447894573, -0.026922747492790222, -0.0034732602071017027, -0.022885000333189964, -0.0018810726469382644, 0.012272628955543041, 0.012644526548683643, -0.026232080534100533, 0.011774551123380661, 0.021118484437465668, -0.02214120328426361, 0.009775600396096706, 0.017439352348446846, 0.022632639855146408, -0.0022728934418410063, -0.010094369761645794, -0.010373293422162533, -0.008719676174223423, -0.008646625094115734, 0.013461373746395111, -0.03705696389079094, 0.018847251310944557, -0.014437605626881123, -0.008121983148157597, 0.005741172935813665, 0.010492832399904728, -0.024093667045235634, -0.013959451578557491, -0.032487932592630386, 0.007882906123995781, 0.009290805086493492, 0.045610614120960236, -0.023469410836696625, 0.010738550685346127, -0.014729810878634453, -0.0008824272663332522, 0.007550854701548815, 0.00931736920028925, 0.004904402885586023, -0.0009712510509416461, -0.0008973695803433657, -0.019139457494020462, -0.621813178062439, -0.0020172137301415205, 0.014318066649138927, -0.018103456124663353, -0.03227541968226433, 0.011190140619874, -0.0016079600900411606, 0.013494579121470451, -0.01783781498670578, 0.021238023415207863, -0.01148234587162733, 0.012332398444414139, -0.006249212194234133, -0.0057511343620717525, 0.0019508034456521273, -0.017306532710790634, 0.03147849813103676, -0.029804956167936325, -0.00457235099747777, -0.017040889710187912, 0.005953685846179724, 0.009463472291827202, -0.01136280782520771, -0.00579430116340518, -0.018037045374512672, -0.00016893127758521587, 0.03825234994292259, -0.010599088855087757, 0.02079971507191658, 0.03498496115207672, -0.023429565131664276, 0.007318418473005295, 0.023748334497213364, -0.00907165091484785, 0.07331700623035431, 0.008513804525136948, -0.01811673864722252, 0.03222229331731796, 0.004708492197096348, 0.021649766713380814, 0.0008957093232311308, 0.01852848194539547, 0.01089793536812067, 0.007577418815344572, -0.00579430116340518, 0.0022977974731475115, 0.053154826164245605, -0.04449491947889328, -0.013760220259428024, -6.739611126249656e-05, 0.0186347384005785, 0.0008434111950919032, -0.007597341667860746, 0.03564906492829323, -0.01763858273625374, -0.0160447359085083, 0.014278220944106579, 0.01742606982588768, -0.006650994531810284, -0.014185246080160141, 0.007079340983182192, -0.002805836498737335, -0.019444944337010384, -0.012265987694263458, -0.026643823832273483, 0.0005922971176914871, 0.016469761729240417, -0.021862279623746872, 0.010917858220636845, -0.021118484437465668, 0.014743093401193619, -0.014052425511181355, 0.0017947391606867313, -0.012584757059812546, 0.010672139935195446, 0.027706390246748924, 0.01389304082840681, 0.000690252345521003, 8.202713070204481e-05, 0.02754700556397438, 0.017983917146921158, -0.006840263959020376, -0.021503664553165436, -0.010094369761645794, 0.027918903157114983, 0.00312958681024611, -0.021530229598283768, -0.004771582316607237, 0.019166020676493645, 0.0010243792785331607, 0.010452985763549805, -0.008414188399910927, -0.005422403570264578, -0.0024355987552553415, 0.026710234582424164, 0.044680871069431305, -0.02413351461291313, 0.009363856166601181, 0.00699964864179492, -0.029193980619311333, -0.01956448331475258, -0.012697654776275158, -0.020055919885635376, -0.0027626696974039078, 0.05472211167216301, -0.010858088731765747, -0.03604752570390701, 0.02283187210559845, 0.03732260689139366, -0.012558192946016788, -0.00723208487033844, -0.0001584509009262547, -0.004137363750487566, -0.01429150253534317, -0.006378712132573128, -0.02590002864599228, 0.029884647578001022, -0.01783781498670578, -0.007876264862716198, -0.013800066895782948, -0.002535214414820075, -0.01870114915072918, 0.013560988940298557, -0.004466094542294741, -0.022393563762307167, -0.004565710201859474, 0.010419780388474464, -0.030389366671442986, -0.007776649668812752, 0.005515377968549728, 0.015247811563313007, -0.004476056434214115, 0.023442845791578293, -0.013036347925662994, 0.02331002615392208, 0.012478500604629517, 0.004124081693589687, -0.0013190751196816564, 0.0030200097244232893, 0.005226492881774902, -0.002042117528617382, 0.014211810193955898, 0.017293250188231468, 0.01811673864722252, 0.0014261618489399552, 0.013720374554395676, -0.0012667770497500896, -0.002370848786085844, -0.00655137887224555, 0.0031445291824638844, 0.01298321969807148, -0.016828376799821854, 0.005116915795952082, -0.010286959819495678, -0.01453058049082756, -0.014995452016592026, 0.015008734539151192, -0.005721250083297491, 0.012159731239080429, -0.02544843778014183, -0.0036193630658090115, 0.009516600519418716, -0.021928690373897552, -0.0023077588994055986, -0.011860884726047516, -0.004642081912606955, -0.01625724881887436, 0.014318066649138927, -0.00996819045394659, -0.0338958315551281, -0.022499820217490196, 0.0023276819847524166, 0.007829777896404266, 0.007570777554064989, 0.021649766713380814, 0.0008782765944488347, -0.03859768435359001, -0.01475637499243021, -0.009974831715226173, 0.016124427318572998, 0.009928344748914242, -0.004997377283871174, 0.007278572302311659, -0.0253421813249588, 0.06146940216422081, 0.0040709530003368855, 0.027467312291264534, -0.0024854065850377083, -0.017983917146921158, 0.0321691632270813, 0.02149038203060627, 0.007796572521328926, -0.04040404409170151, -0.02685633674263954, -0.019484790042042732, 0.017545608803629875, 0.003476580837741494, 0.018687866628170013, 0.015354068018496037, 0.00842082966119051, 0.005405800882726908, -0.0036658502649515867, 0.021198177710175514, -0.01645647920668125, -0.007245366927236319, -0.015646273270249367, 0.0004432889400050044, -0.016921352595090866, 0.019405098631978035, 0.00786962453275919, -0.006597866304218769, 0.0022977974731475115, 0.0021848997566848993, -0.023920999839901924, 0.024492129683494568, 0.04321984201669693, -0.030017469078302383, 0.010114293545484543, -0.016097864136099815, 0.02434602752327919, -0.001468498376198113, -0.0067771743051707745, -0.004685248713940382, 0.006743968930095434, -0.004867877345532179, 0.0030382724944502115, 0.0007151562604121864, 0.013368399813771248, 0.01429150253534317, -0.004891120828688145, -0.010193985886871815, 0.012133167125284672, -0.020547356456518173, -0.0026779966428875923, 0.00028307404136285186, 0.01639006845653057, 0.012046833522617817, -0.006594545673578978, 0.01766514778137207, -0.04417615011334419, 0.00902516394853592, 0.02300453744828701, 0.018276123329997063, -0.016642428934574127, 0.007039494812488556, 0.01939181610941887, 0.023735051974654198, 0.010645575821399689, -0.019511355087161064, 0.007916111499071121, -0.018887097015976906, 0.03453337028622627, -0.010599088855087757, -0.012744142673909664, 0.026710234582424164, 0.007491085212677717, 0.012006987817585468, 0.029114289209246635, 0.024771053344011307, 0.02916741743683815, -0.005608352366834879, -0.014078989624977112, 0.03551624342799187, -0.018608175218105316, 0.0016594281187281013, 0.011336243711411953, -0.02940649352967739, 0.0004024051013402641, -0.028211107477545738, -0.017067454755306244, 0.005933762993663549, -0.03227541968226433, -0.010871371254324913, -0.02906116098165512, 0.017744839191436768, 0.00128254946321249, 0.02307094819843769, 0.04133379086852074, 0.029140852391719818, -0.014397759921848774, -0.031292546540498734, -0.012797270901501179, 0.013116040267050266, 0.01718699373304844, 0.015725966542959213, -0.01779796928167343, -0.002646451583132148, 0.031053470447659492, 0.012677731923758984, 0.009397061541676521, -0.0062226480804383755, 0.00044868479017168283, 0.025222642347216606, -0.013760220259428024, -0.02086612582206726, 0.025541413575410843, 0.04276825115084648, 0.009915062226355076, 0.01677524857223034, 0.012040193192660809, 0.02516951411962509, 0.006743968930095434, -0.02321705035865307, -0.007185597904026508, 0.034108344465494156, -8.493258792441338e-05, 0.0030880803242325783, -0.03057531639933586, 0.03623347729444504, -0.02548828534781933, -0.0001910334685817361, -0.01625724881887436, -0.008646625094115734, 0.009184548631310463, -0.01122998632490635, 0.01327542494982481, -0.012677731923758984, 0.009762318804860115, 0.013268783688545227, 0.012232782319188118, -0.0194183811545372, -0.03684445098042488, -0.019166020676493645, -0.004426248371601105, 0.013541066087782383, -0.016934633255004883, -0.0006956481956876814, -0.012219500727951527, -0.010054524056613445, -0.01615099236369133, -0.012936731800436974, -0.030761264264583588, 0.02451869286596775, 0.01911289244890213, 0.003078118897974491, -0.014995452016592026, -0.005063787568360567, 0.028423620387911797, 0.0021516946144402027, -0.009583010338246822, 0.001010267180390656, -0.010990909300744534, 0.014716529287397861, -0.020985664799809456, -0.00244888081215322, -0.01921914890408516, 0.012299193069338799, 0.029114289209246635, 0.041652560234069824, 0.03522403910756111, 0.024439001455903053, 0.019551200792193413, 0.02644459344446659, -0.009297446347773075, 0.021676331758499146, 0.006445122417062521, 0.013813348487019539, 0.038172658532857895, -0.0028506633825600147, 0.04773574322462082, 0.017930788919329643, 0.024199923500418663, -0.009138061664998531, 0.026364900171756744, 0.010964345186948776, 0.02659069560468197, 0.002941977698355913, -0.007198879960924387, 0.01818314753472805, -0.025089822709560394, -0.02218105085194111, -0.014875913970172405, 0.010931139811873436, 0.012624603696167469, -0.008958753198385239, -0.001351450220681727, -0.03870394080877304, -0.011515551246702671, 0.03578188642859459, -0.0038152735214680433, -0.00018159074534196407, -0.019776996225118637, -0.010054524056613445, -0.051056262105703354, -0.017585454508662224, -0.030150290578603745, 0.023509256541728973, 0.006704122759401798, -0.01856832765042782, -0.023403000086545944, -0.03811952844262123, -0.0016204119892790914, -0.013222296722233295, 0.01580565795302391, 0.01316916849464178, -0.018342532217502594, -0.016921352595090866, 0.014902478083968163, 0.01787766069173813, 0.03543655201792717, -0.0024754449259489775, 0.004273504484444857, -0.009270882233977318, 0.0363662950694561, -0.032487932592630386, -0.03997901827096939, -0.019923098385334015, -0.00463876174762845, -0.012511705979704857, -0.013680527918040752, 0.02075986936688423, 0.006156237795948982, -0.009749036282300949, 0.006654315162450075, 0.016336940228939056, -0.009994754567742348, 0.02103879302740097, -0.021264588460326195, 0.009157984517514706, 0.010413140058517456, -0.0010899595217779279, 0.031903523951768875, -0.002779272384941578, -0.017094017937779427, 0.0092775234952569, -0.005412441678345203, -0.001788098132237792, -0.01122334599494934, -0.013501220382750034, 0.004409645684063435, 0.004396363627165556, 0.008141906000673771, -0.04252917692065239, 0.006853546015918255, 0.026059413328766823, -0.02892833948135376, -0.007902828976511955, 0.0075242905877530575, 0.0030581955797970295, 0.03187695890665054, 0.010545960627496243, 0.039899326860904694, 0.007192238699644804, 0.01298321969807148, 0.010386575944721699, -0.013268783688545227, 0.02975182794034481, 0.00921111274510622, -0.018860533833503723, 0.0035263884346932173, 0.0030432534404098988, -0.029698699712753296, -0.010333447717130184, -0.00902516394853592, -0.007125828415155411, 0.030044032260775566, -0.01364068128168583, -0.035144347697496414, -0.012677731923758984, 0.0004781543684657663, 0.012265987694263458, 0.0034865422639995813, 0.0006375391385518014, 0.008135265670716763, -0.017890943214297295, -0.019152740016579628, 0.0005698836175724864, -0.03692414239048958, -0.02118489518761635, -0.025714078918099403, -0.025395309552550316, -0.01935197040438652, 0.024837464094161987, 0.02676336281001568, 0.02052079141139984, 0.0027875734958797693, -0.005352672655135393, -0.0031445291824638844, -0.02451869286596775, -0.033045779913663864, -0.0043199919164180756, -0.023788180202245712, 0.027865774929523468, 0.0431135855615139, 0.012186295352876186, -0.009649421088397503, 0.04114783927798271, -0.004559068940579891, -0.008294650353491306, -0.005492134485393763, 0.003931491635739803, -0.017678430303931236, -0.002867266070097685, 0.017279967665672302, 0.019790278747677803, 0.004286787007004023, 0.02121146023273468, 0.0009222734370268881, -0.02090597152709961, 0.028397057205438614, -0.005465569905936718, -0.030522188171744347, -0.02985808439552784, -0.041307225823402405, -0.015566580928862095, 0.01684165932238102, -0.00622596824541688, -0.0017034249613061547, -0.05028590187430382, 0.00204045744612813, 0.0015075145056471229, 0.0014120496343821287, 0.017917506396770477, 0.005183326080441475, 0.03312547132372856, -0.012000346556305885, 0.016509607434272766, -0.004668646026402712, -0.001400427776388824, -0.009941626340150833, 0.005970288533717394, -0.017001044005155563, -0.00881929136812687, 0.010393216274678707, -0.021065356209874153, 0.019816841930150986, -0.0020670215599238873, -0.004246940370649099, -0.02107863873243332, -0.0001090582154574804, -0.018501918762922287, -0.0009006900945678353, -0.006740648299455643, -0.023057665675878525, -0.017067454755306244, -0.01973715052008629, -0.0034433756954967976, -0.012465219013392925, 0.011382730677723885, 0.014743093401193619, -0.00415728660300374, 0.014025861397385597, 0.0018744315020740032, -0.0038717221468687057, 0.018608175218105316, -0.03267388045787811, 0.025647670030593872, 0.008175111375749111, 0.034666191786527634, 0.016522889956831932, 0.005173364654183388, -0.004017824772745371, -0.0067672124132514, -0.011807756498456001, 0.0021234701853245497, 0.044548049569129944, 0.030814392492175102, -0.007882906123995781, -0.004625479690730572, -0.00802236795425415, -0.01573924906551838, -0.010585806332528591, -0.014371195808053017, 0.01880740560591221, 0.022645922377705574, -0.006431840360164642, 0.0064418017864227295, 0.00862670224159956, -0.03511778265237808, -0.014729810878634453, -0.02799859456717968, 0.010054524056613445, -0.004323312547057867, -0.018408942967653275, -0.023668641224503517, 0.009729113429784775, 0.006790456362068653, 0.01601817086338997, 0.007922752760350704, 0.017824532464146614, -0.03429429605603218, 0.006647673901170492, 0.004193812143057585, 0.004160607233643532, 0.01708073727786541, 0.03400208801031113, -0.028078287839889526, -0.0257539264857769, 0.01083152461796999, 0.004539146088063717, -0.00953652337193489, -0.010599088855087757, 0.006036698818206787, 0.018156584352254868, -0.002068681875243783, -0.001021888921968639, 0.017040889710187912, 0.010838165879249573, 0.013394963927567005, 0.006239250302314758, -0.014809503220021725, -0.026298491284251213, 0.008440752513706684, 0.0015963383484631777, 0.010705345310270786, 0.018342532217502594, 0.003536350093781948, -0.012279270216822624, -0.005316147115081549, -0.014371195808053017, -0.039819635450839996, -0.001215309021063149, -0.00548549322411418, -0.02441243641078472, -0.008679830469191074, -0.032567624002695084, -0.0018495277035981417, 0.017027609050273895, -0.010658858343958855, -0.012438654899597168, -0.006966443732380867, 0.021052073687314987, -0.01794407144188881, 0.0262453630566597, 0.00011642561003100127, -0.0006599526386708021, -0.018727712333202362, 0.0456637442111969, -0.01731981337070465, -0.03323172777891159, -0.013501220382750034, -0.011575320735573769, -0.02056063897907734, 0.0027161824982613325, 0.01805032789707184, 0.01718699373304844, -0.012239423580467701, -0.014039143919944763, 0.05950365588068962, 0.006382032763212919, 0.015380632132291794, -0.028051722794771194, -0.026909464970231056, 0.024664796888828278, -0.022991256788372993, -0.03163788095116615, -0.022234179079532623, 0.029193980619311333, -0.017505763098597527, -0.008347778581082821, 0.019033201038837433, -0.007238726131618023, -0.014304785057902336, -0.013986015692353249, -0.007610623724758625, 5.38546264579054e-05, -0.003722298890352249, -0.02503669448196888, -0.009416984394192696, -0.03193008527159691, -0.01738622412085533, 0.024771053344011307, -0.002495368244126439, 0.009516600519418716, 0.01330863032490015, -0.00256509892642498, 0.017651865258812904, 0.027600133791565895, -0.008639983832836151, -0.010672139935195446, -0.010552600957453251, -0.024957001209259033, -0.04505276679992676, 0.005083710886538029, 0.014052425511181355, 0.03506465256214142, 0.010087729431688786, -0.013680527918040752, -0.019657457247376442, -0.01360083557665348, -0.04077594354748726, -0.013029706664383411, -0.010585806332528591, 0.0033587024081498384, 0.03987276181578636, 0.015261094085872173, 0.00028618701617233455, 0.0022679127287119627, 0.017824532464146614, -0.0021898807026445866, -0.03453337028622627, 0.015088426880538464, 0.004290107171982527, -0.021928690373897552, 0.005634916480630636, 0.006391994189471006, -0.02882208302617073, 0.011342884041368961, 0.0036990554071962833, -0.009416984394192696, 0.013222296722233295, 0.04149317368865013, 0.018103456124663353, -0.003450016723945737, -0.016270531341433525, -0.02252638339996338, -0.0036027603782713413, -0.0007043645600788295, 0.027188388630747795, -0.014995452016592026, -0.026285208761692047, 0.0396602489054203, -0.00046985308290459216, 0.015340786427259445, 0.014663401059806347, 0.02090597152709961, -0.006760571617633104, 0.011867525987327099, -0.013800066895782948, -0.00605994276702404, 0.018342532217502594, -0.021649766713380814, 0.028636133298277855, -0.0031229457817971706, 0.020202022045850754, 0.018382379785180092, 0.004011183977127075, -0.011542115360498428, -0.003352061379700899, 0.023509256541728973, -0.016708839684724808, -0.012837116606533527, 0.00805557332932949, -0.019750431180000305, -0.03355049714446068, -0.017983917146921158, 0.01773155853152275, -0.003894965862855315, -0.01245193649083376, -0.012697654776275158, -0.002218104898929596, -0.006279096473008394, -0.007942675612866879, 0.009430266916751862, -0.007159033324569464, -0.0058540706522762775, 0.024638231843709946, 0.006757250986993313, 0.0034367346670478582, -0.018448788672685623, -0.0013738636625930667, -0.016722120344638824, -0.01870114915072918, -0.0060267373919487, 0.008972035720944405, -0.046407539397478104, -0.023575667291879654, 0.018926944583654404, 0.034108344465494156, 0.0008699753088876605, 0.1950869858264923, 0.004987415857613087, 0.0020072523038834333, 0.005711288191378117, -0.005060466937720776, -0.01387975923717022, 0.008978676982223988, -0.0015373991336673498, -0.0035263884346932173, 0.055944062769412994, -0.025634387508034706, -0.0025800412986427546, -0.006411917507648468, -0.01453058049082756, -0.000432497268775478, -0.013786784373223782, -0.05482836812734604, -0.018382379785180092, -0.015792377293109894, 0.006425199564546347, 0.01831596903502941, -0.007384828757494688, -0.011057320050895214, -0.010094369761645794, 0.008573574014008045, -0.00018843931320589036, 0.018209712579846382, 0.0036027603782713413, 0.014318066649138927, -0.007192238699644804, -0.02544843778014183, -0.00016851621330715716, 0.008732958696782589, 0.009516600519418716, -0.0092775234952569, -0.012744142673909664, 0.034453678876161575, -0.02548828534781933, -0.006627751048654318, -0.015300939790904522, -0.0032524459529668093, -0.0021350921597331762, 0.028051722794771194, 0.008799368515610695, -0.01928555965423584, -0.014225092716515064, 0.011210063472390175, -0.006763892248272896, 0.028370492160320282, 0.012823835015296936, -0.01356763020157814, 0.02083956077694893, 0.02066689543426037, 0.019843406975269318, -0.01168821845203638, -0.02799859456717968, 0.018926944583654404, -0.011196781881153584, -0.009290805086493492, 0.011342884041368961, -0.0018196430755779147, 0.008082137443125248, 0.01779796928167343, 0.02427961677312851, -0.008148547261953354, 0.0026696952991187572, -0.029087724164128304, -0.0002895075303968042, -0.000670329260174185, 0.0006491609965451062, -0.009616215713322163, -0.03102690540254116, -0.002420656615868211, -0.0072852130979299545, -0.006152917165309191, -0.009875215590000153, -0.0007886226521804929, 0.021091921254992485, 0.024439001455903053, 0.012584757059812546, -0.011874167248606682, -0.001982348272576928, -0.013786784373223782, -0.0017316493904218078, -0.01718699373304844, -0.013368399813771248, 0.002306098584085703, -0.0041738892905414104, -0.010685422457754612, -0.0023559064138680696, -0.00812862440943718, -0.015725966542959213, -0.010479549877345562, -0.027121977880597115, 0.0003150340053252876, 0.014344630762934685, -0.008633342571556568, 0.013946169055998325, -0.013800066895782948, -0.01636350527405739, -0.03761481121182442, 0.057591039687395096, 0.002254630671814084, -0.012186295352876186, -0.018621455878019333, 0.0011895750649273396, 0.003878363175317645, 0.013096117414534092, -0.005369275342673063, 0.0019109572749584913, 0.0037488630041480064, -0.03612722083926201, -0.015818940475583076, -0.022234179079532623, 0.0030266507528722286, 0.017970634624361992, 0.014610272832214832, -0.018754277378320694, -0.016695557162165642, -0.0025717399548739195, -0.007670393213629723, -0.028503313660621643, -0.0013580912491306663, -0.009835369884967804, 0.0027062208391726017, 0.002653092611581087, -0.007298495154827833, 0.015991607680916786, 0.015447042882442474, -0.022167768329381943, 0.007112546358257532, -0.007889547385275364, -0.009808805771172047, -0.013288706541061401, 0.0030200097244232893, 0.02069345861673355, 0.004060991574078798, -0.03859768435359001, -0.005545262712985277, 0.002319380873814225, 0.004774902481585741, -0.007949316874146461, 0.02248653769493103, -0.006209366023540497, -0.004137363750487566, 0.001827944302931428, -0.026325054466724396, 0.011130371131002903, -0.027121977880597115, -0.010964345186948776, -0.007882906123995781, 0.016310377046465874, 0.010512755252420902, -0.00877944566309452, 0.004791505169123411, -0.0008633342804387212, -0.00015896972035989165, -0.013733656145632267, 0.006302340421825647, 0.02149038203060627, -0.03947430104017258, -0.01848863624036312, 0.016615863889455795, 0.014251656830310822, -0.005000697914510965, -0.004077594261616468, -0.1666102409362793, 0.027493877336382866, 0.05041872337460518, -0.034586500376462936, 0.002955259755253792, 0.01632365956902504, 0.0262055154889822, -0.0010268697515130043, 0.0025003489572554827, -0.03798670694231987, 0.008434112183749676, -0.021065356209874153, -0.056050319224596024, -0.002188220387324691, -0.0020172137301415205, 0.013906323350965977, -0.0003536349977366626, -0.015447042882442474, 0.0135344248265028, 0.0075176493264734745, 0.03657880797982216, -0.039819635450839996, -0.016722120344638824, -0.016589300706982613, 0.018209712579846382, -0.0005939573748037219, -0.005080390255898237, -0.005033902823925018, -0.011907371692359447, -0.013009783811867237, -0.029140852391719818, 0.009390420280396938, 0.015022016130387783, -0.008407548069953918, 0.020945817232131958, 0.004210414830595255, 0.019909817725419998, 0.014902478083968163, -0.006129673216491938, 0.005588429048657417, -0.016722120344638824, 0.014424324035644531, 0.007683675270527601, 0.01429150253534317, 0.01762530207633972, 0.02799859456717968, 0.020879408344626427, 0.012040193192660809, 0.030070597305893898, 0.009476753883063793, 0.015380632132291794, 0.005193287972360849, -0.0035894783213734627, 0.00786962453275919, 0.006986366584897041, 0.00996819045394659, -0.00018584515783004463, 0.014716529287397861, -0.025567976757884026, -0.01856832765042782, 0.01482278574258089, -0.008347778581082821, -0.00784970074892044, 0.014517297968268394, -0.01144914049655199, -0.012491783127188683, -0.009078292176127434, 0.010519396513700485, -0.024731207638978958, -0.0044627743773162365, -0.018714431673288345, 0.009157984517514706, 0.009689266793429852, -0.005355993285775185, 0.004565710201859474, 0.0019458226161077619, -0.00451258197426796, 0.009310727939009666, -0.0011679916642606258, 0.0073317005299031734, -0.026298491284251213, 0.005180005915462971, -0.01697448082268238, 0.030973777174949646, -0.029220545664429665, 3.2426920370198786e-05, 0.022234179079532623, 0.0008209976949729025, -0.019099609926342964, -0.005110275000333786, 0.05424395576119423, -0.03774763271212578, -0.001613770960830152, -0.016921352595090866, -0.0016453159041702747, -0.013375040143728256, 0.023549102246761322, 0.00928416382521391, 0.011170217767357826, -0.012764065526425838, 0.007829777896404266, 0.019059764221310616, -0.022088075056672096, 0.0037488630041480064, 0.030708136036992073, 0.004429569002240896, 0.006554699502885342, -0.010340088047087193, 0.037455424666404724, 0.00361604243516922, -0.002933676354587078, 0.011787833645939827, 0.0019740471616387367, 0.05055154114961624, -0.002976842923089862, 0.023389717563986778, 0.024478847160935402, 0.0135344248265028, 0.005013979971408844, 0.006013455335050821, 0.04587625712156296, 0.009702549315989017, -0.0010841486509889364, -0.0067306868731975555, 0.0039049272891134024, -0.0014435945777222514, -0.08994615077972412, -0.021264588460326195, 0.009616215713322163, 0.018847251310944557, -0.051534414291381836, 7.657941023353487e-05, 0.002593323355540633, 0.04470743238925934, -0.016270531341433525, 0.03849142789840698, -0.053500160574913025, -0.02097238227725029, 0.005116915795952082, 0.004290107171982527, -0.004353197291493416, -0.007451239041984081, -0.021756023168563843, -0.0007263629813678563, 0.005631595849990845, 0.034931834787130356, 0.005007338710129261, -0.017519045621156693, -0.0001207837849506177, -0.015207965858280659, -0.028290800750255585, 0.008991958573460579, -0.017545608803629875, -0.0061263530515134335, -0.006129673216491938, -0.004426248371601105, 0.008327855728566647, 0.0002702070341911167, 0.013959451578557491, 0.005040544085204601, -0.01969730295240879, -0.015792377293109894, -0.0329926535487175, -0.012677731923758984, 0.04643410071730614, -0.015181401744484901, -0.00848724041134119, 0.017306532710790634, 0.01281055249273777, -0.022101357579231262, -0.004482697229832411, 0.0010534338653087616, -0.01963089406490326, 0.04343235492706299, 0.004217056091874838, 0.0034466960933059454, -0.012033551931381226, 0.025873463600873947, 0.0074778031557798386, -0.018621455878019333, 0.05017964541912079, 0.004393043462187052, 0.019232431426644325, 0.03400208801031113, 0.004904402885586023, 0.039686813950538635, 0.013461373746395111, -0.025421874597668648, -0.015261094085872173, 0.023256897926330566, 0.023150641471147537, 0.01255155261605978, -0.025010129436850548, -0.0015498510329052806, -0.030522188171744347, -0.013667245395481586, -0.004967492539435625, -0.0380132719874382, -0.04128066077828407, -0.003596119349822402, -0.013813348487019539, 0.02293812856078148, 0.012664450332522392, -0.026975875720381737, -0.0072852130979299545, -0.003606081008911133, -0.006186122074723244, -0.007172315381467342, -0.012677731923758984, 0.006919956300407648, -0.0008006595307961106, 0.019883252680301666, 0.008772804401814938, 0.024492129683494568, -0.018966790288686752, -0.04136035218834877, 0.010160780511796474, 0.007085982244461775, 0.0014460849342867732, -0.0008176771807484329, 0.020600484684109688, 0.014650118537247181, 0.002080303616821766, 0.010532678104937077, -0.02252638339996338, 0.007198879960924387, -0.030362803488969803, -0.018209712579846382, -0.04181194305419922, 0.015500171110033989, 0.025475002825260162, 0.0069066742435097694, -0.004532504826784134, -0.0186347384005785, -0.011920654214918613, -0.009390420280396938, 0.02754700556397438, 0.010526036843657494, -0.002091925358399749, -0.0032507856376469135, -0.0029104326386004686, -0.023057665675878525, 0.0004781543684657663, 0.01894022524356842, 0.030389366671442986, -0.020122330635786057, -0.00950331799685955, -0.0006425199680961668, 0.007364905439317226, -0.026019567623734474, 0.02321705035865307, -0.003081439295783639, -0.026909464970231056, 0.003981299232691526, -0.0028822082094848156, 0.03525060415267944, -0.00699964864179492, -0.0185550469905138, 0.017054172232747078, -0.022194331511855125, -0.003792029805481434, 0.0015515113482251763, 0.014557144604623318, -0.036658503115177155, 0.033284857869148254, 0.029937775805592537, 0.024837464094161987, 0.015128273516893387, -0.03926178812980652, -0.03198321536183357, 0.013155885972082615, -0.013056270778179169, 0.00015388517931569368, -0.02313735894858837, -0.031531624495983124, 0.008294650353491306, -0.0024555218406021595, -0.010844807140529156, 0.04837328568100929, 0.010021318681538105, -0.02331002615392208, -0.017306532710790634, -0.029433058574795723, -0.04104158282279968, 0.003702375805005431, 0.010459627024829388, 0.0019773675594478846, -0.005960327107459307, 0.06157565861940384, -0.0035529525484889746, 0.019776996225118637, -0.013069553300738335, 0.02961900644004345, -0.002302778186276555, -0.003858440089970827, 0.008354419842362404, 0.019086329266428947, -0.0068734693340957165, 0.008274727500975132, -0.013906323350965977, 0.003792029805481434, 0.021981818601489067, -0.009197830222547054, -0.01684165932238102, 0.0023210409563034773, 0.016722120344638824, -0.0262453630566597, 0.0056614805944263935, -0.01010765228420496, -0.016961198300123215, -0.013627399690449238, 0.02678992785513401, 0.022712333127856255, 0.026351619511842728, 0.007119187153875828, 0.016961198300123215, 0.013680527918040752, 0.0006255023181438446, -0.02665710635483265, 0.004768261685967445, -0.015991607680916786, 0.02728136256337166, 0.009888498112559319, 0.010745191015303135, -0.028609570115804672, 0.007152392528951168, 0.009011881425976753, 0.013932887464761734, 0.013866476714611053, -0.013262142427265644, -0.010200626216828823, -0.02021530456840992, -0.008613419719040394, -0.004748338367789984, -0.045610614120960236, -0.033311422914266586, -0.023270180448889732, 0.0021915407851338387, -0.008473957888782024, 0.006196083966642618, -0.00027560285525396466, 0.007690316066145897, -0.004107479006052017, 0.014543862082064152, 0.01129639707505703, -0.010213908739387989, -0.008766163140535355, 0.02103879302740097, -0.001505024149082601, 0.01866130344569683, -0.0018893738742917776, -0.029937775805592537, 0.02613910660147667, 0.013301989063620567, -0.007504367269575596, -0.02445228397846222, 0.017479198053479195, -0.010180703364312649, 0.010333447717130184, -0.0003530124085955322, -0.006302340421825647, -0.007763367611914873, -0.004562389571219683, -0.02455854043364525, -0.012339039705693722, 0.005279621109366417, 0.005259698256850243, 0.056422214955091476, 0.007212162017822266, -0.008500522002577782, 0.0114358589053154, 0.02445228397846222, 0.013175809755921364, 0.00874624028801918, 0.009888498112559319, 0.00877944566309452, -0.014955606311559677, 0.01969730295240879, -0.012923450209200382, -0.02345612831413746, -0.03681788593530655, 0.0018545084167271852, 0.03461306542158127, -0.011747987009584904, -0.011535474099218845, 0.015035298652946949, -0.012790629640221596, 0.007862983271479607, 0.005897237453609705, 0.018063610419631004, 0.020480945706367493, -0.021065356209874153, 0.021516947075724602, 0.01435791328549385, 0.017306532710790634, -0.02607269585132599, -0.028184544295072556, 0.030522188171744347, 0.013580912724137306, -0.01341488678008318, -0.012471860274672508, 0.008208316750824451, -0.013474656268954277, -0.008766163140535355, -0.025886746123433113, 0.027679825201630592, 0.011628448963165283, -0.01234568003565073, 0.004077594261616468, -0.030123725533485413, -0.022778743878006935, 0.014025861397385597, -0.01963089406490326, 0.0010368312941864133, 0.011322961188852787, -0.015420478768646717]","[-0.026526160538196564, -0.005287090316414833, -0.011934828944504261, -0.005413435865193605, -0.028379233554005623, 0.004833540879189968, -0.01672949455678463, -0.02214616909623146, -0.006255742162466049, -0.01799943298101425, 0.028249649330973625, -0.0014100526459515095, -0.007561316713690758, -0.006654217839241028, -0.012517963536083698, -0.0034048601519316435, -0.007185518275946379, 0.020941024646162987, 0.005364841315895319, -0.024647170677781105, -0.002787709003314376, 0.012576277367770672, -0.0034307772293686867, -0.006777323782444, -0.02799047715961933, -0.005487947724759579, 0.00020338855392765254, -0.029182665050029755, -0.014539497904479504, -0.021420489996671677, 0.025968942791223526, -0.0018352553015574813, -0.022794097661972046, -0.03923850134015083, -0.003913483582437038, -0.019230494275689125, -0.008008386939764023, -0.008403622545301914, 0.012809530831873417, 0.016055649146437645, 0.0002960219862870872, -0.01404707320034504, -0.005555980373173952, -0.024323206394910812, -0.0316188745200634, 0.00038166993181221187, 0.02082439698278904, -0.012595715001225471, -0.012822489254176617, 0.006978181656450033, 0.02349385991692543, -0.020694810897111893, -0.046391624957323074, -0.023299481719732285, -0.002050691284239292, -0.010891664773225784, -0.008060220628976822, 0.018427064642310143, 0.018388189375400543, -0.00767794344574213, -0.004516056273132563, 0.0035927591379731894, -0.001602001255378127, -0.022794097661972046, 0.007788090966641903, -0.03537685424089432, 0.014176658354699612, -0.014396954327821732, 0.02131682261824608, 0.007995428517460823, 0.01995617337524891, 0.0007811578689143062, -0.023714154958724976, -0.0043637934140861034, 0.039627257734537125, 0.024686045944690704, -0.026565035805106163, -0.0036996672861278057, 0.03480667620897293, -0.01710529252886772, 0.01895836554467678, -0.03900524973869324, 0.00351176830008626, 0.03032301738858223, 0.013185328803956509, -0.0030468800105154514, 0.014228492975234985, 0.025010010227560997, -0.006971702445298433, -0.039160750806331635, 0.002692139707505703, 0.007321583107113838, -0.012096810154616833, 0.01908794976770878, 0.013347310945391655, 0.002846022602170706, -0.015472513623535633, 0.0036478331312537193, -0.023221729323267937, -0.01723487675189972, 0.005530063062906265, 0.0032266799826174974, -0.009958649054169655, -0.015977896749973297, -0.0316966250538826, -0.019321205094456673, 0.016884995624423027, -0.011468321084976196, 0.006939305923879147, -0.009440306574106216, -0.008125013671815395, 0.011124919168651104, 0.017818013206124306, -0.015122633427381516, -0.005636970978230238, 0.017040498554706573, 0.02177037112414837, -0.0362839512526989, -0.018284520134329796, -0.01679428666830063, 0.006660697050392628, 0.03472892567515373, 0.020979899913072586, -0.008416580967605114, 0.016573991626501083, 0.039575424045324326, 0.00429576076567173, -0.0203449297696352, 0.002139781368896365, -0.029156748205423355, 0.06100887432694435, 0.01623706892132759, 0.00442858599126339, 0.012103289365768433, -0.013502813875675201, 0.012796572409570217, -0.015990857034921646, 0.006084041204303503, -0.03853873908519745, -0.011662699282169342, 0.008863651193678379, 0.008384184911847115, -0.008248119615018368, 0.008643356151878834, -0.0005993331433273852, 0.01766251027584076, -0.00042115303222090006, -0.004726632498204708, -0.007561316713690758, -0.03213721513748169, -0.010224299505352974, -0.0033919014967978, 0.016496239230036736, 0.03584336116909981, 0.03247413784265518, 0.005899381823837757, -0.017830971628427505, -0.016638783738017082, 0.02889757603406906, -0.017960555851459503, 0.004328157287091017, 0.013282517902553082, 0.0101465480402112, -0.01631481945514679, -0.011034209281206131, 0.011222108267247677, 0.011643260717391968, -0.02256084233522415, 0.002450786530971527, 0.004606766160577536, -0.006939305923879147, 0.05243030935525894, -0.025022968649864197, 0.014111865311861038, -0.009919773787260056, 0.005381039809435606, 0.015044881962239742, -0.02209433540701866, -0.013736067339777946, 0.011254504323005676, -0.04939800873398781, 0.015679851174354553, 0.020228303968906403, 0.014396954327821732, -0.025243263691663742, -0.002063649706542492, 0.02082439698278904, -0.017934639006853104, -0.014228492975234985, -0.007094808388501406, 0.027316631749272346, 0.00945974513888359, -0.01404707320034504, 0.000698142102919519, -0.6618192791938782, -0.02674645557999611, 0.01446174643933773, -0.015433638356626034, 0.008131492882966995, 0.04193388298153877, 0.005374560598284006, -0.0036737502086907625, -0.03343306854367256, 0.02900124527513981, -0.0040689860470592976, 0.017727302387356758, 0.006135875359177589, -0.03078952431678772, -0.0012634590966627002, -0.015666892752051353, 0.006926347501575947, -0.02578752301633358, -0.004551692400127649, 0.014850503765046597, 0.0020150551572442055, 0.016949789598584175, -0.017273753881454468, 0.016457363963127136, -0.008235161192715168, 0.010276133194565773, 0.01891949027776718, -0.02300143428146839, 0.005581897217780352, 0.006725489627569914, -0.016586950048804283, -0.004030110314488411, -0.007464127149432898, 0.03034893423318863, 0.03853873908519745, -0.012440212070941925, -0.013003909029066563, 0.00441886717453599, 0.0006787042948417366, 0.03514359891414642, -0.03581744432449341, 0.01809014193713665, 0.026876041665673256, 0.006518153008073568, 0.0011411627056077123, -0.0023179613053798676, 0.018245644867420197, -0.013450979255139828, -0.0049760849215090275, 0.015498431399464607, -0.012679945677518845, -0.013347310945391655, 0.020241262391209602, -0.006757886148989201, 0.008442497812211514, -0.01990433968603611, 0.028793908655643463, -0.002246689284220338, -0.0017996192909777164, 0.01468204241245985, -0.011746929958462715, -0.004833540879189968, -0.034158747643232346, -0.016975706443190575, -0.022042501717805862, -0.010768558830022812, -0.014098906889557838, 0.00951157882809639, 0.01194778736680746, 0.01470795925706625, 0.01220695860683918, 0.011241545900702477, -0.008112055249512196, -0.0001827358646551147, 0.012835447676479816, 0.01903611607849598, 0.022521967068314552, -0.01065841130912304, -0.007068891543895006, 0.02718704752624035, 0.011150836013257504, -0.008202765136957169, -0.003838971722871065, -0.003806575434282422, 0.044525593519210815, 0.023740071803331375, -0.04167471081018448, -0.008533207699656487, 0.0011452122125774622, -0.0037936167791485786, 0.026850124821066856, 0.007652026601135731, 0.007995428517460823, -0.00701705738902092, 0.01945078931748867, 0.020137593150138855, -0.0057665565982460976, 0.02437504008412361, 0.014915295876562595, -0.0031392097007483244, -0.01814197562634945, 0.011643260717391968, 0.01987842284142971, -0.008772941306233406, 0.039160750806331635, 0.00973835401237011, -0.019580375403165817, 0.014513581059873104, 0.016172276809811592, -0.021485283970832825, -0.018219728022813797, -0.025528352707624435, -0.031903959810733795, 0.01107308454811573, -0.01195426657795906, -0.028353316709399223, 0.008947881869971752, 0.0051542650908231735, 0.011610864661633968, -0.014591332525014877, 0.014617249369621277, -0.010023442097008228, 0.01805126667022705, 0.002335779368877411, -0.012498525902628899, 0.019813628867268562, 0.025450600311160088, -0.014526539482176304, -0.040404774248600006, 0.01991729810833931, 0.00044018588960170746, 0.02585231512784958, 0.013003909029066563, -0.0018320155795663595, 0.016483280807733536, -0.01993025653064251, -0.010703765787184238, 0.0057697962038218975, 0.02490634098649025, -0.025048885494470596, -0.011118439957499504, 0.0226774699985981, -0.020241262391209602, -0.0040916637517511845, 0.008533207699656487, -0.012453170493245125, -0.034573424607515335, 0.00927184522151947, 0.0018093381077051163, 0.03877199441194534, 0.006991140078753233, -0.021640785038471222, -0.020085759460926056, -0.0007511912262998521, -0.009712436236441135, 0.009608767926692963, 0.016548074781894684, -0.01996913179755211, -0.023856699466705322, -0.002431348664686084, 0.01041219849139452, 0.0226904284209013, -0.006531111430376768, 0.0226385947316885, 0.006514913402497768, 0.003913483582437038, -0.015951979905366898, 0.02357161045074463, -0.003728823969140649, -0.03117828257381916, -0.005034398287534714, -0.0031327304895967245, 0.0135676059871912, -0.008474894799292088, -0.011461840942502022, 0.010321488603949547, -0.02666870504617691, -0.009809625335037708, -0.011539592407643795, -0.023208770900964737, 0.013224205002188683, 0.014487664215266705, -0.006537590641528368, 0.008785899728536606, 0.013645357452332973, 0.002781229792162776, -0.015472513623535633, 0.020163509994745255, -0.008915485814213753, -0.004671558737754822, -0.006498714908957481, 0.017001623287796974, 0.016988664865493774, -0.0030387809965759516, -0.015161508694291115, -0.0035571232438087463, -0.005018200259655714, -0.0034080997575074434, 0.009589330293238163, 0.03288881108164787, 0.011189711280167103, -0.004464222118258476, 0.022470133379101753, -0.03851282224059105, 0.0019858984742313623, -0.025644978508353233, 0.0011282041668891907, -0.024102911353111267, 0.0014910437166690826, 0.020474515855312347, 0.012686424888670444, -0.025955984368920326, -0.018465939909219742, -0.0101724648848176, 0.020966941490769386, 0.01815493404865265, 0.007652026601135731, -0.007470606826245785, 0.0037579808849841356, -0.016936831176280975, 0.00442858599126339, -0.0029383522924035788, 0.00883125513792038, 0.020474515855312347, -0.0158353541046381, 0.0013144833501428366, -0.004405908286571503, -1.2471343325159978e-05, -0.009083946235477924, -0.028353316709399223, -0.008371226489543915, -0.0024378281086683273, 0.004558171611279249, 0.004901573061943054, -0.02126498706638813, -0.003994474187493324, 0.005841068457812071, -0.017753219231963158, 0.01314645353704691, -0.023623444139957428, 0.0031375898979604244, -0.005351882893592119, -0.00036405440187081695, -0.022379422560334206, 0.0072179147973656654, 0.01853073202073574, 0.03265555575489998, 0.005390758626163006, -0.005727680865675211, -0.004678037948906422, -0.0021009056363254786, 0.016379613429307938, 0.005617533344775438, -0.005782755091786385, 0.030167514458298683, 0.0034113393630832434, -0.004033349920064211, -0.011604385450482368, 0.02850881963968277, 0.019347121939063072, -0.007710339967161417, 0.0015590761322528124, 0.021329781040549278, -0.01814197562634945, 0.025541311129927635, -0.0014416391495615244, -0.009103384800255299, -0.0158353541046381, -0.007204956375062466, -0.014293285086750984, -0.008934923447668552, -0.011779326014220715, -0.016457363963127136, -0.0061293961480259895, 0.048128072172403336, 0.001421391381882131, 0.013865653425455093, 0.010904623195528984, 0.024284331128001213, -0.006265460979193449, -0.03747614100575447, -0.03395141288638115, 0.045925118029117584, -0.012323585338890553, 0.001974559621885419, -0.041415538638830185, -0.023753030225634575, 0.021407531574368477, 0.020241262391209602, 0.010587139055132866, 0.016107482835650444, 0.01223935466259718, 0.03291472792625427, -0.0002162458695238456, 0.011792284436523914, 0.014902337454259396, 0.026422493159770966, 0.007749215699732304, 0.002228871453553438, -0.014824585989117622, 0.015031923539936543, -0.018906529992818832, -0.015226301737129688, -0.015692809596657753, 0.03884974494576454, -0.011280421167612076, 0.008319391869008541, -0.009634684771299362, 0.02528213895857334, -0.005562459584325552, 7.005718362051994e-05, 2.9182057915022597e-05, 0.0033141502644866705, -0.0019470227416604757, 0.008001907728612423, -0.0018239165656268597, -0.025010010227560997, -0.02042268216609955, 0.024711962789297104, -0.0027569325175136328, -0.018763987347483635, -0.006719010416418314, -0.00014224038750398904, 0.018362270668148994, 0.03446975350379944, -0.003534445771947503, 0.020565226674079895, -0.00023588618205394596, -0.002423249650746584, -0.008241640403866768, 0.002050691284239292, -0.002063649706542492, -0.007386376149952412, 0.010101193562150002, -0.022470133379101753, -0.014604290947318077, 0.017818013206124306, -0.005471749696880579, 0.0010626014554873109, 0.008461936376988888, -0.002361696446314454, 0.004529014695435762, 0.005743879359215498, -0.017403338104486465, -0.015692809596657753, 0.021874040365219116, 0.00947918277233839, -0.004603526555001736, 0.0226904284209013, 0.01667765900492668, 0.01674245297908783, -0.013256601057946682, -0.004713674075901508, -0.01287432387471199, 0.0055138650350272655, 0.005494426935911179, 0.01862144283950329, -0.0018660317873582244, -0.014137783087790012, 0.03970501199364662, -0.004441544413566589, -0.0054296343587338924, 0.012349502183496952, -0.005782755091786385, -0.01671653427183628, -0.0030744171235710382, 0.01265402790158987, 0.01290024071931839, -0.00951157882809639, 0.005938257556408644, -0.029934260994195938, 0.01376198511570692, -0.0016781328013166785, -0.004059267230331898, 0.0006884232279844582, 0.004506337456405163, -0.0019502624636515975, -0.026824207976460457, 0.0020717489533126354, 0.01377494353801012, -0.01902315765619278, -0.003053359454497695, 0.00028265846776776016, -0.02765355445444584, -0.009900335222482681, 0.009576371870934963, 0.007425251882523298, -0.004622964188456535, 0.013852695003151894, -0.03669862449169159, -0.007619630079716444, -0.010502908378839493, -0.02127794548869133, -0.025994859635829926, 0.0027407342568039894, -0.009848501533269882, -0.013243642635643482, 0.025515394285321236, 0.022509008646011353, -0.0006665556575171649, 0.02179628796875477, -0.009323679842054844, -0.006016009021550417, -0.0027601721230894327, -0.002053930889815092, -0.02985650859773159, -0.02532101608812809, -0.018776945769786835, 0.002120343502610922, 0.0047007156535983086, 0.033251650631427765, -0.006288138683885336, 0.003958838526159525, 0.009213532321155071, 0.014228492975234985, 0.002232111059129238, 0.04416275396943092, -0.03516951575875282, 0.000516722328029573, -0.017779136076569557, 0.0101595064625144, 0.018375230953097343, 0.0047979047521948814, -0.022288713604211807, 0.016431447118520737, 0.006521392613649368, 0.007749215699732304, -0.008047262206673622, -0.023662319406867027, -0.002332539763301611, 0.0049728453159332275, 0.011779326014220715, -0.03527318686246872, -0.0363617017865181, 0.021835163235664368, 0.008436018601059914, 0.008954361081123352, 0.002301763277500868, 0.0030193431302905083, 0.0077556949108839035, -0.011746929958462715, 0.03436608612537384, -0.01288728229701519, -0.008740545250475407, -0.01446174643933773, -0.01714416779577732, 0.01131929736584425, -0.01109900139272213, -0.010898143984377384, -0.009595809504389763, -0.0015525968046858907, -0.01376198511570692, -0.01539476215839386, 0.012472609058022499, 0.025152554735541344, 0.022755222395062447, -0.027886809781193733, -0.013450979255139828, 0.010619535110890865, -0.022807056084275246, 0.01802534982562065, -0.003058218862861395, -0.013917487114667892, -0.003182944841682911, -0.0135676059871912, 6.752621993655339e-05, 0.002690519904717803, -0.003259076504036784, -0.020953983068466187, -0.02300143428146839, -0.020163509994745255, 0.007988948374986649, -0.0003359100373927504, 0.03770939260721207, 0.020694810897111893, 0.012051455676555634, -0.022003624588251114, -0.01904907450079918, 0.0017899003578349948, -0.02620219625532627, 0.00044302057358436286, -0.004545212723314762, 0.002935112453997135, 0.03656904026865959, 0.015692809596657753, 0.014306244440376759, 0.01948966644704342, -0.018414106220006943, -0.0032477376516908407, 0.010230778716504574, 0.015239260159432888, 0.0021073848474770784, -0.03470300883054733, 0.012265271507203579, 0.0019243452697992325, 0.004078704863786697, 0.014150741510093212, -0.013658315874636173, 0.0004693426308222115, 0.023843739181756973, -0.0056078145280480385, -0.0033076710533350706, 0.0012715581106022, -0.03436608612537384, 0.03441791981458664, -0.0038292529061436653, 0.012291189283132553, 0.014008197002112865, 0.0013161031529307365, -0.019541500136256218, -0.0033011918421834707, -0.01470795925706625, 0.040974948555231094, 0.01948966644704342, 0.027834974229335785, -0.011662699282169342, -0.008863651193678379, 0.002332539763301611, 0.00611643772572279, -0.026331782341003418, 0.005481468513607979, 0.002267746953293681, 0.0004956647171638906, 0.008747024461627007, 0.002637065714225173, 0.013373227789998055, 0.002319581340998411, 0.025087760761380196, -0.008954361081123352, 0.012822489254176617, -0.013269559480249882, -0.007185518275946379, 0.017377421259880066, -0.004937209188938141, 0.01041219849139452, -0.02305326797068119, 0.002633826108649373, -0.007548357825726271, 0.004535493906587362, 0.01199314184486866, -0.018232686445116997, -0.008183327503502369, -0.014008197002112865, -0.041389621794223785, -0.027264798060059547, -0.0026176280807703733, 0.02438799850642681, 0.017053456977009773, 0.0158353541046381, 0.018375230953097343, 0.008209244348108768, -0.027834974229335785, -0.02672053873538971, 0.008772941306233406, 0.012589235790073872, 0.029027162119746208, 0.03796856477856636, -0.01676836982369423, -0.02307918481528759, -0.011546071618795395, -0.008131492882966995, 0.0068550752475857735, -0.015031923539936543, 0.0038940454833209515, 0.015122633427381516, -0.009556934237480164, -0.010839831084012985, -0.005601335316896439, -0.03286289423704147, 0.00926536601036787, -0.0316188745200634, -0.016133399680256844, -0.008876609615981579, 0.006359410472214222, -0.04107861593365669, 0.03384774550795555, -0.022340547293424606, 0.026901958510279655, 0.013036306016147137, 0.009790187701582909, -0.011118439957499504, 0.003932921215891838, -0.02311806194484234, -0.005883183795958757, -0.010042879730463028, 0.014383994974195957, -0.012563318945467472, 0.01619819365441799, 0.017027540132403374, 0.0271352119743824, -0.017727302387356758, -0.0073928553611040115, -0.02806822955608368, 0.023260604590177536, 0.008040782995522022, 0.0027423540595918894, -0.007386376149952412, 0.0362321175634861, 0.0021899957209825516, -0.01474683452397585, -0.01223287545144558, -0.040534358471632004, -0.0011330635752528906, -0.00011531088966876268, 0.026772374287247658, -0.009725394658744335, 0.00883773434907198, 0.000257753737969324, -0.01985250599682331, -0.001935684005729854, -0.02627994865179062, -0.010574180632829666, 0.0027569325175136328, -0.03314798325300217, 0.012595715001225471, -0.003780658356845379, 0.013515772297978401, 0.007243832107633352, 0.018699193373322487, -0.02129090577363968, 0.03309614956378937, 0.013062222860753536, 0.0038616491947323084, 0.01985250599682331, -0.005539781879633665, 0.014228492975234985, -0.035972945392131805, 0.0012488806387409568, 0.00518666161224246, -0.012777134776115417, -0.003144069341942668, -0.011772846803069115, -0.012343022972345352, -0.010062317363917828, 0.014565414749085903, 0.0027455936651676893, 0.0013873751740902662, -0.01950262486934662, -0.001901667914353311, -0.008248119615018368, 0.0158223956823349, -0.015304053202271461, -0.011662699282169342, 0.0006442831363528967, -0.016664700582623482, 0.006599143613129854, 0.019632209092378616, -0.015666892752051353, -0.013736067339777946, 0.00259981001727283, 0.016483280807733536, 0.01904907450079918, -0.01377494353801012, -0.017727302387356758, 0.011526633985340595, -0.011222108267247677, -0.03361449018120766, -0.016535114496946335, -0.012828968465328217, -0.0012464509345591068, -0.004597047343850136, 0.0057892343029379845, -0.005659648682922125, 0.0014740355545654893, -0.006417723838239908, -0.0062363045290112495, -0.008410101756453514, 0.022884806618094444, -0.020215345546603203, -0.01630186103284359, -0.024128828197717667, -0.006544069852679968, -0.026007818058133125, -0.004840020090341568, 0.012168082408607006, 0.03799448162317276, 0.010289092548191547, -0.006463078781962395, -0.008403622545301914, 0.005747118964791298, -0.03724288567900658, -0.005743879359215498, -0.016664700582623482, 0.006599143613129854, 0.010334447026252747, 0.027757223695516586, 0.000814364175312221, 0.025191430002450943, 0.021899957209825516, 0.024517584592103958, -0.029623255133628845, -0.021627826616168022, 0.01761067472398281, -0.02305326797068119, 0.007360458839684725, 0.011662699282169342, -0.016366655007004738, -0.026046695187687874, 0.032836977392435074, 0.0025382568128407, 0.033744074404239655, 0.021433448418974876, -0.0041823736391961575, -0.001117675332352519, -0.01801239140331745, 0.004836780484765768, 0.013904528692364693, 0.0010123871034011245, 0.030063847079873085, -0.038590576499700546, -0.008494332432746887, 0.02075960487127304, 0.015096715651452541, -0.00795655231922865, 0.010807434096932411, -0.014422871172428131, 0.00039503342122770846, 0.002752072876319289, -0.026020776480436325, -0.0066023836843669415, -0.008429539389908314, -0.007347500417381525, 0.006744927726686001, -0.02762763760983944, -0.016936831176280975, 0.02123907022178173, -0.009680040180683136, 0.004856218118220568, 0.013904528692364693, 0.026876041665673256, -0.0037353034131228924, 0.00344697549007833, 0.012135686352849007, 0.00084797537419945, -0.020331971347332, -0.009854980744421482, -0.003780658356845379, -0.0037709393072873354, -0.0005896142101846635, -0.009220011532306671, -0.004551692400127649, -0.003838971722871065, 0.015317011624574661, 0.011708053760230541, -0.028353316709399223, -0.007243832107633352, 0.00835178792476654, -0.0012569797690957785, -0.014072990044951439, -0.007315103895962238, 0.013360269367694855, 0.0007439019973389804, 0.0075548370368778706, 0.006080801598727703, -0.019632209092378616, -0.02767947129905224, 0.023169895634055138, 0.029156748205423355, -0.003719105152413249, 0.0135676059871912, 0.24216946959495544, -0.006446880754083395, 0.019684044644236565, -0.0006584565271623433, 0.007418772205710411, 0.004989043343812227, -0.01631481945514679, 0.0028929973486810923, -0.0036672709975391626, -0.012453170493245125, 0.00861095916479826, 0.028171896934509277, 0.002177037065848708, -0.001296665403060615, 0.01998209021985531, 0.00024135307467076927, 0.012679945677518845, 0.007055932655930519, -0.0072179147973656654, -0.020098717883229256, 0.03081544302403927, -0.020176468417048454, -0.013263080269098282, -0.022755222395062447, 0.013101098127663136, -0.006725489627569914, -0.022340547293424606, 0.024064036086201668, 0.021044692024588585, 0.005393998231738806, -0.020448599010705948, -0.016923872753977776, 0.007425251882523298, 0.02177037112414837, 0.015537306666374207, -0.01133873499929905, 0.034625258296728134, 0.01714416779577732, 0.03120419941842556, 0.0026403055526316166, 0.0067838029935956, -0.014863462187349796, 0.0024993810802698135, -0.00599981052801013, -0.008384184911847115, 0.013852695003151894, 0.0057665565982460976, -0.02171853743493557, 0.008798858150839806, 0.033303484320640564, -0.0158742293715477, -0.03750205785036087, 0.012116248719394207, 0.012563318945467472, 0.00859800074249506, -0.005125108174979687, 0.030996862798929214, 0.0040009538643062115, 0.023286521434783936, 0.01578351855278015, 0.0057730358093976974, 0.015692809596657753, -0.016120441257953644, 0.012064414098858833, -0.020552266389131546, 0.013878611847758293, -0.02077256329357624, 0.007995428517460823, 0.006514913402497768, 0.00599333131685853, -0.004733112175017595, -0.004622964188456535, 0.017558841034770012, 0.015757601708173752, -0.00925888679921627, -0.012407816015183926, 0.009207053110003471, 0.007988948374986649, 0.05165279656648636, 0.01766251027584076, -0.0015291094314306974, 0.0050732740201056, 0.003936160821467638, -0.007055932655930519, -0.015226301737129688, -0.03524726629257202, -0.011753409169614315, 0.014617249369621277, 0.0018336354987695813, -0.024763798341155052, -0.005581897217780352, 0.0026597431860864162, -0.004496618174016476, -0.020215345546603203, -0.0032477376516908407, 0.015926063060760498, 0.0016586949350312352, 0.028638405725359917, 0.0026532639749348164, 0.007878800854086876, -0.005620772950351238, -0.0013695572270080447, 0.009712436236441135, 0.004039829131215811, -0.0037709393072873354, -0.011520154774188995, 0.009045070968568325, 0.010114151984453201, 0.0006762745324522257, -0.002517199143767357, 0.019697003066539764, -0.008384184911847115, 0.010029921308159828, -0.014643166214227676, 0.004590567667037249, 0.025619061663746834, -0.003897285321727395, -0.01623706892132759, 0.015433638356626034, 0.007179039064794779, -0.007049453444778919, -0.027912726625800133, 0.003965317737311125, -0.0034858512226492167, 0.007055932655930519, -0.013425062410533428, -0.023286521434783936, -0.009349596686661243, 0.007256790529936552, -0.017468132078647614, -0.00949214119464159, 0.005649929866194725, -0.002390853362157941, -0.006680134683847427, -0.009725394658744335, -0.014280326664447784, -0.013697192072868347, 0.0052449749782681465, -0.004088423680514097, 0.0064015258103609085, -0.009161697700619698, -0.004723392892628908, -0.01904907450079918, 0.005559219978749752, -0.021407531574368477, 0.0034664133563637733, -0.009939211420714855, 0.006706051994115114, -0.015161508694291115, -0.012129207141697407, -0.01669061742722988, -0.012958554551005363, -0.004629443399608135, -0.020163509994745255, 0.03205946460366249, -0.007263269741088152, -0.00882477592676878, -0.030478520318865776, 0.015161508694291115, 0.010062317363917828, -0.026513202115893364, -0.0034340168349444866, 0.005539781879633665, -0.0066736554726958275, -0.006424203515052795, -0.012019059620797634, -0.16462548077106476, 0.02118723653256893, 0.014850503765046597, -0.044110920280218124, 0.008235161192715168, 0.014902337454259396, 0.0062363045290112495, -0.003294712398201227, -0.02484154887497425, 0.006025727838277817, 0.01264754869043827, -0.016936831176280975, -0.018738070502877235, 0.029130829498171806, -0.017351504415273666, -0.002695379313081503, -0.020267179235816002, -0.018401147797703743, 0.050875283777713776, 0.01403411477804184, 0.026124445721507072, -0.027834974229335785, 0.017869846895337105, -0.016548074781894684, -0.003838971722871065, 0.004405908286571503, -0.009440306574106216, 0.0009589330293238163, 0.0002842782996594906, -0.010340926237404346, -0.017766177654266357, -0.010949978604912758, 0.01761067472398281, -0.01040571928024292, 0.006731968838721514, 0.005008481442928314, 0.011222108267247677, -0.02485450729727745, 0.0008925204165279865, 0.022288713604211807, 0.015511389821767807, 0.01815493404865265, -0.01174044981598854, -0.009310721419751644, -0.0004361363535281271, 0.016962748020887375, 0.046832215040922165, -0.020604101940989494, 0.0018222967628389597, 0.005403717048466206, 0.030141597613692284, -0.015044881962239742, -0.01539476215839386, 0.004878895822912455, 0.01472091767936945, 0.003813054645434022, -0.013995238579809666, 0.009913293644785881, -0.003978276159614325, -0.006297857500612736, 0.008474894799292088, -0.041415538638830185, -0.005170463118702173, 0.0004328967188484967, -0.006417723838239908, 0.005108910147100687, -0.0058572664856910706, 0.02075960487127304, -0.000937065458856523, -0.003923202399164438, -0.016561033204197884, -0.014578374102711678, 0.0035279663279652596, -0.0011767987161874771, -0.005393998231738806, 0.008163888938724995, -0.011014771647751331, 0.015537306666374207, 0.011377611197531223, 0.0028508820105344057, -0.014085948467254639, 0.024673087522387505, 0.008014866150915623, 0.02393445000052452, -0.005915579851716757, 0.01287432387471199, 0.01717008464038372, 0.023778947070240974, 0.01285488624125719, -0.007541878614574671, 0.010710244998335838, -0.027809057384729385, -0.0203578881919384, -0.01948966644704342, 0.01534292846918106, 0.017442213371396065, 0.006699572782963514, 0.014319202862679958, 0.008332350291311741, 0.004470701329410076, -0.003783897962421179, -0.005445832386612892, -0.02392149157822132, -0.0011929968604817986, 0.03980867937207222, 0.036880046129226685, 0.005854026880115271, 0.006777323782444, 0.030582187697291374, 0.006508433725684881, -0.013068702071905136, 0.012414295226335526, 0.016522156074643135, 0.042322639375925064, 0.018245644867420197, 0.04263364523649216, 0.023195812478661537, -0.007068891543895006, -0.01560209970921278, -0.006731968838721514, 0.06862850487232208, 0.0023519776295870543, -0.021822204813361168, 0.013658315874636173, -0.015109674073755741, -0.0026451649609953165, -0.09615247696638107, -0.018906529992818832, 0.014293285086750984, 0.00691338861361146, -0.009686519391834736, 0.011662699282169342, -0.014241451397538185, 0.026461368426680565, -0.01538180373609066, 0.03791673108935356, -0.026409534737467766, -0.004992282949388027, 0.009705957025289536, -0.005494426935911179, 0.0017072894843295217, 0.0005041687400080264, -0.004943688400089741, -0.003806575434282422, -0.008682231418788433, 0.029986094683408737, -0.02449166774749756, -0.022042501717805862, -0.009764270856976509, -0.0317743755877018, 0.003233159426599741, 0.008980277925729752, -0.025606103241443634, 0.024711962789297104, 0.0019826588686555624, -0.001959981396794319, 0.010937020182609558, -0.03301839530467987, -0.008027824573218822, -0.018789904192090034, -0.011772846803069115, -0.029053078964352608, 0.00599657092243433, -0.0008722727070562541, 0.04382583126425743, -0.013697192072868347, 0.006080801598727703, -0.020448599010705948, 0.0006220106151886284, -0.025670895352959633, 0.0052482145838439465, -0.003654312342405319, 0.0022531687282025814, 0.03890157863497734, -0.020591143518686295, -0.01726079359650612, -0.028690239414572716, 0.006757886148989201, -0.001486184191890061, -0.03024526685476303, 0.03073769062757492, 0.0010010483674705029, -0.01106660533696413, 0.02443983405828476, -0.034184668213129044, 0.002518818946555257, -0.0023746551014482975, -0.01264106947928667, -0.009038591757416725, 0.01377494353801012, 0.0028865179046988487, 0.02042268216609955, -0.014215534552931786, 0.006472798064351082, -0.0010933780577033758, -0.01292615756392479, -0.011539592407643795, 0.014798669144511223, -0.023169895634055138, 0.030867276713252068, -0.01670357584953308, -0.011863556690514088, -0.004227728582918644, -0.020150551572442055, 0.013204767368733883, -0.013463937677443027, 0.0021689380519092083, -6.651382864220068e-05, -0.01946374960243702, -0.014513581059873104, 0.02083735540509224, -0.0014359698398038745, -0.010528825223445892, 0.019800670444965363, 0.02443983405828476, -0.0203060545027256, -0.005692045204341412, 0.02208137698471546, 0.013450979255139828, -0.015057840384542942, -0.009829063899815083, 0.0014918536180630326, -0.008474894799292088, -0.007626109290868044, 0.004752549808472395, -0.0003470462979748845, -0.05007185414433479, -0.02354569360613823, -0.03755389153957367, 0.007749215699732304, 0.005267652217298746, -0.006093760021030903, -0.025904150679707527, -0.0004632683121599257, -0.007716819178313017, -0.008436018601059914, -0.007768653333187103, -0.009809625335037708, -0.009712436236441135, 0.003657551947981119, -0.014267368242144585, 0.002392473164945841, 0.008319391869008541, -0.017092334106564522, 0.0293640848249197, -0.0017737020971253514, 0.03900524973869324, 0.00260952883400023, 0.01667765900492668, -0.01291319914162159, -0.022755222395062447, 0.006508433725684881, -0.01862144283950329, 0.026901958510279655, -0.028845742344856262, 0.0028622206300497055, 0.0051542650908231735, -0.02077256329357624, 0.00521905766800046, -0.036413539201021194, -0.002248309087008238, 0.0021640786435455084, 0.016366655007004738, -0.010191903449594975, 0.0016497859032824636, 0.03529910370707512, 0.04263364523649216, -0.008189806714653969, 0.005397237837314606, -0.028871659189462662, 0.0015566463116556406, 0.008649835363030434, -0.00043775615631602705, -0.017727302387356758, -0.02765355445444584, 0.012187520042061806, -0.005377800203859806, -0.0056078145280480385, 0.021601909771561623, 0.013373227789998055, -0.04214121773838997, -0.03405508026480675, 0.008118534460663795, -0.018465939909219742, 0.02118723653256893, -0.0023827541153877974, 0.004869177006185055, -0.029960177838802338, 0.044110920280218124, 0.025683855637907982, 0.014098906889557838, 0.009712436236441135, -0.009304242208600044, -0.010068796575069427, -0.011798763647675514, 0.01908794976770878, 0.030659940093755722, -0.003693188074976206, -0.014552456326782703, 0.00035555034992285073, -0.006991140078753233, 0.02131682261824608, 0.009045070968568325, 0.006501954514533281, -0.01104068849235773, 0.002782849594950676, -0.02397332526743412, 0.01862144283950329, 0.016872037202119827, -0.003871368011459708, -0.023234687745571136, 0.035584188997745514, 0.012427253648638725, 0.02085031382739544, -0.010684328153729439, 0.022249838337302208, -0.0027067179325968027, 0.004519295878708363, -0.02349385991692543, -0.0007528110290877521, 0.008267557248473167, 0.0362580344080925, -0.007308624684810638, -0.025502435863018036, -0.001908147125504911, 0.005915579851716757, 0.005821630358695984, -0.0004507147241383791, 0.004865937400609255, -0.002206193981692195, -0.009777229279279709, -0.014928254298865795, -0.023727113381028175, 0.004784946329891682, -0.018841737881302834, -0.021031733602285385, -0.00017413057503290474, 0.02897532843053341, 0.01669061742722988, -0.02355865202844143, -0.006446880754083395, 0.0007232493371702731, 0.006482516881078482, 0.001150881638750434, -0.0017348264809697866, 0.004661839921027422, -0.028690239414572716, 0.001086898730136454, 0.0028848981019109488, 0.01129985973238945, 0.026772374287247658, -0.04115637019276619, 0.02392149157822132, 0.01679428666830063, 0.025048885494470596, -0.0021592192351818085, 0.007632588502019644, -0.013606482185423374, 0.014837544411420822, -0.0033919014967978, -0.01994321495294571, -0.018310436978936195, -0.03348490595817566, -0.004473940934985876, 0.01285488624125719, 0.01818085089325905, -0.0062363045290112495, 0.06163088604807854, -0.008319391869008541, -0.0025285379961133003, 0.008526728488504887, 0.005487947724759579, -0.0019437831360846758, 0.016457363963127136, 0.003362744813784957, -0.02718704752624035, -0.007373417261987925, 0.006411244627088308, 0.007788090966641903, -0.009647644124925137, 0.02212025225162506, -0.0012019058922305703, 0.028819825500249863, 0.007528920192271471, -0.015653934329748154, -0.022236879914999008, -0.012038497254252434, 0.022418299689888954, 0.032318633049726486, 0.026409534737467766, -0.02626699022948742, -0.009135780856013298, -0.0158483125269413, 0.0158353541046381, -0.01675541140139103, -0.02666870504617691, -0.020500432699918747, -0.0030355413910001516, -0.014111865311861038, -0.027783140540122986, -0.001972939819097519, -0.008228681981563568, 0.00442858599126339, -0.0036089573986828327, -0.004509577061980963, 0.022949600592255592, 0.020098717883229256, -0.012388378381729126, 0.026111487299203873, -0.0007580754463560879, -0.0022936640307307243, 0.011753409169614315, 0.008371226489543915, -0.0035052888561040163, 0.003693188074976206, -0.045951034873723984]"
12394,"How to adapt MongoDB query from Node.js driver format to Mongoose format<p>I would appreciate some help with the syntax for a query using Mongoose.</p>
<p>I have this query which runs well using the MongoDB Node.js driver to remove an ObjectId from a nested array of Object IDs:</p>
<pre><code>    let filter = { _id : new ObjectId('5f30b40839aab119f4b3e21d'), 'groups._id': new ObjectId('5f3a23ec3680923d04ff970c') };
    let update = { $pull: { &quot;groups.$.students&quot;: new ObjectId('5f1a57a9d433f86ec0750c2c') }};

          client.db('database').collection('collection').findOneAndUpdate(filter, update, function(err, res) {
              if (err) console.log(err);
              console.log(JSON.stringify(res, null, 2));
              client.close();
          }); 
</code></pre>
<p>When I try to run the query using Mongoose Schema, the query does not remove the ObjectId from the array, but it does not throw any errors:</p>
<pre><code>let groupFilter = { _id: existingClassroom._id, 'groups._id': groupId };
let groupUpdate = { $pull: { &quot;groups.$.students&quot;: existingUser._id } };
await Classroom.findOneAndUpdate(groupFilter, groupUpdate, {new: true}, async (err, doc) =&gt; {
 if(err){
  console.log(err);
 }
});
</code></pre>
<p>The Mongoose schema has the schema for these fields defined like this:</p>
<pre><code>  groups:[
    {
      students:[
        mongoose.Schema.Types.ObjectId
      ],
      dateCreated: {
          type: Date,
          default: Date.now
      }
    }
  ]
</code></pre>
",check the IP address is that of your own computer and not the IP address of the server (just checking you haven't got mixed up),"Embed Field: How to adapt MongoDB query from Node.js driver format to Mongoose format<p>I would appreciate some help with the syntax for a query using Mongoose.</p>
<p>I have this query which runs well using the MongoDB Node.js driver to remove an ObjectId from a nested array of Object IDs:</p>
<pre><code>    let filter = { _id : new ObjectId('5f30b40839aab119f4b3e21d'), 'groups._id': new ObjectId('5f3a23ec3680923d04ff970c') };
    let update = { $pull: { &quot;groups.$.students&quot;: new ObjectId('5f1a57a9d433f86ec0750c2c') }};

          client.db('database').collection('collection').findOneAndUpdate(filter, update, function(err, res) {
              if (err) console.log(err);
              console.log(JSON.stringify(res, null, 2));
              client.close();
          }); 
</code></pre>
<p>When I try to run the query using Mongoose Schema, the query does not remove the ObjectId from the array, but it does not throw any errors:</p>
<pre><code>let groupFilter = { _id: existingClassroom._id, 'groups._id': groupId };
let groupUpdate = { $pull: { &quot;groups.$.students&quot;: existingUser._id } };
await Classroom.findOneAndUpdate(groupFilter, groupUpdate, {new: true}, async (err, doc) =&gt; {
 if(err){
  console.log(err);
 }
});
</code></pre>
<p>The Mongoose schema has the schema for these fields defined like this:</p>
<pre><code>  groups:[
    {
      students:[
        mongoose.Schema.Types.ObjectId
      ],
      dateCreated: {
          type: Date,
          default: Date.now
      }
    }
  ]
</code></pre>; Answer: check the IP address is that of your own computer and not the IP address of the server (just checking you haven't got mixed up)","[-0.0027589553501456976, 0.03984898328781128, 0.011095834895968437, -0.020791353657841682, -0.029046546667814255, 0.03307412192225456, 0.017083851620554924, -0.021578198298811913, -0.022831812500953674, -0.008241857402026653, 0.022231677547097206, -0.013656411319971085, 0.013042939826846123, -0.01370975747704506, -0.009755532257258892, -0.004837756976485252, 0.01240946352481842, -0.010875784792006016, 0.009348774328827858, -0.01909763738512993, -0.01871088519692421, 0.009115387685596943, 0.006454788148403168, -0.008261862210929394, -0.038542021065950394, -0.006994910072535276, 0.025445735082030296, -0.01728389598429203, 0.004057581536471844, -0.007408336736261845, 0.017270559445023537, 0.010315658524632454, -0.028113003820180893, -0.03467448428273201, -0.015630189329385757, -0.007408336736261845, -0.008281867019832134, -0.018230775371193886, 0.015830235555768013, 0.004284298978745937, 0.0344877727329731, -0.007568372879177332, -0.00688155135139823, -0.02139148861169815, -0.0023822037037461996, 0.0453435555100441, -3.008490602951497e-05, -0.03067358024418354, -0.022551750764250755, 0.0027039428241550922, 0.020337916910648346, 0.026646006852388382, -0.03350088372826576, -0.015576845034956932, -0.020271236076951027, -0.006274747662246227, 0.019684437662363052, 0.029153238981962204, 0.021524852141737938, 0.00397089496254921, 0.042009469121694565, 0.00421428307890892, 0.0071616144850850105, -0.0007139109075069427, -0.022898495197296143, 0.009535483084619045, 0.008868665434420109, 0.004984457045793533, -0.002055463381111622, -0.013289662078022957, 0.016737105324864388, 0.015896916389465332, -0.013449698686599731, -0.0031690476462244987, 0.03995567187666893, -0.02545907162129879, -0.0062147341668605804, -0.00045968694030307233, 0.014936700463294983, 0.004887768533080816, 0.004334310535341501, -0.03480784595012665, -0.03816860541701317, 0.014563282951712608, -0.0035407980903983116, 0.014003156684339046, 0.007448345422744751, 0.03606146201491356, 0.013736429624259472, -0.00028485586517490447, -0.009075378999114037, 0.01503005437552929, 0.015403471887111664, -0.025432400405406952, 0.0055579193867743015, 0.014589955098927021, -0.015150081366300583, 0.036008115857839584, 0.004040910862386227, 0.005114486441016197, -0.03307412192225456, 0.022311696782708168, -0.020591307431459427, -0.01917765662074089, -0.010489030741155148, -0.0016545396065339446, 0.008481912314891815, -0.016630414873361588, 0.022525077685713768, -0.0159635990858078, 0.0008793649030849338, 0.024125438183546066, -0.006521469913423061, -0.0016870469553396106, -0.001983780413866043, -0.010202299803495407, 0.006848210468888283, -0.05081145465373993, -0.009975582361221313, -0.011982700787484646, -0.0022938502952456474, 0.014269883744418621, 0.024525528773665428, -0.03763515129685402, 0.008968688547611237, -0.005664610303938389, -0.002580581698566675, -0.0101622911170125, -0.0015695204492658377, -0.012989594601094723, 0.02803298644721508, 0.011282543651759624, 0.021831586956977844, 0.027299487963318825, -0.026966078206896782, -0.008801983669400215, 0.003412435995414853, 0.003660825314000249, -0.03592810034751892, -0.03603478893637657, 0.022271687164902687, 0.02856643870472908, 0.014323228970170021, -0.015270108357071877, -0.05334535986185074, 0.01386979315429926, 0.013643075712025166, 0.013589729554951191, 0.027792932465672493, -0.016390360891819, -0.001943771494552493, 0.0013578060315921903, 0.002742284908890724, 0.0025372386444360018, 0.003402433590963483, -0.0011569274356588721, 0.0022221675608307123, 0.009575491771101952, 0.002568912459537387, 0.003185718087479472, 0.026432625949382782, 0.002218833426013589, -0.006384772714227438, -0.0002633926924318075, 0.003259067889302969, 0.01967110112309456, -3.8810831028968096e-05, -0.003140707965940237, 0.0012111063115298748, 0.003694165963679552, 0.015616853721439838, 0.01907096616923809, -0.024738909676671028, 0.020724670961499214, 0.0045310212299227715, -0.008968688547611237, 0.020377926528453827, 0.033474210649728775, -0.025765808299183846, -0.02481892704963684, -0.00983555056154728, 0.008568597957491875, -0.0033407530281692743, 0.04227619618177414, -0.032007213681936264, -0.020484616979956627, -0.01308961771428585, -0.027192795649170876, -0.007475018501281738, -0.00032653193920850754, 0.010535708628594875, 0.016630414873361588, -0.023431949317455292, -0.014309892430901527, -0.6183794140815735, -0.0036774955224245787, 0.02984672784805298, -0.014096510596573353, -0.008288535289466381, 0.000610971066635102, -0.027659568935632706, 0.011936023831367493, -0.01856418512761593, 0.02356531284749508, -0.01899094693362713, 0.026325933635234833, -0.015390136279165745, -0.009102052077651024, 0.0008801984367892146, 0.0017870694864541292, 0.022698450833559036, -0.02581915259361267, -0.002613922581076622, -0.008355217054486275, -0.014109847135841846, 0.012216087430715561, 0.011695969849824905, 0.01739058643579483, -0.014216537587344646, -0.005431224126368761, -0.0014078173553571105, -0.017937377095222473, 0.005467899143695831, 0.02805965766310692, -0.035474661737680435, 0.023165222257375717, 0.0014719985192641616, 0.014109847135841846, 0.056332699954509735, -0.009295429103076458, -0.030833616852760315, 0.027366168797016144, -0.010615726001560688, 0.04870431125164032, 0.0019921157509088516, -0.027979640290141106, 0.016523724421858788, -0.01685713231563568, -0.0053545404225587845, 0.0032207260373979807, 0.039262183010578156, -0.004931111354380846, 0.014723318628966808, -0.01853751204907894, 0.0033124133478850126, 0.017657313495874405, -0.010622394271194935, 0.022511741146445274, 0.00599801866337657, -0.03446109965443611, 0.02963334694504738, -0.02092471718788147, 0.011936023831367493, 0.003617482027038932, 0.011255870573222637, 0.002100473502650857, -0.024298811331391335, 0.009548818692564964, -0.03248732164502144, 0.013222980313003063, 0.002387204673141241, 0.010675739496946335, -0.00036258171894587576, -0.0072949775494635105, 0.006361433770507574, -0.002133814385160804, -0.020271236076951027, -3.490369999781251e-05, 0.006224736571311951, 0.009295429103076458, 0.013556389138102531, -0.030113454908132553, -0.02264510467648506, -0.0030323502141982317, 0.024552201852202415, -0.00502446573227644, -0.010108944959938526, -0.0006351431948132813, -0.007641722448170185, -0.0035274617839604616, -0.025299036875367165, 0.0003482034953776747, 0.02609921619296074, -0.0013011266710236669, 0.014109847135841846, 0.01907096616923809, 0.010022259317338467, -0.007728408556431532, -0.005761298816651106, 0.006251409184187651, -0.001690381090156734, 0.003934219945222139, 0.007588377222418785, -0.025419063866138458, -0.026379279792308807, -0.013856456615030766, -0.0019604419358074665, 0.013549720868468285, 0.03368759527802467, -1.831141889852006e-05, -0.03099365346133709, 0.027872949838638306, 0.006348097696900368, -0.021831586956977844, -0.014843345619738102, -0.00826853048056364, -0.023551976308226585, 0.01317630335688591, -0.02560577169060707, -0.031127016991376877, 0.017630640417337418, -0.0047777434810996056, 0.019804464653134346, -0.015950262546539307, 0.009655510075390339, 0.008201848715543747, 0.008548594079911709, -0.0014661637833341956, -0.0027172791305929422, -0.005351206287741661, -0.009575491771101952, -0.008768643252551556, -0.002755621215328574, 0.003777518169954419, 0.012256096117198467, -0.006444786209613085, 0.01335634384304285, -0.012829558923840523, 0.0011610951041802764, 0.010809103026986122, -0.0014478263910859823, -0.003199054393917322, 0.007555036339908838, 0.0019554407335817814, 0.018830912187695503, 0.00204046000726521, 0.029126565903425217, -0.02288515865802765, 0.012529491446912289, -0.016723770648241043, -0.049397800117731094, -0.010042264126241207, -0.0204312726855278, 0.009308764711022377, -0.014656636863946915, -0.00716828228905797, 0.022231677547097206, 0.016470380127429962, -0.01877756603062153, -0.00999558623880148, 0.019911155104637146, -0.016003606840968132, -0.016977161169052124, -0.018590858206152916, 0.004354314878582954, 0.03918216750025749, -0.01928434707224369, 0.005374544765800238, -0.011209193617105484, -0.031473759561777115, -0.029446637257933617, 0.018190767616033554, 0.0009460466098971665, -0.021618206053972244, -0.011402570642530918, 0.006201398093253374, -0.013936474919319153, -0.02952665649354458, 0.008761974982917309, 0.0018970943056046963, -0.04112927243113518, -0.0021254790481179953, -0.01813742145895958, -0.014950037002563477, 0.008875333704054356, -0.0010360669111832976, 0.014216537587344646, 0.00016378691361751407, 0.022111650556325912, 0.022311696782708168, 0.03928885608911514, 0.01121586188673973, -0.01753728650510311, 0.04352981224656105, 0.02113809809088707, 0.01849750243127346, -0.032220594584941864, -0.016297006979584694, 0.006428115535527468, 0.019444383680820465, 0.05403884872794151, 0.0010177294025197625, 0.019657764583826065, 0.014216537587344646, 0.0173505786806345, -0.0016445373184978962, 0.03291408717632294, -0.014243210665881634, 0.01624366082251072, -0.02773958630859852, -0.028593111783266068, -0.019911155104637146, 0.02656598761677742, 0.0312870517373085, 0.016443707048892975, -0.011742646805942059, 0.01083577610552311, -0.033874303102493286, -0.020044518634676933, 0.03206055983901024, 0.005247849505394697, 0.0012344449060037732, -0.02177824266254902, 0.016977161169052124, 0.0030723591335117817, 0.001735391211695969, 0.017630640417337418, 0.01913764700293541, -0.017617303878068924, 0.032727375626564026, -0.006478127092123032, 0.019524401053786278, -0.008261862210929394, -0.028219694271683693, 0.008188512176275253, 0.01935102790594101, 0.018150757998228073, 0.015363463200628757, 0.0021688223350793123, 0.01635035313665867, 0.020364589989185333, -0.006968237459659576, 0.032300613820552826, -0.028593111783266068, 0.0011627620551735163, 0.04038243740797043, 0.0262859258800745, -0.017043842002749443, 0.022164996713399887, 0.014443255960941315, 0.024152111262083054, 0.019204329699277878, -0.004874431993812323, 0.02143149822950363, -0.011669296771287918, 0.017977384850382805, -0.004067583475261927, -0.010749089531600475, 0.012989594601094723, -0.021298134699463844, 0.005404551513493061, 0.03264736011624336, -0.0014294888824224472, 0.019124310463666916, 0.0038275294937193394, -0.02313854917883873, 0.036941662430763245, -0.005921334959566593, 0.008101826533675194, 0.016256997361779213, -0.019150983542203903, -0.014323228970170021, -0.014723318628966808, -0.0104290172457695, -0.0031657135114073753, -0.04110259935259819, -0.023551976308226585, -0.018110748380422592, 0.011555938050150871, -0.014416582882404327, -0.008368552662432194, -0.011555938050150871, 0.01096247136592865, 0.024685565382242203, -0.0459836982190609, 0.016390360891819, 0.002250507241114974, 0.005304528865963221, 0.0081418352201581, -0.012716200202703476, -0.013529716059565544, 0.02724614180624485, -0.0026639339048415422, 0.015616853721439838, -0.0010652401251718402, 0.014736655168235302, 0.0062847500666975975, -0.0204312726855278, -0.004204281140118837, 0.0031240375246852636, 0.025685790926218033, 0.0037075025029480457, 0.004847759380936623, 0.007248300593346357, 8.746763342060149e-05, 0.01428321935236454, -0.028379730880260468, -0.027006087824702263, 0.035474661737680435, -0.006244740914553404, 0.015323454514145851, -0.030860289931297302, 0.017577296122908592, 0.013363012112677097, -0.020404599606990814, -0.008595271036028862, -0.016377024352550507, 0.0062847500666975975, -0.03302077576518059, -0.004290967248380184, -0.032940760254859924, -0.004137599375098944, 0.008341880515217781, 0.013476370833814144, -0.02599252574145794, -0.019444383680820465, -0.02939329296350479, 0.018804239109158516, 0.03459446504712105, 0.007648390717804432, 0.009748863987624645, 0.000816434039734304, 0.0038675384130328894, 0.001943771494552493, -0.02888651192188263, -0.022551750764250755, 0.005727957934141159, -0.009528814814984798, -0.01824411191046238, 0.014523273333907127, 0.020791353657841682, 0.002697274787351489, 0.011715974658727646, 0.009635505266487598, 0.0030006763990968466, -0.005741294007748365, -0.006631494965404272, -0.025512417778372765, -0.00128112209495157, 0.003564136801287532, 0.017683986574411392, 0.01953773759305477, 0.02281847782433033, 0.015296781435608864, 0.0178840309381485, -0.011135843582451344, 0.02288515865802765, -0.028326384723186493, -0.000685571227222681, 0.006248075049370527, 0.04272963106632233, 0.012062719091773033, -0.0066881743259727955, 0.06700176745653152, 0.009342106059193611, -0.0026906065177172422, 0.015616853721439838, 0.00990890059620142, 0.0011844336986541748, 0.029873400926589966, 0.005791305564343929, 0.005171165801584721, 0.015630189329385757, 0.000961883517447859, -0.024845600128173828, -0.008228521794080734, 0.014429919421672821, 0.01240946352481842, -0.022951839491724968, -0.015630189329385757, -0.03350088372826576, 0.01014228630810976, 0.010722417384386063, -0.012616177089512348, 0.0006684840191155672, -0.026752697303891182, -0.004507682751864195, -0.036194827407598495, -0.015496826730668545, -0.028806492686271667, 0.03131372481584549, 0.011389234103262424, 0.006021357141435146, -0.03120703436434269, -0.014910027384757996, 0.01121586188673973, -0.012522823177278042, 0.008481912314891815, -0.011602615006268024, -0.025445735082030296, -0.014950037002563477, 0.01885758340358734, 0.02741951495409012, 0.028593111783266068, 0.03432773798704147, -0.0046810549683868885, 0.008061816915869713, 0.0072949775494635105, -0.024912282824516296, -0.022405050694942474, -0.00048469260218553245, 0.006431449670344591, -0.0027256144676357508, 0.015376799739897251, 0.004511016886681318, 0.008261862210929394, -0.018737556412816048, 0.019204329699277878, 0.006921560037881136, -0.013949811458587646, 0.003284073667600751, 0.014096510596573353, 0.011522597633302212, 0.013789774850010872, 0.0054345582611858845, 0.028086330741643906, 0.0038075249176472425, -0.019484391435980797, 0.004581032786518335, -0.0022655106149613857, 0.004831089172512293, 0.0033707597758620977, -0.008575266227126122, 0.014936700463294983, 0.006251409184187651, 0.018697548657655716, -0.030193472281098366, -0.005621267016977072, 0.003082361537963152, -0.01428321935236454, 0.004577698651701212, -0.005941339302808046, 0.02835305780172348, -0.002930660732090473, 0.012336114421486855, 0.0024088763166218996, -0.016203653067350388, -0.003804190782830119, 0.011289210990071297, -0.01571020856499672, 0.045263536274433136, 0.003279072465375066, -0.023591984063386917, 0.008368552662432194, -0.01653706096112728, -0.00152200972661376, 0.011449247598648071, -0.01523009967058897, 0.007081596180796623, 0.008415230549871922, 0.013276326470077038, 0.00015347209409810603, -0.035154592245817184, -0.005631269421428442, 0.011495924554765224, 0.008008471690118313, 0.009148729033768177, -0.0024105433840304613, 3.758659659069963e-05, -0.031073670834302902, -0.011802660301327705, -0.012456141412258148, -0.010775762610137463, -0.031046997755765915, -0.016510387882590294, 0.0059880162589251995, 0.024525528773665428, 0.02109808847308159, 0.0028039654716849327, 0.005221176892518997, 0.011856005527079105, -0.00690822396427393, -0.0329941026866436, -0.028006313368678093, -0.022151660174131393, 0.0030706922989338636, 0.0340610109269619, 0.03267403319478035, 0.016910478472709656, -0.010435685515403748, 0.03288741409778595, -0.0218182522803545, 0.005211174488067627, 0.014403246343135834, 0.01381644792854786, -0.0063547659665346146, 0.0003855035756714642, 0.007675063330680132, 0.026939405128359795, -0.002150484826415777, 0.02620590664446354, 0.013509712181985378, -0.012702863663434982, 0.036621589213609695, -0.03160712495446205, 0.009642173536121845, -0.016577070578932762, -0.05803975090384483, -0.02107141725718975, 0.020831363275647163, -0.00591800082474947, -0.015656862407922745, -0.024858936667442322, -0.00810849480330944, 0.0031823839526623487, 0.006168057210743427, 0.019977835938334465, -0.02407209202647209, 0.01817743107676506, 0.025192344561219215, -0.008801983669400215, -0.012362786568701267, -0.006221402436494827, -0.01699049584567547, 0.0021288131829351187, -0.01635035313665867, -0.010669071227312088, -0.004114260897040367, -0.0058646551333367825, 0.022338367998600006, 0.025232354179024696, 0.0005897162482142448, -0.022685114294290543, 0.02567245438694954, 0.004084254149347544, 0.010135618038475513, 0.006698176730424166, -0.012209419161081314, 0.009355442598462105, -0.028966529294848442, -0.00027693744050338864, -0.0014653303660452366, 0.0019537736661732197, 0.02773958630859852, 0.012742872349917889, 0.017657313495874405, -0.032193925231695175, -0.007408336736261845, 0.006191395688802004, -0.03184717893600464, 0.048544276505708694, 0.0058813258074223995, 0.022951839491724968, 0.027579549700021744, -0.005894661881029606, -0.007868439890444279, -0.01110250223428011, 0.00608803890645504, 0.004467673599720001, 0.037661824375391006, 0.022191669791936874, -0.004651048220694065, -0.04563695564866066, -0.014549946412444115, -0.023631993681192398, -0.005201172549277544, -0.004360983148217201, 0.03910214826464653, 0.004931111354380846, -0.024912282824516296, -0.010562380775809288, 0.016830461099743843, -0.04144934192299843, 0.013949811458587646, -0.0003479951119516045, 0.029686691239476204, -0.005167831666767597, -0.013036271557211876, -0.04112927243113518, 0.0011435911292210221, -0.0013836452271789312, 0.03211390599608421, 0.01103582140058279, 0.02045794576406479, -0.015403471887111664, -0.003210723865777254, 0.0035007891710847616, 0.025645781308412552, 0.01001559104770422, 0.023165222257375717, -0.03582140803337097, 0.014629964716732502, 0.03078027255833149, 0.010529040358960629, -0.00896202027797699, -0.015350126661360264, 0.0075216954573988914, 0.03398099169135094, -0.005094481632113457, 0.00790844950824976, -0.0019087635446339846, 0.010802434757351875, 0.006704844534397125, 0.006954900920391083, -0.01481667347252369, -0.022738458588719368, -0.01296292245388031, 0.01019563153386116, 0.017910704016685486, 0.018337467685341835, -0.006954900920391083, -0.004247623961418867, -0.010615726001560688, 0.005597928538918495, -0.028406403958797455, 0.0010877451859414577, -0.0012436136603355408, -0.012082723900675774, -0.0179907213896513, 0.012516154907643795, -0.0038441999349743128, 0.013469702564179897, -0.016016943380236626, -0.006474792957305908, 0.027006087824702263, 0.026699351146817207, -0.022405050694942474, 0.012729535810649395, 0.024378828704357147, -0.005171165801584721, -0.01975111849606037, 0.025085654109716415, 0.0015095069538801908, -0.0080884899944067, 0.0010994145413860679, -0.011382565833628178, -0.036221496760845184, 0.008768643252551556, 0.0063114226795732975, 0.00898202508687973, -0.01533679012209177, -0.03918216750025749, 0.012022710405290127, -0.0008826989796943963, 0.01308961771428585, -0.025085654109716415, -0.04024907201528549, 0.01924433745443821, -0.015603517182171345, -0.005801307503134012, -0.014990045689046383, -0.015910252928733826, -0.01497670914977789, -0.013363012112677097, 0.0016203653067350388, -0.011976032517850399, -0.017617303878068924, -0.007341654971241951, 0.001892093219794333, 0.020297909155488014, -0.011202525347471237, -0.020898044109344482, -0.02813967689871788, -0.014776663854718208, -0.018804239109158516, 0.01315629854798317, 0.005244515370577574, 0.01739058643579483, 0.0159635990858078, 0.00783509947359562, 0.01656373403966427, 0.0011527598835527897, -0.029446637257933617, -0.026619333773851395, -0.02877982147037983, -0.057612985372543335, -0.030113454908132553, 0.007955126464366913, -0.030513545498251915, 0.040755853056907654, 0.017230549827218056, -0.002705609891563654, -0.028219694271683693, -0.0021671552676707506, -0.04144934192299843, -0.022018296644091606, -0.0010685742599889636, -0.004354314878582954, 0.023511966690421104, 0.02299184910953045, -0.0031640466768294573, 0.015216763131320477, 0.019657764583826065, 0.0223517045378685, -0.04219617694616318, 0.012596172280609608, -0.014536609873175621, 0.011502592824399471, 0.009328769519925117, -0.001125253620557487, -0.010969139635562897, 0.0002623508044052869, 0.014136520214378834, -0.01001559104770422, 0.027872949838638306, 0.031127016991376877, 0.0015720210503786802, -0.032620687037706375, -0.009335437789559364, -0.005347872152924538, -0.012809554114937782, -0.00404424499720335, 0.02277846820652485, -0.018230775371193886, 0.004157603718340397, 0.017764003947377205, -0.007935121655464172, 0.019911155104637146, 0.013329671695828438, 0.019057629629969597, -0.03616815432906151, 0.019337693229317665, -0.016256997361779213, 0.0045576938427984715, -0.020337916910648346, -0.044116612523794174, 0.016550397500395775, -0.016590407118201256, 0.006724849343299866, 0.03139374405145645, -0.008721966296434402, 0.0012452807277441025, -0.01101581659168005, 0.026219243183732033, 0.004677721299231052, -0.0004938613274134696, 0.008902006782591343, -0.021631542593240738, 0.009008697234094143, -0.001840414828620851, 0.014496601186692715, -0.030006764456629753, 0.012842895463109016, 4.333659035182791e-06, 0.016003606840968132, -0.021524852141737938, -0.017163868993520737, -0.000923541490919888, -0.023365266621112823, -0.0017653979593887925, 0.008595271036028862, -0.0033640917390584946, -0.011382565833628178, -0.029473310336470604, -0.018470831215381622, -0.016016943380236626, -0.0016562066739425063, -0.0020888042636215687, -0.012602840550243855, -0.024525528773665428, 0.014269883744418621, 0.01497670914977789, -0.002407209249213338, -0.00821518525481224, 0.2139148861169815, 0.01813742145895958, 0.018950939178466797, 0.012169409543275833, -0.01196269690990448, 0.0011485922150313854, 0.01142924278974533, -0.0012552830157801509, -0.04059581831097603, 0.0032290611416101456, -0.0164970513433218, 0.0174572691321373, 0.007274973206222057, -0.0058279805816709995, -0.011755983345210552, -0.005671278573572636, -0.046837225556373596, -0.015536835417151451, -0.019004283472895622, -0.004257626365870237, 0.03371426463127136, 0.000391546607716009, -0.003324082586914301, -0.008435234427452087, 0.020831363275647163, -0.0017403922975063324, 0.019791128113865852, 0.010622394271194935, 0.009295429103076458, 0.0031190363224595785, -0.005277856253087521, -0.01824411191046238, 0.017190542072057724, 0.0012461142614483833, -0.023725347593426704, 0.0018437489634379745, 0.006584817543625832, 0.010715749114751816, -0.00012044381583109498, 0.026912733912467957, -0.0020187883637845516, -0.015830235555768013, 0.03339419513940811, -0.009328769519925117, -0.018190767616033554, -0.012502818368375301, -0.013529716059565544, -0.014256547205150127, 0.005257851909846067, 0.031873852014541626, -0.024445509538054466, 0.014669973403215408, 0.020724670961499214, 0.011342557147145271, -0.002678937278687954, -0.019150983542203903, 0.03368759527802467, 0.0012819556286558509, -0.0008080988191068172, 0.01090912614017725, 0.0031657135114073753, 0.01376310270279646, 0.015456817112863064, 0.024632219225168228, 0.008308539167046547, 0.012502818368375301, 0.004184276331216097, -0.021444834768772125, 0.011129175312817097, -0.010675739496946335, 0.00908871553838253, -0.004210949409753084, 0.002283848123624921, -0.006514802109450102, 0.00023734517162665725, -0.022791804745793343, 0.015803562477231026, -0.006968237459659576, 0.01112250704318285, 0.03456779196858406, -0.03707502409815788, -0.019257673993706703, -0.012969589792191982, 0.01703050546348095, -0.02620590664446354, 0.002215499524027109, -0.0014403247041627765, -0.01417652890086174, -0.02413877472281456, -0.015416808426380157, -0.005901330150663853, 0.011402570642530918, -0.010462358593940735, 0.0023822037037461996, -0.011662628501653671, 0.0160702895373106, 0.018737556412816048, 0.03670160472393036, -0.034087684005498886, -0.0030473535880446434, -0.030860289931297302, 0.04481010138988495, 0.012116064317524433, -0.011115838773548603, -0.027686240151524544, 0.008115163072943687, 0.008495247922837734, 0.028753148391842842, -0.0012761210091412067, -0.016003606840968132, 0.007435009349137545, -0.036941662430763245, -0.008255193941295147, -0.01913764700293541, 0.015656862407922745, 0.014256547205150127, 0.01917765662074089, -0.027979640290141106, -0.003654157044366002, -0.006711512804031372, 0.014963372610509396, -0.03067358024418354, 2.3833497834857553e-05, 0.007881776429712772, 0.009775537066161633, -0.014963372610509396, -0.027792932465672493, 0.005194504279643297, 0.0019404373597353697, -0.023125212639570236, 0.014189865440130234, -0.016950488090515137, -0.017417259514331818, -0.01743059605360031, -0.003335751825943589, 0.009515478275716305, 0.010915793478488922, -0.03432773798704147, 0.004691057372838259, -0.0082485256716609, 0.026859387755393982, -0.018017394468188286, 0.015163417905569077, 0.017163868993520737, 0.004607705399394035, -0.017123859375715256, -0.014056501910090446, -0.01304960809648037, 0.006138050463050604, -0.019524401053786278, -0.008541925810277462, 0.0013878127792850137, 0.005921334959566593, -0.03134039789438248, 0.005474567413330078, -0.009655510075390339, 0.024578873068094254, -0.04198279604315758, -0.006174725014716387, -0.008521921001374722, -0.036114808171987534, 0.002178824506700039, 0.005141159053891897, -0.011342557147145271, -0.014963372610509396, -0.01807074062526226, -0.1681445688009262, 0.038755401968955994, 0.031660471111536026, -0.028966529294848442, -0.0029623343143612146, 0.007728408556431532, 0.0359814427793026, -0.01924433745443821, -0.01760396733880043, -0.022725122049450874, 0.004887768533080816, -0.014683309942483902, -0.0544922836124897, -0.033794283866882324, -0.021218115463852882, 0.016657087951898575, 0.014256547205150127, 0.00890867505222559, 0.011735978536307812, 0.03603478893637657, 0.04264961555600166, -0.019044293090701103, 0.00037425101618282497, -0.01199603732675314, -0.025485744699835777, 0.028166349977254868, 0.0030056776013225317, -0.0008222686592489481, -0.021004734560847282, -0.015483490191400051, -0.010028927586972713, -0.0025072318967431784, 0.021684888750314713, -0.002933994634076953, 0.01222942303866148, -0.011189188808202744, 0.005211174488067627, -0.02974003739655018, -0.01208939217031002, 0.008861998096108437, 0.015043390914797783, 0.012416131794452667, -0.019697774201631546, 0.0429963581264019, 0.024405501782894135, 0.013116289861500263, 0.0018554182024672627, -0.007761749438941479, 0.02992674522101879, -0.00491777528077364, 0.019804464653134346, -0.028913185000419617, -0.0028306380845606327, 0.01412318367511034, 0.025018973276019096, 0.022151660174131393, 0.0007243299623951316, 0.008655284531414509, -0.01728389598429203, -0.036541569977998734, -0.003680829657241702, -0.018084077164530754, -0.017310569062829018, 0.012582836672663689, -0.021004734560847282, 0.00996224582195282, -0.018164094537496567, 0.005601262673735619, -0.036008115857839584, 0.0021988290827721357, -0.010502367280423641, -0.007301645819097757, 0.018790902569890022, 0.0063814385794103146, 0.01126920711249113, 0.0020137871615588665, -0.013843120075762272, -0.005861321464180946, -0.005157829262316227, 0.012856231071054935, -0.016723770648241043, 0.015630189329385757, -0.013136294670403004, 0.04507682844996452, -0.005717955529689789, -0.008788648061454296, 0.0027656233869493008, -0.023725347593426704, 0.016630414873361588, 0.012716200202703476, 0.008661952801048756, -0.019951164722442627, -0.007321650628000498, -0.001932102139107883, 0.0103223267942667, -0.001371975988149643, 0.02196495048701763, 0.014043165370821953, 0.0020121203269809484, 0.0017703990451991558, 0.02175156958401203, -0.01588357985019684, -0.030486872419714928, 0.0008476910879835486, 0.04574364423751831, -0.006484794896095991, 0.025005636736750603, -0.004544357769191265, 0.043049704283475876, 0.00890867505222559, -0.023378603160381317, 0.00932210125029087, -0.009148729033768177, 0.014349901117384434, 0.0174572691321373, 0.030380181968212128, 0.012909576296806335, -0.00832187570631504, -0.005978014320135117, -0.0016928815748542547, 0.050331346690654755, -0.020191218703985214, 0.011735978536307812, 0.000536370906047523, -2.4406543161603622e-05, -0.008421898819506168, -0.07569706439971924, -0.005794639699161053, 0.014563282951712608, 0.02320523001253605, -0.02641928941011429, -0.01977779157459736, -0.01014228630810976, 0.03184717893600464, -0.010915793478488922, 0.025979189202189445, -0.04142266884446144, -0.023738684132695198, 0.008648616261780262, 0.015803562477231026, -0.03728840500116348, 0.010742421261966228, -0.0011702637420967221, 0.01315629854798317, -0.026432625949382782, 0.03752845898270607, -0.008648616261780262, -0.0057046194560825825, -0.0008868665900081396, 0.002613922581076622, -0.022938504815101624, 0.02175156958401203, -0.027446186169981956, 0.00983555056154728, 0.022578421980142593, -0.002907322021201253, -0.006394774653017521, -0.030433526262640953, 0.02345862053334713, -2.8886719519505277e-05, -0.009928904473781586, -0.019831137731671333, -0.004761073272675276, 0.012209419161081314, 0.033874303102493286, -0.020111199468374252, -0.011922687292098999, 0.00020212889648973942, 0.00013263407163321972, -0.012602840550243855, 0.002915657125413418, -0.014723318628966808, -0.03403433784842491, 0.030300162732601166, 0.014683309942483902, -0.031127016991376877, -0.011615951545536518, 0.011469252407550812, -0.027472859248518944, -0.03574138879776001, 0.03310079500079155, 0.029233256354928017, 0.018230775371193886, -1.0314824976376258e-05, -0.005667944438755512, 0.02703276090323925, -0.012902908958494663, -0.007721740752458572, -0.007194955367594957, -0.007148277945816517, 0.03280739486217499, -0.0007059924537315965, -0.017403922975063324, -0.01212273258715868, -0.0007780920714139938, 0.008902006782591343, -0.024765582755208015, -0.00015961931785568595, -0.03838198632001877, 0.023525303229689598, -0.01703050546348095, 0.015723545104265213, -0.004691057372838259, -0.0062680793926119804, -0.000575546408072114, 0.0012844562297686934, 0.007121605332940817, 0.002295517362654209, -0.001411151373758912, -0.02009786292910576, 0.022525077685713768, 0.01294291764497757, 0.015870243310928345, -0.019631091505289078, -0.00508114555850625, -0.050331346690654755, 0.008595271036028862, 0.009902232326567173, -0.008895338512957096, -0.016256997361779213, 0.0007418338791467249, 0.005421222187578678, -0.013803111389279366, -0.0010243975557386875, -0.003219058969989419, 0.010228972882032394, -0.014723318628966808, -0.014629964716732502, -0.040329091250896454, 0.03432773798704147, -0.024058757349848747, -0.012269432656466961, -0.004094256088137627, 0.007081596180796623, -0.018724219873547554, -0.018404148519039154, 0.007314982358366251, 0.011882678605616093, -0.012589504942297935, -0.004694391507655382, -0.007708404213190079, -0.008301871828734875, -0.0037175046745687723, 0.006138050463050604, 0.025632444769144058, 0.0010752424132078886, 0.009395451284945011, 0.020591307431459427, 0.010589053854346275, 0.0004851093399338424, 0.0055845919996500015, 0.020551299676299095, -0.011682633310556412, -0.009628836996853352, -0.004407660104334354, 0.0071349418722093105, -0.007461681962013245, -0.02109808847308159, 0.004304303787648678, -0.02724614180624485, 0.005724623799324036, 0.0267126876860857, 0.025979189202189445, -0.02243172377347946, 0.02107141725718975, 0.02624591626226902, 0.024592209607362747, 0.027232805266976357, -0.023258576169610023, -0.00708826445043087, 0.0018104080809280276, -0.025725798681378365, -0.014056501910090446, -0.01428321935236454, -0.025685790926218033, 0.023765357211232185, 0.0024405501317232847, -0.008815320208668709, 0.050438035279512405, 0.016590407118201256, -0.018190767616033554, -0.026726024225354195, -0.01685713231563568, -0.03267403319478035, 0.013489707373082638, 0.01860419288277626, 0.0027306154370307922, 0.024325482547283173, 0.045796990394592285, -0.009075378999114037, -0.002540572779253125, -0.0102689815685153, 0.009755532257258892, -0.026979414746165276, -0.010315658524632454, 0.020364589989185333, 0.024592209607362747, -0.0041542695835232735, -0.02588583528995514, -0.010729084722697735, 0.010042264126241207, 0.026259252801537514, 0.0024138775188475847, 0.022418387234210968, -0.027086105197668076, -0.000956048839725554, 0.003414102829992771, 0.01103582140058279, 0.02795296721160412, -0.009542151354253292, 0.0025472408160567284, 0.004310971591621637, 0.0267126876860857, 0.028859838843345642, -0.01003559585660696, 0.009668846614658833, 0.02720613218843937, 0.004754405003041029, -0.02285848557949066, 0.020191218703985214, -0.007395000196993351, 0.01949772797524929, 0.0014128184411674738, -0.01006893627345562, -0.02499230019748211, -0.021018071100115776, 0.02439216524362564, 0.00524118123576045, 0.012442804872989655, -0.0003238229837734252, -0.002412210451439023, -0.02324523963034153, -0.01853751204907894, 0.003227394074201584, -0.02371201105415821, -0.028513094410300255, -0.014163192361593246, 0.02107141725718975, -0.004814418498426676, -0.008508584462106228, -0.018684212118387222, 0.00504447054117918, -0.0031107012182474136, 0.014843345619738102, -0.010595722123980522, -0.004791080020368099, -0.00998225063085556, 0.021738233044743538, 0.007448345422744751, 0.004727732390165329, 0.016110297292470932, -0.008755306713283062, 0.03888876736164093, 0.0102156363427639, -0.03227394074201584, -0.02992674522101879, 0.016790451481938362, -0.009275424294173717, -0.004634378012269735, -0.008861998096108437, -0.002243839204311371, -0.016683761030435562, -0.012696195393800735, -0.020111199468374252, -0.0007347489590756595, -0.035581354051828384, -0.0016270334599539638, 0.07302979379892349, 0.008368552662432194, 0.009402119554579258, 0.005281190387904644, 0.006168057210743427, 0.013343007303774357, 0.01728389598429203, 0.015870243310928345, -0.013056276366114616, -0.002867313101887703, 0.009595496580004692, 0.0013494708109647036, -0.021124761551618576, -0.0162836704403162, -0.02356531284749508, 0.006528138183057308, 0.0077417450957000256, 0.019377700984477997, 0.0030456865206360817, -0.006948233116418123, 0.008955352008342743, 0.013616402633488178, 0.015950262546539307, 0.009608833119273186, -0.011042488738894463, 0.004957784432917833, -0.0006534806452691555, -0.01981780119240284, -0.008361885324120522, -0.028699802234768867, -0.000904370506759733, 0.00608803890645504, -0.032087232917547226, 4.2770057916641235e-05, -0.0076883998699486256, -0.013736429624259472, 0.017417259514331818, -0.017697323113679886, 0.01433656457811594, -0.003069025231525302, 0.009548818692564964, 0.021658215671777725, -0.028299711644649506, -0.02013787254691124, -0.016697097569704056, -0.006251409184187651, 0.01004893146455288, -0.02128479816019535, -0.038088586181402206]","[-0.0005683336057700217, 0.045046381652355194, 0.007892456836998463, -0.019961310550570488, -0.027967184782028198, 0.035919684916734695, 0.022042838856577873, -0.016879050061106682, -0.02154914289712906, -0.004139703698456287, 0.016638873144984245, -0.02012142911553383, 0.019667763262987137, -0.008432853035628796, -0.004366536624729633, -0.009907267987728119, 0.014143710024654865, -0.013616656884551048, 0.023657355457544327, -0.008372809737920761, -0.008232706226408482, -0.004873575642704964, -0.005023685749620199, 0.00036818679654970765, -0.032904140651226044, -0.015824943780899048, 0.0268597062677145, -0.016972452402114868, 0.005427314899861813, -0.011801991611719131, 0.02572553977370262, 0.0038594980724155903, -0.039068661630153656, -0.040189485996961594, -0.01271599531173706, -0.013029559515416622, -0.010334248654544353, -0.014570689760148525, 0.007378746755421162, 0.0022866777144372463, 0.028340792283415794, -0.016171865165233612, -0.00041238588164560497, -0.024497972801327705, -0.008199349045753479, 0.05126427486538887, -0.0029121364932507277, -0.030609123408794403, -0.01886717602610588, 0.004266463220119476, 0.01701248064637184, 0.03082261234521866, -0.03869505599141121, -0.018747087568044662, -0.018947234377264977, -0.002885450143367052, 0.021228907629847527, 0.028020557016134262, 0.016238579526543617, -0.0074187759310007095, 0.048462219536304474, 0.0025235179346054792, 0.010621125809848309, 0.004763494711369276, -0.01984122395515442, 0.00999399833381176, 0.007905799895524979, 0.00010142858081962913, 0.0068917227908968925, -0.004643406718969345, 0.0098605677485466, 0.014944297261536121, -0.012669295072555542, -0.0006116987788118422, 0.046460751444101334, -0.028794458135962486, -0.011228237301111221, 0.002440123585984111, 0.009947298094630241, -0.004810195416212082, 0.00478350929915905, -0.034638747572898865, -0.03058243729174137, 0.01413036696612835, 0.0006025253678672016, 0.02157582901418209, 0.010547738522291183, 0.03226367011666298, 0.006724933627992868, -0.0027353400364518166, -0.010307562537491322, 0.011761962436139584, 0.012602578848600388, -0.024070993065834045, 0.012736010365188122, 0.01250250544399023, -0.01799987256526947, 0.02911469340324402, -0.003058910835534334, 0.00877977441996336, -0.028767772018909454, 0.01783975400030613, -0.022069524973630905, -0.015317904762923717, -0.010454336181282997, -0.006044434383511543, 0.0007780708256177604, -0.008279407396912575, 0.02198946662247181, -0.021095477044582367, -5.550947389565408e-05, 0.02527187392115593, -0.004009608179330826, -0.004830210469663143, 0.005413971841335297, -0.012482491321861744, 0.011441727168858051, -0.05139770731329918, -0.0015444664750248194, -0.01898726262152195, -0.005350592080503702, 0.011368339881300926, 0.019587703049182892, -0.03298419713973999, 0.015037698671221733, -0.00642804941162467, -0.004403230268508196, -0.016505442559719086, -0.008005873300135136, -0.005757557228207588, 0.03445194289088249, 0.017172599211335182, 0.012836083769798279, 0.027753693982958794, -0.0211221631616354, -0.005060379393398762, -0.001421876484528184, 0.00606778496876359, -0.028394164517521858, -0.032637275755405426, 0.024964982643723488, 0.023217033594846725, 0.016945766285061836, -0.02128227986395359, -0.04627395048737526, 0.016078462824225426, 0.015024355612695217, 0.010814600624144077, 0.02556542307138443, -0.02427113987505436, -0.012155584990978241, -0.007759025786072016, 0.010387620888650417, 0.0007000969490036368, 0.007051840424537659, -0.005560746416449547, -0.0016970783472061157, 0.0072386437095701694, -0.0018013215158134699, 0.002755354857072234, 0.02057509496808052, -0.0002737425093073398, -0.0012025488540530205, 0.0024934960529208183, 0.0030072061344981194, 0.01754620671272278, 0.0008477052324451506, -0.007538864389061928, -0.0014352196594700217, -0.0009340185788460076, 0.01228234451264143, 0.02069518342614174, -0.012302358634769917, 0.023070259019732475, -0.0014502306003123522, -0.010154115967452526, 0.02356395497918129, 0.03210355341434479, -0.01370338723063469, -0.014277140609920025, 0.003485890803858638, 0.016545472666621208, -0.008406166918575764, 0.02455134503543377, -0.02300354279577732, -0.011208223178982735, -0.01570485532283783, -0.015824943780899048, -0.01043432205915451, -0.006027755793184042, 0.006011076737195253, 0.017065852880477905, -0.03607980161905289, -0.020521722733974457, -0.6127161979675293, -0.010254189372062683, 0.013890190050005913, -0.012529191561043262, -0.0015978389419615269, 0.010360934771597385, -0.02399093471467495, 0.018373480066657066, -0.028607655316591263, 0.024391228333115578, -0.022323044016957283, 0.03167657181620598, -0.01312963292002678, -0.019601047039031982, -0.00020556748495437205, -0.003942892886698246, 0.02812730148434639, -0.025085071101784706, -0.00010127221321454272, -0.013783445581793785, -0.017079196870326996, 0.006174529902637005, 0.006097807083278894, 0.0018013215158134699, -0.0036460082046687603, -0.008319436572492123, 0.0036026430316269398, -0.0169991385191679, 0.009053308516740799, 0.031169533729553223, -0.028207361698150635, 0.022523190826177597, -0.0013334782561287284, 0.010180802084505558, 0.04712790995836258, -0.004019615706056356, -0.024924952536821365, 0.02569885365664959, 0.0018380151595920324, 0.043071597814559937, -0.008679701015353203, -0.021816005930304527, 0.01886717602610588, -0.014797522686421871, -0.0013826810754835606, 0.0022516518365591764, 0.04979653283953667, -0.0071252272464334965, 0.01627860963344574, -0.013783445581793785, 0.011088134720921516, 0.018213361501693726, -0.003013877896592021, 0.01150177139788866, 0.012549206614494324, -0.04811529815196991, 0.02501835487782955, -0.020895330235362053, 0.010300890542566776, 0.006978453136980534, 0.01413036696612835, -0.00829275045543909, -0.01683901995420456, 0.006734941154718399, -0.0419507771730423, 0.02711322531104088, 0.0064046988263726234, 0.008959907107055187, -0.0068917227908968925, -0.014744150452315807, 0.005007006693631411, -0.01657215878367424, -0.019107351079583168, 0.005864302162081003, 0.0083527946844697, 0.0005837616045027971, 0.014677435159683228, -0.03084929846227169, -0.018907204270362854, -0.004456602968275547, 0.020935358479619026, -0.012582564726471901, -0.020801927894353867, -0.0016111820004880428, -0.003469211747869849, -0.0017696316353976727, -0.01701248064637184, 0.001566982944495976, 0.026752959936857224, -0.0013860168401151896, 0.004026287235319614, 0.021362338215112686, 0.016772305592894554, -0.008186005987226963, 0.0074121044017374516, 0.010854629799723625, -0.005911003332585096, -0.005010342691093683, 0.0015794921200722456, -0.03114284761250019, -0.02786044031381607, -0.007091869600117207, -0.005200481973588467, 0.010854629799723625, 0.027353400364518166, 0.0032573898788541555, -0.036933764815330505, 0.014157053083181381, 0.012662623077630997, -0.021362338215112686, -0.013650014065206051, -0.01184202078729868, -0.016612187027931213, 0.012022153474390507, -0.02786044031381607, -0.028314106166362762, 0.02643272466957569, -0.008045902475714684, 0.016758961603045464, -0.031222905963659286, 0.005860966630280018, 0.00420975498855114, 0.00793248601257801, -0.002450130879878998, 0.0037527531385421753, -0.011801991611719131, -0.005057043395936489, 0.0002802055678330362, 0.0027987200301140547, 0.007612251210957766, 0.016198551282286644, -0.009640405885875225, 0.003776103723794222, -0.010240846313536167, -0.00019691529450938106, 0.003075589658692479, -0.015451335348188877, 0.0013851829571649432, 0.017813067883253098, -0.002575222635641694, 0.014157053083181381, -0.004973649047315121, 0.02359064109623432, -0.021602515131235123, 0.014784179627895355, -0.0012726002605631948, -0.032797396183013916, -0.01615852117538452, -0.02572553977370262, 0.008306093513965607, -0.024311169981956482, -0.0049202763475477695, 0.01434385683387518, 0.00885983370244503, -0.00898659322410822, -0.004910269286483526, 0.014624061994254589, -0.012756025418639183, -0.016612187027931213, -0.02399093471467495, 0.0023116960655897856, 0.038214702159166336, -0.007959172129631042, 0.004386551678180695, -0.02456468902528286, -0.036613527685403824, -0.030875984579324722, 0.019587703049182892, -0.0019931290298700333, -0.023804130032658577, -0.01928081177175045, 0.0029888595454394817, -0.0022549876011908054, -0.02400427684187889, 0.015584766864776611, -0.004369872622191906, -0.03599974513053894, 0.004256456159055233, -0.023323778063058853, -0.013029559515416622, 0.01642538420855999, 0.0034291825722903013, 0.009933955036103725, -0.0028937896713614464, 0.02684636227786541, 0.02340383641421795, 0.02772700786590576, 0.002668624510988593, -0.028340792283415794, 0.05198480561375618, 0.014250454492866993, 0.02054840885102749, -0.03453199937939644, -0.022523190826177597, 0.01271599531173706, 0.015571423806250095, 0.04245781525969505, 0.00667489692568779, 0.01683901995420456, 0.012248986400663853, 0.022376416251063347, -0.0007563882390968502, 0.02772700786590576, -0.013523254543542862, 0.017506176605820656, -0.01985456608235836, -0.022509846836328506, -0.015638139098882675, 0.025498706847429276, 0.02471146360039711, 0.01629195176064968, -0.017532862722873688, 0.015384620055556297, -0.027233313769102097, -0.019160723313689232, 0.02228301391005516, 0.007892456836998463, 0.001428548013791442, -0.010474351234734058, 0.018680371344089508, 0.01814664714038372, -0.0008243547636084259, 0.019080664962530136, 0.011541800573468208, -0.018933890387415886, 0.025885658338665962, -0.00446661002933979, 0.022096211090683937, 0.0013860168401151896, -0.006364669185131788, 0.003789446782320738, 0.02172260358929634, 0.006087799556553364, 0.01084128674119711, -0.010000670328736305, 0.026806332170963287, 0.02754020504653454, -0.011908737011253834, 0.025899000465869904, -0.03666689991950989, -0.002485156524926424, 0.030742553994059563, 0.020481692627072334, -0.020775241777300835, 0.015771571546792984, 0.007372075226157904, 0.016678903251886368, 0.023950904607772827, 0.0017863105749711394, 0.023083601146936417, -0.020161457359790802, 0.00892654899507761, -0.013363136909902096, -0.019934624433517456, 0.014637405052781105, -0.02999533899128437, 0.011114820837974548, 0.030048711225390434, 0.010174131020903587, 0.017332715913653374, 0.005347256548702717, -0.025485364720225334, 0.05171794444322586, -0.01370338723063469, 0.01320301927626133, 0.02169591747224331, -0.012322373688220978, -0.009793851524591446, -0.01729268580675125, -0.0033424522262066603, 0.0029838557820767164, -0.045766908675432205, -0.024644747376441956, -0.02828742004930973, 0.02369738556444645, -0.007652280852198601, -0.002385083120316267, -0.004736808594316244, 0.00759890815243125, 0.018186675384640694, -0.047074537724256516, 0.015931688249111176, -0.006287946365773678, 0.009900596924126148, 0.010507709346711636, -0.021455740556120872, -0.009366871789097786, 0.024351198226213455, -0.004216426517814398, 0.017052510753273964, -0.0059843906201422215, 0.017039166763424873, -0.0021315638441592455, -0.01901394873857498, -0.014664091169834137, 0.012215628288686275, 0.027460146695375443, 0.008813132531940937, 0.011214894242584705, 0.012509177438914776, 0.006031091324985027, 0.002581894164904952, -0.030395632609725, -0.02512509934604168, 0.0391487218439579, -0.008879847824573517, 0.021896064281463623, -0.03199680894613266, 0.021762631833553314, 0.0061912089586257935, -0.019654419273138046, -0.007058511953800917, -0.01320301927626133, 0.010694513097405434, -0.03770766407251358, -0.0009582029888406396, -0.03146308287978172, -0.006701583042740822, 0.006971781607717276, 0.014370542950928211, -0.020535064861178398, -0.021068790927529335, -0.026392696425318718, 0.01320301927626133, 0.032050181180238724, 0.004042966291308403, 0.011294953525066376, -0.009266798384487629, 0.007158585358411074, 0.01250250544399023, -0.020334918051958084, -0.02113550528883934, 0.014437258243560791, -0.006304625421762466, -0.008833146654069424, 0.01770632341504097, 0.0129895294085145, 0.010741213336586952, 0.008032559417188168, 0.0041997479274868965, 0.00414303969591856, -0.008432853035628796, -0.015758227556943893, -0.028394164517521858, 0.008546269498765469, 0.005293883848935366, 0.02368404157459736, 0.0184001661837101, 0.021882720291614532, 0.025351932272315025, 0.006945095025002956, -0.0007151079480536282, 0.019094008952379227, -0.04000268131494522, -0.0018813802162185311, 0.007265330292284489, 0.029514987021684647, 0.0224431324750185, 0.00316232000477612, 0.05897660180926323, 0.01729268580675125, -0.009653748944401741, 0.014317170716822147, 0.01264928001910448, -0.0011099809780716896, 0.022523190826177597, 0.005373942665755749, -0.0017963178688660264, 0.014143710024654865, -0.003469211747869849, -0.028447536751627922, -0.006154515314847231, 0.020881986245512962, 0.010387620888650417, -0.02725999988615513, -0.026379352435469627, -0.03538596257567406, 0.017519520595669746, 0.02268330752849579, -0.010694513097405434, -0.003866169834509492, -0.024497972801327705, 0.0027937162667512894, -0.04157716780900955, -0.004580026958137751, -0.027646949514746666, 0.02898126281797886, 0.011728604324162006, 0.010367605835199356, -0.032343730330467224, -0.0164120402187109, 0.012389088980853558, -0.026739617809653282, 0.0006142006022855639, -0.015771571546792984, -0.017386088147759438, -0.0068183355033397675, 0.02898126281797886, 0.03325106203556061, 0.027807068079710007, 0.030662495642900467, -0.0026052447501569986, 0.009053308516740799, 0.02025485970079899, -0.03269065171480179, -0.030075397342443466, 0.00029876086045987904, 0.011515114456415176, 0.011695247143507004, 0.005620790179818869, 0.012295687571167946, 0.008939892053604126, -0.021789319813251495, 0.02783375419676304, 0.007191943004727364, -0.015251188538968563, 0.0039929295890033245, 0.009186740033328533, 0.008492897264659405, 0.003404164221137762, -0.002168257487937808, 0.028100615367293358, 0.004986992105841637, -0.021882720291614532, 0.009733808226883411, 0.01113483589142561, 0.006051105912774801, -0.0021732610184699297, -0.016211893409490585, 0.018320107832551003, 0.013589969836175442, 0.015451335348188877, -0.044939637184143066, 0.0029121364932507277, 0.00863299984484911, -0.0211221631616354, 0.004483289085328579, -0.007065183483064175, 0.016612187027931213, 0.002298352774232626, 0.022069524973630905, 0.006351326126605272, -0.012042167596518993, -0.014730807393789291, -0.003979586064815521, -0.011535129509866238, 0.04272467643022537, 0.005847623571753502, -0.022082867100834846, 0.0031673237681388855, -0.026526127010583878, -0.0012951168464496732, 0.01134832575917244, -0.022883454337716103, 0.013623327948153019, 0.008686373010277748, 0.011128163896501064, 0.005287212319672108, -0.033651355654001236, 0.008372809737920761, 0.007979187183082104, 0.002762026386335492, 0.011034762486815453, -0.0067182620987296104, -0.003949564415961504, -0.017799725756049156, -0.018333449959754944, -0.012509177438914776, -0.006094471085816622, -0.033064257353544235, -0.02443125657737255, 0.0036660227924585342, 0.017492832615971565, 0.01986791007220745, -0.004863568115979433, -0.004986992105841637, 0.01829342171549797, -0.01292281411588192, -0.033918216824531555, -0.029381556436419487, -0.019254125654697418, -0.0007297020056284964, 0.03509241342544556, 0.027353400364518166, 0.021775975823402405, -0.013049573637545109, 0.027967184782028198, -0.019961310550570488, 0.0006041932501830161, 0.013256392441689968, 0.008919877000153065, 0.002381747355684638, -0.0034024962224066257, 0.013389823026955128, 0.032797396183013916, -0.005450665485113859, 0.027620263397693634, 0.006845021620392799, -0.012962843291461468, 0.03138302266597748, -0.02472480572760105, 0.010154115967452526, -0.01757289282977581, -0.06281942129135132, -0.020495036616921425, 0.01013410184532404, 0.0006642373045906425, -0.016505442559719086, -0.019734477624297142, -0.014397229067981243, 0.009793851524591446, 0.00738541828468442, 0.02069518342614174, -0.01657215878367424, 0.018346793949604034, 0.01587831601500511, -0.005667491350322962, -0.016945766285061836, 0.005053707864135504, -0.014864237979054451, -0.007452134042978287, -0.016652217134833336, -0.014477287419140339, -0.015077728778123856, -0.004456602968275547, 0.029514987021684647, 0.03581294044852257, -0.012035496532917023, -0.02799387089908123, 0.020201487466692924, -7.140655361581594e-05, 0.008906533941626549, 0.011902065016329288, -0.003789446782320738, 0.012969515286386013, -0.030449004843831062, -0.0025385289918631315, -0.0016228572931140661, -0.001687904936261475, 0.01957436092197895, 0.010040699504315853, 0.012515848502516747, -0.03589300066232681, -0.022469818592071533, 0.010100743733346462, -0.021962778642773628, 0.05331911891698837, 0.002630263101309538, 0.03026220202445984, 0.019947968423366547, -0.004796852357685566, -0.0027286685071885586, -0.012102211825549603, 0.005447329953312874, 0.004016279708594084, 0.03386484459042549, 0.018226705491542816, -0.0031973456498235464, -0.046754300594329834, -0.03042231872677803, -0.020201487466692924, -0.009820538572967052, -0.007605579681694508, 0.03733405843377113, -0.0020481692627072334, -0.021789319813251495, -0.009853895753622055, 0.013850160874426365, -0.04272467643022537, 0.012882784940302372, 0.001849690335802734, 0.03172994405031204, -0.0023283748887479305, -0.009266798384487629, -0.037787724286317825, 0.006601509638130665, 0.0007284510647878051, 0.029728475958108902, 0.014477287419140339, 0.01941424235701561, 0.0005725033697672188, -0.003259057644754648, -0.0007209455943666399, 0.019587703049182892, 0.015598109923303127, 0.021042104810476303, -0.042057521641254425, 0.016598844900727272, 0.027246655896306038, 0.012582564726471901, -0.01126826647669077, -0.014997669495642185, -0.0006196212489157915, 0.030022025108337402, -0.001273434259928763, 0.009453602135181427, -0.0013334782561287284, 0.006638203281909227, -0.0009198415209539235, 0.008753088302910328, -0.015037698671221733, -0.02198946662247181, -0.011481757275760174, 0.022883454337716103, 0.018093274906277657, 0.028527595102787018, -0.0063780127093195915, -0.004923612345010042, -0.010047371499240398, -0.0044265808537602425, -0.03167657181620598, 0.007498834747821093, -0.00631463248282671, -0.0024734812323004007, -0.01912069506943226, 0.013716730289161205, -0.0014660755405202508, 0.0070985411293804646, -0.015437992289662361, -0.014183739200234413, 0.03669358789920807, 0.02770032174885273, -0.012509177438914776, 0.01801321469247341, 0.028367478400468826, -0.01286276988685131, -0.019934624433517456, 0.03154314309358597, 0.007365403696894646, -0.006327976007014513, 0.002681967569515109, -0.02098873071372509, -0.04050971940159798, 0.006521451286971569, 0.01573154143989086, 0.007972516119480133, -0.010114086791872978, -0.03589300066232681, 0.018533596768975258, 0.007465477101504803, 0.014797522686421871, -0.016385354101657867, -0.04467277228832245, 0.029675103724002838, -0.020041370764374733, -0.016612187027931213, -0.013743416406214237, -0.01615852117538452, -0.00677830632776022, -0.018373480066657066, 0.0073120309971272945, -0.008886519819498062, -0.012262329459190369, -0.0043265074491500854, -0.0019697784446179867, 0.0194275863468647, -0.00971379317343235, -0.025899000465869904, -0.02257656306028366, -0.015758227556943893, -0.013082931749522686, 0.02385750226676464, 0.017239313572645187, 0.015144444070756435, 0.008246049284934998, 0.0033491237554699183, 0.017519520595669746, 0.011668561026453972, -0.034505315124988556, -0.031783316284418106, -0.02068183943629265, -0.053612664341926575, -0.04096338525414467, 0.003866169834509492, -0.025031697005033493, 0.040616463869810104, 0.015117757953703403, 0.0012000470887869596, -0.0186937153339386, 0.004416573327034712, -0.025472020730376244, -0.01128161046653986, -0.004643406718969345, -0.002862099790945649, 0.02372407168149948, 0.024070993065834045, -0.009086666628718376, 0.01035426277667284, 0.013409838080406189, 0.017492832615971565, -0.041470423340797424, 0.009440259076654911, -0.008165990933775902, 0.011668561026453972, 0.011962109245359898, -0.002760358387604356, -0.015451335348188877, 0.00369270914234221, 0.01587831601500511, -0.014450601302087307, 0.02858096919953823, 0.028340792283415794, 0.005594104062765837, -0.018026558682322502, -0.022176269441843033, -0.008179333992302418, -0.012168928049504757, -0.003023885190486908, 0.022363074123859406, -0.018733743578195572, -0.00403963029384613, 0.019160723313689232, -0.0021132170222699642, 0.01715925522148609, 0.01184202078729868, 0.016318637877702713, -0.03469211980700493, 0.021936092525720596, -0.020735211670398712, 0.006134500727057457, -0.024818208068609238, -0.041203562170267105, 0.012575892731547356, -0.02012142911553383, 0.015357933938503265, 0.019734477624297142, -0.010547738522291183, 0.005017014220356941, 0.0006492263055406511, 0.033331118524074554, 0.0025452005211263895, 0.00813930481672287, 0.007892456836998463, -0.0161184910684824, 0.014290484599769115, 0.0024568024091422558, 0.011128163896501064, -0.025885658338665962, 0.017639607191085815, -0.000448662496637553, 0.022669965401291847, -0.02443125657737255, -0.021749289706349373, -0.006451399531215429, -0.02069518342614174, 0.0008631332311779261, 0.017052510753273964, -0.004229770042002201, -0.009607047773897648, -0.029034635052084923, -0.022376416251063347, -0.02799387089908123, 0.007685638498514891, -0.009039965458214283, -0.011741947382688522, -0.023884188383817673, 0.011468414217233658, 0.005370606668293476, 0.002565215341746807, -0.010687841102480888, 0.2151978760957718, 0.028447536751627922, 0.03327774628996849, 0.009533661417663097, -0.01328974962234497, 0.00532390596345067, 0.00034567026887089014, -0.004990327637642622, -0.03904197737574577, 0.005971047095954418, -0.012782711535692215, 0.02285676822066307, 0.01407699380069971, -0.0018513582181185484, -0.02172260358929634, -0.0011466746218502522, -0.03869505599141121, -0.02272333763539791, -0.02385750226676464, -0.004103010054677725, 0.02911469340324402, 0.004256456159055233, 0.0020281546749174595, -0.007739011198282242, 0.027913812547922134, 0.0037560889031738043, 0.022656621411442757, -0.0002547702461015433, 0.010954703204333782, -0.0026285951025784016, -0.002763694152235985, -0.014157053083181381, 0.008186005987226963, 0.007445462513715029, -0.00528054079040885, -0.00992061197757721, 0.005260526202619076, 0.007732339669018984, 0.0012992864940315485, 0.017105882987380028, -0.00210487749427557, -0.018747087568044662, 0.033197689801454544, -0.007505506277084351, -0.012816068716347218, -0.006518115289509296, -0.02098873071372509, -0.00885983370244503, 0.010754556395113468, 0.028340792283415794, -0.027913812547922134, 0.021642545238137245, 0.022523190826177597, 0.008312765508890152, 0.005283876322209835, -0.019907938316464424, 0.03559945151209831, -0.0005203817854635417, -0.010040699504315853, 0.013589969836175442, -0.005207153502851725, -0.0019264132715761662, 0.02387084625661373, 0.020628467202186584, 0.014477287419140339, 0.016372011974453926, 0.0005683336057700217, -0.024097679182887077, 0.00792581494897604, -0.009226769208908081, 0.017679637297987938, -0.010914674028754234, 0.002675296040251851, -0.00094569381326437, 0.005820936989039183, -0.012235643342137337, 0.009386886842548847, -0.003932885359972715, 0.004866904113441706, 0.0282607339322567, -0.0197211354970932, -0.016171865165233612, 0.003899527480825782, 0.019227439537644386, -0.03202349320054054, 0.00593101792037487, -0.0038394834846258163, -0.007078526541590691, -0.021469084545969963, -0.015011012554168701, -0.0065047722309827805, 0.008165990933775902, -0.017519520595669746, -0.008913205936551094, -0.004756823182106018, 0.020655153319239616, 0.009787180460989475, 0.03242378681898117, -0.029755163937807083, -0.013783445581793785, -0.03143639490008354, 0.04352526366710663, 0.005780907813459635, -0.010847958736121655, -0.020521722733974457, -0.001667056349106133, 0.005694177467375994, 0.017786381766200066, -0.00596437556669116, -0.012329044751822948, 0.007505506277084351, -0.0328240804374218, -0.014944297261536121, -0.010407635942101479, 0.017826411873102188, 0.018240047618746758, 0.004289813805371523, -0.028821144253015518, -0.0017029159935191274, -0.008232706226408482, 0.024164395406842232, -0.04141705110669136, -0.014410572126507759, 0.008266064338386059, 0.007472148630768061, -0.015678169205784798, -0.03199680894613266, 0.003682701848447323, 0.019320841878652573, -0.028527595102787018, 0.009146710857748985, -0.023764101788401604, -0.016625531017780304, -0.02012142911553383, -0.01286276988685131, 0.0036226578522473574, 0.005837616045027971, -0.029061321169137955, -0.00212656008079648, -0.02028154581785202, 0.03055575117468834, -0.008406166918575764, 0.011608516797423363, 0.010380948893725872, 0.00023788285034243017, -0.021789319813251495, -0.017599578946828842, -0.01729268580675125, 0.00856628455221653, -0.029728475958108902, 0.0014577361289411783, 0.004052973352372646, 0.003919542301446199, -0.035199157893657684, 0.008893190883100033, -0.013443196192383766, 0.022509846836328506, -0.042190954089164734, -0.0037127237301319838, -0.005754221696406603, -0.03642672300338745, 0.00019472619169391692, 0.014797522686421871, -0.001477750833146274, -0.006814999971538782, -0.021188879385590553, -0.16758961975574493, 0.035332586616277695, 0.03453199937939644, -0.02900794893503189, 0.0042130909860134125, 0.008552941493690014, 0.042190954089164734, -0.01277603954076767, -0.01264928001910448, -0.025925686582922935, 0.005300555378198624, -0.02613917738199234, -0.057749032974243164, -0.03140971064567566, -0.027246655896306038, 0.004966977518051863, 0.011728604324162006, 0.0023383821826428175, 0.006024419795721769, 0.03840150684118271, 0.04507306590676308, -0.023230375722050667, -0.010847958736121655, -0.01092134602367878, -0.01570485532283783, 0.025925686582922935, -0.0069117373786866665, -0.010514380410313606, -0.015758227556943893, -0.011768634431064129, -0.012662623077630997, -0.0024184409994632006, 0.0035025696270167828, -0.0072186291217803955, 0.008913205936551094, -0.010607782751321793, 0.00041196891106665134, -0.024511316791176796, -0.011108149774372578, 0.019614389166235924, 0.0042130909860134125, 0.013056245632469654, -0.00977383740246296, 0.032210297882556915, 0.01901394873857498, 0.033758100122213364, 0.013149647042155266, -0.00756555050611496, 0.022309700027108192, -0.0011867039138451219, 0.025071727111935616, -0.01786644011735916, 0.002333378652110696, 0.013890190050005913, 0.01586497202515602, 0.013403166085481644, 0.012335716746747494, 0.01698579452931881, -0.01158183068037033, -0.03359798341989517, 0.007879113778471947, -0.016945766285061836, -0.014410572126507759, 0.027246655896306038, -0.014383886009454727, 0.01755954883992672, -0.025605451315641403, 0.007972516119480133, -0.04259124770760536, -0.0005324739613570273, -0.017172599211335182, 0.0018596977461129427, 0.017652951180934906, 0.014850894920527935, 0.0050336928106844425, 0.009767165407538414, -0.011248252354562283, -0.009967312216758728, -0.0009748818702064455, 0.01715925522148609, -0.015798257663846016, 0.016225237399339676, -0.00956034753471613, 0.043898873031139374, -0.008099275641143322, -0.009059980511665344, 0.01126826647669077, -0.02668624557554722, 0.013876846991479397, 0.006481421645730734, -0.0014452269533649087, -0.00971379317343235, -0.012555878609418869, -0.007959172129631042, 0.0005629129591397941, -0.00849956925958395, 0.019787849858403206, 0.009126695804297924, -0.004760158713907003, -0.010934689082205296, 0.023230375722050667, -0.01070785615593195, -0.04416573420166969, -0.0074121044017374516, 0.04181734472513199, -0.002958837430924177, 0.022096211090683937, -0.006501436233520508, 0.05102410167455673, 0.00735206063836813, -0.008266064338386059, 0.010227503255009651, -0.0031089475378394127, 0.011781977489590645, 0.00653812987729907, 0.028447536751627922, 0.014263797551393509, -0.016505442559719086, -0.005807593930512667, 0.0032390430569648743, 0.047901809215545654, -0.012722667306661606, 0.012102211825549603, -0.0008547937613911927, 0.013676700182259083, -0.005644140765070915, -0.07706987857818604, -0.003272400703281164, 0.018680371344089508, 0.032050181180238724, -0.028340792283415794, -0.026085805147886276, -0.0070318253710865974, 0.032503847032785416, -0.020054712891578674, 0.020615125074982643, -0.03503904119133949, -0.021215565502643585, 0.006871708203107119, 0.006521451286971569, -0.02983522228896618, 0.008539598435163498, 0.0005870973691344261, -0.00403963029384613, -0.022189613431692123, 0.03773435205221176, -0.010014013387262821, -0.008919877000153065, 0.0038127971347421408, 0.011148178949952126, -0.029221437871456146, 0.01698579452931881, -0.025792255997657776, 0.014784179627895355, 0.02025485970079899, 0.008539598435163498, -0.009787180460989475, -0.017652951180934906, 0.018200019374489784, -0.009887253865599632, -0.015678169205784798, -0.016598844900727272, -0.004810195416212082, 0.01944093033671379, 0.03741411492228508, -0.0161184910684824, -0.015117757953703403, 0.005780907813459635, -0.0008823139942251146, -0.004890254233032465, 0.005400628782808781, -0.015104414895176888, -0.01986791007220745, 0.029088007286190987, 0.014090336859226227, -0.023817474022507668, -0.004983656108379364, 0.0062712677754461765, -0.026792990043759346, -0.047074537724256516, 0.04437922686338425, 0.025912344455718994, 0.01900060661137104, 0.011174865067005157, -0.012969515286386013, 0.024951638653874397, -0.005607447121292353, -0.010000670328736305, -0.0050470358692109585, -0.005097072571516037, 0.029514987021684647, 8.89715229277499e-05, -0.021642545238137245, -0.009006607346236706, -0.007705653086304665, -0.011101477779448032, -0.009807194583117962, 0.002029822440817952, -0.038935232907533646, 0.018520254641771317, -0.013943563215434551, 0.027513518929481506, 0.0005295551964081824, 0.002475149231031537, 0.006087799556553364, -0.005710856523364782, 0.0024217767640948296, 0.0028053915593773127, -0.012082197703421116, -0.015117757953703403, 0.022816739976406097, 0.010227503255009651, 0.018453538417816162, -0.01754620671272278, -0.00877977441996336, -0.044752832502126694, 0.01562479604035616, 0.008186005987226963, -0.016211893409490585, -0.020668497309088707, 0.0013609984889626503, 0.0050403643399477005, -0.002578558400273323, -0.0035526063293218613, 0.0035225842148065567, 0.0031122833024710417, -0.017906470224261284, -0.010280875489115715, -0.033784784376621246, 0.03466543182730675, -0.019494302570819855, -0.009893924929201603, -0.0011775305029004812, -0.00030355603666976094, -0.010801257565617561, -0.008172662928700447, 0.0032740687020123005, 0.007465477101504803, -0.007158585358411074, -0.005484023131430149, -0.010887987911701202, -0.01655881479382515, -0.004796852357685566, -0.0010440993355587125, 0.030182143673300743, 0.0015711527084931731, 0.0051270946860313416, 0.0037294027861207724, 0.0066415392793715, -0.0014018617803230882, 0.004800188355147839, 0.022363074123859406, -0.008019216358661652, -0.0073120309971272945, -0.001608680235221982, 0.018640341237187386, -0.0105610815808177, -0.011668561026453972, 0.010968046262860298, -0.022202955558896065, 0.008052574470639229, 0.02754020504653454, 0.027460146695375443, -0.025071727111935616, 0.027593577280640602, 0.018360136076807976, 0.02543199062347412, 0.025338590145111084, -0.017319373786449432, -0.011001404374837875, -0.003702716436237097, -0.022189613431692123, -0.010754556395113468, -0.013536597602069378, -0.02858096919953823, 0.03439857065677643, 0.005297219846397638, 0.003152312710881233, 0.048168670386075974, 0.01857362687587738, -0.018680371344089508, -0.033784784376621246, -0.014010278508067131, -0.04088332876563072, 0.004019615706056356, 0.011835349723696709, 0.004423245321959257, 0.019080664962530136, 0.04040297493338585, -0.016091804951429367, -0.0010449333349242806, -0.005684169940650463, 0.0070051392540335655, -0.024938296526670456, -0.007832412607967854, 0.020521722733974457, 0.02085530012845993, -0.00856628455221653, -0.027673635631799698, -0.015918344259262085, 0.01377010252326727, 0.034905608743429184, 0.00010987227142322809, 0.020014682784676552, -0.020788583904504776, 9.579944889992476e-05, 0.005130430683493614, 0.014036964625120163, 0.02085530012845993, -0.00814597588032484, 0.008219363167881966, -0.0004155131755396724, 0.03818801790475845, 0.030475690960884094, -0.00018805463332682848, 0.013062916696071625, 0.034505315124988556, 0.011428384110331535, -0.021375682204961777, 0.018093274906277657, -0.007558878976851702, 0.008019216358661652, -0.00041092647006735206, 0.004786845296621323, -0.030475690960884094, -0.015291218645870686, 0.009800523519515991, 0.013783445581793785, 0.006181201431900263, 0.003048903541639447, -0.004753487184643745, -0.01928081177175045, -0.020775241777300835, 0.008406166918575764, -0.02643272466957569, -0.017893128097057343, -0.013743416406214237, 0.015317904762923717, -0.002184936311095953, -0.004082995466887951, -0.015811599791049957, 0.007658952381461859, 0.00037027164944447577, 0.023070259019732475, -0.009013279341161251, -0.01886717602610588, -0.004032958764582872, 0.019320841878652573, 0.007819069549441338, 0.01062779687345028, 0.018493568524718285, -0.008899862878024578, 0.036506783217191696, 0.012622593902051449, -0.02740677446126938, -0.03744080290198326, 0.0191340371966362, 0.0028771108482033014, 0.0004853560822084546, -0.013483225367963314, -0.0038294761907309294, -0.01770632341504097, -0.006227902602404356, -0.024538002908229828, -0.007752354256808758, -0.03511909767985344, -0.006364669185131788, 0.07376077771186829, 0.0052405111491680145, 0.003942892886698246, -0.0036293293815106153, 0.009533661417663097, 0.015264532528817654, 0.01813330315053463, 0.016945766285061836, -0.018907204270362854, 0.007965844124555588, 0.016398698091506958, 0.0014518984826281667, -0.018787115812301636, -0.017759695649147034, -0.01799987256526947, 0.016345325857400894, 0.004966977518051863, 0.021535798907279968, 0.019814535975456238, -0.01729268580675125, -0.0016111820004880428, 0.017519520595669746, 0.0064714145846664906, 0.008739745244383812, -0.00759890815243125, -0.009426916018128395, 0.00025456174626015127, -0.019921282306313515, -0.005183802917599678, -0.028020557016134262, 0.006985124666243792, 0.008346122689545155, -0.03744080290198326, -0.009753822349011898, -0.013383151963353157, -0.020348262041807175, 0.018466882407665253, -0.023670699447393417, 0.014930954203009605, 0.003699380671605468, 0.013690043240785599, 0.0241377092897892, -0.024324512109160423, -0.02056175097823143, -0.023177003487944603, -0.004263127688318491, 0.016785647720098495, -0.02285676822066307, -0.04368538409471512]","[-0.004026421811431646, -0.0029062305111438036, 0.013147754594683647, -0.02417732961475849, -0.013486162759363651, -0.0011859927326440811, -0.018211333081126213, -0.02034204639494419, 0.009932884946465492, -0.02840115688741207, 0.0036723471712321043, 0.0037412820383906364, -0.012771747075021267, 0.014940060675144196, -0.007695635315030813, 0.0007140240049920976, 0.02327490970492363, -0.00031471106922253966, 0.010045686736702919, -0.027849677950143814, -0.025718964636325836, 0.006417207419872284, 0.0190510842949152, -0.03837790712714195, -0.037701092660427094, -0.0051262457855045795, -0.012188933789730072, -0.012000929564237595, -0.012145066633820534, -0.011530919931828976, -0.01596781611442566, -0.009494207799434662, -0.0002671225229278207, -0.006624011788517237, -0.013949905522167683, 0.02822568640112877, -0.0026602584403008223, -0.023851456120610237, 0.01206359826028347, -0.007388561964035034, 0.013749368488788605, 0.0065362765453755856, -0.012834414839744568, 0.009675945155322552, -0.0021448137704283, 0.018474537879228592, 0.00825338065624237, 0.00912446714937687, -0.03609679266810417, 0.018474537879228592, -0.006370206363499165, 0.014438716694712639, 0.012458406388759613, -0.024616006761789322, -0.02230982296168804, -0.001434314763173461, 0.008504053577780724, -0.01492752693593502, -0.016494227573275566, -0.0022435158025473356, -0.0002927772584371269, -0.010879172012209892, -0.000491552462335676, -0.00032117372029460967, -0.003150635864585638, 0.0017797723412513733, 0.012508541345596313, -0.0062668039463460445, 0.005311116576194763, -0.01343602780252695, 0.03444235399365425, 0.0018455737736076117, 0.01793559268116951, 0.0006388223264366388, 0.015980349853634834, -0.009519275277853012, -0.003816483775153756, -0.011380515992641449, -0.011123577132821083, 0.017283845692873, 0.012677744962275028, -0.029529180377721786, -0.01718357764184475, 0.007144156843423843, 0.025443224236369133, -0.02977985329926014, 0.002630491042509675, 0.0013512796722352505, 0.01337336003780365, -0.007100289221853018, 0.017171043902635574, 0.02684698812663555, 0.017559584230184555, 0.005937797017395496, -0.027097661048173904, 0.0007390911923721433, -0.0002167922502849251, 0.02744860202074051, -0.0033120058942586184, -0.029554247856140137, 0.003186669899150729, 0.018462004140019417, 0.008046576753258705, -0.01455151941627264, -0.011092242784798145, -0.006761881522834301, 0.010722502134740353, -0.014589119702577591, -0.008485252968966961, -0.030958011746406555, 0.0034624093677848577, 0.03211110457777977, -0.0069248187355697155, 0.00787737313657999, 0.006611478514969349, -0.00691228499636054, -0.013586430810391903, -0.010202356614172459, -0.018386803567409515, -0.009111933410167694, 0.007777103688567877, 0.025042148306965828, 0.018963349983096123, -0.001487582572735846, 0.02977985329926014, -0.0017249378142878413, -0.028927568346261978, -0.001026189187541604, -0.011342915706336498, 0.002193381544202566, 0.022359957918524742, 0.004427497275173664, 0.028877433389425278, 0.008723391219973564, -0.003854084527119994, -0.023174641653895378, 0.015980349853634834, -0.014087775722146034, -0.021081529557704926, -0.02977985329926014, 0.017709989100694656, 0.03130895271897316, 0.010647299699485302, 0.004255159758031368, 0.005662057548761368, 0.013398427516222, 0.028075281530618668, 0.01980310119688511, -0.013110154308378696, -0.009832615964114666, -0.016005417332053185, -0.02247275970876217, -0.017033172771334648, -0.01798572763800621, -0.019138820469379425, 0.03306365758180618, -0.007350961212068796, 0.013611498288810253, -0.010684900917112827, 0.009882749989628792, -0.009155800566077232, 0.016619564965367317, 0.02835102193057537, -0.017835324630141258, 0.00900539755821228, 0.024302667006850243, -0.010797703638672829, 0.0051795137114822865, -0.020617784932255745, -0.0046781692653894424, -0.00839751772582531, -0.00316786952316761, -0.017171043902635574, -0.0017750723054632545, 0.0173339806497097, 4.942452142131515e-05, -0.003587745362892747, -0.005235914606601, -0.018549740314483643, -0.0230367723852396, -0.009519275277853012, 0.0266965851187706, 0.028877433389425278, 0.04058382287621498, -0.019865769892930984, -0.010966907255351543, 0.014062708243727684, 0.0010747568449005485, 0.011123577132821083, -0.022773565724492073, 0.037726160138845444, 0.01596781611442566, 0.016983039677143097, 0.00016264314763247967, -0.6441271901130676, -0.025430690497159958, 0.02599470317363739, -0.00895526260137558, -0.003725615097209811, 0.03336446359753609, 0.01682010293006897, 0.004552833270281553, -0.006555077154189348, 0.05454626306891441, 0.008886327967047691, 0.02215941995382309, -0.01070370152592659, -0.015980349853634834, 0.007933774031698704, -0.027097661048173904, -0.006580144166946411, 0.004675035830587149, -0.001981876790523529, 0.005878262221813202, 0.009293670766055584, 0.02982998825609684, -0.004201892297714949, 0.01491499412804842, -0.0044744983315467834, -0.015328602865338326, 0.02825075201690197, -0.013974973000586033, 0.002019477542489767, 0.02744860202074051, -0.004436897113919258, -0.0069248187355697155, 0.010565831325948238, 0.0032932055182754993, 0.036397598683834076, -0.010051953606307507, -0.02230982296168804, 0.031083349138498306, -0.018750278279185295, 0.03148442506790161, 0.0005397284985519946, -0.03519437089562416, 0.013887237757444382, 0.003991954028606415, -0.003966887015849352, 0.009939150884747505, -0.013461095280945301, -0.01013342197984457, -0.0004433763970155269, -0.027724340558052063, 0.007777103688567877, -0.03892938792705536, -0.01956496201455593, 0.0047627710737288, -0.0035062769893556833, -0.0028012613765895367, 0.0152784688398242, 0.0020476782228797674, 0.009400205686688423, 0.009487941861152649, -0.015804879367351532, 0.007150423247367144, -0.010603432543575764, -0.025493359193205833, 0.010371561162173748, 0.021269533783197403, -0.004095356445759535, -0.034818362444639206, 0.008171912282705307, 0.013172822073101997, 0.02039218135178089, 0.023563183844089508, -0.014250712469220161, -0.010308892466127872, -0.009657145477831364, 0.037876565009355545, 0.00612893421202898, 0.0022779833525419235, 0.017609719187021255, -0.0006748564774170518, -0.0152283338829875, 0.01343602780252695, -0.007839771918952465, -0.022297289222478867, 0.03288818895816803, 0.012151333503425121, 0.0017218043794855475, -0.003641013288870454, -0.0034843431785702705, -0.022773565724492073, 0.021883679553866386, -0.002307750517502427, -0.01206359826028347, -0.016682231798768044, 0.010854104533791542, 0.0020586452446877956, -0.027975013479590416, 0.0034310752525925636, -0.0025693897623568773, -0.003835284151136875, -0.006182202138006687, -0.017095841467380524, 0.010622233152389526, -0.0004073422751389444, 0.024139730259776115, 0.0013763468014076352, -0.003982554189860821, 0.014037640765309334, 0.009042997844517231, -0.022021548822522163, 0.0033590069506317377, -0.0010794569971039891, 0.011812925338745117, 0.018499605357646942, -0.020492449402809143, -0.031033214181661606, 0.01694543845951557, 0.021783411502838135, 0.018925748765468597, 0.0028921300545334816, 0.031659893691539764, -0.01762225292623043, 0.005135646089911461, -0.011593587696552277, 0.0052923159673810005, 0.0037757493555545807, -0.003186669899150729, -0.026320576667785645, 0.003443608758971095, -0.013573898002505302, -0.006009865086525679, -0.012051064521074295, 0.017020639032125473, -0.026370711624622345, 0.016130752861499786, 0.019502295181155205, 0.00037052479456178844, -0.005116845481097698, -0.007990174926817417, 0.008128045126795769, -0.000599654798861593, 0.00767056830227375, -0.007162956986576319, -0.015240867622196674, 0.02058018371462822, -0.050836313515901566, -0.03268764913082123, -0.0008319182670675218, -0.028676895424723625, 0.03283805400133133, 0.012107465416193008, -0.0017813390586525202, 0.00609760032966733, 0.004104756750166416, -0.03128388524055481, -0.009701012633740902, 0.013786968775093555, -0.012596276588737965, 0.006786949001252651, -0.00107240688521415, -0.012188933789730072, 0.02993025630712509, -0.015391270630061626, -0.004092223010957241, 0.010026886127889156, 0.015804879367351532, 0.005085511598736048, 0.0306321382522583, -0.02220955304801464, -0.023538116365671158, 0.005815593991428614, 0.005307983141392469, -0.019301757216453552, 0.027348333969712257, -0.012496007606387138, -0.0003123610222246498, -0.023137040436267853, -0.003528210800141096, 0.008209513500332832, -0.004305294249206781, -0.001928608980961144, 0.0229365024715662, 0.022247154265642166, -0.012859482318162918, 0.04512098804116249, -0.0006407807231880724, 0.03268764913082123, 0.004054622258991003, -0.02902783639729023, 0.010597165673971176, -0.005875128787010908, 0.002632057759910822, -0.01128651387989521, 0.015867548063397408, -0.008654456585645676, 0.013285624794661999, 0.04499565437436104, 0.019865769892930984, 0.016970505937933922, 0.0230367723852396, 0.025430690497159958, -0.016393959522247314, 0.030130794271826744, -0.017371581867337227, -0.01267147809267044, -0.05264115333557129, -0.007407362572848797, -0.02604483813047409, 0.04344148561358452, 0.0190009493380785, -0.036447733640670776, -0.03872884809970856, -0.019113752990961075, -0.028100349009037018, 0.023086905479431152, 0.020617784932255745, -0.010998241603374481, 0.020517516881227493, -0.04276467114686966, 0.021006327122449875, 0.004443163983523846, 0.007507631089538336, 0.03439221903681755, 0.017020639032125473, 0.003136535407975316, 0.018411871045827866, 0.03341459855437279, 0.002987698884680867, -0.017948126420378685, -0.025330422446131706, -0.018612409010529518, -0.020793255418539047, 0.014626720920205116, 0.015416338108479977, 0.006047465838491917, 0.0007457496831193566, 0.020855924114584923, -0.0072945598512887955, 0.011712657287716866, 0.012972284108400345, -0.01713344268500805, 0.009080599062144756, 0.03203590214252472, -0.0209185928106308, 0.019815634936094284, 0.0419875867664814, 0.02407706156373024, 0.0015228333650156856, -0.02907797135412693, 0.02817555144429207, 0.02531788870692253, 0.008485252968966961, -0.031158549711108208, 0.007144156843423843, 0.010666100308299065, -0.00934380479156971, -0.0027119594160467386, 0.012909616343677044, 0.023049306124448776, 0.019502295181155205, -0.002810661680996418, -0.002506721531972289, 0.0026273576077073812, -0.015604342333972454, 0.006009865086525679, -0.0033809407614171505, -0.02337517961859703, -0.001120191183872521, 0.005969130899757147, 0.016318757086992264, -0.0032556047663092613, -0.006404673680663109, 0.020041240379214287, 0.02288636937737465, 0.028902500867843628, -0.004493298474699259, 0.0031522023491561413, -0.014125376008450985, 0.0248792115598917, 0.014463784173130989, -0.05178887024521828, -0.024290133267641068, 0.016619564965367317, -0.005483453627675772, 0.0072945598512887955, 0.009945417754352093, -0.030932944267988205, 0.013511229306459427, 0.0032744051422923803, -0.004665635526180267, 0.001784472493454814, -0.028476357460021973, 0.00743242958560586, 0.007175490725785494, -0.001141341752372682, -0.04534659534692764, 0.00961327739059925, -0.022510360926389694, 0.011562253348529339, 0.018311601132154465, -0.0015063830651342869, -0.024578405544161797, -0.020617784932255745, -0.01839933730661869, 0.024202397093176842, -0.0059879315085709095, 0.014376048929989338, -0.021808478981256485, 0.015391270630061626, 0.0038634848315268755, 0.006448541302233934, 0.006624011788517237, -0.02910303883254528, 0.001732771284878254, -0.02672165259718895, 0.012163866311311722, -0.031710028648376465, -0.023914124816656113, 0.034567691385746, 0.024402935057878494, -0.015942750498652458, -0.02586936764419079, -0.018725210800766945, -0.0016920370981097221, 0.05213981121778488, -0.01264641061425209, 0.002887429902330041, -0.0012290769955143332, 0.006530009675770998, -0.019088685512542725, -0.02361331693828106, -0.038578446954488754, 0.0004970359150320292, -0.002287383424118161, -0.005386318080127239, 0.01294721756130457, 0.02677178755402565, 0.011668789200484753, 0.017008107155561447, 0.012345603667199612, 0.023876523599028587, 0.0023453515022993088, -0.02101886086165905, 0.004183091688901186, -0.0029939657542854548, 0.00601926539093256, -0.00767056830227375, 0.011505852453410625, 0.010045686736702919, 0.01788545958697796, 0.021081529557704926, -0.018336668610572815, 0.030005458742380142, 0.007695635315030813, -0.01648169383406639, 0.020016172900795937, -0.00259132357314229, 0.0014640821609646082, 0.01379950251430273, 0.04073422774672508, -0.005273515824228525, 0.02342531457543373, -0.014376048929989338, -0.026521114632487297, 0.01788545958697796, 0.03687387704849243, 0.0031804030295461416, 0.00018506655760575086, -0.001484449254348874, -0.006523743271827698, 0.030932944267988205, 0.025042148306965828, -0.001110007637180388, -0.006993753369897604, 0.015817413106560707, 8.73925382620655e-05, -0.005630723666399717, -0.005257848650217056, -0.020279377698898315, -0.009111933410167694, -0.0020962459966540337, -0.010847837664186954, -0.0211191289126873, -0.0006016131956130266, -0.05294195935130119, 0.0047909715212881565, 0.0026445912662893534, 0.012696544639766216, -0.018236400559544563, -0.01713344268500805, -0.012627610005438328, 0.006931085139513016, -0.004552833270281553, 0.0029798652976751328, 0.008754725567996502, -0.008880061097443104, -0.01764732040464878, 0.006085066590458155, 0.004192491993308067, 0.025380557402968407, 0.01074130181223154, -0.003963753581047058, -0.018499605357646942, 0.032361775636672974, -0.005461519584059715, -0.040859561413526535, 0.0009596043964847922, -0.016419027000665665, -0.007031354121863842, 0.03065720573067665, 0.0021338467486202717, 0.0075013646855950356, -0.006843349896371365, -0.000277501909295097, 0.005101178307086229, 0.013486162759363651, 0.014112843200564384, -0.018675075843930244, 0.011123577132821083, 0.002412719652056694, 0.0016716700047254562, 0.012295469641685486, -0.00017429549188818783, 0.0008851860766299069, -0.0014797491021454334, -0.042539067566394806, -0.008497786708176136, -0.0001282736484427005, 0.01368669979274273, 0.007689368445426226, -0.03231164067983627, 0.009425273165106773, -0.013060019351541996, -0.004427497275173664, 0.02594456821680069, -0.006586411036550999, 0.0006866067415103316, -0.011888127774000168, 0.007043887861073017, 0.009907817468047142, -0.016569430008530617, 0.0133482925593853, 0.0070000202395021915, 0.007695635315030813, -0.005427052266895771, -0.01648169383406639, 0.017296379432082176, 0.017008107155561447, -0.00706895487383008, 0.017998261377215385, 0.025455757975578308, -0.02177087776362896, 0.011869327165186405, -0.0033402065746486187, 0.005962864030152559, -0.033264197409152985, -0.0009486374910920858, -0.030055591836571693, -0.013573898002505302, -0.02267329767346382, 0.014413649216294289, 0.01762225292623043, 0.00342794181779027, 0.0009494207915849984, -0.025129884481430054, -0.0018455737736076117, 0.01377443503588438, -0.012972284108400345, -0.008146845735609531, -0.02752380445599556, 0.005918996408581734, -0.010897972621023655, 0.020906059071421623, 0.024039460346102715, 0.007745769806206226, 0.013047486543655396, -0.036372531205415726, -0.0024753876496106386, -0.00950047466903925, -0.026295509189367294, -0.029253441840410233, -0.01332322508096695, 0.006147734820842743, 0.0420878566801548, 0.004245759919285774, -0.004092223010957241, 0.02329997718334198, -0.0002763269003480673, -0.0020852789748460054, -0.02177087776362896, 0.0049476418644189835, -0.006686680018901825, -0.01611822098493576, 0.020329512655735016, 0.011217579245567322, -0.011029575020074844, 0.012640143744647503, 0.023049306124448776, -0.0072694928385317326, 0.033163927495479584, 0.012239068746566772, -0.014112843200564384, 0.0020570785272866488, -0.024428002536296844, 0.011712657287716866, -0.013862170279026031, -0.005204580724239349, 0.03198576718568802, -0.004042088519781828, -0.021031394600868225, 0.0024033193476498127, -0.00688721751794219, 0.01575474627315998, -0.006138334516435862, 0.03807710111141205, -0.01228293590247631, -0.010265025310218334, 0.026120038703083992, -0.008986596949398518, 0.01072876900434494, 0.010302625596523285, -0.008472719229757786, 0.023174641653895378, 0.015792345628142357, 0.024578405544161797, 0.007582833059132099, -0.008184446021914482, 0.022610628977417946, -0.0033621403854340315, 0.028050215914845467, -0.017509451135993004, -0.01170012354850769, -0.010390360839664936, -0.03491863235831261, -0.009331271052360535, -0.03145935758948326, 0.009926618076860905, 0.011581053957343102, -0.014376048929989338, 0.019527360796928406, 0.019289223477244377, 0.007557765580713749, -0.013360826298594475, -0.008178179152309895, -0.013210423290729523, -0.020254310220479965, 0.009356338530778885, -0.010659833438694477, 0.023500515148043633, 0.011273980140686035, -0.011198778636753559, -0.016619564965367317, -0.020943658426404, -0.017923058941960335, -0.0028388623613864183, 0.018562274053692818, 0.029654517769813538, -0.0044744983315467834, -0.014940060675144196, 0.010045686736702919, -0.011850526556372643, -0.008491519838571548, -0.021257000043988228, 0.0055993893183767796, 0.002848262432962656, 0.012414539232850075, -0.005903329234570265, 0.0037036812864243984, -0.02609497308731079, 0.024766409769654274, -0.020542584359645844, -0.006699213758111, -0.026345644146203995, -0.018950816243886948, -0.030005458742380142, 0.004546566400676966, -0.05131259188055992, 0.026120038703083992, -0.018073463812470436, 0.016030484810471535, 0.0027291930746287107, 0.012470940127968788, -0.015591808594763279, 0.010615966282784939, 0.005542988423258066, 0.012445872649550438, -0.001732771284878254, -0.021520204842090607, -0.010684900917112827, -0.003725615097209811, -0.018875613808631897, -0.020128974691033363, 0.025443224236369133, 0.03148442506790161, -0.002702559344470501, 0.012790546752512455, 0.010083287954330444, 0.0008577688131481409, 0.027072593569755554, 0.00150481634773314, -0.002831028774380684, -0.008773526176810265, -0.005072977859526873, -0.01832413487136364, -0.005204580724239349, 0.00979501474648714, 0.00913699995726347, 0.017559584230184555, -0.011167445220053196, -0.005608789622783661, -0.012696544639766216, -0.01379950251430273, -0.010321426205337048, -0.0069874865002930164, -0.011706390418112278, -0.003891685279086232, 0.0017782056238502264, 0.014726989902555943, 0.020454848185181618, 0.014401115477085114, -0.011273980140686035, 0.008992863819003105, -0.030155861750245094, 0.0346178263425827, 0.018098529428243637, 0.013874704018235207, -0.0458730049431324, 0.0042802272364497185, 0.002628924325108528, -0.02536802366375923, 0.012408272363245487, -0.0017750723054632545, -0.003097367938607931, -0.028000080958008766, 0.030807608738541603, 0.011324115097522736, 0.0020069440361112356, -0.025794165208935738, 0.027072593569755554, 0.004314694553613663, -0.006523743271827698, -0.03735015168786049, -0.019915902987122536, -0.015591808594763279, -0.025017082691192627, 0.002592890290543437, -0.004336628597229719, 0.006617744918912649, 0.012627610005438328, -0.007839771918952465, -0.012470940127968788, 0.005076111294329166, -0.029253441840410233, -0.030030524358153343, 0.004042088519781828, 0.01803586259484291, -0.013849637471139431, -0.022999171167612076, -0.002127579879015684, -0.014564053155481815, -0.008829927071928978, -0.015115531161427498, -0.011418117210268974, 0.018136130645871162, 0.006743081379681826, 0.004161158110946417, -0.009506741538643837, 0.01803586259484291, -0.011750257574021816, 0.014689388684928417, -0.007307093590497971, -0.03574585169553757, -0.004740837495774031, -0.008598054759204388, -0.01806093007326126, 0.02832595445215702, -0.015566741116344929, -0.025430690497159958, -0.027248064056038857, -0.03053187020123005, -0.04983362555503845, -0.02565629594027996, -0.027749408036470413, 0.003568944986909628, 0.016882769763469696, -0.014363515190780163, 0.003117735031992197, 0.0124020054936409, 0.004621767904609442, 0.008754725567996502, -0.011900660581886768, -0.014388581737875938, 0.0006454808171838522, 0.011819192208349705, 0.006041198968887329, 0.011455717496573925, -0.005389451514929533, -0.02291143499314785, 0.019276689738035202, 0.005705925170332193, 0.022685831412672997, 0.027849677950143814, 0.016205955296754837, 0.000342324172379449, 0.010490629822015762, 0.006931085139513016, 0.02220955304801464, 0.004515232518315315, 0.006699213758111, -0.017835324630141258, 0.008240846917033195, -0.00013297374243848026, 0.012496007606387138, -0.039380595088005066, 0.010058220475912094, 0.021808478981256485, -0.01225786842405796, -0.010446762666106224, -0.0014108142349869013, 0.015579274855554104, -0.0038008166011422873, -0.02586936764419079, 0.0020649118814617395, -0.010008086450397968, 0.0015988183440640569, 0.020417246967554092, -0.0072569590993225574, -0.006567610893398523, 0.017409181222319603, 0.005173246841877699, -0.027348333969712257, 0.014488850720226765, 0.007538965437561274, -0.025255220010876656, -0.02912810631096363, -0.0011899094097316265, -0.001091207261197269, -0.047101300209760666, 0.006254270672798157, -0.015165666118264198, 0.005502253770828247, -0.030456667765975, 0.0035062769893556833, 0.026170173659920692, -0.01786039210855961, 0.018236400559544563, -0.017359048128128052, -0.0013732134830206633, -0.0007093239109963179, -0.01953989453613758, -0.011161178350448608, -0.017659854143857956, -0.009945417754352093, 0.008184446021914482, -0.016907837241888046, -0.04444417357444763, -0.014664321206510067, -0.011743990704417229, 0.012295469641685486, -0.010829037055373192, 0.2213936597108841, 0.0024440535344183445, 0.002523955423384905, 0.03133402019739151, -0.015140598639845848, -0.00028141867369413376, 0.020016172900795937, -0.003854084527119994, -0.013147754594683647, 0.008084177039563656, -0.015867548063397408, 0.011198778636753559, 0.0029422645457088947, 0.005752926226705313, 0.021369801834225655, -0.01486485917121172, -0.040884628891944885, -0.04579780250787735, -0.0018048395868390799, -0.005981664638966322, 0.024352800101041794, -0.008002708666026592, -0.013486162759363651, -0.0036096791736781597, 0.027197929099202156, -0.0028764631133526564, -0.0067932154051959515, 0.029955323785543442, 0.017822790890932083, 0.012333070859313011, -0.029504112899303436, 0.009989285841584206, 0.013561364263296127, 0.0114682512357831, -0.05053550750017166, 0.0095255421474576, 0.011242646723985672, 0.004584167152643204, 0.015792345628142357, 0.001927042263559997, -0.0005107445176690817, -0.0172337107360363, -0.01488992664963007, -0.024064527824521065, -0.0266965851187706, -0.005091778468340635, 0.01837426982820034, -0.029980391263961792, 0.010346493683755398, 0.015165666118264198, -0.025693897157907486, -0.014125376008450985, 0.005809327587485313, 0.002235682448372245, -0.019865769892930984, -0.0028623626567423344, 0.026120038703083992, 0.001619968912564218, -0.0018502739258110523, 0.01343602780252695, 0.015027795918285847, 0.021257000043988228, -0.00879859272390604, 0.01982816867530346, -0.002143247053027153, 0.031835366040468216, -0.0005929963663220406, 0.023162107914686203, 0.022898901253938675, -0.019840702414512634, 0.013962439261376858, 0.021633008494973183, 0.01987830176949501, 0.008040309883654118, -0.008930196054279804, -0.02434026636183262, 0.015516607090830803, 0.02604483813047409, 0.038553379476070404, 0.01633129082620144, -0.029253441840410233, 0.007382295094430447, -0.02677178755402565, 0.005279782228171825, 0.005821860861033201, 0.008309782482683659, 0.013160288333892822, -0.007576566189527512, 8.675606659380719e-05, -0.00612893421202898, 0.016105687245726585, -0.0268720556050539, -0.011305314488708973, 0.008604321628808975, -0.0020288778468966484, 0.01936442404985428, 0.018888147547841072, 0.02055511809885502, -0.005533588118851185, 0.03371540457010269, -0.03499383479356766, 0.000990155036561191, -0.0009212202276103199, 0.00900539755821228, -0.022848768159747124, -0.01413790974766016, 0.01832413487136364, 0.0095255421474576, -0.007394828833639622, 0.0067556146532297134, -0.007846038788557053, -0.047101300209760666, 0.01201346330344677, -0.010672367177903652, 0.004023288376629353, 0.02604483813047409, 0.011411850340664387, -0.03827764093875885, -0.009425273165106773, 0.005937797017395496, 0.01837426982820034, -0.013887237757444382, 0.011048375628888607, 0.023813854902982712, 0.015353670343756676, 0.003039400093257427, -0.0266464501619339, 0.002666525077074766, -0.017171043902635574, -0.030782541260123253, -0.001784472493454814, -0.011324115097522736, 0.030882811173796654, -0.0015651342691853642, -0.008516586385667324, -0.0035313440021127462, 0.0046781692653894424, -0.012571209110319614, -0.009299937635660172, 0.01749691739678383, 0.021181797608733177, -0.007188024464994669, 0.00807164330035448, -0.0026790588162839413, 0.006605211645364761, -0.003913619089871645, -0.002865496091544628, 0.01379950251430273, -0.026571249589323997, -0.0028592294547706842, -0.015742212533950806, -0.02371358685195446, -0.001000338583253324, 0.019865769892930984, 0.03333939611911774, 0.02335011214017868, -0.010697434656322002, -0.03381567448377609, 0.010991974733769894, 0.0070626880042254925, -0.02684698812663555, -0.003080134280025959, 0.016343824565410614, -0.02340024709701538, -0.030231062322854996, 0.0048567731864750385, -0.15511593222618103, 0.019940970465540886, 0.002633624477311969, -0.016657166182994843, 0.018863080069422722, 0.020429780706763268, 0.014313380233943462, 0.005721592344343662, -0.011443184688687325, 0.010509430430829525, -0.0022435158025473356, 0.018085995689034462, -0.012264135293662548, -0.0003352740313857794, -0.0018753411713987589, 0.017095841467380524, -0.01611822098493576, 0.025543494150042534, 0.045547131448984146, -0.005765459965914488, 0.03145935758948326, -0.012571209110319614, 0.02591950260102749, 0.000414392416132614, 0.0024769543670117855, 0.0057184589095413685, -0.024352800101041794, 0.021933814510703087, -0.012577475979924202, -0.031609758734703064, 0.004966442473232746, 0.014538985677063465, 0.02036711387336254, 0.018988415598869324, 0.02754887007176876, 0.012897082604467869, -0.007971375249326229, 0.012145066633820534, -0.013473629020154476, -0.002666525077074766, 0.018562274053692818, 0.03306365758180618, 0.0024926213081926107, 0.025355489924550056, 0.01491499412804842, 0.00805911049246788, 0.005195180419832468, -0.00494450842961669, 0.02449067123234272, -0.026170173659920692, 0.016005417332053185, 0.0009744880371727049, -0.016644632443785667, -0.009262336418032646, 0.013749368488788605, -0.010465563274919987, -0.004809772130101919, 0.010058220475912094, -0.015529140830039978, -0.0019364424515515566, -0.0033276730682700872, -0.033214062452316284, -0.00020935042994096875, -0.01725877821445465, -0.009205935522913933, -0.004853639751672745, 0.020091373473405838, -0.009556876495480537, -0.015917683020234108, 0.019239088520407677, -0.028802230954170227, -0.05063577741384506, 0.007012553978711367, -0.025017082691192627, 0.016832636669278145, -0.011969596147537231, -0.043917763978242874, -0.025418156757950783, -0.013335758820176125, -0.0249794814735651, 0.007651767693459988, 0.009807548485696316, -0.014300846494734287, 0.016882769763469696, -0.006348272319883108, -0.019251622259616852, 0.009412739425897598, -0.02036711387336254, 0.013598964549601078, 0.011255180463194847, 0.030907878652215004, -0.018975883722305298, -0.011549719609320164, -0.02599470317363739, 0.03381567448377609, 0.011975863017141819, 0.031133482232689857, -0.006144601386040449, 0.00500090979039669, -0.008065376430749893, -0.02400185912847519, -0.007933774031698704, 0.011512119323015213, 0.02177087776362896, 0.02825075201690197, 0.009011664427816868, 0.028827298432588577, -0.0002218840381829068, 0.012452139519155025, -0.015817413106560707, -0.027097661048173904, 0.004831706173717976, 0.011355449445545673, 0.0418371856212616, 0.021144196391105652, 0.009757413528859615, 0.001983443507924676, -0.007658034563064575, -0.005687124561518431, -0.01416297722607851, 0.016657166182994843, -0.01674490049481392, -0.014614187180995941, 0.006949885748326778, -0.02454080432653427, 0.009807548485696316, -0.09871469438076019, -0.03983180597424507, 0.02895263582468033, 0.01708330772817135, 0.008140578866004944, 0.00403582165017724, 0.016180887818336487, 0.00861685536801815, -0.0010308892233297229, 0.03807710111141205, -0.02065538614988327, -0.01878787949681282, -0.0008914528880268335, -0.01767238788306713, -0.03880405053496361, 0.004925707820802927, -0.00408282270655036, -0.01762225292623043, -0.018925748765468597, 0.015190732665359974, 0.0039856876246631145, -0.0067054801620543, -0.012370671145617962, 0.00918713491410017, -0.014025107957422733, -0.021833544597029686, -0.02596963569521904, -0.003991954028606415, 0.015140598639845848, 0.0018628075486049056, 0.022510360926389694, -0.018436938524246216, -0.005389451514929533, 0.022999171167612076, 0.003069167258217931, 0.006573877297341824, -0.014238178730010986, -0.0229365024715662, 0.030757473781704903, 0.010691167786717415, 0.007200557738542557, -0.001839307020418346, 0.015867548063397408, 0.007376028224825859, 0.010051953606307507, -0.015829946845769882, -0.00620100274682045, 0.01596781611442566, -0.02179594524204731, -0.01801079511642456, -0.02291143499314785, 0.007933774031698704, 0.0027103926986455917, -0.023951726034283638, 0.015930216759443283, -0.0038822852075099945, 0.018223866820335388, 0.023237310349941254, 0.009174601174890995, 0.005564922001212835, -0.002411152934655547, -0.013573898002505302, 0.0027464269660413265, 0.022222086787223816, 0.01946469396352768, 0.005511654075235128, -0.00873592495918274, -0.002649291418492794, 0.03687387704849243, -0.0005424702540040016, -0.001602735137566924, -0.01902601681649685, -0.023149574175477028, 0.02218448556959629, -0.0009572543203830719, -0.004628034774214029, 0.008610588498413563, -0.008986596949398518, 0.0012306435965001583, 0.013974973000586033, -0.013724301010370255, 0.0002314800804015249, -0.004903774242848158, -0.015190732665359974, 0.004537166096270084, 0.019188953563570976, -0.0022623161785304546, -0.002273283200338483, -0.002884296467527747, -0.032487113028764725, -0.0031788363121449947, 0.03226150572299957, 0.026571249589323997, 0.016544362530112267, -0.0011006074491888285, -0.014726989902555943, 0.002970465226098895, -0.003029999788850546, -0.006943618878722191, 0.004969575442373753, 0.0028419955633580685, -0.0022999171633273363, -0.014564053155481815, 0.024227464571595192, -0.004465098027139902, -0.020931126549839973, 0.0012721612583845854, 0.016832636669278145, 0.0027824610006064177, -0.03203590214252472, -0.022197019308805466, 0.010766369290649891, -0.01912628673017025, 0.027298199012875557, -0.02412719652056694, 0.01413790974766016, -0.019138820469379425, 0.02747366949915886, 0.030080659314990044, -0.014513918198645115, 0.0010481229983270168, 0.009638344869017601, 0.005975397769361734, 0.005392584949731827, 0.027749408036470413, 0.03745042160153389, -0.009118200279772282, 0.00017272878903895617, -0.026395779103040695, 0.00020073357154615223, -0.01883801259100437, -0.03391594439744949, -0.00030276496545411646, -0.008610588498413563, -0.028025148436427116, 0.02980492077767849, -0.0085792550817132, -0.012796813622117043, -0.03201083466410637, 0.03980673849582672, 0.01106717623770237, 0.024553338065743446, -0.03882911801338196, 0.0010144389234483242, 0.027949946001172066, -0.0041517578065395355, 0.0031099014449864626, -0.009544342756271362, -0.04604847729206085, -0.0009784047724679112, 0.0033308062702417374, -1.1817576705652755e-05, 0.02589443512260914, 0.01565447635948658, -0.026546182110905647, -0.018487071618437767, -0.03534477576613426, -0.02016657590866089, 0.019301757216453552, -0.0026179573033005, -0.007507631089538336, -0.0382024385035038, 0.04075929522514343, 0.016644632443785667, 0.004671902395784855, 0.008748458698391914, 0.022873835638165474, 0.021520204842090607, -0.01837426982820034, 0.010114621371030807, 0.0011045242426916957, -0.01640649326145649, -0.0009995552245527506, -0.006749347783625126, -0.011687589809298515, 0.010753835551440716, 0.04148624464869499, 0.01633129082620144, -0.023312510922551155, 0.004308427684009075, -0.012145066633820534, -0.002708825981244445, 0.029654517769813538, -0.0049476418644189835, -0.04118543490767479, 0.006874684244394302, 0.035645581781864166, -0.006868417374789715, -0.0210439283400774, 0.009130734018981457, 0.013210423290729523, -0.009957951493561268, -0.03206096962094307, -0.01570461131632328, 0.00030061075813136995, -0.004628034774214029, -0.004023288376629353, 0.012032263912260532, -0.01054703164845705, 0.005517920944839716, 0.03439221903681755, 0.022748498246073723, 0.009813815355300903, -0.024202397093176842, -0.020617784932255745, -0.03060707077383995, -0.02189621329307556, 0.020053772255778313, -0.018236400559544563, -0.04908160865306854, -0.027874745428562164, 0.023914124816656113, 0.01179412566125393, 0.016105687245726585, 0.013724301010370255, 0.004888107068836689, 0.0036347464192658663, 0.00918713491410017, -0.004565367009490728, 0.021419936791062355, -0.033941011875867844, 0.026947258040308952, 0.006592677906155586, 0.023989325389266014, 0.018537206575274467, -0.020768187940120697, 0.007889905944466591, 0.01943962648510933, 0.018850546330213547, -0.019890835508704185, 0.00486617349088192, -0.0037726161535829306, 0.005461519584059715, -0.009663412347435951, -0.0039574867114424706, -0.026420846581459045, -0.032436978071928024, -0.004374229349195957, 0.017948126420378685, 0.017634786665439606, -0.015090464614331722, 0.06357046216726303, 0.022372489795088768, 0.004834839142858982, 0.005937797017395496, -0.010164756327867508, -0.009205935522913933, 0.01650676131248474, 0.0014578152913600206, -0.004433763679116964, -0.02754887007176876, 0.02531788870692253, -0.006326338741928339, 0.011480784974992275, -0.028501424938440323, -0.032462045550346375, 0.000990155036561191, -0.023099439218640327, -0.023312510922551155, -0.0003434992104303092, -0.011060909368097782, 0.03414154797792435, -0.002542755799368024, -0.004305294249206781, 0.006981219630688429, -0.01650676131248474, 0.007701902184635401, -0.0006380389677360654, -0.01491499412804842, -0.0382525734603405, -0.0267467200756073, -0.011079709976911545, -0.013097620569169521, -0.021557806059718132, 0.007137889973819256, -0.000555003818590194, -0.010998241603374481, 0.0032932055182754993, 0.0012322103139013052, 0.030281197279691696, 0.010233690962195396, -0.010008086450397968, 0.02283623442053795, -0.01907615177333355, -0.024616006761789322, 0.0306321382522583, -0.014601653441786766, -0.01018355693668127, 0.00898033007979393, 0.016544362530112267]"
12395,"Dictionary to Array of Objects<p>I have a dictionary field in my data like so:</p>
<pre><code>&quot;details&quot;: {
        &quot;code&quot;: &quot;PPIO&quot;,
        &quot;product&quot;: [{
            &quot;productCode&quot;: &quot;ADGT&quot;
        }]
    }
</code></pre>
<p>I need to convert the field to an array of objects:</p>
<pre><code>&quot;details&quot;:
        [
        {
        &quot;code&quot;: &quot;PPIO&quot;,
        &quot;product&quot;: [{
            &quot;productCode&quot;: &quot;ADGT&quot;
        }]
        }
        ]
</code></pre>
","This only works for byte objects, strings if being generous. On top, it's x10 slower (still at usec scale, though).","Embed Field: Dictionary to Array of Objects<p>I have a dictionary field in my data like so:</p>
<pre><code>&quot;details&quot;: {
        &quot;code&quot;: &quot;PPIO&quot;,
        &quot;product&quot;: [{
            &quot;productCode&quot;: &quot;ADGT&quot;
        }]
    }
</code></pre>
<p>I need to convert the field to an array of objects:</p>
<pre><code>&quot;details&quot;:
        [
        {
        &quot;code&quot;: &quot;PPIO&quot;,
        &quot;product&quot;: [{
            &quot;productCode&quot;: &quot;ADGT&quot;
        }]
        }
        ]
</code></pre>; Answer: This only works for byte objects, strings if being generous. On top, it's x10 slower (still at usec scale, though).","[-0.008470740169286728, 0.024020053446292877, 0.018340570852160454, -0.024809639900922775, -0.03493574261665344, 0.04981321468949318, 0.002848398871719837, -0.02655504271388054, -0.025474555790424347, -0.05175254866480827, 0.008256027474999428, 0.021831374615430832, 1.8303018805454485e-05, -0.019033191725611687, 2.7231320927967317e-05, 0.012335558421909809, -0.0009739965898916125, -0.0044431560672819614, 0.01723238080739975, -0.02220539003610611, 0.006243967451155186, 0.03216526284813881, -0.013118218630552292, 0.0028882245533168316, -0.011213514022529125, 0.00627167196944356, 0.019254829734563828, -0.010049913078546524, -0.02238547056913376, -0.003348816651850939, 0.029727241024374962, -0.013589199632406235, -0.0014588304329663515, -0.03363361582159996, -0.001025077304802835, -0.01892237178981304, -0.0032518499065190554, -0.020002858713269234, 0.02760782465338707, 0.013540716841816902, 0.033134929835796356, 0.002141926670446992, -0.009731307625770569, -0.014184853062033653, -0.0028432041872292757, 0.03427082672715187, 0.01337448786944151, -0.03138952702283859, 0.005509790498763323, 0.003525434760376811, 0.021748261526226997, 0.027760200202465057, -0.02447718381881714, -0.015099111013114452, -0.007695005740970373, -0.012827318161725998, 0.03421541675925255, 0.008193692192435265, 0.01379698608070612, -0.0005450051976367831, 0.03319033980369568, 0.021485066041350365, -0.012342484667897224, 0.002581740263849497, -0.00436696782708168, -0.02593168430030346, 0.00849844515323639, -0.00705433264374733, 0.022510142996907234, -0.014309524558484554, 0.002209457103163004, 0.016054926440119743, -0.00644136406481266, 0.015860993415117264, 0.020390726625919342, -0.004820633679628372, 0.00477561354637146, -0.005693334620445967, 0.01484976802021265, -0.006728800944983959, 0.009391924366354942, -0.00399295287206769, -0.02573775127530098, 0.002876103622838855, -0.0039029123727232218, 0.020182941108942032, -0.019989006221294403, 0.0294501930475235, -0.022925714030861855, 0.0030042382422834635, 0.007965127006173134, 0.01505755353718996, 0.02098638005554676, 0.006036181468516588, 0.011372816748917103, 0.022343914955854416, 0.00798590574413538, 0.0443553701043129, -0.008546927943825722, -0.006669928319752216, -0.033522795885801315, 0.0031843194738030434, -0.032913293689489365, -0.021498918533325195, -0.01060400903224945, -0.004380820319056511, 0.021221870556473732, 0.0036778110079467297, -0.010285403579473495, -0.015043701976537704, -0.00450895493850112, 0.01595795899629593, 0.024200135841965675, -0.005402434151619673, 0.007978979498147964, -0.00010757250856840983, 0.015736320987343788, -0.029145440086722374, -0.011601381003856659, -0.01871458627283573, 0.022676371037960052, 0.004491639323532581, 0.028951507061719894, -0.038481954485177994, 0.0027185326907783747, -0.0008636103011667728, -0.003345353528857231, -0.014143295586109161, 0.0077019319869577885, 0.003650106256827712, 0.030863137915730476, 0.03183280676603317, 0.025211360305547714, -0.007507998496294022, -0.016470497474074364, 0.006832694169133902, 0.0023168132174760103, 0.029367078095674515, 0.0033730582799762487, -0.005835321731865406, 0.022801043465733528, 0.027316924184560776, -0.006036181468516588, -0.016664432361721992, 7.066885882522911e-05, 0.025391440838575363, 0.007715784478932619, -0.01494673453271389, 0.015667058527469635, -0.015251487493515015, 0.03526819869875908, 0.0007575528579764068, -0.010742533020675182, 0.02238547056913376, -0.010126100853085518, 0.019351797178387642, 0.0035133138298988342, 0.006098517216742039, 0.0009073319379240274, 0.0166228748857975, 0.03302410989999771, 0.012924284674227238, -0.022953419014811516, -5.1784150855382904e-05, 0.008221397176384926, 0.02220539003610611, 0.01265416294336319, -0.014475753530859947, 0.0014960587723180652, -0.018118932843208313, -0.006663002073764801, 0.023756857961416245, -0.03011510707437992, 0.025003574788570404, 0.03634868562221527, 0.009357293136417866, 0.023175057023763657, 0.021678999066352844, -0.036404095590114594, 0.007750415243208408, -0.03432623669505119, -0.019781220704317093, 0.011823019944131374, 0.03925769031047821, -0.014074034057557583, -0.028702164068818092, -0.0014735485892742872, 0.0010397954611107707, 0.020224496722221375, 0.033328864723443985, 0.04094768315553665, 0.012411746196448803, -0.02512824535369873, -0.0015800389228388667, -0.6095054149627686, -0.007314065005630255, -0.004640552680939436, -0.040393587201833725, -0.0054924748837947845, 0.004810244310647249, -0.00903868768364191, -0.006257819477468729, -0.03277476876974106, 0.016276564449071884, 0.014434196054935455, -0.005149628035724163, 0.005350487772375345, -0.007722710724920034, -0.01162908598780632, -0.006171242333948612, 0.015459273010492325, -0.04006112739443779, -0.020681627094745636, 0.008803197182714939, -0.0056552402675151825, 0.01641508936882019, 0.01067327056080103, -0.0033315010368824005, 0.007106279022991657, -0.016068778932094574, -0.009862905368208885, 0.012155476957559586, 0.0016120725777000189, 0.015196077525615692, -0.010216142050921917, 0.011982321739196777, 0.027926430106163025, -0.005759133491665125, 0.0485110878944397, 0.008803197182714939, -0.022551700472831726, 0.005142701789736748, -0.012501787394285202, 0.027483152225613594, -0.022911861538887024, -0.02490660734474659, 0.009724381379783154, -0.04427225515246391, -0.026097914204001427, -0.0004779076552949846, -0.01910245418548584, -2.3375918317469768e-05, 0.0053781927563250065, -0.03584999963641167, 0.013900878839194775, 0.030586089938879013, 0.0038267243653535843, -0.004772150423377752, 0.03255312889814377, 0.0016648847376927733, 0.02367374487221241, -0.0048725800588727, 0.016041073948144913, -0.004810244310647249, -0.0008142611477524042, -0.0012129503302276134, -0.021332688629627228, 0.005333172157406807, -0.039340805262327194, 0.00011309182445984334, -0.017689509317278862, 0.004630163311958313, 0.01410866528749466, -0.025460703298449516, 0.007012775167822838, 0.01804967224597931, 0.0021696314215660095, 0.025003574788570404, -0.012487934902310371, -0.0006333141936920583, 0.005710650235414505, -0.008359921164810658, -0.03596081957221031, 0.020099826157093048, 0.02138809859752655, -0.021291131153702736, -0.024962017312645912, -0.01037544384598732, 0.024657264351844788, 0.012245518155395985, -0.01576402597129345, -0.00030691715073771775, 0.020182941108942032, -0.005160017404705286, 0.011767609976232052, 0.03177739679813385, -0.002581740263849497, -0.009101023897528648, -0.0075357030145823956, -0.000901271472685039, -0.013616904616355896, 0.0055409581400454044, 0.01953187771141529, -0.008588485419750214, -0.019878188148140907, 0.0011307017412036657, 0.004387746099382639, 0.004914137534797192, 0.030198222026228905, 0.03305181488394737, -0.008553854189813137, -0.005302004516124725, 0.022759485989809036, -0.022066866979002953, 0.0057833753526210785, 0.003459635889157653, -0.01330522634088993, -0.014351082034409046, -0.02030761167407036, -0.03784474357962608, 0.0033436219673603773, -0.014988292008638382, 0.008443035185337067, -0.002986922860145569, -0.001264031045138836, 0.012827318161725998, 0.0017402071971446276, 0.0014770117122679949, -0.024324806407094002, 0.029810355976223946, 0.003253581468015909, -0.016692137345671654, -0.0024743841495364904, 0.005714113358408213, 0.001994744874536991, 0.0020674699917435646, 0.011289702728390694, -0.0014216020936146379, 0.017329346388578415, -0.0011090574553236365, 0.02245473302900791, -0.014517311006784439, 0.03357820585370064, -0.014198705554008484, 0.013741576112806797, 0.014572720043361187, 0.024172430858016014, -0.032054442912340164, 0.0006125356303527951, -0.01340219285339117, -0.019448762759566307, -0.0048552644439041615, -0.022053014487028122, -0.009440407156944275, 0.016248859465122223, -0.02054310217499733, -0.0009454259998165071, 0.022801043465733528, 0.010500116273760796, -0.017689509317278862, 0.013000473380088806, -0.039146870374679565, -0.0060708122327923775, -0.030198222026228905, 0.028369706124067307, 0.0251143928617239, -0.020072121173143387, 1.4461143109656405e-05, -0.03526819869875908, -0.024781934916973114, -0.020653922110795975, 0.017966557294130325, -0.015334601514041424, -0.02014138363301754, 0.007611891254782677, 0.0009835200617089868, -0.009911389090120792, -0.01681680791079998, -0.029782650992274284, 0.025876274332404137, -0.01828516274690628, -0.0017549253534525633, 0.022496290504932404, -0.01994744874536991, -0.016664432361721992, 0.029810355976223946, -0.0020137920510023832, 0.0021142219193279743, 0.0048725800588727, 0.002031107433140278, 0.0028899561148136854, 0.017994262278079987, -0.0056552402675151825, 0.04441078007221222, 0.015653207898139954, 0.02223309502005577, -0.006316692568361759, 0.01617959886789322, -0.02555767074227333, 0.005949603859335184, -0.0004350517992861569, 0.017994262278079987, -0.009655119851231575, 0.009738233871757984, 0.013138997368514538, -0.0011817824561148882, 0.03258083388209343, -0.017301641404628754, 0.022302357479929924, -0.01993359811604023, -0.0006056094425730407, -0.02242702804505825, 0.009378071874380112, 0.012792686931788921, 0.00912872888147831, -0.007040480151772499, -0.003423273330554366, 0.005956530105322599, 0.0026336866430938244, 0.037484582513570786, -0.0018631472485139966, 0.003078694920986891, 0.0130766611546278, 0.007625743746757507, -0.007334843277931213, -0.007722710724920034, 0.024241691455245018, 0.012889654375612736, -0.005305467639118433, 0.002524599200114608, -0.012591827660799026, 9.317900548921898e-05, -0.012716499157249928, -0.031444936990737915, 0.019642697647213936, -0.008692378178238869, 0.03030904196202755, 0.012342484667897224, -0.002966144122183323, -0.009939094074070454, 0.021097198128700256, -0.0009670703439041972, 0.019157862290740013, 0.032913293689489365, -0.007542629260569811, 0.014517311006784439, 0.011892281472682953, -0.015874845907092094, 0.019892040640115738, 0.02573775127530098, 0.013395266607403755, 0.0010744264582172036, -0.01067327056080103, 0.023521367460489273, -0.01619345135986805, -0.010029134340584278, -0.004810244310647249, 0.00831143744289875, 0.01640123687684536, 0.005527105648070574, 0.0014484410639852285, 0.02805110067129135, 0.008643894456326962, 0.022357765585184097, -0.009398850612342358, -0.011878428980708122, 0.030558384954929352, 0.005672555882483721, 0.021831374615430832, 0.006649150047451258, -0.025460703298449516, -0.020404579117894173, -0.026873648166656494, -0.009876757860183716, -0.015293044969439507, -0.019587287679314613, -0.02264866605401039, -0.01079794205725193, 0.005059587303549051, 0.016872217878699303, 0.0015419448027387261, 0.0004748774226754904, 0.02242702804505825, 0.006666465196758509, -0.015486977994441986, 0.007168614771217108, 0.004945305176079273, 0.007923570461571217, -0.004245759453624487, -0.01464198250323534, -0.011559824459254742, 0.02119416557252407, 0.005007640924304724, 0.027358481660485268, 0.0008462948026135564, 0.034575577825307846, 0.056379251182079315, 0.005613683257251978, 0.009481964632868767, 0.034797217696905136, 0.028092658147215843, -0.02015523612499237, 0.010749459266662598, 0.004034510347992182, -0.009475038386881351, 0.021900637075304985, -0.010978023521602154, -0.004927989561110735, 0.0767422690987587, 0.009862905368208885, -0.006604129448533058, -0.03114018589258194, 0.004373894073069096, -0.004252685233950615, -0.023327434435486794, -0.00308735272847116, -0.024781934916973114, 0.02659660018980503, -0.002605981891974807, 0.012266295962035656, -0.011767609976232052, -0.0029696072451770306, 0.03260853886604309, 0.010881057009100914, -0.005163480527698994, -0.014461901038885117, -0.008034389466047287, 0.040199652314186096, 0.02263481356203556, 0.03111248090863228, -0.013152849860489368, 0.0010778895812109113, -0.03460328280925751, 0.017592541873455048, -0.026070209220051765, -0.025682341307401657, 0.02469882182776928, -0.02508668787777424, -0.014572720043361187, -0.023576777428388596, 0.03241460397839546, -0.024601854383945465, 0.002929781563580036, 0.021485066041350365, -0.020390726625919342, -0.017592541873455048, -0.007653448730707169, -0.01807737536728382, -0.02655504271388054, 0.0077019319869577885, -0.002682170132175088, 0.016955332830548286, 0.023992348462343216, -0.019448762759566307, 0.023715300485491753, -0.008124429732561111, 0.01016765832901001, -0.031029365956783295, -0.012730351649224758, -0.005876878742128611, 0.027690939605236053, 0.022330062463879585, -0.025696193799376488, 0.036819666624069214, 0.020709332078695297, -0.014475753530859947, 0.03504656255245209, 0.021263428032398224, -0.0022025308571755886, -0.008159060962498188, -0.0012822123244404793, 0.02094482257962227, 0.037235237658023834, -0.011760683730244637, -0.02784331515431404, 0.02593168430030346, 0.009828275069594383, -0.0020882487297058105, -0.01493288204073906, -0.016719842329621315, -0.01827131025493145, -0.01809122785925865, 9.907709318213165e-05, -0.016304269433021545, 0.008332216180860996, -0.03258083388209343, -0.01975351572036743, -0.00477561354637146, -0.021485066041350365, 0.012377115897834301, 0.019601140171289444, -0.0029453656170517206, 0.0014493068447336555, -0.019268682226538658, -0.016498202458024025, -0.017938852310180664, -0.025031277909874916, -0.007424884010106325, 0.015140668489038944, -0.014226410537958145, -0.008810123428702354, 0.0005147030460648239, 0.00691234553232789, -0.008352994918823242, 0.033107224851846695, -0.028328148648142815, 0.005423212889581919, -0.034381646662950516, -0.02098638005554676, -0.02909003011882305, 0.011802241206169128, -0.005901120603084564, -0.023798415437340736, 0.027330776676535606, -0.0031843194738030434, 0.0019237514352425933, 0.0013835079735144973, 0.011116547510027885, -0.005011104047298431, 0.0031964401714503765, 0.01266801543533802, -0.017924999818205833, 0.021069493144750595, 0.008740861900150776, 0.001601683208718896, 0.02845282107591629, -0.02162358909845352, -0.012903506867587566, 0.007473367266356945, -0.01990589313209057, -0.012453303672373295, 0.007154762279242277, -0.0013713871594518423, -0.006268208846449852, 0.014060181565582752, 0.03557295352220535, 0.014150221832096577, -0.005329709034413099, -0.007075110916048288, 0.007085500285029411, -0.009218769147992134, 0.0024085852783173323, 0.021332688629627228, -0.008768565952777863, -3.885164187522605e-05, -0.0032951387111097574, -0.011054211296141148, 0.010971097275614738, 0.01724623329937458, -0.020293759182095528, 0.02094482257962227, 0.0004766089841723442, -0.004751371685415506, 0.02140195108950138, 0.007812751457095146, -0.046073067933321, 0.0037574623711407185, 0.017384756356477737, 0.015403863973915577, -0.0036708847619593143, -0.003927154000848532, 0.006403269711881876, -0.03834342956542969, 0.005326245911419392, 0.0006021463195793331, 0.010527820326387882, -0.0017159654526039958, -0.003068305552005768, 0.029367078095674515, -0.019171714782714844, -0.013616904616355896, -0.014461901038885117, -0.009828275069594383, -0.033495090901851654, -0.021651294082403183, 0.023493662476539612, 0.02738618664443493, 0.044937171041965485, -0.016027221456170082, -0.01223859190940857, -0.007217098027467728, -0.035157378762960434, -0.028729869052767754, -0.03363361582159996, -0.0056379251182079315, 0.030364451929926872, 0.02845282107591629, 0.00860926415771246, 0.04612847790122032, -0.01746787130832672, -0.008242174983024597, -0.007099352777004242, 0.007514924742281437, 0.027081433683633804, 0.02493431232869625, -0.03363361582159996, -0.008789344690740108, -0.012688794173300266, -0.0005727100069634616, -0.0002965278399642557, 0.02342440001666546, 0.005682945251464844, 0.01929638721048832, 0.030225927010178566, -0.03490803763270378, -0.008193692192435265, -0.01257104892283678, -0.025211360305547714, 0.00012661954679060727, -0.005769522860646248, -0.008055168204009533, -0.0004328873474150896, -0.03950703144073486, -0.014122516848146915, 0.035406723618507385, 0.0033661320339888334, 0.019878188148140907, -0.0018337108194828033, 0.027136843651533127, -0.017329346388578415, 0.01081179454922676, -0.026471927762031555, -0.004747908562421799, -0.019365649670362473, -0.010818720795214176, -0.013949362561106682, -0.028314296156167984, 0.010943392291665077, 0.002950560301542282, -0.005461306776851416, -0.015500830486416817, 0.015071406029164791, -0.0024172430858016014, 0.01493288204073906, -0.010763311758637428, -0.005904583726078272, 0.010320034809410572, -0.03659803047776222, -0.010555525310337543, -0.04022735729813576, -0.03590540960431099, -0.029588716104626656, 0.0009679361246526241, 0.0187007337808609, 0.005866489373147488, 0.010610935278236866, -0.019850483164191246, -0.02575160376727581, 0.012314779683947563, -0.03075231797993183, 0.036210160702466965, 0.012619532644748688, 0.02429710142314434, 0.030392155051231384, -0.016692137345671654, -0.02201145701110363, -0.009516595862805843, 0.032054442912340164, -0.010680196806788445, 0.03161116689443588, 0.01828516274690628, -0.003799019381403923, -0.02012753114104271, 0.013021252118051052, -0.0046821096912026405, -0.018520653247833252, -0.014877473004162312, 0.02051539719104767, -0.0014484410639852285, -0.012903506867587566, 0.0021540476009249687, -0.014988292008638382, -0.03155575692653656, -0.004588605836033821, -0.0010623056441545486, -0.015223782509565353, 0.027690939605236053, -0.020723184570670128, -0.051807958632707596, 0.029422488063573837, -0.0050872922874987125, 0.033966075628995895, 0.009952946566045284, -0.02342440001666546, -0.02802339568734169, -0.027774052694439888, 0.008283732458949089, 0.01164293847978115, 0.008533075451850891, -0.005949603859335184, -0.014448048546910286, 0.006801526062190533, 0.007390253245830536, 0.01401862408965826, -0.004408524837344885, -0.01379698608070612, 0.0001007004248094745, 0.030059698969125748, -0.017301641404628754, -0.012522565200924873, -0.009440407156944275, 0.02285645343363285, 0.01254334393888712, -0.0088309021666646, -0.018118932843208313, -0.01932409219443798, -0.0010103591484948993, -0.0020605437457561493, 0.02677668072283268, -0.0049522314220666885, 0.016525907441973686, -0.0070162382908165455, -0.013138997368514538, 0.009080245159566402, -0.011130400002002716, -0.012730351649224758, 0.006358249578624964, -0.03731835260987282, 0.005149628035724163, -0.00394446961581707, -4.9349160690326244e-05, 0.008380698971450329, 0.006306303199380636, -0.003236265853047371, 0.014337229542434216, 0.010049913078546524, -0.009703602641820908, 0.012945063412189484, 0.002015523612499237, -0.00903868768364191, -0.037235237658023834, -0.005741817876696587, -0.004034510347992182, -0.0032276082783937454, 0.009932167828083038, 0.007203245535492897, -0.015528535470366478, -0.005693334620445967, -0.0075357030145823956, -0.01192691270262003, -0.03485262766480446, -0.011476709507405758, -0.0059253619983792305, -0.003916764631867409, 0.027497004717588425, -0.01164293847978115, -0.037262942641973495, 0.02472652681171894, -0.021928342059254646, 0.00741795776411891, -0.008727009408175945, -0.03028133697807789, -0.008588485419750214, -0.004647478926926851, 0.009980650618672371, 0.012764982879161835, -0.039562441408634186, -0.004010268487036228, -0.002647539135068655, 0.01907474920153618, -0.002661391394212842, 0.008165987208485603, -0.029339373111724854, -0.003471756586804986, -0.00529507827013731, -0.014039402827620506, -0.00011103560973424464, 0.009585857391357422, -0.012591827660799026, 0.018409833312034607, 0.00559636764228344, 0.011753757484257221, -0.02012753114104271, -0.05103222653269768, -0.017550984397530556, -0.02487890236079693, -0.028979212045669556, -0.015279192477464676, -0.016082631424069405, 0.043468818068504333, 0.012945063412189484, -0.006510626059025526, -0.04488176107406616, 0.003598159644752741, -0.05441220849752426, -0.01867302879691124, 0.007300212513655424, 0.0027687475085258484, 0.04690421000123024, 0.04529733210802078, 0.010964171029627323, 0.042665377259254456, 0.003379984525963664, 0.032054442912340164, -0.030558384954929352, 0.009156433865427971, 0.017523281276226044, -0.0033401588443666697, -0.0006666465196758509, -0.008886312134563923, -0.03180510178208351, -0.012217813171446323, 0.0069954595528542995, -0.003608549013733864, 0.04529733210802078, 0.013942436315119267, 0.004581680055707693, -0.01047933753579855, -0.000484833843074739, 0.0031739301048219204, -0.015376158989965916, -0.0052604470402002335, 0.004294242709875107, -0.04463241994380951, 0.008256027474999428, 0.004280390217900276, -0.01746787130832672, 0.0012363262940198183, -0.012266295962035656, 0.01642894186079502, -0.0011809166753664613, 0.015417716465890408, -0.002612908137962222, -0.0007813617121428251, -0.0001536750205559656, -0.02098638005554676, 0.018229752779006958, -0.005322782788425684, 0.01049319002777338, 0.028757574036717415, 0.019199419766664505, 0.00696082878857851, -0.00741795776411891, 0.012751130387187004, 0.004418914206326008, -0.011199661530554295, 0.013755428604781628, 0.0021038325503468513, 0.026735123246908188, -0.0184513907879591, 0.01703844591975212, -0.035212788730859756, 0.014974439516663551, 0.018105080351233482, 0.010541672818362713, -0.010209215804934502, 0.0018112007528543472, 9.04734552023001e-05, -0.03244230896234512, -0.02759397216141224, 0.0028882245533168316, 0.002334128599613905, -0.013332930393517017, -0.016650579869747162, 0.014295672066509724, -0.010555525310337543, 0.0019860872998833656, 0.013256742618978024, -0.02469882182776928, -0.03133411705493927, 0.033716730773448944, 0.011968470178544521, -0.0386204794049263, 0.014212558045983315, 0.18074606359004974, -0.02140195108950138, 0.022994976490736008, 0.034991152584552765, -0.011767609976232052, -0.017897294834256172, -0.004927989561110735, -0.019060896709561348, -0.01827131025493145, 0.010042986832559109, 0.01911630667746067, -0.0087062306702137, -0.02158203162252903, 0.005662166513502598, 0.025793161243200302, -0.013506085611879826, -0.03493574261665344, -0.02033531665802002, -3.460393418208696e-05, -0.004799854941666126, 0.01390780508518219, 0.010285403579473495, 0.0017211601370945573, -0.02861904911696911, 0.016359679400920868, -0.036625735461711884, 0.008165987208485603, 0.010770238004624844, 0.007113205268979073, 0.023618334904313087, -0.00028267543530091643, -0.0031410306692123413, 0.019240977242588997, -0.010465485043823719, -0.02510054036974907, -0.01663672737777233, 0.023936940357089043, 0.0059080468490719795, 0.0008398015052080154, 0.028979212045669556, 0.01807737536728382, -0.012799613177776337, 0.003213755786418915, -0.0019514561863616109, -0.02613946981728077, 0.015736320987343788, -0.019213272258639336, -0.0037228313740342855, -0.02845282107591629, 0.043690454214811325, -0.006344397086650133, -0.03449246659874916, 0.009246474131941795, 0.02489275485277176, 0.011227366514503956, -0.02116646058857441, 0.004457008093595505, 0.007376400753855705, -0.00043548468966037035, 0.006704559549689293, -0.002500357339158654, 0.029948879033327103, -0.0018648788100108504, 0.02986576408147812, -0.008851680904626846, -0.00628552446141839, -0.019144009798765182, -0.011144252493977547, 0.015694763511419296, -0.0013107829727232456, -0.015306897461414337, 0.008020536974072456, -0.00014977902173995972, 0.0059461407363414764, -0.01699689030647278, -0.01620730198919773, 0.03925769031047821, 0.03385525569319725, 0.011345111764967442, 0.016553612425923347, -0.030586089938879013, -0.033716730773448944, -0.023784562945365906, 0.008844754658639431, -0.02015523612499237, -0.02573775127530098, 0.01368616707623005, -0.019393354654312134, -0.011158104985952377, 0.0022059939801692963, -0.002772210631519556, 0.003594696754589677, 0.0029003452509641647, -0.008692378178238869, -0.022884158417582512, -0.0009636072791181505, 0.0034440518356859684, 0.01392165757715702, -0.012612606398761272, -0.011282776482403278, -0.026264142245054245, 0.034991152584552765, 0.01150441449135542, -0.0007025761879049242, -0.014974439516663551, 0.009765938855707645, -0.028078805655241013, -0.011511340737342834, 0.016955332830548286, -0.017066150903701782, 0.010063765570521355, -0.035794589668512344, -0.0063409339636564255, -0.018936224281787872, -0.002489968203008175, 0.0008285464136861265, 0.009246474131941795, -0.01400477159768343, 0.012370189651846886, 0.001239789417013526, 0.009710528887808323, -0.019227124750614166, 0.0033938370179384947, -0.006261282600462437, -0.013222111389040947, -0.02992117404937744, -0.03379984572529793, 0.006268208846449852, -0.0002057297242572531, -0.024588001891970634, 0.029034622013568878, -0.008352994918823242, 0.014198705554008484, -0.008553854189813137, -0.033356569707393646, 0.020612364634871483, -0.002024181419983506, 0.0023358601611107588, -0.0035427501425147057, 0.031001660972833633, -0.009807496331632137, -0.01888081431388855, 0.04053210839629173, -0.006566035561263561, 0.015597796998918056, -0.0046717203222215176, 0.010098396800458431, 0.0006566900992766023, -0.010728680528700352, -0.010728680528700352, -0.027095286175608635, -0.006991996895521879, 0.0015488709323108196, -0.002694290829822421, -0.005443991627544165, -0.017523281276226044, -0.0062058730982244015, -0.03837113454937935, 0.00798590574413538, -0.009973724372684956, -0.023950792849063873, 0.0176618043333292, 0.022704076021909714, 0.0069885337725281715, 0.0008978084078989923, -0.010188437066972256, -0.1759808361530304, 0.03091854602098465, 0.006005013361573219, -0.021083345636725426, 0.004941842053085566, 0.009101023897528648, 0.021041788160800934, -0.009738233871757984, -0.025446850806474686, -0.011345111764967442, 0.000992177869193256, 0.011850723996758461, -0.04003342241048813, -0.008131355978548527, -0.016983037814497948, -0.014150221832096577, -0.011760683730244637, 0.022136127576231956, -0.001116849365644157, 0.0365426205098629, 0.005679482128471136, -0.0030215538572520018, 0.015639355406165123, -0.000924647378269583, 0.010423927567899227, 0.020404579117894173, 0.01699689030647278, 0.021637441590428352, -0.02571004629135132, -0.014808210544288158, 0.01595795899629593, -0.03972867131233215, 0.02119416557252407, -0.02426939643919468, 0.003695126622915268, -0.014406491070985794, -0.005000714678317308, -0.013790059834718704, -0.010451632551848888, 0.005544421263039112, 0.003492535324767232, 0.00311159435659647, -0.007743488997220993, 0.005953066982328892, 0.017093855887651443, 0.01990589313209057, 0.021526623517274857, -0.01745401881635189, -0.0029003452509641647, -0.02637496031820774, 0.012951989658176899, -0.057182688266038895, -0.021665146574378014, 0.01703844591975212, 0.014337229542434216, 0.010825647041201591, 0.015293044969439507, 0.008477666415274143, -0.0207785926759243, -0.01370001956820488, 0.019434910267591476, -0.027704790234565735, -0.0046821096912026405, -0.011913060210645199, -0.020404579117894173, 0.010077618062496185, 0.0011246413923799992, 0.019601140171289444, -0.0034319309052079916, 0.014406491070985794, -0.002715069567784667, -0.000495223153848201, 0.02925626002252102, 0.009599709883332253, 0.004311558324843645, -0.004183423239737749, -0.02697061374783516, 0.005021493416279554, 0.0209586750715971, 0.013409119099378586, -0.021041788160800934, 0.041058499366045, -0.00873393565416336, 0.03773392736911774, 0.005700260866433382, -0.008512296713888645, 0.012100067920982838, 0.04042128846049309, 0.013582274317741394, 0.018312867730855942, 0.026859795674681664, -0.04280390217900276, 0.02508668787777424, 0.025419145822525024, 0.02032146416604519, 0.03252542391419411, 0.008339142426848412, 0.02034916914999485, 0.022053014487028122, 0.0031947088427841663, -0.003563528647646308, -0.004207665100693703, -0.019060896709561348, -0.006458679214119911, 0.003490803763270378, 0.0003627596015576273, -0.005987698212265968, 0.009710528887808323, 0.031472641974687576, 0.014766653999686241, -0.010666344314813614, 0.011622159741818905, -0.012010026723146439, 0.020626217126846313, -0.028369706124067307, 0.05009026080369949, -0.011338185518980026, -0.0012674941681325436, -0.010223068296909332, -0.008782418444752693, 0.05083829164505005, -0.006521015428006649, -0.036210160702466965, -0.0004493370943237096, -0.004799854941666126, 0.01131740678101778, -0.09197990596294403, -0.014572720043361187, 0.026042504236102104, -0.007944349199533463, -0.047846175730228424, -0.0097451601177454, -0.007695005740970373, 0.003999879118055105, -0.013353709131479263, 0.01990589313209057, -0.007930496707558632, -0.024546444416046143, 0.009925241582095623, 0.01172605250030756, 7.342852040892467e-05, 0.004373894073069096, -0.028757574036717415, 0.03388296067714691, -0.02886839210987091, 0.027940282598137856, -0.02986576408147812, -0.005880341865122318, 0.012494861148297787, -0.026222584769129753, 0.005835321731865406, 0.04651634395122528, -0.017952704802155495, 0.030558384954929352, 0.025211360305547714, -0.018603766337037086, 0.024643411859869957, -0.020930970087647438, 0.015320749953389168, -0.022717928513884544, -0.017897294834256172, -0.0045851427130401134, -0.010313108563423157, -0.022731781005859375, 0.022731781005859375, -0.023576777428388596, -0.0012467155465856194, -0.003146225353702903, -0.02720610424876213, -0.012155476957559586, 0.02180367149412632, -0.01598566398024559, -0.009876757860183716, 0.029644126072525978, 0.0294501930475235, -0.033301159739494324, -0.02136039361357689, 0.00010573273902991787, -0.019407205283641815, -0.02241317555308342, -0.0011462856782600284, 0.021900637075304985, -0.004134939983487129, 0.013983993791043758, -0.001272688852623105, 0.015417716465890408, -0.03136182203888893, 0.00933651439845562, -0.009405776858329773, 0.007854308001697063, 0.03792785853147507, 0.011171957477927208, 0.004311558324843645, -0.009495817124843597, -0.0017298179445788264, 0.004734056070446968, -0.018936224281787872, 0.01617959886789322, -0.019268682226538658, 0.03199903294444084, -0.016359679400920868, -0.0005631864769384265, -0.016525907441973686, -0.010139953345060349, 0.0015921597369015217, -0.015694763511419296, -0.004661330953240395, -0.004879506304860115, -0.010105322115123272, -0.00975901260972023, 0.007106279022991657, 0.02861904911696911, 0.009121802635490894, -0.02011367864906788, 0.019060896709561348, -0.023202762007713318, 0.0011229098308831453, 0.01601336896419525, 0.024421773850917816, -0.05527105927467346, 0.0068603986874222755, 0.017911147326231003, -0.019060896709561348, 0.018409833312034607, 0.01173990499228239, -0.004457008093595505, -0.02532217837870121, 0.010333887301385403, -0.048677317798137665, 0.04188964515924454, -0.009696677327156067, -0.02515595033764839, 0.0003727160219568759, -0.011358964256942272, 0.00394446961581707, -0.02390923537313938, 0.011248145252466202, 0.023950792849063873, 0.0020588121842592955, 0.011608307249844074, -0.012072362937033176, 0.00033332325983792543, 0.007210171781480312, -0.012841170653700829, 0.007397179026156664, 0.0072655812837183475, 0.024449478834867477, -0.006874251179397106, 0.020501544699072838, 0.008546927943825722, -0.0019912817515432835, -0.00045669617247767746, -0.0075564817525446415, -0.0007480293861590326, -0.015833288431167603, 0.027524709701538086, -0.019144009798765182, -0.029367078095674515, -0.002389538334682584, -0.026527337729930878, 0.0006268208962865174, 0.01933794468641281, 0.02262096107006073, -0.013942436315119267, 0.016553612425923347, 0.007798898499459028, 0.033107224851846695, -0.009246474131941795, -0.011864576488733292, -0.038094088435173035, -0.015320749953389168, -0.02576545625925064, -0.005714113358408213, -0.03576688468456268, 0.012404819950461388, -0.007937422953546047, 0.0010657686507329345, -0.018395980820059776, 0.02162358909845352, 0.02223309502005577, -0.014406491070985794, -0.01726008579134941, -0.027247661724686623, -0.02661045268177986, 0.02555767074227333, 0.0038232612423598766, 0.020930970087647438, 0.012799613177776337, 0.03676425665616989, -0.010832573287189007, 0.007757341489195824, -0.01762024685740471, 0.007085500285029411, -0.0016622875118628144, -0.012709572911262512, 0.01886696368455887, -0.005980771966278553, -0.007812751457095146, -0.005849174223840237, 0.000912526564206928, 0.021055640652775764, -0.0020657384302467108, 0.015015996992588043, 0.00862311664968729, -0.021956047043204308, 0.005973845720291138, 0.0187007337808609, 0.014309524558484554, 0.015708616003394127, -0.013194406405091286, -0.02282874844968319, 0.017481723800301552, 0.021900637075304985, 0.030419860035181046, 0.005880341865122318, -0.0036120121367275715, -0.0028449357487261295, 0.006122759077697992, -0.015611649490892887, 0.026665860787034035, -0.013658462092280388, 0.043274883180856705, -0.0048552644439041615, -0.024200135841965675, -0.020653922110795975, -0.021956047043204308, 0.010049913078546524, 0.006399806588888168, -0.009627414867281914, 0.02781561017036438, 0.0001897128822747618, -0.015112963505089283, -0.023535219952464104, 0.006669928319752216, -0.04964698478579521, -0.01234941091388464, -0.03493574261665344, 0.015293044969439507, -0.016456646844744682, -0.03316263481974602, -0.03327345475554466, 0.009849052876234055, -0.030447565019130707, 0.0016822002362459898, -0.009502743370831013, -0.008290658704936504, -0.012065436691045761, 0.027247661724686623, 0.012141624465584755, 0.004044899716973305, 0.03928539529442787, 0.004633626434952021, 0.03136182203888893, 0.01660902239382267, -0.004439692944288254, -0.016318121924996376, 0.02490660734474659, 0.012591827660799026, 0.0007904523517936468, -0.0039964159950613976, -0.020598512142896652, -0.006787674035876989, -0.009966799058020115, -0.02033531665802002, 0.009343440644443035, 0.008962499909102917, 0.007348695769906044, 0.06926197558641434, 0.01847909577190876, 0.0005986831965856254, -0.010597082786262035, 0.0005095084197819233, 0.011005728505551815, 0.012508713640272617, -0.002581740263849497, -0.0021384635474532843, -0.023368991911411285, 0.04044899344444275, -0.0020103289280086756, -0.0009410970960743725, -0.04152948036789894, -0.004128013737499714, -0.022925714030861855, -0.003210292663425207, 0.018728438764810562, -0.01784188486635685, -0.011165031231939793, -0.005073439795523882, 0.0036882003769278526, 0.01484976802021265, -0.02593168430030346, -0.00026557641103863716, 0.002251014346256852, 0.012266295962035656, -0.010874130763113499, -0.021263428032398224, -0.009059466421604156, 0.012120845727622509, 0.01825745776295662, -0.034741807729005814, -0.008574632927775383, -0.0006510625826194882, -0.012113919481635094, 0.007279433775693178, 0.003019822295755148, 0.04776306077837944, 0.02533603087067604, -0.010036060586571693, 0.021914489567279816, -0.033744435757398605, -0.006226651836186647, -0.0026683176402002573, -0.009274179115891457, 0.009793643839657307, -0.02992117404937744, -0.049951739609241486]","[-0.019492728635668755, 0.033462073653936386, 0.014371531084179878, -0.029011188074946404, -0.028823498636484146, 0.041344963014125824, 0.007467297371476889, -0.016409285366535187, -0.009478239342570305, -0.0585586242377758, 0.013969342224299908, 0.01302419975399971, -0.014934594742953777, -0.0077287196181714535, 0.021061263978481293, 0.014291093684732914, -0.003093498758971691, -0.006736655253916979, 0.013513528741896152, -0.017146630212664604, 0.00606969278305769, 0.015001625753939152, -0.007554437965154648, 0.0037906253710389137, -0.007815860211849213, -0.0049435654655098915, 0.008714080788195133, -0.012461136095225811, -0.0113685242831707, -0.012239933013916016, 0.03129025548696518, -0.015323376283049583, -0.002133274218067527, -0.0452059730887413, 0.01934526115655899, -0.012005322612822056, 0.0012861648574471474, -0.01467987522482872, 0.01575237698853016, 0.01282980851829052, 0.010812164284288883, -0.015712158754467964, -0.0009250332368537784, -0.010409975424408913, -0.014291093684732914, 0.03702814131975174, 0.0006967075751163065, -0.02704046480357647, 0.015966877341270447, 0.015524471178650856, 0.020927201956510544, 0.025351272895932198, -0.02591433748602867, -0.02701365202665329, -0.0005886194412596524, 0.004253142047673464, 0.03137069195508957, 0.0071053276769816875, 0.0015618314500898123, -0.010061412118375301, 0.017307506874203682, 0.010329538024961948, -0.010081521235406399, -0.004742471035569906, 0.0015509389340877533, -0.01567194052040577, 0.0070584057830274105, -0.000576469989027828, 0.022334860637784004, -0.02028369903564453, 0.022857705131173134, 0.01986810564994812, -0.005275370553135872, 0.023554831743240356, 0.012233229354023933, -0.00046461133752018213, -0.005345753859728575, -0.00968603603541851, 1.2640392924367916e-05, -0.007433781400322914, 0.010175365954637527, 0.0006967075751163065, -0.0054027303121984005, 0.007822563871741295, 0.0018014686647802591, 0.026222681626677513, -0.019573166966438293, 0.045098721981048584, -0.014264280907809734, -0.015846220776438713, -0.008848143741488457, 0.017146630212664604, 0.005285425577312708, 0.005285425577312708, 0.014626250602304935, 0.02213376574218273, 0.00830519013106823, 0.047940853983163834, -0.014183842577040195, -0.007333234418183565, -0.0223750788718462, -0.00040533047285862267, -0.037349894642829895, -0.013996155001223087, -0.01846044510602951, 0.003245995379984379, 0.028233623132109642, 0.011924885213375092, -0.011147321201860905, -0.011958400718867779, -0.001377495122142136, 0.026812557131052017, 0.035687513649463654, -0.0026846074033528566, 0.00825156457722187, 0.0017595740500837564, 0.012373995035886765, -0.027027057483792305, -0.005194933153688908, -0.01945251040160656, 0.004243087489157915, 0.011107102036476135, 0.02127576433122158, -0.0477263517677784, 0.009243628941476345, -0.00686401454731822, -0.0029845729004591703, -0.018728571012616158, -0.011871259659528732, 0.005533441435545683, 0.03386425971984863, 0.05040760710835457, 0.012876730412244797, -0.01469328161329031, 0.008144314400851727, 0.0016581891104578972, -0.009370989166200161, 0.028689436614513397, 0.016543347388505936, -0.002067918423563242, 0.026584651321172714, 0.02383636310696602, -0.002377938712015748, -0.02218739129602909, 0.019961949437856674, 0.029627876356244087, 0.011643352918326855, -0.02690640091896057, -0.010027896612882614, -0.010021193884313107, 0.020605450496077538, -0.004538025241345167, -0.012662230059504509, 0.012018729001283646, -0.014076592400670052, 0.012916949577629566, 0.010510522872209549, 0.0013163289986550808, -0.0017930897884070873, 0.01614115945994854, 0.020457981154322624, 0.003405194729566574, -0.01043008454144001, 0.008204642683267593, -0.0014956379309296608, 0.020739512518048286, 0.003676672000437975, -0.0313975065946579, 0.006656217388808727, -0.0179107878357172, -0.01158972829580307, -0.005587066523730755, -0.010007787495851517, 0.014934594742953777, 0.031638819724321365, -0.004568189382553101, 0.023407362401485443, 0.020109418779611588, -0.024211740121245384, 0.020578637719154358, -0.019854698330163956, -0.013513528741896152, 0.014988219365477562, 0.025512149557471275, -0.003767164424061775, -0.03499038890004158, -0.007333234418183565, 0.0034688746090978384, 0.007929814048111439, 0.030861254781484604, 0.027777809649705887, 0.016275223344564438, -0.024989303201436996, -0.006032825447618961, -0.6246253252029419, -0.012668933719396591, -0.011495884507894516, -0.04389215633273125, -0.005556902382522821, 0.01466646883636713, -0.017709694802761078, 0.004507861100137234, -0.05030035972595215, 0.02354142628610134, 0.01702597364783287, 0.009136378765106201, 0.014880969189107418, -0.007641579024493694, -0.016985755413770676, -0.021919265389442444, 0.02750968374311924, -0.033569321036338806, -0.01356045063585043, 0.009672630578279495, -0.02505633607506752, 0.006106560118496418, -0.0010884222574532032, 0.0029108382295817137, 0.007943220436573029, -0.005577011965215206, -0.008211345411837101, 0.008063877001404762, -0.009417911060154438, 0.03308669477701187, -0.01066469494253397, -0.0014193897368386388, 0.028582187369465828, -0.008586721494793892, 0.03611651435494423, 0.007145546842366457, -0.014867562800645828, 0.02198629640042782, 0.002956084441393614, 0.015993690118193626, -0.019412292167544365, -0.01305101253092289, 0.010322834365069866, -0.026262899860739708, -0.022227609530091286, -0.001406821422278881, -0.011314899660646915, -0.009344176389276981, 0.011583024635910988, -0.0331135094165802, 0.020270293578505516, 0.00805717334151268, -0.010725023224949837, -0.013198481872677803, 0.028206810355186462, -0.010792054235935211, 0.0130376061424613, 0.005664153024554253, 0.01741475611925125, -0.017280694097280502, 0.004447532817721367, -0.006615998689085245, -0.011482478119432926, 0.0024684311356395483, -0.035499826073646545, 0.011797524988651276, -0.0003037360147573054, 0.0015115579590201378, -0.006408201064914465, -0.03214825689792633, -0.005479816347360611, -0.005215042270720005, 0.00023963722924236208, 0.013238700106739998, -0.000861353415530175, 0.005905465688556433, 0.002808615332469344, 0.0021031100768595934, -0.013580560684204102, 0.01901010423898697, 0.01762925647199154, -0.025123367086052895, -0.028582187369465828, -0.031612005084753036, 0.028126373887062073, 0.013888904824852943, -0.014009561389684677, 0.0032694563269615173, 0.02284429967403412, -0.010557444766163826, -0.005027354694902897, 0.03818108141422272, 0.0046318694949150085, -0.012796293012797832, -0.008439252153038979, -0.0074740005657076836, -0.021597515791654587, 0.0008873280603438616, 0.028823498636484146, -0.012239933013916016, -0.014277687296271324, -0.005821676459163427, -0.002101434161886573, -0.005261964630335569, 0.025753460824489594, 0.019680418074131012, -0.011448961682617664, -0.009464832954108715, 0.029976438730955124, -0.016288628801703453, 0.01611434668302536, -0.005218394100666046, -0.005677558947354555, -0.010255803354084492, -0.012943762354552746, -0.03600926324725151, 0.005704371724277735, -0.007943220436573029, 0.00604288000613451, 0.007614766247570515, 0.00524855824187398, 0.014076592400670052, 0.0029845729004591703, -0.0032443194650113583, -0.028099561110138893, 0.019935136660933495, 0.009015722200274467, -0.006126669235527515, -0.0018919610884040594, 0.017790131270885468, -0.008171127177774906, -0.0075745475478470325, -0.011348415166139603, -0.007219281047582626, 0.020578637719154358, -0.01557809580117464, 0.0017662772443145514, -0.012836512178182602, 0.03611651435494423, -0.023219674825668335, 0.011690274812281132, -0.0029979790560901165, 0.015832815319299698, -0.01699916087090969, 0.014076592400670052, 0.0019238010281696916, -0.010135146789252758, -0.010302725248038769, -0.024922272190451622, -0.009679333306849003, 0.015283158048987389, -0.00830519013106823, 0.0035224996972829103, 0.013647591695189476, 0.022415298968553543, -0.011717087589204311, 0.010383162647485733, -0.026142243295907974, 0.005054167006164789, -0.03107575513422489, 0.01324540376663208, 0.012387401424348354, -0.01567194052040577, -0.015296564437448978, -0.03314032033085823, -0.01760244369506836, -0.02406427077949047, 0.02952062524855137, -0.02000216767191887, -0.030056877061724663, -0.012199713848531246, 0.0054563554003834724, -0.009250332601368427, -0.005882004741579294, -0.01104007102549076, 0.02935975044965744, -0.019573166966438293, -0.007755532395094633, 0.024734584614634514, -0.02682596445083618, -0.01721366122364998, 0.0323895700275898, 0.003985016606748104, -0.004202868323773146, 0.00953186396509409, 0.003907930105924606, 0.0025086498353630304, 0.014519000425934792, -0.017535412684082985, 0.051721423864364624, 0.008626940660178661, 0.037510767579078674, -0.0020980825647711754, 0.025458524003624916, -0.01901010423898697, 0.008063877001404762, -0.005523386877030134, 0.015403814613819122, -0.012373995035886765, 0.011797524988651276, 0.028582187369465828, 0.0031555029563605785, 0.041264526546001434, -0.008184533566236496, 0.018232539296150208, -0.02146345190703869, 0.0026678494177758694, -0.01561831496655941, 0.01140874344855547, 0.0014436886413022876, 0.005335698835551739, -0.0232330821454525, -0.002801912371069193, 0.001841687597334385, 0.0032677804119884968, 0.02464074082672596, -0.003472226206213236, 0.013500122353434563, 0.02096742019057274, 0.016409285366535187, -0.002934299176558852, 0.0061467788182199, 0.024734584614634514, 0.0015023411251604557, -0.017508599907159805, -0.012963871471583843, -0.018393414095044136, -0.0012048892676830292, -0.012233229354023933, -0.02568642981350422, 0.015765784308314323, -0.012367292307317257, 0.027858247980475426, 0.0115495091304183, -0.0048899403773248196, -0.0065891859121620655, 0.010014490224421024, -0.007433781400322914, 0.018943071365356445, 0.023326925933361053, -0.012273448519408703, 0.010329538024961948, 0.007400265894830227, -0.02047138847410679, 0.0031286904122680426, 0.024359209463000298, 0.00902242586016655, 0.0028538615442812443, -0.009357582777738571, 0.02745605818927288, -0.02938656322658062, -0.018232539296150208, -0.017066193744540215, -0.0012568386737257242, 0.028957562521100044, 0.0020528363529592752, -0.0045279706828296185, 0.031719256192445755, 0.018607914447784424, 0.018621321767568588, 0.000930898473598063, -0.02380955033004284, 0.04568859934806824, 0.0011688598897308111, 0.020163042470812798, 0.005194933153688908, -0.02834087423980236, -0.02742924727499485, -0.02047138847410679, -0.007279609329998493, -0.006371334195137024, -0.02130257710814476, -0.025458524003624916, 0.004651978611946106, 0.006404849700629711, 0.011080289259552956, 0.0024432942736893892, -0.00025786139303818345, 0.019734041765332222, 0.013996155001223087, -0.017843756824731827, 0.015256345272064209, 0.0001025370875140652, 0.0023946964647620916, -0.0018819064134731889, -0.020525012165308, -0.00660929549485445, 0.02320626936852932, -0.012065650895237923, 0.028930749744176865, 0.006126669235527515, 0.02375592663884163, 0.037537582218647, 0.006991374306380749, -0.00671319430693984, 0.03676001727581024, 0.02284429967403412, -0.01325881015509367, 0.01799122616648674, 0.007614766247570515, -0.0026393611915409565, -0.005650746636092663, -0.002609197050333023, -0.0037604612298309803, 0.0801159217953682, 0.026732120662927628, -0.005077627953141928, -0.02028369903564453, 0.01556468941271305, -0.03343525901436806, -0.010919414460659027, -0.008580018766224384, -0.010510522872209549, 0.029118437319993973, -0.0019824535120278597, -0.00808398611843586, 0.002676228526979685, 0.014358124695718288, 0.036599140614271164, -0.006106560118496418, -0.005493222735822201, -0.012534870766103268, 0.0028387794736772776, 0.04429434612393379, 0.028019122779369354, 0.020082606002688408, -0.01099314820021391, -0.007567844353616238, -0.04292690381407738, 0.026477400213479996, -0.017320912331342697, -0.02292473614215851, 0.021865641698241234, -0.014840750955045223, 0.003649859456345439, -0.010644585825502872, 0.02351461350917816, -0.011884666047990322, -0.004930159077048302, 0.019573166966438293, -0.03120981715619564, -0.015886440873146057, -0.016838286072015762, -0.019170979037880898, -0.015806002542376518, 0.005747942253947258, -0.0037403518799692392, 0.007929814048111439, 0.03802020847797394, -0.004960323218256235, 0.023715706542134285, -0.0011420473456382751, -0.003066686214879155, -0.034454137086868286, -0.015685345977544785, 0.00973966158926487, 0.003934742882847786, 0.021758390590548515, -0.018004631623625755, 0.03702814131975174, 0.039360836148262024, 0.0027466113679111004, 0.02524402365088463, 0.028716249391436577, -0.002615900244563818, -0.013969342224299908, 0.0026075211353600025, -0.002145004691556096, 0.030083689838647842, 0.0025337866973131895, -0.020511606708168983, 0.023393956944346428, 0.013004090636968613, -0.00732653122395277, -0.026289712637662888, -0.01374143548309803, -0.023380549624562263, -0.009719552472233772, 0.012420916929841042, -0.007179062347859144, -0.0011001527309417725, -0.03289900720119476, -0.01307782530784607, -0.007266202941536903, -0.025458524003624916, 0.021396420896053314, 0.02497589774429798, -0.00881462823599577, 0.008781112730503082, -0.018674947321414948, -0.029922815039753914, -0.007882892154157162, -0.04080871120095253, -0.019331853836774826, 0.0007025728118605912, -0.02185223437845707, -0.009223519824445248, 0.0010046330280601978, 0.017186850309371948, -0.005379269365221262, 0.03523170202970505, -0.021892452612519264, -0.00163305236492306, -0.025230616331100464, -0.007668391335755587, -0.04158627614378929, 0.016570160165429115, 0.0014026318676769733, -0.01699916087090969, 0.018648134544491768, -0.008204642683267593, 0.0006585834198631346, 0.010423381812870502, 0.024761397391557693, -0.006220513489097357, -0.010999851860105991, 0.0035359060857445, -0.008895065635442734, 0.0213830154389143, 0.017535412684082985, 0.004598353523761034, 0.016369067132472992, -0.03378382325172424, -0.01848725788295269, 0.004011828918009996, -0.017951007932424545, 0.0011252894764766097, -0.012226526625454426, -0.0030951746739447117, -0.005181526765227318, 0.0037604612298309803, 0.023796144872903824, -0.010785351507365704, 0.015873033553361893, -0.01153610274195671, 0.010892601683735847, -0.003643156262114644, -0.004651978611946106, 0.013862092047929764, -0.0037336486857384443, 0.0014185518957674503, -0.0032761592883616686, -0.006089802365750074, -0.004142540041357279, 0.01689191162586212, -0.004122430924326181, 0.031826507300138474, 0.011609837412834167, -0.012662230059504509, 0.0264371819794178, 0.009645817801356316, -0.050622109323740005, 0.002617575926706195, 0.0034353588707745075, 0.019211197271943092, -0.007386859506368637, -0.012206416577100754, -0.0029359750915318727, -0.037242643535137177, 0.02737562172114849, -0.007440484594553709, 0.004249790217727423, -0.005610527470707893, -0.007413672283291817, 0.02844812348484993, -0.023273300379514694, -0.0022639853414148092, -0.009652520529925823, -0.01413021795451641, -0.03343525901436806, -0.01738794334232807, 0.022723643109202385, 0.006223864853382111, 0.05614549666643143, -0.01379506103694439, -0.010202177800238132, -0.007138843648135662, -0.03351569548249245, -0.025860711932182312, -0.026222681626677513, -0.0043268767185509205, 0.022562766447663307, 0.025257429108023643, 0.023796144872903824, 0.04442840814590454, -0.021570703014731407, 0.015913253650069237, -0.008332001976668835, -0.0010875844163820148, 0.03399832174181938, 0.015028438530862331, -0.012300261296331882, -0.011033367365598679, -0.00458159577101469, 0.011482478119432926, -0.0009602247155271471, 0.028206810355186462, -0.0020846764091402292, 0.008432549424469471, 0.029788751155138016, -0.022964956238865852, -0.020297106355428696, -0.0010172014590352774, -0.031826507300138474, 0.0045748925767838955, 0.0030298191122710705, 0.007078515365719795, 0.021369608119130135, -0.03504401445388794, -0.01950613595545292, 0.04389215633273125, 0.0003301296092104167, 0.010490412823855877, -0.0005190743831917644, 0.02414470911026001, -0.01838000863790512, 0.006870717741549015, -0.023300113156437874, 0.010517225600779057, -0.020873576402664185, -0.012420916929841042, -0.018889447674155235, -0.034695450216531754, 0.010242396965622902, 0.015363595448434353, 0.014250874519348145, -0.00034563062945380807, 0.012407511472702026, 0.007547734770923853, 0.02370230108499527, -0.006726600229740143, 0.0017076247604563832, 0.009230222553014755, -0.021838828921318054, -0.013285622000694275, -0.03579476475715637, -0.028743062168359756, -0.028045935556292534, 0.0041626496240496635, 0.011636650189757347, 0.009243628941476345, 0.008533096872270107, -0.027107495814561844, -0.03995070978999138, 0.0063311150297522545, -0.027697371318936348, 0.034373700618743896, 0.01713322475552559, 0.028635811060667038, 0.03233594447374344, -0.015323376283049583, -0.030539503321051598, -0.009397801011800766, 0.016704224050045013, -0.013305732049047947, 0.014331311918795109, -0.004454236011952162, 0.006669623777270317, -0.0358215756714344, 0.01049711648374796, 0.00848617497831583, -0.02187904715538025, -0.01463965605944395, 0.012615308165550232, -0.004511212930083275, -0.013553747907280922, 0.003152151359245181, -0.001821578131057322, -0.02714771404862404, -0.004176056012511253, 0.0021366255823522806, -0.012675636447966099, 0.022938143461942673, -0.01699916087090969, -0.061132632195949554, 0.026450587436556816, -0.023219674825668335, 0.028957562521100044, 0.01070491410791874, -0.023849770426750183, -0.01697234995663166, -0.02654443122446537, -0.009377691894769669, 0.0008797870250418782, 0.014974813908338547, -0.007996845059096813, -0.025458524003624916, 0.013493419624865055, 0.009887130931019783, 0.027389027178287506, 0.0021031100768595934, -0.006233919877558947, -0.0016498102340847254, 0.032496821135282516, -0.012132681906223297, -0.014586031436920166, -0.003944797441363335, 0.022093547508120537, 0.012193010188639164, 0.0024449701886624098, -0.02513677254319191, -0.01473350077867508, 0.00037495687138289213, 0.010966336354613304, 0.014760312624275684, 0.002485188888385892, 0.0023477745708078146, -0.003750406438484788, -0.010054709389805794, -0.004038641694933176, -0.0076281726360321045, 0.00626408401876688, 0.005432894453406334, -0.020766325294971466, -0.010973039083182812, 0.005523386877030134, -0.001047365483827889, -0.00020161786233074963, 0.012762777507305145, -0.0022304696030914783, 0.024399427697062492, 0.0032895656768232584, -0.014572625048458576, 0.02732199616730213, -0.011730493977665901, -0.01783035136759281, -0.0494423545897007, -0.0027332052122801542, 0.001229188172146678, -0.0018014686647802591, 0.0038911723531782627, 0.00440061092376709, -0.026115430518984795, -0.004571541212499142, 0.016570160165429115, -0.0150686576962471, -0.030888065695762634, -0.006937749218195677, 0.0016481344355270267, -0.013473310507833958, 0.006897530518472195, -0.01376824826002121, -0.024332396686077118, 0.011790822260081768, -0.019103948026895523, 0.011180836707353592, -0.011154023930430412, -0.025900930166244507, -0.011670165695250034, -0.014116811566054821, 0.0014663117472082376, 0.019197791814804077, -0.0400579608976841, -0.01838000863790512, 0.0016724333399906754, 0.02750968374311924, 0.00955867674201727, 0.008144314400851727, -0.018058257177472115, -0.008767706342041492, 0.0022204150445759296, -0.01374143548309803, 0.004460939206182957, 0.00829178374260664, -0.014317905530333519, 0.019559761509299278, 0.011924885213375092, -0.004765931982547045, -0.013634185306727886, -0.054590366780757904, -0.019961949437856674, -0.01817891374230385, -0.0390658974647522, 0.0021818717941641808, -0.025431711226701736, 0.05190911144018173, 0.017066193744540215, -0.0025807085912674665, -0.03523170202970505, -0.002823697403073311, -0.034588199108839035, -0.021999703720211983, -0.004109024535864592, 0.0023997239768505096, 0.04072827473282814, 0.04265877977013588, 0.011442258954048157, 0.023031987249851227, 0.0011521021369844675, 0.009786583483219147, -0.02935975044965744, 0.006870717741549015, 0.01473350077867508, -0.003240967867895961, 0.0007834294228814542, -0.027254965156316757, -0.05107792094349861, -0.010617773048579693, 0.014599437825381756, -0.01175730675458908, 0.04450884461402893, 0.01707959920167923, 0.008841441012918949, -0.004293360747396946, -0.025512149557471275, 0.00038396421587094665, -0.016302034258842468, 0.0027332052122801542, 0.0013942529913038015, -0.03995070978999138, -0.007044999394565821, 0.004256493411958218, -0.016342254355549812, 0.0019506135722622275, -0.02425195835530758, 0.01901010423898697, 0.003053280059248209, 0.01760244369506836, -0.009089456871151924, -0.00580156734213233, -0.002929271897301078, 0.00413248548284173, 0.023849770426750183, -0.003542609279975295, -0.004192813765257597, 0.02208014205098152, 0.013185075484216213, 0.019412292167544365, 0.008392330259084702, 0.010336240753531456, 0.008767706342041492, 0.0030834442004561424, 0.02039095014333725, 0.012353885918855667, 0.029091624543070793, -0.020846763625741005, 0.013996155001223087, -0.038315143436193466, 0.011053476482629776, 0.013473310507833958, 0.0037336486857384443, -0.01375484187155962, 0.0026343336794525385, 0.0067534130066633224, -0.021503672003746033, -0.020297106355428696, -0.0010808812221512198, 0.00632441183552146, -0.010215584188699722, -0.01472009439021349, 0.0180448517203331, -0.02130257710814476, -0.0037068361416459084, 0.013111340813338757, -0.005667504388839006, -0.02698683924973011, 0.02260298654437065, 0.004182759206742048, -0.042229779064655304, 0.01142214983701706, 0.17353087663650513, -0.02086016908288002, 0.04169352725148201, 0.002788505982607603, -0.017066193744540215, -4.997897576686228e-06, -0.011831041425466537, -0.012622011825442314, -0.010725023224949837, 0.003001330653205514, 0.018661540001630783, 0.006200403906404972, -0.0027533145621418953, 0.008707378059625626, 0.015283158048987389, -0.017709694802761078, -0.03204100579023361, -0.018420226871967316, -0.005288776941597462, -0.018272757530212402, 0.019023509696125984, 0.028045935556292534, 0.0027114199474453926, -0.02080654539167881, 0.013721326366066933, -0.017146630212664604, 0.01807166449725628, 0.012809699401259422, 0.014840750955045223, 0.009042534977197647, 0.0007314800750464201, 0.013835280202329159, 0.0015190989943221211, -0.0031102567445486784, -0.01043008454144001, -0.028743062168359756, 0.04067464917898178, 0.009853614494204521, 0.02842131070792675, 0.003616343718022108, 0.006076395977288485, 0.0012501354794949293, -0.0010490412823855877, -0.007272906135767698, -0.018674947321414948, 0.01669081673026085, -0.010671397671103477, -0.008761003613471985, -0.021999703720211983, 0.042953718453645706, -0.017307506874203682, -0.038395583629608154, 0.014599437825381756, 0.021865641698241234, 0.016409285366535187, -0.009860318154096603, 0.019653605297207832, 0.0045212674885988235, 0.0004273251397535205, 0.014183842577040195, -0.013084528036415577, 0.01978766731917858, -0.006984671112149954, 0.024412833154201508, 0.0004055399331264198, -0.018701758235692978, -0.007138843648135662, -0.021972890943288803, 0.01284321490675211, 0.002166789723560214, 0.006119966506958008, -0.002664497820660472, 0.008177829906344414, 0.009478239342570305, -0.008466064929962158, -0.011100399307906628, 0.038315143436193466, 0.038368768990039825, 0.016020502895116806, -0.0040151807479560375, -0.01783035136759281, -0.03485632315278053, -0.002555571962147951, 0.022670017555356026, -0.010852382518351078, -0.01376824826002121, 0.016516536474227905, -0.01984129287302494, -0.01614115945994854, 0.005305534694343805, -0.005369214806705713, -0.008908472023904324, 0.0001314443798037246, 0.007386859506368637, -0.020163042470812798, 0.02574005536735058, -0.002734880894422531, 0.014063186943531036, -0.00535245705395937, -0.021396420896053314, -0.01843363419175148, 0.037564393132925034, 0.009357582777738571, 0.02555236779153347, -0.017200255766510963, -0.010899304412305355, -0.014398343861103058, -0.006676326971501112, 0.0012006998294964433, -0.0047324164770543575, 0.013292325660586357, -0.025565773248672485, -0.01812528818845749, -0.008854847401380539, -0.017642663791775703, -0.004011828918009996, 0.00302814319729805, -0.022200798615813255, -0.0013230321928858757, 0.008559908717870712, 0.008727487176656723, -0.03029819019138813, 0.001096801133826375, -0.0019824535120278597, -0.007232687436044216, -0.025780273601412773, -0.03035181574523449, -0.011683572083711624, 0.019492728635668755, -0.026691900566220284, 0.030646752566099167, 0.0009133027633652091, 0.015001625753939152, -0.0025605992414057255, -0.01600709743797779, 0.014800531789660454, -0.012849918566644192, 0.008526393212378025, -0.008063877001404762, 0.022804079577326775, -0.010912710800766945, -0.0020293754059821367, 0.04059421271085739, -0.019211197271943092, 0.00900901947170496, -0.0013221942353993654, 0.0034889839589595795, -0.012729262001812458, -0.00899561308324337, 0.003302972065284848, -0.01942569762468338, -0.011891369707882404, 0.0012015377869829535, -0.016704224050045013, 0.002325989305973053, -0.0002685445360839367, -0.0030516041442751884, -0.03134388104081154, 0.022039921954274178, -0.011086992919445038, -0.023903395980596542, 0.014089998789131641, 0.020484793931245804, 0.008613534271717072, 0.008667158894240856, -0.01661038026213646, -0.16838286817073822, 0.0198949184268713, 0.007949923165142536, -0.026329930871725082, 0.007654985412955284, 0.020873576402664185, 0.029011188074946404, -0.00266952533274889, -0.011469071730971336, -0.0111875394359231, 0.0016950563294813037, 0.007031593471765518, -0.027268370613455772, -0.0032627531327307224, -0.00804376695305109, -0.010885898023843765, -0.01622159779071808, 0.015551283024251461, 0.00018685001123230904, 0.032764945179224014, -0.0026527673471719027, 0.014197248965501785, 0.0005894573405385017, 0.011348415166139603, 0.013198481872677803, 0.031022129580378532, 0.0017997929826378822, 0.014612844213843346, -0.03029819019138813, -0.016771255061030388, 0.007996845059096813, -0.023326925933361053, 0.01564512774348259, -0.006662920583039522, 0.025257429108023643, -0.013466606847941875, -0.010517225600779057, -0.016275223344564438, -0.015336782671511173, 0.008841441012918949, 0.007929814048111439, 0.003405194729566574, 0.0026946619618684053, -0.004722361918538809, 1.2522564247774426e-05, 0.036465078592300415, 0.028957562521100044, -0.012769480235874653, -0.0005157227860763669, -0.028716249391436577, 0.009210113435983658, -0.047914039343595505, -0.029869189485907555, 0.011509289965033531, 0.014934594742953777, 0.016704224050045013, 0.020096011459827423, 0.005409433506429195, -0.008063877001404762, -0.006585834547877312, 0.02380955033004284, -0.017843756824731827, -0.008184533566236496, -0.004340282641351223, -0.014505594037473202, 0.02591433748602867, 0.00786278210580349, 0.014264280907809734, -0.01895647868514061, 0.006686381530016661, -0.008854847401380539, 0.007554437965154648, 0.024332396686077118, 0.020739512518048286, 0.006401498336344957, -0.006431662477552891, -0.027965497225522995, -0.005060870200395584, 0.03684045374393463, -0.001033959211781621, -0.016181377694010735, 0.03413238748908043, -0.004484400153160095, 0.028743062168359756, 0.004719010088592768, -0.02336714416742325, 0.016958942636847496, 0.03019093908369541, 0.004769283812493086, 0.003259401535615325, 0.029788751155138016, -0.033569321036338806, 0.015296564437448978, 0.012186307460069656, 0.024050863459706306, 0.027000244706869125, 0.012461136095225811, 0.014867562800645828, 0.018031444400548935, 0.002795209176838398, 0.013379466719925404, -0.005060870200395584, -0.024211740121245384, 0.0003093917912337929, 0.006062989588826895, 0.0011814283207058907, -0.008425846695899963, 0.01846044510602951, 0.025311054661870003, 0.005784809123724699, 0.0048798853531479836, 0.008988910354673862, -0.007138843648135662, 0.024131301790475845, -0.008962097577750683, 0.05005904659628868, -0.02497589774429798, -0.00101384986191988, -0.0013942529913038015, 0.011261274106800556, 0.039173148572444916, 0.00900901947170496, -0.021999703720211983, 0.002106461673974991, -0.0018400117987766862, 0.031933754682540894, -0.09459470212459564, -0.01843363419175148, 0.03598245233297348, -0.012521464377641678, -0.05995287746191025, -0.003800680162385106, -0.007225984241813421, 0.02521721087396145, -0.025337867438793182, 0.017253881320357323, -0.02860899828374386, -0.023970426991581917, 0.003596234368160367, 0.0048899403773248196, 0.009525161236524582, 0.010309427976608276, -0.04343634471297264, 0.026303119957447052, -0.019854698330163956, -0.0022840946912765503, -0.034588199108839035, -0.0029242446180433035, 0.011864556930959225, -0.01994854211807251, 0.008392330259084702, 0.028179997578263283, -0.014572625048458576, 0.015269751660525799, 0.011703681200742722, -0.009692739695310593, 0.02717452682554722, -0.010188772343099117, 0.020819950848817825, -0.02834087423980236, -0.015497658401727676, 0.0057077230885624886, -0.008466064929962158, -0.00671319430693984, 0.03397151082754135, -0.010027896612882614, 0.0025354623794555664, 0.0010264181764796376, -0.028823498636484146, -0.030995316803455353, 0.025270836427807808, -0.020525012165308, -0.00900901947170496, 0.01950613595545292, 0.012132681906223297, -0.02149026468396187, -0.009411207400262356, 0.0037973285652697086, -0.03413238748908043, -0.03405194729566574, 0.010282616131007671, 0.012353885918855667, 0.0029963033739477396, 0.02036413736641407, 0.021101482212543488, 0.014411749318242073, -0.02450667694211006, -0.000612499366980046, -0.003968258388340473, 0.0065992409363389015, 0.04727054014801979, 0.01413021795451641, -0.013185075484216213, -0.03043225221335888, 0.016985755413770676, -0.008218049071729183, 0.00015804746362846345, 0.016261816024780273, -0.03228231891989708, 0.021155107766389847, -0.028716249391436577, -0.011696978472173214, -0.023822957649827003, 0.00560717610642314, -0.008365518413484097, -0.029654689133167267, -0.0041592977941036224, -0.00423638429492712, -0.023889988660812378, -0.018943071365356445, 0.014478781260550022, 0.02665168233215809, 0.016731036826968193, -0.013526935130357742, 0.010376459918916225, -0.01926482282578945, 0.0005752131692133844, 0.014854157343506813, 0.019077135249972343, -0.038368768990039825, 0.023353736847639084, -0.00778904790058732, 0.006113263312727213, 0.025820493698120117, -0.0002850928867701441, 0.0007101138471625745, -0.0341055728495121, 0.0004805313074029982, -0.038422394543886185, 0.03914633393287659, -0.016650598496198654, -0.013567154295742512, 0.0005052491324022412, -0.02659805677831173, 0.01213938556611538, -0.01226674485951662, 0.014009561389684677, 0.03230913355946541, 0.009645817801356316, 0.007500812876969576, -0.026892995461821556, -0.005955739412456751, 0.004306767135858536, -0.012655527330935001, 0.01663719117641449, 0.02401064522564411, 0.01190477516502142, -0.0187687911093235, 0.014867562800645828, 0.01622159779071808, 0.016422690823674202, -0.0035593670327216387, -0.00031462861807085574, 0.004082211758941412, -0.014934594742953777, 0.039387647062540054, -0.021959485486149788, -0.021476859226822853, 0.00012358913954813033, -0.015806002542376518, 0.012769480235874653, 0.02315264381468296, 0.011965103447437286, -0.01851407065987587, 0.01047030370682478, 0.009833505377173424, 0.01961338520050049, -0.00894198752939701, -0.006602592300623655, -0.04062102362513542, 0.0032007491681724787, -0.029627876356244087, -0.016489723697304726, -0.041050024330616, -0.008841441012918949, 0.001673271181061864, 0.0026343336794525385, -0.02667849510908127, 0.03579476475715637, 0.025150179862976074, -0.006964561995118856, -0.022455517202615738, -0.029091624543070793, -0.02461392804980278, 0.03499038890004158, -0.00921681709587574, 0.009538567624986172, 0.013185075484216213, 0.03305988386273384, -0.03297944739460945, 0.014907781966030598, -0.018607914447784424, 0.01559150218963623, 0.0013238700339570642, -0.015323376283049583, 0.013104637153446674, -0.0063311150297522545, -0.01250135526061058, -0.014344718307256699, -0.005272019188851118, 0.014961407519876957, -0.0033951401710510254, 0.024882053956389427, 0.0065422640182077885, -0.02242870442569256, 0.005178175400942564, 0.021584108471870422, 0.02638355642557144, 0.022495735436677933, -0.02055182494223118, -0.01560490857809782, 0.01785716414451599, 0.029761938378214836, 0.018420226871967316, -0.0033415150828659534, -0.008881660178303719, 3.448451025178656e-05, 0.004343634471297264, -0.015256345272064209, 0.02855537459254265, -0.01010163128376007, 0.041344963014125824, 0.01153610274195671, -0.021838828921318054, -0.013372763060033321, -0.016074128448963165, 0.0008533934596925974, 0.0017880623927339911, -0.012876730412244797, 0.0150686576962471, -0.003971610218286514, -0.002218739129602909, -0.03394469991326332, 0.008921878412365913, -0.052633050829172134, -0.007413672283291817, -0.03407876193523407, 0.010557444766163826, -0.014197248965501785, -0.023742519319057465, -0.026142243295907974, 0.010369756259024143, -0.02419833280146122, -0.006190349347889423, 0.002165114041417837, -0.004719010088592768, -0.01067810133099556, 0.01085908617824316, 0.019626792520284653, 0.0005479816463775933, 0.02935975044965744, 0.0010046330280601978, 0.003147123847156763, 0.029922815039753914, -0.014291093684732914, -0.015484252013266087, 0.024882053956389427, 0.018500665202736855, 0.006052935030311346, -0.01104007102549076, -0.024372614920139313, -0.005979200359433889, -0.005131253041327, -0.03024456463754177, -0.0022472275886684656, 0.022696830332279205, -0.006776873953640461, 0.06799664348363876, 0.011596431024372578, 0.0029309478122740984, -0.017669474706053734, 0.0019070431590080261, 0.011898072436451912, 0.008533096872270107, -0.005114495288580656, -0.017977820709347725, -0.0179107878357172, 0.040299274027347565, 0.005902114324271679, -0.006750061176717281, -0.036572329699993134, -0.0053558084182441235, -0.0045212674885988235, -0.01561831496655941, 0.015846220776438713, -0.02041776292026043, -0.008258268237113953, -0.007433781400322914, 0.0020511606708168983, -0.0005266154184937477, -0.02638355642557144, -0.0031487997621297836, -0.008332001976668835, 0.009042534977197647, -0.01713322475552559, -0.0003380895941518247, -0.014425155706703663, 0.012970575131475925, 0.016798067837953568, -0.04952279478311539, -0.027858247980475426, -0.005577011965215206, -0.019935136660933495, 0.008740893565118313, -0.0012149440590292215, 0.03764482960104942, 0.016784660518169403, -0.0197608545422554, 0.03279175981879234, -0.02930612489581108, -0.012729262001812458, -0.016865098848938942, 0.0008638671133667231, 0.015108875930309296, -0.03314032033085823, -0.045179158449172974]","[0.01815674640238285, 0.0007249597692862153, 0.019261445850133896, -0.006252888590097427, -0.007626682985574007, 0.03577530384063721, -0.023581108078360558, -0.00452148262411356, -0.015862368047237396, -0.03328264504671097, -0.0021492091473191977, 0.01821339689195156, 0.010218480601906776, -0.015593273565173149, -0.02246224507689476, 0.009241245687007904, 0.009212919510900974, -0.011075331829488277, 0.025252321735024452, -0.01655634678900242, 0.008568511344492435, 0.012194194830954075, -0.017887651920318604, -0.0047445474192500114, -0.027490049600601196, 0.009326222352683544, 0.015210877172648907, -0.014155746437609196, -0.008108219131827354, -0.02740507200360298, 0.026073766872286797, -0.020111216232180595, -0.01842583902180195, -0.012881091795861721, -0.01842583902180195, -0.0032716132700443268, 0.00016951134603004903, -0.007350507657974958, 0.019133981317281723, -0.021088451147079468, 0.022419756278395653, 0.03226292133331299, -0.008504778146743774, -0.013369709253311157, 0.001519848476164043, 0.013483012095093727, 0.012307497672736645, -0.029911892488598824, 0.005750108044594526, -0.013808757066726685, 0.01736362650990486, -0.00223949714563787, -0.010317619889974594, 0.00337606412358582, -0.013766269199550152, -0.011981752701103687, 0.0010949636343866587, 0.020111216232180595, 0.015125900506973267, 0.0137521056458354, 0.022603873163461685, 0.024402553215622902, -0.018482491374015808, 0.009956467896699905, -0.002908690832555294, -0.01264740526676178, 0.009489094838500023, -0.006628203671425581, 0.017731860280036926, 0.010338864289224148, -0.023340340703725815, 0.01600399613380432, 0.0034362562000751495, 0.006759209558367729, 0.02115926519036293, 0.0019456185400485992, -0.00255284970626235, 0.00828525424003601, 0.044556256383657455, -0.010147666558623314, 0.02529481053352356, -0.015055086463689804, -0.03512381389737129, -0.00919167511165142, 0.006153748836368322, -0.0006160830380395055, -0.0023120816331356764, -0.0014561157440766692, -0.025606393814086914, 0.0009320911485701799, 0.03863619640469551, 0.014587712474167347, 0.04101555049419403, 0.0037885564379394054, 0.007994916290044785, 0.01032470166683197, 0.008795116096735, 0.031101569533348083, -0.009694456122815609, -0.007832043804228306, -0.02808488719165325, -0.0005306634702719748, -0.023552782833576202, -0.009744025766849518, -0.005505799315869808, -0.017221998423337936, -0.0029795048758387566, 0.007931184023618698, -0.00572886411100626, -0.030591707676649094, -0.015253365971148014, 0.022136500105261803, 0.003140607150271535, -0.015380831435322762, 0.013638803735375404, 0.005162350833415985, 0.01649969443678856, -0.007640845607966185, -0.015904854983091354, -0.029458682984113693, 0.05177929997444153, 0.0008953562937676907, 0.02319871261715889, -0.009680292569100857, 0.011804717592895031, -0.010055608116090298, 0.002428924897685647, -0.03812633454799652, -0.0019031299743801355, -0.013171429745852947, 0.06271300464868546, -0.009651967324316502, 0.013320139609277248, 0.010190154425799847, 0.0058846548199653625, 0.02542227692902088, -0.0004151478933636099, 0.01477182935923338, -0.0026590710040181875, -0.016938742250204086, 0.017434440553188324, 0.021683290600776672, 0.004401098936796188, 0.0007519576465710998, -0.0078107998706400394, 0.02875054068863392, -0.003060941118746996, 0.019884610548615456, 0.025832997635006905, -0.03370752930641174, 0.010954947210848331, 0.00036247988464310765, -0.007233664393424988, 0.015111737884581089, 0.016301415860652924, 0.025252321735024452, -0.006107719615101814, 0.006288295611739159, -0.007201798260211945, -0.010246805846691132, 0.006288295611739159, 0.027716655284166336, 0.0004979119403287768, -0.006575093138962984, 0.027929097414016724, 0.022306453436613083, 0.021187590435147285, 0.02802823670208454, -0.0013136023189872503, 0.0007112395251169801, -0.002719263080507517, 0.02716430462896824, -0.0278016310185194, 0.0212725680321455, 0.0008851767634041607, 0.01776018552482128, 0.0025652421172708273, -0.00444004638120532, -0.01679711416363716, -0.0008803082746453583, -0.018071768805384636, -0.0001629831676837057, 0.009446606040000916, 0.022490570321679115, -0.004273633472621441, 0.01877990923821926, 0.014056607149541378, 0.008108219131827354, 0.01668381132185459, 0.010183073580265045, 0.03608688712120056, 0.0014587712939828634, -0.043139975517988205, -0.016258927062153816, -0.6186323165893555, -0.013645884580910206, -0.021966546773910522, -0.0297702644020319, 0.011478971689939499, 0.005803218577057123, 0.012569509446620941, 0.00824984721839428, -0.001961551606655121, 0.022108174860477448, -0.002432465786114335, 0.010048526339232922, -0.0005837740609422326, -0.03812633454799652, -0.00623872596770525, 0.003986835945397615, 0.0033672123681753874, -0.017151184380054474, -0.019983749836683273, -0.020182030275464058, 0.020068727433681488, 0.01832669973373413, 0.007860369980335236, -0.008526022545993328, 0.000260463246377185, -0.025110693648457527, 0.028679726645350456, -0.015635762363672256, 0.009411199018359184, 0.013058127835392952, -0.004716221708804369, 0.010954947210848331, 0.014672690071165562, -0.016542183235287666, 0.060446951538324356, -0.018170908093452454, -0.02240559458732605, -0.009510339237749577, -0.011238204315304756, 0.021697452291846275, -0.02761751413345337, -0.021145101636648178, 0.015961507335305214, -0.027362583205103874, -0.010381353087723255, -0.011691414751112461, -0.005449147894978523, -0.00288567622192204, -0.014587712474167347, -0.01185428723692894, 0.006525523029267788, 0.026059603318572044, 0.0431116484105587, 0.004822442773729563, 0.03413241729140282, 0.004893257282674313, 0.0093545475974679, -0.00926957093179226, -0.009212919510900974, -0.0017933681374415755, -0.011018680408596992, 0.00016552805027458817, -0.015848204493522644, -0.014233642257750034, -0.019785471260547638, 0.022207314148545265, -0.02808488719165325, 0.0019721738062798977, 0.02274550125002861, -0.009921060875058174, 0.006061690393835306, 0.03501050919294357, 0.012371229939162731, 0.010742505080997944, -0.019318098202347755, 0.006465331185609102, 0.04078894481062889, -0.03248952701687813, -0.023793550208210945, 0.011054087430238724, 0.025733858346939087, -0.016315577551722527, -0.018694933503866196, 0.013412198051810265, 0.03237622603774071, 0.004673733375966549, -0.011903856880962849, -0.009241245687007904, 0.023807713761925697, -0.030874965712428093, 0.025365624576807022, 0.0056013986468315125, -0.01706620864570141, -0.02025284431874752, 0.003923103213310242, 0.022037360817193985, 0.004503779113292694, -0.004769332241266966, -0.003494677832350135, -0.02642783708870411, -0.025733858346939087, 0.008582673966884613, 0.02359527163207531, 0.0022660524118691683, 0.007492136210203171, 0.027546700090169907, -0.005973172839730978, 0.016697974875569344, 0.028325656428933144, -0.016867928206920624, -0.013128941878676414, 0.005973172839730978, -0.00253160553984344, 0.0002325801906408742, -0.020040402188897133, -0.026172906160354614, 0.006348487455397844, 0.004730384796857834, -0.005017181858420372, -0.01457354985177517, -0.001853560097515583, 0.00667777331545949, 0.012272090651094913, 0.025365624576807022, 0.0018553304253146052, 0.007747067138552666, 0.011287773959338665, 0.0010825712233781815, -0.005859869997948408, -0.03257450461387634, 0.00989981647580862, 0.01621643826365471, 0.008610999211668968, -0.022561384364962578, 0.041383784264326096, 0.014856806956231594, 0.02314206026494503, -0.006773372646421194, 0.012923580594360828, 0.006532604340463877, -0.01576322689652443, 0.02506820484995842, -0.008497696369886398, -0.011096576228737831, 0.005410200450569391, -0.02053610049188137, -0.021513335406780243, 0.009538664482533932, -0.0026449081487953663, 0.009382873773574829, -0.0010347716743126512, -0.01759023219347, -0.006309540010988712, 0.013603396713733673, -0.0078107998706400394, -0.02297210693359375, -0.00541728176176548, -0.045066118240356445, -0.03580363094806671, -0.01440359652042389, 0.004733925219625235, 0.029402030631899834, -0.005951928440481424, 0.017151184380054474, -0.024799112230539322, -0.01827004738152027, 0.006932704243808985, 0.0317813865840435, -0.024360064417123795, 0.00011817109771072865, -0.0100626889616251, -0.010700016282498837, 0.01083456352353096, -0.00502072274684906, -0.018397513777017593, 0.030421754345297813, -0.027376746758818626, 0.007392996456474066, 0.024204272776842117, -0.01668381132185459, 0.0058421664871275425, 0.03486888110637665, -0.0004421457997523248, -0.003383145434781909, 0.02768832817673683, 0.005183595232665539, -0.005038426257669926, 0.0022448082454502583, -0.006284754723310471, 0.02052193693816662, 0.0030202229972928762, -0.0021509795915335417, -0.023241201415657997, -0.0032450580038130283, -0.012888173572719097, 0.012286253273487091, -0.009793595410883427, 0.01691041700541973, 0.014148665592074394, 0.012470370158553123, 0.018680769950151443, 0.005668671801686287, 0.01742027886211872, -0.02518150769174099, 0.014495654962956905, -0.01645720563828945, 0.012321660295128822, -0.03144147992134094, 0.010452167131006718, 0.015749065205454826, 0.0011507298331707716, -0.011698495596647263, -0.018057605251669884, 0.00592714361846447, 0.028778865933418274, 0.043423231691122055, -0.005580154247581959, 0.005863410886377096, 0.01373086217790842, -0.023212874308228493, 0.009177512489259243, -0.002407680731266737, 0.043479882180690765, 0.011082412675023079, 0.009871491231024265, -0.01004144549369812, 0.013001476414501667, 0.008625161834061146, 0.00502072274684906, -0.025790510699152946, 0.003197258338332176, -0.014870969578623772, -0.0018624118529260159, 0.0014153976226225495, 0.008865930140018463, 0.004680814687162638, 0.042346857488155365, 0.009064209647476673, 0.004475453868508339, 0.023736899718642235, -0.008504778146743774, 0.010685853660106659, -0.00565804960206151, -0.020111216232180595, 0.01381583884358406, 0.025195671245455742, 0.019318098202347755, 0.0020270547829568386, -0.003731905249878764, 0.010402597486972809, 0.0021350462920963764, 0.02399183064699173, -0.01421239785850048, 0.02444504201412201, 0.0009161579655483365, 0.0012826210586354136, 0.021881569176912308, 0.019955424591898918, 0.011804717592895031, 0.017774349078536034, 0.005675753112882376, 0.004879094194620848, 0.021400032564997673, -0.008271091617643833, 0.025790510699152946, -0.005183595232665539, -0.013999955728650093, -0.012661567889153957, -0.018298374488949776, 0.016414716839790344, -0.04271508753299713, -0.01361755933612585, -0.0017995643429458141, -0.023637760430574417, 0.02632869780063629, 0.014658527448773384, 0.006387435365468264, 0.019658004865050316, 0.03229124844074249, -0.0072938562370836735, -0.02676774561405182, -0.030620034784078598, 0.008618080988526344, 0.024204272776842117, 0.00041470531141385436, -0.0055022588931024075, -0.030733337625861168, 0.011606437154114246, 0.0346139520406723, 0.009722781367599964, -0.008965070359408855, 0.02887800708413124, 0.05081622675061226, 0.005583695136010647, 0.003064482007175684, 0.020564425736665726, 0.018015116453170776, -0.024827437475323677, 0.000909961701836437, 0.016924578696489334, 0.003616832196712494, 0.01566408760845661, -0.010898295789957047, 0.008809278719127178, 0.039004430174827576, -0.004057650454342365, -0.009028802625834942, -0.01662716083228588, 0.013015639036893845, 0.004340906627476215, -0.015805715695023537, -0.0027670625131577253, -0.03891945257782936, -0.0014065458672121167, 0.015310017392039299, 0.01798679120838642, -0.00561556126922369, -0.0260879285633564, 0.04016578197479248, 0.014701015315949917, 0.0021704533137381077, -0.017788512632250786, -0.021711615845561028, 0.00467727379873395, -0.028679726645350456, 0.013433442451059818, -0.011245285160839558, -0.020224519073963165, -0.016598833724856377, 0.0017101614503189921, -0.00899339560419321, -0.005555369425565004, 0.01610313542187214, -0.020564425736665726, -0.0059979576617479324, -0.008299416862428188, 0.018567467108368874, -0.023850202560424805, 0.010820400901138783, 0.006822942290455103, -0.0006143126520328224, -0.03665339946746826, -0.005172973033040762, -0.009843165054917336, -0.014148665592074394, 0.026399511843919754, 0.014467328786849976, 0.020068727433681488, -0.005806759465485811, -0.005594316869974136, 0.017901815474033356, -0.0021509795915335417, 0.010133503004908562, -0.024246761575341225, -0.025252321735024452, -0.02331201545894146, 0.024289250373840332, 0.009276652708649635, -0.0016331510851159692, 0.02659779042005539, -0.003429174656048417, -0.02212233655154705, 0.022844642400741577, -0.003937266301363707, 0.011882612481713295, -0.011535623110830784, -0.0019155225018039346, 0.017108695581555367, 0.02523816004395485, -0.01421239785850048, -0.01547997072339058, 0.04826691746711731, 0.0263711865991354, -0.01350425649434328, 0.006745046935975552, -0.013192674145102501, -0.01730697602033615, -0.015310017392039299, -0.011330262757837772, -0.01213754341006279, -0.008795116096735, 0.004064731765538454, -0.015394994057714939, -0.009892735630273819, 0.0020819357596337795, 0.014757666736841202, -0.004135545808821917, 0.0007754148100502789, -0.007286774925887585, -0.030506731942296028, -0.023269526660442352, -0.005735945422202349, -0.026583628728985786, -0.0022678228560835123, 0.007704578340053558, 0.005353549029678106, -0.02359527163207531, 0.01679711416363716, 0.015437482856214046, 0.008341905660927296, 0.02965696156024933, -0.02661195397377014, 0.0038027192931622267, 0.008490615524351597, -0.03331097215414047, -0.006475952919572592, -0.016032321378588676, -0.016882091760635376, 0.007322181947529316, 0.01849665306508541, 0.01236414909362793, 0.003717742394655943, -0.028283167630434036, -0.006748587358742952, 0.0035885064862668514, 0.014226560480892658, 0.018992353230714798, -0.02144252136349678, 0.003606209997087717, 0.003429174656048417, -0.01632974110543728, 0.04260178655385971, 0.005056129768490791, -0.01825588569045067, 0.0066990177147090435, 0.008518940769135952, -0.018454164266586304, 0.005636805668473244, -0.004135545808821917, 0.005339385941624641, 0.011818880215287209, 0.01827004738152027, 0.013143104501068592, -0.017207836732268333, 0.007591275963932276, -0.013943304307758808, -0.0014897524379193783, 0.004227604251354933, -0.00839855708181858, -0.00335481995716691, 0.0011401076335459948, 0.023071246221661568, -0.014056607149541378, 0.010714179836213589, -0.015154225751757622, -0.03322599455714226, 0.013589233160018921, 0.00027396221412345767, -0.009510339237749577, 0.008518940769135952, -0.005714701022952795, -0.014354025945067406, -0.015210877172648907, 0.029232077300548553, -0.002655530348420143, 0.0015782701084390283, -0.01768937148153782, 0.009290815331041813, -0.022334780544042587, -0.007718741428107023, 0.00831358041614294, 0.00455334922298789, -0.0218390803784132, -0.012519939802587032, 0.023751063272356987, 0.017151184380054474, -0.008575592190027237, 0.003908940590918064, -0.0060404459945857525, -0.024515856057405472, -0.02155582420527935, 0.00961656030267477, 0.023977667093276978, 0.01424072403460741, -0.01894986443221569, -0.018964026123285294, -0.0093545475974679, -0.01205256674438715, -0.008072812110185623, -0.02859474904835224, -0.002777684712782502, 0.005810300353914499, 0.01700955629348755, -0.0034043898340314627, 0.046992264688014984, -0.006270592100918293, -0.01154270488768816, 0.017675209790468216, 0.007134524639695883, -0.01785932667553425, 0.012597835622727871, -0.02251889742910862, -0.02348196879029274, -0.00946785043925047, -0.0029918975196778774, -0.00047224180889315903, 0.01346884947270155, -0.0161739494651556, 0.024742459878325462, 0.011875531636178493, -0.014021200127899647, -0.016372229903936386, -0.021938221529126167, -0.012385393492877483, 0.017958465963602066, -0.018369188532233238, -0.011054087430238724, -0.018128419294953346, -0.005250868387520313, -0.029713613912463188, 0.02869389019906521, 0.014814318157732487, 0.04095890000462532, 0.020606914535164833, 0.026073766872286797, 0.006111260503530502, 0.028396470472216606, -0.0019668627064675093, -0.008802197873592377, 0.007123902440071106, 0.013249325565993786, 0.002795388223603368, 0.0012171179987490177, -0.007049547508358955, -0.011471890844404697, -0.004825983662158251, -0.02291545644402504, -0.010388433933258057, -0.006270592100918293, -0.01700955629348755, -0.013943304307758808, -0.024600831791758537, -0.009411199018359184, -0.029458682984113693, -0.02132921852171421, -0.04010912775993347, -0.03067668527364731, -0.0255214162170887, 2.0359066184028052e-05, 0.017576070502400398, -0.028453120961785316, 0.010232643224298954, -0.017448604106903076, -0.03356590121984482, -0.0024926576297730207, 0.007902857847511768, 0.03501050919294357, -0.022830478847026825, 0.006929163821041584, -0.0044931573793292046, 0.0053854151628911495, 6.710745947202668e-05, -0.006178533658385277, 0.03472725301980972, -0.022079849615693092, 0.02098931185901165, 0.03350925073027611, -0.026357023045420647, 0.023779388517141342, -0.007113280240446329, -0.017604395747184753, -0.023354504257440567, -0.030931616201996803, 0.008377312682569027, 0.009127942845225334, -0.0015101114986464381, -0.015125900506973267, -0.03580363094806671, -0.04588756337761879, 0.022320616990327835, 0.006730883847922087, -0.030223475769162178, -0.006929163821041584, 0.00335481995716691, -0.029458682984113693, 0.030874965712428093, -0.005764271132647991, 0.03821130841970444, 0.0010613269405439496, 0.00435506971552968, -0.007233664393424988, -0.01142940204590559, 0.010841645300388336, -0.007177012972533703, 0.001418938278220594, -0.002908690832555294, 0.012725301086902618, -0.006649447605013847, -0.006288295611739159, -0.0187090951949358, 0.0025139020290225744, -0.017037881538271904, -0.009489094838500023, 0.022589711472392082, -0.018170908093452454, -0.00253160553984344, -0.005438526161015034, 0.020677728578448296, -0.010466329753398895, -0.006015661172568798, -0.016882091760635376, -0.023127898573875427, -0.0068406458012759686, -0.009991874918341637, 0.029798589646816254, -0.003661090973764658, 0.022830478847026825, -0.024430878460407257, -0.018015116453170776, 0.0014392974553629756, -0.03580363094806671, -0.03056338243186474, 0.019261445850133896, -0.027490049600601196, 0.003209650982171297, -0.015919018536806107, -0.006532604340463877, 0.022094011306762695, 0.01488513220101595, -0.011351506225764751, 0.02546476572751999, 0.021017637103796005, -0.01751941815018654, 0.027192629873752594, 0.018411677330732346, -0.006936245132237673, -0.03475558012723923, 0.005328764207661152, 0.00016696646343916655, -0.015182551927864552, 0.019672168418765068, 0.003707120195031166, -0.025266485288739204, -0.021768266335129738, -0.01734946481883526, 0.006529063917696476, -0.010586714372038841, 0.0026803151704370975, 0.00054438371444121, 0.019771307706832886, 0.0419786237180233, -0.029458682984113693, -0.007591275963932276, 0.03427404537796974, -0.029911892488598824, 0.0039939177222549915, 0.025223996490240097, -0.03441567346453667, 0.00011203018220840022, 0.004723303020000458, 0.014283211901783943, 0.0016729841008782387, -0.028042400255799294, 0.00016818358562886715, 0.0017013096949085593, 0.005806759465485811, -0.00785328820347786, 0.002618352882564068, -0.017845163121819496, -0.0008050682372413576, -0.0007147802389226854, 0.010480492375791073, -0.011061168275773525, 0.011422321200370789, -0.012944824993610382, -0.01753358170390129, -0.008341905660927296, 0.0278016310185194, -0.029713613912463188, -0.02659779042005539, 0.00695040775462985, -0.0037000388838350773, -0.0357186533510685, -0.04588756337761879, 0.018921539187431335, 0.012427881360054016, -0.015465808100998402, -0.023722736164927483, -0.061523325741291046, -0.0018287751590833068, -0.03486888110637665, 0.009397036395967007, -0.01193926390260458, 0.021584149450063705, 0.02206568606197834, 0.009949387051165104, -0.015154225751757622, 0.03529376909136772, 0.007775392383337021, 0.04237518087029457, -0.0317813865840435, -0.002278445055708289, 0.01606064662337303, -0.0014578860718756914, 0.014927620999515057, 0.02801407314836979, -0.022023197263479233, -0.0005740371416322887, 0.030195148661732674, 0.00796659104526043, 0.027178466320037842, 0.03180970996618271, 0.03620018810033798, -0.009234163910150528, -0.009397036395967007, 0.003317642491310835, 0.0035194626543670893, 0.016074810177087784, -0.005183595232665539, -0.045349374413490295, 0.0019403074402362108, 0.02649865113198757, 0.01610313542187214, -0.021244242787361145, 0.01154270488768816, 0.014828480780124664, 0.005817381665110588, -0.014346945099532604, -0.023283690214157104, -0.007251367904245853, 0.0007568261353299022, -0.026668604463338852, 0.0002363421954214573, -0.0009843165753409266, 0.012187113985419273, 0.03520879149436951, 0.0004970267182216048, 0.0002485133591108024, -0.020224519073963165, 0.03084663860499859, -0.04155373573303223, -0.004978233948349953, 0.021711615845561028, -0.009857328608632088, -0.005824462976306677, 0.01691041700541973, 0.0040930574759840965, -0.018170908093452454, 0.004935745615512133, 0.008851767517626286, -0.009127942845225334, -0.007775392383337021, 0.0076550086960196495, 0.03996749967336655, -0.02399183064699173, -0.005119862500578165, 0.006153748836368322, 0.00875970907509327, -0.000843573419842869, -0.012789033353328705, -0.014785992912948132, -0.023227037861943245, 0.0026041900273412466, 0.010105177760124207, -0.022306453436613083, -0.05540498346090317, -0.01196759007871151, 0.006221021991223097, -0.010777912102639675, -0.001330420607700944, 0.18966859579086304, 0.004061190877109766, 0.021541660651564598, 0.07245703041553497, -0.007945346646010876, -0.015394994057714939, -0.023836039006710052, -0.0028042399790138006, -0.00222002319060266, 0.025167346000671387, -0.00871013943105936, 0.0017703535268083215, -0.008639325387775898, -0.00011496232764329761, 0.008851767517626286, -0.0037460681051015854, -0.019275609403848648, -0.039117731153964996, 0.0014251346001401544, -0.0037035795394331217, -0.014226560480892658, -0.031668081879615784, -0.01564992591738701, -0.023892691358923912, 0.019133981317281723, -0.039910849183797836, -0.018340861424803734, 0.0004005424852948636, -0.0030113712418824434, 0.014354025945067406, -0.00047445474774576724, -0.002952949609607458, 0.01945972628891468, -0.002696248469874263, -0.01052298117429018, -0.009439525194466114, 0.005930684041231871, -0.0048472280614078045, -0.016712136566638947, 0.017958465963602066, 0.02240559458732605, -0.040930572897195816, -0.007676252629607916, -0.007945346646010876, -0.005296897608786821, 0.03367920592427254, -0.02302875928580761, -0.0051871356554329395, -0.01216586958616972, 0.03243287652730942, 0.005551828537136316, -0.0055022588931024075, 0.013171429745852947, 0.009212919510900974, 0.0015897774137556553, 0.003252139315009117, 0.004025783855468035, 0.002832565689459443, 0.00290692038834095, 0.01804344356060028, 0.023411154747009277, 0.014198235236108303, -0.010282212868332863, 0.026626117527484894, -0.022703012451529503, 0.024954903870821, -0.012590753845870495, 0.030251801013946533, 0.026116255670785904, -0.011004517786204815, -0.03237622603774071, 0.01894986443221569, -0.004071813076734543, 0.015621599741280079, -0.03874949738383293, -0.02234894223511219, 0.03141315281391144, 0.04107220098376274, 0.025266485288739204, 0.026385348290205002, -0.02257554791867733, -0.027192629873752594, -0.0003303922130726278, -0.012498695403337479, -0.040647316724061966, -0.04005247727036476, 0.006114800926297903, -0.0006638825871050358, 0.00714868726208806, 0.003237976459786296, 0.0039903768338263035, -0.017887651920318604, -0.00161987345200032, -0.006911460310220718, -0.002453709952533245, -0.016641322523355484, -0.013164348900318146, 0.011833042837679386, -0.0032450580038130283, -0.006383894942700863, -0.03206464275717735, -0.004967611748725176, 0.00690791942179203, -0.014630201272666454, 0.008143626153469086, 0.006366191431879997, -0.03265948221087456, -0.020267006009817123, 0.025252321735024452, -0.0138937346637249, -0.01497010886669159, -0.025110693648457527, -0.004142627120018005, -0.019247284159064293, 0.025648880749940872, 0.01787348836660385, 0.0007130098529160023, -0.011889694258570671, 0.024657484143972397, -0.006518441718071699, 0.013490093871951103, -0.019983749836683273, -0.023297851905226707, 0.000260463246377185, -0.010204317979514599, -0.01424072403460741, -0.04056233912706375, 0.005781974643468857, -0.004935745615512133, -0.02387852780520916, 0.009127942845225334, -0.0066954768262803555, 0.028113214299082756, -0.01577739045023918, -0.03518046438694, 0.0014676230493932962, 0.012866929173469543, 0.0023492590989917517, -0.006475952919572592, 0.002154520247131586, 0.01457354985177517, -0.0002115572424372658, 0.024869926273822784, -0.00773998536169529, -0.0016030550468713045, -0.011748066172003746, 0.020323658362030983, 0.015069249086081982, -0.006376813165843487, -0.030365103855729103, -0.030421754345297813, -0.002740507246926427, 0.007428403478115797, -0.007102658040821552, 0.01798679120838642, -0.03084663860499859, -0.009382873773574829, -0.03690832853317261, -0.00040917296428233385, 0.0011038153897970915, -0.041950296610593796, -0.003937266301363707, 0.042346857488155365, 0.007768311072140932, -0.01717950962483883, -0.005126943811774254, -0.18185071647167206, -0.0015481741866096854, -0.004103679209947586, -0.027716655284166336, 0.015494134277105331, 2.785540527838748e-05, 0.010345946066081524, -0.001586236758157611, -0.019275609403848648, -0.006918541621416807, -0.002384666120633483, 0.022207314148545265, -0.03532209247350693, -0.009984794072806835, -0.042913369834423065, -0.0292037520557642, -0.006723802536725998, -0.004415261559188366, 0.025988789275288582, 0.011486053466796875, 0.027490049600601196, -0.030648360028862953, 0.0297702644020319, -0.0015587962698191404, 0.008186114951968193, -0.015310017392039299, 0.0023227038327604532, 0.00730093801394105, 0.011797635816037655, -0.048408545553684235, 0.0024590210523456335, -0.02801407314836979, -0.0029263943433761597, -0.011075331829488277, -0.008837604895234108, -0.006815860979259014, -0.006327243521809578, 0.004578134045004845, 0.0038204228039830923, 0.008370231837034225, -0.008773871697485447, 0.015678251162171364, -0.013596314936876297, 0.005527043715119362, 0.023836039006710052, 0.007272612303495407, 0.03407576307654381, -0.03226292133331299, -0.005909440107643604, 0.0025139020290225744, 0.019544702023267746, -0.03407576307654381, 0.0116276815533638, 0.01032470166683197, 0.005696997512131929, -0.00695040775462985, 0.0014640823937952518, 0.02478494867682457, -0.02008289098739624, -0.010933702811598778, 0.007428403478115797, -0.03603023290634155, 0.010707098059356213, -0.007612519897520542, -0.011160308495163918, -0.010197236202657223, -0.012201276607811451, 0.01324224378913641, -0.017944302409887314, 0.006585714872926474, -0.002432465786114335, -0.007803718093782663, 0.023099573329091072, 0.003415011800825596, 0.004964071325957775, 0.008540185168385506, -0.011054087430238724, 0.04804031178355217, 0.006649447605013847, 0.005912980530411005, -0.024855762720108032, 0.0453777015209198, -0.021598313003778458, 0.03772977367043495, -0.01695290580391884, 0.015267528593540192, 0.020904334262013435, 0.024657484143972397, 0.010827481746673584, -0.021626638248562813, 0.01063628401607275, -0.010940784588456154, -0.0020695433486253023, -0.0024023696314543486, 0.005403118673712015, 0.023722736164927483, 0.013235162943601608, -0.005229624453932047, 0.024062644690275192, 0.00018721488595474511, -0.02767416648566723, 0.007994916290044785, -0.009694456122815609, -0.01706620864570141, 0.027320094406604767, 0.01346884947270155, -0.0021350462920963764, 0.010728342458605766, 0.010898295789957047, 0.007506298832595348, -0.018808236345648766, 0.02819819003343582, -0.0012835062807425857, 0.02229229174554348, -0.026980187743902206, 0.025379788130521774, 0.01972881890833378, -0.019813796505331993, -0.025252321735024452, -0.009326222352683544, 0.04656738042831421, -0.012420800514519215, -0.03107324428856373, 0.0007023877697065473, 0.003912481479346752, -0.01793014071881771, -0.11245285719633102, -0.007421321701258421, 0.005870492197573185, 0.016244763508439064, -0.0043904767371714115, 0.007237205281853676, -0.0038806148804724216, -0.012781952507793903, -0.022759664803743362, 0.01751941815018654, 0.0138937346637249, -0.03713493421673775, -0.018978189677000046, -0.0014950635377317667, -0.011294855736196041, -0.01271113846451044, -0.00323974690400064, 0.0046454076655209064, -0.02353861927986145, 0.05571656674146652, 0.007364670746028423, -0.005360630340874195, 0.006957489065825939, 0.014467328786849976, -0.0017915976932272315, 0.004309040494263172, -0.030535057187080383, 0.025705533102154732, 0.028722215443849564, -0.0018694932805374265, 0.03444399684667587, -0.014184072613716125, -0.008979232981801033, -0.01083456352353096, 0.005905899219214916, 0.002064232248812914, -0.021485010161995888, -0.013171429745852947, 0.01577739045023918, -0.0070389253087341785, 0.0007320411968976259, 0.00941828079521656, -0.010707098059356213, 0.0020500693935900927, 0.01657050848007202, 0.0028697429224848747, -0.003517692442983389, 0.049314968287944794, 0.014247804880142212, -0.03693665564060211, -0.03543539717793465, -0.0005864296108484268, -0.00459583755582571, -0.01774602383375168, -0.0022058605682104826, -0.009482013061642647, 0.00408597569912672, 0.00797367189079523, -0.05537665635347366, 0.007371752057224512, -0.012576591223478317, 0.00033127740607596934, -0.0060404459945857525, 0.00851185992360115, -0.004783495329320431, -0.02729176916182041, 0.012442043982446194, 0.007166390772908926, -0.031668081879615784, -0.005835085175931454, -0.03390581160783768, 0.019431399181485176, -0.011124901473522186, 0.02746172435581684, -0.013985793106257915, 0.017831001430749893, 0.01610313542187214, -0.029175424948334694, 0.01488513220101595, 0.009439525194466114, -0.018581630662083626, -0.009921060875058174, 0.0002540457353461534, -0.00800199806690216, 0.0033973082900047302, 0.015239203348755836, 0.01338387280702591, 0.017448604106903076, 0.013674210757017136, -0.02523816004395485, -0.010480492375791073, 0.0346139520406723, 0.006603418383747339, -0.048861756920814514, -0.012746545486152172, 0.019275609403848648, -0.02036614716053009, 0.005934224929660559, 0.01695290580391884, -0.021017637103796005, -0.028155701234936714, 0.015437482856214046, -0.050787899643182755, 0.01781683787703514, 0.021485010161995888, -0.014743504114449024, -0.013178511522710323, -0.004146168008446693, -0.011110738851130009, -0.024147622287273407, -0.005226083565503359, -0.01719367317855358, -0.03212129324674606, 0.009651967324316502, -0.01825588569045067, -0.006631744094192982, 0.010657528415322304, -0.001896048546768725, 0.011804717592895031, -0.0323478989303112, 0.02808488719165325, -0.020182030275464058, 0.006461790297180414, -0.005693457089364529, -0.020946823060512543, 0.0031370664946734905, -0.0061679114587605, -0.0041320049203932285, -0.018907375633716583, 0.01432570070028305, -0.031243199482560158, -0.007747067138552666, 0.004517942201346159, -0.03243287652730942, -0.0077966367825865746, -0.000877210171893239, 0.0034362562000751495, 0.002940557198598981, 0.009581153281033039, 0.004535645712167025, 0.027093490585684776, -0.023864366114139557, -0.019601354375481606, -0.03719158470630646, -0.015749065205454826, 0.0007010599947534502, -0.0008634899277240038, -0.0024820356629788876, 0.02161247469484806, -0.001508341170847416, -0.006022742483764887, 0.0068406458012759686, 0.00494990823790431, 0.02052193693816662, -0.01632974110543728, -0.023439479991793633, -0.010820400901138783, -0.045122768729925156, 0.005810300353914499, 0.01651385799050331, 0.011266529560089111, 0.004351528827100992, 0.049654874950647354, 0.03430236876010895, 0.00308395572938025, 0.0032362062484025955, 0.0022908374667167664, 0.0032255840487778187, 0.0026732338592410088, 0.021244242787361145, 0.009651967324316502, -0.022901292890310287, 0.0034822854213416576, 0.006380354054272175, 0.02070605382323265, -0.0019049004185944796, -0.015791554003953934, 0.009120861068367958, -0.015550784766674042, -0.005806759465485811, -0.02648448757827282, 0.014785992912948132, 0.01564992591738701, -0.014927620999515057, -0.018638281151652336, -0.0004961415543220937, 0.04503779485821724, 0.02683855965733528, 0.01917646825313568, -0.0012286253040656447, -0.0006568011594936252, 0.007077873218804598, -0.014630201272666454, -0.010664609260857105, -0.003087496617808938, 0.002529835095629096, 0.005551828537136316, 0.015834040939807892, -0.029741939157247543, 0.013660047203302383, 0.012180032208561897, 0.02342531830072403, -0.008405638858675957, 0.003912481479346752, 0.002453709952533245, 0.010508818551898003, -0.005027804058045149, 0.01730697602033615, -0.04407472163438797, -0.016145624220371246, -0.013589233160018921, 0.01780267432332039, -0.008058649487793446, -0.004967611748725176, 0.012590753845870495, 0.00904296524822712, -0.02212233655154705, 0.020111216232180595, -0.0009015524992719293, -0.014955946244299412, -0.025365624576807022, 0.03577530384063721, 0.0028219434898346663, 0.020720217376947403, 0.03767312318086624, 0.0015233892481774092, 0.03597358241677284, -0.00628121430054307, 0.016485532745718956, -0.025379788130521774, 0.010962028987705708, 0.004624163266271353, -0.009942305274307728, -0.024317575618624687, -0.01499843504279852, -0.010246805846691132, -0.0046454076655209064, 0.014715177938342094, 0.03569032624363899, 0.0058421664871275425, 0.025988789275288582, 0.07228707522153854, 0.00486493157222867, -0.017661046236753464, -0.005891736596822739, 0.01904900372028351, 0.03056338243186474, 0.03212129324674606, 0.004273633472621441, 0.005176513455808163, -0.03713493421673775, 0.03702163323760033, 0.00048817499191500247, -0.007704578340053558, -0.04498114064335823, 0.013759187422692776, 0.0014056606451049447, -0.011896775104105473, 0.009843165054917336, -0.01604648493230343, -0.003284005681052804, 0.0076550086960196495, 0.03546372056007385, 0.019785471260547638, 0.003852289170026779, -0.0012728841975331306, 0.00828525424003601, -0.003096348373219371, 0.01713702268898487, -0.011401076801121235, -0.02110261470079422, 0.011131983250379562, -0.009489094838500023, -0.01055130735039711, 0.003937266301363707, 0.011358588002622128, 0.00938995461910963, -0.012548265978693962, -0.011521460488438606, 0.030591707676649094, 0.03656842187047005, 0.0018004495650529861, 0.009913980029523373, -0.012087973766028881, 0.0025475386064499617, 0.022207314148545265, -0.007308019325137138, -0.0032043398823589087, 0.003873533569276333, -0.044329650700092316]"
12396,"Couldnt connect to mongo atlas from the mongo shell, mongo compass and go mgo Driver<p><strong>I'm trying to connect mongo shell with my mongo atlas M0 cluster and ending up getting this error</strong></p>
<p><a href=""https://i.stack.imgur.com/3gYgO.png"" rel=""nofollow noreferrer"">Error Message</a></p>
<p><strong>Solution I tried which didnt work:</strong></p>
<p><em>I upgraded the monog version to 4.2 to be insync with mongo version in
atlas, didnt solve the problem getting this error  mongo</em></p>
<blockquote>
<p>&quot;mongodb://cluster0-shard-00-02.79t7i.azure.mongodb.net:27017,cluster0-shard-00-00.79t7i.azure.mongodb.net:27017,cluster0-shard-00-01.79t7i.azure.mongodb.net:27017/testdatabase?tls=true&quot;
MongoDB shell version v4.2.8 connecting to:
mongodb://cluster0-shard-00-02.79t7i.azure.mongodb.net:27017,cluster0-shard-00-00.79t7i.azure.mongodb.net:27017,cluster0-shard-00-01.79t7i.azure.mongodb.net:27017/testdatabase?compressors=disabled&amp;gssapiServiceName=mongodb&amp;tls=true</p>
<p>*** It looks like this is a MongoDB Atlas cluster. Please ensure that your IP whitelist allows connections from your network.</p>
<p>2020-08-16T00:14:57.693+0545 E  QUERY    [js] Error: couldn't connect
to server cluster0-shard-00-01.79t7i.azure.mongodb.net:27017,
connection attempt failed: HostUnreachable: Connection reset by peer :
connect@src/mongo/shell/mongo.js:341:17 @(connect):2:6
2020-08-16T00:14:57.695+0545 F  -        [main] exception: connect
failed 2020-08-16T00:14:57.695+0545 E  -        [main] exiting with
code 1</p>
</blockquote>
<p><strong>On trying with mgo go driver i'm getting the error as:</strong></p>
<blockquote>
<p>time=&quot;2020-08-17T15:32:32+05:45&quot; level=debug msg=&quot;mongo host and port
:
mongodb://cluster0-shard-00-00.akidp.azure.mongodb.net:27017,cluster0-shard-00-01.akidp.azure.mongodb.net:27017,cluster0-shard-00-02.akidp.azure.mongodb.net:27017&quot;
time=&quot;2020-08-17T15:33:32+05:45&quot; level=error msg=&quot;Unable to connect to
mongo no reachable servers&quot; panic: runtime error: invalid memory
address or nil pointer dereference [signal SIGSEGV: segmentation
violation code=0x1 addr=0x0 pc=0x8f3a02]</p>
<p>goroutine 1 [running]: gopkg.in/mgo%2ev2.(*Session).Copy(0x0,
0x7fbebca1b008)
/home/sgupta/go/pkg/mod/gopkg.in/mgo.v2@v2.0.0-20180705113604-9856a29383ce/session.go:1593
+0x22 github.optum.com/claredi/oti.git/ds.Copy(0xc001ae3a30, 0x0, 0x0)    /home/sgupta/go/src/github.optum.com/claredi/oti.git/ds/ds.go:166
+0x3c github.optum.com/claredi/oti.git/ds/announcements.indexes()     /home/sgupta/go/src/github.optum.com/claredi/oti.git/ds/announcements/announcements.go:47
+0xff github.optum.com/claredi/oti.git/ds.Init(0xc0000f8000, 0xc0001efe68)
/home/sgupta/go/src/github.optum.com/claredi/oti.git/ds/ds.go:98
+0x52e main.startAPIServer(0x0, 0xc000098360)     /home/sgupta/go/src/github.optum.com/claredi/oti.git/api/main.go:83
+0xe98 main.main()    /home/sgupta/go/src/github.optum.com/claredi/oti.git/api/main.go:26
+0x4d exit status 2</p>
</blockquote>
<p>Hoping to get a resolution from the experts. Thanks in Advance :)</p>
","Perhaps you could share your table structure, sample data and desired output. I would happy to demonstrate how you could use a recursive cte for this. Then when you have posted all the facts required to help you I will stick to those facts. Since they were not all posted I had to speculate.","Embed Field: Couldnt connect to mongo atlas from the mongo shell, mongo compass and go mgo Driver<p><strong>I'm trying to connect mongo shell with my mongo atlas M0 cluster and ending up getting this error</strong></p>
<p><a href=""https://i.stack.imgur.com/3gYgO.png"" rel=""nofollow noreferrer"">Error Message</a></p>
<p><strong>Solution I tried which didnt work:</strong></p>
<p><em>I upgraded the monog version to 4.2 to be insync with mongo version in
atlas, didnt solve the problem getting this error  mongo</em></p>
<blockquote>
<p>&quot;mongodb://cluster0-shard-00-02.79t7i.azure.mongodb.net:27017,cluster0-shard-00-00.79t7i.azure.mongodb.net:27017,cluster0-shard-00-01.79t7i.azure.mongodb.net:27017/testdatabase?tls=true&quot;
MongoDB shell version v4.2.8 connecting to:
mongodb://cluster0-shard-00-02.79t7i.azure.mongodb.net:27017,cluster0-shard-00-00.79t7i.azure.mongodb.net:27017,cluster0-shard-00-01.79t7i.azure.mongodb.net:27017/testdatabase?compressors=disabled&amp;gssapiServiceName=mongodb&amp;tls=true</p>
<p>*** It looks like this is a MongoDB Atlas cluster. Please ensure that your IP whitelist allows connections from your network.</p>
<p>2020-08-16T00:14:57.693+0545 E  QUERY    [js] Error: couldn't connect
to server cluster0-shard-00-01.79t7i.azure.mongodb.net:27017,
connection attempt failed: HostUnreachable: Connection reset by peer :
connect@src/mongo/shell/mongo.js:341:17 @(connect):2:6
2020-08-16T00:14:57.695+0545 F  -        [main] exception: connect
failed 2020-08-16T00:14:57.695+0545 E  -        [main] exiting with
code 1</p>
</blockquote>
<p><strong>On trying with mgo go driver i'm getting the error as:</strong></p>
<blockquote>
<p>time=&quot;2020-08-17T15:32:32+05:45&quot; level=debug msg=&quot;mongo host and port
:
mongodb://cluster0-shard-00-00.akidp.azure.mongodb.net:27017,cluster0-shard-00-01.akidp.azure.mongodb.net:27017,cluster0-shard-00-02.akidp.azure.mongodb.net:27017&quot;
time=&quot;2020-08-17T15:33:32+05:45&quot; level=error msg=&quot;Unable to connect to
mongo no reachable servers&quot; panic: runtime error: invalid memory
address or nil pointer dereference [signal SIGSEGV: segmentation
violation code=0x1 addr=0x0 pc=0x8f3a02]</p>
<p>goroutine 1 [running]: gopkg.in/mgo%2ev2.(*Session).Copy(0x0,
0x7fbebca1b008)
/home/sgupta/go/pkg/mod/gopkg.in/mgo.v2@v2.0.0-20180705113604-9856a29383ce/session.go:1593
+0x22 github.optum.com/claredi/oti.git/ds.Copy(0xc001ae3a30, 0x0, 0x0)    /home/sgupta/go/src/github.optum.com/claredi/oti.git/ds/ds.go:166
+0x3c github.optum.com/claredi/oti.git/ds/announcements.indexes()     /home/sgupta/go/src/github.optum.com/claredi/oti.git/ds/announcements/announcements.go:47
+0xff github.optum.com/claredi/oti.git/ds.Init(0xc0000f8000, 0xc0001efe68)
/home/sgupta/go/src/github.optum.com/claredi/oti.git/ds/ds.go:98
+0x52e main.startAPIServer(0x0, 0xc000098360)     /home/sgupta/go/src/github.optum.com/claredi/oti.git/api/main.go:83
+0xe98 main.main()    /home/sgupta/go/src/github.optum.com/claredi/oti.git/api/main.go:26
+0x4d exit status 2</p>
</blockquote>
<p>Hoping to get a resolution from the experts. Thanks in Advance :)</p>; Answer: Perhaps you could share your table structure, sample data and desired output. I would happy to demonstrate how you could use a recursive cte for this. Then when you have posted all the facts required to help you I will stick to those facts. Since they were not all posted I had to speculate.","[-0.021913502365350723, 0.029519502073526382, 0.013416709378361702, -0.01035375241190195, -0.03245226666331291, 0.017336197197437286, -0.014800864271819592, -0.007208568975329399, -0.005810709670186043, -0.029382456094026566, 0.031986311078071594, 0.003325055353343487, -0.00725653488188982, -0.004491651430726051, -0.024544766172766685, 0.004728053696453571, 0.009175165556371212, -0.009853538125753403, -0.001855247188359499, -0.01680172234773636, -0.011141762137413025, 0.00580728380009532, -0.0052899387665092945, -0.0014766603708267212, -0.006958461832255125, -0.020474528893828392, 0.017336197197437286, -0.0030201300978660583, 0.0073113529942929745, 0.00883940514177084, 0.01991264522075653, 0.006232123356312513, -0.02665526047348976, -0.02847795933485031, -0.01862442120909691, 0.0014072812628000975, 0.028916504234075546, -0.02284540794789791, 0.005762743763625622, 0.016459109261631966, 0.011340477503836155, -0.021666821092367172, 0.010881376452744007, -0.02124198153614998, -0.017185447737574577, 0.03670066222548485, 0.0012719492660835385, -0.026668965816497803, -0.011134909465909004, 0.006865956354886293, 0.005224842112511396, 0.0039811586029827595, -0.04338845983147621, 0.03376789763569832, 0.00785268098115921, -0.010504502803087234, 0.025476673617959023, 0.017404720187187195, 0.0006552466074936092, 0.007722488138824701, 0.026682669296860695, -0.0004122057871427387, 0.004018845967948437, -0.003436404513195157, -0.01447195652872324, -0.006824843119829893, -0.024394016712903976, 0.006218418944627047, -0.0037653124891221523, -0.015842406079173088, 0.01918630488216877, 0.018048832193017006, 0.010038549080491066, 0.0048616728745400906, 0.013766174204647541, -0.00939443800598383, -0.02078973315656185, 0.0038955053314566612, -0.002523341914638877, 0.015020136721432209, 0.019638555124402046, 0.0013044974766671658, -0.022064251825213432, 0.00789379421621561, -0.00030599586898460984, 0.0013027844252064824, 0.009209427051246166, 0.023845836520195007, 0.013827844522893429, -0.004871951416134834, 0.016623564064502716, -0.01432120706886053, 0.0036933638621121645, -0.009757607243955135, 0.020364893600344658, 0.022489091381430626, -0.003280515782535076, 0.023256544023752213, -0.029053548350930214, -0.02084455080330372, -0.033987171947956085, 0.008030839264392853, 0.00484111625701189, -0.009175165556371212, -0.026107080280780792, 0.0015306217828765512, 0.026627851650118828, -0.009709641337394714, 0.03670066222548485, -0.009812424890697002, 0.01784326508641243, -0.0009036407573148608, 0.006845399737358093, -0.018761465325951576, -0.009922061115503311, -0.0007627413142472506, 0.00125824473798275, -0.016678381711244583, 0.005567454732954502, -0.01608908735215664, 0.0022235556971281767, 0.013464675284922123, 0.0076950788497924805, -0.0072633870877325535, -0.011689942330121994, -0.013416709378361702, -0.018816284835338593, -0.017336197197437286, 0.0018175598233938217, -0.014225275255739689, 0.03593321144580841, 0.036591026932001114, 0.01129936333745718, 0.03955119848251343, -0.020255256444215775, 0.0021241982467472553, -0.028834275901317596, -0.010956751182675362, -0.010456536896526814, -0.013540050014853477, 0.01451306976377964, 0.01352634560316801, 0.017322493717074394, -0.016431700438261032, -0.04229209944605827, 0.021269390359520912, -0.008359747938811779, 0.020638983696699142, 0.01510236319154501, 0.005320773925632238, -0.009908356703817844, -0.00903812050819397, -0.04053792357444763, -0.009504073299467564, -0.013265959918498993, 0.0073113529942929745, -0.01848737522959709, 0.023845836520195007, -0.0013301934814080596, -0.016280950978398323, 0.020268961787223816, 0.021612003445625305, -0.01426638849079609, -0.018912214785814285, 0.0022869391832500696, 0.03749552369117737, -0.017939195036888123, -0.023612860590219498, -0.011970884166657925, -0.019926348701119423, 0.010388013906776905, 0.013944332487881184, -0.038345202803611755, 0.017939195036888123, 0.004878803621977568, 0.0073113529942929745, -0.006338333245366812, 0.030095091089606285, -0.02823127806186676, -0.017980309203267097, -0.025353332981467247, 0.019720781594514847, 0.008263816125690937, 0.051501527428627014, -0.01451306976377964, -0.008626985363662243, 0.009956322610378265, 0.002153320237994194, -0.001725054462440312, -0.014197866432368755, 0.011881805025041103, 0.017473243176937103, 0.008263816125690937, -0.015897225588560104, -0.5999283790588379, -0.014814568683505058, 0.0034535350278019905, -0.0018107076175510883, -0.016061678528785706, -0.010257821530103683, -0.024640697985887527, 0.009743902832269669, -0.013608573004603386, 0.01920001022517681, -0.025339627638459206, 0.014129343442618847, -0.006427412386983633, -0.01719915308058262, -0.0038955053314566612, -0.014417137950658798, 0.013820992782711983, -0.011073239147663116, -0.02498331107199192, 0.007996577769517899, -0.0278338473290205, 0.01989893987774849, 0.015636838972568512, 0.005296790972352028, -0.008633838035166264, -0.04237432777881622, 0.013944332487881184, -0.014012855477631092, -0.01848737522959709, 0.03234263136982918, -0.048815444111824036, 0.013450970873236656, 0.019940054044127464, 0.016719495877623558, 0.061341360211372375, -0.011916066519916058, -0.020241552963852882, 0.01965225860476494, -0.01918630488216877, 0.05306383967399597, 0.0030355476774275303, -0.026901941746473312, 0.019556326791644096, -0.008298077620565891, -0.004087368492037058, -0.004604713525623083, 0.008394008502364159, -0.011881805025041103, 0.01264240499585867, -0.0055743069387972355, 0.0013901506317779422, 0.005300216842442751, -0.007044115103781223, 0.02697046473622322, -0.004649253096431494, -0.014992727898061275, 0.04897989705204964, -0.018021423369646072, 0.019570032134652138, -0.011518635787069798, -0.002658673794940114, -0.0006706641870550811, -0.02496960572898388, -0.013060392811894417, -0.015582021325826645, 0.0049438998103141785, -0.02481885626912117, -0.010059106163680553, 0.01086767204105854, -0.0002505354641471058, 0.021858684718608856, 0.010196151211857796, -0.02791607566177845, 0.003069808939471841, -0.0037927215453237295, 0.04958289489150047, -0.0018843692960217595, 0.007948612794280052, 0.001186296110972762, 0.02205054648220539, 0.012464246712625027, -0.002107067499309778, -0.00014892942272126675, -0.013183732517063618, 0.01110750064253807, -0.025161469355225563, -0.0372762493789196, -0.012265531346201897, 0.00503640528768301, 0.013122063130140305, 0.02490108460187912, 0.010881376452744007, -0.010579877533018589, -0.0236950870603323, 0.032232992351055145, -0.00664325850084424, -0.025257401168346405, 0.010936194099485874, 0.021790161728858948, -0.021104935556650162, -0.019487805664539337, -0.029437275603413582, -0.005385870113968849, 0.008030839264392853, 0.05026812106370926, -0.008517349138855934, -0.010250968858599663, 0.0050912234000861645, 0.021283095702528954, -0.034535352140665054, -0.03045140765607357, 0.0120942248031497, -0.017747333273291588, -0.010991012677550316, 0.018199581652879715, -0.032315220683813095, 0.025887807831168175, 0.004916490986943245, -0.0024017144460231066, 0.005149467382580042, 0.01713063009083271, 0.01149807870388031, 0.008633838035166264, -0.0021755900233983994, -0.0038441133219748735, 0.0005404714029282331, 0.014540478587150574, -0.00939443800598383, 0.004145612474530935, 0.0032993594650179148, -0.00461841793730855, -0.015540908090770245, 0.029793592169880867, -0.009579448029398918, 0.034535352140665054, 0.013512641191482544, 0.023325065150856972, -0.03258931264281273, 0.020762324333190918, -0.0257644671946764, 0.011032125912606716, 0.006358889862895012, 0.005307069048285484, -0.0005353321903385222, 0.005862101446837187, -0.03171222284436226, -0.03028695471584797, -0.009963174350559711, -0.014636410400271416, -0.001898073824122548, -0.011080091819167137, 0.0055229151621460915, 0.014540478587150574, 0.010038549080491066, -0.01800771802663803, -0.02031007595360279, 0.006262958515435457, -0.03472721204161644, -0.009647971019148827, -0.04401886835694313, -0.017322493717074394, 0.012998722493648529, -0.02736789546906948, 0.0058209882117807865, 0.004238117951899767, -0.025504082441329956, -0.03554948419332504, 0.01703469827771187, -0.014389729127287865, -0.026107080280780792, -0.017062107101082802, -0.011991441249847412, 0.0005468953750096262, -0.016637267544865608, -0.014828273095190525, 0.0016368316719308496, -0.030807726085186005, -0.010483945719897747, -0.003943471238017082, 0.022817999124526978, 0.019967462867498398, 0.019076669588685036, 0.016513926908373833, -0.021612003445625305, 0.02442142553627491, 0.022585023194551468, 0.022982453927397728, 0.02649080567061901, -0.017500652000308037, 0.03864670172333717, -0.008188441395759583, 0.03324712812900543, -0.031218860298395157, -0.0030766611453145742, 0.007420988753437996, 0.007242830470204353, -0.004275805316865444, 0.005516062956303358, -0.013745618052780628, 0.01003169734030962, 0.008722917176783085, 0.0016847974620759487, 0.03036918118596077, -0.022420568391680717, 0.003283941885456443, -0.001870664767920971, -0.013779878616333008, -0.008818848058581352, 0.0024531062226742506, 0.020981594920158386, 0.003059530630707741, -0.02847795933485031, -0.020885664969682693, -0.0052762338891625404, 0.008572167716920376, 0.026189306750893593, -0.017062107101082802, 0.011758464388549328, -0.021680526435375214, 0.00864068977534771, -0.03069808892905712, 0.024119926616549492, 0.015486089512705803, 0.0008950754418037832, -0.005975164007395506, 0.03258931264281273, 0.018377739936113358, 0.027696803212165833, 0.003107496304437518, -0.0034809440840035677, -0.0013867245288565755, 0.03020472638309002, 0.01704840362071991, 0.011587157845497131, 0.014458252117037773, -0.00685910414904356, 0.031767040491104126, -0.0006817990797571838, 0.030012864619493484, -0.03385012596845627, -0.009613709524273872, 0.04410109296441078, 0.028039416298270226, -0.025970036163926125, 0.010490797460079193, 0.006711781024932861, 0.016445405781269073, 0.026545625180006027, -0.008071952499449253, 0.012347757816314697, -0.011881805025041103, 0.024613289162516594, -0.021666821092367172, -0.0035357619635760784, 0.029546910896897316, 0.005615420639514923, -0.01308094896376133, 0.026943055912852287, 0.025038128718733788, 0.02695675939321518, 0.015677953138947487, -0.009229983203113079, 0.02649080567061901, -0.005779874511063099, 0.009182018227875233, 0.010888228192925453, -0.014800864271819592, -0.001632549101486802, -0.008928484283387661, -0.0020916499197483063, 0.0036830855533480644, -0.023599155247211456, 0.015842406079173088, -0.02632635273039341, 0.015376453287899494, -0.0070783765986561775, -0.004056533332914114, 0.021707935258746147, 0.02736789546906948, 0.005204285494983196, -0.01799401454627514, -0.013807288371026516, 0.024078814312815666, -0.0032188454642891884, 0.006372594274580479, -0.017404720187187195, -0.01351949293166399, 0.030944770202040672, 0.015609430149197578, 0.006273236591368914, 0.014855682849884033, 0.01617131568491459, 0.008551610633730888, -0.005029553081840277, -0.0001251606736332178, -0.020515643060207367, 0.04637604206800461, 0.010189298540353775, 0.014197866432368755, 0.023434702306985855, -0.01872035302221775, 0.012121633626520634, -0.03513834998011589, 0.013464675284922123, 0.03719402477145195, 0.0008175593102350831, -0.01181328296661377, -0.01910407841205597, 0.0028265540022403, -0.005132336635142565, 0.018884805962443352, -0.004210708662867546, -0.020419711247086525, -0.024873675778508186, -0.01224497426301241, -0.0024462540168315172, -0.011731055565178394, 0.00864068977534771, 0.015253112651407719, 0.009695936925709248, -0.008894222788512707, -0.03883856534957886, -0.020282665267586708, -0.008935336954891682, 0.03511093929409981, 0.025024425238370895, -0.0014329772675409913, -0.004203856457024813, 0.007338761817663908, -0.014609001576900482, -0.018295513466000557, -0.038893382996320724, 0.017747333273291588, -0.005173450335860252, 0.015417567454278469, 0.005677090957760811, 0.02466810680925846, 0.008592723868787289, 0.0067837294191122055, -0.0033387597650289536, 0.005783300846815109, -0.021612003445625305, 0.0009995722211897373, -0.006656962912529707, -0.008565315045416355, -0.01697988063097, 0.0001434690348105505, 0.030341772362589836, 0.016541335731744766, 0.010689512826502323, 0.009367028251290321, -0.003785869339480996, 0.027230849489569664, -0.011539192870259285, -0.0206252783536911, 0.012368314899504185, 0.018021423369646072, 0.005310495384037495, -0.018514785915613174, 0.02728566713631153, 0.0034689526073634624, 0.015760179609060287, 0.0200496893376112, 0.015623134560883045, 0.009730197489261627, 0.0009807285387068987, 0.0019991444423794746, 0.011717351153492928, 0.03349380940198898, -0.015664247795939445, -0.014800864271819592, -0.002663813065737486, -0.01966596394777298, 0.02998545579612255, 0.014800864271819592, 0.010915637947618961, -0.0008745186496526003, -0.00035867257975041866, 0.01264925766736269, 0.0007126342388801277, -0.00789379421621561, -0.020899368450045586, 0.004015419632196426, -0.031355906277894974, -0.012539621442556381, -0.0298210009932518, 0.016513926908373833, -0.0020608147606253624, -0.03752293065190315, -0.033904943615198135, -0.024846265092492104, -0.009778163395822048, -0.027148623019456863, 0.014348615892231464, 0.014773455448448658, -0.03982529044151306, -0.02853277698159218, 0.020200438797473907, 0.016952471807599068, 0.015239408239722252, -0.0038029998540878296, 0.005344756413251162, -0.0029995732475072145, 0.019446691498160362, -0.011929770931601524, -0.021146049723029137, -0.006033407989889383, -0.0039057836402207613, -0.004015419632196426, -0.015910929068922997, 0.000506638374645263, 0.021954616531729698, 0.005519488826394081, 0.015636838972568512, 0.01943298615515232, 0.0008578163105994463, 0.023585451766848564, -0.00824325904250145, 0.03253449127078056, 0.012676666490733624, 0.018418854102492332, 0.022489091381430626, 0.010011140257120132, -0.005307069048285484, 0.004919916857033968, -0.04399145767092705, -0.020899368450045586, -0.008736621588468552, -0.00241884496062994, 0.016308359801769257, 0.008579019457101822, 0.009428698569536209, -0.02536703646183014, -0.022160183638334274, -0.0007738762069493532, -0.0010209855390712619, 0.00037280534161254764, -0.03053363598883152, 0.004286083858460188, 0.007133194245398045, 0.014677523635327816, 0.02609337493777275, -0.003885227022692561, 0.01595204323530197, -0.00503640528768301, -0.0031314792577177286, 0.025737058371305466, -0.024051405489444733, -0.011491226963698864, 0.015883520245552063, 0.019337056204676628, -0.02198202535510063, -0.0001322270545642823, -0.007126342039555311, -0.023215429857373238, 0.009127199649810791, 0.01451306976377964, -0.040263831615448, -0.003143470734357834, -0.0036419720854610205, 0.00991520844399929, 0.004368310794234276, 0.010394866578280926, -0.002758031478151679, -0.006937905214726925, -0.016719495877623558, 0.007126342039555311, -0.004734906367957592, -0.023653974756598473, -0.028916504234075546, -0.021557185798883438, -0.0007486085523851216, 0.022023137658834457, -0.008099362254142761, 0.006345185451209545, 0.01586981490254402, -0.01268351823091507, -0.016047975048422813, -0.04648567736148834, -0.02791607566177845, -0.026943055912852287, 0.015979452058672905, 0.032150767743587494, -0.010148185305297375, 0.011354181915521622, -0.0025713075883686543, 0.04541672766208649, -0.0027134919073432684, -0.012697222642600536, -0.007605999708175659, -0.007770454045385122, -0.002829980105161667, -0.015623134560883045, 0.010120776481926441, -0.007208568975329399, 0.004608139395713806, 0.019227419048547745, 0.01451306976377964, -0.009558891877532005, 0.030835134908556938, -0.012656109407544136, 0.004073664080351591, -0.027395304292440414, -0.06249253824353218, -0.014924204908311367, 0.03069808892905712, -0.008229554630815983, 0.0018312643514946103, -0.031026996672153473, -0.0031623144168406725, 0.0041319080628454685, -0.03267153725028038, 0.023420996963977814, 0.001477516838349402, 0.03431607782840729, 0.018994443118572235, 0.015965746715664864, -0.021680526435375214, -0.011313067749142647, -0.003977732267230749, 0.004549895413219929, -0.021283095702528954, -0.004889081697911024, 0.016363177448511124, -0.00015899365826044232, 0.025024425238370895, -0.015335340052843094, 0.015801293775439262, -0.02586039900779724, 0.0008000004454515874, 0.006197861861437559, 0.006924200803041458, -0.018555898219347, -0.04281287267804146, 0.00884625781327486, -0.026381170377135277, -0.021899797022342682, -0.003383299568668008, -0.010723774321377277, 0.0092779491096735, -0.004645826760679483, -0.011121205054223537, -0.018528489395976067, -0.02243427373468876, 0.026271535083651543, -0.021557185798883438, 0.030670680105686188, 0.023736201226711273, -0.0003631693543866277, 0.013793583028018475, -0.004536191001534462, -0.02180386520922184, 0.032479673624038696, -0.0017353328876197338, -0.003278802614659071, 0.02910836599767208, 0.04933621361851692, -0.0112651027739048, -0.019131487235426903, -0.006650110706686974, -0.012327201664447784, -0.01269037090241909, -0.03815333917737007, 0.02022784762084484, 0.015924634411931038, -1.0438977369631175e-05, -0.028998730704188347, 0.015965746715664864, -0.04955548793077469, 0.006920774467289448, -0.02251650020480156, 0.01586981490254402, -0.014088230207562447, -0.021612003445625305, -0.015609430149197578, 0.019474100321531296, -0.0045635998249053955, 0.04533449932932854, -0.0008278376772068441, 0.00789379421621561, -0.04673235863447189, 0.008037691935896873, -0.006937905214726925, -0.0029156331438571215, 0.020351188257336617, 0.041743919253349304, -0.05177561566233635, 0.004296361934393644, -0.004142186604440212, -0.005300216842442751, 0.0076950788497924805, -0.023489519953727722, 0.012340906076133251, 0.03502871096134186, -0.017569174990057945, 0.0037653124891221523, 0.006136191543191671, 0.012080520391464233, 0.012395723722875118, -0.007928055711090565, -0.0031400443986058235, -0.012854824773967266, -0.0005576020339503884, 0.007736192550510168, 0.011223988607525826, 0.00800343044102192, 0.029793592169880867, -0.005495506338775158, -0.011244545690715313, -0.0017661679303273559, -0.021104935556650162, 0.002403427381068468, -0.0038646701723337173, -0.05446169897913933, -0.028587596490979195, -0.020337484776973724, -0.02014562115073204, 0.030643271282315254, -0.003444969654083252, -0.013060392811894417, 0.00723597826436162, 0.024846265092492104, -0.014787159860134125, -0.0010167028522118926, 0.027011577039957047, -0.003280515782535076, -0.03086254373192787, -0.005029553081840277, -0.006143043749034405, -0.017706219106912613, -0.0041353339329361916, 0.0016933628357946873, -0.044046275317668915, -0.018775170668959618, 0.013498936779797077, 0.002071093302220106, -0.009140904061496258, -0.020433414727449417, 0.021995728835463524, 0.017623992636799812, -0.002686082851141691, -0.021200867369771004, 0.01121713686734438, 0.017856968566775322, -0.011861247941851616, -0.00725653488188982, -0.007119489833712578, 0.004608139395713806, -0.004957604221999645, -0.02894391305744648, 0.021077526733279228, -0.0033815864007920027, -0.015609430149197578, -0.0018963607726618648, 0.01110064797103405, 0.00044710945803672075, -0.01090193260461092, -0.016664676368236542, -0.02158459462225437, -0.04248396307229996, -0.02322913520038128, 0.004964456427842379, 0.003444969654083252, 0.0004029980627819896, 0.028834275901317596, 0.017322493717074394, 0.023092089220881462, 0.013971742242574692, -0.014992727898061275, -0.014979022555053234, -0.024914788082242012, -0.01530793122947216, -0.026943055912852287, -0.003528909757733345, 0.012916495092213154, 0.038345202803611755, -0.005892936605960131, -0.007551181595772505, -0.02877945825457573, -0.007297648582607508, -0.046677540987730026, -0.002939616097137332, 0.012820563279092312, -0.010922489687800407, 0.03878374770283699, 0.031054405495524406, 0.014732342213392258, 0.04478631913661957, -0.0006483943434432149, 0.006187583785504103, -0.025791876018047333, 0.005759317893534899, -0.011559749022126198, -0.019145192578434944, 0.017253970727324486, -0.023270247504115105, -0.04533449932932854, 0.015513498336076736, 0.023516928777098656, 0.01840514875948429, -0.003056104527786374, 0.02221500128507614, 0.004457389935851097, -0.024764038622379303, -0.00683854753151536, -0.013190585188567638, 0.004803428892046213, -0.004717775620520115, 0.0034415435511618853, -0.046266406774520874, 0.011395295150578022, 0.014718637801706791, -0.01042912807315588, 0.010997864417731762, 0.02205054648220539, 0.030670680105686188, -0.014841977506875992, 0.0017310502007603645, -0.02276318147778511, -0.00582784041762352, 0.000722056080121547, -0.019282236695289612, 0.02919059433043003, 0.008942188695073128, -0.005286512430757284, 0.053474973887205124, -0.007407284341752529, -0.006434264592826366, -0.002052249386906624, 0.007996577769517899, -0.020268961787223816, -0.009531483054161072, 0.026203012093901634, -0.03607025370001793, -0.012964460998773575, -0.01728137955069542, 0.011950328014791012, -0.009298506192862988, -0.0025147765409201384, -0.016363177448511124, -0.029163185507059097, -0.028752049431204796, 0.008017134852707386, -0.004286083858460188, -0.025243695825338364, -0.022146478295326233, 0.004693792667239904, -0.009092938154935837, 0.007681374438107014, -0.01308094896376133, -0.011484374292194843, -0.03519316762685776, -0.008106213994324207, -0.012943903915584087, 0.00864068977534771, -0.041442420333623886, 0.006187583785504103, 0.011388442479074001, -0.002459958428516984, -0.021858684718608856, 0.19844122231006622, 0.00261756032705307, -0.010956751182675362, 0.017952900379896164, -0.03404198959469795, -0.014691228047013283, 0.01920001022517681, 0.004505355842411518, -0.00028115647728554904, 0.03735847771167755, -0.01027152594178915, -0.019803008064627647, 0.0084488270804286, -0.0220368430018425, 0.006968740373849869, 0.020913073793053627, -0.052926793694496155, -0.0293276384472847, -0.027134917676448822, -0.02513406053185463, 0.023818427696824074, -0.010641547851264477, -0.012313497252762318, -0.013265959918498993, 0.000949036912061274, -0.02283170446753502, 0.026203012093901634, 0.01800771802663803, 0.011189728043973446, 0.007818419486284256, -0.04511522874236107, 0.01264925766736269, 0.011957179754972458, -0.012258678674697876, 0.0018723778193816543, 0.0006920774467289448, 0.029382456094026566, -0.019282236695289612, -0.004299788270145655, 0.031191451475024223, -0.0012128485832363367, 0.007667670026421547, 0.01777474209666252, -0.0006295506609603763, -0.0003338331589475274, 0.0035940061789005995, -0.004748610779643059, -0.0029122070409357548, 0.005348182749003172, 0.0262578297406435, -0.01027152594178915, 0.010401718318462372, 0.0031297660898417234, 0.01387581042945385, -0.009456107392907143, -0.026052262634038925, 0.022475386038422585, -0.015636838972568512, -0.003994863014668226, -0.004847968462854624, 0.009702788665890694, 0.021831275895237923, 0.005533193703740835, 0.03741329535841942, -0.009325915016233921, 0.021077526733279228, 0.004776019603013992, 0.01352634560316801, -0.0006603858200833201, 0.008462531492114067, -0.005176876205950975, -0.01618501916527748, 0.015540908090770245, 0.016692085191607475, 0.0014329772675409913, -0.027641985565423965, -0.0006235549226403236, -0.012621847912669182, 0.008668098598718643, 0.036042846739292145, -0.0014740907354280353, -0.005204285494983196, -0.007325057405978441, 0.0038235567044466734, -0.018829988315701485, -0.007098933216184378, 0.021077526733279228, -0.007407284341752529, 0.009743902832269669, -0.01751435548067093, -0.0027374746277928352, 0.0028642413672059774, -0.00011167029879288748, -0.010155037976801395, -0.006345185451209545, -0.003283941885456443, 0.020638983696699142, 0.02647710219025612, -0.009798720479011536, -0.011929770931601524, -0.041826147586107254, 0.060080546885728836, 0.01602056622505188, -0.01777474209666252, -0.015910929068922997, 0.008709212765097618, 0.030780315399169922, 0.04149723798036575, 0.009812424890697002, -0.010161889716982841, -0.006787155754864216, -0.020995300263166428, -0.0033644556533545256, -0.01343726646155119, 0.024476245045661926, 0.027641985565423965, 0.023297656327486038, -0.0032239845022559166, -0.015554612502455711, 0.01403341256082058, 0.0207075048238039, -0.05106298252940178, 0.012107929214835167, 0.00747580686584115, -0.015623134560883045, -0.036673251539468765, -0.008195293135941029, 0.0020197012927383184, -0.0013104932149872184, -0.026586737483739853, 0.019487805664539337, -0.001191435381770134, 0.005337904207408428, -0.0333019457757473, 0.011155466549098492, 0.018131058663129807, 0.028806867077946663, -0.018254399299621582, -0.01656874641776085, -0.001956318039447069, 0.013444118201732635, -0.012176452204585075, 0.02448994852602482, 6.043900430086069e-05, -0.006999575532972813, -0.018679238855838776, 0.002881371881812811, -0.01253276877105236, -0.026298943907022476, -0.03670066222548485, -0.008414565585553646, -0.009970027022063732, 0.022297227755188942, 0.02283170446753502, -0.00864068977534771, -0.03195890411734581, -0.014732342213392258, -0.025353332981467247, -0.007174307946115732, -0.004567026160657406, -0.01455418299883604, 0.002451393287628889, 0.024448836222290993, -0.015239408239722252, -0.006489082705229521, -0.0052933646366000175, -0.1734442114830017, 0.018939625471830368, 0.019145192578434944, -0.017253970727324486, 0.03527539223432541, 0.010627842508256435, 0.013409857638180256, -0.016376882791519165, -0.00809250958263874, 0.0010826558573171496, 0.014609001576900482, -0.012087373062968254, -0.028053119778633118, -0.007880089804530144, -0.002788866637274623, 0.005677090957760811, 0.02029637061059475, -0.005498932208865881, 0.05490024387836456, 0.01383469719439745, 0.035713937133550644, -0.03916747123003006, 0.0038612440694123507, -0.00222012959420681, -0.0003308352897875011, 0.0060539646074175835, -0.011477522552013397, 0.00820214580744505, -0.01999487169086933, -0.015965746715664864, -0.014458252117037773, -0.006526770070195198, 0.018775170668959618, -0.0017259110463783145, 0.01371820829808712, -0.0006222701631486416, -4.448610343388282e-05, -0.0076950788497924805, -0.009661675430834293, 0.002225268865004182, 0.009305357933044434, 0.022420568391680717, 0.010388013906776905, 0.00723597826436162, 0.003758460283279419, 0.005146041512489319, -0.00971649307757616, -0.02268095500767231, 0.05056961998343468, -0.004042828921228647, 0.030259545892477036, -0.013745618052780628, -0.008325486443936825, -0.005913493689149618, 0.019337056204676628, 0.030944770202040672, 0.01737731136381626, 0.021392730996012688, -0.002612421056255698, -0.007797862868756056, 0.004111351445317268, -0.03258931264281273, -0.00888737104833126, -0.014883091673254967, -0.00422098720446229, -0.0028385454788804054, -4.3335141526767984e-05, -0.004262100905179977, -0.020584166049957275, 0.009922061115503311, -0.02094048261642456, -0.005320773925632238, 0.011998292990028858, -0.013094653375446796, 0.027217146009206772, -0.02158459462225437, -0.017226561903953552, 0.014704933390021324, -0.0006565314251929522, -0.018446262925863266, -0.001980300759896636, 0.04599231481552124, -0.01817217282950878, 0.03069808892905712, -0.003957175649702549, 0.009291653521358967, -0.01696617528796196, -0.020364893600344658, 0.0072291260585188866, 0.0043614585883915424, 0.018843693658709526, -0.03442571312189102, -0.020104506984353065, -0.015568316914141178, 0.026819715276360512, 0.006694650277495384, 0.012375167571008205, 0.024325495585799217, 0.023092089220881462, -0.008195293135941029, 0.015554612502455711, -0.017651401460170746, -0.04897989705204964, 0.026463396847248077, 0.03162999451160431, 0.01743212901055813, 0.012594439089298248, 0.002490793587639928, 0.03609766438603401, 0.009031267836689949, -0.03796147555112839, 0.0061053563840687275, -0.0017558896215632558, 0.05481801554560661, 0.007996577769517899, 0.017719924449920654, 0.009428698569536209, 0.00963426660746336, 0.010586729273200035, 0.013224846683442593, 0.023379884660243988, -0.00983298197388649, -0.009462960064411163, -0.010881376452744007, -0.0048959339037537575, 0.009031267836689949, -0.09198462963104248, -0.01617131568491459, 0.005923771765083075, 0.029080957174301147, -0.02299615740776062, -0.011676237918436527, -0.00983298197388649, 0.03875633701682091, -0.037221431732177734, 0.04906212538480759, -0.03894820064306259, -0.04917176067829132, -0.015636838972568512, 0.0015049258945509791, -0.0241884496062994, -0.0035426144022494555, 0.0034004300832748413, 0.018418854102492332, -0.009243687614798546, 0.018898511305451393, 0.02039230242371559, -0.025202583521604538, 0.0092368358746171, 0.0003117774613201618, -0.024010291323065758, 0.013608573004603386, -0.01840514875948429, -0.009291653521358967, 0.012142190709710121, 0.00793490745127201, -0.010045401751995087, -0.007592295296490192, 0.02601114846765995, -0.010744331404566765, -0.005166598130017519, -0.022310933098196983, -0.021077526733279228, 0.0035803017672151327, 0.022982453927397728, -0.0019032129785045981, -0.010004287585616112, 0.02394176833331585, 0.022489091381430626, -0.01688394881784916, -0.009613709524273872, -0.006800860166549683, -0.04210023581981659, 0.024531062692403793, 0.016856539994478226, 0.013046687468886375, -0.0038749484810978174, 0.024722926318645477, -0.02163941226899624, 0.005262529477477074, 0.024531062692403793, 0.008592723868787289, -0.0009370454936288297, 0.030506225302815437, -0.014746046625077724, 0.011573453433811665, 0.01610279269516468, -0.013012426905333996, 0.008462531492114067, 0.008914779871702194, 0.037002161145210266, -1.3758037312072702e-05, -0.007126342039555311, -0.006752894259989262, -0.003158888313919306, 0.00562912505120039, -0.010038549080491066, -0.006393151357769966, -0.0521867498755455, -0.008791439235210419, -0.004635548684746027, 0.019844122231006622, -0.0018809431931003928, -0.02324283868074417, 0.00681799091398716, -0.007818419486284256, -0.0168976541608572, -0.01348523236811161, 0.01367709506303072, -0.02697046473622322, 0.027011577039957047, 0.018501080572605133, -0.0016222706763073802, 0.0002177731366828084, 0.028724640607833862, -0.04004456102848053, 0.008859962224960327, 0.012265531346201897, -0.0005319060874171555, -0.02498331107199192, 0.007373023312538862, -0.005680516827851534, -0.01312891487032175, 0.018857397139072418, 0.010956751182675362, 0.0004265526949893683, -0.026394875720143318, -0.008078805170953274, -0.05750409886240959, 0.04297732561826706, 0.019844122231006622, -0.010949898511171341, -0.004868525080382824, 0.01650022342801094, -0.014444547705352306, -0.015801293775439262, -0.007701931521296501, 0.01626724563539028, -0.009092938154935837, 0.009764458984136581, -0.02292763628065586, 0.012704075314104557, 0.02268095500767231, -0.006992723327130079, 0.025079242885112762, -0.011271954514086246, -0.005752465687692165, 0.018775170668959618, -0.002127624349668622, -0.02014562115073204, 0.019405577331781387, 0.03689252585172653, -0.02339358814060688, 0.007098933216184378, 0.011525487527251244, 0.0017199153080582619, -0.016075383871793747, -0.023434702306985855, 0.0061498964205384254, -0.026751192286610603, 0.011772168800234795, 0.01895332895219326, 0.01792549155652523, -0.04289509728550911, 0.018816284835338593, 0.03269894793629646, 0.01920001022517681, 0.050240710377693176, -0.03165740519762039, -0.0013832984259352088, 0.018583307042717934, -0.012505359947681427, 0.007503216154873371, 0.015444976277649403, -0.015965746715664864, -0.0066809458658099174, 0.00705781951546669, 0.011744759976863861, 0.014883091673254967, 0.006937905214726925, -0.013382447883486748, -0.004604713525623083, -0.04155205562710762, -0.0293276384472847, 0.0334663987159729, 0.02324283868074417, 0.00825011171400547, -0.01641799509525299, 0.0528445690870285, 0.026518216356635094, 0.009887799620628357, -0.013649686239659786, 0.010936194099485874, -0.0015494654653593898, -0.025202583521604538, 0.009928912855684757, -0.00027430421323515475, -0.018816284835338593, -0.01784326508641243, 0.004289509728550911, 0.018651830032467842, 0.024558471515774727, 0.0013430414255708456, -0.00036959335557185113, -0.016870245337486267, 0.016788017004728317, 0.006280088797211647, 0.00200085761025548, 0.006273236591368914, -0.020104506984353065, -0.0092368358746171, 0.00983298197388649, 0.017253970727324486, 0.008565315045416355, 0.0035391882993280888, 0.02442142553627491, 0.013889514841139317, -0.0013764461036771536, -0.029300229623913765, 0.012203861027956009, -0.012991869822144508, 0.016280950978398323, 0.00888737104833126, -0.0028179886285215616, -0.017582878470420837, 0.016116496175527573, 0.05144670978188515, 0.009908356703817844, 0.021063823252916336, 0.010840263217687607, -0.005125484429299831, -0.015047545544803143, -0.004087368492037058, 0.0004241972346790135, -0.028286095708608627, -0.029245411977171898, -0.002268095500767231, 0.006910496391355991, -0.012957608327269554, 0.0035803017672151327, -0.010518207214772701, 0.008606428280472755, 0.00262783863581717, 0.0019922922365367413, 0.025188878178596497, -0.010189298540353775, -0.008215850219130516, 0.02243427373468876, 0.008106213994324207, 0.011929770931601524, 0.015225703828036785, -0.025901513174176216, 0.03349380940198898, 0.00461841793730855, -0.02395547367632389, -0.007373023312538862, 0.027463825419545174, -0.03957860916852951, 0.00800343044102192, 0.01918630488216877, -0.01626724563539028, -0.00727709149941802, 0.0009241974912583828, -0.003964027855545282, -0.00982612930238247, -0.005125484429299831, -0.013396153226494789, 0.07411395758390427, -0.0062047140672802925, 0.002783727366477251, 0.006975592579692602, 0.00725653488188982, 0.01976189576089382, 0.006036833859980106, -0.002141328761354089, -0.007085228804498911, -0.04966512322425842, 0.012902790680527687, -0.007208568975329399, 0.0061053563840687275, -0.027299372479319572, -0.011861247941851616, 0.017802150920033455, 0.015225703828036785, 0.015540908090770245, 0.006985871121287346, -0.029766183346509933, 0.007468954659998417, -0.005557176191359758, 0.008510497398674488, 0.012498508207499981, 0.0022029990795999765, 0.020008575171232224, 0.013944332487881184, 0.015924634411931038, -0.009983731433749199, -0.04330623149871826, 0.012306644581258297, -0.020652687177062035, -0.026901941746473312, -0.0011426130076870322, -0.010203002952039242, -0.02420215494930744, -0.02316061221063137, -0.03061586245894432, 0.03258931264281273, 0.011319920420646667, -0.0013790157390758395, 0.012087373062968254, -0.017898082733154297, -0.01943298615515232, 0.021063823252916336, 0.0019271959317848086, -8.731267735129222e-05, -0.020871959626674652, -0.024531062692403793]","[-0.017093122005462646, 0.024290939792990685, 0.008594004437327385, -0.007150374352931976, -0.030770331621170044, 0.02354540303349495, -0.01535805594176054, -0.00012549161328934133, 0.0012174275470897555, -0.031583644449710846, 0.03724972531199455, 0.004927319474518299, -0.01436852477490902, -0.0032786671072244644, -0.015954485163092613, -0.00031960647902451456, 0.007272371556609869, -0.0006896214326843619, 0.0068250494077801704, -0.013216332532465458, -0.01573760248720646, 0.00929887592792511, -0.0019926163367927074, 0.0012199691263958812, -0.005706744268536568, -0.02963169477880001, 0.010715395212173462, -0.0007146138814277947, 0.009054881520569324, 0.002936397911980748, 0.019275512546300888, -0.004334279336035252, -0.03505377843976021, -0.013162110932171345, -0.013738207519054413, 0.009949525818228722, 0.03171919658780098, -0.022203437983989716, -0.005378030706197023, 0.009746197611093521, 0.0062896185554564, -0.028249062597751617, 0.01515472773462534, -0.019871940836310387, -0.026459774002432823, 0.03497244790196419, -0.0019909217953681946, -0.02528047189116478, -0.01165070477873087, 0.004574884194880724, 0.0033972749952226877, 0.0007701055146753788, -0.03768349066376686, 0.02781529538333416, -0.0016173062613233924, -0.013311218470335007, 0.022122107446193695, 0.015629159286618233, 0.002356912475079298, 0.0010022384813055396, 0.021525677293539047, -0.008133127354085445, -0.001420755754224956, -0.0015478357672691345, -0.01304011419415474, -0.0026754599530249834, -0.023477626964449883, 0.009292097762227058, -0.007482477463781834, -0.015642715618014336, 0.030173903331160545, 0.020387038588523865, 0.019627947360277176, 0.007706138305366039, 0.0144905224442482, -0.011664260178804398, -0.03326449170708656, -0.004246170166879892, -0.003785293083637953, 0.01083061471581459, 0.031420983374118805, -0.0025348246563225985, -0.019234847277402878, 0.004191949497908354, 0.0017011791933327913, -0.01099327765405178, 0.01614425703883171, 0.01622558943927288, 0.011216938495635986, -0.013467103242874146, 0.010288406163454056, -0.01674068719148636, 0.004866321105509996, -0.008146682754158974, 0.013839871622622013, 0.01674068719148636, -0.003483689622953534, 0.013351884670555592, -0.026663102209568024, -0.018421534448862076, -0.0293877013027668, 0.007435034029185772, 0.0148971788585186, -0.008465230464935303, -0.019899051636457443, -0.005245867185294628, 0.016130702570080757, -0.004795156419277191, 0.03128543123602867, -0.011793035082519054, 0.01573760248720646, 0.006872492842376232, -0.0015935846604406834, -0.026459774002432823, -0.0054864720441401005, 0.0035175776574760675, 0.0058490741066634655, -0.00891932938247919, 0.0036599072627723217, -0.01686268486082554, 0.0019655057694762945, 0.014666739851236343, 0.010288406163454056, 0.006882659159600735, -0.012701233848929405, -0.025294026359915733, -0.01919418014585972, -0.029496142640709877, -0.004405444022268057, -0.012104804627597332, 0.036734625697135925, 0.03071611188352108, 0.011820144951343536, 0.0362195260822773, -0.009407317265868187, -0.00405639735981822, -0.022732092067599297, -0.021945888176560402, -0.0015063229948282242, -0.011440599337220192, 0.01104749832302332, 0.012443684972822666, 0.017567554488778114, -0.01068828534334898, -0.03288494423031807, 0.021837446838617325, -0.0024145222268998623, 0.026595326140522957, 0.015751156955957413, 0.006232008803635836, -0.012755454517900944, -0.01759466528892517, -0.04193982854485512, -0.006065957713872194, -0.009319208562374115, 0.011976029723882675, -0.017947101965546608, 0.03163786605000496, -0.004815489053726196, -0.02334207482635975, 0.013690764084458351, 0.031014325097203255, -0.012633457779884338, -0.01763533055782318, 1.8929642465081997e-05, 0.03592131286859512, -0.017974210903048515, -0.022108551114797592, -0.015141172334551811, -0.02725953236222267, 0.003653129795566201, 0.008810888044536114, -0.03876790776848793, 0.016035815700888634, 0.005506805144250393, 0.01775732822716236, -0.00042275318992324173, 0.0313938707113266, -0.021444346755743027, -0.014639629051089287, -0.023680955171585083, 0.018367312848567963, 0.005303476937115192, 0.05037117004394531, -0.010708617977797985, -0.002094280207529664, 0.010898390784859657, 0.006384504958987236, 0.0020620867144316435, -0.018909521400928497, 0.012287800200283527, 0.015995150431990623, 0.0034413295798003674, -0.006076124031096697, -0.5964293479919434, -0.01791999116539955, -0.004710436332970858, 0.007916243746876717, -0.004795156419277191, -0.006560722831636667, -0.017201565206050873, 0.015927374362945557, -0.012199691496789455, 0.02914370596408844, -0.024087611585855484, 0.013860204257071018, -0.011826923117041588, -0.019736388698220253, -0.005564414896070957, -0.017079567536711693, 0.0075638084672391415, -0.008824443444609642, -0.028357503935694695, 0.0012962172040715814, -0.02391139417886734, 0.017662441357970238, 0.011562596075236797, -0.0048087118193507195, -0.007252038456499577, -0.050777826458215714, 0.01735067181289196, -0.019383953884243965, -0.013236665166914463, 0.03475556522607803, -0.05132003501057625, 0.007123264018446207, 0.024982256814837456, 0.010573065839707851, 0.0599682591855526, -0.02000749297440052, -0.02805928885936737, 0.02350473776459694, -0.006926713511347771, 0.054356399923563004, 0.0017486223950982094, -0.02068525366485119, 0.020034603774547577, -0.010573065839707851, 0.0004587592266034335, -0.006882659159600735, 0.013656876049935818, -0.01661868952214718, 0.0041038403287529945, 0.0056050801649689674, 0.01556138414889574, -0.0026991816703230143, 0.0026619047857820988, 0.02213566191494465, -0.009522536769509315, -0.01310111302882433, 0.04812100529670715, -0.015290279872715473, 0.014395635575056076, -0.014558298513293266, -0.002455187728628516, -0.002023115521296859, -0.025714237242937088, -0.010478178970515728, -0.007746804039925337, 0.023897839710116386, -0.020712364464998245, -0.0047782124020159245, 0.017567554488778114, -0.004876487888395786, 0.0129858935251832, 0.012301355600357056, -0.028032179921865463, -0.008668558672070503, -0.0028245674911886454, 0.05156402662396431, 3.1346429750556126e-05, 0.014680295251309872, 0.011264381930232048, 0.02201366424560547, 0.0016596663044765592, -0.007902689278125763, 0.0049035982228815556, -0.019099295139312744, 0.016483137384057045, -0.03030945546925068, -0.031231209635734558, -0.006879270076751709, -0.0013140083756297827, 0.0013038419419899583, 0.021159686148166656, 0.0103629594668746, -0.022569429129362106, -0.026297112926840782, 0.03977099433541298, -0.014354970306158066, -0.03695150837302208, 0.01499206479638815, 0.013528102077543736, -0.018299536779522896, -0.010200297459959984, -0.01871974766254425, -0.005577969830483198, 0.008560116402804852, 0.04540996253490448, -0.014354970306158066, -0.021688340231776237, -0.004527440760284662, 0.029252149164676666, -0.02331496588885784, -0.03185474872589111, 0.00841100886464119, -0.011000054888427258, -0.008221236057579517, 0.019275512546300888, -0.03003835119307041, 0.02584978938102722, 0.006828438024967909, -0.002407744526863098, -0.005018817260861397, 0.02387072890996933, -0.0011945531005039811, 0.009583535604178905, -0.0007557030767202377, -0.00015239024651236832, -0.007760358974337578, 0.012762232683598995, -0.008133127354085445, 0.0008594851824454963, -0.0018485920736566186, -0.003483689622953534, -0.014246528036892414, 0.025944676250219345, -0.011806589551270008, 0.03730394318699837, 0.013643321581184864, 0.014436300843954086, -0.029414810240268707, 0.024900924414396286, -0.027435749769210815, 0.008682113140821457, -0.0013013003626838326, -0.0019028129754588008, -0.005018817260861397, 0.007929799146950245, -0.03692439943552017, -0.021281683817505836, -0.016550913453102112, -0.004845988471060991, -0.0017604832537472248, -0.006892825476825237, 0.006716607604175806, 0.014666739851236343, 0.010288406163454056, -0.015344500541687012, -0.023938504979014397, 0.004100451711565256, -0.02736797370016575, -0.005106926430016756, -0.045626845210790634, -0.012667345814406872, 0.015669826418161392, -0.028276173397898674, -0.000881088781170547, 0.005137425381690264, -0.022569429129362106, -0.035568878054618835, 0.02307097241282463, -0.018624862655997276, -0.027503525838255882, -0.020942803472280502, -0.0035582431592047215, -0.0016715271631255746, -0.02029215358197689, 0.00030838107340969145, -0.006452281028032303, -0.02464337646961212, -0.013853427022695541, -0.008261902257800102, 0.019546616822481155, 0.024006281048059464, 0.021796781569719315, 0.012728344649076462, -0.010864502750337124, 0.03445734828710556, 0.02805928885936737, 0.0247518178075552, 0.025510909035801888, -0.026500441133975983, 0.032342735677957535, -0.013873759657144547, 0.036978621035814285, -0.0213359035551548, -0.008478784933686256, 0.005611857865005732, 0.007597696501761675, -0.0023433573078364134, 0.00582874147221446, -0.0027567914221435785, -0.0017486223950982094, 0.021159686148166656, 0.0061066229827702045, 0.03177341818809509, -0.01791999116539955, 0.0004324959882069379, -0.00278729060664773, -0.007258816156536341, -0.006967379245907068, -0.005550859495997429, 0.015019175596535206, 0.0070825982838869095, -0.02378939837217331, -0.01851641945540905, -0.0051408144645392895, 0.0193161778151989, 0.03003835119307041, -0.01330444123595953, 0.015574938617646694, -0.0257684588432312, 0.004530829843133688, -0.0358399823307991, 0.030255233868956566, 0.013114668428897858, -0.006150677800178528, -0.011067830957472324, 0.03169208765029907, 0.035080891102552414, 0.023165857419371605, 0.008709223940968513, 0.0015969735104590654, -0.0025144917890429497, 0.03329160064458847, 0.014409190975129604, 0.009495425969362259, 0.011935364454984665, 0.0024924646131694317, 0.03215296193957329, -0.00017134635709226131, 0.01815043017268181, -0.034077804535627365, -0.007889133878052235, 0.03605686500668526, 0.027123980224132538, -0.026134449988603592, 0.012891006655991077, 0.00035095293424092233, 0.0163069199770689, 0.029252149164676666, -0.0029635082464665174, 0.007604474201798439, -0.017174454405903816, 0.015344500541687012, -0.024290939792990685, -0.012938450090587139, 0.03518933057785034, 0.007699360605329275, -0.001729136798530817, 0.025944676250219345, 0.022325435653328896, 0.030336564406752586, 0.014314304105937481, -0.0075502535328269005, 0.03087877295911312, -0.013812761753797531, 0.011501598171889782, 0.0197228342294693, -0.008560116402804852, -0.006228620186448097, 0.0009242960368283093, 0.008099239319562912, 0.006116789765655994, -0.019058628007769585, 0.01573760248720646, -0.020400594919919968, 0.021769670769572258, -0.0008010283345356584, 0.0027076536789536476, 0.015588494017720222, 0.034836895763874054, -0.006628498900681734, -0.011237271130084991, -0.01020707469433546, 0.024412937462329865, 0.008621115237474442, 0.013080780394375324, -0.023328520357608795, -0.0014097420498728752, 0.028438836336135864, 0.019492395222187042, 0.006642054300755262, 0.012809676118195057, 0.006232008803635836, -0.004622327629476786, -0.005838907789438963, -0.008336455561220646, -0.021674783900380135, 0.03968966007232666, 0.003992009907960892, 0.017743773758411407, 0.01670002192258835, -0.007292704191058874, 0.007130041718482971, -0.04142472892999649, 0.01657802425324917, 0.028520166873931885, 0.003764960216358304, -0.013372217305004597, -0.003968288656324148, 0.02254231832921505, -0.016239143908023834, 0.01980416476726532, -0.004036064259707928, -0.022569429129362106, -0.028872601687908173, -0.0056864116340875626, 0.000553645717445761, -0.017947101965546608, 0.005039150360971689, 0.017540445551276207, 0.011264381930232048, -0.002048531547188759, -0.047687236219644547, -0.008966772817075253, -0.028764160349965096, 0.0211325753480196, 0.027503525838255882, -0.00352774397470057, -0.0031126155517995358, 0.015683380886912346, -0.0034277744125574827, -0.014422746375203133, -0.03977099433541298, 0.021268127486109734, 0.007218150421977043, 0.021444346755743027, 0.0053238095715641975, 0.00960386823862791, 0.002956730779260397, 0.023003196343779564, -0.004537607543170452, 0.012999448925256729, -0.028005069121718407, -0.010945834219455719, -0.01272156648337841, 0.003947955556213856, -0.006923324894160032, -0.006370950024574995, 0.02620222605764866, 0.0034938559401780367, 0.012592792510986328, -0.002004476962611079, -0.003434551879763603, 0.024426491931080818, -0.009461537934839725, -0.019749945029616356, 0.021308794617652893, 0.006923324894160032, 0.0054424176923930645, -0.009000660851597786, 0.024494268000125885, 0.0007425714866258204, 0.019058628007769585, 0.016374696046113968, 0.011257603764533997, 0.009190433658659458, -0.0004748560313601047, -0.0017342199571430683, 0.003163447603583336, 0.023098081350326538, -0.01863841712474823, -0.018448643386363983, -0.0005150980432517827, -0.01338577177375555, 0.024168943986296654, 0.017364226281642914, 0.01759466528892517, -0.010532399639487267, 0.003193947020918131, 0.016334030777215958, 0.0020858081988990307, -0.01515472773462534, -0.01602226123213768, 0.0014783653896301985, -0.0334000438451767, -0.009915637783706188, -0.040313202887773514, 0.00347691192291677, -0.00400556530803442, -0.0312040988355875, -0.04275314137339592, -0.02580912411212921, -0.004449498374015093, -0.03803592547774315, 0.009183656424283981, 0.019153514876961708, -0.03386092185974121, -0.022677870467305183, 0.024168943986296654, 0.014232972636818886, 0.021674783900380135, -0.013270553201436996, 0.006713218986988068, -0.005679633934050798, 0.037575047463178635, -0.008322900161147118, -0.015046285465359688, 0.0027212088461965322, -0.005195035133510828, 0.012084471993148327, -0.014422746375203133, 0.008898996748030186, 0.014463411644101143, 0.004124173428863287, 0.012558904476463795, 0.022447431460022926, -0.0012284411350265145, 0.019072184339165688, -0.011081386357545853, 0.020712364464998245, 0.02246098779141903, 0.015493608079850674, 0.02121390774846077, 0.008892219513654709, -0.002572101540863514, 0.00784846767783165, -0.044705089181661606, -0.019790610298514366, -0.00960386823862791, -0.012552126310765743, 0.0010818754089996219, 0.014409190975129604, 0.016767797991633415, -0.03114987723529339, -0.01585959829390049, 0.004537607543170452, -0.0014766709646210074, -0.0046291048638522625, -0.019139960408210754, -0.00451727444306016, 0.0022061108611524105, 0.017459113150835037, 0.03323737904429436, -0.0006514973938465118, 0.01939750835299492, -0.00940054003149271, -0.00372429471462965, 0.024900924414396286, -0.019749945029616356, -0.014720960520207882, 0.013921203091740608, 0.02274564653635025, -0.01859775185585022, -0.006465836428105831, -0.0010064744856208563, -0.014748071320354939, 0.0030567003414034843, 0.012708012014627457, -0.04418999329209328, 0.001678304746747017, 0.001645263866521418, 0.0012250522850081325, 0.004154672380536795, 0.008756667375564575, -0.003531132824718952, -0.016157813370227814, -0.010390070267021656, 0.01243690773844719, 0.0027550968807190657, -0.03136676177382469, -0.027286643162369728, -0.027950847521424294, -0.0016181535320356488, 0.01606292650103569, 0.0008726167725399137, 0.009563202038407326, 0.016713576391339302, -0.019451729953289032, -0.019451729953289032, -0.060402028262615204, -0.024331606924533844, -0.019777053967118263, 0.01048495713621378, 0.02354540303349495, 0.0014605741016566753, 0.011427043937146664, -0.007760358974337578, 0.036978621035814285, 0.0005972765502519906, -0.020780140534043312, -0.008234791457653046, -0.010159631259739399, -0.00352774397470057, -0.01863841712474823, 0.01598159596323967, -0.0039648995734751225, 0.006594610866159201, 0.012274244800209999, 0.007028377614915371, -0.016374696046113968, 0.036653295159339905, 0.0016774574760347605, 0.006967379245907068, -0.032261405140161514, -0.07346925139427185, -0.015520717948675156, 0.025660017505288124, -0.011264381930232048, 0.00909554772078991, -0.021607007831335068, -0.003356609493494034, 0.0053238095715641975, -0.02689354121685028, 0.03030945546925068, 0.002018032129853964, 0.0334000438451767, 0.009224321693181992, 0.012131915427744389, -0.010911946184933186, -0.005794853437691927, 0.0051103150472044945, -0.003095671534538269, -0.03136676177382469, 0.0025314358063042164, 0.003268500557169318, 0.0005892281187698245, 0.025022922083735466, -0.015493608079850674, 0.01042395830154419, -0.023599624633789062, 0.0021823891438543797, 0.0020875027403235435, 0.004313946235924959, -0.01211836002767086, -0.03928300365805626, 0.023572513833642006, -0.030851664021611214, -0.019546616822481155, 0.0012072611134499311, -0.017892880365252495, -1.882374272099696e-05, -0.0028076234739273787, -0.013988979160785675, -0.0209292471408844, -0.021105466410517693, 0.023680955171585083, -0.010356182232499123, 0.028628608211874962, 0.01657802425324917, 0.01407031062990427, 0.005706744268536568, -0.005862629506736994, -0.01674068719148636, 0.028601497411727905, -0.008322900161147118, 0.002216277178376913, 0.024453602731227875, 0.043891776353120804, -0.008295790292322636, -0.012850341387093067, -0.008688891306519508, -0.015086951665580273, -0.016496693715453148, -0.03727683424949646, 0.010091855190694332, 0.020658142864704132, 0.009922415018081665, -0.02797795832157135, 0.00969875417649746, -0.04798545315861702, 0.012918117456138134, -0.0146938506513834, 0.018204649910330772, -0.008458452299237251, -0.01968216896057129, -0.004473220091313124, 0.021037690341472626, -0.004242781549692154, 0.039391446858644485, -0.004842599853873253, 0.01493784412741661, -0.030851664021611214, 0.013948313891887665, -0.0009861417347565293, -0.001156429061666131, 0.01661868952214718, 0.041560281068086624, -0.05389552563428879, -0.0021959443110972643, -0.00757736386731267, 0.0010522233787924051, 0.003988621290773153, -0.01618492417037487, 0.018177539110183716, 0.02830328419804573, -0.019655058160424232, -0.0009471704834140837, 0.007360480260103941, 0.004141117446124554, 0.009691976942121983, 0.0016410278622061014, 0.007706138305366039, -0.012796120718121529, 0.0012919811997562647, 0.013921203091740608, 0.01099327765405178, 0.018014878034591675, 0.03413202613592148, -0.009332763962447643, -0.010125743225216866, -0.008959995582699776, -0.025944676250219345, 0.002482298295944929, 0.00018797267694026232, -0.040231868624687195, -0.031502313911914825, -0.018977297469973564, -0.03209874406456947, 0.032993387430906296, 0.0069944895803928375, -0.010410402901470661, -0.006831827107816935, 0.02914370596408844, -0.013256997801363468, 0.008234791457653046, 0.035894203931093216, -0.0061879544518888, -0.03619241714477539, -0.0013504379894584417, -0.004080119077116251, -0.019492395222187042, -0.005330587271600962, 0.005845685489475727, -0.04649437963962555, -0.01659158058464527, 0.011230493895709515, -0.003998787607997656, 0.0029092873446643353, -0.0033684703521430492, 0.02846594527363777, 0.007773914374411106, -0.00863467063754797, -0.020983468741178513, 0.018665527924895287, 0.02233899012207985, -0.019587282091379166, -0.005920238792896271, -0.011318602599203587, 0.012809676118195057, -0.003551465691998601, -0.026215780526399612, 0.018367312848567963, 0.002223054878413677, -0.012450462207198143, -0.02121390774846077, 0.009007439017295837, -0.004818878136575222, -0.016076480969786644, -0.014409190975129604, -0.011210160329937935, -0.05812475085258484, -0.015629159286618233, -0.0020773361902683973, 0.007631584536284208, 0.0007823898922652006, 0.028628608211874962, 0.022854087874293327, 0.017499778419733047, 0.01710667833685875, -0.0038937346544116735, -0.00923787709325552, -0.01759466528892517, -0.010579843074083328, -0.02846594527363777, -0.00863467063754797, 0.02564646117389202, 0.037819042801856995, -0.009427649900317192, -0.006733551621437073, -0.01473451592028141, -0.011413488537073135, -0.03605686500668526, 0.008377120830118656, 0.0036565186455845833, -0.008038240484893322, 0.045301519334316254, 0.038469694554805756, 0.015290279872715473, 0.02560579590499401, 0.0054729171097278595, 0.001836731331422925, -0.02865571901202202, 0.0029838411137461662, -0.0014478660887107253, -0.02250165306031704, 0.014436300843954086, -0.029089486226439476, -0.04774145781993866, 0.02693420648574829, 0.014856512658298016, 0.018123319372534752, -0.00954286940395832, 0.02507714368402958, 0.009224321693181992, -0.01767599768936634, -0.012064139358699322, -0.023694511502981186, 0.001479212543927133, -0.004405444022268057, -0.009210767224431038, -0.04614194482564926, 0.005869406741112471, 0.01171170361340046, -0.004503719508647919, 0.001714734360575676, 0.026310667395591736, 0.026961317285895348, -0.01427363883703947, 0.005364475306123495, -0.017987767234444618, 0.0004468983970582485, -0.005144203081727028, -0.021729005500674248, 0.031231209635734558, 0.006435337010771036, -0.008865108713507652, 0.046114832162857056, -0.016320476308465004, -0.00562541326507926, 0.006326895207166672, 0.010918723419308662, -0.02000749297440052, -0.004964596591889858, 0.032912056893110275, -0.03554176539182663, -0.011576151475310326, -0.019858386367559433, 0.0051408144645392895, -0.012443684972822666, -0.0005150980432517827, -0.014612519182264805, -0.029902799054980278, -0.03654485195875168, 0.006123567000031471, -0.001025112927891314, -0.02029215358197689, -0.012999448925256729, 0.006808105390518904, -0.005577969830483198, 0.01535805594176054, -0.018204649910330772, -0.007435034029185772, -0.04375622421503067, -0.01042395830154419, -0.017892880365252495, 0.019492395222187042, -0.05161824822425842, -0.01390764769166708, 0.012389464303851128, 0.005672856234014034, -0.025619352236390114, 0.1928093433380127, 0.00529331061989069, -0.006930102128535509, 0.016727132722735405, -0.02689354121685028, -0.016605135053396225, 0.01779799349606037, -0.005134036764502525, 0.007597696501761675, 0.04809389263391495, -0.006316728889942169, -0.004100451711565256, 0.018529975786805153, -0.01735067181289196, 0.0001369288220303133, 0.027679743245244026, -0.048527661710977554, -0.029414810240268707, -0.028926823288202286, -0.017120232805609703, 0.019777053967118263, -0.013860204257071018, -0.016876239329576492, -0.015913819894194603, 0.0025636295322328806, -0.019329732283949852, 0.01790643483400345, 0.017404893413186073, 0.016645800322294235, 0.005364475306123495, -0.04343090206384659, 0.01634758524596691, 0.013439993374049664, -0.004479997791349888, 0.01360943354666233, -0.01726934127509594, 0.04126206785440445, -0.023084526881575584, -0.0036836289800703526, 0.02237965539097786, -0.007468922063708305, 0.006228620186448097, 0.013182444497942924, 0.0013309523928910494, -0.0017842048546299338, 0.004740935750305653, -0.002070558723062277, 0.0024179110769182444, 0.007367257960140705, 0.028330393135547638, -0.013250220566987991, 0.018014878034591675, -0.0041038403287529945, 0.009156545624136925, -0.013223109766840935, -0.02873704954981804, 0.024887369945645332, -0.02225765958428383, -0.008553339168429375, -0.004391888622194529, 0.007814579643309116, 0.009942748583853245, 0.009996969252824783, 0.02744930423796177, -0.0058050197549164295, 0.02178322710096836, 0.002241693204268813, 0.011881143786013126, -0.002526352647691965, 0.007218150421977043, 0.008763444609940052, -0.011311824433505535, 0.0207259189337492, 0.01876041479408741, 0.006540390197187662, -0.026622436940670013, 0.00047527963761240244, -0.0014986981404945254, 0.010681507177650928, 0.03887635096907616, 0.0047782124020159245, -0.001738455961458385, 0.007773914374411106, 0.003483689622953534, -0.021078355610370636, -0.010234185494482517, 0.029604583978652954, -0.011942141689360142, 0.012003140524029732, -0.013833094388246536, -0.005032372660934925, -0.015385165810585022, 0.00718426238745451, -0.006398060359060764, -0.00023043861438054591, 0.010356182232499123, 0.012626680545508862, 0.019668612629175186, -0.009231099858880043, -0.012457240372896194, -0.03849680349230766, 0.04963918775320053, 0.009969858452677727, -0.0201294906437397, -0.015141172334551811, -0.005622024182230234, 0.028791271150112152, 0.03443023934960365, 0.003124476410448551, -0.0001515430340077728, -0.004137728363275528, -0.023287855088710785, -0.003343054326251149, -0.010518845170736313, 0.024887369945645332, 0.03285783529281616, 0.022284768521785736, -0.000321936298860237, -0.022555872797966003, 0.0066623869352042675, 0.027042647823691368, -0.043458011001348495, 0.002900815336033702, -0.0007124958792701364, -0.016171367838978767, -0.03215296193957329, -0.004713824950158596, -0.004835822153836489, -0.0019231457263231277, -0.034403130412101746, 0.021064799278974533, -0.00011394850298529491, 0.01659158058464527, -0.03353559598326683, 0.005611857865005732, 0.009786863811314106, 0.033915139734745026, -0.020509036257863045, -0.014883623458445072, -0.012145469896495342, 0.02068525366485119, -0.0013673820067197084, 0.025551576167345047, -0.0009514064877294004, -0.015303834341466427, -0.01694401539862156, 0.009942748583853245, -0.006814883090555668, -0.0269748717546463, -0.025822680443525314, -0.007651917170733213, -0.011101718991994858, 0.013365439139306545, 0.02669021300971508, -0.0060930680483579636, -0.03245117887854576, -0.011779479682445526, -0.02906237542629242, -0.007062265649437904, 0.008363566361367702, -0.01411097589880228, -0.009258209727704525, 0.03386092185974121, -0.01935684308409691, -0.005076427012681961, -0.006503113079816103, -0.17036190629005432, 0.01565627008676529, 0.024575600400567055, -0.010146076790988445, 0.04150605946779251, 0.01032229419797659, 0.016605135053396225, -0.016293365508317947, -0.0014893789775669575, -0.009481871500611305, 0.011637149378657341, -0.00616084411740303, -0.015805378556251526, -0.01099327765405178, -0.004249559249728918, 0.009651311673223972, 0.016550913453102112, -0.0058185746893286705, 0.05861273780465126, 0.006096456665545702, 0.03996076434850693, -0.041045181453228, 0.005784687120467424, -0.009048104286193848, -0.003531132824718952, -0.005266199819743633, -0.021715451031923294, 0.00505270529538393, -0.010240962728857994, -0.012111581861972809, -0.02511780895292759, -0.00259073986671865, 0.016550913453102112, 0.009766530245542526, 0.020441260188817978, 0.005337364971637726, -0.007407923694700003, -0.001763871987350285, -0.007163929753005505, 0.008072128519415855, 0.005550859495997429, 0.019139960408210754, 0.016401806846261024, 0.011061053723096848, 0.0016232366906479, 0.014043199829757214, -0.008898996748030186, -0.016971126198768616, 0.046548597514629364, 0.003968288656324148, 0.02462982013821602, -0.001957033760845661, -0.015317389741539955, 0.0005413612816482782, 0.023924950510263443, 0.030255233868956566, 0.025022922083735466, 0.027598412707448006, -0.0021078356076031923, -0.02129523828625679, 0.013250220566987991, -0.024941591545939445, -0.006628498900681734, -0.016659356653690338, -0.0011886226711794734, 0.000559999723918736, 0.0017282895278185606, -0.015764711424708366, -0.026947762817144394, 0.0047477129846811295, -0.019749945029616356, -0.008438119664788246, 0.010444290935993195, -0.011989585123956203, 0.03155653551220894, -0.0163069199770689, -0.019546616822481155, 0.01726934127509594, 0.010112188756465912, -0.030526338145136833, 0.0015469886129722, 0.04825655743479729, -0.0193161778151989, 0.034918226301670074, 0.0006620874046348035, 0.022366100922226906, -0.011210160329937935, -0.021444346755743027, 0.005852462723851204, 0.006364172324538231, 0.021349459886550903, -0.028330393135547638, -0.020902138203382492, -0.026595326140522957, 0.013284108601510525, -0.0019451730186119676, 0.019234847277402878, 0.017689552158117294, 0.01988549716770649, -0.0042970022186636925, 0.008526228368282318, -0.01710667833685875, -0.04649437963962555, 0.014517632313072681, 0.032342735677957535, 0.022528763860464096, 0.017784439027309418, -0.000998002476990223, 0.028249062597751617, 0.005025594960898161, -0.03402358293533325, 0.004683325998485088, 0.0059676822274923325, 0.05687767267227173, -0.0023399684578180313, 0.017743773758411407, 0.014287194237112999, 0.0003187592956237495, 0.018611306324601173, 0.024562044069170952, 0.018543530255556107, -0.000999696901999414, -0.02057681232690811, -0.013500991277396679, 0.0021349459420889616, 0.006428559310734272, -0.0897897258400917, -0.019899051636457443, 0.006276063155382872, 0.023721622303128242, -0.031258318573236465, -0.009637756273150444, -0.003429468721151352, 0.040394533425569534, -0.037059951573610306, 0.04497619345784187, -0.03337293118238449, -0.040638525038957596, -0.010498511604964733, -0.008451675064861774, -0.02201366424560547, -0.012355576269328594, -0.0014978509861975908, 0.0074892546981573105, -0.0029906188137829304, 0.016537358984351158, 0.018502864986658096, -0.028845492750406265, 0.011420266702771187, 0.0029092873446643353, -0.03277650475502014, -0.001833342481404543, -0.018014878034591675, -0.004910375457257032, 0.004967985209077597, 0.013033336959779263, -0.007394368294626474, 0.0033752478193491697, 0.024182498455047607, -0.005744021385908127, -0.004280058201402426, -0.012816453352570534, -0.020820805802941322, -0.001428380492143333, 0.02889971248805523, 0.005530526861548424, -0.008017907850444317, 0.025497354567050934, 0.024128278717398643, -0.024575600400567055, -0.018380867317318916, -0.007394368294626474, -0.02660888247191906, 0.02616156078875065, 0.002619544742628932, 0.024928035214543343, 0.004547773860394955, 0.021363014355301857, -0.015100507065653801, 0.003941177856177092, 0.033752478659152985, 0.016334030777215958, 0.009420872665941715, 0.04584372788667679, -0.01779799349606037, 0.006049013696610928, 0.023274298757314682, -0.01340610533952713, -0.0017079567769542336, 0.006601388566195965, 0.03285783529281616, -0.0007959451177157462, -0.02294897474348545, 0.005466139409691095, -0.008031463250517845, 0.0015842654975131154, -0.010173186659812927, -0.012863896787166595, -0.049124088138341904, -0.004598605912178755, -0.005449195392429829, 0.03326449170708656, 0.004483386408537626, -0.02282697707414627, 0.0030821163672953844, 0.0010886529926210642, -0.02865571901202202, -0.01232168823480606, 0.0005477152881212533, -0.02383006364107132, 0.020265042781829834, 0.017377782613039017, -0.0014944621361792088, -0.00121488596778363, 0.02552446536719799, -0.03974388167262077, 0.006201509851962328, 0.008424564264714718, -0.0018079264555126429, -0.01682201772928238, 0.00853300653398037, -0.007394368294626474, -0.0146938506513834, 0.010274850763380527, 0.008322900161147118, 0.004622327629476786, -0.0334000438451767, -0.0024229942355304956, -0.060239363461732864, 0.03974388167262077, 0.024778928607702255, -0.00020534028590191156, -0.008268679492175579, 0.01843508891761303, -0.012979116290807724, -0.0197228342294693, -0.013622988015413284, 0.011074608191847801, -0.008505895733833313, 0.006648831535130739, -0.03131254017353058, 0.006892825476825237, 0.019112849608063698, -0.008180570788681507, 0.028113510459661484, -0.020834362134337425, -0.00847200769931078, 0.009258209727704525, 0.002526352647691965, -0.02266431599855423, 0.021512122824788094, 0.04139761999249458, -0.024006281048059464, -0.00031664129346609116, 0.005252644885331392, 0.0051408144645392895, -0.009271765127778053, -0.01920773647725582, 0.0053339758887887, -0.021471455693244934, 0.008865108713507652, 0.01310111302882433, 0.011481264606118202, -0.04036742076277733, 0.020522590726614, 0.031068546697497368, 0.010396847501397133, 0.04101807251572609, -0.03754793852567673, 0.008295790292322636, 0.024616265669465065, -0.010844170115888119, 0.005256033502519131, -0.002001088345423341, -0.026378443464636803, -0.011433822102844715, 0.008397454395890236, 0.011013610288500786, 0.013256997801363468, 0.0027534025721251965, -0.011000054888427258, -0.012335243634879589, -0.041478950530290604, -0.03578576073050499, 0.028113510459661484, 0.021674783900380135, 0.007191040087491274, -0.023979170247912407, 0.06229975447058678, 0.023436961695551872, 0.006320117972791195, -0.01968216896057129, 0.018895966932177544, 0.0008095003431662917, -0.03253250941634178, 0.009244655258953571, 0.0004905292298644781, -0.024182498455047607, -0.009820750914514065, -0.005733855068683624, 0.02117324247956276, 0.025551576167345047, -0.001023418502882123, -0.007353702560067177, -0.010220630094408989, 0.016361141577363014, -0.0006053249817341566, -0.009508981369435787, -0.0009742808761075139, -0.020061714574694633, -0.004723991733044386, 0.009115880355238914, 0.013182444497942924, 0.0015893486561253667, -0.0019892274867743254, 0.016442472115159035, 0.017079567536711693, -0.0023670790251344442, -0.037575047463178635, 0.005205201450735331, 0.002001088345423341, 0.013399327173829079, 0.014978509396314621, 0.003771737916395068, -0.01171170361340046, 0.029902799054980278, 0.051265813410282135, 0.010979722253978252, 0.022162772715091705, 0.010857725515961647, -0.013731430284678936, -0.01935684308409691, -0.0020586978644132614, 0.005737243685871363, -0.022515207529067993, -0.02736797370016575, -0.018462199717760086, -0.004114007111638784, -0.011610039509832859, 0.011840477585792542, -0.012443684972822666, 0.008607559837400913, 0.0010827225632965565, -0.0014182140585035086, 0.02609378471970558, -0.010112188756465912, -0.01722867414355278, 0.018462199717760086, 0.009495425969362259, 0.018204649910330772, 0.008763444609940052, -0.023735176771879196, 0.028493056073784828, -0.0015444470336660743, -0.017567554488778114, -0.004073341377079487, 0.025632906705141068, -0.04256336763501167, 0.010444290935993195, 0.011433822102844715, -0.020875027403235435, -0.00909554772078991, -0.0068758814595639706, 0.012694456614553928, -0.005584747530519962, 0.004649437963962555, -0.01493784412741661, 0.07292704284191132, 0.00380901456810534, -0.0012199691263958812, -0.0031871693208813667, 0.013290885835886002, 0.017323561012744904, -0.0025449912063777447, 0.003383719827979803, -0.009081992320716381, -0.052350230515003204, 0.0026602104771882296, -0.007889133878052235, 0.007177485153079033, -0.02483314834535122, -0.01432785950601101, 0.023694511502981186, -0.0009378512622788548, 0.01594093069434166, 0.010573065839707851, -0.01892307586967945, 0.016794908791780472, -0.005693189334124327, -0.0026330999098718166, 0.007421478629112244, 0.004832433070987463, 0.014192307367920876, 0.009935970418155193, 0.02084791660308838, -0.01739133708178997, -0.03771059960126877, 0.02166122943162918, -0.015073396265506744, -0.03768349066376686, -0.014409190975129604, -0.00950220413506031, -0.018177539110183716, -0.02572779357433319, -0.03925589472055435, 0.035650208592414856, 0.015751156955957413, -0.0021586676593869925, 0.009637756273150444, -0.013494214043021202, -0.03047211654484272, 0.031583644449710846, 0.004723991733044386, -0.010518845170736313, -0.014043199829757214, -0.018258871510624886]","[-0.001554650254547596, 0.0033905524760484695, 0.003930625040084124, -0.028987929224967957, -0.02832534909248352, 0.008627359755337238, -0.032687339931726456, -0.002962635364383459, -0.025426555424928665, -0.019642774015665054, 0.016095202416181564, 0.0014459455851465464, 0.0036234911531209946, -0.005366217810660601, 0.0038650573696941137, -0.025744043290615082, 0.017227113246917725, -0.004686382133513689, 0.019132032990455627, -0.019242463633418083, -8.066581358434632e-05, -0.012250850908458233, -0.01696484163403511, -0.008544537238776684, 0.0023138578981161118, -0.007143454160541296, 0.01312739122658968, -0.019228659570217133, 0.002672756090760231, -0.012050696648657322, 0.02513667568564415, 0.006605106871575117, -0.0030385563150048256, -0.05063224956393242, -0.024059981107711792, -0.016702568158507347, 0.006360089872032404, 0.007447137031704187, 0.021285422146320343, 0.008075209334492683, 0.0004719166026916355, -0.002426013583317399, -0.016247045248746872, -0.040914393961429596, 0.007888858206570148, 0.007502352353185415, 0.013783070258796215, -0.029208790510892868, 0.0023345635272562504, -0.006542989984154701, 0.027621356770396233, -0.003090320387855172, -0.04977641627192497, 0.004682931117713451, 0.011947168037295341, 0.023576850071549416, 0.008061405271291733, 0.015805324539542198, -0.014963293448090553, 0.009172609075903893, 0.028173506259918213, 0.001707354560494423, 0.001225947868078947, -0.005925270728766918, -0.009641937911510468, -0.0317210778594017, 0.002308681607246399, 0.006501578725874424, 0.005883859470486641, 0.024156607687473297, 0.0013596719363704324, 0.0335155688226223, -0.001960136229172349, 0.004889987874776125, 0.005873506888747215, -0.0037546271923929453, 0.011443329975008965, 0.02531612478196621, -0.02570263110101223, -0.0024449939373880625, -0.005383472889661789, -0.007488548755645752, -0.00708133727312088, 0.018138160929083824, 0.026503250002861023, 0.028794676065444946, -0.006260012276470661, 0.03597263991832733, -0.0153774069622159, 0.0032197306863963604, 0.01917344518005848, 0.013134293258190155, 0.008434107527136803, 0.008144227787852287, 0.000951597816310823, 0.021740946918725967, -0.027497122064232826, 0.020429588854312897, -0.023383596912026405, -0.046297866851091385, -0.03517202287912369, 0.02237592078745365, -0.04638068750500679, -0.013783070258796215, -0.033791642636060715, 0.003661451628431678, 0.029208790510892868, -0.025260910391807556, 0.02962290309369564, -0.01917344518005848, -0.007136552128940821, 0.025288518518209457, 0.01339656487107277, 0.013624327257275581, -0.010083658620715141, 0.003847802523523569, 0.004914144519716501, -0.010111265815794468, -0.002434641122817993, -0.008737790398299694, 0.002508836332708597, -0.011691798456013203, 0.0016202182741835713, -0.03613828495144844, 0.011429526843130589, 0.007861250080168247, 0.0059045650996267796, 0.004855478182435036, 0.01173320971429348, -0.014673413708806038, 0.015225565060973167, 0.030257876962423325, 0.002336289035156369, 0.014659610576927662, -0.024487899616360664, 0.028987929224967957, -0.026379015296697617, 0.020581429824233055, -0.00939346943050623, -0.022279294207692146, 0.026724111288785934, 0.01900780014693737, -0.0007686977623961866, -0.018759332597255707, -0.012623553164303303, 0.009165707044303417, 0.03014744631946087, -0.008875828236341476, -0.0024881307035684586, -0.01772404834628105, -0.0017893144395202398, -0.010566790588200092, 0.0037097649183124304, -0.012513123452663422, 0.01463200245052576, 0.0010982629610225558, -0.009814484976232052, 0.0013389663072302938, -0.013472485356032848, -0.02516428381204605, -0.0042929742485284805, 0.0069087897427380085, 0.018869761377573013, 0.0015373955247923732, 0.0015779441455379128, 0.03188672289252281, 0.015239369124174118, -0.02942964993417263, 0.005676802713423967, 0.007460941094905138, 0.00781293772161007, 0.020222531631588936, -0.002672756090760231, 0.01200238335877657, 0.002919498598203063, 0.009614329785108566, 0.0025571496225893497, 0.003252514638006687, -0.01655072718858719, -0.00819254107773304, 0.019463324919342995, 0.02868424728512764, 0.02477777749300003, -0.00903457123786211, -0.009924914687871933, -0.01993265189230442, 0.020898917689919472, 0.0007070121355354786, -0.002251741010695696, -0.027041597291827202, 0.0004102309758309275, -0.0011603799648582935, 0.014756236225366592, -0.016702568158507347, -0.6175257563591003, -0.01137431152164936, 0.003744274377822876, -0.022431137040257454, -0.008399597369134426, 0.01939430460333824, -0.015515443868935108, -0.003266318468376994, -0.03318427875638008, 0.005859702825546265, -9.344509453512728e-05, 0.021174993366003036, -0.0021568399388343096, -0.01434212364256382, 0.006694831419736147, -0.025813061743974686, -0.0004063486703671515, -0.002712442073971033, -0.017820674926042557, 0.02105075865983963, -0.01844184473156929, 0.011436428874731064, -0.0195599514991045, 0.014949489384889603, -0.008316774852573872, 9.824406151892617e-05, 0.005473197437822819, 0.0009455586550757289, -0.00339917978271842, 0.012975549325346947, -0.017793066799640656, 0.0014010833110660315, -0.002075742930173874, -0.008302971720695496, 0.05082550272345543, -0.006177189759910107, 0.001580532407388091, -0.00581484055146575, 0.004838223569095135, 0.03459226340055466, -0.023783905431628227, -0.030064623802900314, 0.01499090064316988, 0.017586011439561844, -0.002902243984863162, 0.018041536211967468, -0.009669545106589794, 0.01332754548639059, 0.010829062201082706, 0.009683349169790745, 0.012492417357861996, 0.003585530910640955, -0.031224140897393227, 0.005576725583523512, 0.0447242334485054, -0.011574466712772846, 0.036248717457056046, -0.012319870293140411, 0.010035345330834389, 0.011353605426847935, 0.005424884147942066, 0.01032522413879633, -0.02868424728512764, -0.022072238847613335, -0.02998180128633976, -0.02124401181936264, -0.009414175525307655, -0.023742495104670525, 0.003323259064927697, -0.013203311711549759, 0.018193377181887627, 0.014438750222325325, -0.0032835733145475388, 0.024874404072761536, -0.013189507648348808, 0.010628907941281796, -0.0031593393068760633, -0.009131197817623615, 0.008275363594293594, 0.010090560652315617, 0.005680253729224205, -0.007757721934467554, -0.02497103065252304, -0.010753141716122627, 0.01939430460333824, 0.007516155950725079, -0.025771649554371834, -0.003482002532109618, 0.013900402933359146, 0.032880593091249466, -0.006612008903175592, 0.029374435544013977, 0.017627421766519547, 0.009062179364264011, -0.007295295596122742, 0.030423521995544434, 0.003021301468834281, 0.0037546271923929453, 0.003661451628431678, -0.021892789751291275, -0.006667223758995533, -0.01656453125178814, 0.014604395255446434, 0.014397338032722473, 0.03384685888886452, 0.0041273292154073715, 0.0213958527892828, 0.01518415380269289, 0.02178235910832882, -0.021727142855525017, 0.004182544071227312, -0.02197561226785183, -0.010104363784193993, -0.023259362205863, 0.0023794258013367653, -0.03746344894170761, 0.0044172084890306, 0.016288455575704575, -0.014576787129044533, 1.2118744962208439e-05, 0.025647416710853577, 0.041991088539361954, 0.018552275374531746, -0.018704116344451904, -0.0012112814001739025, 0.017655029892921448, 0.013527700677514076, 0.0048037138767540455, 0.025371341034770012, 0.001901470124721527, -6.02836771577131e-05, -0.014949489384889603, 0.01200238335877657, -0.027704179286956787, 0.01993265189230442, -0.011891952715814114, 0.011049922555685043, -0.011574466712772846, -0.014010832644999027, -0.03892664983868599, -0.009082884527742863, 0.004979712422937155, -0.003514786483719945, -0.0020636646077036858, -0.01788969337940216, -0.015142742544412613, -0.028214918449521065, 0.012347477488219738, -0.01769644021987915, 0.0021533891558647156, -0.02926400490105152, -0.003483728040009737, 0.014756236225366592, -0.0003118790627922863, 0.01617802493274212, -0.0130238626152277, 0.002686559921130538, -0.033957287669181824, -0.01841423660516739, -0.028987929224967957, -0.016164220869541168, 0.026227174326777458, -0.010042247362434864, 0.005673352163285017, 0.004569049924612045, -0.019615165889263153, -0.0025191891472786665, -0.008213247172534466, -0.005990838631987572, -0.01787588931620121, 0.004110074136406183, 0.0021982514299452305, 0.012243949808180332, 0.015984773635864258, -0.031417395919561386, -0.0072193751111626625, -0.03180389851331711, 0.005124651826918125, 0.010373537428677082, 0.0031023987103253603, 0.0005784644745290279, -0.0016461003106087446, -0.0035958837252110243, -0.02066425234079361, 0.02661368064582348, 0.013368956744670868, -0.010766945779323578, 0.008061405271291733, 0.0034164346288889647, 0.02884989231824875, 0.01603998802602291, 0.005355865228921175, -0.021685732528567314, 0.018207181245088577, 0.024474095553159714, 0.010021541267633438, 0.013948715291917324, -0.011229371652007103, -0.0013044568477198482, 0.037711914628744125, 0.0012595945736393332, 0.01407294999808073, 0.01642649434506893, -0.019628969952464104, 0.03271494805812836, -0.008758495561778545, -0.009186413139104843, -0.012140421196818352, 0.056705910712480545, 0.01275468897074461, -0.016095202416181564, -0.04141132906079292, -0.004734695423394442, -0.017199505120515823, 0.010387341491878033, 0.01878693886101246, -0.011767718940973282, 0.01917344518005848, 6.114641291787848e-05, 0.017586011439561844, 0.033625997602939606, -0.008537635207176208, 0.040141381323337555, -0.00040181929944083095, -0.010898081585764885, 0.004872732795774937, -0.010829062201082706, 0.024819189682602882, 0.028794676065444946, -0.014549179933965206, -0.0013829658273607492, 0.018372826278209686, 0.013224017806351185, 0.025633612647652626, 0.031610649079084396, 0.0023035050835460424, 0.028822284191846848, -0.023894336074590683, 0.030285485088825226, -0.024142803624272346, -0.020457196980714798, 0.02664128877222538, -0.0029816157184541225, -0.02792503871023655, 0.007619684562087059, 0.0012595945736393332, -0.007550665643066168, -0.003930625040084124, -0.027897430583834648, 0.02103695459663868, -0.0008092463831417263, 0.019836025312542915, -0.008793005719780922, 0.02030535414814949, 0.02573023922741413, -0.005876957438886166, -0.028201114386320114, 0.023866727948188782, 0.037353016436100006, 0.00045207366929389536, 0.023342184722423553, -0.004179093055427074, 0.026903560385107994, 0.0026451486628502607, -0.0035199630074203014, -0.006853574886918068, -0.008254658430814743, -0.015943361446261406, -0.020415784791111946, -0.015211760997772217, -0.013099783100187778, -0.038650572299957275, 0.013148096390068531, -0.0006582675850950181, 0.0028125194367021322, -0.008358186110854149, -0.0025174636393785477, 0.0041445838287472725, -0.004427561070770025, -0.0036510988138616085, 0.0015011606737971306, -0.023176539689302444, 0.008585948497056961, 0.0028349505737423897, 0.003381925169378519, -0.009945620782673359, -0.01044255681335926, 0.001671982347033918, -0.007378118112683296, -0.006639616098254919, -0.010642711073160172, 0.01639888621866703, 0.015280780382454395, 0.004575951956212521, -0.00998013000935316, 0.008006189949810505, 0.04121807590126991, -0.000826501112896949, 0.012941040098667145, 0.01387969683855772, -0.00251401262357831, 0.00978687684983015, -0.015225565060973167, -0.015722500160336494, 0.0335707850754261, 0.019987868145108223, 0.005255787633359432, -0.048119962215423584, -0.020084494724869728, -0.019435716792941093, -0.0008554027299396694, -0.00819254107773304, 0.0029229496140033007, 0.019049210473895073, -0.012409594841301441, -0.02306610904633999, 0.004210151731967926, 0.01293413806706667, 0.007191767450422049, 0.008399597369134426, -0.005849350243806839, -0.018552275374531746, -0.025191891938447952, 0.03384685888886452, 0.047981925308704376, 0.03558613359928131, -0.005286846309900284, 0.004341287538409233, -0.022279294207692146, -0.017185701057314873, -0.011974776163697243, -0.007336706854403019, 0.020940328016877174, -0.01750318892300129, 0.036607615649700165, -0.006163386162370443, 0.02251395955681801, -0.01005605049431324, -0.01711668260395527, -0.00014785138773731887, -0.019477128982543945, -0.005780331324785948, 0.0002478209207765758, 0.01276849303394556, -0.022803837433457375, -0.014728629030287266, 0.030478738248348236, 0.020263943821191788, 0.030865242704749107, 0.031417395919561386, 0.038429711014032364, 0.024998638778924942, 0.002420837292447686, -0.023342184722423553, -0.03384685888886452, -0.0018082946771755815, -0.00182900030631572, 0.01675778441131115, -0.0012363006826490164, 0.005870055872946978, -0.0004358973528724164, -0.024087589234113693, -0.010276910848915577, 0.022237883880734444, -0.006964005064219236, -0.006059857551008463, 0.02272101491689682, -0.0030454581137746572, 0.01660594344139099, -0.006059857551008463, 0.009145001880824566, 0.02013970911502838, -0.0019480579067021608, -0.007695605047047138, 0.00986970029771328, -0.007605880498886108, 0.011319096200168133, 0.011933363974094391, -0.000936068594455719, -0.01004914939403534, -0.027152027934789658, -0.027083009481430054, 0.01296174619346857, -0.014687217772006989, -0.03147260844707489, 0.010566790588200092, 0.021271618083119392, 0.013431074097752571, -0.020816095173358917, -0.0030264779925346375, -0.02178235910832882, -0.0024173862766474485, -0.03895425796508789, -0.010435654781758785, -0.0042860726825892925, -0.03089285083115101, -0.05088071897625923, 0.004824419971555471, 0.04373036324977875, -0.004896889440715313, 0.024998638778924942, 0.003761528991162777, -0.0026831089053303003, -0.005997740663588047, -0.013810678385198116, -0.03889904171228409, -0.02884989231824875, -0.017254719510674477, -0.018759332597255707, -0.015239369124174118, -0.0279388427734375, 0.0075713712722063065, -0.007550665643066168, 0.022458743304014206, -0.016978643834590912, -0.01730993576347828, 0.01296174619346857, -0.02662748470902443, 0.012271557003259659, 0.011160353198647499, 0.011615877971053123, 0.006970907095819712, -0.0014424945693463087, -0.012630455195903778, -0.01032522413879633, -0.01565348170697689, 0.002439817413687706, -0.033239491283893585, 0.005511157680302858, 0.03448183089494705, 0.0017599815037101507, -0.005697508808225393, 0.0007039925549179316, -0.035834603011608124, 0.012333674356341362, -0.025081461295485497, 0.0204986073076725, -0.026033921167254448, 0.02066425234079361, 0.023355988785624504, 0.02291426807641983, 0.01880074292421341, 0.02568882703781128, -0.007806035224348307, -0.0039513311348855495, -0.0028366760816425085, 0.04353711009025574, -0.020360570400953293, -0.04246041551232338, 0.023355988785624504, -0.008171834982931614, -0.019587557762861252, 0.013769266195595264, -0.009158805012702942, -0.005435236729681492, 0.006788006983697414, -0.01434212364256382, -0.014231692999601364, -0.019132032990455627, -0.0015831205528229475, 0.022997090592980385, 0.011043020524084568, -0.008889631368219852, -0.012278459034860134, 0.008434107527136803, -0.007177963387221098, -0.025578396394848824, -0.029484866186976433, 0.002641697647050023, -0.03406772017478943, -0.0054662954062223434, -0.007012318354099989, 0.015405014157295227, 0.008772299624979496, 0.01463200245052576, -0.008337480947375298, -0.0007626586011610925, -0.021561497822403908, 0.011353605426847935, -0.03892664983868599, -0.01145023200660944, 0.01368644367903471, 0.02215506136417389, -0.010684122331440449, 0.01693723350763321, -0.0032180054113268852, 0.03666282817721367, -0.0026520504616200924, 0.022306902334094048, -0.007550665643066168, 0.01293413806706667, -0.002657226985320449, -0.023397400975227356, -0.010829062201082706, 0.006498127710074186, 0.005048730876296759, 0.022776231169700623, 0.015059920027852058, -0.0012311242753639817, 0.021671928465366364, -0.020001672208309174, -0.013272331096231937, -0.0018859409028664231, -0.009324450977146626, -0.008661869913339615, 0.031224140897393227, 0.008848220109939575, 0.007039926014840603, -0.0233145784586668, -0.0006013269885443151, 0.023866727948188782, -0.0014968470204621553, 0.033764034509658813, -0.0003058399015571922, 0.02774558961391449, -0.010470164008438587, 0.011160353198647499, -0.03365360572934151, 0.025840668007731438, -0.03964444622397423, 0.02479158155620098, -0.013831383548676968, -0.011795327067375183, 0.020167317241430283, 0.0037235685158520937, 0.02588208019733429, 0.02029155008494854, 0.014217888936400414, -0.0018548824591562152, -0.004941751714795828, -0.005980486050248146, 0.002976439194753766, -0.016854410991072655, -0.00913809984922409, -0.03329470753669739, -0.004431012086570263, 0.005742371082305908, 0.012713277712464333, 0.026503250002861023, 0.015805324539542198, -0.035889819264411926, 0.014825255610048771, -0.011608975939452648, -0.02868424728512764, 0.012872021645307541, -0.03390207514166832, 0.04715370014309883, 0.03147260844707489, -0.004724342375993729, 0.016661157831549644, -0.041797835379838943, -0.014493964612483978, 0.018290003761649132, 0.005611234810203314, -0.00996632594615221, 0.020374372601509094, 0.03464747965335846, 0.005939074791967869, -0.029926586896181107, 0.0009619506308808923, 0.023783905431628227, -0.007164159789681435, -0.027083009481430054, -0.005273042246699333, -0.010042247362434864, 0.0102354995906353, -0.021561497822403908, 0.007419529836624861, -0.04185304790735245, 0.002522640163078904, -0.024267038330435753, 0.011760816909372807, 0.006646518129855394, 0.008689477108418941, -0.020401980727910995, 0.008537635207176208, -0.027290064841508865, 0.05286846309900284, 0.0026658542919903994, 0.0044517177157104015, -0.033405136317014694, -0.0176688339561224, -0.026668895035982132, 0.012188734486699104, 0.015349798835814, 0.0073850201442837715, -0.021368244662880898, 0.013148096390068531, 0.013148096390068531, -0.0019480579067021608, -0.015253172256052494, -0.0195737536996603, -0.020526215434074402, 0.02815970405936241, -0.003654549829661846, 0.001178497332148254, -0.006877731531858444, 0.016509316861629486, 0.006211699452251196, -0.019891241565346718, -0.017006251960992813, -0.0017893144395202398, -0.003972036764025688, -0.011960972100496292, 0.024170411750674248, -0.03448183089494705, -0.007336706854403019, -0.006222052033990622, 0.0020377824548631907, -0.02381151355803013, -0.012099009938538074, 0.010401145555078983, -0.0029660863801836967, -0.018952583894133568, -0.010421850718557835, 0.000461132382042706, 0.040886785835027695, 0.015791520476341248, -0.0027245203964412212, -0.028035469353199005, 0.009897307492792606, 0.02382531762123108, -0.013355153612792492, -0.00876539759337902, 0.002212055027484894, -0.01693723350763321, -0.024142803624272346, -0.0047692046500742435, -0.02363206446170807, -0.012078303843736649, 0.004255014006048441, -0.028228722512722015, -0.018690312281250954, -0.03887143358588219, 0.03870578855276108, 0.010380439460277557, -0.02680693380534649, -0.028573816642165184, -0.0060633085668087006, 0.03837449848651886, 0.021174993366003036, 0.005856251809746027, -0.025040049105882645, 0.0051488084718585014, 0.00479336129501462, -0.019145837053656578, 0.0015123762423172593, -0.0038995668292045593, 0.019587557762861252, -0.004110074136406183, 0.0030678892508149147, -0.0001604689023224637, -0.029346827417612076, 0.014010832644999027, 0.0010188912274315953, 0.0373254120349884, -0.021561497822403908, -0.008496223948895931, -0.021934200078248978, -0.0021602909546345472, -0.021464871242642403, 0.02294187620282173, -0.010946394875645638, -0.015915753319859505, 0.03318427875638008, 0.0012544181663542986, 0.012078303843736649, 0.005749272648245096, -0.017420364543795586, 0.0034768260084092617, -0.025288518518209457, -0.018013928085565567, -0.023397400975227356, 0.003675255458801985, -0.016329867765307426, 0.03147260844707489, 0.008931043557822704, -0.0017875890480354428, -0.03332231566309929, 0.0012639082269743085, -0.055877685546875, -0.030230268836021423, 0.001337240799330175, 0.002381151309236884, 0.011788425035774708, -0.008144227787852287, -0.0007113258470781147, 0.04171501100063324, -0.014300712384283543, 0.017061466351151466, -0.020802291110157967, 0.007467842660844326, 0.006542989984154701, -0.0014200634323060513, 0.008613556623458862, -0.011422624811530113, -0.01938050240278244, -0.024556918069720268, 0.014190281741321087, -0.000186998033314012, 0.0043205819092690945, -0.004820968955755234, -0.007329805288463831, 0.00021589967946056277, -0.0022741721477359533, -0.005442138761281967, 0.004424110054969788, 0.0024053079541772604, 0.0025312674697488546, -0.059135377407073975, 0.004458619747310877, 0.009731662459671497, -0.016909625381231308, -0.0007928544073365629, -0.004489677958190441, 0.0005064260330982506, 0.001523591810837388, -0.01714429073035717, -0.015418818220496178, -0.012906530871987343, -0.003947880119085312, 0.004907242488116026, 0.006215150002390146, 0.02683454006910324, -0.011740111745893955, 0.021520087495446205, 0.021699536591768265, -0.0016642177943140268, -0.011187960393726826, 0.027262458577752113, -0.007881956174969673, -0.007661095820367336, 0.010007737204432487, -0.01896638795733452, -0.009773073717951775, -0.007057180628180504, 0.01642649434506893, -0.006995063740760088, -0.026199566200375557, -0.018345218151807785, -0.009269235655665398, -0.00679835956543684, 0.011388115584850311, 0.015722500160336494, -0.001204379484988749, -0.01182293426245451, -0.0015675913309678435, -0.03649718314409256, -0.002684834413230419, -0.013714051805436611, 0.0009671270381659269, -0.02237592078745365, -0.02904314547777176, 0.01432831957936287, -0.010200990363955498, -0.013010058552026749, 0.03000940941274166, 0.002332838252186775, -0.026033921167254448, 0.0044965799897909164, 0.2199769765138626, 0.0031196533236652613, 0.005690606776624918, 0.023866727948188782, -0.017848283052444458, 0.007964778691530228, 0.02364586852490902, 0.028270132839679718, -5.586215775110759e-05, -0.0003345258883200586, -0.0002072723291348666, -0.030782420188188553, -0.026379015296697617, -0.008965552784502506, 0.012043794617056847, -0.0316934697329998, -0.02940204367041588, -0.015984773635864258, -0.03036830760538578, -0.003092045895755291, 0.02403237484395504, 0.01790349744260311, 0.010173383168876171, -0.017282327637076378, 0.027690375223755836, 0.008931043557822704, -0.003407807322219014, -0.012147323228418827, 0.0053489631973207, 0.015211760997772217, -0.012036892585456371, -0.01753079518675804, -0.000496504595503211, 0.0027107165660709143, -0.013886598870158195, 0.02011210098862648, 0.005459393374621868, -0.020816095173358917, 0.01920105330646038, -0.004110074136406183, -0.0026089136954396963, -0.006470520049333572, 0.01368644367903471, -0.024087589234113693, -0.007944073528051376, 0.02531612478196621, -0.005442138761281967, 0.010125069878995419, 0.009296842850744724, 0.0014632003149017692, -0.030699597671628, -0.010628907941281796, 0.01617802493274212, -0.0077370163053274155, -0.002874636324122548, -0.004020349588245153, 0.0077301147393882275, 0.01954614743590355, -0.003532041097059846, 0.007419529836624861, -0.007233178708702326, 0.028380563482642174, -0.008171834982931614, 0.008841319009661674, -0.014114361256361008, 0.005483550019562244, -0.009835190139710903, 0.00522127840667963, 0.017613617703318596, -0.01660594344139099, -0.0072538843378424644, -0.029208790510892868, 0.01884215511381626, 0.026875952258706093, -0.025592200458049774, -0.01321711577475071, 0.002103350358083844, -3.105849464191124e-05, 0.02568882703781128, 0.015501640737056732, 0.016316063702106476, -0.0032835733145475388, -0.015474032610654831, -0.01275468897074461, -0.016978643834590912, -0.016619745641946793, -0.0017013153992593288, 0.010242401622235775, -0.010000836104154587, -0.008158031851053238, 0.012920334003865719, 0.001445082831196487, -0.02459832839667797, -0.021451067179441452, 0.008599752560257912, 0.01004914939403534, 0.013293036259710789, 0.0354480966925621, 0.0260477252304554, -0.02306610904633999, -0.026558464393019676, 0.0707857608795166, 0.005397276487201452, 0.0158467348664999, 0.005210925359278917, 0.018220985308289528, 0.03092045895755291, 0.025799257680773735, 0.03669043630361557, -0.01332064438611269, 0.01623324118554592, -0.020056886598467827, -0.00300404685549438, -0.005769978277385235, -0.013755463063716888, 0.009448684751987457, 0.00940727349370718, -0.026351409032940865, 0.0031576137989759445, -0.022596782073378563, 0.0033318863715976477, -0.029098359867930412, 0.0372701957821846, 0.019697988405823708, -0.002833225065842271, -0.019421912729740143, -0.0059425258077681065, -0.006028799340128899, 0.008896533399820328, -0.02942964993417263, 0.03646957501769066, -0.01517034973949194, -0.02292807213962078, -0.0019825673662126064, -0.0011931639164686203, 0.017586011439561844, 0.00624275766313076, -0.00967644713819027, -0.009117393754422665, 0.004034153651446104, -0.003654549829661846, 0.0006211699219420552, 0.00189974473323673, -0.0006039151921868324, 0.023866727948188782, -0.017931105569005013, -0.019228659570217133, -0.01155376061797142, -0.003878860967233777, -0.04560767486691475, -0.0001147438888438046, -0.001960136229172349, 0.014935685321688652, -0.008820612914860249, 0.011650387197732925, -0.01434212364256382, -0.00940727349370718, -0.013900402933359146, -0.011408820748329163, -0.018510863184928894, -0.019615165889263153, 0.013003157451748848, 0.01562587544322014, 0.0006151307607069612, -0.008268461562693119, -0.007015769369900227, -0.1751423180103302, 0.0041169761680066586, 0.012582141906023026, -0.02102315053343773, 0.015266976319253445, 0.012223243713378906, 0.027994057163596153, 0.006104719825088978, -0.0032214561942964792, 0.007592076901346445, 0.019297679886221886, 0.001625394681468606, -0.02722104638814926, 0.013210213743150234, -0.011339802294969559, -0.025578396394848824, -0.015612070448696613, 0.015915753319859505, 0.0353928804397583, 0.022127453237771988, 0.02348022349178791, -0.030589167028665543, 0.011512349359691143, -0.008454812690615654, 0.015722500160336494, 0.025467967614531517, -0.009448684751987457, 0.008661869913339615, -0.029926586896181107, -0.017075270414352417, 0.0042757196351885796, -0.010656515136361122, 0.018897369503974915, -0.03555852547287941, 0.0062393066473305225, 0.0023311127442866564, -0.0032887496054172516, -0.003699412103742361, 0.001901470124721527, 0.0038098422810435295, 0.018400434404611588, 0.011698700487613678, 0.0031834959518164396, 0.013603621162474155, -0.011691798456013203, 0.010822160169482231, 0.016854410991072655, -0.006208248436450958, 0.01994645595550537, -0.008054503239691257, 0.025288518518209457, -0.04141132906079292, 0.04000334441661835, -0.034205757081508636, -0.03464747965335846, 0.005128102842718363, -0.006808712612837553, -0.01230606622993946, -0.016274651512503624, -0.003678706241771579, 0.011498545296490192, -0.035116806626319885, 0.018179573118686676, 0.012478613294661045, -0.000982656260021031, -0.0050935931503772736, -0.014438750222325325, 0.029153574258089066, 0.003678706241771579, 0.005618136841803789, -0.010380439460277557, -0.026599876582622528, -0.004313679877668619, -0.004054859280586243, 0.0010042247595265508, 0.01751699112355709, -0.026006314903497696, 0.013003157451748848, -0.01841423660516739, 0.0006845809984952211, -0.0051212008111178875, 0.03188672289252281, -0.007564469240605831, 0.0013027313398197293, -0.016854410991072655, -0.00977997574955225, -0.0011172430822625756, 0.021740946918725967, -0.010090560652315617, -0.02498483471572399, 0.01014577504247427, -0.015101331286132336, -0.020733270794153214, 0.01062200590968132, 0.03812602907419205, 0.015777716413140297, -0.006215150002390146, 0.006346286274492741, 0.010490870103240013, -0.018110554665327072, 0.019297679886221886, 0.021299226209521294, -0.008772299624979496, 0.038070812821388245, 0.02157530188560486, 0.00568715576082468, -0.02292807213962078, -0.0020878210198134184, 0.03892664983868599, 0.007723212707787752, -0.011049922555685043, 0.023148933425545692, 0.008903435431420803, 0.002684834413230419, 0.02495722658932209, 0.009151903912425041, -0.012312968261539936, 0.003878860967233777, -0.010628907941281796, 0.004876183811575174, 0.016812998801469803, -0.012312968261539936, 0.0009541860199533403, -0.0015727677382528782, -0.007937171496450901, -0.008420303463935852, -0.13903163373470306, -0.02962290309369564, 0.024708759039640427, 0.011615877971053123, 0.0064429123885929585, -0.010504673235118389, 0.0013303388841450214, 0.03652479127049446, -0.0372978039085865, 0.014659610576927662, -0.03989291191101074, -0.021699536591768265, -0.00995942484587431, -0.0023138578981161118, 0.0038650573696941137, 0.009717858396470547, -0.004196348134428263, -0.003571727080270648, -0.0120921079069376, 0.034702692180871964, 0.008606654591858387, -0.01062200590968132, 0.022417332977056503, 0.001437318162061274, 0.013134293258190155, -0.001037871465086937, -0.0052971988916397095, 0.004762302618473768, 0.02256917394697666, 0.021754750981926918, -0.03036830760538578, -0.024115197360515594, 0.005638842470943928, -0.017365150153636932, -0.004631166812032461, -0.031417395919561386, -0.03630392998456955, -0.01312739122658968, 0.008606654591858387, -0.014286908321082592, -0.014687217772006989, 0.01750318892300129, -6.120033503975719e-05, -0.011388115584850311, 0.02197561226785183, -0.012692572548985481, -0.033432744443416595, 0.025426555424928665, 0.03749105706810951, -0.010366635397076607, -0.0063980501145124435, 0.011250077746808529, -0.034895945340394974, -0.022582978010177612, 0.008454812690615654, -0.0017082173144444823, 0.003500982653349638, 0.021754750981926918, -0.011767718940973282, 0.004575951956212521, 0.0012811629567295313, -0.012789198197424412, 0.004023800604045391, 0.03613828495144844, 0.019242463633418083, -0.003702862886711955, 0.014397338032722473, -0.005355865228921175, 0.01230606622993946, -0.020926523953676224, 0.01500470470637083, 0.0004960732185281813, -0.02256917394697666, 0.01695103757083416, -0.009862798266112804, -0.02550937794148922, -0.027441907674074173, -0.027510926127433777, 0.02926400490105152, -0.026406623423099518, 0.002320759929716587, -0.015073723159730434, -0.01696484163403511, -0.01844184473156929, 0.02771798148751259, 0.01750318892300129, 0.003913370426744223, 0.005172965116798878, 0.005059083923697472, -0.00819254107773304, -0.0031420844607055187, 0.026917362585663795, -0.009462488815188408, -0.02998180128633976, -0.030257876962423325, -0.02143726497888565, -0.007826740853488445, 0.029484866186976433, 0.008848220109939575, 0.014880470931529999, -0.019449520856142044, -0.01787588931620121, -0.027635158970952034, 0.014424946159124374, -0.011753914877772331, -0.029898978769779205, 0.020029278472065926, 0.011905756779015064, 0.023590654134750366, -0.004313679877668619, -0.018179573118686676, 0.013631229288876057, -0.022582978010177612, 0.02214125730097294, -0.003978938329964876, 0.012181832455098629, -0.020898917689919472, -0.011891952715814114, -0.009745465591549873, -0.005697508808225393, 0.016633549705147743, -0.01642649434506893, -0.028960322961211205, -0.007440235465764999, 0.0004710538487415761, 0.006104719825088978, -0.011388115584850311, 0.030119840055704117, -0.006453265435993671, 0.020967936143279076, -0.011519251391291618, -0.015266976319253445, 0.017213309183716774, -0.02626858651638031, 0.011043020524084568, 0.042570844292640686, 0.0213958527892828, -0.00679835956543684, 0.01715809293091297, 0.023880532011389732, 0.04511073976755142, 0.043288640677928925, 0.006039151921868324, -0.03216279670596123, -0.002817695727571845, -0.009151903912425041, -0.012996255420148373, 0.039423584938049316, 0.004907242488116026, 0.02530232071876526, 0.008061405271291733, 0.004724342375993729, 0.004089368507266045, 0.020526215434074402, 0.01659213937819004, -0.006059857551008463, -0.0031955742742866278, -0.018538471311330795, 0.016454100608825684, -0.0040030949749052525, 0.0002318603073945269, -0.026586072519421577, 0.03199715167284012, 0.0006699145305901766, 0.016702568158507347, 0.01341036893427372, 0.0007436784217134118, 0.006373893469572067, 0.003035105299204588, 0.006170287728309631, 0.035282451659440994, 0.0038098422810435295, -0.008302971720695496, 0.02312132529914379, 0.003235260024666786, 0.01772404834628105, 0.03210758417844772, 0.007240080740302801, -0.0019497834146022797, 0.005390374455600977, 0.002175820292904973, 0.03693890571594238, 0.02125781588256359, -0.01554305199533701, -0.020995544269680977, 0.009579820558428764, 0.02814589999616146, 0.008420303463935852, 0.014466357417404652, 0.01265116035938263, -0.001619355520233512, 0.0022603683173656464, 0.011740111745893955, 0.018124358728528023, -0.03762909397482872, -0.03277016431093216, 0.00847551878541708, 0.004455168731510639, 0.002105075865983963, -0.027069205418229103, 0.008620457723736763, 0.01071173045784235, -0.004072113893926144, 0.012803002260625362, 0.0013760639121755958, 0.004986613988876343, -0.009276137687265873, -0.005376570858061314, -0.03459226340055466, -0.026337604969739914, 0.016067596152424812, 0.02626858651638031, -0.0031162025406956673, -0.009724760428071022, 0.00601154426112771, 0.006712086033076048, 0.016495512798428535, 0.031389787793159485, 0.00116296811029315, -0.040307026356458664, 0.00904837530106306, 0.03387446701526642, -0.01517034973949194, -0.00777842802926898, 0.021299226209521294, -0.015943361446261406, 0.03290820121765137, 0.02592349238693714, 0.005469746422022581, -0.02792503871023655, 0.011201764456927776, -0.016978643834590912, -0.00239668064750731, 0.03635914623737335, 0.009131197817623615, -0.015349798835814, 0.0030316542834043503, -0.01864890195429325, -0.0106979263946414, 0.012885824777185917, -0.010628907941281796, 0.05264760181307793, -0.009566016495227814, -0.024087589234113693, 0.0011017138604074717, 0.017793066799640656, 0.020360570400953293, 0.025371341034770012, 0.016799194738268852, -0.00960052665323019, -0.014839059673249722, 0.028214918449521065, 0.0016029635444283485, -0.01715809293091297, -0.025012442842125893, 0.006518833339214325, 0.004789910279214382, 0.00043913262197747827, 0.011885051615536213, 0.005052181892096996, -0.019891241565346718, -0.0017021781532093883, -0.00931754894554615, 0.014100557193160057, 0.013921108096837997, -0.025840668007731438, -0.0023621711879968643, 0.0241842158138752, -0.019242463633418083, 0.002702089259400964, -0.047954317182302475, 0.003913370426744223, 0.008882730267941952, -0.003633843967691064, -0.003095496678724885, 0.007460941094905138, -0.0427917055785656, -0.01452157273888588, -0.005266140680760145, 0.057092417031526566, -0.001648688456043601, 0.0036649026442319155, 0.006353187840431929, -0.03312906250357628, 0.020360570400953293, -0.028711853548884392, -0.009593624621629715, 0.008503125980496407, -0.012361281551420689, -0.024653544649481773]"
12397,"MongoDB: how to get specific elements from array?<p>I have objects in the document that look's like: <br />
<img src=""https://i.stack.imgur.com/QywP2.png"" alt=""my collections"" />
<br />
I want to get <strong>only</strong> the elements from the 'transactions' array that their inside field 'isMatched' == false
<br />
I tried:
<br /></p>
<pre><code>db.myCollection.find(
{ &quot;transactions.isMatched&quot;: false } ,
    { &quot;transactions.isMatched&quot;: 1 
    })
</code></pre>
<p>But i got all the array elements: <br />
<img src=""https://i.stack.imgur.com/cFkvn.png"" alt=""results"" />
<br /></p>
<h3>What is the appropriate query for this?</h3>
","Tip, the date is the integer, and the time is the decimal.  You may also need to convert your date from a string to an excel date.","Embed Field: MongoDB: how to get specific elements from array?<p>I have objects in the document that look's like: <br />
<img src=""https://i.stack.imgur.com/QywP2.png"" alt=""my collections"" />
<br />
I want to get <strong>only</strong> the elements from the 'transactions' array that their inside field 'isMatched' == false
<br />
I tried:
<br /></p>
<pre><code>db.myCollection.find(
{ &quot;transactions.isMatched&quot;: false } ,
    { &quot;transactions.isMatched&quot;: 1 
    })
</code></pre>
<p>But i got all the array elements: <br />
<img src=""https://i.stack.imgur.com/cFkvn.png"" alt=""results"" />
<br /></p>
<h3>What is the appropriate query for this?</h3>; Answer: Tip, the date is the integer, and the time is the decimal.  You may also need to convert your date from a string to an excel date.","[-0.024136552587151527, 0.027678778395056725, 0.02128080651164055, -0.012267354875802994, -0.038360368460416794, 0.029848046600818634, -0.008834967389702797, -0.0366579033434391, -0.021939825266599655, -0.008326973766088486, 0.024136552587151527, 0.034818146377801895, -0.014786727726459503, -0.012473298236727715, -0.008251461200416088, 0.012967562302947044, 0.006607347168028355, -0.014910293743014336, 0.0013944077072665095, -0.014141439460217953, -0.02011379413306713, 0.008162219077348709, 0.010063761845231056, 0.0008829818689264357, -0.01734042540192604, 0.017216859385371208, 0.02406790480017662, -0.006796128582209349, -0.00886929128319025, -0.0004189658793620765, 0.019962769001722336, -0.0020388385746628046, -0.025880206376314163, -0.029765669256448746, -0.008608429692685604, -0.010763969272375107, 2.0728406525449827e-05, 0.0067446427419781685, 0.03726200386881828, 0.03138575702905655, 0.029738210141658783, -0.0006727480795234442, -0.0027441943529993296, -0.013503015041351318, 0.016283249482512474, 0.03646569326519966, 0.02001768723130226, -0.02128080651164055, -0.021610315889120102, -0.010873805731534958, 0.01861727237701416, 0.025990042835474014, -0.02979312837123871, -0.026113608852028847, -0.02377958409488201, -0.028969354927539825, 0.030232474207878113, 0.016420545056462288, -0.007201150059700012, 0.019290020689368248, 0.010537431575357914, 0.015075048431754112, -0.001168728107586503, -0.006332756020128727, -0.028200501576066017, -0.010420730337500572, -0.0012184977531433105, 0.0028403012547641993, 0.0037310058251023293, -0.012596864253282547, -0.0016252357745543122, 0.011471041478216648, 0.0016458301106467843, 0.010853211395442486, 0.016791243106126785, -0.021651504561305046, -0.003432388184592128, -0.0047881812788546085, 0.022928353399038315, -0.014484677463769913, -0.0036863847635686398, -0.008217137306928635, -0.04107882082462311, 0.0007671387284062803, 0.0006122522172518075, 0.027651319280266762, -0.005708061624318361, 0.04387965053319931, -0.0015625946689397097, 0.011635796166956425, -0.0013643743004649878, 0.010564890690147877, 0.039376355707645416, 0.013406908139586449, 0.00896539818495512, 0.031358297914266586, -0.004942638799548149, 0.030644360929727554, 0.007798385806381702, -0.0018123008776456118, -0.014924023300409317, 0.012617458589375019, -0.01694226823747158, -0.017203129827976227, -0.02424638904631138, -0.0021297968924045563, 0.022365441545844078, -0.016983456909656525, -0.003930084407329559, -0.041353411972522736, -0.012095735408365726, 0.015157425776124, 0.02515253983438015, -0.022736139595508575, -0.02048449218273163, 0.001589195686392486, 0.009960790164768696, -0.024424873292446136, -0.02298327162861824, -0.015775255858898163, -0.0020542843267321587, 0.01332453079521656, 0.02496032603085041, -0.039376355707645416, 0.015885092318058014, 0.005447200033813715, 0.008903615176677704, -0.017271777614951134, 0.019674448296427727, -0.030314851552248, 0.03166034817695618, 0.030067719519138336, 0.008512322790920734, 0.03904684633016586, -0.003096014028415084, -1.887813414214179e-05, -0.03278617188334465, -0.002737329574301839, -0.022118309512734413, -0.02368347719311714, 0.016310708597302437, 0.029875505715608597, 0.0026669655926525593, -0.0008593841921538115, -0.03100132942199707, 0.011498500593006611, 0.018836945295333862, -0.01282340195029974, 0.0013120303628966212, 0.0008263474446721375, 0.03940381482243538, 0.007613036781549454, 0.0012888617347925901, 0.014402300119400024, -0.0019616098143160343, 0.012061411514878273, -0.005893410183489323, -0.007722873240709305, 0.02793963998556137, -0.010866940952837467, 0.03566937893629074, 0.013592257164418697, 0.010949318297207355, 0.02387569099664688, 0.024919137358665466, 0.024905407801270485, 0.00013461397611536086, -0.02038838528096676, -0.0030187852680683136, -0.013441232033073902, 0.007798385806381702, 0.0033019573893398046, -0.027898451313376427, 0.02594885416328907, -0.00026601008721627295, 0.000585651199799031, 0.005821330472826958, 0.010530566796660423, -0.03833290934562683, -0.014841645956039429, -0.01772485300898552, 0.005656575784087181, 0.016200872138142586, 0.014374841004610062, -0.022104579955339432, -0.018287762999534607, -0.018246574327349663, -0.016859890893101692, 0.011347475461661816, 0.017299236729741096, 0.005076501984149218, 0.008086706511676311, -0.0040811095386743546, 0.0010614660568535328, -0.6115691661834717, -0.02357364073395729, -0.005519280210137367, -0.03218207135796547, 0.0098097650334239, -0.0029827451799064875, -0.006724048405885696, 0.009137016721069813, -0.0233814287930727, 0.023120567202568054, -0.008677077479660511, 0.0019290021155029535, -0.011999628506600857, -0.00014759268378838897, 0.003710411489009857, -0.01118958555161953, 0.010461919009685516, -0.01832895167171955, -0.02811812423169613, 0.016708865761756897, -0.028365256264805794, 0.015706608071923256, 0.019674448296427727, 0.03130337968468666, -0.006058164872229099, -0.023491263389587402, -0.013763876631855965, -0.004657750483602285, 0.005938031245023012, 0.023216674104332924, -0.04775138199329376, 0.03583413362503052, 0.011539689265191555, 0.019180184230208397, 0.04657064378261566, -0.012658647261559963, -0.03764643147587776, 0.003895760513842106, 0.0003679090877994895, 0.047092363238334656, -0.006929991766810417, -0.0027665048837661743, 0.022942082956433296, -0.02507016249001026, -0.01029716432094574, 0.00727666262537241, 0.010832617059350014, 0.0038202479481697083, 0.016859890893101692, -0.016777513548731804, 0.0031577970366925, 0.008224002085626125, -0.03720708563923836, 0.0068338848650455475, 0.0031577970366925, -0.003957543522119522, 0.023134296759963036, -0.001189322443678975, 0.010084356181323528, -0.02446606196463108, 0.018054362386465073, 0.002716735238209367, -0.0300951786339283, 0.017573827877640724, -0.03256649896502495, 0.0006710318848490715, -0.004987259861081839, 0.00611651549115777, 0.004661182872951031, -0.005807600915431976, 0.031138624995946884, 0.026264633983373642, -0.01485537551343441, 0.01232227310538292, 0.008793778717517853, 0.019482234492897987, 0.021349454298615456, -0.03772880882024765, -0.022214416414499283, -0.0047778841108083725, 0.018260303884744644, -0.009452796541154385, -0.03198985755443573, -0.020374655723571777, -0.0026755465660244226, -0.010606079362332821, -0.035312410444021225, -0.01992158032953739, 0.033911995589733124, -0.0022138904314488173, 0.005052475258708, 0.03399437293410301, 0.01475926861166954, -0.02259884402155876, -0.015486935153603554, -0.018878133967518806, 0.013681499287486076, 0.002526237629354, 0.03168780729174614, -0.022763598710298538, -0.007407093420624733, -0.003837409894913435, -0.0009765144204720855, 0.012294813990592957, 0.024932866916060448, -0.016681406646966934, -0.0016801540041342378, -0.008553511463105679, 0.01654411107301712, -0.024534709751605988, -0.007619901560246944, -0.0047881812788546085, -0.022640032693743706, 0.009844088926911354, -0.014786727726459503, -0.03484560549259186, 0.008999722078442574, -0.015020130202174187, 0.001336915185675025, 0.0031389188952744007, -0.006641671061515808, 0.010077491402626038, 0.026113608852028847, -0.015308450907468796, -0.008416215889155865, 0.014512136578559875, 0.011052289977669716, 0.0024026716127991676, 0.015802714973688126, 0.004530752543359995, 0.017107022926211357, -0.028502551838755608, 0.031852561980485916, -0.003535359865054488, -0.004784748889505863, -0.008491728454828262, -0.002131513087078929, -0.004355700686573982, 0.006164568942040205, -0.012569405138492584, 0.013159776106476784, 0.011546554043889046, 0.03350010886788368, -0.03152305260300636, 0.013839389197528362, -0.03825053200125694, -0.03693249449133873, 0.008924209512770176, -0.03536732867360115, -0.0053133368492126465, -0.012013358063995838, -0.007812115363776684, -0.01585763320326805, 0.01514369621872902, -0.0042287022806704044, -0.014690620824694633, -0.019427316263318062, -0.03487306460738182, -0.002182998927310109, -0.024905407801270485, -0.014690620824694633, 0.029243946075439453, -0.016763783991336823, -0.0010091221192851663, 0.00413602776825428, -0.05296861380338669, -0.023985527455806732, 0.012308543547987938, 0.001937583088874817, -0.014374841004610062, 0.009294906631112099, 0.005169176496565342, -0.02328532189130783, -0.024191470816731453, -0.020278548821806908, 0.016269519925117493, -0.030259933322668076, -0.009741117246448994, -0.008587835356593132, -0.011656390503048897, -0.009137016721069813, 0.006693156901746988, 0.010331488214433193, 0.005320201627910137, 0.026401929557323456, 0.008354432880878448, 0.01821911707520485, 0.01583017408847809, -0.01812301017343998, 0.04992065206170082, 0.018287762999534607, 0.0029364079236984253, -0.005838492419570684, -0.010317758657038212, -0.019372398033738136, 0.014402300119400024, 0.019660718739032745, 0.017216859385371208, 0.011917251162230968, 0.005152014549821615, 0.013166640885174274, -0.004094839096069336, 0.011237639002501965, 0.00359027786180377, 0.018205387517809868, -0.04033742472529411, -0.01684616133570671, -0.02774742618203163, 0.021843718364834785, 0.022228145971894264, -0.0006967748049646616, -0.007908222265541553, -0.015226073563098907, 0.012287949211895466, -0.007537524215877056, 0.010132409632205963, -0.004541049711406231, 0.005357957910746336, -0.007702278904616833, 0.020539410412311554, 0.013180370442569256, -0.0003910777159035206, 0.028104394674301147, 0.013159776106476784, -0.017463991418480873, 0.032429203391075134, 0.0031938371248543262, 0.005924301687628031, -0.006995207164436579, -0.036108724772930145, 0.019935309886932373, 0.0028660441748797894, 0.007201150059700012, 0.0036554932594299316, 0.025976313278079033, -0.0035113331396132708, 0.02803574688732624, -0.01030402909964323, 0.016516651958227158, -0.013283342123031616, -0.008182813413441181, 0.04291858151555061, 0.016599029302597046, -0.02921648696064949, 0.02287343516945839, -0.002895219484344125, 0.0017033226322382689, 0.04901450127363205, 0.021637775003910065, 0.038662418723106384, -0.011622066609561443, 0.0033980642911046743, -0.025784099474549294, 0.012267354875802994, 0.012562540359795094, -0.01952342316508293, 0.005011286586523056, 0.020937567576766014, -0.01173190213739872, 0.024932866916060448, 0.024328766390681267, -0.023601099848747253, -0.003600575029850006, -0.018946781754493713, 0.029875505715608597, 0.01922137290239334, -0.012995021417737007, -0.009919601492583752, -0.0049666655249893665, -0.000768854923080653, 0.007798385806381702, -0.04146324843168259, -0.007386499084532261, -0.033637404441833496, -0.0003923648619093001, -0.008347568102180958, 0.00022696665837429464, -0.0031303379219025373, 0.02377958409488201, 0.03523003309965134, -0.017656205222010612, -0.02130826562643051, -0.003221296239644289, 0.013688364066183567, 0.004290485288947821, -0.01653038151562214, 0.005268715787678957, 0.028886977583169937, 0.005872815847396851, 0.0004994124756194651, 0.015569312497973442, 0.0073727695271372795, 0.009617551229894161, -0.021624045446515083, -0.0014673458645120263, 0.033335354179143906, 0.03635585680603981, 0.02436995506286621, -0.0025022109039127827, 0.01223303098231554, 0.006195460446178913, 0.015102507546544075, -0.02375212498009205, -0.028969354927539825, 0.04385219141840935, -0.006651968229562044, 0.0012914360268041492, -0.03275871276855469, -0.008038653060793877, 0.009459661319851875, 0.012157518416643143, -0.009233123622834682, -0.01281653717160225, 0.011162126436829567, -0.012013358063995838, -0.00013622290862258524, -0.0017359303310513496, -0.0003391628561075777, 0.021912366151809692, 0.00041424634400755167, -0.01159460749477148, -0.014525866135954857, -0.01754636876285076, 0.03069927915930748, 0.024781841784715652, 0.012644917704164982, -0.0016861606854945421, -0.015198614448308945, -0.00015982057084329426, 0.006967748049646616, -0.00443121325224638, -0.0289144366979599, 0.008155354298651218, -0.021720152348279953, -0.013873713091015816, -0.016022387892007828, 0.022049661725759506, -0.014498407021164894, -0.00579730374738574, -0.0011489918688312173, -0.026511766016483307, -0.01675005443394184, 0.007853304035961628, -0.014786727726459503, -0.013235288672149181, -0.0015643108636140823, 0.008251461200416088, 0.0338570773601532, 0.023889420554041862, 0.0004972672322764993, 0.006294999737292528, -0.001352360937744379, 0.011903521604835987, -0.01603611744940281, -0.015898821875452995, 0.003947246354073286, 0.04786121845245361, 0.01312545221298933, -0.005608522333204746, 0.0554673932492733, 0.024699464440345764, 0.007928816601634026, 0.023106837645173073, 0.0046989391557872295, -0.005821330472826958, 0.03479068726301193, -2.6373076252639294e-05, -0.004407186526805162, -0.003895760513842106, -0.017848419025540352, -0.012665512040257454, 0.008436810225248337, 0.00310631119646132, 0.011162126436829567, -0.027884721755981445, -0.0032384581863880157, -0.020072605460882187, -0.018740838393568993, 0.009377283975481987, 0.012205571867525578, 0.004177216440439224, -0.03160542994737625, -0.018095551058650017, -0.02019617147743702, -0.0028711927589029074, -0.0036348989233374596, 0.04080422967672348, 0.01622833125293255, -0.00423213467001915, -0.004771019332110882, -0.027211973443627357, -0.0024181173648685217, -0.013544203713536263, 0.010352082550525665, -0.023587370291352272, -2.871943434001878e-05, -0.026978570967912674, 0.011004236526787281, 0.04269890859723091, 0.02010006457567215, 0.020429573953151703, -0.008505458012223244, 0.005539874546229839, -0.02178880013525486, -0.00777779147028923, -0.035422246903181076, 0.014196357689797878, 0.010187327861785889, -0.017477720975875854, 0.008450539782643318, 0.010942453518509865, 0.007304121740162373, -0.014182628132402897, 0.03731692209839821, -0.004647453315556049, 0.0004925476969219744, 0.0135167445987463, 0.002126364503055811, 0.019880391657352448, 0.016969727352261543, -0.020264819264411926, 0.02070416510105133, -9.953925473382697e-05, 0.006789263803511858, 0.010015708394348621, -0.006761804688721895, -0.0062194871716201305, -0.014347381889820099, -0.00579730374738574, -0.0007984592812135816, 0.012150653637945652, 0.019166454672813416, 0.0072629330679774284, -0.008162219077348709, -0.015514394268393517, -0.016983456909656525, -0.00015960604650899768, -0.0009001437574625015, 0.03899192810058594, -0.0024232659488916397, -0.0032607687171548605, 0.028969354927539825, 0.0012665512040257454, 0.00788076315075159, 0.0018020037095993757, 0.0019032591953873634, 0.023903150111436844, 4.982325845048763e-05, 0.0043488359078764915, -0.011313151568174362, -0.00636707991361618, -0.02108859270811081, 0.007407093420624733, 0.003923219628632069, 0.006929991766810417, 0.0026223445311188698, -0.016200872138142586, -0.0050559076480567455, -0.02507016249001026, -0.012507622130215168, -0.008093571290373802, 0.013599121943116188, -0.0007516929763369262, 0.00797687005251646, 0.018452517688274384, -0.018850674852728844, 0.003168094204738736, -0.01495148241519928, -0.018987970426678658, -0.019825473427772522, -0.028173042461276054, 0.02604496106505394, 0.018576083704829216, 0.022653762251138687, 0.027019759640097618, 0.003967840690165758, -0.012445839121937752, -0.017505180090665817, -0.029381241649389267, -0.03069927915930748, -0.015020130202174187, 0.008711401373147964, 0.04503293335437775, 0.015486935153603554, 0.02366974763572216, -0.010619808919727802, 0.020539410412311554, -0.018795756623148918, 0.008985992521047592, 0.025097621604800224, 0.016695136204361916, 0.0004483556840568781, 0.0034066452644765377, -0.006391106639057398, 0.03207223489880562, -0.005357957910746336, 0.027774885296821594, -0.0014150020433589816, -0.0009155895095318556, 0.04151816666126251, -0.02011379413306713, 0.023793313652276993, -0.017216859385371208, -0.022612573578953743, -0.006449457257986069, 0.018383869901299477, -0.015569312497973442, -0.015116237103939056, -0.04209480807185173, 0.00413602776825428, 0.008656483143568039, -0.00017237024439964443, 0.009528309106826782, -0.017381614074110985, 0.009789170697331429, 0.012940103188157082, -0.0012107748771086335, -0.03256649896502495, 0.022461548447608948, 0.003451266326010227, -0.012960697524249554, -0.01931747980415821, -0.027967099100351334, 0.013180370442569256, -0.008134759962558746, 0.008896750397980213, -0.002256795298308134, -0.0010889251716434956, -0.0028008287772536278, 0.006439160089939833, -0.006253811065107584, 0.0028437336441129446, -0.013976684771478176, -0.023038189858198166, -0.014539595693349838, -0.02048449218273163, -0.02645684778690338, -0.00539914658293128, 0.011361205019056797, 0.04149070754647255, 0.009953925386071205, 0.01743653230369091, -0.009336095303297043, -0.008258325979113579, 0.01342063769698143, -0.035422246903181076, 0.03959602862596512, -0.006548996549099684, 0.014800457283854485, 0.005900274962186813, 0.00020830305584240705, -0.011786820366978645, -0.0025022109039127827, 0.018150469288229942, 0.016283249482512474, 0.029765669256448746, 0.0402001291513443, -0.021514208987355232, -0.03237428516149521, 0.017175670713186264, -0.016571570187807083, 0.0005457497318275273, -0.007839574478566647, 0.03811323642730713, 0.016379356384277344, -0.018205387517809868, 0.00480191083624959, -0.004873991012573242, -0.03608126565814018, 0.010358947329223156, 0.01534963957965374, 0.01989412121474743, -0.004685209598392248, -0.02150047942996025, -0.03415912762284279, 0.008889885619282722, -0.01644800417125225, 0.041930053383111954, 0.020827731117606163, -0.009528309106826782, -0.034516096115112305, -0.002819706918671727, 0.01088753528892994, 0.01861727237701416, 0.014896564185619354, 0.026127338409423828, -0.03731692209839821, 0.01665394753217697, 0.019949039444327354, -0.006761804688721895, -0.001626951969228685, -0.018479976803064346, 0.004726398270577192, 0.03366486355662346, -0.012617458589375019, -0.007441417314112186, 0.012679241597652435, 0.012974427081644535, -0.004204675555229187, 0.01754636876285076, -0.018356410786509514, -0.0005294458824209869, -0.012988156639039516, -0.01193098071962595, 0.03882717341184616, 0.03080911561846733, 0.014127709902822971, -0.010777698829770088, 0.003116608364507556, 0.015212344005703926, -0.014100250788033009, -0.025825288146734238, -0.006830452475696802, -0.030946411192417145, -0.013475555926561356, -0.020923838019371033, 0.009569497779011726, 0.02872222289443016, 0.00601354381069541, 0.004201243165880442, 0.017601286992430687, 0.005811033304780722, -0.00767481978982687, 0.005742385517805815, -0.002220755210146308, 0.012967562302947044, -0.017683664336800575, -0.010983642190694809, 0.005176041275262833, -0.0001754808472469449, 0.00489801773801446, -0.021624045446515083, -0.017958255484700203, -0.011944710277020931, -0.007585577666759491, 0.01019419264048338, -0.016077306121587753, -0.02317548543214798, -0.018356410786509514, 0.009727387689054012, 0.017354154959321022, -0.014827916398644447, -0.03726200386881828, 0.007146232295781374, -0.02247527800500393, 0.010654132813215256, -0.00489801773801446, -0.01525353267788887, -0.017203129827976227, 0.004201243165880442, 0.016077306121587753, -0.01909780688583851, -0.03278617188334465, -0.011567148379981518, -0.018644731491804123, 0.01584390364587307, -0.00961068645119667, 0.0027287486009299755, -0.03111116588115692, 0.003078852081671357, -0.007393363863229752, 0.008546646684408188, -0.0030668387189507484, 0.0024610222317278385, 0.007901357486844063, 0.027953369542956352, -0.002342604799196124, 0.015377098694443703, -0.03209969401359558, -0.018452517688274384, -0.025770369917154312, -0.05565960705280304, 0.006864776369184256, 0.0025399671867489815, -0.043220631778240204, 0.032346826046705246, 0.021349454298615456, 0.0011249652598053217, -0.04673539847135544, -0.011368069797754288, -0.02376585453748703, -0.014635702595114708, 0.002757923910394311, -0.002105770166963339, 0.045911625027656555, 0.02019617147743702, -0.022145768627524376, 0.052446890622377396, 0.002938124118372798, 0.012397785671055317, -0.02424638904631138, 0.00333113269880414, -0.0067549399100244045, -0.020429573953151703, 0.020264819264411926, -0.009926466271281242, -0.028282878920435905, -0.006634806282818317, 0.02247527800500393, -0.010036302730441093, 0.04000791534781456, 0.02424638904631138, 0.00646318681538105, -0.0169285386800766, 0.015596771612763405, -0.01949596405029297, 0.005206932779401541, -0.006404836196452379, 0.018246574327349663, -0.042232103645801544, -0.007798385806381702, 0.0010820603929460049, -0.0016861606854945421, 0.009185070171952248, 0.01732669584453106, 0.019866662099957466, 0.00019478802278172225, 0.007036395836621523, -0.020470762625336647, -0.0001497379271313548, -0.0061199478805065155, -0.019166454672813416, 0.014265005476772785, 0.018685920163989067, 0.016516651958227158, 0.03750913590192795, 0.015267262235283852, 0.005079934373497963, -0.012692971155047417, 0.02051195129752159, -0.0013866848312318325, -0.005529577378183603, -0.001650120597332716, -0.02128080651164055, 0.026690250262618065, -0.012006493285298347, 0.004022758919745684, -0.019427316263318062, 0.005265283398330212, 0.00990587193518877, 0.004554779268801212, -0.022159498184919357, -0.0163381677120924, -0.023436347022652626, -0.03597142919898033, -0.01565168984234333, 0.001044304110109806, 0.009871548041701317, -0.01421008724719286, -0.011972169391810894, -0.005924301687628031, 0.002757923910394311, -0.011416123248636723, 0.0157477967441082, -0.017395343631505966, -0.03231936693191528, 0.004112001042813063, 0.016406815499067307, -0.019084077328443527, -0.019976498559117317, 0.19935309886932373, 0.005203500390052795, 0.017381614074110985, 0.02880460023880005, 0.006023840978741646, 0.008477998897433281, 0.004674912430346012, -0.02228306420147419, -0.03393945470452309, 0.0027338971849530935, 0.008821237832307816, 0.008931074291467667, -0.012418380007147789, -0.0007761487504467368, -0.0031080273911356926, -0.009473390877246857, -0.041655462235212326, -0.024040445685386658, -0.01253508124500513, -0.0077297380194067955, 0.02317548543214798, 0.01673632487654686, 0.013681499287486076, -0.026305822655558586, 0.023202944546937943, -0.03448863700032234, 0.022722410038113594, -0.0023717801086604595, 0.00959695689380169, 0.004911747295409441, -0.00264808745123446, -0.004901450127363205, 0.006380809471011162, -0.018850674852728844, -0.02734926901757717, -0.01971563696861267, 0.0006071036332286894, 0.003446117741987109, 0.017010916024446487, 0.023051919415593147, -0.022159498184919357, -0.02902427315711975, 0.011374934576451778, -0.007208014838397503, -0.005227527115494013, -0.021665234118700027, -0.013688364066183567, -0.008045517839491367, -0.008594700135290623, 0.0326763354241848, -0.02880460023880005, -0.004740127827972174, 0.015679148957133293, 0.008814373053610325, -0.013935496099293232, -0.02695111185312271, 0.03523003309965134, 0.011265098117291927, -0.004630291368812323, 0.013901172205805779, 0.001953028840944171, 0.019070347771048546, 0.016091035678982735, 0.01673632487654686, -0.007510065101087093, -0.007812115363776684, -0.008258325979113579, -0.00020047291764058173, 0.025001514703035355, 0.004118865821510553, 0.0027236000169068575, 0.01514369621872902, -0.009665604680776596, 0.0004522171220742166, -0.0029621508438140154, -0.01182800903916359, 0.024191470816731453, 0.03490052372217178, 0.018287762999534607, 0.016461733728647232, -0.04684523493051529, -0.0324566625058651, -0.04311079531908035, 0.01411398034542799, -0.025028973817825317, 0.010235381312668324, 0.005752682685852051, -0.005093663930892944, -0.02664906159043312, -0.01070218626409769, -0.0027544915210455656, 0.0021246483083814383, -0.013434367254376411, 0.004369430243968964, -0.016901079565286636, -0.005738953128457069, 0.005704629234969616, 0.023244133219122887, -0.02110232226550579, -0.014470947906374931, -0.03544970601797104, 0.05143090337514877, 0.009480255655944347, -0.003458131104707718, 0.00807984173297882, 0.011416123248636723, -0.01635189726948738, -0.0058487895876169205, 0.010290299542248249, -0.03833290934562683, 0.028008287772536278, -0.024891678243875504, 0.0027870992198586464, -0.01049624290317297, 0.018493706360459328, 0.012576269917190075, 0.004142892546951771, -0.019276291131973267, 0.013708958402276039, 0.0035868454724550247, 0.027884721755981445, -0.03814069554209709, 0.0213906429708004, 0.003648628480732441, -0.0013729552738368511, -0.020251089707016945, -0.033115681260824203, 0.013468691147863865, 0.007413958199322224, -0.01882321573793888, 0.019152725115418434, -0.01563796028494835, 0.006205757614225149, -0.017573827877640724, -0.014484677463769913, 0.022832246497273445, 0.017560098320245743, -0.023202944546937943, 0.007026098668575287, 0.012480163015425205, -0.005934598855674267, -0.02822796069085598, 0.03954111039638519, 0.018768297508358955, -0.011429852806031704, -0.008134759962558746, 0.005567333661019802, -0.004146324936300516, -0.03306076303124428, -0.01900169998407364, -0.004369430243968964, -0.025825288146734238, 0.01466316170990467, -0.022035932168364525, 0.013654040172696114, -0.006978045217692852, 0.022365441545844078, -0.03685011714696884, 0.012644917704164982, 0.003514765528962016, -0.001444177352823317, 0.0193998571485281, 0.007489470764994621, -0.01595374010503292, -0.002026825211942196, -0.016997186467051506, -0.17420056462287903, 0.03347264975309372, 0.022859705612063408, -0.012857725843787193, 0.014772998169064522, 0.012075141072273254, 0.011244503781199455, -0.022337982431054115, -0.02296954207122326, -0.0041600544936954975, -0.014052197337150574, -0.031852561980485916, -0.04409932345151901, -0.005965490359812975, -0.009747982025146484, 0.006133677437901497, -0.004355700686573982, 0.01911153644323349, 0.027362998574972153, 0.027870992198586464, 0.02474065311253071, -0.019056618213653564, 0.0007405377109535038, -0.007139367517083883, -0.006003246642649174, 0.030671820044517517, 0.011409258469939232, 0.015033859759569168, 0.014896564185619354, -0.004819072782993317, 0.013585392385721207, 0.001449325936846435, 0.005714926403015852, 0.013997279107570648, 0.0015514394035562873, -0.008024923503398895, -0.004764154553413391, -0.029189027845859528, -0.008999722078442574, -0.004633723758161068, -0.005800736136734486, -0.004922044463455677, -0.016269519925117493, 0.027980828657746315, 0.006446024868637323, 0.035504624247550964, -0.0087594548240304, -0.005330498795956373, 0.008450539782643318, -0.025825288146734238, 0.0076404958963394165, -0.05027762055397034, -0.003950678743422031, 0.016475463286042213, 0.026690250262618065, 0.019949039444327354, 0.022543925791978836, 0.009947060607373714, -0.018370140343904495, -0.039760783314704895, -0.015020130202174187, -0.012809672392904758, -0.015102507546544075, -0.02128080651164055, -0.0373992994427681, 0.014223816804587841, -0.007125637959688902, 0.023985527455806732, -0.03734438121318817, 0.008292649872601032, -0.010818887501955032, -0.006703454069793224, 0.01812301017343998, 0.004846531897783279, 0.016489192843437195, -0.007228609174489975, -0.022818516939878464, -0.0027956801932305098, 0.01613222435116768, 0.020759083330631256, -0.04033742472529411, 0.03701487183570862, -0.022132039070129395, 0.03992553800344467, 0.014690620824694633, -0.0010812022956088185, 0.009143881499767303, -0.012246760539710522, 0.012933238409459591, 0.00786703359335661, 0.022845976054668427, -0.03295092657208443, -0.01040700078010559, 0.0054025789722800255, 0.01622833125293255, 0.02544086053967476, 0.0030342310201376677, 0.014182628132402897, -0.0027819506358355284, 0.008278920315206051, 0.01099737174808979, -0.02296954207122326, -0.01603611744940281, 0.015335910022258759, 0.03188002109527588, 0.023024460300803185, 0.0022396333515644073, -0.015926280990242958, 0.055330097675323486, 0.022763598710298538, -0.036877576261758804, 0.0018071522936224937, -0.006761804688721895, 0.028996814042329788, 0.011574013158679008, 0.042836204171180725, 0.01514369621872902, -0.010736510157585144, 0.004118865821510553, -0.0026755465660244226, 0.021527938544750214, -0.031330838799476624, -0.0028814899269491434, 0.011141532100737095, 0.010880670510232449, -0.005127987824380398, -0.07979615777730942, 0.0028917870949953794, 0.004263026174157858, 0.01000884361565113, -0.015322180464863777, 0.0016012090491130948, -0.013784470967948437, 0.0177385825663805, -0.025674263015389442, 0.021431831642985344, -0.05198008567094803, -0.009185070171952248, -0.01039327122271061, 0.012418380007147789, -0.007050125394016504, 0.007455146871507168, -0.026580413803458214, 0.017985714599490166, 0.0022379171568900347, 0.042451776564121246, -0.012953832745552063, -0.015871362760663033, -0.003806518390774727, 0.010709051042795181, 0.0072835274040699005, 0.008388756774365902, -0.031934939324855804, 0.026292093098163605, 0.02682754583656788, -0.02545459009706974, 0.004702371545135975, -0.01664021797478199, 0.02170642279088497, -0.012198707088828087, -0.01000884361565113, -0.015335910022258759, -0.015528123825788498, -0.00646318681538105, 0.01672259531915188, -0.02979312837123871, -0.010949318297207355, 0.019290020689368248, -0.0035113331396132708, -0.009363554418087006, 0.03803085908293724, -0.032346826046705246, -0.023504992946982384, 0.03179764375090599, 0.002842017449438572, -0.03893700987100601, -0.02446606196463108, 0.008642753586173058, -0.03473576903343201, -0.027486564591526985, 0.023491263389587402, 0.03237428516149521, 0.009226258844137192, 0.004571940749883652, 0.015308450907468796, 0.012583134695887566, -0.009459661319851875, -0.00641170097514987, 0.0036932495422661304, 0.025715451687574387, 0.015075048431754112, 0.013283342123031616, -0.016489192843437195, -0.022763598710298538, -0.00017505179857835174, -0.016791243106126785, -0.02010006457567215, 0.004894585348665714, -0.04319317266345024, -0.0012090586824342608, -0.025372212752699852, 0.023134296759963036, -0.020965026691555977, -0.02217322774231434, 0.0006246946286410093, -0.002454157453030348, 0.009761711582541466, -0.02150047942996025, -0.021431831642985344, -0.012782213278114796, 0.022543925791978836, 0.025399671867489815, 0.025331024080514908, -0.011965304613113403, 0.008038653060793877, -0.02722570300102234, 0.01466316170990467, 0.0044174836948513985, 0.022132039070129395, -0.03874479606747627, -0.013859983533620834, 0.012905779294669628, -0.03297838568687439, 0.00029625798924826086, 0.010146139189600945, -0.025797829031944275, -0.0030822844710201025, -0.02029227837920189, -0.05219975858926773, 0.03209969401359558, -0.01812301017343998, 0.0011541404528543353, 0.00586595106869936, 0.008924209512770176, -0.008896750397980213, -0.01000884361565113, 0.027184514328837395, 0.025427130982279778, -0.009185070171952248, 0.023999257013201714, -0.021651504561305046, -0.018383869901299477, -0.0012287949211895466, -0.00906150508671999, -0.0012888617347925901, 0.014525866135954857, 0.009967654943466187, 0.030534524470567703, 0.013496150262653828, -0.012020222842693329, -0.02802201732993126, 0.0222006868571043, -0.012912644073367119, -9.680406947154552e-05, 0.0010151288006454706, 0.028173042461276054, -0.029628373682498932, -0.023038189858198166, 0.01504758931696415, -0.021569127216935158, 0.00990587193518877, 0.029491078108549118, 0.012644917704164982, -0.032044775784015656, 0.012747889384627342, 0.02395806834101677, 0.01861727237701416, -4.834840365219861e-05, -0.011635796166956425, -0.025413401424884796, -0.0006942005129531026, -0.021335724741220474, -0.013633445836603642, -0.002411252586171031, -0.006724048405885696, -0.004565075971186161, -0.0046096970327198505, -0.0011378367198631167, 0.028255419805645943, 0.011917251162230968, -0.015157425776124, -0.0040502180345356464, -0.001634674845263362, -0.022461548447608948, -0.0006491504027508199, 0.0106953214854002, -0.001953028840944171, 0.018960511311888695, 0.042726367712020874, -0.002974164206534624, -0.016997186467051506, -0.030836574733257294, -0.017312966287136078, -0.011793685145676136, -0.018438788130879402, 0.007256068289279938, 0.031028788536787033, -0.025399671867489815, -0.0042595937848091125, -0.013187235221266747, 0.01900169998407364, 0.015692878514528275, 0.0075512537732720375, 0.012480163015425205, -0.02653922513127327, -0.006061597261577845, 0.02932632341980934, 0.01079142838716507, 0.022914623841643333, -0.023051919415593147, -0.02384823188185692, 0.009569497779011726, 0.022626303136348724, 0.03108370676636696, 0.00284716603346169, 0.013454961590468884, 0.009631280787289143, -0.011223909445106983, -0.012315408326685429, 0.006682859733700752, -0.02159658633172512, 0.00289865187369287, -0.00035911361919716, -0.01922137290239334, -0.0225713849067688, -0.015390828251838684, -0.00335687561891973, 0.010228516533970833, 0.007153097074478865, 0.013393178582191467, -0.00549525348469615, -0.004633723758161068, -0.01301561575382948, 0.005505550652742386, -0.021349454298615456, -0.020566869527101517, -0.0087594548240304, 0.013702093623578548, -0.023930609226226807, -0.01362658105790615, -0.02556442655622959, 0.0027510591316968203, 0.003878598567098379, -0.02259884402155876, -0.014402300119400024, 0.00013890446280129254, -0.015885092318058014, 0.03627347946166992, 0.0023099971003830433, 0.01020105741918087, 0.028310338035225868, -0.011127802543342113, 0.039074305444955826, 0.007029531057924032, -0.002131513087078929, -0.029381241649389267, 0.006607347168028355, 0.0034392529632896185, 0.008340703323483467, 0.001535135554149747, 0.004595967475324869, -0.003562818979844451, -0.0014990954659879208, -0.03319805860519409, -0.010942453518509865, -0.004300782456994057, -0.001186748151667416, 0.06985596567392349, 0.013448096811771393, -0.0015042440500110388, 0.0001525267434772104, -0.0031045950017869473, 0.01436111144721508, 0.005152014549821615, 0.0015076764393597841, -0.020429573953151703, -0.025976313278079033, 0.037673890590667725, -0.00011745202937163413, -0.016777513548731804, -0.03800339996814728, -0.016612758859992027, 0.007709143683314323, 0.007578712888062, 0.012171247974038124, -0.016461733728647232, -0.0057801418006420135, 0.005279012955725193, 0.010551161132752895, 0.005982652306556702, -0.0115808779373765, -0.0009559200843796134, 0.00856037624180317, 0.006658833008259535, -0.010633538477122784, -0.009658739902079105, -0.01653038151562214, 0.01791706681251526, -0.011814279481768608, -0.03188002109527588, 0.0021503912284970284, 0.006236649118363857, -0.0037344382144510746, -0.01253508124500513, -0.0018088684882968664, 0.030067719519138336, 0.04434645548462868, -0.00961068645119667, 0.026223445311188698, -0.01436111144721508, -0.0070913140662014484, -0.01576152630150318, 0.0020971891935914755, 0.013077398762106895, -0.013331395573914051, -0.022763598710298538]","[-0.024045994505286217, 0.03410550206899643, 0.03394412249326706, -0.012036445550620556, -0.03695659339427948, 0.03483172506093979, 0.0046868170611560345, -0.02278183028101921, -0.019419696182012558, -0.011377466842532158, 0.017052751034498215, 0.02408633939921856, -0.002709881402552128, -0.029398513957858086, 0.00983760878443718, 0.018854856491088867, 0.012809736654162407, 0.0023652624804526567, 0.009535016492009163, -0.011592643335461617, -0.022297684103250504, -0.00611236272379756, 0.0003023820754606277, -0.0032360556069761515, -0.022230440750718117, 0.0017382240621373057, 0.028995057567954063, -0.00771946320310235, -0.019594525918364525, -0.0022862523328512907, 0.022970110177993774, 0.005268466658890247, -0.03364825248718262, -0.02185388095676899, -0.0012582793133333325, -0.015613758005201817, 0.0032074772752821445, 0.003748781280592084, 0.023279426619410515, 0.019298657774925232, 0.020213158801198006, -0.0014902666443958879, 0.004091719165444374, -0.021006623283028603, 0.011034528724849224, 0.03415929898619652, 0.003197391051799059, -0.015815485268831253, -0.0321958102285862, -0.020280402153730392, 0.009212251752614975, 0.029909558594226837, -0.03593450412154198, -0.024678075686097145, -0.024745319038629532, -0.022095955908298492, 0.034912414848804474, 0.02403254620730877, -0.005258379969745874, 0.019285209476947784, 0.019271761178970337, 0.024220824241638184, -0.005934169515967369, -0.005877012852579355, -0.027421578764915466, -0.004683454986661673, 0.01253404188901186, 0.00016632064944133162, -0.0018777527147904038, -0.015210301615297794, 0.004838113207370043, 0.011128668673336506, -0.003607571590691805, 0.01568100042641163, 0.020952830091118813, -0.02350805141031742, -0.007094106171280146, -0.014389940537512302, 0.009245873428881168, -0.012164206244051456, -0.003273039124906063, -0.008923107758164406, -0.03932353854179382, 0.004871734417974949, -0.0004980163648724556, 0.03316410630941391, 0.0024207376409322023, 0.04846854880452156, -0.0005387822166085243, -0.00015612917195539922, -0.004838113207370043, 0.016985509544610977, 0.034078605473041534, -0.001971892546862364, 0.009299667552113533, 0.04091046750545502, -0.01655515655875206, 0.03160407394170761, -0.006966345012187958, 0.0064855595119297504, -0.019123828038573265, 0.015613758005201817, -0.0249201487749815, -0.01796725206077099, -0.015102713368833065, -0.009171905927360058, 0.006539353635162115, -0.011868339031934738, 0.0016365195624530315, -0.04378845542669296, -0.00991157628595829, 0.004522072616964579, 0.014726154506206512, -0.02102007158100605, -0.013374575413763523, -0.003765591885894537, 0.015815485268831253, -0.015640655532479286, -0.02652052603662014, -0.021060418337583542, -0.010906768031418324, -0.0011069831671193242, 0.024879803881049156, -0.032410986721515656, 0.02087213844060898, 0.0005698819877579808, -0.016622398048639297, -0.021087314933538437, 0.0028746258467435837, -0.026964327320456505, 0.03300272300839424, 0.04997478425502777, 0.0031620885711163282, 0.0410180538892746, 0.006663752719759941, -0.014833742752671242, -0.013273711316287518, -0.002553541911765933, -0.004989409353584051, -0.024583935737609863, 0.015492720529437065, 0.03354066610336304, 0.0051877754740417, 0.0034058433957397938, -0.03539656475186348, 0.019500385969877243, 0.014026829972863197, -0.0068116867914795876, -0.007901018485426903, -0.007974985986948013, 0.019083481281995773, 0.0028544531669467688, -0.006072016898542643, 0.01858588494360447, -0.003225969150662422, 0.00954846478998661, -0.008990351110696793, -0.005974514875560999, 0.009965370409190655, -0.017873112112283707, 0.018975893035531044, 0.005402951966971159, 0.009635880589485168, 0.007672393694519997, 0.01894899643957615, 0.02886057272553444, 0.014900985173881054, -0.0189355481415987, 0.009017247706651688, -0.020683858543634415, 0.011834717355668545, 0.004158961586654186, -0.021867329254746437, 0.02013246901333332, -0.02081834338605404, 0.0016894731670618057, 0.008916383609175682, 0.008459133096039295, -0.025821201503276825, -0.004014390055090189, -0.003963958006352186, 0.005954342428594828, 0.01001916453242302, 0.01398648414760828, -0.007349628489464521, -0.015855832025408745, -0.029075749218463898, -0.007840500213205814, 0.007598426658660173, 0.017200686037540436, -0.004377500619739294, 0.003913525957614183, -0.0022459065075963736, 0.0044447435066103935, -0.6106714010238647, -0.02443600259721279, -0.0025417746510356665, -0.04010355472564697, 0.011303500272333622, 0.020535923540592194, -0.004017752129584551, 0.012029721401631832, -0.022095955908298492, 0.04470295459032059, -0.02303735353052616, 0.002188750309869647, -0.016017213463783264, -0.016151700168848038, -0.0035941230598837137, -0.01675688475370407, 0.0125811118632555, -0.009252597577869892, -0.02091248333454132, 0.003943785093724728, -0.026708805933594704, 0.017657935619354248, 0.006414954550564289, 0.031469590961933136, -0.002992300782352686, -0.019016239792108536, -0.0027115624397993088, -0.011592643335461617, 0.015479272231459618, 0.039215948432683945, -0.04801129549741745, 0.039726994931697845, 0.015949971973896027, 0.0236156415194273, 0.04093736410140991, -0.004259825684130192, -0.03364825248718262, 0.009561914019286633, -0.003577312221750617, 0.035208284854888916, -0.013999932445585728, -0.00014541237032972276, 0.028376424685120583, -0.017362067475914955, -0.0007514373282901943, 0.00858689472079277, 0.021571462973952293, 0.0016995595069602132, 0.0022812089882791042, -0.008183438330888748, -0.0008447365835309029, 0.009252597577869892, -0.02528326027095318, 0.0023854351602494717, 0.011021080426871777, -0.0048919073306024075, 0.0267357025295496, 0.0024056080728769302, 0.014954779297113419, -0.0171199943870306, 0.018922099843621254, -0.01299801655113697, -0.01691826619207859, 0.021315939724445343, -0.025135325267910957, 0.01635342836380005, -0.0029822143260389566, 0.008237232454121113, 0.0007821167819201946, -0.005860202480107546, 0.022701140493154526, 0.02548498846590519, -0.012083515524864197, 0.019486937671899796, 0.005150791723281145, 0.02033419720828533, 0.013878895901143551, -0.03886628895998001, -0.0021063778549432755, -0.013246814720332623, 0.014107520692050457, -0.00655280239880085, -0.03986148163676262, -0.016985509544610977, -0.004421208519488573, -0.012433177791535854, -0.030904751271009445, -0.02288941852748394, 0.042120836675167084, 0.007605150807648897, -0.0009506438509561121, 0.037144873291254044, 0.006905826739966869, -0.017926907166838646, -0.00022610362793784589, -0.014551322907209396, 0.0026678545400500298, 0.016487913206219673, 0.039215948432683945, -0.03354066610336304, -0.01354940701276064, -0.006754530593752861, 0.001465891138650477, 0.0028376425616443157, 0.02829573303461075, -0.012049893848598003, -0.009951921179890633, -0.017375517636537552, 0.02294321358203888, -0.02864539623260498, -0.005480281077325344, 0.0002229516248917207, -0.02194802090525627, 0.011195912025868893, -0.01671653799712658, -0.03445516526699066, 0.013973035849630833, -0.006650304421782494, -0.007322731427848339, -0.005786235444247723, -0.0035974851343780756, 0.002272803569212556, 0.022862521931529045, -0.016729986295104027, -0.003930336330085993, 0.000874995777849108, 0.006206502206623554, 0.00602158484980464, 0.017348619177937508, 0.010832800529897213, 0.0106377974152565, -0.03370204567909241, 0.024772215634584427, -0.004895269405096769, -0.0029822143260389566, -0.029882661998271942, -0.016528258100152016, -0.0018945634365081787, 0.012722320854663849, -0.019244864583015442, 0.018491746857762337, -0.007161349058151245, 0.02896816097199917, -0.02522946521639824, 0.006788151804357767, -0.03189994394779205, -0.02149077132344246, -0.006986517924815416, -0.04376155883073807, -0.011310224421322346, -0.014551322907209396, -0.0055475239641964436, -0.00741014676168561, 0.012265070341527462, -0.005312174092978239, -0.011801095679402351, -0.020535923540592194, -0.024624280631542206, 0.005920720752328634, -0.02054937370121479, -0.013650271110236645, 0.019473489373922348, -0.008660861290991306, 0.008230508305132389, -0.010705039836466312, -0.05766734853386879, -0.014860639348626137, 0.013905792497098446, -0.009165181778371334, -0.017832767218351364, -0.003083078423514962, 0.003076354041695595, -0.011659886687994003, -0.021194903180003166, -0.015707897022366524, 0.014120969921350479, -0.025659818202257156, -0.007154624443501234, -0.006347712129354477, -0.0031940287444740534, -0.007511010859161615, 0.011498503386974335, 0.02071075513958931, 0.0013843593187630177, 0.0308778528124094, -0.00019542413065209985, 0.02548498846590519, 0.017510002478957176, -0.02668190747499466, 0.04992099106311798, 0.011727129109203815, 0.02642638608813286, -0.009797262959182262, -0.008768449537456036, -0.021208351477980614, -0.004226204473525286, 0.032975826412439346, 0.02174629271030426, 0.012392831966280937, 0.009925024583935738, 0.023655986413359642, 0.002266079420223832, 0.0186934731900692, 0.011942305602133274, 0.006384695414453745, -0.0477423258125782, -0.015089265070855618, -0.030689574778079987, 0.025148775428533554, 0.013045086525380611, -0.009225700050592422, -0.013919241726398468, -0.0021383182611316442, 0.019083481281995773, 0.004962512291967869, 0.0160979051142931, -0.005850115790963173, 0.0016869514947757125, -0.0023518139496445656, 0.016622398048639297, 0.019339004531502724, 0.020428335294127464, 0.030393706634640694, 0.010631073266267776, -0.021517667919397354, 0.014578220434486866, 0.008089298382401466, 0.0031133375596255064, -0.0024862992577254772, -0.026278452947735786, 0.007874121889472008, 0.010772282257676125, -0.0004129122826270759, 0.0010531889274716377, 0.007282385602593422, -0.005433211103081703, 0.02092593163251877, -0.008163264952600002, 0.0029721278697252274, -0.03103923611342907, -0.00045725045492872596, 0.04338499903678894, 0.003483172506093979, -0.034320682287216187, 0.039000771939754486, -0.007127727381885052, 0.0029670847579836845, 0.03706418350338936, 0.026897085830569267, 0.0378979928791523, -0.015412029810249805, 0.0014709343668073416, -0.02853780798614025, 0.0150489192456007, 0.008230508305132389, -0.02512187696993351, 0.021396631374955177, 0.01502202171832323, -0.005207947921007872, 0.022445617243647575, 0.02283562533557415, -0.023064250126481056, 0.005853478331118822, -0.030286118388175964, 0.03757522627711296, 0.02512187696993351, -0.003493258962407708, -0.015264095738530159, 0.00659314775839448, -0.0019433144479990005, 0.01940624602138996, -0.04663954675197601, -0.00781360361725092, -0.04494502767920494, 0.01588272862136364, 0.0002523703151382506, -0.004458191804587841, 0.0033167467918246984, 0.030581986531615257, 0.03367514908313751, -0.014699256978929043, -0.016528258100152016, -0.008660861290991306, 0.014900985173881054, -0.0008514608489349484, -0.02341391332447529, 0.013811653479933739, 0.024516692385077477, 0.015707897022366524, -0.0008296069572679698, 0.01372423768043518, -0.0006589785916730762, 0.0009926705388352275, -0.01873381994664669, -0.013428369536995888, 0.026789497584104538, 0.031738560646772385, 0.019339004531502724, 0.003084759460762143, 0.006670476868748665, 0.008486030623316765, -0.000937195320148021, -0.032410986721515656, -0.023225633427500725, 0.03674141690135002, 0.0020811620634049177, 0.004485088866204023, -0.041340820491313934, -0.0017735265428200364, -0.014833742752671242, 0.008566721342504025, -0.0034730860497802496, -0.014336146414279938, 0.008990351110696793, -0.0035504151601344347, -0.00617624307051301, -0.004263187758624554, 0.006320815067738295, 0.02926402911543846, 0.018545540049672127, -0.010577279143035412, -0.019554181024432182, -0.019863497465848923, 0.01279628835618496, 0.004327068571001291, 0.018128635361790657, -0.015492720529437065, -0.019755909219384193, -0.0033806273713707924, 0.007181521505117416, -0.0010405810317024589, -0.021786639466881752, 0.017684834077954292, -0.0106377974152565, -0.018774164840579033, -0.0019029687391594052, 0.02107386663556099, -0.014363043010234833, -0.006283831316977739, -0.008338096551597118, -0.02682984247803688, -0.005557610187679529, -0.014860639348626137, -0.01920451782643795, 0.0016894731670618057, 0.0003893773246090859, 0.007739636115729809, 0.037602126598358154, 0.010698315687477589, 0.014080624096095562, -0.005651750136166811, -0.010906768031418324, 0.013266987167298794, -0.02481256052851677, -0.017738627269864082, -0.001119591179303825, 0.03133510425686836, 0.00853982474654913, -0.005127256736159325, 0.05772114545106888, 0.02791917510330677, 0.009716572239995003, 0.017402414232492447, 0.0022173284087330103, -0.002388797467574477, 0.029828866943717003, 0.0073899743147194386, -0.019244864583015442, -0.0006795716471970081, -0.015075815841555595, -0.010227616876363754, 0.0063611604273319244, -0.004458191804587841, 0.016057560220360756, -0.032410986721515656, -0.009326564148068428, -0.026224657893180847, -0.017510002478957176, 0.03082405962049961, 0.006145983934402466, 0.0064216791652143, -0.022539757192134857, -0.010402447544038296, -0.02999025024473667, 0.01473960280418396, -0.0034461889881640673, 0.03004404343664646, 0.010832800529897213, -0.0018542178440839052, -0.025659818202257156, -0.04456847161054611, -0.003671452170237899, -0.020428335294127464, -0.006899102125316858, -0.03383653238415718, 0.00874155294150114, -0.03332548961043358, 0.01175402570515871, 0.054627981036901474, 0.0300978384912014, 0.017617590725421906, -0.005302087869495153, 0.0014297481393441558, -0.00044422218343243003, -0.013865447603166103, -0.04233601316809654, 0.030555088073015213, 0.006613320671021938, 0.0022005178034305573, -0.01173385325819254, 0.015506169758737087, -0.0009548465022817254, -0.033083412796258926, 0.0529603585600853, -0.0021954744588583708, -0.0035705880727618933, 0.02381736971437931, -0.005090273451060057, 0.01936590112745762, 0.024019096046686172, -0.025404296815395355, 0.024059442803263664, -0.008284302428364754, -0.00985778123140335, 0.014228558167815208, 0.019890394061803818, 0.0030023870058357716, -0.005308812018483877, -0.020428335294127464, -0.002301381900906563, 0.007168073207139969, 0.010429345071315765, -0.0038496453780680895, 0.007739636115729809, -0.010846249759197235, -0.02533705346286297, -0.008364993147552013, -0.012608008459210396, 0.02412668615579605, 0.0012919006403535604, -0.001951719750650227, 0.03284133970737457, -0.004619574174284935, -0.0009817435638979077, 0.0033117036800831556, -0.007860672660171986, 0.020172813907265663, 0.011969203129410744, -0.007121003232896328, -0.025753958150744438, 0.005103721749037504, -0.016528258100152016, 0.004182496573776007, 0.0005387822166085243, 0.012036445550620556, 0.010684867389500141, -0.011686783283948898, -0.010731937363743782, -0.026870187371969223, 0.010799179784953594, -0.010348653420805931, 0.00926604587584734, 0.01639377325773239, 0.002583801280707121, 0.013435093685984612, -0.021988367661833763, -0.005386141128838062, -0.01603066176176071, -0.014147866517305374, -0.025861546397209167, -0.03281444311141968, 0.03206132352352142, 0.006132535170763731, 0.025511885061860085, 0.028510909527540207, 0.002807383192703128, -0.0063611604273319244, -0.017294825986027718, -0.026197761297225952, -0.02864539623260498, 5.145643444848247e-05, 0.0132333654910326, 0.04696230962872505, 0.009945197030901909, 0.026278452947735786, -0.0041623241268098354, 0.01268870010972023, -0.0020761187188327312, 0.0030175168067216873, 0.018249671906232834, 0.019325556233525276, 0.021679051220417023, -0.0027014759834855795, -0.007275661453604698, 0.045644354075193405, -0.007874121889472008, 0.020307298749685287, -0.008721379563212395, -0.0020240056328475475, 0.037440743297338486, -0.020468682050704956, 0.02102007158100605, -0.011632989160716534, -0.02325253002345562, -0.009171905927360058, 0.008950005285441875, -0.0009002118022181094, -0.02149077132344246, -0.03550415113568306, 0.005971152801066637, 0.0035201560240238905, -0.0035067074932157993, 0.012883704155683517, -0.016729986295104027, 0.019554181024432182, 0.012157482095062733, -0.01250714436173439, -0.02533705346286297, 0.039054568856954575, -0.00225094985216856, -0.014564771205186844, -0.02018626220524311, -0.028376424685120583, -0.0030813973862677813, -0.006559526547789574, 0.01144470926374197, 0.0021702584344893694, -0.0027014759834855795, -0.0035201560240238905, 0.001212049857713282, -0.005443297792226076, 0.011175738647580147, -0.0021668963599950075, -0.005392865743488073, -0.009824160486459732, -0.0011397639755159616, -0.0378710962831974, -0.003980768378823996, 0.022875970229506493, 0.041125643998384476, 0.005520626902580261, 0.010711763985455036, -0.012022997252643108, -0.03020542673766613, 0.013825101777911186, -0.03025921992957592, 0.03316410630941391, -0.008257404901087284, 0.009306391701102257, -0.005934169515967369, -0.005725717172026634, -0.019231416285037994, -0.0021332751493901014, 0.019217967987060547, 0.013583027757704258, 0.025915341451764107, 0.03698349371552467, -0.020266953855752945, -0.033971019089221954, 0.010731937363743782, -0.016783781349658966, -0.010530209168791771, -0.02672225423157215, 0.02237837389111519, 0.014457182958722115, -0.016232389956712723, 0.012009548023343086, 0.008378442376852036, -0.038005582988262177, 0.010180546902120113, 0.02122179977595806, 0.026278452947735786, -0.00804895255714655, -0.005776149220764637, -0.03752143308520317, -0.0011506909504532814, -0.022243889048695564, 0.03986148163676262, 0.015734795480966568, -0.00045640990720130503, -0.029398513957858086, 0.007174797356128693, 0.003859731601551175, 0.01572134532034397, 0.014161314815282822, 0.03128131106495857, -0.039000771939754486, 0.004259825684130192, 0.02034764550626278, -0.0054231248795986176, 0.005137343425303698, -0.012527317740023136, -0.0028611773159354925, 0.030850956216454506, 0.0043573277071118355, -0.009023971855640411, 0.01515650749206543, 0.007181521505117416, 0.0023568570613861084, 0.02869918942451477, -0.012870254926383495, -0.0005320579512044787, -0.0018222775543108582, -0.004538882989436388, 0.040775980800390244, 0.03857041895389557, 0.013374575413763523, -0.003262952668592334, 0.0021971557289361954, 0.011585919186472893, -0.021504219621419907, -0.01440338883548975, 0.008882761932909489, -0.016904817894101143, -0.02412668615579605, -0.006784789729863405, 0.01118246279656887, 0.01718723773956299, 0.02013246901333332, -0.008418787270784378, 0.018047943711280823, 0.01588272862136364, -0.004959150217473507, 0.015169955790042877, -0.0017718455055728555, -0.004222842399030924, -0.025027737021446228, -0.008371717296540737, 0.009629156440496445, 0.000944760104175657, -0.0004219480324536562, -0.02262044884264469, -0.03273375332355499, -0.013771307654678822, 0.005860202480107546, 0.0019769356586039066, -0.0025787579361349344, -0.012708872556686401, -0.005439935252070427, 0.009736744686961174, 0.013838550075888634, -0.02461083233356476, -0.025054635480046272, 0.007416871376335621, -0.029559897258877754, 0.014080624096095562, 0.01253404188901186, -0.0009523248882032931, -0.01250714436173439, -0.012204552069306374, 0.007295834366232157, 0.0024947046767920256, -0.024261170998215675, -0.019702114164829254, -0.014887536875903606, 0.025928789749741554, 0.004498537629842758, 0.002059308113530278, -0.02283562533557415, 0.007504286710172892, -0.0005715630832128227, 0.011901959776878357, 0.022754933685064316, -0.008075850084424019, 0.010113303549587727, 0.03356756269931793, -0.009474498219788074, 0.008196886628866196, -0.03722556680440903, -0.019850049167871475, -0.02829573303461075, -0.04064149409532547, -0.011296776123344898, -0.017402414232492447, -0.04247049614787102, 0.03762902319431305, 0.022149749100208282, 0.01702585443854332, -0.03601519763469696, 0.006831859704107046, -0.011276602745056152, -0.0015322932740673423, 0.0020693945698440075, 0.003355411347001791, 0.03588071092963219, 0.02713915891945362, -0.03082405962049961, 0.0446222648024559, 0.013851998373866081, 0.0128433583304286, -0.012863530777394772, -0.00390680180862546, -0.007295834366232157, -0.026251554489135742, 0.019997982308268547, -0.0031116565223783255, -0.05382106825709343, -0.0073025585152208805, 0.024879803881049156, -0.007201694417744875, 0.038893185555934906, 0.024637730792164803, -0.000756480498239398, -0.008223784156143665, 0.006041757762432098, -0.03133510425686836, 0.001338129979558289, -0.01006623450666666, 0.0241401344537735, -0.03585381433367729, -0.007995158433914185, 0.0037555054295808077, 0.008035504259169102, 0.009091214276850224, 0.028618497774004936, 0.01909692957997322, 0.008459133096039295, 0.0014532831264659762, -0.027206402271986008, 0.0089567294344306, -0.006159432698041201, 0.0019365900661796331, 0.014134418219327927, 0.021840432658791542, 0.009474498219788074, 0.03472413495182991, 0.003014154499396682, 0.015479272231459618, -0.0008649093797430396, 0.016998957842588425, 0.00900379940867424, 0.007611874956637621, -0.005170964635908604, -0.005940893664956093, 0.021087314933538437, -0.002456040121614933, -0.010496587492525578, -0.016272736713290215, 0.018236223608255386, 0.0032041152007877827, 0.013878895901143551, -0.027112262323498726, -0.01682412624359131, -0.02263389714062214, -0.030743367969989777, -0.003415929852053523, 0.0027115624397993088, 0.0037353327497839928, -0.006925999186933041, -0.005698820110410452, -0.0014902666443958879, -0.01599031686782837, 0.002612379379570484, 0.013535957783460617, -0.01608445681631565, -0.053121741861104965, -0.015290993265807629, 0.015748243778944016, -0.012473523616790771, -0.013771307654678822, 0.19322866201400757, 0.014376492239534855, 0.014618565328419209, 0.03203442692756653, 0.003276401199400425, 0.007127727381885052, 0.0031284671276807785, -0.02107386663556099, -0.03534277155995369, 0.00026602897560223937, 0.007645496632903814, 0.00023682042956352234, -0.00028262953856028616, 0.004206031560897827, -0.00973002053797245, -0.009938472881913185, -0.033917225897312164, -0.027730895206332207, -0.005920720752328634, -0.002941868733614683, 0.025673268362879753, 0.009017247706651688, 0.01562720723450184, -0.03198063373565674, 0.02147732302546501, -0.02007867395877838, 0.03195373713970184, -0.019137276336550713, 0.01224489789456129, -0.002345089567825198, -0.0014549641637131572, -0.005026392638683319, -0.005796321667730808, -0.01681067794561386, -0.004044649191200733, -0.030608883127570152, 0.0020895672496408224, -0.0012028040364384651, 0.02314494177699089, 0.0023652624804526567, -0.0415022037923336, -0.01769828237593174, 0.003091483609750867, -0.00615270808339119, -0.010852973908185959, -0.02294321358203888, -0.016783781349658966, -0.010315031744539738, 0.0039000774268060923, 0.03171166405081749, -0.03332548961043358, 0.0022963385563343763, 0.017604142427444458, 0.008755001239478588, -0.019702114164829254, -0.013616649433970451, 0.035208284854888916, 0.018720371648669243, -0.010227616876363754, 0.02444945089519024, 0.005214672535657883, 0.01056382991373539, 0.022499412298202515, 0.020414886996150017, 0.0028578152414411306, 0.011552298441529274, 0.005924082826822996, -0.007753084879368544, 0.028484012931585312, 0.009077765978872776, 0.009918300434947014, 0.0009119792957790196, 0.0016978784697130322, 0.00018670358986128122, 0.015264095738530159, -0.0008716336451470852, 0.024207375943660736, 0.03496621176600456, 0.016998957842588425, 0.013004740700125694, -0.020226607099175453, -0.02454359084367752, -0.011121944524347782, 0.011222808621823788, -0.023427361622452736, 0.021880779415369034, 0.00756480498239398, -0.01224489789456129, -0.028833674266934395, -0.01295094657689333, -0.0077463602647185326, -0.0039000774268060923, -0.015546515583992004, 0.004263187758624554, -0.003145277965813875, -0.0023854351602494717, 0.0063241771422326565, 0.018491746857762337, -0.02085869014263153, -0.018128635361790657, -0.03440137207508087, 0.04556366056203842, 0.004021114204078913, 0.004589315038174391, 0.017617590725421906, -0.0008682715124450624, -0.02532360516488552, -0.008755001239478588, -0.003573950147256255, -0.023655986413359642, 0.03405170887708664, -0.014537874609231949, -0.0055508860386908054, -0.00952829234302044, 0.01666274480521679, 0.020307298749685287, -0.011108496226370335, -0.012809736654162407, -0.00039568133070133626, 0.006818410940468311, 0.02356184646487236, -0.03203442692756653, 0.01162626501172781, 0.004975960589945316, -0.0085599971935153, -0.018357260152697563, -0.025148775428533554, 0.010644521564245224, 0.010920216329395771, -0.023118045181035995, 0.022391824051737785, -0.02682984247803688, -0.0016045792726799846, -0.01862623170018196, -0.013838550075888634, 0.013435093685984612, 0.009333288297057152, -0.01936590112745762, 0.000961570767685771, -0.00017441078671254218, 0.007181521505117416, -0.015654103830456734, 0.024745319038629532, 0.0009195440798066556, -0.008156540803611279, -0.009985542856156826, -0.008479306474328041, -0.007584977895021439, -0.03149648755788803, -0.017657935619354248, -0.004508623853325844, -0.020643513649702072, 0.005544161424040794, -0.03103923611342907, -0.006216588895767927, -0.014995125122368336, 0.03561174124479294, -0.04236290976405144, 0.025821201503276825, 0.005144067574292421, -0.016313081607222557, 0.01295094657689333, 0.010510035790503025, -0.007605150807648897, -0.008445684798061848, -0.024113235995173454, -0.1686985194683075, 0.033917225897312164, 0.02532360516488552, -0.014201660640537739, 0.015264095738530159, 0.0058702887035906315, 0.013408197090029716, -0.014336146414279938, -0.021262146532535553, -0.01691826619207859, -0.01173385325819254, -0.042900849133729935, -0.03617658093571663, -0.012480247765779495, -0.025753958150744438, -0.001364186522550881, -0.007154624443501234, 0.018827959895133972, 0.01162626501172781, 0.023521501570940018, 0.034078605473041534, -0.016689641401171684, 0.003420972963795066, -0.015075815841555595, -0.0005244931671768427, 0.030635779723525047, 0.002474531764164567, 0.008815519511699677, 0.009972094558179379, -0.010489863343536854, -0.0010985778644680977, 0.0030780350789427757, 0.011101772077381611, 0.01784621551632881, 0.0034260163083672523, 0.0028309181798249483, -0.00463302293792367, -0.016985509544610977, -0.010859698057174683, -0.003977406304329634, -0.008459133096039295, -0.0020744376815855503, -0.015344787389039993, 0.03181925043463707, 0.004828026983886957, 0.04247049614787102, -0.003987492993474007, 0.007047036197036505, 0.012702148407697678, -0.022566653788089752, 0.00575933838263154, -0.03585381433367729, -0.013670443557202816, 0.015304441563785076, 0.032572370022535324, 0.0078001548536121845, 0.04973271116614342, 0.02159835956990719, -0.015452375635504723, -0.03741384670138359, -0.009588810615241528, -0.012634905986487865, -0.015519618056714535, -0.008210334926843643, -0.020670410245656967, 0.018814511597156525, -0.010106579400599003, 0.0038059374783188105, -0.047984398901462555, -0.002109740162268281, -0.017563795670866966, 0.0005383619572967291, 0.012238173745572567, 0.0038563695270568132, 0.012325589545071125, 0.008795347064733505, -0.01443028636276722, -0.005453384015709162, 0.013919241726398468, 0.007665669079869986, -0.025363951921463013, 0.03289513662457466, -0.034320682287216187, 0.03913525864481926, 0.019648320972919464, -0.007840500213205814, 0.007739636115729809, -0.02813435159623623, 0.004706989973783493, 0.00615270808339119, 0.020993174985051155, -0.02974817529320717, -0.009292942471802235, -0.000922065693885088, -0.0010868103709071875, 0.016649296507239342, 0.0025468177627772093, 0.01597686856985092, -0.004932253155857325, -0.01951383426785469, 0.003641192801296711, -0.015425478108227253, -0.016326529905200005, 0.009306391701102257, 0.037763506174087524, 0.02475876733660698, 0.01246007438749075, -0.006132535170763731, 0.03518138825893402, 0.01935245282948017, -0.02958679385483265, 0.024557039141654968, 0.005218034610152245, 0.03109303116798401, 0.01593652367591858, 0.031792353838682175, 0.023118045181035995, -0.02029385045170784, 0.008761725388467312, 0.01471270527690649, 0.019083481281995773, -0.014134418219327927, -0.020589718595147133, 0.0053794169798493385, 0.027703996747732162, 0.0022593550384044647, -0.08402649313211441, 0.004024476278573275, 0.008143092505633831, -0.00021664761879947037, -0.0163399800658226, 0.0008031301549635828, -0.00783377606421709, 0.02403254620730877, -0.039673201739788055, 0.013179571367800236, -0.04857613518834114, -0.014215109869837761, -0.006226675119251013, 0.002807383192703128, -0.017617590725421906, 0.01935245282948017, -0.01196247898042202, 0.018720371648669243, 0.015452375635504723, 0.034535858780145645, 0.001631476334296167, -0.017012406140565872, 0.0014289076207205653, 0.02118145488202572, 0.003624382195994258, 0.0031923477072268724, -0.019486937671899796, 0.013609925284981728, 0.009501395747065544, -0.02190767601132393, -0.001597855007275939, -0.006878929678350687, 0.014537874609231949, -0.01962142437696457, -0.0011044616112485528, -0.007282385602593422, -0.009676226414740086, -0.009010523557662964, 0.036929696798324585, -0.009044145233929157, -0.012836634181439877, 0.01936590112745762, -0.0006955417920835316, -0.015533066354691982, 0.03550415113568306, -0.03757522627711296, -0.020697306841611862, 0.026587769389152527, -0.0171199943870306, -0.03227650374174118, -0.022849073633551598, -0.004226204473525286, -0.015506169758737087, -0.02065696194767952, 0.039162155240774155, 0.036768313497304916, 0.014188212342560291, 0.013441817834973335, 0.003765591885894537, 0.011774199083447456, -0.00273677846416831, -0.005332347005605698, 0.01113539282232523, 0.03278754651546478, 0.012762666679918766, 0.01341492123901844, -0.016205493360757828, -0.02969438210129738, 0.0029805332887917757, -0.038274552673101425, -0.017684834077954292, 0.01755034737288952, -0.0451602041721344, -0.0059577045030891895, -0.02165215276181698, 0.030743367969989777, -0.021141108125448227, -0.011068150401115417, 8.794086170382798e-05, -0.023010456934571266, 0.00699324207380414, -0.007026863284409046, -0.028241939842700958, -0.02450324408710003, 0.024274619296193123, 0.013098880648612976, 0.03364825248718262, -0.0150489192456007, -0.006024946924299002, -0.020697306841611862, 0.018975893035531044, -0.007867397740483284, -0.0003355831722728908, -0.04545607417821884, -0.01211713720113039, -0.0021551288664340973, -0.03389032557606697, 8.063871973718051e-06, 0.01196247898042202, -0.03362135589122772, -0.006149346008896828, -0.016945162788033485, -0.046424370259046555, 0.030528191477060318, -0.012977843172848225, 0.004353965632617474, 0.005446659866720438, 0.009023971855640411, -0.005984601564705372, -0.022203544154763222, 0.027435027062892914, 0.01976935751736164, -0.019944189116358757, 0.0236156415194273, -0.008600343018770218, -0.02501428872346878, 0.0016524896491318941, -0.008371717296540737, 0.004209393635392189, 0.018491746857762337, 0.009810712188482285, 0.04244359955191612, 0.017631039023399353, -0.023992199450731277, -0.015855832025408745, 0.01582893542945385, -0.006999966222792864, 0.004017752129584551, -0.001134720747359097, 0.03639175742864609, -0.024355310946702957, -0.022338028997182846, 0.014497528783977032, -0.02009212225675583, 0.00626702094450593, 0.024113235995173454, 0.01666274480521679, -0.027488820254802704, 0.006932723801583052, 0.02381736971437931, 0.015425478108227253, -0.009770366363227367, -0.026278452947735786, -0.02408633939921856, -0.006882291752845049, -0.012890428304672241, -0.020522475242614746, -0.009588810615241528, -0.011511952616274357, -0.009508119896054268, 0.008378442376852036, 0.005487005226314068, 0.02703157067298889, 0.024422552436590195, -0.008808795362710953, -0.026251554489135742, -0.010933664627373219, -0.021289043128490448, -0.0002416534989606589, -0.005386141128838062, -0.015344787389039993, 0.01894899643957615, 0.043976735323667526, -0.006841945927590132, -0.0035941230598837137, -0.024987392127513885, -0.008882761932909489, -0.012991292402148247, -0.02522946521639824, 0.0004248898767400533, 0.04322361573576927, -0.0327068567276001, -0.005856840405613184, -0.023387014865875244, 0.015734795480966568, 0.01702585443854332, 0.010839525610208511, -0.004364051856100559, -0.025041185319423676, -0.00434724148362875, 0.02662811428308487, 0.006966345012187958, 0.017093097791075706, -0.02490670047700405, -0.016649296507239342, 0.00639814417809248, 0.02808055654168129, 0.02648017928004265, 0.00434724148362875, 0.02189422771334648, -0.001475136959925294, 0.0025434556882828474, -0.011706956662237644, 0.003903439501300454, -0.012695424258708954, 0.011175738647580147, 0.0013675487134605646, -0.012211276218295097, -0.020737651735544205, -0.013475439511239529, 0.0009489627555012703, 0.00939380656927824, 0.004219480324536562, 0.009783814661204815, -0.0014541236450895667, 0.014645462855696678, -0.002553541911765933, 0.006761254742741585, -0.025606025010347366, -0.021194903180003166, -0.014591668732464314, 0.017362067475914955, -0.016689641401171684, -0.014336146414279938, -0.015035470947623253, -0.002032411051914096, 0.012453350238502026, -0.012419728562235832, -0.011263154447078705, -0.011175738647580147, -0.014954779297113419, 0.022243889048695564, 0.003745419206097722, 0.009662778116762638, 0.03566553443670273, -0.0006236761691980064, 0.025606025010347366, 0.028457116335630417, -0.0008443163242191076, -0.021665601059794426, 0.008176714181900024, 0.005853478331118822, 0.01862623170018196, -0.009165181778371334, -0.012318865396082401, -0.0029385064262896776, 0.0028376425616443157, -0.045133307576179504, 0.001966849435120821, -0.015896176919341087, -0.009286218322813511, 0.061002589762210846, 0.012722320854663849, -0.0011069831671193242, -0.003826110390946269, 0.0025148773565888405, 0.008243956603109837, 0.013441817834973335, 0.0008022896363399923, -0.026022929698228836, -0.027703996747732162, 0.037144873291254044, 0.00427999859675765, 0.00044043976231478155, -0.03663383051753044, -0.005782873369753361, 0.024005647748708725, -0.00983760878443718, 0.014336146414279938, -0.006700736470520496, -0.01920451782643795, 0.000530797173269093, 0.022512860596179962, -0.005786235444247723, -0.024328412488102913, 0.008714655414223671, -0.002346770605072379, 0.009319839999079704, -0.024462899193167686, -0.009050869382917881, -0.023629089817404747, 0.021423527970910072, -0.01219782792031765, -0.04489123448729515, -0.012406280264258385, -0.003449551062658429, -0.011747301556169987, -0.005930807441473007, -0.0013263624859973788, 0.025673268362879753, 0.03316410630941391, -0.006230037193745375, 0.03445516526699066, -0.0071075549349188805, -0.021194903180003166, -0.011377466842532158, 0.007161349058151245, 0.00037403759779408574, -0.0030343274120241404, -0.02325253002345562]","[-0.005690325051546097, -0.0007311060326173902, 0.006469731219112873, -0.03706802427768707, -0.0026139826513826847, -0.0013226785231381655, -0.020515553653240204, -0.03336915001273155, -0.0005341903888620436, -0.03519216552376747, 0.02908902056515217, 0.03992144390940666, -0.03418818488717079, 0.009471765719354153, -0.012556363828480244, -0.011215521953999996, -0.00196998193860054, -0.0357205793261528, 0.019075633957982063, -0.009597263298928738, -0.0021268539130687714, 0.012873411178588867, 0.007008049637079239, 0.010323828086256981, -0.0033438503742218018, 0.008216789923608303, 0.0005407955613918602, -0.0011674579000100493, 0.03529784828424454, -0.015561701729893684, -0.007087311241775751, -0.020819390192627907, -0.010753162205219269, -0.024557897821068764, -0.006383864209055901, -0.0029145164880901575, -0.011631645262241364, 0.013685842975974083, 0.02585250325500965, 0.013104590587317944, 0.023527495563030243, -0.010515376925468445, -0.0048151444643735886, -0.001996402395889163, -0.002765900921076536, 0.029194703325629234, 0.034214604645967484, -0.024439005181193352, -0.0002906259906012565, 0.019168104976415634, 0.009518001228570938, 9.7528965852689e-05, -0.021770529448986053, -0.047187093645334244, -0.0067834751680493355, -0.015244654379785061, 0.021889422088861465, -0.009049036540091038, -0.017001621425151825, -0.0076751685701310635, 0.0020013563334941864, -0.005105770193040371, -0.0066645825281739235, 0.0011732373386621475, -0.02297266386449337, -0.025376934558153152, -0.013646211475133896, 0.02077975869178772, -0.0013144221156835556, 0.013467873446643353, -0.001745407236739993, 0.013362190686166286, 0.00966991949826479, 0.0067900801077485085, -0.0066645825281739235, -0.008626308292150497, -0.0033768760040402412, 0.0119090611115098, 0.014504879713058472, -0.002774157328531146, 0.00871217530220747, -0.002800577785819769, -0.03297284245491028, -0.0058026122860610485, 0.02350107580423355, -0.0010766371851786971, -0.004650015849620104, 0.010693715885281563, -0.00643340265378356, 0.0017800842178985476, 0.02930038422346115, 0.00024769260198809206, 0.03186317905783653, 0.030542150139808655, 0.008758410811424255, 0.00863291323184967, 0.0187982190400362, 0.020409870892763138, 0.02162521705031395, -0.02144027315080166, 0.0023993158247321844, 0.009035826660692692, -0.021083595231175423, -0.0059875561855733395, -0.017252616584300995, -0.0019848435185849667, 0.04161236062645912, 0.0015274378238245845, -0.007569486275315285, -0.013950048014521599, -0.014148201793432236, 0.049564942717552185, 0.03167823329567909, -0.022417832165956497, 0.002036033198237419, 0.005624273791909218, 0.005944622680544853, -0.0173979289829731, -0.005716745741665363, -0.009570842608809471, 0.018467960879206657, 0.01064087450504303, 0.012899830937385559, -0.03564131632447243, 0.010006781667470932, 0.0008099548285827041, 0.04369958117604256, -0.014253884553909302, -0.006139474455267191, -0.008864092640578747, 0.048032552003860474, -0.007047680672258139, -0.005439329892396927, 0.030489308759570122, -0.0021929051727056503, 0.015046500600874424, -0.03212738409638405, 0.004722672514617443, -0.027371685951948166, -0.00766195822507143, 0.017186565324664116, 0.013507504016160965, -0.008547046221792698, 0.006370653863996267, -0.0007001444464549422, 0.01280075404793024, 0.04644731804728508, -0.008804647251963615, -0.008520625531673431, 0.007087311241775751, 0.031176242977380753, 0.001681832829490304, 0.02096470259130001, -0.0025429774541407824, 0.015403177589178085, 0.03495438024401665, -0.0004664877487812191, -0.0006316161598078907, 0.014835136011242867, 0.006119658704847097, 0.015997640788555145, 0.04037059471011162, 0.03722655028104782, 0.02895691804587841, 0.027979357168078423, 0.030753515660762787, -0.010251171886920929, -0.012721492908895016, -0.017252616584300995, 0.00029805678059346974, -0.02265561744570732, -0.018388699740171432, -0.0033983427565544844, 0.017041251063346863, 0.02541656419634819, 0.0253901444375515, 0.014346356503665447, -0.013844366185367107, -0.025244832038879395, 0.0022540027275681496, -0.012477102689445019, 0.014940818771719933, 0.022206468507647514, 0.0113608343526721, -0.020925072953104973, 0.0018692535813897848, 0.022774510085582733, -0.008507415652275085, 0.015931589528918266, 0.0005824904656037688, 0.028904076665639877, 0.009782207198441029, -0.015865538269281387, 0.007001444697380066, -0.6408567428588867, -0.02745094709098339, -0.025746822357177734, -0.000945360166952014, 0.009260401129722595, 0.0013144221156835556, 0.018917109817266464, 0.02281414158642292, -0.01538996770977974, 0.011182496324181557, 0.010845634154975414, 0.02432011254131794, 0.005320437252521515, -0.005819125100970268, 0.008428153581917286, -0.021083595231175423, 0.008223394863307476, -0.0016504584345966578, -0.04023849219083786, 0.026750802993774414, -0.017305457964539528, 0.010198330506682396, 0.00296900887042284, 0.002308495109900832, 0.008170553483068943, -0.03284073993563652, -0.0020591511856764555, -0.0037418098654597998, -0.002372895134612918, -0.0028170906007289886, -0.016935570165514946, -0.009346268139779568, 0.026843274012207985, -0.018137704581022263, 0.019537992775440216, -0.02760946936905384, -0.026129920035600662, 0.002569398144260049, 0.015944799408316612, 0.030542150139808655, -0.020608024671673775, -0.013263113796710968, 0.00824321061372757, -0.007899743504822254, 0.00521805789321661, -0.021664846688508987, -0.01795276068150997, 0.0025330698117613792, 0.01110983919352293, -0.027318844571709633, 0.01233178935945034, -0.011776958592236042, -0.02027776837348938, -0.008216789923608303, -0.001460560830309987, -0.0006559726316481829, -0.004214076790958643, -0.01309798564761877, -0.025310883298516273, -0.015786275267601013, -0.015958009287714958, 0.016288265585899353, -0.03513932600617409, -0.0030961576849222183, -0.02498062513768673, -0.0022820746526122093, 0.0008050010073930025, -0.006142776925116777, 0.011288178153336048, 0.008012030273675919, 0.013566950336098671, 0.01977577805519104, -0.0183358583599329, -0.0008120189304463565, 0.001803202205337584, 0.015931589528918266, 0.03651319444179535, -0.027213161811232567, -0.0183358583599329, 0.015376757830381393, 0.01984182931482792, -0.021704478189349174, -0.020647656172513962, -0.029379647225141525, 0.025839293375611305, 0.0001646123855607584, -0.002509951824322343, 0.00015934891416691244, 0.019234156236052513, -0.012133635580539703, 0.00945194996893406, 0.00496706273406744, 0.02943248860538006, -0.02062123641371727, -0.02103075385093689, -0.014835136011242867, 0.013216878287494183, -0.03875894099473953, -0.020608024671673775, -0.017477190122008324, -0.0073052807711064816, -0.0005110724014230072, 0.006373956799507141, 0.024954205378890038, 0.00871217530220747, -0.019656885415315628, 0.020819390192627907, 0.013646211475133896, 0.020647656172513962, -0.006875947117805481, -0.008613097481429577, -0.015244654379785061, 0.003579983953386545, 0.00966991949826479, 0.007582696620374918, -0.03236516937613487, 0.01996072195470333, 0.011717512272298336, 0.015878748148679733, 0.0032794501166790724, 0.015191813930869102, 0.004438651725649834, 0.000651844369713217, -0.03183675557374954, -0.00869896449148655, 0.01361979078501463, 0.034743018448352814, -0.0084611801430583, -0.017913129180669785, -0.026962166652083397, 0.01751682162284851, -0.010957920923829079, -0.010072832927107811, -0.015271075069904327, 0.00968313030898571, 0.011307993903756142, -0.007067495957016945, -0.005165216512978077, -0.00099324737675488, -0.0006770264590159059, -0.009835047647356987, 0.01513897255063057, -0.005455842707306147, -0.029538169503211975, 0.022800931707024574, -0.018666114658117294, -0.022615987807512283, 0.006096540950238705, 0.006340930704027414, 0.008507415652275085, 0.0032348656095564365, -0.014874767512083054, -0.016605312004685402, 0.006869341712445021, -0.005601155571639538, -0.004029133357107639, -0.013190457597374916, -0.035614896565675735, -0.00496045732870698, -0.023857751861214638, -0.009524607099592686, 0.03683023899793625, -0.0088508827611804, -0.02212720736861229, 0.003897030372172594, -0.01664494350552559, -0.021506324410438538, 0.01413499191403389, -0.011420280672609806, -0.023923803120851517, 0.009154719300568104, -0.00496045732870698, -0.02221967838704586, 0.005498776212334633, -0.005327042657881975, 0.024055907502770424, -0.0316518135368824, -0.019947512075304985, 0.013659422285854816, -0.023051926866173744, 0.005578037817031145, 0.016750626266002655, -0.006542387418448925, -0.002405920997262001, 0.02009282447397709, 0.008897118270397186, 0.017543241381645203, 0.007285465486347675, -0.03733222931623459, 0.04174446314573288, 0.002790670143440366, -0.011664670892059803, -0.006776869762688875, -0.01018512062728405, 0.008731990121304989, 0.05117659643292427, -0.0034280656836926937, 0.0075496709905564785, 0.013580160215497017, 0.016935570165514946, 0.035614896565675735, -0.007140152622014284, 0.011288178153336048, -0.015191813930869102, 0.017530031502246857, -0.024333322420716286, -0.005611063446849585, -0.01564096286892891, 0.002163182245567441, 0.012027953751385212, 0.01933983899652958, -0.03199528157711029, -0.03453165292739868, 0.001014714129269123, 0.008124317973852158, -0.011083418503403664, 0.008725385181605816, 0.01817733608186245, -0.007259044796228409, 0.01234500017017126, 0.016869518905878067, -0.008071476593613625, 0.03941945359110832, 0.0024174798745661974, -0.015931589528918266, 0.027371685951948166, 0.025112727656960487, 0.008817857131361961, -0.005515289027243853, -0.040423434227705, 0.01908884383738041, -0.015191813930869102, -0.00148450443521142, 0.005023206118494272, 0.04192940518260002, 0.009564237669110298, 0.022853771224617958, -0.013474478386342525, 0.004101789556443691, 0.016407158225774765, -0.03210096433758736, 0.005353462882339954, 0.04412231221795082, -0.029591010883450508, -0.013646211475133896, 0.007179783191531897, 0.027900096029043198, 0.04729277640581131, -0.015773065388202667, 0.022074365988373756, 0.014954028651118279, -0.010852239094674587, -0.01575985550880432, -0.0015720224473625422, 0.01968330703675747, -0.013923627324402332, -0.019564414396882057, 0.008111107163131237, 0.0034544863738119602, 0.017226194962859154, 0.022364992648363113, -0.009755786508321762, 0.0030664345249533653, -0.0035997992381453514, -0.0024075722321867943, -0.002404269529506564, -0.018573643639683723, -0.016605312004685402, -0.0018593459390103817, 0.011545778252184391, -0.005082652438431978, -0.01457093097269535, 0.0015678942436352372, 0.00899619609117508, 0.0016413764096796513, 0.006387166678905487, 0.009293426759541035, -0.004788723774254322, 0.01406894065439701, 0.004745790269225836, -0.01801881194114685, -0.01890389993786812, 0.00924719125032425, 0.01361979078501463, 0.013500899076461792, -0.012463892810046673, -0.01107681356370449, 0.010502167046070099, -0.0008256420260295272, 0.01717335544526577, 0.013910417445003986, 0.007377937436103821, 0.0048217494040727615, -0.008216789923608303, 0.010416300036013126, 0.01216005627065897, 0.01955120451748371, 0.011922270990908146, -0.0029904753901064396, 0.025997817516326904, 0.01667136512696743, 0.00866593886166811, 0.004187656566500664, -0.02548261545598507, 0.030859196558594704, -0.008480994962155819, -0.00993412546813488, 0.0013490990968421102, 0.017477190122008324, 0.00945194996893406, 0.005241175647825003, -0.0033653168939054012, -0.011545778252184391, -0.007642142940312624, -0.004679739009588957, -0.0007682599243707955, 0.016631733626127243, 0.0005354288732632995, 0.007820481434464455, -0.014993659220635891, 0.00918113999068737, -0.003335593966767192, -0.019141685217618942, 0.026645120233297348, 0.023210449144244194, 0.011453306302428246, 0.020700497552752495, -0.0006605136441066861, -0.019670095294713974, -0.003115973202511668, -0.017292246222496033, -0.03186317905783653, 0.0014440478989854455, 0.002935983007773757, 0.020832600072026253, -0.02169126830995083, -0.003949871752411127, 0.010753162205219269, 0.006430100183933973, 0.01187603548169136, -0.009802022017538548, -0.024518266320228577, 0.04406946897506714, 0.012067584320902824, -0.011294783093035221, 0.01406894065439701, 0.004260312765836716, 0.017728185281157494, 0.021202487871050835, -0.008216789923608303, 0.04018564894795418, 0.007860112003982067, 0.010706925764679909, -0.021479902788996696, -0.02742452546954155, 0.011459911242127419, 0.007179783191531897, 0.008514020591974258, -0.0015456018736585975, 0.03175749629735947, 0.0010799397714436054, -0.00035997992381453514, 0.004541031084954739, -0.0012648836709558964, 0.0049769701436161995, 0.006004069000482559, -0.007060891017317772, -0.005545012187212706, -0.0005222185864113271, -0.016526050865650177, 0.004435349255800247, 0.01338200643658638, 0.016843097284436226, -0.007635537534952164, -0.0058323354460299015, -0.0009288472938351333, -0.011651461012661457, -0.002258956665173173, -0.02525804191827774, 0.020991124212741852, -0.0263280738145113, -0.03867967799305916, -0.012041163630783558, 7.701692084083334e-06, -0.03379187732934952, -0.006823105737566948, 0.010819213464856148, 0.008659333921968937, 0.004200866911560297, 0.020674077793955803, 0.0033917375840246677, -0.01115607563406229, -0.021796949207782745, 0.01262902095913887, 0.01093810610473156, 0.002258956665173173, -0.01311780046671629, 0.023831332102417946, 0.016103321686387062, 0.0028170906007289886, 0.014399196952581406, -0.015508860349655151, 0.002587562194094062, 0.0050066933035850525, -0.006615044083446264, -0.021664846688508987, -0.02811145968735218, 0.0004743313475046307, -0.02660548873245716, 0.02128174901008606, -0.01607690192759037, 0.004719370044767857, 0.014795505441725254, 0.0003129183314740658, -0.012576179578900337, 0.007060891017317772, 0.0032348656095564365, -0.013699052855372429, 0.006714120972901583, -0.008111107163131237, -0.0034247632138431072, 0.002528115874156356, -0.007780850864946842, 0.00988788902759552, -0.004372600466012955, -0.02808503992855549, -0.01164485514163971, -0.010449325665831566, 0.009379293769598007, -0.006066817790269852, -0.0069353929720819, 0.013738683424890041, 0.004669831600040197, -0.018322648480534554, 0.010026597417891026, -0.016869518905878067, 0.014201043173670769, 0.002635449403896928, 0.020449502393603325, -0.006922183092683554, 0.010759767144918442, 0.005026508588343859, 0.016697784885764122, -0.001116268103942275, -0.017622504383325577, -0.0012384630972519517, 0.01918131671845913, -0.0014911094913259149, 0.0024372953921556473, 0.03397682309150696, -0.01742435060441494, -0.03767569735646248, 0.0047920262441039085, 0.004702857229858637, 0.014755874872207642, -0.011050392873585224, -0.022615987807512283, -6.280039815464988e-05, -0.024439005181193352, -0.02607707865536213, -0.0028385573532432318, 0.01532391645014286, -0.02144027315080166, -0.0004648364847525954, -0.0033108245115727186, 0.014372777193784714, 0.01060784887522459, -0.01899637281894684, -0.02391059324145317, -0.01874537765979767, -0.016539260745048523, -0.01845475099980831, 0.03445238992571831, 0.026565859094262123, -0.010092648677527905, 0.011499542742967606, -0.026896115392446518, -0.027160320430994034, 0.0038375842850655317, -0.026882905513048172, -0.02228572964668274, -0.00030177217558957636, 0.01642036996781826, 0.021915841847658157, 0.029485328122973442, -0.006948603317141533, 0.0252316202968359, -0.01570701412856579, -0.0024372953921556473, 0.028005778789520264, 0.009702945128083229, -0.005967740900814533, -0.02422763966023922, 0.010350248776376247, 0.022259309887886047, -0.006033792160451412, 0.022589566186070442, 0.032418008893728256, 0.025310883298516273, 0.013005513697862625, 0.008824462071061134, 0.004200866911560297, -0.02513914927840233, -0.03675097972154617, 0.020489133894443512, 0.012391235679388046, -0.017199775204062462, 0.02930038422346115, -0.022391412407159805, -0.004253707826137543, 0.023104766383767128, 0.032048121094703674, 0.011856219731271267, 0.005300621967762709, 0.00891693402081728, 0.005852150730788708, 0.02388417348265648, -0.002567746676504612, 0.014016099274158478, -0.009306637570261955, -0.0054459348320961, -0.016499631106853485, 0.007272255141288042, 0.013817945495247841, 0.0014399196952581406, 0.017226194962859154, -0.004623595625162125, 0.004735882859677076, 0.002201161812990904, 0.00990109983831644, -0.01682988740503788, -0.008659333921968937, -0.018467960879206657, -0.021678058430552483, -0.03720012679696083, -0.03566773608326912, -0.0068495264276862144, 0.01090508047491312, -0.013012118637561798, 0.009524607099592686, 0.008256420493125916, 0.025429775938391685, -0.00690236734226346, -0.02566755935549736, 0.0075562759302556515, -0.036935921758413315, 0.026658330112695694, -0.00993412546813488, 0.04499419033527374, 0.018877480179071426, 0.00966991949826479, -0.013685842975974083, 0.015033290721476078, 0.01867932640016079, 0.020568395033478737, 0.011671275831758976, 0.0027114085387438536, 0.014359566383063793, -0.0037781379651278257, -0.007133547216653824, 0.009835047647356987, -0.01865290477871895, 0.0039168456569314, 0.029406066983938217, -0.0005226313951425254, -0.006050304975360632, -0.021453483030200005, -0.023368973284959793, -0.044677142053842545, 0.02397664450109005, 0.011843009851872921, -0.006862736772745848, 0.004887801129370928, -0.013791524805128574, -0.010449325665831566, 0.024359742179512978, -0.025905344635248184, 0.027503788471221924, 0.023765280842781067, -0.017503611743450165, 0.0014754222938790917, -0.018349068239331245, -0.0138707859441638, -0.00816394854336977, 0.014703033491969109, -0.0008153215167112648, -0.023461444303393364, 0.016301477327942848, 0.016565682366490364, -0.007311886176466942, -0.02829640358686447, -0.007041075266897678, 0.002404269529506564, 0.027530208230018616, -0.03202170133590698, -0.0001665732852416113, 0.010376669466495514, 0.033078521490097046, -0.017662134021520615, -0.012734702788293362, -0.01601085066795349, 0.005941320210695267, -0.025786451995372772, -0.02447863481938839, 0.009339663200080395, 0.027292422950267792, -0.008540441282093525, -0.021545954048633575, 0.00935287307947874, -0.016909148544073105, -0.014531300403177738, -0.024148378521203995, -0.0065622031688690186, -0.030093001201748848, -0.005340252537280321, -0.027041427791118622, 0.001813109964132309, 0.0213081706315279, -0.003003685735166073, 0.017437560483813286, 0.013018723577260971, 0.01067390013486147, -0.020726917311549187, 0.017120514065027237, -0.012543153949081898, 0.02842850610613823, -0.027662310749292374, -0.014214253053069115, -0.023765280842781067, -0.02858703024685383, 0.03315778449177742, -0.024861732497811317, -0.007166572846472263, -0.023144397884607315, 0.02541656419634819, 0.01955120451748371, -0.024359742179512978, -0.007582696620374918, -0.014333145692944527, 0.0069353929720819, 0.022549934685230255, 0.006146079394966364, -0.019749358296394348, 0.03128192573785782, -0.02184979058802128, -0.007278860080987215, -0.01338200643658638, -0.019577624276280403, -0.009742575697600842, 0.020515553653240204, 0.011116444133222103, -0.035614896565675735, -0.030251525342464447, -0.010000176727771759, -0.009372688829898834, 0.007292070426046848, -0.03513932600617409, 0.002666823798790574, -0.010053017176687717, -0.018124494701623917, -0.005660601891577244, 0.011651461012661457, -0.033606935292482376, 0.0029706601053476334, -0.008857487700879574, -0.010370064526796341, -0.012027953751385212, 0.03265579417347908, -0.011268362402915955, -0.017979180440306664, 0.009828442707657814, -0.03487512096762657, 0.007060891017317772, 0.015165393240749836, -0.0202117171138525, 0.004603779874742031, -0.003900333074852824, -0.03294641897082329, -0.03780779987573624, -0.025812873616814613, -0.021929053589701653, -0.04314475134015083, -0.0023018899373710155, 0.007391147781163454, 0.03469017520546913, -0.0028451625257730484, -0.015469229780137539, 0.019326629117131233, -0.013362190686166286, 0.00024108747311402112, -0.0451262928545475, 0.00045864415005780756, 0.008018635213375092, 0.0022341874428093433, 0.014729454182088375, -0.01330274436622858, 0.003764927852898836, -0.006113053765147924, 0.03904956579208374, -0.012754518538713455, 0.02404269576072693, 0.009735970757901669, 0.008778226561844349, -0.019921090453863144, -0.006555597763508558, 0.015033290721476078, 0.0271074790507555, 0.013388611376285553, -0.0025049978867173195, -0.04118962958455086, -0.004494795110076666, -0.007278860080987215, 0.007126942276954651, -0.008580071851611137, -0.014901187270879745, 0.013282929547131062, -0.012899830937385559, -0.0018279715441167355, 0.0006146904779598117, -0.019353048875927925, 0.004636805970221758, -0.032206643372774124, 0.0060470025055110455, -0.002074012765660882, 0.023342551663517952, 0.023857751861214638, 0.01968330703675747, 0.01040309015661478, -0.0002020758984144777, 0.013448057696223259, -0.037120867520570755, -0.015614542178809643, 0.014491668902337551, 0.004689646884799004, -0.011710906401276588, -0.007351516745984554, 0.017384719103574753, -0.021757319569587708, -0.019498363137245178, 0.010323828086256981, -0.005426119547337294, -0.011453306302428246, 0.029987318441271782, 0.021110014989972115, -0.04657942056655884, -0.007417568005621433, 0.0014291864354163408, 0.008903724141418934, -0.005105770193040371, -0.015125762671232224, -0.020383451133966446, 0.0007934420136734843, -0.030912037938833237, -0.006393772084265947, -0.020145665854215622, -0.012477102689445019, 0.01431993581354618, 0.0020723615307360888, -0.006545690353959799, 9.598088945494965e-05, 0.20037341117858887, -0.001755314995534718, 0.022417832165956497, 0.02626202255487442, -0.0013969863066449761, 0.023302922025322914, 0.006816500797867775, 0.004326364491134882, -0.002445551799610257, 0.01682988740503788, -0.004006015136837959, 0.021836580708622932, -0.009531212039291859, -0.0012046117335557938, 0.003218352794647217, -0.012602600269019604, -0.02842850610613823, -0.04121604934334755, -0.03434671089053154, 0.004867985378950834, 0.01388399675488472, 0.014597351662814617, -0.00393996387720108, -0.01858685351908207, 0.027715152129530907, -0.01667136512696743, -0.0033983427565544844, 0.021889422088861465, 0.015178603120148182, -0.0005321262869983912, -0.011796773411333561, -0.003051572944968939, -0.0020310794934630394, -0.006803290452808142, -0.050066933035850525, -0.014253884553909302, -0.0012846990721300244, -0.005175124388188124, 0.025971395894885063, 0.021664846688508987, 0.00965010467916727, -0.021387431770563126, -0.006314510479569435, -0.019564414396882057, 0.00891693402081728, 0.02328971028327942, -0.012371420860290527, -0.007939374074339867, 0.0026899417862296104, 0.034743018448352814, -0.018216965720057487, -0.01733187772333622, -0.004432046320289373, 0.012985697947442532, 0.010700320824980736, -0.014755874872207642, 0.03400324285030365, -0.027900096029043198, -0.007543065585196018, 0.014742664061486721, -0.007747824769467115, 0.008355497382581234, -0.0077346148900687695, -0.0034214607439935207, -0.013038539327681065, -0.008771620690822601, -0.015046500600874424, 0.02137422189116478, 0.010594638995826244, -0.012952672317624092, 0.007093916647136211, 0.0020426383707672358, -0.008606492541730404, 0.0173979289829731, -0.04111037030816078, -0.01413499191403389, 0.026724381372332573, 0.021387431770563126, 0.012153451330959797, 0.018824638798832893, -0.05318455770611763, -0.0169223602861166, -0.03764927759766579, -0.006185710430145264, -0.0025429774541407824, -0.013857576064765453, 0.018983161076903343, -0.012021347880363464, 0.004072066396474838, 0.005485565867275, 0.02701500803232193, -0.021981893107295036, 0.004504702985286713, 0.013659422285854816, -0.0021384127903729677, 0.00011569308844627813, -0.011882640421390533, 0.016816677525639534, 0.011856219731271267, -0.029406066983938217, -0.027847254648804665, 0.030225103721022606, 0.016631733626127243, -0.01241105142980814, -0.024465424939990044, 0.008923538960516453, -0.0030581781174987555, 0.0025826082564890385, 0.040132809430360794, -0.028349244967103004, -0.014689823612570763, -0.026143129914999008, 0.01920773647725582, 0.0036031019408255816, -0.004405626095831394, 0.010772977024316788, 0.027503788471221924, -0.022483883425593376, 0.0014960634289309382, 0.005607760976999998, 0.01861327514052391, -0.03400324285030365, 0.014623772352933884, 0.021519534289836884, -0.003999410197138786, -0.016341106966137886, -0.030330786481499672, 0.0015299146762117743, -0.011988322250545025, -0.03397682309150696, 0.011869430541992188, -0.008718780241906643, 0.0277415718883276, -0.004884498193860054, -0.018467960879206657, 0.00028216317878104746, 0.021479902788996696, -0.014861556701362133, -0.0064499154686927795, 0.0038078611250966787, -0.020541973412036896, -0.0018642997602000833, 0.02516556903719902, 0.002955798525363207, -0.008104502223432064, -0.02863987162709236, 0.015469229780137539, -0.016539260745048523, -0.01388399675488472, -0.02030418999493122, 0.021110014989972115, -0.008864092640578747, 0.033765457570552826, 0.0021945566404610872, 0.05838940665125847, 0.004901011008769274, -0.015601332299411297, -0.02557508833706379, -0.030568571761250496, -0.0028154393658041954, 0.008487599901854992, -0.011743932031095028, 0.023368973284959793, -0.009088668040931225, -0.01482192613184452, -0.0009924217592924833, -0.16687215864658356, 0.017160143703222275, -0.0064730336889624596, -0.019485151395201683, 0.010911685414612293, 0.024835312739014626, 0.019894670695066452, 0.01010585855692625, 0.0012731400784105062, 0.018322648480534554, -0.007001444697380066, -0.0010824167402461171, -0.022919822484254837, 0.02964385226368904, 0.013672632165253162, -0.003764927852898836, 0.004646713379770517, -0.0016455046134069562, 0.06309226155281067, 0.01996072195470333, 0.008586677722632885, -0.012140240520238876, 0.010832423344254494, 0.006152684334665537, 0.0014952376950532198, 0.012054373510181904, 0.007311886176466942, 0.0074439886957407, 0.009009405970573425, -0.0015216582687571645, 0.000692713656462729, 0.016367528587579727, -0.02052876353263855, 0.02808503992855549, 0.018071653321385384, -0.020700497552752495, -0.012285553850233555, -0.012985697947442532, -0.004042343236505985, 0.018732165917754173, 0.008302656002342701, 0.002861675340682268, -0.022840561345219612, -0.0042933388613164425, -0.014518089592456818, 0.035614896565675735, -2.2782560336054303e-05, -0.012292158789932728, -0.008302656002342701, -0.019286997616291046, 0.004177748691290617, -0.03735865280032158, 0.027820834890007973, -0.004326364491134882, 0.006030489690601826, 0.02196868322789669, -0.032576531171798706, -0.0006724854465574026, -0.003124229609966278, -0.0059512280859053135, -0.00520154507830739, -0.027186742052435875, 0.025337303057312965, -0.015178603120148182, -0.018045231699943542, 0.003890425432473421, -0.0030499217100441456, 0.0219422634691, -0.011321203783154488, 0.017820658162236214, -0.0058686635456979275, -0.029379647225141525, -0.004098487086594105, -0.011301388032734394, 0.017569663003087044, -0.024214429780840874, -0.02121569775044918, 0.00370548153296113, 0.015429598279297352, 0.005822427570819855, -0.03891746327280998, 0.05331666022539139, 0.009333057329058647, 0.019696516916155815, -0.006506059318780899, -0.02005319483578205, 0.01836227998137474, 0.00916792917996645, 0.0148087153211236, -0.04866664484143257, 0.01114286482334137, -0.014293515123426914, -0.011519357562065125, -0.009313242509961128, 0.037966322153806686, 0.017979180440306664, 0.012318579480051994, -0.012391235679388046, 0.012021347880363464, 0.005786099471151829, 0.0041149999015033245, -0.001512576243840158, -0.02027776837348938, 0.023104766383767128, 0.019696516916155815, 0.01673741638660431, -0.016248635947704315, -0.010819213464856148, 0.042352136224508286, 0.010409695096313953, -0.02692253515124321, -0.012417656369507313, -0.00013643734564539045, 0.019828619435429573, 0.004257010295987129, 0.024399373680353165, -0.008296051062643528, -0.0011014065239578485, 0.023553917184472084, -0.003540353151038289, 0.011499542742967606, -0.035588473081588745, 0.015416388399899006, 0.017001621425151825, -0.015020079910755157, -0.027398105710744858, -0.0880860984325409, -0.03030436486005783, 0.006453218404203653, 0.0366717167198658, 0.0011311295675113797, 0.013936838135123253, 0.0004681390419136733, -0.004811841994524002, -0.004745790269225836, 0.01698841154575348, -0.02685648389160633, -0.012437472119927406, -0.02169126830995083, 0.0038441894575953484, 0.010099253617227077, -0.0069684190675616264, -0.006139474455267191, -0.025020256638526917, -0.02165163680911064, 0.03265579417347908, -0.013104590587317944, -0.014016099274158478, -0.015244654379785061, 0.001434965874068439, 7.337893475778401e-05, -0.01186282467097044, -0.02667153999209404, 0.008223394863307476, 0.021730897948145866, -0.0050000883638858795, 0.026288442313671112, -0.025033466517925262, 0.027979357168078423, 0.0008355497266165912, -0.01980219967663288, -0.015165393240749836, -0.039155248552560806, 0.0050958627834916115, -0.010237961076200008, -0.043514639139175415, 0.014623772352933884, 0.016301477327942848, -0.01607690192759037, -0.0059281098656356335, 0.013454662635922432, -0.013765104115009308, -0.004484887700527906, 0.03125550597906113, -0.006106448359787464, -0.0007017957395873964, -0.017794236540794373, 0.02945890836417675, -0.046526581048965454, -0.04628879576921463, -0.014901187270879745, 0.0002493438951205462, -0.010918290354311466, 0.015231444500386715, 0.013190457597374916, 0.00808468647301197, 0.015522070229053497, -0.01204776857048273, 0.002899654908105731, 0.015812696889042854, 0.010918290354311466, 0.008203579112887383, -0.0020888743456453085, 0.015231444500386715, 0.008890513330698013, -0.004759000614285469, 0.006733936723321676, 0.006304602604359388, -0.02945890836417675, 0.002004658803343773, -0.01767534576356411, 0.004280128516256809, 0.0064730336889624596, -0.011902456171810627, -7.126323180273175e-05, 0.03347483277320862, -0.004901011008769274, -0.021915841847658157, -0.01886427029967308, 0.006364048924297094, 0.010158699937164783, 0.013699052855372429, 0.021202487871050835, -0.0015984430210664868, 0.025020256638526917, -0.02945890836417675, -0.008375313133001328, 0.03395039960741997, 0.03537711128592491, -0.014676612801849842, -0.021255329251289368, 0.021387431770563126, 0.008256420493125916, -0.003791348310187459, 0.01060784887522459, -0.0021185975056141615, -0.011096629314124584, -0.017094092443585396, -0.04142741486430168, 0.01726582646369934, -0.02165163680911064, 0.003046619240194559, 0.0065688081085681915, 0.00694199837744236, -0.005815822631120682, -0.006281484849750996, -0.002909562550485134, 0.004848170094192028, -0.0011608527274802327, 0.0018164125503972173, -0.0517050065100193, -0.0022358386777341366, -0.01980219967663288, -0.012008138000965118, 0.012239317409694195, -0.006492848973721266, 0.0032233064994215965, -0.02472962997853756, -0.01413499191403389, -0.003576681250706315, -0.006519269663840532, 0.023580336943268776, 0.0019749358762055635, 0.002830300945788622, 0.005085954908281565, 0.023368973284959793, -0.03030436486005783, -0.0048217494040727615, 0.04945925995707512, -0.010145489126443863, 0.00988788902759552, 0.030568571761250496, -0.015746645629405975, -0.027133900672197342, 0.0022094182204455137, 0.008547046221792698, 0.026063868775963783, -0.015944799408316612, 0.0026387518737465143, -0.02140064164996147, 0.010634269565343857, -0.025456195697188377, 0.008269630372524261, 0.005336950067430735, -0.012939462438225746, -0.0028947009705007076, 0.006624951958656311, -0.009815232828259468, 0.02306513674557209, 0.0038805175572633743, -0.010270986706018448, 0.022008314728736877, -0.0014514786889776587, -0.03418818488717079, 0.0027411316987127066, 0.022523514926433563, 0.009458554908633232, -0.0228801928460598, 0.04108394682407379, 0.02484852261841297, -0.00918113999068737, -0.026882905513048172, -0.0261695496737957, -0.006988234352320433, -0.014372777193784714, 0.020039983093738556, -0.002921121660619974, -0.012404446490108967, 0.011175890453159809, 0.009379293769598007, 0.007780850864946842, 0.009002801030874252, 0.02479568123817444, 0.03445238992571831, -0.012840385548770428, -0.009623683989048004, -0.004712764639407396, 0.014835136011242867, 0.034610915929079056, -0.0073052807711064816, -0.03278789669275284, 0.00819697417318821, 0.033052101731300354, 0.02845492772758007, -0.006066817790269852, 0.02228572964668274, 0.0074836197309195995, -0.020819390192627907, -0.0034346708562225103, -0.008778226561844349, -0.014161412604153156, -0.025535456836223602, 0.005118980538100004, -0.007655353285372257, -0.021479902788996696, 0.009848258458077908, -0.020264558494091034, 0.03236516937613487, 0.009986965917050838, 0.010264381766319275, -0.0017982483841478825, -0.02416158840060234, -0.021915841847658157, -0.0015191814163699746, -0.041136790066957474, -0.022483883425593376, 0.006106448359787464, -0.020000353455543518, -0.0050000883638858795, 0.015720224007964134, -0.0016223866259679198, 0.0114400964230299, -0.0072458344511687756, -0.020106034353375435, 0.008177158422768116, -0.0005932237836532295, -0.01904921419918537, 0.029379647225141525, -0.019722936674952507, 0.023778490722179413, 0.038124848157167435, -0.020634446293115616, 0.03014584258198738, -0.018388699740171432, 0.01626184582710266, -0.03529784828424454, 0.01363300159573555, 0.006463125813752413, -0.012899830937385559, -0.003366968361660838, 0.016288265585899353, -0.022615987807512283, -0.007688378915190697, 0.008870698511600494, -0.010581428185105324, 0.01952478289604187, 0.014504879713058472, 0.08343607932329178, 0.00045699288602918386, -0.02030418999493122, 0.0029838704504072666, -0.003969687037169933, 0.02388417348265648, 0.006466428749263287, -0.016182584688067436, -0.013897206634283066, -0.014346356503665447, 0.02945890836417675, -0.0010815911227837205, -0.029828796163201332, -0.046737946569919586, -0.004478282295167446, -0.009986965917050838, 0.015812696889042854, 0.02509951777756214, -0.003900333074852824, 0.019326629117131233, 0.02760946936905384, 0.005729955621063709, -0.004613687749952078, 0.02169126830995083, -0.0003414029779378325, -0.0034247632138431072, 0.020568395033478737, 0.009735970757901669, -0.007939374074339867, -0.005340252537280321, -0.005148703698068857, -0.014174622483551502, -0.008124317973852158, 0.0028154393658041954, -0.002356382319703698, 0.008864092640578747, -0.00910187792032957, -0.02488815411925316, 0.03397682309150696, 0.02500704675912857, 0.007767640519887209, -0.008408338762819767, -0.03141402825713158, 0.004352784715592861, -0.034399550408124924, 0.012021347880363464, 0.01463698223233223, -0.011083418503403664, -0.014504879713058472]"
12398,"How to group by embedded values and set a name to it with total count in mongodb<p>My Collection :
<a href=""https://i.stack.imgur.com/yPRwF.png"" rel=""nofollow noreferrer""><img src=""https://i.stack.imgur.com/yPRwF.png"" alt=""Collection"" /></a></p>
<p>Sample Collection Json Structure:</p>
<pre><code>{ 
    &quot;_id&quot; : ObjectId(&quot;5f30df2ca032ecb2d14568bf&quot;), 
    &quot;value&quot; : {
        &quot;busId&quot; : 100.0, 
        &quot;status&quot; : {
            &quot;code&quot; : {
                &quot;id&quot; : 1.0, 
                &quot;key&quot; : &quot;2100&quot;, 
                &quot;value&quot; : &quot;Complete&quot;
            }
        }
    }
}
</code></pre>
<p>Goal is to get the count of status for approve and reject for individual busID.</p>
<pre><code>db.suraj_coll.aggregate([
    {&quot;$group&quot; : {_id:{busId:&quot;$value.busId&quot;,status:&quot;$value.status.code.value&quot;}, count:{$sum:1}}}
])
</code></pre>
<p>The above query returns the output
(Sample Output):</p>
<pre><code>{ 
    &quot;_id&quot; : {
        &quot;busId&quot; : 200.0, 
        &quot;status&quot; : &quot;Cancel&quot;
    }, 
    &quot;count&quot; : 2.0
}
{ 
    &quot;_id&quot; : {
        &quot;busId&quot; : 100.0, 
        &quot;status&quot; : &quot;Accept&quot;
    }, 
    &quot;count&quot; : 1.0
}
{ 
    &quot;_id&quot; : {
        &quot;busId&quot; : 100.0, 
        &quot;status&quot; : &quot;Complete&quot;
    }, 
    &quot;count&quot; : 2.0
}
</code></pre>
<p>But I would like to put a condition that, whenever it finds the value $in(Complete,Accept), It changes the value to Approved and makes the count 3.
I think it can be done using the $cond (aggregation), but finding it difficult to change the name as well,To be more specify , I would like to have the output as :</p>
<pre><code> { 
        &quot;_id&quot; : {
            &quot;busId&quot; : 200.0, 
            &quot;status&quot; : &quot;Rejected&quot;
        }, 
        &quot;count&quot; : 2.0
    }
    { 
        &quot;_id&quot; : {
            &quot;busId&quot; : 100.0, 
            &quot;status&quot; : &quot;Approved&quot;
        }, 
        &quot;count&quot; : 3
    }
    
</code></pre>
<p>So basically whenever it finds Accept/Complete, it increments the value / sum the counts and store against a name Approved. and for cancel changes the value to Rejected.</p>
<p>Any advice/solution will help.</p>
","Add `lend=1` to give squared-off line caps, which look more like bars. Otherwise, the line caps will be rounded, and the rounded part will actually protrude above the top value and below zero. In addition, probably best to add `ylim=c(0,10)` so that the ""bars"" go down to zero. For example: `plot(x,y,type=""h"", lwd=20, lend=1, ylim=c(0,10)); lines(x,y, type=""h"", col=""grey60"", lwd=10)`.","Embed Field: How to group by embedded values and set a name to it with total count in mongodb<p>My Collection :
<a href=""https://i.stack.imgur.com/yPRwF.png"" rel=""nofollow noreferrer""><img src=""https://i.stack.imgur.com/yPRwF.png"" alt=""Collection"" /></a></p>
<p>Sample Collection Json Structure:</p>
<pre><code>{ 
    &quot;_id&quot; : ObjectId(&quot;5f30df2ca032ecb2d14568bf&quot;), 
    &quot;value&quot; : {
        &quot;busId&quot; : 100.0, 
        &quot;status&quot; : {
            &quot;code&quot; : {
                &quot;id&quot; : 1.0, 
                &quot;key&quot; : &quot;2100&quot;, 
                &quot;value&quot; : &quot;Complete&quot;
            }
        }
    }
}
</code></pre>
<p>Goal is to get the count of status for approve and reject for individual busID.</p>
<pre><code>db.suraj_coll.aggregate([
    {&quot;$group&quot; : {_id:{busId:&quot;$value.busId&quot;,status:&quot;$value.status.code.value&quot;}, count:{$sum:1}}}
])
</code></pre>
<p>The above query returns the output
(Sample Output):</p>
<pre><code>{ 
    &quot;_id&quot; : {
        &quot;busId&quot; : 200.0, 
        &quot;status&quot; : &quot;Cancel&quot;
    }, 
    &quot;count&quot; : 2.0
}
{ 
    &quot;_id&quot; : {
        &quot;busId&quot; : 100.0, 
        &quot;status&quot; : &quot;Accept&quot;
    }, 
    &quot;count&quot; : 1.0
}
{ 
    &quot;_id&quot; : {
        &quot;busId&quot; : 100.0, 
        &quot;status&quot; : &quot;Complete&quot;
    }, 
    &quot;count&quot; : 2.0
}
</code></pre>
<p>But I would like to put a condition that, whenever it finds the value $in(Complete,Accept), It changes the value to Approved and makes the count 3.
I think it can be done using the $cond (aggregation), but finding it difficult to change the name as well,To be more specify , I would like to have the output as :</p>
<pre><code> { 
        &quot;_id&quot; : {
            &quot;busId&quot; : 200.0, 
            &quot;status&quot; : &quot;Rejected&quot;
        }, 
        &quot;count&quot; : 2.0
    }
    { 
        &quot;_id&quot; : {
            &quot;busId&quot; : 100.0, 
            &quot;status&quot; : &quot;Approved&quot;
        }, 
        &quot;count&quot; : 3
    }
    
</code></pre>
<p>So basically whenever it finds Accept/Complete, it increments the value / sum the counts and store against a name Approved. and for cancel changes the value to Rejected.</p>
<p>Any advice/solution will help.</p>; Answer: Add `lend=1` to give squared-off line caps, which look more like bars. Otherwise, the line caps will be rounded, and the rounded part will actually protrude above the top value and below zero. In addition, probably best to add `ylim=c(0,10)` so that the ""bars"" go down to zero. For example: `plot(x,y,type=""h"", lwd=20, lend=1, ylim=c(0,10)); lines(x,y, type=""h"", col=""grey60"", lwd=10)`.","[-0.008379220962524414, 0.02354329451918602, 0.0003347210877109319, 0.010149182751774788, -0.01061274390667677, 0.018008653074502945, 0.010114064440131187, -0.026844412088394165, -0.015002528205513954, -0.01990504004061222, 0.023234253749251366, -0.008231724612414837, 0.014356352388858795, -0.02272854931652546, -0.017278192564845085, 0.015044670552015305, 0.007480193395167589, -0.005183457862585783, -0.008983255364000797, -0.0017840085783973336, -0.02418947033584118, 0.02279878593981266, -0.01071809884160757, -0.01249508373439312, -0.03730965778231621, -0.004800668451935053, 0.014468730427324772, -0.018753159791231155, 0.01827555149793625, 0.01762937568128109, 0.011287014931440353, 0.011294038034975529, -0.011905096471309662, -0.012607461772859097, -0.044333316385746, -0.024695172905921936, 0.0047444794327020645, -0.010732145980000496, 0.057762544602155685, -0.012958644889295101, 0.04762038588523865, -0.009840141981840134, 0.007241388782858849, -0.0183738823980093, -0.014222903177142143, 0.018177220597863197, 0.014173736795783043, -0.01835983619093895, -0.03385401889681816, 0.014075405895709991, 0.013190425001084805, 0.022433556616306305, -0.056273527443408966, 0.017840085551142693, -0.0013819042360410094, -0.004287941846996546, 0.02656346559524536, 0.039304375648498535, 0.002772588049992919, 0.008913018740713596, 0.012705792672932148, 0.004277406260371208, -0.013625891879200935, 0.00958728976547718, -0.00955217145383358, 0.00385598698630929, -0.01137129869312048, 0.015901556238532066, 0.003343260148540139, -0.0009534612763673067, 0.026001572608947754, 0.028909366577863693, 0.0031782041769474745, -0.0029306202195584774, 0.023950666189193726, -0.0032958504743874073, -0.026970837265253067, -0.00274976110085845, 0.010121087543666363, 0.006293195299804211, 0.00850564707070589, -0.04059673100709915, -0.022391414269804955, 0.016491543501615524, 0.018753159791231155, 0.020256223157048225, -0.012368657626211643, 0.04691801965236664, -0.0038384278304874897, -0.00407020840793848, 0.015859413892030716, 0.004688289947807789, 0.03464066982269287, 0.02121143974363804, 0.016407258808612823, 0.040681011974811554, -0.04472663998603821, 0.013120188377797604, 0.00847052875906229, 0.001370490761473775, -0.01903410628437996, -0.00548898708075285, -0.014061358757317066, -0.016772489994764328, -0.009467887692153454, 0.001125540817156434, 0.009481934830546379, -0.011497723869979382, 0.012347586452960968, 0.004101814702153206, 0.0031694245990365744, 0.010654885321855545, 0.005727791227400303, -0.02420351654291153, -0.0030552903190255165, -0.010542507283389568, 0.005007866304367781, -0.03455638512969017, -0.02657751366496086, -0.006100045051425695, 0.009755857288837433, 0.01986289769411087, 0.027012979611754417, -0.02580491080880165, 0.007564477156847715, 0.012705792672932148, 0.008386244997382164, -0.019413383677601814, -0.009622408077120781, -0.021099060773849487, 0.0367758609354496, 0.01685677282512188, 0.0039016406517475843, 0.03896724060177803, -0.0005280910991132259, 0.019652187824249268, -0.0014082429697737098, 0.02059335820376873, -0.03360116854310036, -0.006054391153156757, 0.018809350207448006, 0.021056920289993286, 0.01982075721025467, -0.006812945939600468, -0.03503399342298508, 0.014749676920473576, -0.006812945939600468, 0.019525762647390366, -0.008688261732459068, -0.011315109208226204, -0.007950778119266033, 0.006482833996415138, 0.041636232286691666, -0.000478486530482769, 0.002265129005536437, 0.007599595468491316, 0.005306371953338385, -0.012670675292611122, -0.01827555149793625, 0.013759341090917587, 0.02425970695912838, 0.01466539315879345, -0.006412597838789225, 0.007859470322728157, 0.004165027756243944, 0.030370287597179413, 0.011315109208226204, -0.028347473591566086, -0.019315052777528763, 0.0007326550548896194, 0.01760128140449524, 0.029920773580670357, -0.0293869748711586, 0.02860032580792904, -0.004087767563760281, -0.0007862104685045779, 0.008568859659135342, 0.01910434290766716, -0.026057763025164604, -0.029021745547652245, -0.010409058071672916, 0.009650503285229206, -0.009383603930473328, 0.044558070600032806, -0.009229083545506, -0.028796987608075142, -9.059418516699225e-05, -0.022335225716233253, 0.011701410636305809, 0.025214923545718193, 0.0013722467701882124, 0.027743440121412277, 0.0034415912814438343, -0.009812046773731709, -0.5960555076599121, -0.003943782765418291, 0.01430016290396452, -0.020733831450343132, 0.011336180381476879, -0.027687251567840576, -0.004681266378611326, 0.0019666235893964767, -0.03514637425541878, 0.032617855817079544, -0.014988481067121029, 0.021815475076436996, -0.0091939652338624, -0.016421306878328323, 0.007466145791113377, -0.0050394730642437935, 0.009938472881913185, -0.0294712595641613, -0.005587317980825901, -0.003086896613240242, -0.03770298510789871, 0.018879586830735207, 0.012642580084502697, 0.01688486896455288, 0.004379249177873135, -0.0047409674152731895, 0.007901612669229507, -0.0022300106938928366, -0.004147468600422144, 0.014279091730713844, -0.030623137950897217, 0.000979800010100007, 0.000383447710191831, 0.016407258808612823, 0.05644209682941437, 0.001050914521329105, -0.027518682181835175, 0.01841602474451065, -0.002602264517918229, 0.05565544590353966, -0.0033520397264510393, -0.022517839446663857, 0.012249255552887917, -0.02708321623504162, -0.00807018019258976, 0.014440636150538921, 0.022644266486167908, 0.006974489893764257, -0.0010351112578064203, -0.03385401889681816, -0.02066359482705593, 0.0012633800506591797, 0.0008476674556732178, 0.004540793597698212, 0.006496881600469351, -0.0001766888308338821, 0.01216497179120779, -0.00423877639696002, 0.03022981435060501, -0.0052607180550694466, 0.012972692027688026, -0.008660167455673218, -0.021675001829862595, -0.007775187026709318, -0.028431758284568787, -0.0071992469020187855, -0.009446816518902779, -0.012312468141317368, 0.03093217872083187, 0.0032993622589856386, -0.010774287395179272, 0.011301062069833279, -0.010830476880073547, 0.011385345831513405, 0.010690003633499146, 0.0004159320960752666, 0.008660167455673218, -0.03396639972925186, -0.01841602474451065, 0.00922205951064825, 0.03396639972925186, -0.029555542394518852, -0.015114907175302505, 0.0007462634239345789, -0.00479364488273859, -0.011160588823258877, -0.012754959054291248, 0.0077189975418150425, 0.009748834185302258, 0.021857615560293198, 0.008561836555600166, 0.01179974153637886, -0.015241332352161407, -0.018696971237659454, 0.0028726751916110516, 0.023121874779462814, 0.0039297351613640785, 0.007782210595905781, 0.03216834366321564, -0.032084058970212936, -0.017222004011273384, -0.008421363309025764, -0.021085014566779137, 0.01681463234126568, 0.0366072915494442, 0.009425746276974678, -0.024582793936133385, 4.88363548356574e-05, 0.01906220242381096, -0.03745013102889061, -0.01694105751812458, -0.011308085173368454, -0.017320334911346436, -0.011483676731586456, 0.004354666452854872, -0.03590492904186249, 0.01542394794523716, 0.006893718149513006, 0.021815475076436996, -0.00021092915267217904, 0.010788335464894772, 0.02056526392698288, 0.009538124315440655, -0.003011392429471016, 0.009039444848895073, 0.0021896245889365673, -0.003260732162743807, 0.00101755210198462, -0.002107096603140235, 0.017236050218343735, -0.0060965330339968204, -0.027532730251550674, 0.023711862042546272, -0.01539585366845131, 0.028263190761208534, 0.00807018019258976, 0.015227285213768482, -0.003827892243862152, 0.004179074894636869, -0.024751363322138786, 0.004456509370356798, 0.028333427384495735, 0.038714390248060226, -0.00771197397261858, 0.007459122221916914, -0.018584592267870903, -0.04607518017292023, 0.010226442478597164, -0.004835786763578653, 0.003971877507865429, -0.011905096471309662, -0.011265943758189678, -0.0030605578795075417, -0.00303070736117661, -0.010380962863564491, -0.007044726517051458, -0.008119345642626286, -0.028501994907855988, -0.001201045117340982, -0.02358543500304222, -0.007726021111011505, 0.017390571534633636, -3.919940809282707e-06, -0.006939371582120657, -0.02268640697002411, -0.026886554434895515, 0.005857728887349367, 0.011546890251338482, 0.012649604119360447, -0.02288307063281536, -0.005706720054149628, -0.011202731169760227, -0.022967353463172913, -0.018528403714299202, -0.00274976110085845, 0.004235264379531145, -0.019244816154241562, -0.025453727692365646, 0.00312377093359828, 0.005348513834178448, 0.02196999453008175, 0.006531999912112951, -0.0048603699542582035, -0.003190495539456606, 0.0009042956517077982, 0.011146541684865952, 0.013675057329237461, -0.008154463954269886, 0.009390627965331078, 0.03357307240366936, 0.002312538679689169, 0.018767207860946655, -0.010177277028560638, 0.007262459956109524, -0.016351070255041122, 0.01539585366845131, 0.020031465217471123, -0.005527616944164038, 0.031999774277210236, 0.01027560792863369, 0.013948979787528515, 0.02501826174557209, 0.008266842924058437, -0.0183879304677248, 0.011202731169760227, -0.02635275572538376, 0.008119345642626286, 0.0018647805554792285, 0.012663651257753372, 0.02801033854484558, 0.027588918805122375, -0.0033221892081201077, -0.01628083363175392, -0.011862954124808311, -0.0012150924885645509, 0.03138169273734093, -0.008674214594066143, 0.01024751365184784, 0.009629432111978531, 0.005977130960673094, -0.014033264480531216, -0.01245996542274952, 0.040765296667814255, 0.013815530575811863, -0.0023985784500837326, 0.01034584455192089, -0.004568887874484062, 0.0369725227355957, -0.002554854843765497, -0.008568859659135342, 0.015662752091884613, 0.042338594794273376, 0.015480137430131435, 0.002554854843765497, 0.005636483896523714, 0.004143957048654556, 0.023346630856394768, 0.01436337549239397, 0.04554138332605362, -0.026886554434895515, 0.0076066190376877785, 0.040062930434942245, 0.014553014189004898, -0.03292689844965935, 0.004101814702153206, 0.0026953278575092554, 0.03090408444404602, 0.02205427922308445, 0.005352025851607323, 0.022250941023230553, -0.0221526101231575, 0.02421756461262703, -0.02067764289677143, -0.006897229701280594, 0.011308085173368454, -0.020804068073630333, 0.010043827816843987, 0.025453727692365646, 0.006124627776443958, 0.018851492553949356, 0.013380063697695732, -0.023248299956321716, -0.003961341921240091, 0.0013573215110227466, -0.0063248020596802235, 0.010085969232022762, -0.011750576086342335, -0.01508681196719408, -0.01678653620183468, -0.014152666553854942, 0.005945524666458368, -0.03444400802254677, -0.00738186202943325, -0.01758723333477974, 0.01437039952725172, -0.013232567347586155, 0.005274765193462372, 0.009706691838800907, -0.006156234070658684, 0.02344496175646782, -0.012052592821419239, -0.005938501097261906, 0.005450356751680374, -0.0033889138139784336, 0.003246684791520238, 0.011715457774698734, 0.005436309613287449, 2.6873713068198413e-05, 0.0011808520648628473, -0.009271225892007351, 0.017292240634560585, 0.014440636150538921, 0.010085969232022762, -0.0027690762653946877, -0.008091251365840435, 0.02278473973274231, 0.021829521283507347, -0.0012159703765064478, 0.005408214870840311, 0.004646148066967726, 0.02212451584637165, 0.031072651967406273, -0.01360482070595026, -0.031185030937194824, 0.042282406240701675, -0.025439681485295296, -0.005791004281491041, -0.03528684750199318, -0.02344496175646782, 0.00377170299179852, -0.028853178024291992, -0.029162218794226646, 0.0018384418217465281, 0.0010807650396600366, 0.0039332471787929535, 0.003541678423061967, -0.005060543771833181, -0.00034503708593547344, 0.013429230079054832, 0.004193122498691082, -0.0015776886139065027, -0.0183317419141531, -0.02935888059437275, 0.02364162541925907, 0.03079170733690262, 0.010114064440131187, -0.014222903177142143, 0.006816457957029343, -0.0037084901705384254, 0.030342193320393562, -0.03329212963581085, 0.001975403167307377, 0.007950778119266033, -0.003383646020665765, -0.04247906804084778, -0.010942855849862099, 0.015929650515317917, 0.003072849242016673, 0.008084227330982685, -0.0031536214519292116, -0.018050795421004295, -0.02135191299021244, 0.02874079905450344, -0.021576670929789543, -0.005682137329131365, -0.006479322444647551, 0.030566949397325516, 0.04138337820768356, 0.012600438669323921, 0.010191324166953564, 0.04042816162109375, 0.010528460144996643, 0.01755913905799389, -0.030707422643899918, 0.0026988396421074867, 0.0039051526691764593, 0.026057763025164604, 0.007648760918527842, 0.003399449400603771, 0.039248187094926834, 0.016660111024975777, 0.011898072436451912, 0.01834578812122345, 0.0037646794226020575, 0.007139545865356922, 0.0516379177570343, -0.00876552239060402, 0.024835646152496338, 0.021113108843564987, 0.0025601224042475224, -0.021689048036932945, 0.000971020373981446, 0.0018753160256892443, 0.021675001829862595, -0.0024635472800582647, -0.026746081188321114, -0.01771366037428379, -0.010928807780146599, 0.0019437967566773295, -0.000863031717017293, -0.014553014189004898, -0.04913749545812607, -0.010177277028560638, -0.03452829271554947, -0.015114907175302505, -0.035736359655857086, 0.05222790315747261, -0.02341686747968197, -0.012207113206386566, -0.009657526388764381, -0.013197449035942554, -0.020818116143345833, -0.001956088002771139, 0.012256279587745667, -0.018177220597863197, -0.05821205675601959, -0.019455526024103165, 0.015999887138605118, 0.02861437387764454, 0.011617126874625683, -0.006535511463880539, -0.018064841628074646, 0.021843569353222847, -0.0015285230474546552, -0.031353600323200226, -0.01694105751812458, -0.01035286858677864, 0.0010983241954818368, -0.00441787950694561, -0.006001713685691357, 0.004126397892832756, 0.005281789228320122, -0.022517839446663857, 0.03514637425541878, 0.013696128502488136, -0.009453840553760529, 0.012769006192684174, -0.004470556974411011, 0.01177164725959301, 0.0023845310788601637, 0.002163285855203867, 0.015255380421876907, 0.015325617045164108, -0.02351519837975502, 0.014180760830640793, -0.007936730980873108, -0.012136876583099365, -0.0043371072970330715, 0.020747879520058632, 0.005225599743425846, -0.0035645051393657923, 0.03306737169623375, -0.008379220962524414, -0.008224700577557087, -0.022250941023230553, -0.010057874955236912, 0.007873518392443657, 0.019483620300889015, 0.02795414999127388, -0.0183176938444376, -0.003223857842385769, 0.024835646152496338, 0.010057874955236912, -0.0016084171365946531, 0.010036803781986237, 0.007213294506072998, 0.031325504183769226, 9.602653881302103e-05, -0.026984885334968567, -0.003975389059633017, -0.0129235265776515, -0.021590717136859894, -0.008238747715950012, 0.005987666547298431, 0.0027199105825275183, 0.017165813595056534, -0.007452098652720451, -0.01542394794523716, -0.03759060427546501, 0.013597797602415085, -0.012902455404400826, -0.015157048590481281, -0.010704051703214645, -0.010001685470342636, 0.005380120128393173, -0.020157892256975174, 0.0013766365591436625, -0.009397651068866253, 0.007761139422655106, -0.023908523842692375, -0.002658453769981861, 0.027771534398198128, 0.009573242627084255, 0.03076361119747162, 0.004147468600422144, -0.013344945386052132, -0.002449499908834696, -0.0005452112527564168, -0.02857223153114319, -0.01843007281422615, -0.002200160175561905, 0.00440032035112381, 0.029639827087521553, 0.01628083363175392, 0.029667921364307404, -0.013344945386052132, 0.02715345285832882, -0.02129572443664074, 0.0023810192942619324, 0.01768556423485279, 0.01328173279762268, -0.026127999648451805, -0.012979716062545776, -0.015732988715171814, 0.01282519567757845, 0.005956059787422419, 0.011982356198132038, 0.0011905096471309662, 0.010900713503360748, 0.034078776836395264, -0.027055121958255768, -0.00814041681587696, -0.004948165267705917, -0.03399449214339256, 2.813920673361281e-06, 0.02796819619834423, -0.013204473070800304, -0.016042029485106468, -0.03582064434885979, -0.03166263923048973, -0.007459122221916914, 0.007452098652720451, 0.02143619768321514, -0.012874361127614975, 0.0005636483547277749, 0.0038946170825511217, 0.004906023386865854, 0.000799379835370928, 0.00211938819848001, -0.0004297599371057004, -0.0050359610468149185, -0.02361353114247322, -0.018458167091012, 0.010057874955236912, 0.013141259551048279, 0.02275664359331131, -0.01137129869312048, -0.010549530386924744, -0.016393212601542473, 0.050991740077733994, -0.00479364488273859, 0.004653172101825476, 0.01437742356210947, -0.032870709896087646, 0.007627690210938454, -0.021885711699724197, -0.026015620678663254, -0.02362757734954357, 0.020129797980189323, 0.005004354752600193, 0.008997302502393723, -0.007564477156847715, -0.020818116143345833, 0.007160617038607597, 0.014721582643687725, -0.015929650515317917, 0.03478114306926727, -0.014721582643687725, 0.010654885321855545, 0.008856830187141895, 0.011455582454800606, -0.018977917730808258, 0.004133421462029219, -0.013885767199099064, 0.00423877639696002, 0.04056863486766815, 0.03969770297408104, -0.009095634333789349, -0.02490588277578354, -0.004726920276880264, 0.009137775748968124, 0.022321177646517754, -0.03008934110403061, 0.014679440297186375, 0.0022686407901346684, -0.030482664704322815, -0.013745293952524662, 0.02713940478861332, -0.037871550768613815, -0.0022914677392691374, -0.0011466117575764656, 0.006054391153156757, 0.0006496881251223385, -0.0004995575291104615, -0.01692700944840908, 0.003631229978054762, 0.015634657815098763, 0.02496207132935524, 0.009257177822291851, 0.0014152666553854942, -0.03893914818763733, -0.00548898708075285, -0.02508849836885929, 0.03877057880163193, 0.0009920913726091385, 0.0366072915494442, -0.021646907553076744, 0.006279148161411285, 0.008323032408952713, -0.012466988526284695, -0.0013037660392001271, 0.011610102839767933, -0.01549418456852436, 0.031325504183769226, -0.02288307063281536, 0.0039789010770618916, 0.010556554421782494, -0.026956791058182716, 0.002913061296567321, 0.01327470876276493, -0.023683767765760422, -0.03295499086380005, -0.021815475076436996, 0.00014420443039853126, 0.025186829268932343, -0.004937630146741867, 0.0012633800506591797, 6.765755824744701e-05, -0.006349384784698486, 0.026830364018678665, -0.021562622860074043, -0.015269427560269833, 0.00385598698630929, -0.014651346020400524, -0.012445918284356594, -0.014988481067121029, 0.0038349160458892584, 0.021801427006721497, -0.006359920371323824, 0.020986683666706085, 0.01907624863088131, 0.007325673010200262, 0.0017181617440655828, -0.0060262964107096195, 0.012572343461215496, 0.0010105284163728356, -0.014890150167047977, 0.007950778119266033, -0.0009271225426346064, -0.015775131061673164, 0.014019216410815716, -0.029836488887667656, -0.044501882046461105, -0.020256223157048225, 0.013668034225702286, 0.019539810717105865, -0.017488902434706688, -0.02795414999127388, -0.024667078629136086, -0.00071509595727548, 0.02652132324874401, -0.013787436299026012, -0.015718940645456314, 0.030566949397325516, -0.014651346020400524, 0.015929650515317917, 0.016379164531826973, -0.016744395717978477, 0.032870709896087646, -0.020368602126836777, 0.010921784676611423, -0.0004451241693459451, -0.03742203861474991, -0.014398493804037571, 0.0015566176734864712, 0.026717986911535263, -0.008561836555600166, -0.00022695187362842262, -0.04540091007947922, -0.02435803785920143, -0.01918862760066986, 0.031044557690620422, -0.0015926138730719686, -0.003232637420296669, 0.017264146357774734, 0.02642299234867096, -0.00027940981090068817, 0.015269427560269833, -0.04537281394004822, -0.037899646908044815, -0.006135163363069296, -0.012207113206386566, -0.019301006570458412, -0.008568859659135342, -0.03739394247531891, 0.03978198394179344, 0.026282519102096558, 0.010324773378670216, -0.0023617041297256947, 0.004783109296113253, -0.06107771024107933, -0.01702534221112728, 0.00044929448631592095, 0.007571500726044178, 0.03315165638923645, 0.0008454725611954927, -0.017811991274356842, 0.026774175465106964, 0.014805866405367851, 0.034078776836395264, -0.034163061529397964, 0.0077189975418150425, 0.020818116143345833, 0.01317637786269188, 0.002604020293802023, -0.003095676191151142, -0.03553969785571098, -0.04048435017466545, 0.000397495023207739, 0.016407258808612823, 0.04908130690455437, 0.015269427560269833, -0.010704051703214645, -0.013401134870946407, 0.003968365490436554, 0.012186042964458466, 0.02285497635602951, -0.012052592821419239, 0.006335337646305561, -0.00918694119900465, -0.0005083371070213616, 0.004786621313542128, 0.003704978385940194, -0.0004912168951705098, 0.002363460138440132, -0.012726863846182823, -0.012438894249498844, 0.02635275572538376, -0.02713940478861332, -0.001243186998181045, -0.020003370940685272, -0.04118671640753746, 0.027701297774910927, 0.011989380232989788, 0.0022545934189110994, 0.05270551145076752, 0.004688289947807789, 0.00078094273339957, -0.012797100469470024, 0.039922457188367844, -0.008702309802174568, -0.022981401532888412, -0.008751475252211094, -0.014974433928728104, 0.0074731698259711266, -0.015199190936982632, 0.024526605382561684, 0.010935831815004349, -0.0022897117305547, 0.0219559483230114, -0.015775131061673164, -0.01910434290766716, 0.0110833290964365, 0.01503062341362238, -0.02653537131845951, -0.007157105021178722, 0.0029481793753802776, 0.007213294506072998, -0.017278192564845085, -0.014707534573972225, -0.002539051463827491, -0.024667078629136086, 0.009685621596872807, 0.009320391342043877, 0.007669832091778517, -0.021590717136859894, 0.010549530386924744, 0.02719559520483017, -0.016365118324756622, -0.006812945939600468, 0.20801258087158203, 0.002556610619649291, 0.011933190748095512, 0.039922457188367844, -0.014033264480531216, 0.0055100577883422375, 0.0007822596235200763, -0.012101758271455765, -0.019525762647390366, 0.01699724607169628, -0.022447602823376656, 0.011827835813164711, -0.011553913354873657, -0.011392369866371155, -0.0004995575291104615, -0.013752317987382412, -0.03750631958246231, -0.03180311247706413, -0.035680171102285385, -0.01400516927242279, 0.028796987608075142, 0.009748834185302258, 0.006198375951498747, -0.02868461050093174, 0.0061421869322657585, -0.009088610298931599, 0.025509918108582497, 0.024667078629136086, 0.021913805976510048, 0.006286171730607748, -0.015157048590481281, -0.004909535404294729, -0.023992808535695076, -0.013590773567557335, -0.026591559872031212, -0.019961228594183922, 0.017432713881134987, 0.005836657714098692, 0.007894588634371758, 0.025369444862008095, -0.00035842592478729784, -0.04180479794740677, 0.03230881690979004, -0.019371243193745613, 0.005692672915756702, -0.004154492169618607, 0.004326571710407734, 0.009418722242116928, 0.0026479181833565235, 0.026703938841819763, -0.019483620300889015, -0.0009271225426346064, 0.015536325983703136, 0.020214080810546875, 0.024512559175491333, -0.012979716062545776, 0.021745238453149796, -0.022166658192873, 0.0031729363836348057, 0.006644378416240215, -0.017109625041484833, 0.014805866405367851, 0.017207955941557884, 0.004948165267705917, -0.009425746276974678, 0.0021035848185420036, 0.0002177333226427436, -0.002691816072911024, 0.004354666452854872, -0.015409900806844234, 0.008723380044102669, -0.024653030559420586, -0.006482833996415138, -0.006486346013844013, 0.006865623407065868, -0.014398493804037571, 0.021520480513572693, 0.01282519567757845, -0.006531999912112951, 0.04056863486766815, -0.025313254445791245, -0.01758723333477974, -0.01850030943751335, 0.0014222902245819569, -0.01989099197089672, -0.02635275572538376, -0.010633815079927444, -0.005060543771833181, -0.024554699659347534, -0.008702309802174568, -0.0019192139152437449, -0.011652245186269283, -0.01827555149793625, -0.008589930832386017, -0.010872619226574898, 0.004646148066967726, 0.0024653030559420586, 0.0060262964107096195, -0.007174664177000523, 0.0038454513996839523, -0.034219250082969666, 0.023037590086460114, 0.012537225149571896, 0.005808563437312841, -0.01827555149793625, -0.0003160645137540996, -0.01429313886910677, -0.00879361666738987, 0.001092178514227271, -0.03801202401518822, 0.015690846368670464, -0.042310502380132675, -0.0013397623552009463, -0.027617014944553375, 0.007431027479469776, -0.0029938332736492157, 0.02796819619834423, 0.009292296133935452, 0.01028965599834919, 0.005253694485872984, 0.007058774121105671, -0.028333427384495735, 0.012790077365934849, -0.013892791233956814, -0.010416081175208092, -0.01682867854833603, -0.02427375316619873, 0.019497668370604515, -0.008006967604160309, -0.011413440108299255, 0.02423161268234253, 0.0016549489228054881, 0.006777827627956867, -0.03160645067691803, -0.015648704022169113, 0.005432797595858574, -0.011111423373222351, -0.016477495431900024, -0.0058015394024550915, 0.014496825635433197, 0.001107103773392737, -0.017334382981061935, 0.01902006007730961, 0.0018226386746391654, -0.005868264473974705, -0.0220823734998703, -0.014833960682153702, 0.02121143974363804, -0.00401753094047308, -0.0368601456284523, -0.012038545683026314, -0.001626854296773672, -0.008484575897455215, -0.026282519102096558, -0.0008279134053736925, -0.0257627684623003, 0.009039444848895073, -0.024006854742765427, 0.01834578812122345, -0.02424565888941288, -0.033432599157094955, 0.004604006186127663, 0.012171994894742966, -0.01628083363175392, -0.028909366577863693, -0.008772545494139194, -0.17890655994415283, 0.03450019657611847, 0.04776085913181305, -0.030679328367114067, -0.011743552051484585, 0.017109625041484833, 0.028796987608075142, 0.009095634333789349, -0.025594200938940048, -0.013927909545600414, 0.02352924644947052, -0.01429313886910677, -0.0514412559568882, -0.029780300334095955, -0.003810333088040352, 0.01843007281422615, 0.006187840830534697, 0.026029668748378754, 0.032617855817079544, 0.03469685837626457, 0.028530089184641838, -0.04849131777882576, -0.0029148170724511147, -0.02499016746878624, -0.010992021299898624, 0.01979266107082367, -0.0025583666283637285, 0.0219559483230114, -0.002256349427625537, -0.0110833290964365, 0.003985924646258354, 0.010858572088181973, -0.0017743509961292148, -0.017938416451215744, -0.015634657815098763, 0.001060571987181902, -0.009783952496945858, -0.014145642518997192, -0.0016821655444800854, 0.006700567435473204, 0.01687082089483738, 0.007178176194429398, -0.029892679303884506, 0.013780412264168262, 0.019357195124030113, 0.03877057880163193, 0.010900713503360748, 0.015353711321949959, 0.026872506365180016, -0.009032420814037323, 0.03753441572189331, -0.03826487436890602, -0.00042010241304524243, 0.010795358568429947, 0.01920267380774021, 0.028445806354284286, 0.02355734072625637, 0.02123953402042389, -0.03632634878158569, -0.04804180562496185, -0.008344102650880814, -0.024891836568713188, 0.004309012554585934, -0.018865538761019707, -0.020860256627202034, -0.011968309059739113, -0.009257177822291851, 0.014068381860852242, -0.027041073888540268, 0.0021264117676764727, -0.017432713881134987, 0.01827555149793625, 0.017460808157920837, 0.004913046956062317, 0.007409956771880388, 0.018036747351288795, -0.015592515468597412, -0.010886666364967823, -0.017840085551142693, 0.01545204222202301, -0.03888295963406563, 0.04840703308582306, -0.01356970239430666, 0.017910322174429893, -0.008337079547345638, -0.01325363852083683, 0.015817273408174515, -0.00916587095707655, -0.007234365213662386, -0.02491993084549904, 0.025200877338647842, -0.02427375316619873, -0.01678653620183468, -0.012340563349425793, 0.006194864399731159, 0.015199190936982632, -0.0020105214789509773, -0.001824394566938281, 0.020466933026909828, -0.00774709228426218, -0.00025658291997388005, -0.013141259551048279, -0.030342193320393562, 0.0013871720293536782, 0.0013661009725183249, 0.018092937767505646, 0.016632016748189926, 0.020171938464045525, 0.03818059340119362, 0.0066619375720620155, -0.035652074962854385, 0.01539585366845131, -0.011202731169760227, 0.023824239149689674, 0.0014714559074491262, 0.01361184474080801, -0.012270326726138592, 0.01542394794523716, 0.007845423184335232, 0.027631061151623726, 0.03966960683465004, -0.02435803785920143, -0.009390627965331078, 0.009861212223768234, 0.014314210042357445, -0.017306286841630936, -0.11507557332515717, 0.0024846182204782963, 0.01762937568128109, 0.009875260293483734, -0.017446760088205338, -0.0038068213034421206, -0.018753159791231155, 0.007655784487724304, -0.011027139611542225, 0.03427543863654137, -0.04166432470083237, -0.012263302691280842, -0.019343147054314613, 0.008702309802174568, 0.005573270842432976, 0.020214080810546875, -0.012698769569396973, 0.003176448168233037, 0.0146934874355793, 0.04854750633239746, -0.013007810339331627, -0.037955835461616516, 0.02652132324874401, 0.009130752645432949, -0.01681463234126568, 0.016617968678474426, -0.00922205951064825, 0.004024554509669542, 0.027364162728190422, 0.010198348201811314, -0.0024301849771291018, -0.031072651967406273, 0.014651346020400524, 0.009636455215513706, -0.010949878953397274, -0.05073888972401619, -0.021450243890285492, -0.00020994145597796887, 0.01608417183160782, -0.026886554434895515, 0.006015761289745569, 0.0040421136654913425, 0.014974433928728104, -0.0039297351613640785, 0.01437742356210947, 0.0027322019450366497, -0.015634657815098763, 0.027673203498125076, 0.005085126496851444, -0.015564421191811562, -0.013330898247659206, -0.020972635596990585, -0.010142158716917038, -0.008920042775571346, 0.025453727692365646, 0.00955919548869133, 0.018092937767505646, 0.009285273030400276, -0.016632016748189926, 0.01909029670059681, -0.0034538826439529657, -0.0025302718859165907, -0.021759284660220146, 0.026619654148817062, 0.03298308700323105, 0.021899757906794548, -0.009805023670196533, -0.01902006007730961, -0.016632016748189926, 0.00751531170681119, -0.019399337470531464, 0.01354160811752081, -0.02204023115336895, 0.0059595718048512936, -0.03295499086380005, 0.01071809884160757, -0.01358375046402216, -0.02798224426805973, -0.0019016547594219446, 0.0036382535472512245, -0.005949036218225956, -0.013773389160633087, 0.01363993901759386, -0.0220683254301548, 0.03475304692983627, 0.007030679378658533, 0.017502950504422188, -0.013948979787528515, 0.004913046956062317, -0.03076361119747162, 0.030454570427536964, 0.002354680560529232, 0.006380991078913212, -0.013232567347586155, -0.0023652161471545696, 0.015985840931534767, -0.009362532757222652, -0.0027357139624655247, -0.024624936282634735, -0.007276507094502449, -0.014524919912219048, -0.006693543866276741, -0.05933584272861481, 0.02726583182811737, 0.0020526633597910404, -0.0048568579368293285, 0.0030552903190255165, 0.004066696856170893, -0.009306344203650951, -0.01255127228796482, 0.013773389160633087, 0.01778389699757099, 0.0022387902718037367, 0.03020172007381916, -0.02493397705256939, -0.015072764828801155, -0.014567062258720398, -0.018949823454022408, 0.034219250082969666, 0.026113951578736305, 0.010465246625244617, 0.017236050218343735, -0.007002584636211395, -0.006749732885509729, 0.0011659268056973815, 0.013590773567557335, -0.006928836461156607, -0.004084255546331406, 0.021169297397136688, 0.003950806334614754, -0.01764342375099659, -0.037169184535741806, 0.020944541320204735, -0.021042872220277786, 0.009608360938727856, 0.017250098288059235, 0.008084227330982685, -0.014426589012145996, 0.02440018020570278, 0.029190313071012497, 0.028417710214853287, -0.014805866405367851, -0.020129797980189323, -0.020986683666706085, -0.018064841628074646, -0.0042247287929058075, -0.006156234070658684, 0.001655826810747385, -0.009067539125680923, -0.004730432294309139, 0.010935831815004349, 0.013913861475884914, 0.028192954137921333, 0.010465246625244617, -0.014904197305440903, -0.026619654148817062, -0.02048097923398018, -0.03736584633588791, 0.00840731617063284, 0.028881272301077843, 0.019385289400815964, 0.029077934101223946, 0.05076698213815689, 0.008905995637178421, 0.01607012376189232, -0.01976456679403782, -0.0046285889111459255, -0.015143001452088356, -0.0221526101231575, 0.022559981793165207, -0.0058050514198839664, -0.0256222952157259, -0.017924368381500244, -0.01356970239430666, -0.011251896619796753, 0.009608360938727856, -0.0026163116563111544, -0.008182559162378311, 0.01913243718445301, 0.0010491585126146674, -0.015606562606990337, 0.0040421136654913425, 0.001824394566938281, -0.023192111402750015, -0.009060516022145748, 0.004716384690254927, 0.025903241708874702, 0.03006124682724476, -0.043715231120586395, 0.018022701144218445, 0.017095578834414482, -0.0020245688501745462, -0.016505591571331024, 0.004428415093570948, -0.016449401155114174, 0.020832162350416183, 0.01688486896455288, -0.010071922093629837, -0.027448445558547974, -0.021520480513572693, 0.021731190383434296, 0.01144153531640768, 0.015508231706917286, 0.010395010001957417, -0.013358993455767632, -0.0220823734998703, 0.008414339274168015, 0.0012546004727482796, -0.02423161268234253, -0.04705849289894104, 0.0017559139523655176, 0.026310613378882408, -0.011743552051484585, -0.027378208935260773, -0.02801033854484558, 0.00021092915267217904, 0.0005882311379536986, 0.004266870673745871, 0.014932291582226753, -0.01685677282512188, -0.010416081175208092, 0.004649660084396601, 0.0016970908036455512, -0.005808563437312841, 0.012143900617957115, -0.009868236258625984, 0.03163454681634903, 0.022279035300016403, -0.0256925318390131, -0.0006615405436605215, -0.0007028045365586877, -0.023796144872903824, 0.002533783670514822, 0.0034363234881311655, -0.003957829903811216, -0.017952464520931244, 0.009088610298931599, -0.02935888059437275, -0.002804194577038288, 0.009109681472182274, -0.004063184838742018, 0.07085464149713516, 0.009011350572109222, -0.0026426503900438547, 0.02499016746878624, -0.009432769380509853, 0.03995055332779884, 0.013000786304473877, 0.009769905358552933, -0.026268472895026207, -0.021646907553076744, 0.02057931199669838, 0.0030149042140692472, -0.031128842383623123, -0.027518682181835175, -0.0066127716563642025, 0.008021014742553234, 0.006978001911193132, 0.017039388418197632, -0.015859413892030716, -0.005285300780087709, 0.0029762741178274155, -0.012017474509775639, 0.029892679303884506, 0.009229083545506, 0.004365202039480209, 0.009453840553760529, 0.006359920371323824, -0.004344130866229534, -0.00988930743187666, -0.015943698585033417, -0.005629459861665964, 0.010128111578524113, -0.010423105210065842, -0.006992049049586058, -0.0007458244217559695, -0.0183879304677248, -0.0014530187472701073, -0.018781255930662155, 0.010050850920379162, 0.01913243718445301, 0.008484575897455215, 0.008456481620669365, -0.0366072915494442, -0.024624936282634735, -0.018865538761019707, 0.01067595649510622, -0.003092164406552911, -0.015269427560269833, -0.024793503805994987]","[-0.005636310204863548, 0.03503689169883728, 0.0016761687584221363, 0.016080262139439583, -0.007889464497566223, 0.018573114648461342, 0.00700943311676383, -0.02414778806269169, -0.010286437347531319, -0.019833236932754517, 0.0198743287473917, -0.016230929642915726, 0.014847533777356148, -0.021805603057146072, -0.006324583664536476, 0.018614204600453377, 0.008444192819297314, 0.0013226153096184134, -0.006163644138723612, -0.005879431497305632, -0.020367419347167015, 0.0134504409506917, -0.02313421107828617, -0.013655896298587322, -0.0368448942899704, -0.015313231386244297, 0.016176141798496246, -0.02432584948837757, 0.01746365800499916, 0.010156315751373768, 0.012354682199656963, 0.005362370517104864, -0.007499100174754858, -0.011108255945146084, -0.03336586058139801, -0.02390124276280403, -0.00011021794489352033, -0.010197406634688377, 0.04782987758517265, -0.009889224544167519, 0.04215932637453079, -0.00919752661138773, 0.015669353306293488, -0.01672402024269104, -0.018778568133711815, 0.025791427120566368, 0.005745885893702507, -0.0204085111618042, -0.020764632150530815, 0.002931155264377594, 0.013964078389108181, 0.02390124276280403, -0.05977365002036095, 0.01725820265710354, -0.006800554227083921, 0.0009947436628863215, 0.030818220227956772, 0.05048709362745285, -0.009320799261331558, 0.016011778265237808, 0.022860271856188774, 0.0017292445991188288, -0.0090126171708107, 0.015217352658510208, -0.00714982720091939, 0.004013217054307461, -0.014888624660670757, 0.016148747876286507, 0.005064460914582014, 0.0029534127097576857, 0.03588610514998436, 0.03018816001713276, -0.0006270651938393712, -0.009231769479811192, 0.027845975011587143, 0.0030989432707428932, -0.025106577202677727, -0.0008766071405261755, -0.006564280949532986, 0.005437703803181648, 0.0035440954379737377, -0.03594089299440384, -0.021983664482831955, 0.012532742694020271, 0.014477714896202087, 0.02613385021686554, -0.022641118615865707, 0.03361240401864052, 0.0023490332532674074, -0.011758862994611263, 0.00932764820754528, 0.009861830621957779, 0.025750335305929184, 0.016011778265237808, 0.02244936116039753, 0.04624102637171745, -0.04640538990497589, 0.01592959649860859, 0.009478314779698849, 0.0030544281471520662, -0.023230088874697685, -4.622733104042709e-05, -0.01423116959631443, -0.011882136575877666, -0.010012497194111347, -0.006269795820116997, 0.009019466117024422, -0.021531663835048676, 0.008266131393611431, 0.012190318666398525, 0.0007507660775445402, 0.007341585122048855, 0.00922492053359747, -0.01944972202181816, -0.011697227135300636, -0.012114984914660454, 0.003931035287678242, -0.03191398084163666, -0.017764991149306297, -0.01299844030290842, 0.0016111080767586827, 0.024531302973628044, 0.02724330686032772, -0.02310681715607643, 0.015354322269558907, -0.0010272740619257092, 0.0034584891982376575, -0.023230088874697685, -0.012142378836870193, -0.020312631502747536, 0.05322648957371712, 0.03010597638785839, 0.008656496182084084, 0.03969386965036392, -0.0019620934035629034, 0.003879671450704336, -0.0015820020344108343, 0.027311792597174644, -0.029914218932390213, 0.0006711523747071624, 0.017340386286377907, 0.020203055813908577, 0.01786087080836296, -0.012991592288017273, -0.020709844306111336, 0.01425856351852417, -0.005198006518185139, 0.01879226602613926, -0.016491172835230827, -0.01419007871299982, -0.018860751762986183, 0.009485163725912571, 0.037091441452503204, 0.004403581377118826, 0.01386135071516037, 0.010923347435891628, 0.00854691956192255, -0.02429845556616783, -0.011786256916821003, 0.011327408254146576, 0.02276439219713211, 0.014998200349509716, 0.0024551849346607924, -0.0037153076846152544, -0.0019227145239710808, 0.027626821771264076, 0.00714982720091939, -0.02562706172466278, -0.017244506627321243, 0.004739157389849424, 0.005379491485655308, 0.029722461476922035, -0.02316160500049591, 0.023257484659552574, -0.0013054941082373261, -0.005629461724311113, 0.017696507275104523, 0.0182854775339365, -0.010512437671422958, -0.02846233919262886, -0.005971886217594147, 0.01044395286589861, -0.0077456459403038025, 0.02838015742599964, 0.0024295030161738396, -0.0286267027258873, -0.004369338974356651, -0.014436624012887478, 0.009649527259171009, 0.029065005481243134, 0.002097351010888815, 0.025503790006041527, -0.00104525126516819, -0.011676681227982044, -0.6031057238578796, -0.0042494903318583965, 0.011423286981880665, -0.011032923124730587, 0.01964147947728634, -0.015011897310614586, 0.01001934614032507, 0.0017446536803618073, -0.040406111627817154, 0.03851592540740967, -0.015381716191768646, 0.03188658505678177, -0.012820379808545113, -0.012245106510818005, 0.01342304702848196, -0.008129161782562733, 0.01740887016057968, -0.030407311394810677, 0.006249250378459692, -0.012183469720184803, -0.041118353605270386, 0.022093240171670914, -0.0042494903318583965, 0.006636190228164196, -0.0022685634903609753, -0.011306862346827984, 0.007471706252545118, -0.009656376205384731, 0.0017617749981582165, 0.015258443541824818, -0.031174343079328537, 0.0038659744895994663, 0.0017506461590528488, 0.014929715543985367, 0.05371958389878273, 0.0044275508262217045, -0.036570955067873, 0.016888385638594627, -0.005845189094543457, 0.06284177303314209, 0.002414094051346183, -0.01797044649720192, 0.007012857124209404, -0.02661324478685856, -0.009108495898544788, 0.025859910994768143, 0.02364099957048893, 0.003958429209887981, 0.00018127105431631207, -0.03673531860113144, -0.016682930290699005, 0.0006553152343258262, -0.002326775575056672, 0.0005269059911370277, 0.007629221770912409, -0.00669782655313611, 0.00953995157033205, 0.003725580405443907, 0.029503310099244118, -0.008841404691338539, 0.00982073973864317, -0.018093720078468323, -0.011450680904090405, -0.012697107158601284, -0.040406111627817154, -0.001602547476068139, -0.009266011416912079, -0.009649527259171009, 0.025640759617090225, -9.587890963302925e-05, -0.018586810678243637, -0.00683822063729167, -0.011628742329776287, 0.016039172187447548, 0.016340505331754684, -0.004533702507615089, 0.003797489684075117, -0.032133132219314575, -0.014916018582880497, 0.012087590992450714, 0.03103737160563469, -0.025832517072558403, -0.022942453622817993, -0.0037016107235103846, -0.009731709025800228, -0.011608196422457695, -0.012902561575174332, -0.0011008953442797065, 0.009519405663013458, 0.02273699827492237, 0.007505948655307293, 0.011067165061831474, -0.02086051180958748, -0.005739037413150072, 0.006105431821197271, 0.028051428496837616, -0.0030801098328083754, -6.77358839311637e-05, 0.012621773406863213, -0.032160524278879166, -0.012621773406863213, -0.021956270560622215, -0.019970206543803215, 0.004030338488519192, 0.041940174996852875, 0.017299294471740723, -0.029558097943663597, -0.0048418850637972355, 0.021408390253782272, -0.028900641947984695, -0.008485283702611923, -0.013135410845279694, -0.00836201012134552, -0.017778689041733742, -0.005475370679050684, -0.03090040199458599, 0.012245106510818005, 0.014094199985265732, 0.00993716437369585, -0.006033522542566061, 0.0029482764657586813, 0.021764513105154037, 0.011882136575877666, -0.005954765249043703, 0.018299175426363945, 0.0002471878251526505, -0.0015434791566804051, 0.002027153968811035, 0.007951101288199425, 0.01260122749954462, -0.0059034014120697975, -0.03936513885855675, 0.005807522218674421, -0.009854981675744057, 0.03528343886137009, -0.00899892020970583, 0.00949886068701744, -0.004006368573755026, -0.0007396372966468334, -0.03662574291229248, 0.009875527583062649, 0.021161844953894615, 0.0302155539393425, -0.00972486101090908, 0.007190918084233999, -0.007012857124209404, -0.046104058623313904, 0.005927370861172676, -0.011799953877925873, -0.0011454105842858553, -0.013005289249122143, -0.011060317046940327, -0.00870443508028984, 0.0026777610182762146, -0.00467752106487751, -0.009587890468537807, -0.0031896857544779778, -0.028763672336935997, 0.00922492053359747, -0.02472306229174137, -0.011779408901929855, 0.015189958736300468, 0.0007606107974424958, -0.01675141416490078, -0.027092639356851578, -0.02701045759022236, 0.012067045085132122, 0.008581162430346012, 0.004383035935461521, -0.0259694866836071, -0.014532502740621567, -0.01351892575621605, -0.012258803471922874, -0.021435784175992012, 0.006646462716162205, 0.005249370355159044, -0.022860271856188774, -0.027448762208223343, 0.012936804443597794, 0.010354922153055668, 0.01873747818171978, 0.008115464821457863, -0.0015537519939243793, -0.004722036421298981, 0.01323813758790493, 0.007820979692041874, 0.017586931586265564, -0.003343777032569051, -0.0007931411382742226, 0.04722721129655838, 0.0049240668304264545, 0.01429965440183878, -0.0019911995623260736, -0.0041501871310174465, -0.00899892020970583, 0.017285596579313278, 0.02616124413907528, -0.00857431348413229, 0.03500949963927269, 0.00659852335229516, 0.018326569348573685, 0.027106337249279022, 0.010485043749213219, -0.00829352531582117, 0.008382556028664112, -0.024654576554894447, 0.016107656061649323, 0.005434279330074787, 0.00681082671508193, 0.02576403319835663, 0.019545599818229675, -0.01638159714639187, -0.00973855797201395, -0.0184224471449852, -0.0008988647605292499, 0.040433503687381744, -0.01847723498940468, 0.00969746708869934, 0.011512317694723606, 0.011690378189086914, -0.003205094952136278, -0.006560856942087412, 0.042734600603580475, 0.014012017287313938, -0.013327168300747871, 0.016477474942803383, 0.007916858419775963, 0.03473556041717529, 0.006156795658171177, -0.002794185420498252, 0.010779528878629208, 0.045994482934474945, 0.012005409225821495, -0.001057236222550273, 0.017162324860692024, 0.014573593623936176, 0.01992911659181118, 0.007184069603681564, 0.035557378083467484, -0.019175780937075615, 0.0036570955999195576, 0.026722822338342667, 0.018038932234048843, -0.041830599308013916, 0.0037153076846152544, -0.007999040186405182, 0.02329857461154461, 0.021586451679468155, 0.00490352138876915, 0.017532143741846085, -0.02857191488146782, 0.007868918590247631, -0.03580392524600029, -0.011519165709614754, 0.017696507275104523, -0.025051789358258247, 0.01624462567269802, 0.03424246609210968, 0.00331295863725245, 0.02077833004295826, 0.009485163725912571, -0.0274350643157959, -0.0011839333456009626, -0.002383275656029582, 0.006848493590950966, 0.016847293823957443, 0.0026555033400654793, -0.01990172266960144, -0.00873182900249958, -0.017326688393950462, 0.004095399286597967, -0.046049270778894424, -0.021723421290516853, -0.023052029311656952, 0.01379286590963602, -0.006177341099828482, 0.0074580092914402485, 0.005108976271003485, -0.002010032767429948, 0.0142448665574193, -0.016532262787222862, 0.008101767860352993, -0.0029979280661791563, 0.0006257810746319592, 0.008067524991929531, 0.00930025428533554, 0.01458729151636362, -0.006269795820116997, -0.002931155264377594, -0.014066805131733418, 0.015710443258285522, 0.02120293490588665, 0.000960501201916486, -0.0025870183017104864, -0.011580802500247955, 0.019120993092656136, 0.02655845694243908, 0.00012584106298163533, 0.0058862799778580666, 0.0027736397460103035, 0.028928035870194435, 0.02350402995944023, -0.014929715543985367, -0.017956750467419624, 0.04131011292338371, -0.025216152891516685, -0.015943292528390884, -0.03237967565655708, -0.01323813758790493, -0.002319927094504237, -0.028982823714613914, -0.026435185223817825, 0.010471346788108349, 0.0016941460780799389, 0.011436983942985535, 0.008416798897087574, -0.010882256552577019, -0.006293765269219875, 0.021394694223999977, 0.005105551797896624, 0.006663584150373936, -0.014792745932936668, -0.019093599170446396, 0.016518566757440567, 0.02851712703704834, 0.00878661684691906, -0.02154535986483097, 0.003324943594634533, 0.005954765249043703, 0.03747495636343956, -0.03495471179485321, 0.006023250054568052, 0.01302583422511816, -0.01799784041941166, -0.03911859542131424, 0.004057732410728931, 0.008697587065398693, -0.0037153076846152544, 0.0030218977481126785, -0.0038522775284945965, -0.008183949626982212, -0.02355881780385971, 0.020367419347167015, -0.025270940735936165, 0.006886160001158714, -0.006869039032608271, 0.037968046963214874, 0.04577533155679703, 0.0004460081399884075, 0.018532022833824158, 0.03994041308760643, 0.015285837464034557, 0.009902921505272388, -0.03563956171274185, 0.0031845495104789734, 0.0004982278915122151, 0.026572154834866524, 0.00665331119671464, 0.0178882647305727, 0.043501630425453186, 0.012060197070240974, 0.02239457331597805, 0.013142258860170841, 0.007779888343065977, -0.0008834556792862713, 0.046761512756347656, -0.009704315103590488, 0.007875767536461353, 0.03007858246564865, 0.002326775575056672, -0.02290136180818081, 0.010327528230845928, 0.009074253961443901, 0.0198743287473917, 0.002581882057711482, -0.020764632150530815, -0.020997481420636177, -0.009546799585223198, 0.006160219665616751, -0.00789631251245737, -0.011245226487517357, -0.04131011292338371, -0.00470491498708725, -0.04166623577475548, -0.011149347759783268, -0.03594089299440384, 0.04563836008310318, -0.02273699827492237, -0.019778449088335037, -0.014012017287313938, -0.013169652782380581, -0.030544281005859375, -0.026654336601495743, 0.011984863318502903, -0.01879226602613926, -0.06169122830033302, -0.019737357273697853, 0.01995651051402092, 0.028791066259145737, 0.014861230738461018, -0.011594499461352825, -0.02401081845164299, 0.02075093425810337, 0.006341705098748207, -0.03347543627023697, -0.021244026720523834, -0.0046364301815629005, 0.004533702507615089, 0.009286557324230671, -0.01284092478454113, 0.0006446144543588161, -0.0015734413173049688, -0.020805723965168, 0.03980344533920288, 0.007978495210409164, -0.009402981959283352, 0.02046329900622368, -0.00021979383018333465, 0.029640279710292816, 0.009930315427482128, 0.006643038708716631, 0.0172308087348938, 0.011731469072401524, -0.023435544222593307, 0.012512197718024254, 0.00977964885532856, -0.01014946773648262, -0.010574073530733585, 0.01401886623352766, -0.0033506255131214857, -0.009841284714639187, 0.031146949157118797, -0.004807642195373774, -0.012525894679129124, -0.013375108130276203, -0.009259163402020931, 0.003223928390070796, 0.009615284390747547, 0.020120874047279358, -0.0014664336340501904, 0.0006039515137672424, 0.030352523550391197, 0.004951460752636194, 0.007177221123129129, 0.008820859715342522, 0.0037700957618653774, 0.028845854103565216, 0.0002538222761359066, -0.038735080510377884, -0.008896192535758018, -0.016162443906068802, -0.022641118615865707, 0.0015854262746870518, 0.00734843360260129, 0.00890304148197174, 0.015189958736300468, -0.008848253637552261, -0.025106577202677727, -0.028845854103565216, 0.015655655413866043, -0.01014946773648262, -0.007410069927573204, -0.00531443115323782, -0.011704075150191784, 0.0021504268515855074, -0.009704315103590488, -0.00228910893201828, -0.0030595643911510706, 0.0012421455467119813, -0.026270821690559387, 0.0038728229701519012, 0.025353122502565384, 0.004855582024902105, 0.03320149704813957, 0.010197406634688377, -0.014491411857306957, -0.008820859715342522, -0.0012686834670603275, -0.03665313869714737, -0.026010578498244286, -0.001909017562866211, 0.01277243997901678, 0.03095518983900547, 0.016162443906068802, 0.022627422586083412, -0.020997481420636177, 0.024161484092473984, -0.016710324212908745, -0.003225640393793583, 0.024503909051418304, 0.005471946205943823, -0.016518566757440567, -0.016518566757440567, -0.009916618466377258, 0.01423116959631443, 0.003336928552016616, 0.004780248273164034, 0.0006685841944999993, 0.005321279633790255, 0.03585871309041977, -0.022778090089559555, -0.00484873354434967, -0.005725340452045202, -0.037913259118795395, 0.0034328072797507048, 0.019367540255188942, -0.0019329872447997332, -0.011580802500247955, -0.03188658505678177, -0.03237967565655708, -0.007019705604761839, 0.018107416108250618, 0.025024395436048508, -0.009457769803702831, 0.015641959384083748, -0.0018388205207884312, -0.01509408000856638, -0.002496275817975402, -0.0016487748362123966, -0.006417038384824991, -0.00035804780782200396, -0.033037133514881134, -0.021956270560622215, 0.0009348193416371942, 0.015203655697405338, 0.018148507922887802, -0.007690858095884323, -0.006749190390110016, -0.02196996659040451, 0.04700805991888046, -0.004746005870401859, -0.009149587713181973, 0.016833597794175148, -0.028243187814950943, 0.00975225493311882, -0.017504749819636345, -0.03013337031006813, -0.026709124445915222, 0.018723780289292336, 0.005441128276288509, 0.007684009615331888, -0.007184069603681564, -0.016176141798496246, 0.005280188284814358, 0.013560016639530659, -6.0298843891359866e-05, 0.03396852687001228, -0.01260122749954462, 0.025325728580355644, 0.004468642175197601, 0.006564280949532986, -0.019367540255188942, -0.005386339966207743, -0.011313711293041706, 0.001125721144489944, 0.04068005084991455, 0.028215793892741203, 0.000910849601496011, -0.0263666994869709, -0.006283492781221867, 0.007245705928653479, 0.01635420322418213, -0.023654695600271225, 0.011971166357398033, 0.004886399954557419, -0.02570924535393715, -0.0062800683081150055, 0.03284537419676781, -0.036242228001356125, -0.000648894754704088, 0.0008453609189018607, 0.012929955497384071, 0.003138322150334716, 0.004095399286597967, -0.02290136180818081, 0.005198006518185139, 0.009074253961443901, 0.019970206543803215, 0.012114984914660454, -0.006095159333199263, -0.02695566974580288, 0.006078037898987532, -0.032133132219314575, 0.036297015845775604, -0.0065779779106378555, 0.024284757673740387, -0.03336586058139801, -0.0070813423953950405, -0.0018627902027219534, -0.018860751762986183, -0.011286317370831966, 0.019340146332979202, -0.01638159714639187, 0.028982823714613914, -0.01805262826383114, -0.0024106698110699654, 0.02160014770925045, -0.022189117968082428, 0.0037837927229702473, 0.015258443541824818, -0.018408751115202904, -0.042625024914741516, -0.020161963999271393, 0.013484683819115162, 0.025435304269194603, 0.000183732234290801, 0.006365674547851086, -0.0008081222185865045, 0.005752734374254942, 0.021750815212726593, -0.015655655413866043, -0.002949988469481468, 0.005944492295384407, -0.01421747263520956, -0.01740887016057968, -0.009094798937439919, 0.007855221629142761, 0.017956750467419624, -0.0009741982212290168, 0.017956750467419624, 0.022517846897244453, 0.010861710645258427, 0.009868678636848927, -0.007286796811968088, 0.001437327591702342, 0.0031212009489536285, -0.012888864614069462, 0.005684249568730593, -0.0034636256750673056, -0.020052388310432434, 0.021052269265055656, -0.03426986187696457, -0.0429263561964035, -0.019655175507068634, 0.01717602089047432, 0.01339565310627222, -0.021079663187265396, -0.02292875573039055, -0.0200112983584404, -0.007814130745828152, 0.024531302973628044, -0.012039651162922382, -0.006940948311239481, 0.032927557826042175, -0.019326448440551758, 0.007314191199839115, 0.018353963270783424, -0.011443832889199257, 0.025462698191404343, -0.017847174778580666, 0.010279588401317596, 0.008266131393611431, -0.042816780507564545, -0.02123032882809639, -0.0037666712887585163, 0.03805023059248924, -0.012306742370128632, -0.006622493267059326, -0.031229130923748016, -0.018956629559397697, -0.01428595744073391, 0.03484513610601425, 0.01429965440183878, -0.01366274431347847, 0.007327888160943985, 0.015313231386244297, -0.003992671612650156, 0.01468317024409771, -0.04424126818776131, -0.031338706612586975, -0.006701251026242971, -0.015806322917342186, -0.03328367695212364, -0.002581882057711482, -0.03506428748369217, 0.030434705317020416, 0.02170972339808941, 0.029119793325662613, 0.0053178551606833935, 0.012108135968446732, -0.05306212604045868, -0.014751655049622059, -0.0008937284001149237, 0.011484923772513866, 0.03254403918981552, 0.012710804119706154, -0.01887444779276848, 0.023284878581762314, 0.017696507275104523, 0.02573663927614689, -0.03336586058139801, 0.016258323565125465, 0.021846694871783257, 0.006756038870662451, 0.004013217054307461, 0.003711883444339037, -0.04385775327682495, -0.03024294786155224, 0.002938003744930029, 0.005454825237393379, 0.035393014550209045, 0.00665331119671464, -0.00983443669974804, -0.007002584636211395, -0.008190798573195934, 0.006530038546770811, 0.020340025424957275, -0.001618812675587833, 0.020874207839369774, -0.01423116959631443, -0.007670312654227018, -0.0007417774759232998, 0.007807282730937004, -0.010984983295202255, 0.0009998800233006477, -0.0017925931606441736, -0.010080981999635696, 0.02228499762713909, -0.02843494527041912, 0.0030099127907305956, -0.01323813758790493, -0.04177581146359444, 0.017669113352894783, 0.018121114000678062, 8.260994945885614e-05, 0.04555618017911911, -0.0002940571866929531, 0.000545311311725527, -0.009307102300226688, 0.044460419565439224, -0.011841044761240482, -0.010320679284632206, -0.005862310528755188, -0.012142378836870193, 0.0032290646340698004, -0.01677880808711052, 0.014765352010726929, 0.004191278014332056, -0.003110928228124976, 0.018093720078468323, -0.012395773082971573, -0.02798294462263584, 0.011779408901929855, 0.016682930290699005, -0.03164004161953926, -0.008314071223139763, 0.00217610877007246, 0.0017686234787106514, -0.00975225493311882, -0.02146317809820175, -0.00915643572807312, -0.029092399403452873, 0.003835156327113509, 0.0030647008679807186, 0.013470986858010292, -0.024997001513838768, 0.005858886055648327, 0.02332596853375435, -0.01419007871299982, -0.00491721834987402, 0.21159105002880096, -0.0017001385567709804, -0.001845669001340866, 0.03188658505678177, 0.0026914579793810844, 0.011149347759783268, 0.0005444552516564727, -0.01298474334180355, -0.018353963270783424, 0.01509408000856638, -0.02213433012366295, 0.01423116959631443, -0.0025870183017104864, -0.0025065485388040543, -0.010711044073104858, -0.008430495858192444, -0.03739277273416519, -0.03402331471443176, -0.03928295895457268, -0.011320559307932854, 0.022065846249461174, 0.008177101612091064, 0.014491411857306957, -0.021559057757258415, 0.0020288662053644657, -0.004972006194293499, 0.03813241049647331, 0.023120513185858727, 0.010697347111999989, 0.0013671305496245623, -0.01786087080836296, 0.004235793370753527, -0.02559966780245304, -0.007937404327094555, -0.02477785013616085, -0.025585971772670746, 0.026120154187083244, -0.0047323089092969894, 0.003674216801300645, 0.01465577632188797, -0.010964438319206238, -0.032133132219314575, 0.02613385021686554, -0.02361360564827919, 0.006975190714001656, 0.011334256269037724, -0.0020494116470217705, 0.011074014008045197, 0.0011770848650485277, 0.021326208487153053, -0.017614325508475304, -0.0021675482857972383, 0.018586810678243637, 0.007731948979198933, 0.024668272584676743, -0.00358176208101213, 0.015258443541824818, -0.009279708378016949, 0.0008564896997995675, 0.019723661243915558, -0.009334496222436428, 0.0024654576554894447, 0.021805603057146072, 0.006632765755057335, -0.0053178551606833935, 0.00415361113846302, 0.0007319327560253441, 0.0028369883075356483, 0.026668032631278038, -0.006831372156739235, 0.018326569348573685, -0.036269620060920715, 0.005656855646520853, 0.004304278176277876, 0.010046740062534809, -0.00217610877007246, 0.02599688060581684, 0.014984503388404846, -0.005064460914582014, 0.035420406609773636, -0.013142258860170841, -0.012964198365807533, -0.0003482030879240483, 0.011190438643097878, -0.029667673632502556, -0.016463778913021088, 0.005489067640155554, -0.011868439614772797, -0.013286077417433262, -0.0021915179677307606, -0.006125977262854576, -0.017107537016272545, -0.017874568700790405, -0.02472306229174137, 0.004992551635950804, 0.02329857461154461, 0.010854861699044704, 0.005958189256489277, -0.0008055540383793414, -0.0030544281471520662, -0.028161004185676575, 0.012745046056807041, 0.0035714893601834774, 0.007314191199839115, -0.018819659948349, -0.001630797516554594, -0.010978135280311108, -0.012676561251282692, -0.00034584890818223357, -0.036981865763664246, 0.0172308087348938, -0.03098258376121521, -0.007026554085314274, -0.01797044649720192, 0.01675141416490078, 0.0021692602895200253, 0.013073774054646492, 0.00346876191906631, 0.004331672098487616, -0.01382025983184576, 0.026120154187083244, -0.04328247904777527, -0.009587890468537807, -0.007499100174754858, -0.00936873909085989, -0.01847723498940468, -0.0275583378970623, 0.024531302973628044, -0.0012190318666398525, -0.016819899901747704, 0.025983184576034546, -0.004270035773515701, 0.009731709025800228, -0.03531083092093468, -0.018244385719299316, 0.0019244266441091895, -0.016313111409544945, -0.006464977748692036, -0.017901962623000145, 0.015052988193929195, 0.0013046379899606109, -0.020641358569264412, 0.024640878662467003, 0.004906945396214724, 0.0043556420132517815, -0.03429725393652916, -0.006235553417354822, 0.02120293490588665, -0.0013534334721043706, -0.03268101066350937, -0.011341105215251446, -0.0054171583615243435, -0.011560256592929363, -0.03262622281908989, 0.007608676329255104, -0.017819780856370926, 0.002944852225482464, -0.03013337031006813, 0.016052868217229843, -0.02112075313925743, -0.033009737730026245, -0.0015802899142727256, 0.015710443258285522, -0.00836201012134552, -0.03268101066350937, -0.00878661684691906, -0.17312991619110107, 0.029722461476922035, 0.04640538990497589, -0.027681609615683556, -0.008498980663716793, 0.020586570724844933, 0.030516887083649635, 0.00931395124644041, -0.01791565865278244, -0.019203174859285355, 0.025462698191404343, -0.011286317370831966, -0.04100877791643143, -0.03103737160563469, -0.004954885225743055, 0.0035098528023809195, 0.008820859715342522, 0.02032632939517498, 0.025914698839187622, 0.02922937087714672, 0.027174821123480797, -0.05130891129374504, -0.0069649177603423595, -0.03095518983900547, -0.0012823804281651974, 0.028188399970531464, -0.0047357333824038506, 0.00893043540418148, -0.0003561216581147164, -0.001531494315713644, 0.007834676653146744, 0.005081582348793745, -0.01351892575621605, -0.01308062206953764, -0.01760062761604786, 0.004201550502330065, -0.01738147623836994, -0.00830722227692604, 0.001994623802602291, 0.020970087498426437, 0.010361770167946815, 0.005276764277368784, -0.022695906460285187, 0.003996096085757017, 0.016628142446279526, 0.04881606251001358, 0.0044207023456692696, 0.02520245499908924, 0.032872769981622696, -0.009457769803702831, 0.04246065765619278, -0.02324378676712513, -0.00010096177720697597, 0.006471826229244471, 0.022380877286195755, 0.018915539607405663, 0.029859431087970734, 0.017682809382677078, -0.03399592265486717, -0.04407690465450287, -0.0009664936223998666, -0.01358056254684925, 0.004300853703171015, -0.015559776686131954, -0.019148387014865875, 0.0066841295920312405, -0.015628261491656303, 0.009889224544167519, -0.027887064963579178, -0.00041668800986371934, -0.025435304269194603, 0.02088790573179722, 0.00878661684691906, 0.0013346001505851746, 0.0023301998153328896, 0.021449482068419456, -0.020682450383901596, -0.011067165061831474, -0.01916208490729332, 0.0032461858354508877, -0.026298215612769127, 0.03966647386550903, -0.00809491891413927, 0.026010578498244286, -0.008231889456510544, -0.004684369545429945, 0.016915779560804367, -0.009718012064695358, -0.011190438643097878, -0.01910729706287384, 0.024695666506886482, -0.02599688060581684, -0.013429895974695683, 0.005191158037632704, 0.008416798897087574, 0.02239457331597805, -0.002751382300630212, -0.0006608795956708491, 0.011443832889199257, -0.016258323565125465, -0.0007178077357821167, -0.012039651162922382, -0.029147187247872353, 0.0027428215835243464, -0.004198126494884491, 0.017217112705111504, 0.02528463862836361, 0.018189597874879837, 0.03155785799026489, 0.005680825095623732, -0.02843494527041912, 0.023257484659552574, -0.00860170740634203, 0.025188758969306946, -0.0023627302143722773, 0.003124625189229846, -0.02046329900622368, 0.005591794848442078, 0.011156195774674416, 0.03662574291229248, 0.03503689169883728, -0.010902801528573036, -0.012443712912499905, 0.011936924420297146, 0.020285237580537796, -0.008272980339825153, -0.10338485985994339, 0.006920402403920889, 0.022695906460285187, 0.00699573615565896, -0.02329857461154461, -0.005543855484575033, -0.014121593907475471, 0.014984503388404846, -0.023435544222593307, 0.03248925134539604, -0.04100877791643143, -0.009882375597953796, -0.01760062761604786, -0.0025544881355017424, 0.010300134308636189, 0.008724980987608433, -0.00830722227692604, -0.0030475796665996313, 0.02568184956908226, 0.04237847775220871, -0.01743626408278942, -0.0400225967168808, 0.03426986187696457, 0.01347783487290144, -0.01966887339949608, 0.01738147623836994, -0.0051124002784490585, 0.0022634270135313272, 0.02270960435271263, 0.007177221123129129, -0.007437463849782944, -0.027106337249279022, 0.0063896444626152515, -0.0031708525493741035, -0.021764513105154037, -0.042077142745256424, -0.02644888125360012, -0.004136490169912577, 0.01512147393077612, -0.02244936116039753, 0.007834676653146744, 0.0037461258471012115, 0.006471826229244471, 0.0025288062170147896, 0.01712123304605484, -0.012895713560283184, -0.01839505322277546, 0.027462458238005638, -0.00511582475155592, -0.017477355897426605, -0.00034370875800959766, -0.007964798249304295, -0.01624462567269802, -0.024188878014683723, 0.028982823714613914, 0.015203655697405338, 0.013731229119002819, 0.012662864290177822, -0.017395174130797386, 0.02843494527041912, 0.0014886913122609258, -0.011450680904090405, -0.009492011740803719, 0.018148507922887802, 0.03487252816557884, 0.016162443906068802, -0.014833836816251278, -0.01950450986623764, -0.02157275378704071, -0.002694882219657302, -0.00919752661138773, -0.0006082318141125143, -0.02727070078253746, -0.008423646911978722, -0.03887204825878143, 0.007848373614251614, -0.002939715748652816, -0.027736399322748184, -0.003263307036831975, -0.010649407282471657, -0.01425856351852417, -0.011594499461352825, 0.00972486101090908, -0.018093720078468323, 0.02846233919262886, 0.006619068793952465, 0.024791546165943146, -0.010272740386426449, -0.001226736349053681, -0.03109215945005417, 0.0286267027258873, 0.0018045780016109347, -0.003869398729875684, -0.011546559631824493, -0.006098583340644836, 0.013313471339643002, -0.012662864290177822, -0.007492251694202423, -0.020997481420636177, -0.009272860363125801, -0.00733473664149642, -0.014436624012887478, -0.05366479605436325, 0.02114814706146717, 0.002801033901050687, -0.0025476396549493074, 0.01420377567410469, 0.006814251188188791, -0.00930025428533554, 0.0006009552744217217, 0.009087950922548771, 0.016135049983859062, 0.006036947015672922, 0.03246185928583145, -0.030790826305747032, -0.019723661243915558, -0.010601467452943325, -0.004609036259353161, 0.03572174161672592, 0.020024994388222694, 0.010779528878629208, 0.0049240668304264545, -0.011567105539143085, -0.00977964885532856, 0.004287156742066145, 0.009149587713181973, 0.0049240668304264545, -0.004752854350954294, 0.026298215612769127, 0.021079663187265396, -0.012464257888495922, -0.03432464972138405, 0.02494221366941929, -0.02006608620285988, 0.021846694871783257, 0.013696987181901932, 0.006143098697066307, -0.015244746580719948, 0.03196876868605614, 0.03320149704813957, 0.023777969181537628, -0.011341105215251446, -0.017792385071516037, -0.021531663835048676, -0.01658705063164234, -0.005780128296464682, -0.014751655049622059, 0.0029208825435489416, -0.008861950598657131, -0.0014767063548788428, 0.004235793370753527, 0.011642439290881157, 0.024312151595950127, 0.013114864937961102, -0.009690618142485619, -0.023339666426181793, -0.03561216592788696, -0.030653856694698334, 0.0033420647960156202, 0.023914938792586327, 0.015587171539664268, 0.027476156130433083, 0.05758213251829147, 0.005427430849522352, 0.025859910994768143, -0.014559896662831306, 0.007505948655307293, -0.006704675033688545, -0.020312631502747536, 0.02653106302022934, 0.0016419263556599617, -0.024558696895837784, -0.00939613301306963, -0.01431335136294365, -0.007286796811968088, 0.007841524668037891, -0.0027736397460103035, -0.018244385719299316, 0.016970567405223846, 0.00649922015145421, -0.01844984106719494, 0.011252074502408504, 0.0068724630400538445, -0.01953190378844738, -0.015477594919502735, 0.0002347749104956165, 0.02939373441040516, 0.03229749575257301, -0.0360504686832428, 0.020024994388222694, 0.020764632150530815, -0.008992072194814682, -0.010485043749213219, -0.0016864414792507887, -0.025490092113614082, 0.0042392173781991005, 0.014381836168467999, 0.004160459619015455, -0.02194257266819477, -0.012710804119706154, 0.021380996331572533, 0.019120993092656136, 0.023421848192811012, 0.010909650474786758, -0.017244506627321243, -0.017326688393950462, 0.0024723061360418797, 0.0029294430278241634, -0.03155785799026489, -0.03829677402973175, -0.013710684143006802, 0.012279348447918892, -0.012320439331233501, -0.017271900549530983, -0.024421727284789085, 0.0012960773892700672, 0.00033600421738810837, 0.00628691678866744, 0.021846694871783257, -0.02231239154934883, -0.004609036259353161, -2.940036756626796e-05, -0.007903161458671093, -0.0013859638711437583, 0.018326569348573685, -0.008115464821457863, 0.03435204178094864, 0.032078344374895096, -0.023682089522480965, -0.005009673070162535, 0.004030338488519192, -0.013854502700269222, 0.010512437671422958, -7.907869439804927e-05, -0.00355436815880239, -0.011861590668559074, -0.0008166828192770481, -0.045145269483327866, -0.014368139207363129, 0.00733473664149642, -0.016340505331754684, 0.06459499150514603, 0.00716352416202426, -0.0029020491056144238, 0.01794305257499218, 0.007807282730937004, 0.027599427849054337, 0.011546559631824493, 0.0030732613522559404, -0.03799544274806976, -0.01429965440183878, 0.022832877933979034, -0.004098823294043541, -0.031475674360990524, -0.02780488319694996, 0.0013996608322486281, 0.011087710969150066, -0.007006008643656969, 0.011210983619093895, -0.0020665328484028578, 0.0012378651881590486, 0.0009442360606044531, -0.007012857124209404, 0.022969847545027733, 0.01041655894368887, -0.0015049563953652978, 0.00983443669974804, 0.004362490493804216, -0.006331432145088911, -0.013005289249122143, -0.01820329576730728, -0.004030338488519192, 0.006827948149293661, -0.01421747263520956, -0.011491771787405014, -0.011115104891359806, -0.011149347759783268, 0.0010812059044837952, -0.02088790573179722, 0.008485283702611923, 0.03185919299721718, 0.002164124045521021, 0.018751174211502075, -0.038570716977119446, -0.025613365694880486, -0.023093119263648987, -0.00418100506067276, -0.005468522198498249, -0.016080262139439583, -0.012738198041915894]","[-0.019022762775421143, -0.007993974722921848, -0.01663629524409771, -0.010718408972024918, 0.0037314409855753183, 0.006314481142908335, 0.004628090187907219, 0.0008005182608030736, -0.014649871736764908, -0.02142302319407463, 0.011766798794269562, 0.012332377955317497, 0.0015312012983486056, -0.001953661208972335, -0.01215994544327259, 0.003246905514970422, 0.009952808730304241, -0.022926636040210724, 0.01575344055891037, -0.007255963049829006, -0.02979634888470173, 0.004390133544802666, 0.020098742097616196, -0.011297782883048058, -0.023726722225546837, -0.0028365158941596746, 0.007393909152597189, -0.01343594677746296, 0.024140560999512672, 0.01578103005886078, 0.015146478079259396, -0.004476349800825119, -0.020333249121904373, -0.0060937674716115, -0.029906706884503365, 0.0035383165813982487, 0.010677025653421879, 0.00721457926556468, 0.0329139307141304, -0.023478420451283455, -0.0027865103911608458, -0.021105747669935226, -0.006317929830402136, 0.005045377183705568, -0.010594258084893227, 0.013291102834045887, 0.01797437109053135, 0.003890078980475664, -0.036031510680913925, 0.036666061729192734, 0.002943424042314291, -0.004786728415638208, -0.03241732344031334, -0.004521182272583246, 0.0008186236955225468, -0.0005332477740012109, 0.01291864924132824, 0.005776491481810808, 0.0066455514170229435, -0.011966820806264877, -0.002881348365917802, 0.006814535707235336, -0.013456637971103191, -0.00877336971461773, -0.008973391726613045, -0.007104222197085619, -0.009028569795191288, 0.003969397861510515, 0.0131807466968894, 0.0080767422914505, 0.0034020948223769665, 0.026030421257019043, 0.014649871736764908, 0.03765927627682686, -0.001941590802744031, -0.0016691474011167884, -0.03181036189198494, -0.0011509874602779746, 0.024581989273428917, 0.013084184378385544, 0.01733982004225254, -0.02260936051607132, -0.021105747669935226, -0.0017243258189409971, 0.01590518094599247, -0.03959051892161369, 0.03318982198834419, 0.048281121999025345, -0.017436381429433823, -0.010566668584942818, 0.037797220051288605, 0.013608379289507866, 0.041245874017477036, 0.01565687730908394, 0.00019926739332731813, 0.0004444449732545763, 0.00031016310094855726, -0.002298526233062148, 0.023423241451382637, -0.017753658816218376, -0.006273097358644009, -7.371492392849177e-05, -0.007793952710926533, -0.0070904274471104145, -0.001423430978320539, -7.961535629874561e-06, -0.010187316685914993, 0.00932515412569046, 0.0054971505887806416, -0.02276110090315342, 0.0027485752943903208, 0.022954225540161133, 0.004731549881398678, -0.020360838621854782, 0.02608560025691986, -0.012670345604419708, 0.008890624158084393, 0.005304025951772928, -0.016153484582901, 0.021381638944149017, 0.030872328206896782, 0.010787381790578365, 0.027920283377170563, -0.018333030864596367, -0.003921116702258587, 0.027630595490336418, 0.0018105420749634504, -0.009380332194268703, -0.03912150487303734, -0.03793516755104065, 0.03327259048819542, 0.0010544252581894398, -0.005376447923481464, 0.012353070080280304, 0.021823067218065262, 0.034320980310440063, -0.006783497519791126, -0.00869749952107668, -0.024402659386396408, -0.010456311516463757, 0.01773986406624317, 0.03492794185876846, 0.01575344055891037, 0.02694086544215679, -0.03680400922894478, 0.0076422118581831455, 0.017022544518113136, 0.002867553848773241, -0.020733293145895004, -0.04047337546944618, -0.008787164464592934, -0.022043781355023384, 0.042763277888298035, -0.01273931935429573, -0.01971249282360077, 0.020471196621656418, -0.016801830381155014, 0.012925545684993267, -0.009876938536763191, 0.005176425911486149, -0.0005052274791523814, 0.00818020198494196, -0.0017346717650070786, 0.02568555623292923, 0.016539733856916428, 0.026954660192131996, 0.00473844725638628, -0.017560534179210663, -0.020664319396018982, 0.021395433694124222, 0.012166842818260193, 0.01311867032200098, -0.014967148192226887, 0.01693977601826191, -0.01681562513113022, 0.009194104932248592, -0.00635241623967886, -0.00877336971461773, -0.011056376621127129, -0.008449196815490723, 0.004603949841111898, 0.019850438460707664, 0.004283225163817406, 0.04938469082117081, -0.007138708606362343, -0.0033572623506188393, 0.03445892781019211, -0.012663448229432106, 0.010408030822873116, -0.01578103005886078, -0.007752568926662207, 0.015946565195918083, -0.010856355540454388, 0.009497586637735367, -0.621529757976532, -0.034872762858867645, -0.005690275225788355, -0.03158964961767197, 0.00019872855045832694, 0.008552655577659607, -0.002289904747158289, 0.004272879101336002, -0.03175518289208412, 0.02736849896609783, -0.017174284905195236, 0.012546194717288017, 0.010256289504468441, -0.029879117384552956, -0.00360728963278234, -0.02885831706225872, -0.012801394797861576, -0.0018433042569085956, -0.03089991770684719, 0.009456202387809753, -0.010766690596938133, 0.011008095927536488, 0.010159727185964584, 0.022236905992031097, 0.02145061269402504, 0.004155625123530626, 0.00681798392906785, 0.00911133736371994, -0.008414709940552711, 0.01663629524409771, -0.011601263657212257, 0.010808073915541172, 0.0011518496321514249, -0.009394126944243908, 0.051150400191545486, -0.02175409346818924, -0.010628744028508663, 0.0320034883916378, 0.03713507950305939, 0.053523071110248566, -0.02946527861058712, -0.0032451811712235212, -0.002534758998081088, 0.020402222871780396, -0.001205303706228733, -0.016415581107139587, 0.017229463905096054, 0.0034469272941350937, -0.01413947157561779, 0.009656224399805069, -0.005486804526299238, -0.005110901780426502, 0.0163052249699831, -0.007049043662846088, 0.017422588542103767, -0.025464843958616257, 0.012773805297911167, -0.01847097836434841, 0.015822414308786392, 0.00447979848831892, 0.008856137283146381, 0.007076633162796497, -0.04717755317687988, -0.023395651951432228, 0.0016975987236946821, 0.017601918429136276, -0.017574328929185867, -0.013980833813548088, 0.01925726979970932, 0.003129651304334402, 0.0009216521284542978, 0.005283334292471409, -0.004690166097134352, -0.02172650583088398, 0.004365992732346058, 0.01986423321068287, 0.018512360751628876, -0.029906706884503365, 0.003138273023068905, 0.01825026422739029, 0.013815297745168209, -0.014553309418261051, -0.01314625982195139, -0.0024537155404686928, 0.033989910036325455, -0.005845464300364256, -0.007469779346138239, 0.007759465835988522, -0.0017027717549353838, 0.0013665282167494297, 0.005759248044341803, 0.0037107490934431553, -0.002169201849028468, -0.06637964397668839, 0.0021640288177877665, 0.02334047295153141, 0.011187425814568996, 0.0022830073721706867, -0.001673458144068718, -0.010566668584942818, -0.015118888579308987, 0.027685774490237236, -0.022719716653227806, 0.03523142263293266, 0.022319672629237175, 0.002705467166379094, 0.002908937633037567, 0.011773696169257164, 0.028775548562407494, -0.02946527861058712, -0.013401459902524948, -0.020622937008738518, -0.01910552941262722, -0.00668693520128727, 0.0246785506606102, -0.03357607126235962, 0.030237777158617973, -0.0016044850926846266, 0.02236105687916279, -0.006621411070227623, 0.04091480374336243, 0.005666134413331747, 0.015201656147837639, 0.0008699223399162292, 0.0028209970332682133, -0.011621955782175064, 0.01211166474968195, 0.02273351140320301, -0.02729952521622181, -0.009056159295141697, 0.01252550259232521, 0.01442915853112936, 0.024375069886446, -0.01593277044594288, 0.0039762952364981174, 0.01678803563117981, -0.0008613007375970483, -0.0011777145555242896, 0.013787709176540375, -0.012090972624719143, -0.0408320352435112, 0.007552546914666891, -0.006621411070227623, -0.005483355838805437, 0.004369441419839859, -0.03550731763243675, -0.007228373549878597, 0.0077318768016994, 0.019615929573774338, 0.016539733856916428, -0.02081606164574623, -0.00015917682321742177, 0.010373543947935104, -0.0010208009043708444, -0.006204124074429274, -0.00889752060174942, -0.016070716083049774, -0.017450176179409027, 0.006655897479504347, -0.009228591807186604, -0.017132900655269623, 0.019767669960856438, -0.000789741228800267, -0.002324391156435013, -0.005952372681349516, 0.00400733295828104, 0.0026899483054876328, 0.017684685066342354, -0.0009794170036911964, -0.019298654049634933, -0.014236033894121647, -0.013815297745168209, -0.022388646379113197, 0.01950557343661785, -0.022747306153178215, 0.031396523118019104, 0.0025709697511047125, 0.005593712907284498, -0.01794678345322609, -0.006493811029940844, 0.028472067788243294, 0.006642102729529142, -0.012608270160853863, -0.0028658295050263405, 0.01113914418965578, 0.02227828837931156, 0.02142302319407463, -0.01928485929965973, 8.530024206265807e-05, 0.008090537041425705, -0.02364395558834076, 0.017629506066441536, -0.02349221520125866, 0.019671108573675156, -0.0019226232543587685, 0.013615276664495468, -0.0030486080795526505, 0.0035797003656625748, 0.010739101096987724, 0.013780811801552773, 0.026554618030786514, 0.017298435792326927, -0.0018605475779622793, -0.03387955203652382, 0.030486080795526505, -0.018264058977365494, 0.020043563097715378, -0.028527244925498962, 0.009621737524867058, 0.02525792457163334, 0.00818020198494196, 0.0016139689832925797, -0.021560968831181526, 0.003845246508717537, 0.01623625122010708, 0.008676807396113873, 0.017257051542401314, 0.020209098234772682, 0.008138817735016346, -0.006886957213282585, -0.020484989508986473, 0.0077111851423978806, 0.04367372393608093, -0.005172977223992348, 0.022347262129187584, -0.001770882634446025, -0.0008112952928058803, 0.011173631064593792, -0.03763168677687645, -0.026430465281009674, 0.006142048630863428, -0.0006530883838422596, -0.014911969192326069, -0.0009759683744050562, 0.01590518094599247, -0.002277834340929985, 0.006952481344342232, -0.004259084817022085, 0.030486080795526505, -0.02001597359776497, 0.01986423321068287, 0.009318256750702858, 0.0007095600594766438, -0.02598903886973858, 0.010290776379406452, 0.017988165840506554, 0.03644534945487976, 0.016125895082950592, -0.008290558122098446, 0.008111228235065937, 0.008711294271051884, 0.047756925225257874, 0.011449523270130157, 0.032251790165901184, -0.0023674992844462395, -0.009359640069305897, 0.015836207196116447, 0.005148836877197027, 0.025547610595822334, 0.025644173845648766, 0.03567285090684891, -0.02827894315123558, 0.0013363524340093136, -0.021671326830983162, 0.0007668939069844782, -0.009304462000727654, -0.02016771398484707, -0.021988602355122566, -0.028444478288292885, -0.00398319261148572, -0.004214252345263958, 8.686291403137147e-05, -0.0024761317763477564, -0.0051040044054389, 0.0028968672268092632, -0.027202963829040527, 0.01565687730908394, 0.004762587603181601, -0.0003024036413989961, 0.02672015316784382, -0.0073042442090809345, -0.02885831706225872, 0.023326680064201355, 0.009414819069206715, -0.00040974290459416807, -0.005228155758231878, -0.03415544331073761, -0.006959378719329834, 0.019064145162701607, 0.024871675297617912, 0.010290776379406452, -0.005352307111024857, 0.009835554286837578, 0.004497041460126638, -0.006911097560077906, 0.019726287573575974, 0.019974589347839355, -0.0028865213971585035, 0.017836425453424454, 0.02089882828295231, 0.009318256750702858, -0.0002175883564632386, -0.0038935276679694653, -0.0265132337808609, 0.02586488611996174, 0.0016725959721952677, 0.02586488611996174, -0.02351980283856392, -0.006555886473506689, -0.0006345518631860614, -0.02331288531422615, -0.02782372012734413, -0.006735216360539198, 0.0014975769445300102, 0.012173740193247795, -0.004507387522608042, 0.019546957686543465, -0.004728101193904877, 0.013656659983098507, 0.011146041564643383, -0.00765600660815835, -0.030127421021461487, -0.025906270369887352, 0.01761571131646633, 0.0018915854161605239, 0.02943768911063671, 0.007276654709130526, -0.007683595642447472, 0.000308007700368762, 0.008642320521175861, -0.01794678345322609, -0.015960359945893288, 0.011332268826663494, 0.03793516755104065, -0.0033848516177386045, -0.03390714153647423, 0.003996987361460924, -0.007973282597959042, 0.016194866970181465, -0.008318147622048855, -0.015850001946091652, -0.030127421021461487, 0.025326896458864212, 0.009152721613645554, -0.014746434055268764, 0.00640759477391839, -0.0012923821341246367, 0.023050786927342415, 0.02431989088654518, 0.007221476174890995, 0.005355755798518658, -0.012615167535841465, 0.011801285669207573, -0.018939994275569916, -0.02790648862719536, 0.016429375857114792, -0.023602571338415146, 0.023657750338315964, -0.021519586443901062, 0.0020795369055122137, 0.015739645808935165, -0.012408248148858547, 0.011753004975616932, -0.01204958837479353, 0.010001089423894882, 0.022981813177466393, 0.012870367616415024, 0.027478855103254318, -0.010711511597037315, 0.008476785384118557, -0.009718299843370914, 0.011690928600728512, -0.002764094155281782, -0.014898174442350864, 0.0015984500059857965, -0.037714455276727676, 0.003515900345519185, 0.003600392257794738, 0.008932007476687431, 0.006993865594267845, -0.03156206011772156, -0.04502559453248978, -0.0014898175140842795, 0.0033814029302448034, -0.029851527884602547, -0.014746434055268764, 0.03462446108460426, -0.004900533705949783, 0.008704396896064281, 0.004690166097134352, -0.010932225733995438, -0.005510945338755846, -0.009738991968333721, -0.015643084421753883, -0.004624641966074705, -0.01703633926808834, -0.0028572077862918377, 0.0230094026774168, 0.009759684093296528, 0.01782263070344925, 0.003745235502719879, -0.010594258084893227, -0.007897412404417992, -0.009166515432298183, -0.023243911564350128, -0.00444876030087471, -0.020071152597665787, -0.024457836523652077, -0.00013137207133695483, -0.0061627402901649475, 0.0073111411184072495, -0.0020002180244773626, -0.019367627799510956, 0.013649762608110905, 0.015380986034870148, -0.002189893741160631, 0.019271064549684525, -0.06957999616861343, -0.01189784798771143, -0.01703633926808834, -0.022830072790384293, 0.0002599421131890267, 0.025437254458665848, -0.010732203722000122, 0.010214906185865402, -0.014484336599707603, 0.0015846553724259138, -0.008635423146188259, 0.011835772544145584, 0.0025537265464663506, 0.008297455497086048, 0.01706392876803875, -0.03244491294026375, -0.000285807007458061, -0.0037210951559245586, -0.02407158724963665, 0.008207790553569794, 0.032196611166000366, 0.010787381790578365, -0.01718807965517044, 0.0036348786670714617, 0.022223111242055893, 0.005097107030451298, -0.021560968831181526, -0.0011087415041401982, -0.015298218466341496, 0.0070145572535693645, 0.005241950508207083, -0.016015537083148956, 0.030265366658568382, 0.000598341051954776, -0.03462446108460426, -0.03327259048819542, 0.004559117369353771, 0.00444876030087471, 0.016346609219908714, -0.006031691562384367, -0.008173304609954357, -0.026499439030885696, -0.006480016279965639, -0.021560968831181526, -0.02462337166070938, -0.022499002516269684, -0.0035055542830377817, -0.005397139582782984, -0.004807420074939728, 0.008469888009130955, -0.015739645808935165, 0.007166298106312752, -0.014498131349682808, 0.0056109558790922165, 0.005328166764229536, 0.008600937202572823, 0.006435183808207512, -0.005110901780426502, -0.0004694476956501603, -0.014898174442350864, -0.017988165840506554, 0.008290558122098446, -0.022802483290433884, -0.0046073985286056995, 0.0005681653274223208, 0.00844229944050312, 0.02379569597542286, 0.043039172887802124, 0.013311794959008694, 0.019615929573774338, -0.011656442657113075, 0.010870149359107018, -0.007531855255365372, -0.0160017441958189, -0.0181261133402586, -0.030568847432732582, 0.024140560999512672, 0.013594584539532661, -0.0047522420063614845, 0.028637602925300598, 0.007483574096113443, 0.028968673199415207, 0.012132355943322182, -0.030568847432732582, -0.018457183614373207, -0.013491124846041203, -0.04074926674365997, -0.0014958526007831097, 0.009959706105291843, -0.026071805506944656, 0.033410537987947464, -0.01663629524409771, -0.025313101708889008, -0.005831670016050339, 0.009959706105291843, 0.013684249483048916, -0.003250354202464223, -0.013091081753373146, 0.009373434819281101, 0.06135840713977814, 0.011808183044195175, 0.02236105687916279, 0.004014230333268642, -0.00591098889708519, -0.014539514668285847, -0.005307474639266729, 0.030982686206698418, 0.00940102431923151, 0.023809490725398064, -0.007400806061923504, -0.020029768347740173, -0.009304462000727654, -0.0006332586635835469, -0.013918757438659668, 0.009752786718308926, -5.8088226069230586e-05, 0.00017545014270581305, 0.002952045761048794, -0.04050096496939659, -0.007352525368332863, -0.008387120440602303, -0.011787490919232368, 0.012897957116365433, -0.023230116814374924, 0.014153266325592995, -0.03390714153647423, -0.020553963258862495, 0.0156154939904809, -0.03945257514715195, 0.02797546237707138, -0.019698698073625565, -0.0035659056156873703, 0.014663666486740112, -0.0058627077378332615, -0.006680038291960955, 0.020678114145994186, -0.010442516766488552, 0.01458089891821146, 0.015380986034870148, 0.02767197974026203, -0.025823503732681274, -0.006448978558182716, -0.01620866172015667, 0.007856028154492378, 0.004638436250388622, -0.03796275705099106, 0.026609795168042183, -0.01696736551821232, 0.007352525368332863, -0.01648455485701561, 0.01362217403948307, -0.045991215854883194, -0.0030606782529503107, -0.012442735023796558, -0.005072966683655977, -0.003474516561254859, 0.018595129251480103, -0.010373543947935104, 0.022871457040309906, -0.0005849775043316185, 0.03539695963263512, -0.0014570553321391344, 0.011842669919133186, -0.026485644280910492, -0.02291284129023552, -0.008187098428606987, 0.018236469477415085, 0.02674774080514908, 0.047453444451093674, 0.0042383926920592785, 0.0068973032757639885, 0.04016989469528198, -0.008932007476687431, 0.024733729660511017, -0.016346609219908714, -0.0033107055351138115, 0.03274839371442795, -0.0205677580088377, 0.0031193052418529987, -0.00859403982758522, -0.011884053237736225, 0.011670236475765705, 0.0034158893395215273, -0.015960359945893288, 0.0006461910670623183, -0.02394743636250496, -0.016705268993973732, 0.02142302319407463, -0.0022640398237854242, -0.009414819069206715, -0.008876829408109188, -0.025975244119763374, 0.015284423716366291, -0.03845936059951782, -0.012884162366390228, 0.004341852385550737, -0.015243040397763252, 0.0001558359363116324, -0.002752023981884122, -0.006917994935065508, 0.031065452843904495, 0.00793879572302103, -0.011290885508060455, 0.02358877658843994, 0.01938142254948616, -0.03288634121417999, 0.023726722225546837, 0.014332596212625504, 0.011484010145068169, -0.029023852199316025, -0.011615058407187462, -0.01638799160718918, -0.015408575534820557, -0.0012501361779868603, -0.019326243549585342, -0.032251790165901184, -0.03145170211791992, 0.02389225736260414, 0.014525720849633217, 0.0009561386541463435, -0.0020105638541281223, -0.016622500494122505, 0.026527028530836105, 0.01865030825138092, -0.023809490725398064, -0.025754529982805252, 0.01562928967177868, -0.002510618418455124, 0.02114713191986084, 0.015284423716366291, -0.0074973683804273605, 0.006431735120713711, -0.040969979017972946, -0.007249065674841404, 0.0025261372793465853, -0.019629724323749542, -0.012270302511751652, 0.007842233404517174, -0.0031003376934677362, -0.019188297912478447, 0.014111882075667381, -0.02772715874016285, -0.02434748038649559, -0.016594910994172096, 0.03238973394036293, -0.00804225541651249, 0.031065452843904495, 0.028941083699464798, 0.02916179783642292, 0.008394017815589905, -0.002469234634190798, -0.005924783181399107, -0.026637384667992592, 0.010987403802573681, -0.002295077545568347, -0.0011389171704649925, -0.015298218466341496, -0.015077504329383373, 0.03994917869567871, 0.03520383685827255, -0.028499657288193703, -0.013822195120155811, -0.003828003304079175, -0.041576944291591644, -0.000972519745118916, -0.01278070267289877, 0.010442516766488552, 0.013015210628509521, -0.0017881258390843868, -0.010304571129381657, 0.011787490919232368, 0.0029779106844216585, 0.016843214631080627, -0.015339601784944534, -0.015201656147837639, 0.0019019313622266054, 0.017932988703250885, 0.0066352058202028275, -0.010366646572947502, -0.012366864830255508, -0.01444295234978199, 0.014194649644196033, 0.035176247358322144, 0.03186554089188576, 0.026320109143853188, -0.002351980423554778, -0.004586706403642893, -0.02172650583088398, 0.019036557525396347, 0.021947218105196953, -0.017229463905096054, -0.018719280138611794, -0.008945802226662636, 0.013601481914520264, 0.012539297342300415, 0.018181290477514267, -0.009145824238657951, 0.0035021055955439806, -0.03032054379582405, -0.00911133736371994, -0.015146478079259396, -0.0033658838365226984, -0.029961884021759033, -0.015532726421952248, -0.011325371451675892, 0.02389225736260414, -0.01337387040257454, -0.0090630566701293, 0.044501401484012604, 0.010849458165466785, 0.016677679494023323, 0.008359531871974468, 0.026582205668091774, -0.025340691208839417, -0.009221694432199001, 0.0040832036174833775, -0.02334047295153141, 0.0060454863123595715, 0.01733982004225254, 0.03211384266614914, -0.006780048832297325, -0.013063492253422737, -0.007324935868382454, -0.00212092068977654, -0.01262896228581667, 0.024002615362405777, 0.015739645808935165, 0.0010983955580741167, 0.011146041564643383, 0.002855483442544937, 0.006317929830402136, -0.012746215797960758, 0.0010975333862006664, -0.0061248051933944225, -0.018181290477514267, 0.027740953490138054, 0.00800087209790945, 0.0022347262129187584, -0.01754673942923546, -0.009007877670228481, -0.00409010099247098, -0.004028025083243847, 0.020760882645845413, 0.20592588186264038, 0.006566232535988092, 0.019919412210583687, 0.015132683329284191, -0.036610886454582214, -0.0010423549683764577, -0.005321269389241934, -0.0009940738091245294, 0.0030192944686859846, 0.026099395006895065, -0.01444295234978199, 0.011587468907237053, -0.012580680660903454, 0.001920898910611868, 0.011449523270130157, -0.026154574006795883, -0.033686429262161255, -0.022692127153277397, -0.03128616884350777, 0.00149671477265656, 0.022843867540359497, 0.011732312850654125, -0.01138055045157671, -0.021105747669935226, 0.029299743473529816, 0.004603949841111898, -0.025368280708789825, 0.0012449632631614804, 0.03478999808430672, 0.02480270154774189, -0.003038262017071247, -0.009014775045216084, -0.01602933183312416, 0.0007009384571574628, -0.019477983936667442, -0.021519586443901062, 0.02074708789587021, 0.012766907922923565, 0.038349006325006485, 0.004303917288780212, 0.021919628605246544, -0.005066069308668375, 0.002596834674477577, -0.0021933424286544323, 0.009801067411899567, 0.003627981524914503, 0.009428613819181919, 0.0031158567871898413, 0.025009620934724808, 0.015256834216415882, -0.0202642772346735, -0.015546521171927452, 0.03440374881029129, 0.02477511204779148, 0.0035659056156873703, -0.016581116244196892, 0.034845177084207535, -0.013201437890529633, 0.0013156605418771505, 0.007676698267459869, -0.03556249663233757, 0.01413947157561779, 0.01791919395327568, -0.019767669960856438, -0.029272153973579407, 0.01776745356619358, -0.003150343196466565, -0.020457401871681213, -0.005193669348955154, -0.012518605217337608, -0.00818020198494196, 0.017229463905096054, -0.018664103001356125, 0.010532181710004807, -0.015091299079358578, -0.022471413016319275, 0.010125241242349148, 0.009952808730304241, 0.01862271875143051, 0.03465205058455467, -0.017353614792227745, -0.025161361321806908, -0.014153266325592995, -0.00019441773474682122, 0.005617853254079819, -0.050598617643117905, -0.01116673368960619, 0.01895378902554512, -0.022292083129286766, -0.02023668773472309, 0.002481304807588458, 9.521511674392968e-05, -0.0031744837760925293, -0.005683377850800753, 0.0024175047874450684, -0.010711511597037315, -0.026858098804950714, 0.018208879977464676, 0.00317620811983943, 0.010380441322922707, -0.017022544518113136, 0.017408793792128563, 0.013656659983098507, -0.0019191745668649673, 0.014760228805243969, -0.014801612123847008, -0.017174284905195236, 0.00014786093379370868, 0.003064126940444112, -0.016139689832925797, -0.004445312079042196, -0.044142741709947586, 0.013718736357986927, -0.01593277044594288, -0.014401569031178951, -0.010580463334918022, 0.013718736357986927, 0.01223581563681364, -0.0035934948828071356, 0.033714018762111664, -0.02598903886973858, -0.0017691582906991243, 0.021864451467990875, -0.0031279269605875015, -0.004883290734142065, 0.0023433587048202753, -0.035424549132585526, -0.0004345300840213895, -0.007904309779405594, -0.03175518289208412, 0.017960578203201294, -0.024554399773478508, 0.0014630904188379645, -0.029382511973381042, -0.00825607217848301, 0.006521400064229965, 0.0029537701047956944, -0.03851453959941864, 0.006248956546187401, -0.0035227974876761436, -0.009897629730403423, 0.012504810467362404, 0.011187425814568996, -0.023202527314424515, -0.006624859757721424, -0.021078158169984818, -0.007045594975352287, 0.0077111851423978806, -0.008097433485090733, -0.033686429262161255, -0.02474752441048622, 0.0028020294848829508, -0.00360728963278234, -0.025313101708889008, -0.022016191855072975, -0.03964569792151451, 0.009076850488781929, -0.015808619558811188, 0.008056050166487694, 0.014070498757064342, -0.04207354784011841, 0.0007806884823367, 0.009959706105291843, -0.021616147831082344, -0.0017588123446330428, -0.03349330276250839, -0.17535702884197235, 0.01980905421078205, 0.02825135365128517, -0.009504484012722969, -0.013346281833946705, 0.012897957116365433, 0.025216540321707726, -0.004797074478119612, -0.025740735232830048, 0.010311468504369259, 0.0029003159143030643, -0.011346063576638699, -0.011573675088584423, 0.014539514668285847, -0.021588558331131935, 0.03203107416629791, 0.011539188213646412, 0.017257051542401314, 0.0387076660990715, 0.030982686206698418, 0.0432598851621151, -0.029575636610388756, 0.020650526508688927, 0.009214797057211399, -0.0051591829396784306, -0.002012288197875023, 0.002814099658280611, 0.026858098804950714, 0.00543852336704731, -0.03346571326255798, -0.0032020730432122946, 0.012573783285915852, 0.02550622634589672, -0.010483901016414165, 0.004041819833219051, -0.0008203479810617864, 0.0036935058888047934, -0.0013501470675691962, -0.013353179208934307, 0.003374505555257201, 0.007249065674841404, -0.0020260827150195837, -0.018291648477315903, -0.00044918686035089195, 0.02800305001437664, 0.0362522266805172, 0.020195303484797478, -0.015036121010780334, 0.0061627402901649475, -0.008214687928557396, 0.021712711080908775, -0.03302428871393204, 0.01605692133307457, 0.003914219327270985, 0.010946020483970642, 0.004248738754540682, 0.008159509859979153, 0.017353614792227745, -0.004579809494316578, -0.03363125026226044, -0.023809490725398064, -0.03876284509897232, 0.01870548538863659, 0.009952808730304241, 0.005797183141112328, -0.0320034883916378, -0.019974589347839355, 0.0018657204927876592, -0.028416888788342476, 0.0024209534749388695, 0.004096997901797295, -0.02202998660504818, 0.02099539153277874, -0.0035900461953133345, 0.016981160268187523, 0.01620866172015667, -0.0070835305377841, -0.026802919805049896, -0.0014130850322544575, 0.009283769875764847, -0.024237122386693954, 0.05043308064341545, -0.014346390962600708, -0.010566668584942818, -0.011953026056289673, -0.005686826538294554, 0.004597052466124296, -0.0027813375927507877, -0.015091299079358578, -0.03346571326255798, -0.004179765935987234, -0.008904417976737022, -0.011828875169157982, -0.046487823128700256, 0.00031102527282200754, 0.009394126944243908, -0.009469997137784958, -0.019215887412428856, 0.009014775045216084, -0.004648782312870026, 0.018857227638363838, -0.014594693668186665, -0.03266562893986702, 0.005076414905488491, 0.030265366658568382, 0.014856791123747826, -0.026430465281009674, 0.015560315921902657, 0.02974117174744606, 0.002295077545568347, -0.02407158724963665, 0.0010380441090092063, 0.029382511973381042, 0.0011535739758983254, 0.009469997137784958, 0.028361709788441658, 0.004559117369353771, 0.015643084421753883, 0.008642320521175861, 0.004507387522608042, 0.031148221343755722, -0.02245761826634407, -0.00011639198783086613, 0.019546957686543465, 0.010683923028409481, -0.036666061729192734, -0.11719897389411926, -0.029934296384453773, 0.004690166097134352, 0.02809961326420307, -0.013449741527438164, 0.019395217299461365, -0.01736740954220295, -0.005948923993855715, 0.00014322680362965912, 0.02276110090315342, -0.01791919395327568, -0.011339166201651096, -0.021022979170084, 0.0060834214091300964, 0.007490471005439758, 0.024402659386396408, -0.008780267089605331, 0.010711511597037315, -0.031368933618068695, 0.037493739277124405, 0.004303917288780212, -0.03520383685827255, -0.021643737331032753, 0.005842015612870455, -0.002495099324733019, 0.003391748759895563, -0.016429375857114792, 0.0181261133402586, 0.028072023764252663, 0.03997676819562912, 0.001305314595811069, -0.004321160260587931, 0.007124914322048426, 0.0156154939904809, 0.0031572405714541674, -0.03743856027722359, 0.013739427551627159, -0.01794678345322609, 0.009518278762698174, -0.023975025862455368, -0.005414383020251989, 0.027796132490038872, 0.025920065119862556, -0.035728029906749725, -0.015643084421753883, 0.01870548538863659, -0.00105528743006289, 0.02654082328081131, -0.014939558692276478, -0.015215450897812843, -0.03476240858435631, -0.011773696169257164, -0.01733982004225254, -0.008945802226662636, 0.02031945437192917, -0.021009186282753944, 0.017560534179210663, 0.008345737121999264, -0.02336806245148182, -0.0020278070587664843, -0.012642757035791874, 0.006438632495701313, -0.038073115050792694, 0.012884162366390228, 0.0029779106844216585, 0.006521400064229965, -0.01358768716454506, -0.007242168299853802, 0.007587033323943615, 0.0025830399245023727, -0.028472067788243294, 0.03989399969577789, -0.0012604821240529418, 0.04047337546944618, -0.0071594007313251495, 0.009104439988732338, -0.013173849321901798, -0.008187098428606987, 0.005383345298469067, 0.026278724893927574, 0.003412440652027726, -0.022843867540359497, 0.0037624789401888847, -0.009738991968333721, 0.01158057153224945, 0.020802266895771027, -0.004590155091136694, 0.008987185545265675, -0.001213925308547914, -0.024540605023503304, 0.019546957686543465, 0.03131375461816788, 0.011346063576638699, -0.005817875266075134, 0.007987077347934246, 0.010787381790578365, 0.02215413749217987, -0.00023472384782508016, -0.026485644280910492, -0.007876720279455185, -0.05252986028790474, -0.008504374884068966, -0.04720514267683029, 0.03928703814744949, 0.0048660472966730595, 0.0024209534749388695, -0.01666388474404812, -9.214365854859352e-05, 0.007869822904467583, -0.02175409346818924, -0.003852143883705139, -0.011235706508159637, -0.017877809703350067, 0.013704941608011723, -0.022692127153277397, 0.00236922362819314, -0.023906052112579346, -0.031368933618068695, 0.024085381999611855, 0.010849458165466785, 0.010539079084992409, 0.022623153403401375, -0.021947218105196953, -0.004621193278580904, -0.00969071127474308, 0.002905488945543766, -0.021105747669935226, 0.00697662215679884, 0.015256834216415882, -0.009338948875665665, -0.01703633926808834, -0.02212654799222946, 0.02523033507168293, -0.012077177874743938, -0.019974589347839355, 0.023174937814474106, -0.008814753033220768, 5.426237839856185e-05, -0.019022762775421143, 0.014360184781253338, 0.04254256561398506, -0.025451049208641052, -0.026775330305099487, -0.011187425814568996, 0.006362762302160263, 0.00502813421189785, 0.011649545282125473, 0.0008888899465091527, -0.01572585105895996, -0.0015751715982332826, 0.01200820505619049, -0.004669474437832832, 0.02550622634589672, -0.0017691582906991243, -0.0071180169470608234, -0.02462337166070938, -0.003034813329577446, -0.047756925225257874, -0.0038004140369594097, 0.009525175206363201, 0.006355864927172661, -0.012684140354394913, 0.0037693760823458433, 0.009932116605341434, -0.0028365158941596746, -0.02258177101612091, -0.0390111468732357, -0.04428068548440933, -0.016319019719958305, 0.006593822035938501, 0.005473010241985321, -0.0423494428396225, -0.022871457040309906, 0.009097542613744736, -0.00011757746688090265, 0.020181508734822273, 0.04130105301737785, 0.011594366282224655, 0.014104984700679779, 0.004483247175812721, -0.004428068641573191, -0.011601263657212257, -0.009366537444293499, -0.014939558692276478, -0.012746215797960758, -0.005514394026249647, 0.030099831521511078, -0.009359640069305897, -0.01127709075808525, 0.002136439550668001, -0.0007250789785757661, 0.020484989508986473, -0.033989910036325455, 0.006617962382733822, 0.0017044959822669625, 0.015422370284795761, 0.02202998660504818, 0.006366210989654064, -0.022443823516368866, 0.00292962952516973, -0.002769267186522484, 0.014098087325692177, -0.003026191843673587, -0.0011570225469768047, -0.00199159630574286, -0.04822594299912453, 0.007269757334142923, 0.003333121770992875, 0.006928340997546911, -0.045329075306653976, 0.02129887230694294, 0.017877809703350067, -0.008814753033220768, -0.011573675088584423, -0.004741895943880081, -0.0033951974473893642, 0.009014775045216084, 0.0070524923503398895, -0.0023795696906745434, -0.013318692333996296, -0.02654082328081131, 0.028237558901309967, 0.01517406664788723, 0.013629071414470673, -0.014049806632101536, -0.005190220661461353, 0.02568555623292923, -0.0009526900248602033, 0.005255744792521, -0.006700729951262474, 0.005541983060538769, -0.0004621193220373243, -0.008214687928557396, -0.0025744184385985136, -0.012201329693198204, -0.008676807396113873, 0.0023847424890846014, 0.009559662081301212, 0.021588558331131935, 0.006097216159105301, 0.007407703436911106, 0.067648746073246, 0.009145824238657951, -0.021491996943950653, 0.008276763372123241, -0.017284641042351723, 0.03906632587313652, 0.018139908090233803, 0.010104549117386341, 0.011552982963621616, -0.016567321494221687, 0.003403819166123867, 0.016705268993973732, -0.02218172699213028, -0.01877445913851261, -0.023699132725596428, 0.016250045970082283, -0.0021433369256556034, 0.03843177482485771, -0.02379569597542286, -0.009283769875764847, 0.015146478079259396, 0.019891822710633278, 0.02480270154774189, 0.0029865321703255177, 0.003193451324477792, -0.016070716083049774, 0.021616147831082344, 0.005314372014254332, -0.0021260937210172415, -0.010394236072897911, -0.008490580134093761, 0.023409446701407433, -0.0025037210434675217, 0.0026244239415973425, 0.004466003738343716, -0.004031473770737648, -0.02949286811053753, 0.006228264886885881, 0.017229463905096054, 0.018733074888586998, 0.00604203762486577, -0.006179983727633953, -0.008952699601650238, -0.010966711677610874, 0.012194432318210602, 0.043287474662065506, -0.01208407524973154, -0.00781464483588934, -0.044528987258672714]"
12399,"How can I retrieve an id from MongoDB create operation during a transaction?<p>I am trying to create an audit trail using Apollo Server and Mongoose. When a user initially registers, I create a document in the users collection and a document in the history collection for each piece of data they provided (username, password, email, etc) . For each history collection document, I include the id for the user document to create a relationship. Works perfectly.</p>
<p>However, when I add a transaction in (see below), the userId for the user document comes back as undefined, so I cannot add it to the history entry documents. I am assuming that the id for a document does not get created until the entire transaction has been completed?</p>
<p>Any ideas?</p>
<pre><code>Mutation: {
  register: async (_, { data }) =&gt; {

    // Start a mongo session &amp; transaction
    const session = await mongoose.startSession()
    session.startTransaction()

    try {

      // Hash password and create user
      const hashedPassword = await bcrypt.hash(data.password, 12)
      const user = await User.create(
        [{ ...data, password: hashedPassword }],
        { session }
      )
      
      // Add history entries
      HistoryEntry.create([
      {
        user: user.id,
        action: 'registered'
      },
      {
        user: user.id,
        action: 'set',
        object: 'profile',
        instance: user.id,
        property: 'firstName',
        value: firstName
      },
      {
        user: user.id,
        action: 'set',
        object: 'profile',
        instance: user.id,
        property: 'lastName',
        value: lastName
      },
      {
        user: user.id,
        action: 'set',
        object: 'profile',
        instance: user.id,
        property: 'password'
      }
    ])

    if (loginType === 'email') {
      HistoryEntry.create({
        user: user.id,
        action: 'set',
        object: 'profile',
        instance: user.id,
        property: 'email',
        value: login
      })
    }

    if (loginType === 'mobile') {
      HistoryEntry.create({
        user: user.id,
        action: 'set',
        object: 'profile',
        instance: user.id,
        property: 'mobile',
        value: login
      })
    }

    // commit the changes if everything was successful
    await session.commitTransaction()
      return {
        ok: true,
        user
      }
    } catch (err) {
      // if anything fails above, rollback the changes in the transaction
      await session.abortTransaction()
      return formatErrors(err)
    } finally {
      // end the session
      session.endSession()
    }
  }
}
</code></pre>
",But what would be displayed? Your label is the path. In one place you say remove checkbox in another you say show it. Very confusing,"Embed Field: How can I retrieve an id from MongoDB create operation during a transaction?<p>I am trying to create an audit trail using Apollo Server and Mongoose. When a user initially registers, I create a document in the users collection and a document in the history collection for each piece of data they provided (username, password, email, etc) . For each history collection document, I include the id for the user document to create a relationship. Works perfectly.</p>
<p>However, when I add a transaction in (see below), the userId for the user document comes back as undefined, so I cannot add it to the history entry documents. I am assuming that the id for a document does not get created until the entire transaction has been completed?</p>
<p>Any ideas?</p>
<pre><code>Mutation: {
  register: async (_, { data }) =&gt; {

    // Start a mongo session &amp; transaction
    const session = await mongoose.startSession()
    session.startTransaction()

    try {

      // Hash password and create user
      const hashedPassword = await bcrypt.hash(data.password, 12)
      const user = await User.create(
        [{ ...data, password: hashedPassword }],
        { session }
      )
      
      // Add history entries
      HistoryEntry.create([
      {
        user: user.id,
        action: 'registered'
      },
      {
        user: user.id,
        action: 'set',
        object: 'profile',
        instance: user.id,
        property: 'firstName',
        value: firstName
      },
      {
        user: user.id,
        action: 'set',
        object: 'profile',
        instance: user.id,
        property: 'lastName',
        value: lastName
      },
      {
        user: user.id,
        action: 'set',
        object: 'profile',
        instance: user.id,
        property: 'password'
      }
    ])

    if (loginType === 'email') {
      HistoryEntry.create({
        user: user.id,
        action: 'set',
        object: 'profile',
        instance: user.id,
        property: 'email',
        value: login
      })
    }

    if (loginType === 'mobile') {
      HistoryEntry.create({
        user: user.id,
        action: 'set',
        object: 'profile',
        instance: user.id,
        property: 'mobile',
        value: login
      })
    }

    // commit the changes if everything was successful
    await session.commitTransaction()
      return {
        ok: true,
        user
      }
    } catch (err) {
      // if anything fails above, rollback the changes in the transaction
      await session.abortTransaction()
      return formatErrors(err)
    } finally {
      // end the session
      session.endSession()
    }
  }
}
</code></pre>; Answer: But what would be displayed? Your label is the path. In one place you say remove checkbox in another you say show it. Very confusing","[0.0014543515862897038, 0.014780077151954174, 0.008582839742302895, -0.005727446638047695, -0.027294497936964035, 0.011654803529381752, -0.00729674706235528, -0.0028270729817450047, -0.018791621550917625, 0.0037783156149089336, 0.046006154268980026, -0.0012419462436810136, -0.0031452644616365433, -0.005864052101969719, -0.009189236909151077, -0.00014014585758559406, 0.019151462242007256, -0.02830738015472889, 0.018858259543776512, -0.004921139217913151, -0.021963540464639664, 0.0018125252099707723, 0.004787865560501814, 0.017072388902306557, -0.01757882907986641, 0.013767195865511894, 0.0292936060577631, -0.028947094455361366, -0.004981112666428089, -0.002660480560734868, 0.019991086795926094, 0.0266947653144598, -0.006537085399031639, -0.029826702550053596, -0.027667663991451263, -0.008329619653522968, 0.006883597932755947, -0.02296309545636177, 0.0362771600484848, 0.017325609922409058, 0.019218098372220993, 0.008329619653522968, -0.004487999249249697, 0.007829842157661915, -0.008123044855892658, 0.028813820332288742, 0.0009537414298392832, -0.03334513306617737, -0.012867596931755543, 0.00504108564928174, 0.002835402498021722, 0.022323381155729294, -0.033105239272117615, 0.013860487379133701, -0.00226232479326427, -0.003235224401578307, 0.04467341676354408, 0.02918698824942112, 0.004408034961670637, 0.013420683331787586, 0.04328736662864685, 0.017125697806477547, -0.008449566550552845, -0.01773875765502453, -0.013254091143608093, -0.01989779621362686, 0.007989771664142609, 0.011514866724610329, 0.015992870554327965, -0.015792958438396454, -0.008209672756493092, 0.020564164966344833, -0.006030644755810499, -0.018831605091691017, 0.013807177543640137, -0.015313172712922096, 0.0030053267255425453, -0.02737446129322052, 0.016819167882204056, 0.015739649534225464, 0.008136372081935406, -0.02525540627539158, -0.017232317477464676, 0.045073237270116806, 0.016779186204075813, 0.04861832410097122, 0.03379826620221138, 0.028947094455361366, 0.005414252635091543, -0.015939559787511826, -0.014806731604039669, 0.005520871840417385, 0.0068636066280305386, 0.0012869262136518955, 0.019604593515396118, 0.029933322221040726, -0.013887141831219196, 0.038702744990587234, -0.008676132187247276, -0.003978226333856583, -0.012647694908082485, 0.008036416955292225, -0.029213642701506615, -0.02260325662791729, -0.016939114779233932, 0.017605483531951904, 0.0006672025192528963, -0.005097727291285992, 0.021297171711921692, -0.031745847314596176, -0.011868041940033436, 0.06594393402338028, -0.005610832013189793, 0.004487999249249697, -0.018271854147315025, 0.00432807020843029, -0.0009479107102379203, -0.02374941110610962, -0.02321631647646427, 0.010375373996794224, 0.0022073492873460054, 0.024948876351118088, 0.007423357106745243, -0.02804083190858364, 0.02520209737122059, 0.0209906417876482, -0.014260308817029, 0.001082850620150566, 0.009908915497362614, -0.015926232561469078, 0.026095032691955566, -0.004301415756344795, 0.016925787553191185, 0.009469111450016499, -0.019777849316596985, 0.008742769248783588, -0.00894267950206995, 0.01773875765502453, -0.018911568447947502, -0.0399022102355957, 0.016352709382772446, 0.010402029380202293, 0.011088389903306961, -0.0014035409549251199, -0.0430474728345871, 0.020564164966344833, -0.020097706466913223, 0.007436684332787991, 2.9674270990653895e-05, -0.012061289511620998, 0.021017296239733696, 0.029693428426980972, -0.03366499021649361, -0.004744551610201597, -0.02037758193910122, 0.018485091626644135, -0.00961571279913187, 0.007236773613840342, 0.002189024118706584, -0.01876496709883213, 0.0024372467305511236, 0.019711211323738098, -0.01757882907986641, -0.014140362851321697, 0.027720974758267403, 0.03401150181889534, 0.014060397632420063, -0.04142153263092041, 0.011788077652454376, -0.026015067473053932, 0.008936015889048576, 0.015779631212353706, -0.013967106118798256, 0.012554402463138103, -0.026614800095558167, 0.012121262960135937, -0.0053376201540231705, 0.013120817020535469, -0.01684582233428955, -0.029666773974895477, -0.03561079129576683, 0.002542200032621622, 0.01368723064661026, 0.04371384531259537, -0.024948876351118088, -0.0037616563495248556, -0.004178137052804232, -0.011008425615727901, 0.0002050127659458667, -0.01923142559826374, 0.010695232078433037, 0.02753439173102379, 0.015566393733024597, -0.012234545312821865, -0.6038907766342163, 0.00023947656154632568, 0.022696547210216522, -0.030199868604540825, -0.007156809326261282, -0.008136372081935406, -0.02147042751312256, 0.011721440590918064, -0.020390909165143967, 0.02753439173102379, -0.008756096474826336, 0.021963540464639664, 0.02478894777595997, -0.007136818021535873, -0.021483754739165306, -0.008569512516260147, 0.02622830681502819, -0.00974232330918312, 0.012021306902170181, -0.012900914996862411, -0.007629931438714266, 0.019991086795926094, -0.010688568465411663, 0.017378918826580048, -0.008496211841702461, 0.00022135964536573738, 0.009968888945877552, 0.022723201662302017, 0.0016650910256430507, 0.027880903333425522, -0.01627274416387081, 0.0023506185971200466, 0.013074170798063278, 0.005254324059933424, 0.048405084758996964, -0.007303410675376654, -0.0031619237270206213, 0.016032852232456207, -0.019631247967481613, 0.040248721837997437, 0.008769423700869083, -0.024082597345113754, 0.035637445747852325, -0.001141990884207189, 0.013913797214627266, -0.01368723064661026, 0.01731228083372116, -0.01581961289048195, 0.01632605493068695, -0.005667473189532757, -0.012107934802770615, 0.0128342779353261, -0.01226119976490736, 0.04086178168654442, 0.01070189569145441, -0.024708984419703484, 0.02385603077709675, -0.015406464226543903, 0.022643238306045532, -0.0035150994081050158, 0.001569300307892263, 0.010921797715127468, -0.028760511428117752, 0.008143036626279354, -0.0057807560078799725, 0.010635258629918098, 0.010948452167212963, -0.007583285681903362, -0.0074033658020198345, -0.03427805006504059, 0.011341609992086887, 0.002553861355409026, -0.014620148576796055, -0.012307845987379551, -0.006533753592520952, 0.015406464226543903, 0.006530421786010265, -0.02161702886223793, -0.013673903420567513, 0.009375819936394691, 0.0026871352456510067, 0.004104836378246546, -0.026708092540502548, -0.0013060843339189887, 0.0016492647118866444, 0.00729674706235528, -0.03537089750170708, -0.014380255714058876, 0.024402454495429993, 0.007756541948765516, 0.014926678501069546, 0.006477112416177988, 0.0004689575871452689, -0.006773646920919418, -0.00418813293799758, 0.039582353085279465, -0.005260987672954798, 0.022056832909584045, 0.01867167465388775, -0.02192355878651142, -0.03614388406276703, -0.004864498041570187, 0.0019607925787568092, 0.024229198694229126, 0.04653925076127052, 0.015633029863238335, -0.012927569448947906, 0.0009512425749562681, 0.037556588649749756, -0.018271854147315025, -0.017352264374494553, -0.0018358482047915459, -0.020124360918998718, 0.002532204380258918, -0.006500435061752796, -0.02425585314631462, 0.03891598433256149, 0.014780077151954174, 0.007430020719766617, -0.005340951960533857, 0.011834723874926567, 0.010708559304475784, 0.04267430678009987, -0.0008296301239170134, 0.02509547770023346, 0.0021507078781723976, 0.009449120610952377, -0.005887375213205814, 0.0015959551092237234, 0.023935995995998383, 0.004048195201903582, -0.018485091626644135, 0.028547272086143494, -0.012067953124642372, -0.0012536077992990613, -0.013360709883272648, 0.014206998981535435, 0.0018891578074544668, 0.0060139852575957775, -0.011768086813390255, -0.0005443406407721341, 0.0007271757931448519, 0.03425139561295509, -0.01116835419088602, -0.0111483633518219, -0.029426880180835724, -0.018258526921272278, 0.012401137501001358, -0.01991112343966961, -0.004977780859917402, -0.026708092540502548, -0.00444468529894948, -0.0059173619374632835, 0.008183018304407597, -0.009302519261837006, 0.007549967151135206, -0.02007105201482773, -0.02317633479833603, -0.010148808360099792, -0.010462001897394657, -0.006693682167679071, 0.040621887892484665, -0.020257635042071342, 0.02804083190858364, -0.008036416955292225, -0.030253179371356964, -0.00592069374397397, 0.000279250496532768, -0.009888924658298492, -0.015206553973257542, -0.011348273605108261, -6.366953311953694e-05, -0.02224341593682766, -0.022256743162870407, 0.01727229915559292, 0.02478894777595997, -0.015726322308182716, 0.003558413591235876, 0.0005801580264233053, -0.022523291409015656, -0.014220327138900757, 0.020670784637331963, 0.004644596017897129, -0.011854714713990688, 0.011161690577864647, 0.012894251383841038, 0.02141711860895157, 0.018751639872789383, 0.0002267739037051797, 0.03249217942357063, 0.011974661611020565, 0.004537976812571287, -0.013573948293924332, -0.004521317780017853, -0.026814712211489677, 0.0010645254515111446, 0.03307858482003212, 0.010668576695024967, -0.009369156323373318, 0.03145264461636543, 0.017978651449084282, 0.006637040991336107, 0.029666773974895477, -0.011814733035862446, 0.026987968012690544, -0.013094162568449974, -0.01575297676026821, -0.005637486465275288, 0.013700558803975582, -0.007390038575977087, -0.004667918663471937, 0.0007954786997288465, 0.010848497040569782, -0.03027983382344246, -0.015286518260836601, 0.014846714213490486, 0.00038607788155786693, 0.0033618344459682703, -0.019351372495293617, 0.007076845038682222, -0.013833831995725632, 0.008322956040501595, 0.0026204984169453382, 0.013034189119935036, 0.004388043656945229, 0.01569966785609722, 0.018391801044344902, -0.0022523291409015656, -0.0012810955522581935, -0.015393137000501156, 0.015233208425343037, 0.03467787429690361, 0.00847622100263834, 0.008229664526879787, 0.031692538410425186, 0.02285647578537464, 0.02152373641729355, 0.0015159908216446638, 0.03790310025215149, -0.03395819291472435, 0.01793866977095604, 0.022363362833857536, -0.007303410675376654, -0.016965769231319427, 0.016472656279802322, 0.003468453651294112, 0.01768544875085354, 0.0207374207675457, 0.002462235512211919, 0.02394932322204113, -0.010262091644108295, 0.023402899503707886, 0.0009062626049853861, -0.021910231560468674, 0.00961571279913187, -0.020924003794789314, 0.015099934302270412, 0.03483780100941658, -0.0006226390833035111, 0.020337600260972977, 0.0017025743145495653, -0.011394919827580452, -0.0052409968338906765, 0.0002786257828120142, 0.009302519261837006, 0.021763630211353302, -0.0331585519015789, -0.013753867708146572, -0.026015067473053932, -0.021110588684678078, 0.01668589375913143, -0.029160331934690475, -0.026188325136899948, -0.024868912994861603, 0.011908024549484253, -0.004651259630918503, 0.01632605493068695, -0.004731223918497562, 0.010455338284373283, 0.02712124213576317, -0.0409684032201767, -0.01330073643475771, 0.024815602228045464, 0.02244332805275917, 0.007643259130418301, -0.03139933571219444, -0.014406910166144371, -0.0023056387435644865, 0.01179474126547575, -0.0013435676228255033, 0.0029686763882637024, 0.008729441091418266, 0.01804528757929802, -0.03537089750170708, -0.030866239219903946, 0.018431782722473145, 0.045846227556467056, -0.0006667860434390604, 0.014806731604039669, -0.017232317477464676, -0.022203434258699417, 0.03779648244380951, -0.02814745157957077, -0.004334734287112951, 0.016819167882204056, 0.008809405378997326, -0.00213904632255435, -0.02846730872988701, 0.008829397149384022, -0.018178561702370644, -0.006617049686610699, 0.0048345113173127174, -0.001995776779949665, -0.0027720974758267403, -0.012607712298631668, -0.013927124440670013, -0.03862278163433075, -0.014007088728249073, 0.013187454082071781, 0.009202564135193825, -0.023602809756994247, -0.017072388902306557, -0.03022652491927147, 0.016032852232456207, 0.03675694763660431, 0.01560637541115284, -0.016112815588712692, 0.009242545813322067, -0.0015468103811144829, 0.018125252798199654, -0.02918698824942112, -0.02446909062564373, 0.03363833576440811, 0.00620723282918334, -0.0368102565407753, 0.006740328390151262, 0.008709450252354145, 0.02095066010951996, 0.008402920328080654, 0.007016871590167284, 0.007136818021535873, -0.008869378827512264, 0.006856943015009165, -0.024948876351118088, 9.037637209985405e-05, -0.017898686230182648, -0.007436684332787991, 0.024509072303771973, 0.013513974845409393, 0.010595276020467281, 0.011661467142403126, -0.011175017803907394, 0.005940684583038092, -0.02473563887178898, -0.00428808806464076, 0.003435135120525956, 0.035024385899305344, 0.006990216672420502, 0.0015443115262314677, 0.06061297655105591, 0.027561046183109283, 0.006667027715593576, -0.002185692312195897, 0.008702786639332771, 0.007363383658230305, 0.03254548832774162, 0.003300195327028632, 0.016725877299904823, 0.01200131606310606, 0.0014210331719368696, -0.015633029863238335, -0.003868275322020054, 0.01689913310110569, 0.024242525920271873, -0.036836910992860794, 0.013513974845409393, -0.028387343510985374, -0.009735659696161747, 0.03515765815973282, -0.012121262960135937, 0.03339844197034836, -0.01664591208100319, -0.01368723064661026, -0.005177691578865051, -0.02918698824942112, -0.018804948776960373, 0.011854714713990688, 0.00592069374397397, 0.002007438335567713, -0.03555748239159584, -0.018645020201802254, -0.00826964620500803, -0.01208128035068512, 0.004854502156376839, -0.024509072303771973, -0.013420683331787586, -0.022270070388913155, 0.0066903503611683846, 0.02648152783513069, 0.019884468987584114, 0.018951550126075745, 0.010255428031086922, 0.006577067542821169, 0.012907578609883785, -0.010468666441738605, -0.04549971595406532, -0.0261749979108572, 0.00873610470443964, -0.028627237305045128, 0.008083063177764416, 0.007136818021535873, -0.00418813293799758, -0.0326521098613739, 0.0404353067278862, -0.0037416652776300907, -0.032625455409288406, 0.01505995262414217, 0.00857617612928152, 0.01275431364774704, -0.002848729956895113, -0.014460220001637936, 0.017618810757994652, 0.019111478701233864, -0.01174143236130476, -0.008096390403807163, 0.006300524342805147, -0.002742110751569271, 0.004031536169350147, 0.0062572103925049305, 0.014300291426479816, -0.003811633912846446, 0.0006463784957304597, -0.020404236391186714, -0.013234099373221397, -0.005864052101969719, -0.022949768230319023, 0.009575731121003628, 0.001417701249010861, 0.018325163051486015, 0.0009887258056551218, 0.012114599347114563, -0.003110280027613044, -0.006100613623857498, -0.0029486853163689375, 0.012847605161368847, -0.016112815588712692, 0.05043084919452667, -9.042843157658353e-05, -0.016299400478601456, 0.004864498041570187, -0.006910252384841442, -0.005390929989516735, 0.010608603246510029, -0.016672566533088684, 0.013847160153090954, 0.028760511428117752, 0.014620148576796055, -0.0026788057293742895, -0.025268733501434326, 0.007223446387797594, -0.006430466193705797, -0.008003098890185356, 0.0047278921119868755, 0.01679251343011856, -0.013533965684473515, -0.029426880180835724, -0.01330073643475771, -0.02648152783513069, -0.013334055431187153, -0.03281203657388687, -0.019378026947379112, 0.017605483531951904, 0.015566393733024597, 0.02052418328821659, 0.0005539197009056807, 0.01418034452944994, -0.030253179371356964, -0.013820504769682884, -0.025122132152318954, -0.02322964370250702, -0.010881815105676651, 0.0009129263344220817, 0.04635266959667206, 0.008722777478396893, 0.02053751051425934, 0.0008325455128215253, 0.02472231164574623, -0.010815178044140339, 0.01897820644080639, -0.009402474388480186, 0.020724093541502953, 0.005757433362305164, 0.0064904396422207355, 0.009529084898531437, 0.003851616056635976, 0.002472231164574623, 0.040568578988313675, 0.011721440590918064, -0.015339828096330166, 0.03342509642243385, -0.027880903333425522, 0.015046625398099422, -0.012441120110452175, -0.06034642830491066, -0.014433564618229866, 0.02187024988234043, -0.008103054016828537, -0.00675365561619401, -0.03286534920334816, 0.01675253175199032, 0.0053776022978127, 0.014167017303407192, 0.017458882182836533, -0.015579720959067345, 0.03539755195379257, 0.0063538337126374245, 0.012221218086779118, -0.005697459913790226, -0.011434901505708694, -0.013833831995725632, -0.021350480616092682, -0.013573948293924332, -0.011987988837063313, 0.017805395647883415, -0.013807177543640137, 0.032892003655433655, -0.0039115892723202705, -0.0012419462436810136, -0.008489548228681087, 0.028387343510985374, -0.026348253712058067, 0.0028537276666611433, -0.0007259263657033443, -0.01116835419088602, -0.021137243136763573, -0.019657902419567108, 0.007103499490767717, -0.01953795552253723, 0.009369156323373318, 0.025908449664711952, 0.01464680302888155, 0.012187900021672249, -0.02276318520307541, -0.0005426747375167906, -0.008402920328080654, -0.04123494774103165, 0.01840512827038765, 0.03286534920334816, 0.03665032610297203, 0.021550392732024193, 0.017965324223041534, -0.040621887892484665, -0.029320260509848595, 0.019271407276391983, 0.0018958214204758406, 0.035690754652023315, 0.03729004040360451, -0.01190136093646288, -0.048191849142313004, 0.019844485446810722, -0.024442436173558235, 0.003300195327028632, -0.011388256214559078, 0.02696131356060505, 0.00943579338490963, -0.00035859012859873474, -0.007629931438714266, 0.010135481134057045, -0.01851174607872963, -0.00465459143742919, -0.0018991533434018493, 0.02421586960554123, 0.003791642840951681, -0.019937777891755104, -0.03702349215745926, 0.005280978977680206, -9.094903361983597e-05, 0.05645482987165451, 0.02052418328821659, 0.01379385031759739, -0.008223000913858414, 0.013460665009915829, 0.014766749925911427, 0.02798752300441265, 0.01955128274857998, 0.008756096474826336, -0.02290978655219078, 0.01709904335439205, 0.020177671685814857, 0.0013194117927923799, 0.010102163068950176, -0.00466458685696125, 0.012321173213422298, 0.028653891757130623, -0.0027487745974212885, -0.0028170773293823004, -0.013254091143608093, -0.0069702258333563805, 0.0047978609800338745, 0.011801404878497124, -0.015419792383909225, -0.016605930402874947, -0.014606821350753307, -0.0015059952856972814, 0.034811146557331085, -0.0005618328577838838, -0.013380700722336769, -0.014060397632420063, -0.003340177470818162, 0.0005476725054904819, -0.02753439173102379, -0.0027571041136980057, 0.010921797715127468, -0.028760511428117752, -0.01892489567399025, -0.004497994668781757, 0.015579720959067345, 0.014620148576796055, -0.023722756654024124, 0.003135268809273839, 0.0003581736527848989, 0.029027059674263, -0.016139471903443336, -0.00951575767248869, -0.0033018612302839756, 0.011768086813390255, -0.018525075167417526, -0.0018258526688441634, 0.0074033658020198345, -0.019244752824306488, 0.0014618482673540711, -0.002660480560734868, -0.04571295157074928, 0.006750323809683323, 0.007190127857029438, -0.000687610125169158, -0.017538847401738167, -0.02280316688120365, -0.008929352276027203, 0.0009762314148247242, 0.01815190725028515, -0.012734322808682919, -0.02063080295920372, 0.025388680398464203, -0.018791621550917625, -0.001344400574453175, -0.03187911957502365, -0.008975998498499393, -0.004091509152203798, -0.026668110862374306, 0.007410029880702496, -0.005420916713774204, -0.017085716128349304, 0.02147042751312256, 0.00994889810681343, 0.0008596167317591608, 0.006653700023889542, -0.015459774062037468, -0.029000403359532356, -0.013294072821736336, -0.03121275082230568, -0.0032818701583892107, -0.010481993667781353, -0.0039482396095991135, 0.004994439892470837, -0.003290199674665928, 0.02804083190858364, 0.03425139561295509, -0.02892044000327587, -0.022376690059900284, -0.009169245138764381, -0.04307413101196289, -0.021110588684678078, -0.020031070336699486, -0.016912460327148438, 0.059120308607816696, 0.026934659108519554, 0.003438466927036643, -0.032065704464912415, -0.02362946607172489, -0.04059523344039917, -0.018258526921272278, 0.020497528836131096, -0.008716113865375519, 0.029506845399737358, 0.029426880180835724, -0.004577958956360817, 0.028787165880203247, -0.01565968431532383, 0.022150125354528427, -0.015233208425343037, -0.0022273403592407703, 0.009848942048847675, -0.009209227748215199, 0.0018858258845284581, -0.007150145713239908, -0.029480190947651863, -0.020031070336699486, 0.007016871590167284, -0.011908024549484253, 0.01845843717455864, 0.022949768230319023, -0.02105727791786194, -0.013860487379133701, -0.0009753984631970525, -0.0033085248433053493, -0.022589929401874542, -0.009655695408582687, 0.019737867638468742, -0.032998621463775635, 0.0013110821601003408, 0.001695077633485198, 0.003754992503672838, -0.002825407078489661, 0.002893709810450673, 0.012101271189749241, -0.014860041439533234, 0.01096177939325571, -0.0033751619048416615, 0.011628149077296257, -0.012747650034725666, -0.019657902419567108, 0.038489505648612976, 0.00018689583521336317, -0.004371384624391794, 0.030626345425844193, -0.01324742753058672, 0.01008217129856348, -0.007116827182471752, 0.024402454495429993, 0.01190136093646288, -0.01585959643125534, 0.0037716517690569162, -0.015326499938964844, 0.0020674115512520075, -0.024042613804340363, 0.01497998833656311, -0.014060397632420063, -0.016912460327148438, 0.0073433928191661835, 0.014993315562605858, -0.018645020201802254, -0.006487107835710049, -0.0269479863345623, 0.0012894251849502325, -0.01783205009996891, 0.011314955540001392, -0.011261645704507828, -0.011361600831151009, -0.01228785514831543, -0.014260308817029, 0.010868487879633904, -0.0010370376985520124, 0.017965324223041534, -0.004604613874107599, -0.006227223668247461, 0.029426880180835724, -0.00914925429970026, -0.007696568500250578, 0.0013394028646871448, 0.2017233967781067, -0.0001259855052921921, -0.01575297676026821, -0.009202564135193825, 0.007636595517396927, 0.006150591187179089, 0.027454426512122154, 0.012541075237095356, -0.03225228935480118, -0.0006417972035706043, -0.022629911080002785, 0.016565946862101555, 6.169124389998615e-05, -0.008196345530450344, 0.00364837353117764, 0.003894930239766836, -0.05976002290844917, -0.009342501871287823, -0.013927124440670013, -0.008622822351753712, 0.03593064844608307, 0.017912013456225395, -0.011381592601537704, -0.0077432142570614815, 0.021750302985310555, -0.019298063591122627, 0.019311390817165375, 0.005677468609064817, 0.0015426456229761243, 0.019871139898896217, -0.03246552497148514, -0.03561079129576683, 0.022110141813755035, 0.014873368665575981, -0.0171123705804348, -0.005964007694274187, -0.020924003794789314, 0.0016376032726839185, 0.006003989838063717, 0.023922666907310486, -0.009862269274890423, 0.0034984403755515814, 0.024402454495429993, -0.010148808360099792, 0.0031619237270206213, -0.01867167465388775, 0.005627491045743227, -0.013780523091554642, -0.0034284715075045824, 0.008529530838131905, -0.020777404308319092, 0.0005118551198393106, 0.023842703551054, 0.010455338284373283, 0.0029820038471370935, 0.00865614041686058, 0.014700112864375114, -0.0032035717740654945, -0.012321173213422298, 0.03166588395833969, 0.008529530838131905, 0.023043060675263405, 0.0059873308055102825, 0.014393582940101624, -0.027667663991451263, 0.0001338986330665648, -0.022523291409015656, -0.01855172961950302, 0.0425143800675869, -0.022989749908447266, 0.0037516606971621513, -0.011241654865443707, -0.017179008573293686, 0.010115490294992924, 0.005260987672954798, -0.026614800095558167, -1.7791546270018443e-05, 0.022563273087143898, 0.0013602268882095814, 0.012900914996862411, -0.02674807421863079, -0.005427580326795578, -0.013613930903375149, 0.0035517497453838587, -0.028227414935827255, 0.0018758303485810757, 0.008696123026311398, 0.00613059988245368, -0.01637936383485794, -0.006730332504957914, -0.004617941100150347, 0.016419345512986183, -0.013234099373221397, 0.0053109657019376755, -0.022776512429118156, -0.014620148576796055, 0.007230110000818968, 0.01709904335439205, -0.02798752300441265, 0.004334734287112951, -0.035131003707647324, 0.04467341676354408, 0.01607283391058445, -0.007210118696093559, -0.008995989337563515, -0.0006701179081574082, -0.0016717546386644244, 0.010362046770751476, -0.002618832513689995, -0.020177671685814857, 0.0014810063876211643, -0.04941796883940697, -0.006463784724473953, 0.0009545744396746159, 0.005837397649884224, 0.032892003655433655, 0.006936907302588224, -0.0011878038058057427, 0.008302965201437473, 0.019258080050349236, -0.010008870624005795, -0.00902264378964901, -0.009402474388480186, -7.720516441622749e-05, 0.0066303773783147335, -0.019657902419567108, -0.023935995995998383, -0.0014435230987146497, 0.004324738401919603, -0.02342955395579338, 0.020910676568746567, 1.3262316315376665e-05, 0.001490168971940875, -0.018938222900032997, -0.04707234725356102, 0.00364837353117764, 0.011568175628781319, -0.014940005727112293, 0.003998217638581991, -0.00747666647657752, 0.008356274105608463, -0.017072388902306557, 0.008336283266544342, -0.006303856149315834, 0.00792979821562767, -0.03001328557729721, -0.0038049702998250723, 0.008209672756493092, -0.03808968514204025, -0.028227414935827255, 0.006720337085425854, 0.007416693493723869, -0.00857617612928152, -0.02814745157957077, -0.0093291737139225, 0.010388702154159546, 0.023242970928549767, -0.037609897553920746, -0.011055070906877518, -0.016246089711785316, -0.00772322341799736, 0.021577047184109688, 0.0010520309442654252, 0.004421362187713385, -0.03251883387565613, -0.02172364853322506, -0.16653908789157867, 0.018831605091691017, 0.023109696805477142, -0.030652999877929688, 0.007276755757629871, 0.021963540464639664, 0.01809859834611416, -0.016565946862101555, -0.023242970928549767, -0.011008425615727901, 0.013434010557830334, -0.026508182287216187, -0.055548567324876785, -0.03598395735025406, -0.021550392732024193, 0.007663249969482422, -0.005617495626211166, 0.02068411186337471, 0.02706793136894703, 0.03089289367198944, 0.03633046895265579, -0.02764100953936577, 0.0027904226444661617, -0.01137492898851633, -0.008702786639332771, 0.01112170796841383, -0.001108672353439033, -0.01623276248574257, -0.006460452917963266, -0.005027758423238993, -0.013953778892755508, 0.008169691078364849, 0.02183026820421219, 0.009662359021604061, 0.010555294342339039, 0.004361388739198446, 0.017951996996998787, -0.01684582233428955, -0.01497998833656311, 0.009322510100901127, 0.008442902937531471, 0.011241654865443707, -0.011461556889116764, 0.027347806841135025, 0.019844485446810722, 0.019937777891755104, 0.023402899503707886, 0.02213679812848568, 0.01907149702310562, -0.02053751051425934, 0.02924029715359211, -0.036783602088689804, -0.007410029880702496, 0.0033684982918202877, 0.0014843381941318512, 0.0316392257809639, 0.011574839241802692, -0.007536639925092459, -0.03499773144721985, -0.022776512429118156, -0.0018125252099707723, -0.020497528836131096, -0.0075433035381138325, -0.0023639460559934378, -0.018738312646746635, -0.007769869174808264, -0.00186916661914438, -0.011701449751853943, -0.043580569326877594, 0.0018874917877838016, -0.01316746324300766, -0.02602839656174183, 0.01316746324300766, 0.018285181373357773, 0.006810297258198261, -0.001282761455513537, -0.011155026964843273, 0.014873368665575981, -0.007709896191954613, 0.018911568447947502, -0.02079073153436184, 0.01536648254841566, -0.028387343510985374, 0.036890219897031784, -0.012041298672556877, -0.007070181425660849, -0.015779631212353706, -0.016659239307045937, -0.015633029863238335, 0.005687464494258165, -0.017951996996998787, -0.006660364102572203, -0.003095286665484309, 0.007043526507914066, 0.012714331969618797, 0.00591069832444191, -0.005064408760517836, 0.011654803529381752, 0.01505995262414217, -0.020910676568746567, 0.0022989751305431128, -0.0075433035381138325, -0.0099822161719203, 0.018445109948515892, 0.04739220440387726, 0.004744551610201597, -0.014500201679766178, -0.008262982591986656, 0.04853836074471474, -0.005924025550484657, -0.036783602088689804, 0.017019078135490417, 0.004481335636228323, 0.059066999703645706, -0.014353600330650806, 0.03033314272761345, -0.004254769533872604, -0.00018345988064538687, 0.006660364102572203, -0.003528426866978407, 0.0585872121155262, -0.01777874119579792, -0.0018391800113022327, 0.02405594103038311, -0.013540630228817463, -0.010328728705644608, -0.08055075258016586, -0.02228339947760105, -0.015406464226543903, 0.000996222486719489, -0.002172364853322506, -0.00935582909733057, -0.012527748011052608, 0.029560154303908348, 0.003471785457804799, 0.011548184789717197, -0.077725350856781, -0.01763213984668255, -0.00780318770557642, -0.0011936344671994448, -0.000979563221335411, 0.009302519261837006, -0.021590374410152435, 0.0038716071285307407, -0.013287409208714962, 0.03203905001282692, -0.018338490277528763, -0.025028841570019722, 0.015739649534225464, -0.000858783780131489, -0.011761423200368881, 0.006127268075942993, -0.023722756654024124, 0.013414019718766212, 0.014526857063174248, -0.007956452667713165, 0.005670804996043444, -0.008709450252354145, 0.029933322221040726, 0.005817406345158815, -0.0032568813767284155, -0.026894675567746162, -0.0013019195757806301, -0.0007584118866361678, 0.03553082421422005, -0.005460898857563734, -0.018165234476327896, -0.00017419317737221718, 0.018378473818302155, -0.021550392732024193, 0.010695232078433037, -0.01887158676981926, -0.02814745157957077, 0.023256298154592514, -0.0006259709480218589, -0.043527260422706604, -0.014820059761404991, 0.000600565574131906, -0.012487766332924366, -0.015673011541366577, 0.01757882907986641, -0.004877825267612934, -0.004577958956360817, -0.0029070372693240643, -0.0026204984169453382, -0.0012869262136518955, -0.031026167795062065, -0.026721419766545296, 0.007443347945809364, -0.005740773864090443, 0.030919548124074936, 0.00595068046823144, -0.017792068421840668, -0.00339681887999177, 0.014873368665575981, 0.004194796551018953, -0.012701003812253475, 0.024095924571156502, -0.03779648244380951, 0.0023839371278882027, -0.0018208548426628113, 0.00032547989394515753, -0.011241654865443707, -0.0028437322471290827, 0.009835614822804928, -0.026214979588985443, 0.026015067473053932, -0.001563469646498561, -0.010481993667781353, -0.002725451486185193, 0.026508182287216187, 0.014886695891618729, 0.011461556889116764, 0.01124831847846508, -0.004957789555191994, -0.048085227608680725, -0.01689913310110569, 0.022723201662302017, 0.00873610470443964, -0.03017321415245533, -0.01495333295315504, 0.02498885989189148, -0.011015089228749275, 0.01464680302888155, 0.01182139664888382, -0.007016871590167284, -0.02037758193910122, -0.020857367664575577, -0.039315804839134216, 0.043473951518535614, 0.02572186477482319, 0.009082617238163948, 0.011708113364875317, 0.004161478020250797, -0.006470448803156614, -0.025628574192523956, -0.0033135227859020233, 0.0032119012903422117, -0.0031785829924046993, 0.010115490294992924, 0.015273191034793854, -0.0035884000826627016, 0.010501984506845474, -0.003303527133539319, 0.018231872469186783, 0.0011045075953006744, 0.006340506486594677, 0.010435347445309162, -0.0093291737139225, -0.005307633895426989, 0.005097727291285992, -0.012887587770819664, 0.0013402358163148165, 0.007969779893755913, 0.011521530337631702, 0.0020157680846750736, 0.004891152493655682, -0.020750747993588448, 0.019311390817165375, -0.006697014439851046, 0.01815190725028515, 0.0409417450428009, 0.0368102565407753, -0.014460220001637936, -0.0018808281747624278, 0.007350056432187557, 0.03710345923900604, 0.01632605493068695, -0.01648598350584507, -0.009862269274890423, -0.0049377987161278725, -0.029640119522809982, -0.0019124806858599186, 0.0037016829010099173, -0.018418455496430397, -0.010768532752990723, 0.00902264378964901, -0.012034634128212929, 0.027854248881340027, 0.01871165819466114, -0.014113707467913628, -0.02913367748260498, -0.01591290533542633, -0.022589929401874542, -0.0034651218447834253, 0.01236781943589449, 0.006320515647530556, -0.012900914996862411, 0.04736554995179176, -0.027401117607951164, -0.0017658793367445469, -0.04659255966544151, 0.023989304900169373, -0.03819630295038223, -0.020724093541502953, -0.0003535923606250435, 0.018111925572156906, -0.049791134893894196, -0.022483309730887413, 0.02416256070137024, -0.0032885337714105844, 0.005627491045743227, 0.0026321597397327423, 0.018898241221904755, -0.029160331934690475, -0.0016117814229801297, 0.007370047736912966, 0.0045346450060606, -0.004551304038614035, -0.017845377326011658, -0.0036650325637310743, 0.011028416454792023, 0.01616612635552883, 0.027281170710921288, -0.009162581525743008, 0.01709904335439205, 0.0020057724323123693, 0.018964877352118492, -0.0399288646876812, 0.027774283662438393, -0.0010003873612731695, 0.014206998981535435, -0.009115936234593391, -0.012980879284441471, -0.026934659108519554, -0.01695244200527668, 0.020257635042071342, 0.01695244200527668, 0.011221664026379585, 0.02545531839132309, 0.006603722460567951, -0.007843170315027237, -0.022070160135626793, -0.011421574279665947, -0.043980393558740616, -0.04088843613862991, 0.012154581025242805, 0.0011686456855386496, -0.01975119486451149, -0.0025155451148748398, -0.008562848903238773, 0.0008787748520262539, -0.015286518260836601, 0.003118609543889761, 0.009375819936394691, -0.019311390817165375, -0.029027059674263, 0.02934691682457924, 0.02918698824942112, 0.0014185342006385326, 0.008982662111520767, -0.022616583853960037, 0.0393957681953907, 0.008003098890185356, -0.01675253175199032, -0.015019970014691353, 0.01876496709883213, -0.0004897816106677055, 0.022163452580571175, 0.018391801044344902, -0.02809414081275463, -0.007463339250534773, -0.01804528757929802, -0.017352264374494553, 0.00935582909733057, -0.003924916964024305, -0.0199644323438406, 0.09297188371419907, 0.0085561852902174, 0.001610948471352458, 0.0011095053050667048, 0.001967456191778183, 0.01964457519352436, 0.03177250176668167, 0.011848051100969315, -0.0017000753432512283, -0.006743660196661949, 0.04472672566771507, 0.0030852912459522486, -0.003376827808097005, -0.01989779621362686, -0.048858217895030975, 0.01544644683599472, 0.01163481269031763, 0.0028220752719789743, 0.0055441949516534805, -0.011967997997999191, -0.007976443506777287, 0.008176354691386223, 0.03238556161522865, -0.014273636043071747, -0.005334288347512484, 0.005877379793673754, 0.011594831012189388, -0.007330065127462149, -0.030866239219903946, -0.024029286578297615, 0.012487766332924366, -0.0061539229936897755, -0.022110141813755035, 0.005144373048096895, -0.014820059761404991, -0.02041756361722946, 0.00264382129535079, 0.014460220001637936, 0.014833386987447739, 0.002253995044156909, 0.0030553045216947794, 0.006930243689566851, -0.001995776779949665, -0.02432248927652836, -0.004378048237413168, 0.0006480443989858031, 0.0050344220362603664, -0.0019091488793492317, -0.05048415809869766]","[0.004261670634150505, 0.011463104747235775, 0.009529569186270237, -0.021321507170796394, -0.016954610124230385, 0.00412027258425951, -0.002972646849229932, 0.0025944893714040518, -0.004481988493353128, 0.0032718845177441835, 0.04874614626169205, -0.003390264231711626, 0.003906531259417534, -0.002518857829272747, 0.004383338615298271, -0.0003506177745293826, 0.01705983653664589, -0.027201034128665924, 0.0340670570731163, -0.0058729504235088825, -0.013732049614191055, -0.013120421208441257, -0.006326739210635424, 0.020427081733942032, -0.02083483338356018, -1.4611214282922447e-07, 0.020177168771624565, -0.02635922096669674, 0.019466890022158623, -0.01052922010421753, 0.0189407579600811, 0.016901995986700058, -0.003955856431275606, -0.03577698767185211, -0.02501758560538292, -0.01156833115965128, -0.0032307803630828857, -0.0112592289224267, 0.030226293951272964, 0.015021073631942272, 0.023044589906930923, -0.0015167404199019074, 5.094336302136071e-05, 0.007089631166309118, -0.014192415401339531, 0.0261619221419096, 0.0073987338691949844, -0.03264649957418442, -0.005119923502206802, -0.0021571419201791286, -0.002499127760529518, 0.016915149986743927, -0.03109441138803959, 0.020900599658489227, -0.004481988493353128, -0.01175905391573906, 0.04206426814198494, 0.02880573645234108, -0.010187233798205853, 0.005889391992241144, 0.0416959747672081, 0.024491453543305397, -0.007122514303773642, -0.00562961446121335, -0.014350255019962788, -0.007056747563183308, 0.010614716447889805, -0.003291614353656769, 0.011607791297137737, -0.0025237903464585543, -0.0055441176518797874, 0.004784514661878347, -0.006362910848110914, -0.01853300631046295, 0.014679087325930595, -0.0034395891707390547, -0.007214587647467852, -0.025872549042105675, -0.0027720588259398937, 0.01279816497117281, 0.005662497598677874, -0.019808875396847725, -0.014810620807111263, 0.03404075279831886, 0.018335705623030663, 0.04051217809319496, 0.032699115574359894, 0.015876037999987602, 0.007688106503337622, -0.017493894323706627, -0.011680134572088718, -0.0032981911208480597, -0.001034178538247943, -0.0030482783913612366, 0.013771509751677513, 0.02141357958316803, -0.022781522944569588, 0.027358872815966606, -0.021124206483364105, 0.005274475086480379, -0.008589107543230057, 0.009509839117527008, -0.026398681104183197, -0.01609964482486248, -0.015862885862588882, 0.01326510775834322, -0.009286233223974705, -0.01024642400443554, 0.028858350589871407, -0.03690817207098007, -0.010364803485572338, 0.06276756525039673, -0.009102086536586285, 0.010022818110883236, -0.019598422572016716, 0.005577001255005598, 0.007148820906877518, -0.013350604102015495, -0.017743807286024094, 0.0024777536746114492, 0.006297144573181868, 0.02313666231930256, 0.01298888772726059, -0.028726816177368164, 0.0289898831397295, 0.01650739647448063, -0.012857355177402496, -0.011713017709553242, -0.002696427283808589, -0.011653827503323555, 0.02977908030152321, -0.009536145254969597, 0.015586665831506252, 0.011884010396897793, -0.01688884198665619, 0.0020354739390313625, -0.005225149914622307, 0.007247470784932375, -0.0019072290742769837, -0.05377070978283882, 0.012903391383588314, 0.011607791297137737, 0.010483183898031712, 0.0073987338691949844, -0.04411618411540985, 0.033856604248285294, -0.015639279037714005, 0.0032587312161922455, -0.006606247276067734, -0.020045636221766472, 0.01192347053438425, 0.014179262332618237, -0.019256437197327614, -0.01421872153878212, -0.019045984372496605, 0.019374817609786987, -0.017664887011051178, -0.003289970336481929, -0.0058926804922521114, -0.03919684514403343, -0.010765979997813702, 0.016717849299311638, -0.014613321051001549, -0.017849033698439598, 0.014889540150761604, 0.03146270290017128, 0.017927953973412514, -0.030436746776103973, 0.00947037898004055, -0.01663893088698387, -0.004873299039900303, 0.00201245560310781, -0.012640325352549553, 0.005928852129727602, -0.03272541984915733, 0.011528871022164822, -0.019756263121962547, 0.015428826212882996, -0.011088235303759575, -0.03409336507320404, -0.012482485733926296, 0.007549996487796307, 0.01496846042573452, 0.04109092429280281, -0.02668805420398712, 0.0005623037577606738, -0.0032768170349299908, 0.00720143411308527, -0.0070304409600794315, -0.022413231432437897, 0.014718547463417053, 0.023623334243893623, 0.022071244195103645, -0.01815156079828739, -0.6098924279212952, -0.00295784929767251, 0.009740022011101246, -0.022663142532110214, -0.015152606181800365, -0.005698669236153364, -0.017520200461149216, 0.021163666620850563, -0.0196904968470335, 0.026188228279352188, -0.010996161960065365, 0.04224841296672821, 0.032883260399103165, -0.008069552481174469, -0.018625078722834587, -0.009950474835932255, 0.018598772585392, -0.007017287891358137, 0.007517113350331783, -0.020887447521090508, -0.007622339762747288, 0.01326510775834322, -0.0181910190731287, 0.007799909450113773, -0.0061064213514328, 0.0013350603403523564, 0.010930395685136318, 0.02610930986702442, 0.00011015892232535407, 0.026227688416838646, 0.001358078676275909, 0.00016184730338864028, 0.007300083991140127, -0.003505355678498745, 0.0458524189889431, 0.0011196749983355403, 0.009601912461221218, 0.030541973188519478, -0.020019330084323883, 0.04014388471841812, 0.018414625898003578, -0.014731700532138348, 0.02991061471402645, 0.019059138372540474, 0.024123160168528557, -0.012535098940134048, 0.02503073774278164, -0.016139104962348938, 0.020006176084280014, -0.008497034199535847, -0.004919335711747408, -0.002331423107534647, 0.0010037615429610014, 0.026990581303834915, 0.0065569221042096615, -0.022965669631958008, 0.016047030687332153, -0.004100542515516281, 0.01951950415968895, -0.0025517409667372704, -0.0029940209351480007, 0.0034494539722800255, -0.022097552195191383, 0.011805091053247452, 0.004140002653002739, 0.02462298609316349, 0.01534990593791008, 0.001723082852549851, -0.016520550474524498, -0.03517193719744682, 0.00525145698338747, -0.0038999547250568867, -0.006326739210635424, -0.025622636079788208, -0.004537890199571848, 0.006191918160766363, -0.002081510378047824, -0.01800687424838543, -0.0012906680349260569, 0.010759402997791767, -0.002783568110316992, 0.006931791547685862, -0.04001235216856003, -0.011390761472284794, 0.018033180385828018, -0.007602609694004059, -0.029331868514418602, -0.02346549555659294, 0.030989184975624084, 0.01173274777829647, 0.0018184443470090628, 0.013126997277140617, 0.0061590345576405525, -0.01031876727938652, 0.011311842128634453, 0.036881864070892334, -0.007753872778266668, 0.021545112133026123, 0.01336375717073679, -0.021111054345965385, -0.021321507170796394, 0.011673557572066784, -0.0024136314168572426, 0.01783588156104088, 0.03848657011985779, -0.0013893177965655923, -0.019993022084236145, 0.00833261851221323, 0.04664161801338196, -0.018427779898047447, 0.0002538176777306944, -0.002635593293234706, 0.008977130055427551, 0.0017066412838175893, -0.010858052410185337, -0.02312350831925869, 0.042379945516586304, 0.002885506022721529, 0.0037651334423571825, -0.006530615501105785, 0.009220466017723083, -0.004241940565407276, 0.03167315572500229, 0.004695729818195105, 0.013021770864725113, -0.008062975481152534, 0.0010925463866442442, -0.009634795598685741, 0.0019845047499984503, 0.020558614283800125, 0.009766328148543835, -0.026438141241669655, 0.01821732707321644, 0.0008389342110604048, 0.01343610044568777, -0.0214267335832119, 0.005843355320394039, 0.007115937769412994, 0.014626474119722843, -0.003857206553220749, -0.0005027028382755816, -0.0067936815321445465, 0.01951950415968895, -0.0068594482727348804, -0.00540600810199976, -0.026267148554325104, 0.007793332915753126, 0.003194608725607395, -0.023189276456832886, -0.0105094900354743, -0.03085765242576599, 0.010548950172960758, -0.007964326068758965, 0.007273777388036251, -0.01353474985808134, 0.006333316210657358, -0.018638232722878456, -0.01570504531264305, -0.005041003692895174, -0.008470728062093258, -0.015086839906871319, 0.03396183252334595, -0.0046990178525447845, 0.02576732262969017, -0.019611576572060585, -0.037802595645189285, -0.01249563880264759, 6.360856059473008e-05, -0.009726868942379951, -0.021742412820458412, -0.025688404217362404, -0.008575954474508762, -0.01362682320177555, -0.02007194235920906, 0.021531959995627403, 0.026411835104227066, -0.01896706409752369, 0.009194159880280495, -0.0024004781153053045, -0.011397338472306728, -0.013732049614191055, 0.016428476199507713, 0.007563150022178888, -0.016915149986743927, 0.02975277416408062, 0.019637882709503174, 0.01588919200003147, 0.019269591197371483, -0.01837516576051712, 0.046168096363544464, -0.0037881515454500914, 0.0017658311408013105, 0.0007238427642732859, -0.02501758560538292, -0.02706949971616268, -0.007970902137458324, 0.019993022084236145, 0.0032653077505528927, 0.0014205569168552756, 0.028937269002199173, 0.014613321051001549, -0.003702655201777816, 0.03369876742362976, -0.013995115645229816, 0.017572814598679543, -0.007181704044342041, -0.014416021294891834, -0.01953265629708767, 0.02424154058098793, -0.02651706151664257, -0.006399082485586405, -0.0035645454190671444, 0.007037017960101366, -0.025622636079788208, -0.0014148022746667266, 0.018703998997807503, 0.013304566964507103, -0.00521857338026166, -0.02087429352104664, -0.0033146326895803213, -0.0009495041449554265, 0.017375515773892403, 0.005849932320415974, 0.005458621308207512, 0.0018529717344790697, 0.01081201620399952, 0.015310445800423622, -0.00984524842351675, 0.007069901097565889, 0.00037281395634636283, 0.011982659809291363, 0.04548412561416626, 0.00625768443569541, 0.002558317733928561, 0.03806566447019577, 0.03635573387145996, 0.016139104962348938, -0.004853569436818361, 0.015481439419090748, -0.027358872815966606, 0.013955655507743359, 0.0046529811806976795, -0.008720641024410725, -0.019953561946749687, 0.030068453401327133, -0.0008985351305454969, 0.012331223115324974, 0.014192415401339531, 0.01202211994677782, 0.026793280616402626, -0.005790742114186287, 0.023189276456832886, 0.0015529119409620762, -0.029410788789391518, 0.022018631920218468, -0.02633291482925415, 0.012863931246101856, 0.030647199600934982, 0.011324995197355747, 0.026451295241713524, -0.00487658753991127, 0.004639828111976385, -0.001101589179597795, -0.008648297749459743, 0.007240894250571728, 0.02025608904659748, -0.017178215086460114, -0.0029298984445631504, -0.026674902066588402, -0.017678041011095047, 0.014126649126410484, -0.03335677832365036, -0.031567931175231934, -0.02253160998225212, 0.01687568984925747, 0.001127895899116993, 0.024149466305971146, 0.01146968174725771, 0.014981613494455814, 0.009476955980062485, -0.031357478350400925, -0.009615065529942513, 0.01724398136138916, 0.026964273303747177, 0.015047379769384861, -0.03585590794682503, -0.007543419953435659, -0.010897512547671795, 0.01069363672286272, 0.0008746947278268635, 0.0043208603747189045, 0.010759402997791767, 0.006773951929062605, -0.03430381789803505, -0.03051566518843174, 0.010733095929026604, 0.05534910410642624, -0.0047647845931351185, 0.013771509751677513, -0.020177168771624565, -0.015428826212882996, 0.020887447521090508, -0.043090224266052246, -0.007069901097565889, 0.009417765773832798, 0.006435254123061895, 0.002850978635251522, -0.04495799541473389, 0.015323599800467491, -0.03598744049668312, -0.0067279152572155, 0.0035217972472310066, -0.0036040053237229586, -0.0019269590266048908, -0.010062278248369694, -0.01354790385812521, -0.037223849445581436, -0.0023018282372504473, 0.021453039720654488, 0.006964674685150385, -0.007688106503337622, -0.02049284800887108, -0.032120369374752045, 0.006533904001116753, 0.008970553986728191, 0.010016241110861301, -0.03472472354769707, -0.0015619548503309488, 0.007918288931250572, 0.016007570549845695, -0.01627063751220703, -0.013205917552113533, 0.0325675830245018, 0.012962581589818, -0.01703352853655815, 0.006866024807095528, 0.0003405472671147436, 0.030962878838181496, 0.0064615607261657715, -0.00015475683903787285, 0.00010769267828436568, -0.014863234013319016, -0.0036105820909142494, -0.0245966799557209, 0.013297990895807743, -0.02045338787138462, -0.002194957574829459, 0.034409042447805405, 0.01608649082481861, 0.0147843137383461, 0.016928302124142647, -0.009259926155209541, -0.000986497849225998, -0.02499127760529518, -0.008286581374704838, 0.004975237417966127, 0.01875661127269268, 0.0147843137383461, 0.013824122957885265, 0.06892331689596176, 0.03235713019967079, 0.01607333868741989, -0.0019368240609765053, 0.016994068399071693, -0.0004973593167960644, 0.029437094926834106, 0.002007523085922003, 0.0014337102184072137, 0.019611576572060585, -0.01098300889134407, -0.01631009764969349, -0.0009897861164063215, 0.022820983082056046, 0.029095109552145004, -0.034198589622974396, 0.008963976986706257, -0.029489709064364433, -0.015389366075396538, 0.03593482822179794, -0.008411537855863571, 0.034382738173007965, -0.017704347148537636, -0.020229782909154892, -0.015389366075396538, -0.024859745055437088, -0.013653130270540714, -0.0047187479212880135, 0.010930395685136318, 0.008266852237284184, -0.03630312159657478, -0.027227340266108513, -0.011305265128612518, -0.02634606882929802, 0.009292809292674065, -0.017007222399115562, -0.002004234818741679, -0.006819988135248423, 0.008635144680738449, 0.033093713223934174, 0.017375515773892403, 0.030094759538769722, 0.013212494552135468, 0.004163020756095648, 0.03427750989794731, -0.02104528620839119, -0.04419510439038277, -0.029884306713938713, 0.012074733152985573, -0.019585270434617996, 0.009930744767189026, 0.00795774906873703, -0.015876037999987602, -0.02938448265194893, 0.03717123717069626, 0.002458023838698864, -0.03501409664750099, 0.010042548179626465, -0.0007394623244181275, -0.00011375553003745154, -0.0189407579600811, -0.0162837915122509, 0.042379945516586304, 0.006997557822614908, -0.010864629410207272, -0.013396640308201313, 0.010397686623036861, -0.00044022465590387583, 0.003283393569290638, -0.0008409894071519375, 0.006435254123061895, -0.013679436407983303, 0.0060636731795966625, -0.03509301692247391, -0.013889889232814312, 0.0028608436696231365, -0.01763858087360859, 0.02557002380490303, 0.002992376685142517, 0.002859199419617653, 0.006359622813761234, 0.018085792660713196, 0.005320511758327484, -0.00996362790465355, -0.008641720749437809, 0.005274475086480379, -0.01891445182263851, 0.05119265988469124, 0.007221164181828499, -0.01667838916182518, 0.0034231473691761494, -0.0013005329528823495, -0.00017777513130567968, 0.023360269144177437, -0.015086839906871319, 0.012975734658539295, 0.028937269002199173, 0.01012804452329874, 0.010180657729506493, -0.022097552195191383, 0.011811667121946812, -0.0068397182039916515, -0.011351301334798336, 0.00995705183595419, 0.01778326742351055, -0.017165062949061394, -0.026911661028862, -0.008477305062115192, -0.023215582594275475, -0.009220466017723083, -0.026017235592007637, -0.022465843707323074, 0.006307009607553482, 0.0162837915122509, 0.02124258689582348, -0.008437844924628735, 0.006395794451236725, -0.027937619015574455, -0.021268893033266068, -0.031541623175144196, -0.018822379410266876, 0.004383338615298271, 0.003227492095902562, 0.034751031547784805, 0.0034954906441271305, 0.033251553773880005, 0.00977290514856577, 0.026083001866936684, -0.00899686012417078, 0.0181910190731287, -0.0028476903680711985, 0.020584920421242714, 0.012804741971194744, -0.007129090838134289, 0.010667329654097557, 0.011042199097573757, -0.002209755126386881, 0.03580329567193985, 0.008385231718420982, -0.029831694439053535, 0.027516713365912437, -0.032120369374752045, -0.0016441630432382226, -0.014771160669624805, -0.05306043103337288, -0.029226642102003098, 0.015599818900227547, -0.0028657761868089437, -0.009365152567625046, -0.03919684514403343, 0.013758356682956219, 0.011673557572066784, 0.011239498853683472, 0.018703998997807503, -0.00786567572504282, 0.0325675830245018, -0.006964674685150385, 6.633170414716005e-05, -0.0036171586252748966, -0.0032521544490009546, -0.021900251507759094, -0.02215016447007656, -0.02182133123278618, -0.006165611557662487, 0.016441630199551582, -0.010667329654097557, 0.043484825640916824, 0.0007456279126927257, -0.0037651334423571825, -0.00029882663511671126, 0.032278209924697876, -0.02841113694012165, -0.005241591949015856, 0.007346120662987232, -0.010805439203977585, -0.020558614283800125, -0.018098946660757065, 0.014179262332618237, -0.01704668253660202, 0.013955655507743359, 0.018861837685108185, 0.02501758560538292, 0.00691863801330328, -0.027358872815966606, -0.015415672212839127, -0.007648646365851164, -0.028516363352537155, 0.019572116434574127, 0.02806915156543255, 0.04487907513976097, 0.006382640916854143, 0.01834885962307453, -0.03319894149899483, -0.025819936767220497, 0.002339643891900778, -0.0030581431929022074, 0.031541623175144196, 0.024951817467808723, -0.014087188988924026, -0.04661531001329422, 0.015849731862545013, -0.016441630199551582, -0.00927965622395277, -0.01895391196012497, 0.011048776097595692, 0.007602609694004059, 0.0006712295580655336, -0.004100542515516281, 0.007069901097565889, -0.026267148554325104, -0.0008266029763035476, 0.006951521150767803, 0.014297641813755035, 0.005106770433485508, -0.01185112725943327, -0.03956513851881027, 0.01458701491355896, 0.00521857338026166, 0.052955202758312225, 0.007609186694025993, 0.03312002122402191, -0.0031304864678531885, 0.012035273015499115, 0.007977479137480259, 0.018243633210659027, 0.01325195375829935, -0.0006699964287690818, -0.025530563667416573, -0.0016564942197874188, 0.008444420993328094, 0.000715621979907155, 0.01683622971177101, 0.0029825116507709026, 0.005889391992241144, 0.022058092057704926, 0.0008426335407420993, 0.0001797275763237849, -0.0018825667211785913, -0.00034404112375341356, -0.00487658753991127, 0.01950635015964508, -0.014889540150761604, -0.02049284800887108, -0.01071336679160595, 0.00918758288025856, 0.02233431115746498, 0.005093616899102926, 0.004846992436796427, -0.012272032909095287, -0.007990632206201553, -0.013810969889163971, -0.023070896044373512, 0.019006524235010147, 0.0011180308647453785, -0.027043193578720093, -0.009687408804893494, 0.0011805091053247452, 0.008608837611973286, 0.023636488243937492, -0.0230972021818161, 0.010785709135234356, 0.002222908427938819, 0.033067408949136734, -0.021939711645245552, 0.003709231736138463, -0.001358078676275909, -0.004948930814862251, -0.016257483512163162, -0.004695729818195105, 0.01033849734812975, -0.00939145963639021, -0.0022788099013268948, -0.010673906654119492, -0.05056130141019821, 0.015310445800423622, 0.011232921853661537, -0.00042789342114701867, -0.026096155866980553, -0.008253698237240314, 0.005715110804885626, 0.006152458023279905, 0.013955655507743359, -0.012061580084264278, -0.022018631920218468, 0.015652433037757874, -0.020506002008914948, -0.011371031403541565, -0.03711862489581108, 0.0005824447725899518, 0.004445816855877638, -0.023741714656352997, 0.0125877121463418, 7.825188367860392e-05, -0.022321157157421112, 0.0122128427028656, 0.007234317250549793, 0.00374211510643363, 0.012620595283806324, -0.001654850086197257, -0.022663142532110214, -0.014981613494455814, -0.014718547463417053, 0.0036796368658542633, -0.0023939013481140137, -0.009010013192892075, 0.001587439444847405, 0.002801653929054737, 0.0329095683991909, 0.04190642759203911, -0.016428476199507713, -0.019466890022158623, 0.006681878585368395, -0.04343220964074135, -0.018046334385871887, -0.015810271725058556, -0.005389566533267498, 0.05555955693125725, 0.021163666620850563, 0.006625976879149675, -0.024123160168528557, -0.0162837915122509, -0.03511932119727135, -0.021531959995627403, 0.011127695441246033, -0.00057422393001616, 0.034961484372615814, 0.024346766993403435, -0.001966418931260705, 0.007747296243906021, -0.013587363064289093, 0.003906531259417534, -0.013679436407983303, -0.013653130270540714, 0.025912009179592133, -0.030805038288235664, 0.0068397182039916515, -0.004218922462314367, -0.03243604674935341, -0.01853300631046295, 0.0023675947450101376, -0.008220815099775791, 0.024202080443501472, 0.031015491113066673, -0.004846992436796427, -0.01070021279156208, -0.015284139662981033, -0.00525145698338747, -0.02143988572061062, -0.007753872778266668, 0.03051566518843174, -0.031357478350400925, -0.008944246917963028, 0.012581135146319866, -0.006382640916854143, -0.019979869946837425, -0.00010255466622766107, 0.010003088042140007, -0.008832443505525589, 0.008562801405787468, -0.009838671423494816, 0.004123561084270477, -0.008773254230618477, -0.02274206280708313, 0.029121415689587593, -0.005011409055441618, 0.005705245770514011, 0.027201034128665924, -0.015178913250565529, 0.00676737492904067, -0.007701259572058916, 0.03774998337030411, 0.022058092057704926, -0.010844899341464043, 0.01650739647448063, -0.02011140249669552, 0.0037125202361494303, -0.014534401707351208, 0.005866373889148235, -0.015954958274960518, -0.019401123747229576, 0.009970204904675484, 0.00701071135699749, -0.015099992975592613, 0.00045954357483424246, -0.016441630199551582, -0.008556224405765533, -0.018822379410266876, 0.0006309475866146386, 0.00015773689665365964, -0.015560358762741089, -0.01896706409752369, -0.02161087840795517, 0.003613870358094573, -0.018664538860321045, 0.0193485114723444, -0.004452393390238285, -0.011042199097573757, 0.018427779898047447, -0.006431965623050928, 0.014863234013319016, 0.000979921198450029, 0.21255740523338318, 0.014429175294935703, -0.011614367365837097, -0.010489759966731071, -0.005846643820405006, -0.0008598972926847637, 0.01936166360974312, 0.009786058217287064, -0.031909916549921036, 0.0026503908447921276, -0.024215232580900192, 0.018269939348101616, 0.012265455909073353, -0.002592845121398568, -0.012239149771630764, -0.006149169988930225, -0.0561383031308651, 0.0014156243996694684, -0.01632324978709221, -0.0016704696463420987, 0.023781174793839455, 0.01211419329047203, -0.014810620807111263, -0.004442528355866671, 0.013376910239458084, -0.009720291942358017, 0.02993692085146904, 0.0015586665831506252, 0.0009511483367532492, 0.01796741411089897, -0.02972646802663803, -0.02425469271838665, 0.023070896044373512, 0.016415324062108994, -0.0030482783913612366, -0.014429175294935703, 0.0056361909955739975, -0.007254047319293022, 0.002318269805982709, 0.005008120555430651, -0.01898021809756756, 0.010930395685136318, 0.019993022084236145, -0.008944246917963028, 0.008497034199535847, -0.010614716447889805, 0.0033738226629793644, -0.01024642400443554, 0.0003493846452329308, 0.01778326742351055, -0.032699115574359894, -0.005606595892459154, 0.01840147189795971, -0.009075780399143696, -0.0001230039488291368, 0.02578047662973404, 0.018993372097611427, -0.009700561873614788, -0.015113146975636482, 0.02535957098007202, 0.002566538518294692, 0.018125252798199654, 0.007129090838134289, 0.004981813952326775, -0.029331868514418602, -0.004136714152991772, -0.02770085819065571, -0.030647199600934982, 0.04845677316188812, -0.03577698767185211, -0.007628916297107935, -0.0214267335832119, -0.0078064859844744205, 0.021926557645201683, 0.01383727602660656, -0.025122812017798424, -0.009121816605329514, 0.028463751077651978, -0.0048108212649822235, 0.008135318756103516, 0.0009289521258324385, -0.014192415401339531, 0.008076128549873829, 0.0005096905515529215, -0.03162054345011711, 0.0022212641779333353, -0.005172536708414555, 0.006099844817072153, -0.011495987884700298, -0.0039394148625433445, -0.010423993691802025, 0.015612971968948841, -0.022031784057617188, 0.001155024510808289, -0.014692241325974464, -0.023965319618582726, 0.007760449778288603, 0.010963278822600842, -0.02785869874060154, -0.008858750574290752, -0.033067408949136734, 0.03635573387145996, 0.01154860109090805, -0.004455681890249252, -0.016809923574328423, -0.014179262332618237, -0.020006176084280014, 0.0016967762494459748, -0.012436449527740479, -0.015494592487812042, 0.00515938363969326, -0.03964405879378319, -0.007083054166287184, -0.006658860482275486, -0.010364803485572338, 0.034961484372615814, 0.003640176961198449, -0.006606247276067734, 0.004442528355866671, 0.01400826871395111, -0.0013457474997267127, -0.015428826212882996, -0.01079228613525629, 0.005672362633049488, 0.01031876727938652, -0.018230479210615158, -0.012594289146363735, -0.0038210349157452583, 0.0025500969495624304, -0.03177838400006294, 0.023162968456745148, 0.003498778911307454, 0.00544217973947525, -0.015823425725102425, -0.03824980929493904, 0.0005758681218139827, 0.015073686838150024, -0.001560310716740787, 0.007740719709545374, -0.01315330434590578, 0.016980916261672974, -0.011305265128612518, 0.01204185001552105, -0.015415672212839127, 0.010463453829288483, -0.027516713365912437, -0.016218023374676704, 0.0053994315676391125, -0.038775939494371414, -0.026056695729494095, 0.006747645325958729, 0.010443723760545254, -0.009832095354795456, -0.002846046118065715, -0.004481988493353128, 0.015547205694019794, 0.014297641813755035, -0.032278209924697876, -0.02138727344572544, -0.011061929166316986, -0.00918758288025856, 0.014955307357013226, -0.0076157632283866405, 0.01687568984925747, -0.03146270290017128, -0.012666632421314716, -0.1633114218711853, 0.011745900847017765, 0.03632942587137222, -0.03088395856320858, -0.00162114470731467, 0.02140042558312416, 0.015152606181800365, -0.01062129344791174, -0.019808875396847725, -0.022229084745049477, 0.013797815889120102, -0.030778732150793076, -0.061294399201869965, -0.03259388729929924, -0.029437094926834106, 0.010897512547671795, 0.002351153176277876, 0.006402370985597372, 0.027806084603071213, 0.02576732262969017, 0.03793412819504738, -0.05006147548556328, -0.011272381991147995, -0.015389366075396538, 0.007780179381370544, 0.0044030686840415, -0.0024218522012233734, -0.030094759538769722, -0.004889741074293852, -0.005761147476732731, -0.01022011786699295, 0.013409793376922607, 0.028200684115290642, 0.009299386292696, 0.01269951555877924, 0.010956702753901482, 0.00918758288025856, -0.008641720749437809, -0.005652632564306259, 0.008306311443448067, 0.002850978635251522, 0.014350255019962788, -0.004856857471168041, 0.014205568470060825, 0.018611924722790718, 0.036092668771743774, 0.02497812546789646, 0.023649640381336212, 0.01666523702442646, -0.018085792660713196, 0.027990231290459633, -0.03185730427503586, -0.010673906654119492, 0.003926261328160763, -0.007497383281588554, 0.011502564884722233, 0.011324995197355747, -0.0009026455227285624, -0.03072611801326275, -0.018888145685195923, 0.0030153950210660696, -0.015021073631942272, 0.011686710640788078, 0.002990732667967677, -0.011489410884678364, -0.005248168483376503, -0.010805439203977585, -0.012311493046581745, -0.06839717924594879, -0.00013677381502930075, -0.02011140249669552, -0.01353474985808134, 0.008806137368083, 0.01164067443460226, 0.005277763586491346, 0.008516764268279076, -0.017099294811487198, 0.02387324720621109, -0.0042254989966750145, 0.013028347864747047, -0.00691863801330328, 0.016218023374676704, -0.03130486607551575, 0.03330416604876518, -0.01449494156986475, -0.004853569436818361, -0.006494443863630295, -0.01874345913529396, -0.028332216665148735, -0.008674603886902332, -0.015126300044357777, -0.0073987338691949844, -0.008122165687382221, 0.0005421627429313958, 0.0055901543237268925, -0.007819639518857002, 0.0035020671784877777, 0.01649424433708191, 0.026043541729450226, -0.02403108775615692, -0.0036631952971220016, -0.001749389455653727, -0.011594638228416443, 0.009273079223930836, 0.04356374219059944, -0.0008607193594798446, -0.00673120329156518, -0.006280703004449606, 0.03940729796886444, -0.005323799792677164, -0.02783239260315895, 0.025872549042105675, 0.009838671423494816, 0.058821577578783035, -0.025648944079875946, 0.02460983209311962, -0.0016244330909103155, -0.00034753495128825307, 0.0019943697843700647, 0.005675650667399168, 0.05661182105541229, 0.001027601887471974, -0.013666283339262009, 0.027937619015574455, 0.006573363672941923, -0.0035711221862584352, -0.08507557213306427, -0.031068105250597, -0.0022853866685181856, 0.004107119049876928, -0.006168899592012167, -0.012002389878034592, -0.007701259572058916, 0.024741364642977715, -0.010305614210665226, 0.006073538213968277, -0.06708185374736786, -0.017507048323750496, 0.004771361127495766, -0.0017444569384679198, 0.021637186408042908, 0.00937830563634634, -0.024886051192879677, -0.0002938941470347345, -0.01062129344791174, 0.0390390083193779, -0.016415324062108994, -0.02612246200442314, 0.014836926944553852, 0.0062248012982308865, -0.011232921853661537, -0.0026849182322621346, -0.022663142532110214, 0.011430221609771252, 0.006984404753893614, -0.001317796646617353, 0.00871406402438879, 0.0183620136231184, 0.040643710643053055, 0.011555178090929985, -0.0012692938325926661, -0.0230972021818161, -0.012738975696265697, 0.0015274274628609419, 0.03906531259417534, 0.00286248791962862, -0.016928302124142647, 0.010950125753879547, 0.02764824591577053, -0.009430918842554092, 0.019032832235097885, -0.025675250217318535, -0.014508094638586044, 0.020769067108631134, -0.005514523014426231, -0.03888116776943207, -0.0113776084035635, 0.01138418447226286, -0.0015027649933472276, -0.016336403787136078, 0.0261619221419096, -0.017283441498875618, -0.007556573487818241, 0.007905135862529278, 0.0058269137516617775, 0.009503262117505074, -0.018138406798243523, -0.022439537569880486, 0.011206615716218948, 0.0003023204917553812, 0.023610182106494904, 0.008839020505547523, -0.017717501148581505, -0.002783568110316992, 0.006596382241696119, -0.009536145254969597, -0.00937172956764698, 0.01857246644794941, -0.03467211127281189, -0.009726868942379951, -0.0020617805421352386, 0.014836926944553852, 0.005208708345890045, 0.0071882810443639755, 0.012837625108659267, -0.027727166190743446, 0.020242935046553612, -0.0021587861701846123, -0.017349207773804665, 0.0035086439456790686, 0.01780957356095314, 0.006760798394680023, 0.022018631920218468, 0.02499127760529518, -0.016533704474568367, -0.0431954525411129, -0.0008812713786028326, 0.01164067443460226, -0.008562801405787468, -0.018230479210615158, 0.004564196802675724, 0.022215930745005608, -0.013639976270496845, 0.026661748066544533, 0.01666523702442646, -0.017704347148537636, -0.020887447521090508, -0.01745443418622017, -0.039907123893499374, 0.039512526243925095, 0.045194752514362335, 0.008773254230618477, 0.01592865213751793, -0.0009231975418515503, 0.0065075973980128765, -0.013955655507743359, 0.0008426335407420993, -0.0021127494983375072, 0.0017937818774953485, 0.00673120329156518, 0.016020724549889565, -0.02100582793354988, 0.0016195005737245083, 0.0034001292660832405, 0.025701556354761124, -0.006211647763848305, 0.001114742597565055, 0.007411886937916279, -0.005833490286022425, 0.001323551288805902, 0.0002053148637060076, -0.012765281833708286, 0.0048108212649822235, 0.007760449778288603, 0.017349207773804665, 0.00899686012417078, 0.0027325989212840796, -0.025109658017754555, 0.012272032909095287, -0.009082356467843056, 0.024754518643021584, 0.039722979068756104, 0.029621241614222527, -0.020716454833745956, 0.008372078649699688, -0.009102086536586285, 0.035540226846933365, 0.007773602847009897, -0.017572814598679543, -0.011581484228372574, -0.0045905034057796, -0.02730626054108143, 0.015849731862545013, 0.006964674685150385, -0.01669154316186905, 0.001810223562642932, -0.0019039408070966601, -0.0033014793880283833, 0.021466191858053207, 0.02672751434147358, -0.01022011786699295, -0.03485625609755516, -0.02105844020843506, -0.025491103529930115, 0.01128553505986929, 0.015244679525494576, 0.004284688737243414, -0.01607333868741989, 0.04572088643908501, -0.03501409664750099, 0.0011188529897481203, -0.04372158274054527, 0.025241190567612648, -0.040038660168647766, -0.029305562376976013, -0.005402719601988792, 0.021137360483407974, -0.04172228276729584, -0.010101737454533577, 0.019256437197327614, -0.0070764776319265366, 0.007477653678506613, -0.008293158374726772, 0.00474505452439189, -0.02655652165412903, 0.0007320636068470776, 0.0028411138337105513, -0.0025994216557592154, -0.013784662820398808, -0.013199340552091599, -0.00767495296895504, 0.01627063751220703, 0.021479345858097076, 0.02825329825282097, 0.0024284287355840206, 0.020321855321526527, 0.008109011687338352, 0.01687568984925747, -0.04077524319291115, 0.020203474909067154, 0.007372427266091108, 0.01242329552769661, -0.014376562088727951, 0.0015997706213966012, -0.0225184578448534, -0.004587214905768633, 0.026096155866980553, 0.020755914971232414, 0.016573162749409676, 0.02405739389359951, 0.011726170778274536, -0.007964326068758965, -0.004738477990031242, 0.0015989486128091812, -0.0443529412150383, -0.04656269773840904, 0.0022327734623104334, -0.0004669422924052924, -0.007273777388036251, 0.015968112275004387, 0.0033491600770503283, 0.003567833686247468, -0.015113146975636482, 0.01097643282264471, 0.014902694150805473, -0.019835183396935463, -0.031936224550008774, 0.023807480931282043, 0.036092668771743774, 0.011331571266055107, -0.0021078169811517, -0.033803991973400116, 0.03632942587137222, 0.0147843137383461, -0.011857704259455204, -0.015586665831506252, 0.009029743261635303, 0.002167006954550743, 0.02028239518404007, 0.002857555402442813, -0.03285695239901543, -0.0035645454190671444, -0.02178187109529972, -0.020558614283800125, 0.003627023659646511, -0.0007406954537145793, -0.012436449527740479, 0.07870937138795853, 0.016967762261629105, -0.008516764268279076, -0.008095858618617058, 0.01487638708204031, 0.014994766563177109, 0.030015841126441956, 0.016218023374676704, -0.000837701081763953, 0.003068008227273822, 0.03943360596895218, 0.004985102452337742, -0.0009355287766084075, -0.028174377977848053, -0.020216628909111023, 0.021913405507802963, 0.002181804273277521, 0.00020110169134568423, 0.007760449778288603, -0.02179502509534359, -0.012692938558757305, 0.010765979997813702, 0.021742412820458412, -0.016612622886896133, -0.009818941354751587, -0.0005594264948740602, 0.0039032429922372103, 0.0019154499750584364, -0.0289898831397295, -0.02996322698891163, 0.010450299829244614, 0.00440635671839118, -0.020624380558729172, 0.0017115736845880747, -0.0214267335832119, -0.008865327574312687, -0.0016581384697929025, 0.007102784235030413, 0.021729258820414543, 0.014626474119722843, -0.006208359729498625, 0.002846046118065715, 0.0031567930709570646, -0.03482994809746742, -0.0016384085174649954, -0.00036171587998978794, 0.006070250179618597, 0.015823425725102425, -0.04040694981813431]","[-0.01443513948470354, 0.015742622315883636, 0.008036397397518158, 0.0048205177299678326, -0.02452521026134491, 0.013504053466022015, -0.01015610434114933, -0.019955622032284737, -0.022544175386428833, -0.0059860264882445335, 0.0015906058251857758, -0.006999656092375517, -0.013695552945137024, 0.014937001280486584, -0.013173880986869335, 0.012209776788949966, 0.029081588611006737, -0.0009847392793744802, -0.013352173380553722, -0.01909717358648777, -0.02752317488193512, -3.7505527870962396e-05, 0.0009641035576350987, -0.02485538274049759, -0.005517181474715471, 0.02391769178211689, 0.015148311853408813, -0.028157105669379234, -0.009165586903691292, 0.004166776314377785, 0.009700466878712177, -0.0015196186723187566, -0.020563140511512756, -0.0219894852489233, -0.023006416857242584, 0.0007144106202758849, 0.01127869077026844, -0.03159090131521225, 0.0170765183866024, 0.0030359355732798576, 0.00987215619534254, 0.023429036140441895, -0.011252276599407196, -0.013814414851367474, -0.015055863186717033, 0.015504898503422737, -0.01648220792412758, -0.01060513872653246, -0.02386486530303955, 0.02583269216120243, 0.0026694443076848984, 0.011437173932790756, -0.038960348814725876, -0.0198895875364542, 0.0009839138947427273, 0.0076666041277348995, 0.014250243082642555, 0.016931243240833282, 0.004041310865432024, 0.01364272553473711, 0.0168520025908947, -0.010407035239040852, -0.01156263891607523, -0.020193347707390785, -0.010334397666156292, -0.03819434717297554, -0.0035955780185759068, 0.03365117684006691, 0.013788001611828804, -0.00688079372048378, 0.01830475963652134, 0.043635591864585876, -0.014197415672242641, 0.0007379354210570455, -0.0009162285714410245, -0.0018291553715243936, 0.01418420858681202, -0.011998467147350311, 0.025211967527866364, -0.0015039355494081974, 0.02649303711950779, -0.047333523631095886, -0.011503208428621292, 0.03552655503153801, 0.028051450848579407, 0.01722179539501667, 0.045405313372612, 0.03542090207338333, -0.0072241732850670815, -0.01099474262446165, -0.0020734830759465694, 0.027549589052796364, 0.016865208745002747, 0.016878414899110794, 0.006187431514263153, 0.019665071740746498, 0.016019966453313828, 0.036503866314888, 0.008993897587060928, -0.02765524387359619, 0.0013883751817047596, -0.0021725348196923733, -0.052167247980833054, -0.014870966784656048, -0.01834438182413578, -0.01153622567653656, 0.004780896939337254, -0.0012397975660860538, -0.0012728148140013218, -0.025489313527941704, -0.03130034729838371, 0.055574625730514526, -0.0037210434675216675, -0.029741933569312096, -0.007640190422534943, -0.005038431379944086, -0.006672785151749849, -0.013088035397231579, -0.017670828849077225, 0.007369448896497488, 0.007012862712144852, 0.015016242861747742, 0.01749913953244686, -0.007600569631904364, 0.012632397934794426, 0.008670328184962273, -0.01546527724713087, -0.0018984915222972631, -0.004358276259154081, -0.026334553956985474, 0.055152006447315216, 0.01600676029920578, 0.013160673901438713, -0.0012191617861390114, -0.009858949109911919, 0.042896006256341934, 0.0036219917237758636, 0.023666761815547943, -0.0245648305863142, 0.0030425391159951687, 0.016931243240833282, 0.010895690880715847, 0.007983569987118244, -0.01165508758276701, 0.012500328943133354, 0.005180405918508768, 0.00422620726749301, -0.00481061264872551, 0.006167621351778507, -0.0031069228425621986, 0.008802397176623344, 0.011972052976489067, 0.006913810968399048, -0.00468184519559145, 0.013748380355536938, 0.009271242655813694, 0.003658310743048787, -0.0003076794382650405, -0.02194986492395401, 0.006854380015283823, 0.007356242276728153, 0.022108346223831177, 0.011806966736912727, -0.0033941727597266436, 0.03515676409006119, 0.03758683055639267, 0.005153991747647524, -0.01788214035332203, 0.006161017809063196, -0.00539501802995801, -0.0005154817481525242, 0.02570062316954136, -0.012863518670201302, 0.019638657569885254, -0.012322035618126392, 0.007177948951721191, 0.014923794195055962, -0.009647638536989689, -0.010922104120254517, 0.0022550777066498995, -0.04942021146416664, 0.005170500371605158, 0.0170765183866024, 0.011906018480658531, -0.017353864386677742, -0.02336300164461136, -0.007250586990267038, -0.031432416290044785, 0.0198895875364542, 0.0024300692602992058, 0.007640190422534943, 0.01282389834523201, -0.017472725361585617, -0.001100299647077918, -0.644074022769928, 0.019083967432379723, 0.028421243652701378, -0.02307245135307312, 0.03679441660642624, 0.015874691307544708, 0.01235505286604166, 0.021091416478157043, -0.011945638805627823, 0.018238725140690804, -0.0020437673665583134, 0.012922949157655239, 0.0035031295847147703, -0.010162708349525928, -0.016019966453313828, -0.029319314286112785, 0.026044001802802086, -0.013906863518059254, 0.000802731781732291, 0.014157794415950775, -0.0016690216725692153, 0.0213027261197567, -0.008148656226694584, 1.5315616508360108e-07, -0.001280243624933064, 0.019678277894854546, 0.018872657790780067, -0.008128846064209938, -0.0018109958618879318, 0.015069070272147655, -0.04207717627286911, 0.0060256472788751125, 0.004787500482052565, 0.012242794036865234, 0.038167934864759445, -0.023376209661364555, -0.02625531330704689, -0.010400432161986828, 0.007395863067358732, 0.03996407240629196, -0.03515676409006119, -0.02522517554461956, 0.008855225518345833, -0.01811986416578293, -0.015742622315883636, -0.012269208207726479, 0.0011630324879661202, 0.005702078342437744, 0.016931243240833282, 0.006055362522602081, -0.004939379636198282, -0.009832535870373249, -0.0332285538315773, 0.03243613988161087, -0.00275528896600008, 0.010380621999502182, 0.02836841717362404, -0.029451383277773857, 0.01285031158477068, 0.009092949330806732, 0.010724001564085484, 0.008029794320464134, -0.035077519714832306, -0.011126811616122723, -0.03188145160675049, 0.013457829132676125, -0.011826776899397373, -0.021725347265601158, 0.0010623298585414886, -0.016019966453313828, 0.020153725519776344, -0.0034668107982724905, -0.03032303787767887, 0.018423622474074364, -0.0010870927944779396, 0.013510656543076038, 0.012249398045241833, -0.005015319678932428, -0.0007870486006140709, 0.005761509295552969, 0.012949363328516483, 0.004751181695610285, 0.0012984031345695257, -0.0012290669837966561, 0.015610553324222565, 0.015848277136683464, -0.004704957362264395, 0.009878759272396564, 0.002827927004545927, -0.0027206209488213062, 0.029424969106912613, -0.004137060604989529, -0.005910086911171675, -0.008293932303786278, -0.0031003192998468876, 0.029187245294451714, 0.00750151788815856, 0.018225518986582756, 0.0008266692748293281, -0.016389761120080948, -0.03499827906489372, -0.0028328795451670885, -0.006827966310083866, 0.017155760899186134, 0.016785968095064163, 0.04735993593931198, -0.012883328832685947, 0.015108691528439522, 0.03565862402319908, -0.009026914834976196, -0.028817450627684593, -0.015029449947178364, -0.038828279823064804, 0.00402480224147439, -0.003684724448248744, -0.0252780020236969, 0.0374547615647316, 0.01749913953244686, 0.014355897903442383, -0.03074565902352333, 0.023429036140441895, 0.020061278715729713, 0.024089381098747253, -0.016693519428372383, 0.04469214379787445, 0.013669139705598354, 0.025489313527941704, -0.001125062583014369, -0.011166431941092014, 0.010076862759888172, -0.014012518338859081, -0.009839138947427273, 0.014395519159734249, -0.038458485156297684, -0.006055362522602081, 0.008663725107908249, 0.002104849321767688, 0.0009723578696139157, -0.015689793974161148, -0.03169655427336693, -0.03581710532307625, -0.0035922762472182512, 0.0024961037561297417, -0.0016360044246539474, -0.020893312990665436, -0.011027759872376919, -0.044348761439323425, 0.017327450215816498, -0.008617500774562359, 0.004437517840415239, -0.005566707346588373, -0.023798830807209015, -0.013801208697259426, 0.006775138434022665, -0.002525819232687354, 0.014857759699225426, -0.016931243240833282, -0.011120207607746124, -0.02316489815711975, -0.01797458715736866, 0.017050106078386307, 0.02873820997774601, -0.03378324583172798, -0.0010161057580262423, -0.00886843167245388, 0.0054313368164002895, 0.020814070478081703, -0.005678966175764799, -0.015504898503422737, -0.011120207607746124, 0.0077062249183654785, 0.0016599419759586453, -0.009641035459935665, 0.019017932936549187, 0.004625715781003237, 0.0059629143215715885, -0.00031387017224915326, -0.009343880228698254, 0.006170922890305519, -0.015518104657530785, -0.0027041123248636723, 0.02710055373609066, 0.008313742466270924, 0.0005348793929442763, 0.0034271900076419115, -0.002250125166028738, 0.010572121478617191, 0.0036285952664911747, -0.017565174028277397, 0.008320345543324947, 0.03127393499016762, 0.02036503702402115, -0.03991124406456947, 0.014804932288825512, -0.012183363549411297, 0.0180142093449831, 0.023112071678042412, 0.013655932620167732, -0.0016087652184069157, 0.003341345116496086, 0.01900472678244114, 0.019665071740746498, 0.009324070066213608, -0.021593278273940086, 0.03547372668981552, -0.016878414899110794, 0.0066529749892652035, -0.004335164092481136, 0.003062349511310458, 0.027126967906951904, 0.013603105209767818, -0.02395731210708618, 0.01722179539501667, -0.019638657569885254, -0.009951397776603699, 0.011760742403566837, -0.02274227887392044, 0.017750071361660957, -0.0006706627900712192, 0.027206210419535637, -0.004520060960203409, -0.005163897294551134, 0.014197415672242641, -0.011635277420282364, -0.0015922565944492817, 0.0021807891316711903, 0.025528933852910995, 0.024353519082069397, -0.012955966405570507, -0.030085314065217972, 0.012876725755631924, -0.014395519159734249, 0.004401198588311672, 0.03037586435675621, 0.010024035349488258, -0.0014304721262305975, 0.008597690612077713, 0.003323185723274946, 0.05037111043930054, -0.025911932811141014, 0.018555691465735435, 0.03872262313961983, 0.015425656922161579, -0.008089224807918072, 0.005045034922659397, 0.016086000949144363, 0.042050763964653015, 0.02546289935708046, -0.02437993325293064, 0.008690139278769493, -0.0005881196702830493, -0.002519215689972043, -0.026611899957060814, -0.0002882818225771189, 0.011839983984827995, -0.010591932572424412, -0.005246440414339304, 0.012110725045204163, 0.022081933915615082, 0.014210621826350689, 0.00826091505587101, -0.026453416794538498, 0.0032389916013926268, 0.018053829669952393, 0.018370794132351875, -0.019163208082318306, -0.047254279255867004, -0.025581762194633484, -0.012275811284780502, -0.000929435424041003, 0.0005699601606465876, -0.01139755267649889, 0.02391769178211689, -0.012051294557750225, -0.0016756252152845263, 0.005196914542466402, -0.0005711983540095389, -0.021738553419709206, 0.0018638235051184893, 0.025779863819479942, -0.02597796730697155, -0.0035724658519029617, 0.01755196787416935, 0.004734673071652651, -6.9800516939722e-05, -0.024815760552883148, -0.0088882427662611, -0.0003761902335099876, 0.012123932130634785, 0.01123246643692255, 0.0066034491173923016, 0.0025637890212237835, 0.010004225187003613, -0.004840327892452478, -0.006953431759029627, 0.01895189844071865, 0.011542828753590584, -0.007646793965250254, 0.020299002528190613, 0.006157716270536184, -0.009693862870335579, 0.031089037656784058, 0.01689162291586399, -0.002633125288411975, 0.03890752047300339, 0.01675955392420292, 0.015346415340900421, 0.005926595535129309, 0.017340656369924545, -0.009423121809959412, -0.00575820729136467, -0.00709210429340601, -0.003496526274830103, -0.0006388836773112416, 0.00187537947203964, -0.0072307768277823925, -0.02307245135307312, -0.009383500553667545, 0.015650173649191856, 0.030402278527617455, -0.015148311853408813, -0.012256001122295856, -0.008280725218355656, 0.0332285538315773, 0.058955591171979904, 0.01406534668058157, 0.01434269081801176, 0.026466622948646545, -0.023944105952978134, 0.004979000426828861, -0.02522517554461956, -0.02686282992362976, 0.016218069940805435, -0.002258379478007555, -0.029741933569312096, -0.02616286464035511, 0.003423888236284256, -0.004288940224796534, 0.011800363659858704, 0.00335785374045372, 0.013589898124337196, -0.005992630030959845, -0.006775138434022665, -0.034232281148433685, -0.009839138947427273, 0.002649633912369609, 0.0038333020638674498, 0.0024630865082144737, 0.004582793451845646, 0.010842863470315933, 0.004655431490391493, -0.007679811213165522, 0.0351039357483387, -0.029847588390111923, 0.004348371177911758, 0.03214558959007263, 0.04625055566430092, -0.0038696210831403732, -0.0042922417633235455, 0.000880734995007515, -0.010215535759925842, -0.003701233072206378, -0.018225518986582756, -0.006283181719481945, 0.012520139105618, 0.03346627950668335, 0.012077707797288895, -0.00647138012573123, -0.004843629896640778, 0.02189703658223152, 0.0023013020399957895, 0.024881795048713684, -0.004064423032104969, -0.0015947329811751842, -0.004833724815398455, 0.00884201843291521, -0.010710794478654861, -0.0005468481103889644, 0.012903138995170593, 0.000640121812466532, 0.003153146943077445, 0.008551466278731823, -0.007250586990267038, -0.0007655873778276145, -0.028421243652701378, -0.007580759469419718, 0.017340656369924545, -0.01909717358648777, -0.0043714833445847034, -0.028051450848579407, -0.004133759066462517, -0.013959690928459167, -0.02448558807373047, -0.009905173443257809, -0.008392984047532082, -0.029240071773529053, -0.041390419006347656, 0.019876381382346153, 0.02021976001560688, 0.01497662253677845, -0.01249372586607933, -0.009746690280735493, -0.001548508764244616, 0.0021461208816617727, 0.009020310826599598, -0.0393037274479866, -0.011707914993166924, 0.005319077987223864, -0.01249372586607933, -0.00717134540900588, 0.01582186296582222, 0.007963759824633598, -0.02386486530303955, 0.043503522872924805, -0.0018819828983396292, 0.015333208255469799, 0.03985841944813728, -0.010420242324471474, 0.02616286464035511, 0.010017432272434235, 0.006768535356968641, -0.004648827947676182, 0.013002190738916397, -0.01340500172227621, 0.0030210779514163733, 0.012988983653485775, -0.01657465659081936, -0.0010309634963050485, 0.0072241732850670815, 0.007131725084036589, 0.010433449409902096, -0.004051215946674347, -0.005530388560146093, -0.003981879912316799, 0.003938957117497921, -0.015901105478405952, -0.022781899198889732, 0.011767346411943436, 0.017155760899186134, 0.020008450374007225, 0.007937345653772354, 0.008663725107908249, 0.024142209440469742, -0.010175914503633976, -0.00011060776887461543, -0.005705379880964756, 0.027576003223657608, 0.0071449317038059235, -0.020351829007267952, 0.010387225076556206, -0.0014370755525305867, -0.028843864798545837, -0.02218758873641491, -0.011919225566089153, 0.006362423300743103, 0.008690139278769493, -0.00530256936326623, -0.01727462187409401, -0.035632211714982986, 0.0021708838175982237, 0.010988138616085052, 0.005616233218461275, -0.019585829228162766, -0.019678277894854546, -0.0027503364253789186, 0.0034998280461877584, -0.025013864040374756, -0.017301036044955254, -0.010842863470315933, -0.0379037968814373, 0.005834147334098816, 0.012506932020187378, -0.011298500932753086, 0.03687365725636482, 0.02836841717362404, 0.026598691940307617, -0.04318655654788017, -0.022108346223831177, -0.0023013020399957895, -0.03235689923167229, -0.025859106332063675, -0.00884201843291521, 0.033439867198467255, 0.02603079564869404, 0.0064944918267428875, -0.04154890030622482, 0.00896088033914566, 0.007125121541321278, 0.00124557560775429, -0.019493380561470985, 0.004850233439356089, -0.016812380403280258, -0.027206210419535637, 0.005890276283025742, -0.0031250822357833385, -0.004873345140367746, 0.01834438182413578, -0.0028229744639247656, 0.013721967115998268, 0.00919860415160656, 0.01289653591811657, 0.009858949109911919, -0.0013578342041000724, -0.049024004489183426, 0.001385898794978857, -0.0019579227082431316, -0.012592777609825134, 0.0009608018444851041, -0.0033842676784843206, 0.0022022502962499857, 0.012183363549411297, 0.004110646899789572, 0.00011762393114622682, -0.009891966357827187, 0.03608124330639839, -0.0010623298585414886, 0.022900760173797607, 0.0023046035785228014, 0.0005757382023148239, -0.010175914503633976, -0.012454104609787464, 0.01364272553473711, 0.006946828216314316, 0.012480518780648708, -0.014857759699225426, 0.010222138836979866, -0.009786311537027359, -0.004619112703949213, -0.019123587757349014, 0.007877914234995842, -0.030058899894356728, 0.01094851829111576, 0.001695435494184494, -0.011351328343153, -0.002373939845710993, -0.007131725084036589, -0.007937345653772354, -0.015399242751300335, 0.018238725140690804, 0.002672746079042554, -0.023719588294625282, 0.01852927729487419, -0.001450282521545887, -0.0196518637239933, -0.026902450248599052, -0.032885175198316574, 0.018317967653274536, 0.023481864482164383, 0.022015899419784546, 0.04527324438095093, -0.008762776851654053, -0.03037586435675621, -0.03584352135658264, 0.008551466278731823, -0.005652552470564842, 0.03196069225668907, 0.021646106615662575, -0.015069070272147655, -0.022847933694720268, -0.012936156243085861, -0.012110725045204163, 0.017710451036691666, 0.00035885616671293974, 0.020338622853159904, 0.005170500371605158, 0.004751181695610285, -0.021566864103078842, 0.0037144399248063564, -0.018568897619843483, 0.012084311805665493, -0.0170897264033556, 0.010195725597441196, -0.000380730110919103, -0.00750151788815856, -0.006256768014281988, 0.003268707310780883, -0.03734910860657692, 0.04630338400602341, 0.012302225455641747, -0.03219841793179512, -0.008082621730864048, 0.001840711454860866, 0.009489156305789948, 0.02826276235282421, 0.019202830269932747, 0.025991175323724747, 0.017987795174121857, 0.009627828374505043, -0.0030375865753740072, 0.0027734485920518637, -0.03201352059841156, -0.012256001122295856, 0.009040121920406818, 0.01769724301993847, -0.014527588151395321, -0.03206634894013405, -0.012797484174370766, -0.011272087693214417, 0.01811986416578293, 0.002910470124334097, -0.00505494000390172, -0.00859108753502369, -0.010585328564047813, -0.006435060873627663, 0.037137795239686966, 0.011219259351491928, -0.015650173649191856, -0.016416173428297043, -0.00036236425512470305, -0.0015716208145022392, -0.027813727036118507, -0.009297655895352364, 0.01628410443663597, -0.024366727098822594, -0.027496760711073875, 0.006583638489246368, 0.02826276235282421, 0.00924482848495245, -0.0031085736118257046, 0.0031151771545410156, 0.0028741511050611734, 0.02603079564869404, -0.011100397445261478, 0.0014362501678988338, -0.009396707639098167, 0.011318311095237732, -0.044216692447662354, 0.026479830965399742, -0.01151641458272934, -0.041205521672964096, 0.023600727319717407, -0.02073482982814312, -0.016918037086725235, -0.020589554682374, 0.013616311363875866, 0.0019183019176125526, 0.01582186296582222, -0.023178106173872948, -0.01975751854479313, -0.020853692665696144, 0.021170657128095627, -0.007693017832934856, -0.01891227811574936, 0.014712484553456306, -0.015610553324222565, -0.0008241929463110864, 0.005097862798720598, -0.004952586721628904, 0.0013239915715530515, -0.014052139595150948, -3.4178006899310276e-05, 0.013490846380591393, -0.004137060604989529, 0.011080587282776833, 0.02448558807373047, 0.014131381176412106, 0.009938190691173077, -0.036160487681627274, -0.0168520025908947, -0.013497449457645416, -0.02663831226527691, -0.00833355262875557, -0.014078552834689617, 0.0029055175837129354, -0.012936156243085861, -0.007296811323612928, 0.006900604348629713, 0.021778173744678497, -0.022266829386353493, -0.003095366759225726, -0.01698407158255577, -0.025568554177880287, -0.03196069225668907, -0.03159090131521225, -0.031194692477583885, 0.03190786391496658, 0.026757175102829933, -0.008855225518345833, -0.021632898598909378, -0.025053486227989197, -0.02054993249475956, -0.015425656922161579, 0.022715864703059196, -0.01881982944905758, 0.014870966784656048, 0.006775138434022665, -0.015386035665869713, 0.03795662522315979, -0.0006198987830430269, 0.038828279823064804, -0.001190271694213152, 0.016838794574141502, -0.008855225518345833, 0.028896693140268326, -0.002256728708744049, -0.007442086935043335, -0.018291553482413292, -0.046831659972667694, -0.014699277468025684, 0.002088340697810054, -0.0020982460118830204, 0.010941915214061737, -0.03880186751484871, -0.0007581585086882114, 0.0032670563086867332, 0.01296917349100113, -0.01137113943696022, 0.0014535841764882207, -0.008690139278769493, -0.012440897524356842, 0.009905173443257809, -0.015689793974161148, 0.01679917424917221, 0.019268864765763283, -0.009581604041159153, -0.0023772416170686483, -0.007534535136073828, 0.0008840367081575096, 0.007560948841273785, 0.01247391477227211, -0.0037375520914793015, -0.012506932020187378, 0.023561105132102966, 0.013840829022228718, -0.006276578176766634, 0.02667793445289135, -0.023508278653025627, 0.010730604641139507, 0.010882483795285225, -0.013471036218106747, -0.02658548578619957, -0.012011673301458359, 0.020206553861498833, -0.003955465741455555, -0.009951397776603699, -0.006933621596544981, 0.014950208365917206, -0.010849466547369957, 0.00917219091206789, -0.004553078208118677, 0.017816105857491493, -0.020721623674035072, 0.009106156416237354, -0.009746690280735493, -0.006052060984075069, -0.005870466120541096, 0.006874190177768469, -0.019017932936549187, 0.03013814054429531, -0.001728452742099762, 0.0013669139007106423, 0.007851500995457172, 0.02607041597366333, 0.016918037086725235, -0.009581604041159153, -0.010024035349488258, 0.02752317488193512, 0.022451726719737053, -0.006028948817402124, 0.010116484016180038, 0.2130008488893509, -0.022385692223906517, -0.007481707725673914, 0.003087112447246909, 0.030956968665122986, 0.020563140511512756, 0.021923450753092766, 0.014620035886764526, -0.002567090792581439, 0.00510116433724761, -0.014897380955517292, -0.0004564634000416845, -0.0016038126777857542, 0.0019694785587489605, -0.00010792511602630839, -0.009185397066175938, -0.03906600549817085, -0.040835727006196976, -0.021976277232170105, -0.024696899577975273, 0.02021976001560688, 0.008775983937084675, 0.0168520025908947, -0.007435483392328024, 0.022161174565553665, 0.00304749165661633, 0.0023376208264380693, 0.00842600129544735, 0.0053686038590967655, 0.0020998967811465263, -0.017868932336568832, -0.0184896569699049, -0.008419397287070751, 0.008492035791277885, 0.008307138457894325, -0.0011853190371766686, -0.03454924374818802, 0.0005885323625989258, 0.025159141048789024, 0.028711795806884766, 0.004414405673742294, -0.022781899198889732, 0.002453181194141507, -0.014012518338859081, 0.007970362901687622, -0.002887357957661152, -0.001099474262446165, -0.0064944918267428875, 0.019070761278271675, -0.01760479435324669, -0.0016409570816904306, 6.41321275907103e-06, 0.016680311411619186, 0.045405313372612, 0.009839138947427273, -0.010519294068217278, 0.01755196787416935, -0.0017003881512209773, -0.006530811078846455, 0.03365117684006691, -0.01871417462825775, 0.00948255229741335, 0.0037771728821098804, 0.028526900336146355, -0.007316621486097574, 0.014316277578473091, -0.016389761120080948, 0.027628829702734947, 0.019017932936549187, 0.0019579227082431316, 0.028791038319468498, 0.0015410799533128738, -0.0013644376304000616, -0.010123087093234062, -0.001035090652294457, 0.00163848081137985, 0.019400933757424355, 0.02218758873641491, 0.028843864798545837, 0.040598005056381226, -0.032277658581733704, 0.01546527724713087, -0.02831558883190155, -0.009641035459935665, -0.006781741976737976, -0.015755828469991684, 0.005731793586164713, -0.012837104499340057, -0.010770224966108799, -0.0035031295847147703, 0.0008510194602422416, -0.02550251968204975, 0.004348371177911758, -0.018331173807382584, 0.0023178106639534235, 0.029451383277773857, -0.014686070382595062, 0.023759208619594574, -0.005844052415341139, 0.01928207091987133, -0.012216380797326565, 0.02007448486983776, 0.0024168624076992273, 0.02138196863234043, 0.004605905618518591, 0.004691750276833773, 0.034892626106739044, 0.0017416597111150622, 0.02728545106947422, -0.013114449568092823, -0.004467233084142208, -0.04548455774784088, -0.003179560648277402, 0.00601244019344449, 0.016838794574141502, 0.017010483890771866, -0.005484164226800203, -0.0066133541986346245, -0.007554345764219761, 0.018476450815796852, -0.010341000743210316, -0.005728492047637701, 0.0033066770993173122, -0.0023689873050898314, 0.010307983495295048, -0.0005604677135124803, -0.02710055373609066, -0.006544017698615789, 0.004800707567483187, -0.011859794147312641, 0.013682345859706402, -0.03679441660642624, -0.004721465986222029, -0.0007239030674099922, -0.02167251892387867, -0.014144587330520153, -0.009059932082891464, -0.022200794890522957, -0.0005559278652071953, -0.005817638710141182, -0.021144242957234383, 0.02789296768605709, -0.011859794147312641, -0.0013149117585271597, 0.0013330712681636214, -0.016019966453313828, 0.0187273807823658, 0.002231965772807598, -0.030032485723495483, -0.022715864703059196, -0.008406190201640129, 0.001329769496805966, -0.01998203620314598, -0.036345381289720535, 0.010644759982824326, -0.006583638489246368, -0.0009030216606333852, -0.04796745255589485, 0.013946483843028545, 0.005560103803873062, -0.028342003002762794, -0.0017812803853303194, 0.028764624148607254, -0.00849863886833191, -0.014937001280486584, -0.02410258911550045, -0.16672387719154358, 0.010988138616085052, 0.00898729357868433, -0.020523520186543465, 0.01633693277835846, 0.027179796248674393, 0.011146621778607368, -0.007937345653772354, -0.004510155413299799, 0.028579726815223694, 0.005375207401812077, -0.005457750521600246, -0.032224830240011215, -0.0033677590545266867, 0.006593543570488691, -0.01289653591811657, -0.02349507063627243, 0.018872657790780067, 0.025581762194633484, 0.025211967527866364, 0.01027496624737978, 0.005959612783044577, 0.0248025543987751, -0.005678966175764799, -0.024181829765439034, 0.00642515579238534, -0.01773686334490776, 0.022900760173797607, -0.00040590573917143047, -0.013986105099320412, -0.007488311268389225, 0.01094851829111576, 0.005097862798720598, 0.011212656274437904, 0.014540794305503368, -0.008564673364162445, 0.0076600005850195885, -0.03523600473999977, -0.028949519619345665, 0.005332285072654486, 0.003919146955013275, 0.010974932461977005, 3.8666290492983535e-05, 0.01376158744096756, -0.005253043491393328, 0.025423279032111168, 0.003734250320121646, 0.007329828571528196, 0.00738265598192811, -0.010136294178664684, 0.013411604799330235, -0.0043714833445847034, 0.01915000192821026, -0.005068147089332342, 0.02990041673183441, 0.04506193473935127, 0.02404976077377796, -0.008624104782938957, -0.01268522534519434, -0.013471036218106747, -0.005863862577825785, -0.025964761152863503, -0.011258880607783794, -0.006174224894493818, -0.011523018591105938, -0.007950552739202976, 0.0065539232455194, -0.006322802510112524, 0.006986449006944895, 0.0036451038904488087, -0.006639767903834581, -0.024723313748836517, 0.013517259620130062, 0.0023623837623745203, -0.012361656874418259, -0.011073984205722809, -3.1675917853135616e-05, -0.001002898789010942, 0.008690139278769493, 0.01069758739322424, -0.014501173980534077, 0.014276656322181225, -0.020431071519851685, 0.008353362791240215, -0.00017261828179471195, 0.01249372586607933, -0.004229509271681309, 0.015557725913822651, -0.002910470124334097, 0.006854380015283823, -0.0006479634321294725, 0.00575820729136467, -0.029821176081895828, -0.014263450168073177, 0.017301036044955254, 0.016918037086725235, -0.01558413915336132, -0.005533690098673105, 0.003120129695162177, -0.029266485944390297, 0.0001236083044204861, -0.008650518022477627, -0.01074381172657013, 0.01652183011174202, 0.03795662522315979, 0.017472725361585617, -0.02382524311542511, -0.0019991942681372166, 0.04104704037308693, -0.0208272784948349, -0.03486621007323265, 0.014857759699225426, 0.0011514764046296477, 0.03420586511492729, 0.013840829022228718, 0.002568741561844945, 0.004206397105008364, -0.0033694098237901926, 0.00919860415160656, -0.01137113943696022, 0.04506193473935127, -0.028236348181962967, 0.00791093148291111, 0.004080931656062603, -0.017948174849152565, -0.012242794036865234, -0.10871918499469757, -0.03151165693998337, -0.01123246643692255, 0.0029566942248493433, -0.018661346286535263, -0.0007284429739229381, -0.0002876627549994737, 0.027443934231996536, 0.021725347265601158, 0.0051473886705935, -0.039567865431308746, -0.02307245135307312, -0.015914311632514, -0.014355897903442383, -0.02321772649884224, -0.009396707639098167, -0.01273144967854023, -0.009390104562044144, -0.010057052597403526, 0.014263450168073177, -0.004011595156043768, -0.024921417236328125, -0.006382233463227749, -0.015333208255469799, -0.003103621071204543, -0.010750414803624153, -0.013246518559753895, -0.002639728831127286, 0.02158007211983204, 0.0064614745788276196, -0.015650173649191856, -0.03880186751484871, -0.012335242703557014, -0.005190310999751091, -0.00014610130165237933, 0.010552311316132545, -0.010294777341187, -0.007019466254860163, 0.018040621653199196, -0.02607041597366333, -0.0019909399561583996, 0.0016376553103327751, 0.01230882853269577, -0.03711138293147087, -0.012467311695218086, -0.006418552249670029, -0.017301036044955254, 0.014606828801333904, -0.0023508279118686914, -0.02176496759057045, -0.030851313844323158, -0.010327794589102268, -0.008875035680830479, -0.009812724776566029, 0.022570587694644928, 0.015544518828392029, 0.0008184149628505111, 0.014118174090981483, -0.025172347202897072, -0.017948174849152565, -0.006111491937190294, -0.038828279823064804, -0.0059563107788562775, -0.007580759469419718, 0.01811986416578293, 0.0020157028920948505, -0.011813569813966751, 0.004754483234137297, 0.028025036677718163, -0.001728452742099762, -0.00721756974235177, 0.008756173774600029, -0.024181829765439034, 0.024459175765514374, -0.030349452048540115, -0.019665071740746498, -0.026096830144524574, -0.019810346886515617, -0.006979845464229584, -0.016257692128419876, 0.014950208365917206, -0.007455294020473957, -0.00406112102791667, -0.01065136305987835, 0.022200794890522957, -0.002651284681633115, 0.0004713211674243212, 0.004120551981031895, 0.0053917160257697105, -0.022702656686306, -0.01679917424917221, 0.04300165921449661, 0.023481864482164383, -0.032277658581733704, -0.038405660539865494, 0.00845241453498602, 0.026942072436213493, -0.01961224339902401, -0.008947673253715038, -0.00812224205583334, -0.006451569497585297, -0.012949363328516483, -0.02018013969063759, 0.016680311411619186, -0.014937001280486584, 0.003962069284170866, -0.017868932336568832, 0.00821469072252512, -0.0009013707749545574, -0.013563483953475952, -0.009158983826637268, 0.002372289076447487, -0.011945638805627823, 0.020761243999004364, 0.000912926800083369, 0.018291553482413292, 0.015914311632514, -0.011952242814004421, 0.015386035665869713, -0.00033677590545266867, 0.011364535428583622, -0.02447238191962242, -0.020695209503173828, -0.015016242861747742, 0.019031139090657234, 0.004470535088330507, 0.017723657190799713, 0.004090836737304926, -0.014448346570134163, 0.011357932351529598, -0.008036397397518158, -0.005111069418489933, 0.0327531062066555, -0.010558915324509144, -0.004170077852904797, 0.018502863124012947, 0.01409175992012024, 0.0028163709212094545, -0.012150346301496029, 0.03505110740661621, 0.024023346602916718, 0.012724846601486206, 0.004473836626857519, -0.03684724494814873, 0.0150954844430089, -0.012678622268140316, -0.03153807297348976, -0.004080931656062603, -0.03631896898150444, -0.02012731321156025, 0.02255738154053688, -0.013345570303499699, 0.03777172788977623, 0.006887397263199091, -0.009040121920406818, -0.01815948449075222, 0.01285031158477068, -0.023613933473825455, -0.03079848550260067, -0.01165508758276701, -0.003562560770660639, -0.008558070287108421, 0.040703658014535904, 0.01576903648674488, 0.018925484269857407, -0.009680655784904957, 0.02091972716152668, -0.00688079372048378, -0.005008716136217117, -0.0014312975108623505, -0.007798673119395971, -0.026876037940382957, -0.020299002528190613, 0.016508622094988823, 0.0036451038904488087, 0.011087190359830856, 0.039990488439798355, 0.013629518449306488, -0.012632397934794426, -0.01979714073240757, -0.01858210563659668, 0.032039932906627655, 0.010717397555708885, -0.0031399400904774666, -0.005949707701802254, 0.004827121272683144, 0.007726035080850124, 0.010737207718193531, -0.011635277420282364, 0.006395440548658371, -0.012440897524356842, 0.017235001549124718, -0.020708415657281876, -0.001384248025715351, -0.007613776717334986, 0.0001788090157788247, 0.00692701805382967, -0.00025877266307361424, -0.014870966784656048, -0.016878414899110794, -0.017433105036616325, 0.024789348244667053, 0.0036285952664911747, 0.013305949978530407, -0.007653397507965565, -0.006319500505924225, -0.03711138293147087, 0.0014370755525305867, -0.039198074489831924, -0.011338122189044952, 0.02401014044880867, 0.014448346570134163, -0.015333208255469799, -0.037507589906454086, -0.005461052060127258, 0.0008609246578998864, -0.01600676029920578, 0.016019966453313828, -0.012797484174370766, -0.009119362570345402, -0.00900710467249155, 0.023983726277947426, 0.01961224339902401, -0.01099474262446165, 0.04268469288945198, 0.0029484399128705263, 0.01863493211567402, 0.011285293847322464, 0.011040966957807541, -0.017855726182460785, 0.02007448486983776, -0.006190733518451452, 0.009469346143305302, 0.02410258911550045, -0.0015295238699764013, -0.021461209282279015, -0.008828811347484589, -0.00029364711372181773, -0.013253121636807919, -0.002803164068609476, -0.045986417680978775, 0.06656276434659958, -0.006672785151749849, -0.012361656874418259, 0.020787658169865608, 0.0014469807501882315, 0.024327106773853302, 0.032594624906778336, 0.02428748458623886, -0.010618345811963081, -0.017763277515769005, 0.04183945432305336, -0.00991838052868843, 0.01731424406170845, -0.008921259082853794, -0.038352832198143005, 0.010631552897393703, -0.02671755477786064, 0.013451225124299526, -0.004490345250815153, -0.0009269591537304223, 0.019110381603240967, -0.010017432272434235, 0.03711138293147087, 0.00634261267259717, -0.0060355523601174355, -0.005404923111200333, 0.04395255446434021, -0.010545708239078522, -0.007395863067358732, -0.01788214035332203, 0.01637655310332775, -0.004407802131026983, -0.017657622694969177, -0.0033842676784843206, 0.010235345922410488, -0.018080243840813637, -0.0014139635022729635, 0.004460629541426897, 0.0018621726194396615, -0.004635621327906847, 0.004777595400810242, 0.0007866358500905335, -0.008029794320464134, 0.0005798653583042324, 0.001923254458233714, -0.00809582881629467, 0.012500328943133354, -0.02934572659432888, -0.030772071331739426]"
