,embedfield,answer,combined,embedding_combined,embedding_question,embedding_answer
19100,"How do I update the existing documents' schema?<p>I'm using mongoose to do some MongoDB operations.</p>
<p>At the beginning the category was number,</p>
<pre><code>const mongoose = require(&quot;mongoose&quot;);
const Schema = mongoose.Schema;
const sampleSchema = new Schema({
 category: {
    type: Number,
 }
})
module.exports = mongoose.model(&quot;SampleSchema&quot;, sampleSchema);
</code></pre>
<p>Now the category changed to String, So I changed the model like this</p>
<pre><code>const mongoose = require(&quot;mongoose&quot;);
const Schema = mongoose.Schema;
const sampleSchema = new Schema({
 category: {
    type: String,
 }
})
module.exports = mongoose.model(&quot;SampleSchema&quot;, sampleSchema);
</code></pre>
<p>The problem is, I have already inserted 200 records into this collection. Is there any way to update the category value with a string and change its type to string?</p>
","`document.write(""<pre>"" + ...)`","Embed Field: How do I update the existing documents' schema?<p>I'm using mongoose to do some MongoDB operations.</p>
<p>At the beginning the category was number,</p>
<pre><code>const mongoose = require(&quot;mongoose&quot;);
const Schema = mongoose.Schema;
const sampleSchema = new Schema({
 category: {
    type: Number,
 }
})
module.exports = mongoose.model(&quot;SampleSchema&quot;, sampleSchema);
</code></pre>
<p>Now the category changed to String, So I changed the model like this</p>
<pre><code>const mongoose = require(&quot;mongoose&quot;);
const Schema = mongoose.Schema;
const sampleSchema = new Schema({
 category: {
    type: String,
 }
})
module.exports = mongoose.model(&quot;SampleSchema&quot;, sampleSchema);
</code></pre>
<p>The problem is, I have already inserted 200 records into this collection. Is there any way to update the category value with a string and change its type to string?</p>; Answer: `document.write(""<pre>"" + ...)`","[0.009432435967028141, 0.03023216687142849, 0.0023749046958982944, 0.00777302635833621, -0.026429632678627968, 0.02813607081770897, -0.005364530254155397, -0.006190876010805368, -0.026174338534474373, -0.009237607009708881, 0.030420279130339622, 0.0005307425162754953, 0.0045717754401266575, -0.015277321450412273, -0.014645805582404137, 0.010849989019334316, 0.002146483864635229, 0.028001705184578896, -0.009069650433957577, -0.015048900619149208, 0.0010547667043283582, 0.016177568584680557, 0.0009052854729816318, 0.010944044217467308, -0.021874653175473213, 0.013100605458021164, 0.03356442227959633, -0.018031807616353035, 0.004457565024495125, 0.019845739006996155, 0.01242878008633852, 0.008465006947517395, -0.013906797394156456, -0.053074248135089874, 0.003866358194500208, -0.003182775340974331, 0.012852029874920845, -0.030151547864079475, 0.03324194625020027, -0.001946615637280047, 0.022694280371069908, 0.014202400110661983, -0.00196005217730999, -0.003397759748622775, -0.002867017174139619, 0.025180036202073097, 0.002000361680984497, -0.02808232419192791, -0.0075110141187906265, 0.0055963099002838135, 0.02140437439084053, 0.0362517274916172, -0.030554642900824547, -0.012509399093687534, -0.0209475327283144, -0.02281520888209343, 0.02853916585445404, 0.03657420352101326, 0.024279789999127388, -0.004219066817313433, 0.024333534762263298, 0.02362140081822872, -0.007154946215450764, 0.005559359677135944, -0.02337954193353653, -0.010802960954606533, 0.004474360961467028, 0.008303768932819366, -0.015008591115474701, 0.011824136599898338, 0.010950762778520584, 0.02207620069384575, -0.0172659270465374, 0.0012395188678056002, 0.021471556276082993, 0.000737328955437988, -0.0018710352014750242, -0.01056110393255949, 0.0021901526488363743, -0.0010152969043701887, 0.0007952739833854139, -0.0030248963739722967, -0.024131987243890762, 0.019845739006996155, 0.01121277455240488, 0.008659835904836655, 0.00502525782212615, 0.026469942182302475, 0.014417384751141071, 0.0005479580140672624, 0.009929587133228779, 0.018757380545139313, 0.007732716389000416, -0.001645973534323275, 0.021270008757710457, 0.025005361065268517, -0.007645379286259413, 0.03514993190765381, -0.00529398862272501, 0.0005412397440522909, -0.03477371111512184, 0.003930181730538607, -0.01766902208328247, -0.03028591349720955, -0.010863425210118294, 0.011380731128156185, 0.019402332603931427, -0.0012621929636225104, 0.011884600855410099, -0.02135062776505947, 0.0030215370934456587, 0.032408881932497025, 0.014283019118010998, 0.004000723361968994, 0.002277489984408021, 0.010950762778520584, -0.0005966654280200601, -0.039718348532915115, -0.022492732852697372, 0.0195366982370615, 0.0013797625433653593, 0.019052984192967415, 0.01078280620276928, -0.020127905532717705, 0.0063386778347194195, 0.0008607769850641489, 0.011078409850597382, -0.005901990924030542, 0.015599798411130905, -0.016043202951550484, 0.03754163533449173, 0.006869420409202576, 0.03729977458715439, 0.034451235085725784, -0.02524721808731556, 0.022721152752637863, 0.0011404245160520077, 0.03353755176067352, -0.03318820148706436, -0.024252915754914284, 0.015881964936852455, 0.023930439725518227, -0.003293626708909869, 0.007994729094207287, -0.03764912486076355, 0.011387449689209461, -0.00917714275419712, 0.006731695961207151, 0.017709331586956978, 0.008337359875440598, 0.01308045070618391, 0.020732548087835312, 0.01835428550839424, 0.006258058827370405, -0.01676877588033676, 0.01636567898094654, -0.009976615197956562, -0.012307851575314999, 0.01772276870906353, 0.005176418926566839, 0.03351067751646042, 0.019294841215014458, -0.0043769460171461105, -0.005105877295136452, -0.0031508635729551315, 0.027141768485307693, -0.00487073790282011, -0.016056640073657036, -0.016782211139798164, -0.028888516128063202, -0.020141340792179108, 0.02106846123933792, -0.03144145384430885, 0.018999237567186356, -0.022277748212218285, 0.01601633056998253, 0.006264776922762394, 0.010426738299429417, -0.016070077195763588, -0.016110386699438095, -0.039718348532915115, -0.0009271198068745434, 0.007517732214182615, 0.06981614977121353, -0.034504979848861694, -0.02875415049493313, -0.0246291384100914, -0.018945490941405296, -0.0013201379915699363, -0.0038361260667443275, -0.007101200055330992, 0.016123821958899498, -0.008948721922934055, -0.011951783671975136, -0.6225945353507996, -0.004622162319719791, 0.014860790222883224, -0.01744060218334198, 0.0090629318729043, -0.021041588857769966, -0.02230462059378624, 0.008330641314387321, -0.04315809905529022, 0.03923463448882103, -0.018932055681943893, 0.0038529217708855867, 0.0010673634242266417, 0.00624462217092514, -0.012422061525285244, -0.0030316144693642855, 0.03012467548251152, -0.026940220966935158, -0.010433456860482693, -0.0024000981356948614, 0.00768568878993392, 0.017964625731110573, -0.002196870744228363, 0.019456079229712486, 0.008102220483124256, -0.009566801600158215, -0.004602007567882538, -0.016956886276602745, -0.005461944732815027, 0.02524721808731556, -0.044931717216968536, 0.025623440742492676, -2.4012528228922747e-05, 0.010124417021870613, 0.03985271602869034, -0.0038361260667443275, -0.02616090141236782, 0.0016703272704035044, -0.02434697188436985, 0.02813607081770897, -0.00529398862272501, -0.007967855781316757, -0.0007935944013297558, -0.008451570756733418, -0.0117502361536026, -0.004309763200581074, 0.029533468186855316, -0.015492306090891361, 0.021605921909213066, -0.009801940061151981, -0.007181819528341293, -0.002369866007938981, -0.006614126265048981, 0.015613234601914883, -0.005330938845872879, -0.005982609931379557, 0.03928837925195694, -0.017171870917081833, 0.010977636091411114, 0.009929587133228779, 0.008082065731287003, 0.021243136376142502, -0.03246263042092323, -0.00544850854203105, -0.008552344515919685, 0.002438728231936693, 0.005539204925298691, 0.0026755467988550663, 0.002712497254833579, -0.008894975297152996, 0.003463262692093849, -0.00203731213696301, -0.021216263994574547, -0.006654435768723488, 0.015357941389083862, 0.028324181213974953, 0.013174506835639477, -0.027088021859526634, -0.008733737282454967, 0.01744060218334198, 0.02575780637562275, -0.02168654091656208, -0.02253304235637188, -0.008968876674771309, 0.008639681152999401, -0.0013327347114682198, -0.04423302039504051, -0.017709331586956978, -0.00489761121571064, 0.011588997207581997, 0.017118124291300774, 0.012106303125619888, -0.011615870520472527, -0.010292373597621918, -0.002028914401307702, 0.008256740868091583, 0.009513054974377155, 0.01800493523478508, 0.011992093175649643, -0.0012739499798044562, -0.014323328621685505, 0.0061438484117388725, -0.012805002741515636, 0.026738671585917473, 0.0418950654566288, 0.02082660421729088, -0.022237438708543777, 0.017239052802324295, 0.030393404886126518, -0.03520368039608002, 0.008431416004896164, 0.015895402058959007, -0.028861641883850098, 0.006647717673331499, -0.024306662380695343, -0.02683272771537304, 0.024414153769612312, 0.00487073790282011, 0.008619526401162148, 0.015505742281675339, -0.004978230223059654, 0.028727278113365173, 0.008881539106369019, -0.013174506835639477, 0.003117272397503257, 0.022842081263661385, -0.004561698064208031, -0.005183137021958828, -0.008592654019594193, 0.001686283154413104, 0.022183692082762718, -0.021041588857769966, 0.03197891637682915, -0.005327579565346241, 0.004020878113806248, 0.010715623386204243, 0.02716864086687565, 0.0048606605269014835, 0.02270771749317646, 0.008706863969564438, 0.023567654192447662, -0.0008918489329516888, 0.0022136664483696222, -0.018139300867915154, 0.03160269185900688, -0.022264311090111732, -0.04783400520682335, -0.004890892654657364, -0.008774046786129475, 0.00447100168094039, -0.02735675312578678, -0.019321713596582413, 0.004746450111269951, -0.003963773138821125, -0.006798878312110901, -0.002240539528429508, 0.013738840818405151, -0.025206908583641052, -0.02655056118965149, -0.028216689825057983, -0.013409645296633244, 0.03232826292514801, -0.026134029030799866, -0.011938346549868584, -0.009170424193143845, -0.022291185334324837, -0.02554282173514366, 0.013624629937112331, 0.002841823734343052, -0.025556258857250214, -0.006436092313379049, -0.004746450111269951, -0.019617317244410515, -0.027786720544099808, 0.020638491958379745, 0.019012674689292908, -0.049070168286561966, -0.001717355102300644, 0.00206754426471889, -0.015478869900107384, -0.009519773535430431, -0.0020305938087403774, 0.019375460222363472, -0.01766902208328247, 0.021270008757710457, 0.023527344688773155, 0.031118977814912796, 0.017185308039188385, 0.003233162220567465, 0.035123061388731, 0.008035038597881794, 0.009526492096483707, -0.007484140805900097, -0.015075773932039738, -0.01913360320031643, -0.0007814175332896411, 0.032919470220804214, -0.0026369167026132345, 0.0052603972144424915, 0.011656180024147034, 0.008646399714052677, 0.018770817667245865, 0.013234971091151237, -0.007215410470962524, 0.007356494199484587, -0.02665805257856846, -0.01126652117818594, 0.007302748039364815, 0.02281520888209343, 0.025663750246167183, 0.012831875123083591, -0.006711541209369898, -0.012086148373782635, -0.01744060218334198, 0.00254118163138628, 0.01805868186056614, -0.004326559137552977, -0.0030064210295677185, -0.015075773932039738, 0.01268407329916954, -0.006415937561541796, 0.007128073368221521, 0.025448767468333244, 0.01534450426697731, -0.0002928741159848869, 0.039718348532915115, -0.02145812101662159, 0.0186901967972517, -0.01885143667459488, -0.0362517274916172, 0.0011882921680808067, 0.01383961457759142, 0.024145424365997314, 0.009069650433957577, 0.015949148684740067, 0.012106303125619888, 0.039100270718336105, -0.019402332603931427, 0.036036744713783264, -0.011642743833363056, 0.01194506511092186, 0.029479721561074257, 0.0068794977851212025, -0.011185902170836926, 0.015774473547935486, 0.01987261138856411, 0.0291572455316782, 0.02792108617722988, -0.0006399141857400537, 0.009929587133228779, -0.02558313123881817, 0.005072285886853933, 0.007007144391536713, -0.013879924081265926, 0.002354749944061041, -0.004158602561801672, 0.0055459230206906796, 0.03437061607837677, -0.013537292368710041, 0.03154894709587097, 0.013147633522748947, -0.009956460446119308, 0.017131561413407326, -0.005690365564078093, 0.006080024875700474, 0.015895402058959007, -0.00655366200953722, -0.01890518143773079, -0.009513054974377155, -0.018824562430381775, -0.013026705011725426, -0.02683272771537304, 0.004276172257959843, -0.01959044486284256, 0.023366106674075127, -0.01488766260445118, 0.0012101264437660575, -0.009049495682120323, -0.0011253084521740675, 0.005784421227872372, -0.040685780346393585, -0.005270474590361118, 0.013933669775724411, -0.003631219267845154, 0.006378987338393927, -0.010823115706443787, -0.016150696203112602, 0.03786411136388779, -0.012946086004376411, 0.02394387684762478, 0.0035909097641706467, 0.01104481890797615, 0.012099585495889187, -0.019160475581884384, 0.008854665793478489, 0.014148654416203499, 0.037514761090278625, 0.007934263907372952, 0.007430395111441612, 0.013483546674251556, 0.011091846041381359, 0.04168008267879486, -0.0061371298506855965, -0.03525742515921593, 0.04208317771553993, -0.002549579367041588, 0.00121684477198869, -0.010514075867831707, -0.004420614801347256, -0.0007285112515091896, -0.012939367443323135, -0.012301133014261723, -0.007732716389000416, -0.005898631643503904, -0.016889704391360283, 0.011837572790682316, -0.017991498112678528, -0.01078280620276928, 0.011078409850597382, 0.008646399714052677, -0.008921848610043526, -0.020168215036392212, -0.021498430520296097, 0.022398676723241806, 0.028727278113365173, 0.015425123274326324, -0.00872030109167099, 0.0013562486274167895, -0.00661076745018363, -0.006499915849417448, -0.024602266028523445, -0.01629849709570408, 0.014054598286747932, -0.006385705433785915, -0.04157258942723274, 0.005529127549380064, 0.014068035408854485, 0.012690791860222816, 0.017682459205389023, 0.010406583547592163, 0.00882779248058796, -0.02469632215797901, 0.0034111961722373962, -0.03703104704618454, -0.006590612698346376, 0.0032852287404239178, 0.021270008757710457, 0.04692032188177109, 0.0172659270465374, -0.006036356091499329, 0.0028015142306685448, 0.00489761121571064, 0.012448934838175774, -0.017346546053886414, 0.011038100346922874, -0.003379284404218197, 0.04170695319771767, 0.005388043820858002, -0.0066309222020208836, 0.06605392694473267, 0.007961137220263481, -0.0012420382117852569, 0.00557615514844656, 0.02587873488664627, -0.008673273026943207, 0.012536272406578064, 0.009291352704167366, 0.030769627541303635, 0.0010346119524911046, 0.015774473547935486, -0.018260229378938675, -0.01936202310025692, 0.0263355765491724, 0.005122672766447067, -0.02818981558084488, -0.00400744192302227, -0.03431686758995056, -0.004306404385715723, 0.041357606649398804, 0.0027595250867307186, 0.02797483280301094, -0.01856926828622818, -0.01475329790264368, -0.02020852454006672, -0.022129947319626808, -0.0011278277961537242, 0.019724810495972633, -0.004010800737887621, -0.005136109422892332, -0.013906797394156456, -0.008948721922934055, 0.0010816397843882442, -0.023016756400465965, 0.013631348498165607, -0.02230462059378624, -0.04683970287442207, -0.010124417021870613, 0.0006310964818112552, 0.02519347332417965, 0.01602976769208908, 0.024938179180026054, 0.004128370434045792, -0.011132155545055866, -0.009647420607507229, -0.03294634446501732, -0.01562667079269886, -0.014403948560357094, -0.019147038459777832, -0.009902714751660824, 0.007450549863278866, -0.020450381562113762, 0.011958501301705837, -0.009412281215190887, 0.033215075731277466, -0.0015779511304572225, -0.0001671166974119842, -0.015384813770651817, 0.005670210812240839, 0.024924742057919502, 0.0025042311754077673, 0.0035573183558881283, -0.014403948560357094, 0.010950762778520584, -0.014444258064031601, -0.0058012171648442745, 0.0012781488476321101, -0.005055490415543318, 0.001305021927691996, -0.011105283163487911, 0.023997623473405838, 0.015640107914805412, 0.007027299143373966, 0.0035102905239909887, -0.018649887293577194, -0.0020440304651856422, -0.004336636513471603, 0.026228085160255432, 0.0042828903533518314, 0.016782211139798164, 0.014699551276862621, 0.019281404092907906, -0.007470704615116119, -0.0018861513817682862, 0.016782211139798164, 0.019402332603931427, -0.013651503250002861, 0.036547329276800156, 0.0008674952550791204, -0.036036744713783264, 0.006174080539494753, -0.018488649278879166, -0.006906370632350445, 0.007060890551656485, -5.474331555888057e-05, 0.015653545036911964, 0.023003319278359413, -0.023997623473405838, -0.02773297391831875, -0.02089378610253334, -0.019657626748085022, 0.011555406264960766, 0.0011345460079610348, -0.007524450309574604, 0.02910349890589714, -0.016043202951550484, -0.020584747195243835, -0.01811242662370205, -0.013685094192624092, -0.02168654091656208, -0.02332579717040062, -0.031333960592746735, 0.005673570092767477, 0.019335150718688965, 0.026416195556521416, 0.013758995570242405, 0.013933669775724411, -0.0055459230206906796, -0.002635237295180559, -0.03136083483695984, -0.03673544153571129, 0.016285059973597527, 0.0047699641436338425, 0.02156561240553856, 0.012153331190347672, 0.020531000569462776, -0.02304363064467907, 0.03195204213261604, -0.015331068076193333, -0.0006294168997555971, 0.0186901967972517, -0.0006113615818321705, -0.019684499129652977, -0.010527512058615685, -0.0007537047495134175, 0.014645805582404137, 0.01050063967704773, 0.03063526377081871, 0.020356325432658195, 0.0048606605269014835, 0.013772431761026382, -0.027276132255792618, 0.010608131997287273, -0.03407501056790352, -0.05345047265291214, -0.007719280198216438, 0.03200578689575195, 0.0020171573851257563, 0.001245397375896573, -0.031333960592746735, 0.009754912927746773, 0.001116910600103438, -0.005330938845872879, 0.013308871537446976, -0.014350201934576035, 0.015048900619149208, 0.0022976447362452745, 0.0038495627231895924, -0.02792108617722988, -0.007383367046713829, -0.010507357306778431, -0.008330641314387321, -0.03420937806367874, -0.007369930390268564, 0.0117502361536026, 0.004245940130203962, 0.018219919875264168, 0.0008595173130743206, -0.0004984108963981271, -0.0379178561270237, 0.013261844404041767, 0.0007024779915809631, 0.0010707225883379579, -0.01301998645067215, -0.005317502189427614, -0.02904975414276123, -0.038025349378585815, -0.0006042234599590302, -0.02767922915518284, 0.0017349905101582408, 0.04082014411687851, 0.004958075471222401, 0.022573351860046387, -0.011985374614596367, -0.009466027840971947, -0.007947701029479504, -0.02207620069384575, 0.034854330122470856, -0.0006365550798363984, 0.010070670396089554, 0.03724602982401848, 0.014417384751141071, -0.030554642900824547, -0.015210139565169811, 0.018824562430381775, -0.008424697443842888, 0.04157258942723274, 0.02110877074301243, -0.006496557034552097, -0.02128344587981701, -0.008612808771431446, -0.0104737663641572, 0.008565780706703663, -0.008108939044177532, 0.015586362220346928, -0.0059456597082316875, -0.02558313123881817, 0.008088784292340279, 0.025274092331528664, -0.02972158044576645, 0.008471725508570671, 0.0021179313771426678, 0.007477422710508108, 0.0044273328967392445, -0.0025445406790822744, -0.041814446449279785, 0.016889704391360283, -0.009277916513383389, 0.02360796369612217, 0.02519347332417965, 0.003923463635146618, -0.012455652467906475, 0.00486737908795476, -0.003171018324792385, 0.0260399729013443, 0.010420020669698715, 0.01846177689731121, -0.027155203744769096, 0.0017106367740780115, 0.020651929080486298, 0.009076368063688278, -0.009170424193143845, -0.020813167095184326, 0.007571478374302387, 0.03074275515973568, -0.012522835284471512, 0.014135218225419521, 0.004353431984782219, 0.002749447710812092, 0.0033876823727041483, 0.0025730933994054794, -0.02689991146326065, -0.024870995432138443, -0.016513481736183167, -0.014135218225419521, 0.014833916909992695, 0.0053107840940356255, -0.0045213885605335236, -0.008344078436493874, -0.00679551949724555, 0.013181225396692753, -0.02966783381998539, 0.0004102337115909904, 0.010520794428884983, -0.028324181213974953, -0.008041756227612495, 0.008478443138301373, -0.005347734317183495, 0.0137254036962986, -0.01948295161128044, -0.003344013588503003, 0.023970749229192734, 0.026147466152906418, -0.01952326111495495, -0.008982312865555286, -0.004635598976165056, -0.007571478374302387, -0.004890892654657364, 0.009217452257871628, 0.0011001150123775005, -0.009197297506034374, -0.013315590098500252, -0.0032130074687302113, -0.02031601592898369, 0.006667872425168753, -0.005760907661169767, 0.0007986330892890692, -0.02672523632645607, -0.03308070823550224, 0.021659668534994125, 0.0077595897018909454, 0.01350370142608881, -0.02020852454006672, -0.018031807616353035, 0.030312785878777504, -0.023809511214494705, -0.004709499888122082, -0.008794201537966728, -0.020531000569462776, -0.012106303125619888, -0.0017013992182910442, -0.009660856798291206, -0.009566801600158215, -0.03845531865954399, -0.019321713596582413, -0.00376558443531394, -0.003762225154787302, -0.007410239893943071, -0.005498895421624184, -0.02824356220662594, 0.0002939238620456308, -0.005781062413007021, 0.011515096761286259, -0.027759848162531853, -0.0015981059987097979, 0.001603984390385449, 0.019456079229712486, 0.030097801238298416, -0.0017215539701282978, -0.034558724611997604, -0.02735675312578678, -0.030930865556001663, -0.05385356768965721, -0.031011484563350677, 0.008068629540503025, -0.016392553225159645, 0.029990309849381447, 0.00894200336188078, 0.005639978684484959, -0.021659668534994125, 0.0008229867671616375, -0.05017196014523506, -0.01941576972603798, 0.0018743943655863404, -0.0040309554897248745, 0.046006638556718826, 0.023702019825577736, -0.006224467419087887, 0.014108344912528992, 0.012576581910252571, 0.00968101155012846, -0.042943112552165985, 0.024763504043221474, -0.01463236939162016, 0.00043038849253207445, 0.004497874528169632, 0.006808955688029528, -0.01398741640150547, 0.005770985037088394, 0.00979522243142128, -0.023970749229192734, 0.03584863245487213, 0.018878309056162834, 0.0005693724961020052, -0.04157258942723274, -0.013893360272049904, -0.006661154329776764, 0.014000852592289448, -0.008505316451191902, 0.025838425382971764, -0.021605921909213066, -0.014000852592289448, 0.010776087641716003, -0.012596736662089825, -0.0008574178791604936, -0.005156264174729586, -0.0047162179835140705, -0.021592484787106514, 0.023419851437211037, -0.0035035721957683563, -0.017454037442803383, -0.012724383734166622, -0.02926473878324032, 0.025448767468333244, -0.0035976278595626354, 0.0043198405764997005, 0.034289997071027756, -0.004941279999911785, 0.011871164664626122, -0.014618932269513607, 0.03466621786355972, -0.007887236773967743, -0.014471130445599556, 0.002747768070548773, -0.02110877074301243, -0.017978062853217125, -0.005361170973628759, 0.013799305073916912, -0.023030193522572517, 0.00458857137709856, 0.008350796066224575, -0.006751850713044405, -0.02621464803814888, -0.008035038597881794, -0.0019902843050658703, -0.03141457960009575, -0.01835428550839424, 0.015331068076193333, 0.00017016091442201287, -0.009519773535430431, -0.037004172801971436, -0.008626244962215424, -0.013853050768375397, -0.005683647468686104, 0.012099585495889187, -0.0063353185541927814, -0.02043694444000721, -0.010688751004636288, 0.03197891637682915, 0.002012118697166443, 0.008344078436493874, 0.22551852464675903, 0.00018727147835306823, 0.00866655446588993, 0.01948295161128044, 0.0011815738398581743, -0.007094481959939003, 0.02637588605284691, -0.00934509839862585, -0.021888088434934616, 0.009613829664885998, 0.00384284439496696, 0.019617317244410515, -0.003567395731806755, -0.00787379965186119, 0.02032945305109024, 0.012180204503238201, -0.05723956972360611, -0.012905776500701904, -0.0033322565723210573, -0.0020977763924747705, 0.03990646079182625, 0.010158007964491844, -0.007793181110173464, -0.007410239893943071, 0.01248924434185028, -0.0022892470005899668, 0.023204868659377098, 0.00933838076889515, 0.020866913720965385, 0.010426738299429417, -0.01242878008633852, -0.0186901967972517, 0.009452590718865395, 0.0024000981356948614, -0.03934212774038315, -0.011837572790682316, 0.01765558496117592, 0.02022196166217327, -0.004790118895471096, 0.013214816339313984, -0.014390511438250542, -0.01670159213244915, 0.007490859366953373, 0.00737664895132184, -0.014430820941925049, 0.0015947468345984817, -0.0086329635232687, -0.004024237394332886, 0.0067720054648816586, 0.016970323398709297, -0.008962158113718033, 0.018018372356891632, 0.02972158044576645, 0.02061161957681179, 0.0020457098726183176, -0.027894213795661926, 0.006684667896479368, -0.010527512058615685, 0.004313122481107712, 0.012778129428625107, -0.012321287766098976, 0.011071691289544106, 0.003233162220567465, 0.004907688591629267, -0.010856707580387592, -0.011488223448395729, -0.02031601592898369, -0.03619798272848129, 0.0036648104432970285, -0.012280978262424469, -0.006180798634886742, -0.024938179180026054, -0.00352372694760561, -0.0008108099573291838, 0.006200953386723995, -0.014283019118010998, 0.007007144391536713, 0.022035891190171242, 0.013550729490816593, 0.023285487666726112, -0.041357606649398804, -0.030151547864079475, -0.015331068076193333, 0.009553364478051662, -0.025435330346226692, -0.009291352704167366, 0.00737664895132184, -0.00976834911853075, -0.008559062145650387, -0.0009581917547620833, 0.010426738299429417, 0.02004728652536869, -0.01117918360978365, 0.013973979279398918, -0.014995154924690723, -0.004645676352083683, -0.0007402682094834745, 0.01835428550839424, -0.014363639056682587, -0.0009271198068745434, -0.04060516133904457, 0.0458454005420208, 0.02519347332417965, 0.001005219528451562, 0.0007377488655038178, 0.01874394342303276, -0.01075593288987875, 0.012274259701371193, -0.01698376052081585, -0.017064379528164864, 0.009728039614856243, -0.02457539364695549, -0.010675313882529736, -0.009788503870368004, 0.005354452878236771, -0.001459541846998036, 0.010037079453468323, -0.0014158731792122126, 0.008303768932819366, 0.0018139299936592579, -0.013302153907716274, -0.013073733076453209, -0.00798801053315401, 0.01992635801434517, -0.020087596029043198, -0.017346546053886414, -0.031710185110569, 0.013248407281935215, -0.0031525432132184505, -0.008075348101556301, -0.0008649759110994637, -0.004847224336117506, -0.016728466376662254, -0.027303006500005722, -0.013308871537446976, 0.02767922915518284, 0.00197516824118793, -0.023016756400465965, 0.01766902208328247, -0.0031609409488737583, 0.005146186798810959, -0.030500898137688637, 0.028781022876501083, 0.0056500560604035854, -0.0052570379339158535, -0.0094861825928092, -0.010809679515659809, 0.009754912927746773, 0.014256146736443043, -0.01862301491200924, -0.01959044486284256, 0.003159261541441083, 0.02870040386915207, -0.031790804117918015, 0.0027947959024459124, -0.010796242393553257, 0.026993965730071068, -0.033376313745975494, 0.006174080539494753, -0.01172336284071207, -0.03200578689575195, -0.0020205164328217506, 0.018824562430381775, -0.0038730765227228403, -0.029237864539027214, -0.013275280594825745, -0.17005258798599243, 0.0339675210416317, 0.03732664883136749, -0.03232826292514801, -0.005660133436322212, 0.01353057473897934, 0.03313445672392845, -0.00917714275419712, -0.031226469203829765, -0.0005152065423317254, -0.0036547330673784018, -0.011877882294356823, -0.060679320245981216, -0.037568505853414536, -0.013429800979793072, 0.01795118860900402, 0.02503223530948162, -0.012536272406578064, 0.013611193746328354, 0.026859601959586143, 0.024494774639606476, -0.010749215260148048, 0.0094861825928092, -0.025919044390320778, -0.009580237790942192, 0.0073094661347568035, 0.021982144564390182, 0.0038361260667443275, -0.0260399729013443, -0.02112220786511898, -0.014833916909992695, -0.004182116594165564, 0.010231909342110157, -0.01412178110331297, 0.005468663293868303, 0.0012949445517733693, 0.012690791860222816, -0.011273238807916641, -0.006016201339662075, -0.011803981848061085, 0.017695894464850426, 0.022842081263661385, -0.008592654019594193, 0.005461944732815027, 0.002631878014653921, -0.008008165284991264, -0.00888825673609972, -0.02337954193353653, 0.010715623386204243, -0.019953230395913124, 0.009895996190607548, -0.022680843248963356, -0.01276469323784113, 0.002962752478197217, 0.038750920444726944, 0.014390511438250542, -0.004276172257959843, -0.009042777121067047, -0.022680843248963356, -0.007128073368221521, -0.02542189322412014, -0.014202400110661983, -0.01503546442836523, 0.0008758930489420891, -0.008276895619928837, 0.0026251599192619324, -0.02077285759150982, -0.0020457098726183176, -0.025220345705747604, 0.018582705408334732, -0.00781333539634943, 0.010312528349459171, 0.0013814420672133565, 0.01800493523478508, 0.006993708200752735, 0.012442216277122498, -0.022465858608484268, -0.004336636513471603, -0.00012040380534017459, -0.0016207800945267081, -0.020423509180545807, 0.012448934838175774, -0.040175192058086395, 0.029802199453115463, -0.00851875264197588, 0.012113021686673164, 0.0008376829791814089, -0.005246960557997227, 0.0001928350393427536, 0.013322308659553528, 0.005223446525633335, -0.05221431329846382, -0.02281520888209343, -0.011374013498425484, -0.0018911900697275996, 0.0006294168997555971, 0.0049681528471410275, 0.019173912703990936, 0.00048665390932001173, -0.0019516543252393603, 0.016459735110402107, -0.008834511041641235, -0.03471996635198593, 0.018193045631051064, 0.020302580669522285, -0.0006474722758866847, 0.024642575532197952, 0.0024252915754914284, 0.04256689175963402, 0.005179778207093477, -0.015814783051609993, 0.012590018101036549, -0.01205927599221468, 0.016634410247206688, 0.021605921909213066, 0.03074275515973568, 0.001544359838590026, -0.001111032092012465, 0.0010925569804385304, 0.003960413858294487, 0.04659784585237503, -0.02276146225631237, 0.0023329155519604683, 0.015022028237581253, -0.0005080683622509241, -0.004423973616212606, -0.06809628009796143, -0.00928463414311409, -0.013705248944461346, 0.018367720767855644, -0.030259041115641594, 0.004951357375830412, -0.012079430744051933, 0.032408881932497025, -0.010352837853133678, 0.012086148373782635, -0.04993010312318802, -0.021726850420236588, 0.01998010277748108, 0.0028384646866470575, -0.022183692082762718, 0.01293264888226986, -0.009452590718865395, 0.026120591908693314, -0.011279957368969917, 0.02219712920486927, -0.024320099502801895, -0.007423676550388336, 0.006577176041901112, -0.029936563223600388, -0.006375628057867289, 0.032193899154663086, -0.012455652467906475, -0.0003713937767315656, 0.029802199453115463, -0.01800493523478508, -0.023688582703471184, -0.0291572455316782, 0.013758995570242405, 0.0032449192367494106, -0.01613725908100605, -0.0004975710762664676, 0.007000426296144724, 0.02032945305109024, 0.023984186351299286, -0.029640959575772285, 0.00544850854203105, 0.0069130887277424335, 0.003004741622135043, -0.005949018523097038, 0.016043202951550484, -0.028001705184578896, -0.0379447303712368, 0.04229816049337387, 0.019550135359168053, -0.03364504128694534, -0.03627860173583031, 0.00945930927991867, -0.01463236939162016, -0.028351055458188057, 0.02360796369612217, 0.006560380104929209, -0.003604346187785268, 0.00407462427392602, 0.004195552784949541, 0.030500898137688637, -0.010312528349459171, -0.0007935944013297558, -0.0038999496027827263, -0.001763543114066124, 0.029372230172157288, 0.001236159703694284, -0.016056640073657036, -0.005687006749212742, 0.00020690140081569552, -0.003913386259227991, -0.008787482976913452, 0.00704745389521122, -0.03727290406823158, 0.023634836077690125, -0.007934263907372952, 0.017709331586956978, -0.010211754590272903, -9.851697541307658e-05, 0.01705094240605831, 0.013651503250002861, 0.013920233584940434, 0.006032996810972691, -0.011165747418999672, -0.011367294937372208, 0.02864665724337101, 0.008532189764082432, -0.01117918360978365, -0.004219066817313433, 0.015290758572518826, -0.04794149845838547, 0.0005181457381695509, -0.0063386778347194195, 0.016392553225159645, -0.024870995432138443, 0.011279957368969917, 0.04495859146118164, -0.013187943026423454, 0.007235565222799778, 0.004118293058127165, 0.019778555259108543, -0.03415562957525253, -0.018260229378938675, -0.0498226098716259, 0.020423509180545807, 0.0016258187824860215, -0.007947701029479504, -0.015331068076193333, 0.012193640694022179, -0.02270771749317646, -0.02667148970067501, 0.01277141086757183, -0.002895569894462824, -0.0037051199469715357, 0.01652691885828972, -0.003182775340974331, -0.008021601475775242, -0.001624978962354362, 0.017306236550211906, 0.007215410470962524, 0.00974147580564022, 0.017467474564909935, 0.008532189764082432, -0.0010245345765724778, -0.0025344633031636477, -0.006389064714312553, 0.0030836809892207384, -0.01811242662370205, -0.010937326587736607, 0.007766307797282934, -0.006993708200752735, -0.020060721784830093, -0.0011311869602650404, 0.02712833136320114, -0.03058151714503765, 0.0006441131117753685, 0.011904755607247353, 0.027276132255792618, 0.0014427462592720985, 0.0013503701193258166, 0.036439839750528336, 0.011884600855410099, 0.016688156872987747, -0.024414153769612312, -0.023030193522572517, 0.01851552352309227, -0.018649887293577194, -0.008585935458540916, 0.00441389624029398, -0.023540781810879707, -0.015008591115474701, 0.01574759930372238, 0.0008700145990587771, 0.04673221334815025, 0.01784369722008705, -0.008243304677307606, -0.0012420382117852569, -0.01619100570678711, -0.044877972453832626, 0.008471725508570671, 0.027155203744769096, 0.012280978262424469, 0.0181258637458086, 0.04162633419036865, -0.006261417642235756, -0.0002928741159848869, 0.00014528236351907253, -0.008491880260407925, -0.02440071851015091, 0.008021601475775242, 0.006741773337125778, 0.029372230172157288, -0.035472407937049866, -0.009358535520732403, 0.025798115879297256, 0.006604048889130354, 0.006550302729010582, -0.0232183039188385, 0.01738685555756092, -0.02926473878324032, -0.004185475409030914, 0.0026990605983883142, 0.019603880122303963, 0.002460562391206622, -0.002932520117610693, -0.006378987338393927, 0.013691812753677368, 0.009674293920397758, 0.02383638359606266, 0.003028255421668291, 0.004857301712036133, 0.023124249652028084, -0.008417978882789612, -0.011931628920137882, 0.02196870744228363, -0.005673570092767477, 0.03380628302693367, 0.016231315210461617, -0.034800585359334946, -0.021552175283432007, 0.00010990652663167566, 0.03200578689575195, 1.8252145309816115e-05, 0.007806617300957441, 0.006842547096312046, -0.01197193842381239, -0.022129947319626808, -0.03125334158539772, -0.004659113008528948, -0.03248950093984604, -0.028001705184578896, 0.0026301986072212458, 0.01839459501206875, -0.018784252926707268, 0.010238626971840858, -0.015102647244930267, -0.0023581089917570353, 0.018152736127376556, -0.0038495627231895924, -0.008679991587996483, 0.001005219528451562, -0.01895892806351185, 0.016728466376662254, -0.0002893050550483167, -0.0030971176456660032, 0.016352243721485138, -0.012025684118270874, 0.028915388509631157, 0.002368186367675662, -0.011649461463093758, -0.01534450426697731, 0.020248834043741226, 0.011219493113458157, -0.008424697443842888, -0.003684965195134282, -0.010493921115994453, -0.007296029478311539, 0.0007755390834063292, -0.03571426868438721, -0.008491880260407925, -0.004434050992131233, 0.010970917530357838, 0.07411583513021469, 0.005485458765178919, 6.6690536186797544e-06, 0.018609577789902687, -0.0009103241609409451, 0.01378586795181036, 0.01378586795181036, 0.000615980417933315, -0.004608726128935814, -0.0032130074687302113, 0.01744060218334198, -0.0006201793439686298, -0.009539928287267685, -0.0010791204404085875, -0.016285059973597527, 0.017292799428105354, 0.00578778050839901, 0.012946086004376411, 0.009674293920397758, -0.002381623024120927, 0.004561698064208031, -0.0036110645160079002, 0.025072544813156128, 0.01874394342303276, 0.0050051030702888966, 0.003721915651112795, 0.04025581106543541, 0.011743517592549324, -0.03316132724285126, -0.007081045303493738, -0.0007285112515091896, 0.006926525384187698, -0.0291572455316782, -0.014820479787886143, -0.0027981549501419067, 0.001961731817573309, 0.0054552266374230385, -0.001958372537046671, -0.005566077772527933, -0.003095438005402684, 0.01816617324948311, -0.019052984192967415, -0.02055787295103073, 0.0009707884746603668, -0.028377927839756012, -0.0007940143113955855, -0.001578790950588882, -0.03697729855775833, -0.04501233622431755]","[0.018396925181150436, 0.030813509598374367, 0.00391538068652153, 0.0026499214582145214, -0.022339124232530594, 0.030759872868657112, -0.0048104203306138515, -0.005061836447566748, -0.01605037786066532, -0.012852370738983154, 0.02634836547076702, -0.006644078996032476, 0.007991666905581951, -0.008212912827730179, -0.002240952104330063, 0.013723945245146751, 0.0045355395413935184, 0.032958924770355225, -0.0008326050010509789, -0.013382020406425, 0.00675470195710659, 0.00377794005908072, -0.007381564937531948, 0.017538759857416153, -0.014856992289423943, 0.007971554063260555, 0.032288480550050735, -0.01227579079568386, 0.019201455637812614, 0.021628454327583313, 0.01657332293689251, 0.000296251499094069, -0.009111304767429829, -0.05151675269007683, 0.003881858428940177, -0.003322039498016238, 0.012523854151368141, -0.023049792274832726, 0.021293234080076218, -0.008521316573023796, 0.019027139991521835, 0.003684078110381961, 9.396662062499672e-05, -0.0073480429127812386, -0.001863828394562006, 0.023411830887198448, -0.0034963544458150864, -0.02673722244799137, -0.003253319300711155, -0.0019275203812867403, 0.02704562619328499, 0.03483616188168526, -0.03054533153772354, -0.009513569995760918, -0.022137990221381187, -0.02390795759856701, 0.02810492366552353, 0.034970249980688095, 0.016479462385177612, 0.001493409276008606, 0.026951763778924942, 0.022942520678043365, -0.005326660815626383, 0.007334634196013212, -0.019724400714039803, -0.010633207857608795, 0.005266320891678333, 0.003798053367063403, -0.012865779921412468, 0.015353119000792503, 0.00937948189675808, 0.024766122922301292, -0.01791420765221119, 0.006124486681073904, 0.018919870257377625, 0.0072809988632798195, -0.004877464845776558, -0.0032885174732655287, -0.007810648065060377, -0.011565122753381729, 0.0023750404361635447, 0.0022359236609190702, -0.025208614766597748, 0.0029583247378468513, 0.01119637954980135, 0.010023105889558792, 0.0013869766844436526, 0.011585235595703125, 0.008534724824130535, -0.00783076137304306, 0.01773989200592041, 0.02225867100059986, 0.011377398855984211, 0.002894632751122117, 0.019804853945970535, 0.01756557822227478, -0.00203646719455719, 0.033388007432222366, -0.006158008705824614, 0.0008409855654463172, -0.030357608571648598, 0.00036769546568393707, -0.022526847198605537, -0.02126641571521759, -0.010928202420473099, 0.006898846942931414, 0.017257174476981163, 0.004026003647595644, 0.015245848335325718, -0.027568569406867027, 0.010479006916284561, 0.03376345336437225, 0.014052461832761765, 0.0017263878835365176, 0.0055210888385772705, 0.009459935128688812, -0.003117554821074009, -0.034997064620256424, -0.018289655447006226, 0.01605037786066532, 0.009265506640076637, 0.012208746746182442, 0.010586277581751347, -0.015674931928515434, 0.005631711799651384, -0.010834340937435627, 0.0020398194901645184, -0.007904510013759136, 0.00514899380505085, -0.01320770476013422, 0.03647203743457794, 0.01023094356060028, 0.03695475682616234, 0.0424523800611496, -0.014079279266297817, 0.012316017411649227, 0.004310941323637962, 0.03067941963672638, -0.024564990773797035, -0.024564990773797035, 0.015406754799187183, 0.021990492939949036, -0.002733726752921939, 0.008722448721528053, -0.03446071222424507, 0.013080321252346039, -0.0017515294020995498, 0.008487794548273087, 0.009104601107537746, 0.008098937571048737, 0.006647431291639805, 0.01116285752505064, 0.02591928280889988, 0.004823829513043165, -0.012852370738983154, 0.012704873457551003, -0.004686388652771711, -0.016171058639883995, 0.017471715807914734, -0.0006884600152261555, 0.024202952161431313, 0.021802769973874092, 0.005735630169510841, -0.005256264470517635, 0.0006130352849140763, 0.03164485841989517, 0.0015445305034518242, -0.012282495386898518, -0.017216946929693222, -0.030357608571648598, -0.027112670242786407, 0.013623379170894623, -0.026053370907902718, 0.015755385160446167, -0.023250924423336983, 0.015071533620357513, 0.01026446558535099, 0.0015017897821962833, -0.004833885934203863, -0.018289655447006226, -0.03121577389538288, 0.007240772247314453, 0.008722448721528053, 0.05985705181956291, -0.029150813817977905, -0.020502112805843353, -0.025879057124257088, -0.008943694643676281, 0.006349084433168173, -0.0016316879773512483, -0.0077972388826310635, 0.009922539815306664, -0.014280412346124649, -0.015674931928515434, -0.6337553262710571, -0.011042177677154541, 0.004793659318238497, -0.016694003716111183, 0.01289259735494852, -0.014856992289423943, -0.01692195236682892, 0.0194294061511755, -0.04955906420946121, 0.03904653340578079, -0.015514025464653969, -0.0008682222105562687, 0.0007253343355841935, -0.004193613771349192, -0.006158008705824614, -0.009935948997735977, 0.029284901916980743, -0.02299615740776062, -0.009171645157039165, -0.006741293240338564, 0.011122630909085274, 0.01780693605542183, -0.004297532606869936, 0.018048295751214027, 0.011236606165766716, -0.0035533420741558075, 0.004290828015655279, -0.01812874898314476, -0.00041022663936018944, 0.025879057124257088, -0.04486596956849098, 0.024886801838874817, -0.008105642162263393, 0.007120092865079641, 0.03904653340578079, 0.004522130358964205, -0.02578519470989704, 0.002592934062704444, -0.019590312615036964, 0.02119937166571617, -0.014226776547729969, -0.009138123132288456, -0.0043411110527813435, -0.0005250397953204811, -0.012443400919437408, -0.0036639648023992777, 0.034648437052965164, -0.012101476080715656, 0.019724400714039803, -0.008306775242090225, -0.0002129700587829575, -0.013904964551329613, 3.6743356758961454e-05, 0.007207250222563744, -0.008373819291591644, -0.00802518893033266, 0.04095058888196945, -0.01689513586461544, 0.004562356974929571, 0.003969016019254923, -0.0008380523649975657, 0.016694003716111183, -0.02306320145726204, -0.011256719008088112, -0.01088127214461565, 0.016492869704961777, 0.005604894366115332, -0.0047433762811124325, -0.002115244045853615, -0.01122990157455206, 0.0006071689422242343, -0.0048472946509718895, -0.02161504700779915, -0.004736671689897776, 0.012067954055964947, 0.02764902263879776, 0.007462018169462681, -0.023586144670844078, -0.0021001591812819242, 0.018638284876942635, 0.024739304557442665, -0.026428818702697754, -0.0301162488758564, -0.011223196983337402, 0.015353119000792503, -0.004287475720047951, -0.04009242355823517, -0.015540842898190022, -0.01320770476013422, 0.012108180671930313, 0.007160319481045008, 0.010002993047237396, -0.009868904948234558, -0.025154979899525642, 0.006007159128785133, 0.012054544873535633, -0.00131993240211159, 0.011377398855984211, 0.0030538628343492746, -0.01769966632127762, -0.010479006916284561, 0.012845666147768497, -0.019094184041023254, 0.027286984026432037, 0.041460126638412476, 0.016988996416330338, -0.029848072677850723, 0.011632166802883148, 0.031403496861457825, -0.02665676921606064, 0.01322781853377819, 0.0075156535021960735, -0.009580614045262337, 0.0032499670051038265, -0.025208614766597748, -0.023545918986201286, 0.0313766784965992, 0.013019981794059277, -0.00044291067752055824, 0.007998371496796608, -0.0067010666243731976, 0.02712607942521572, 0.01618446782231331, -0.01110922172665596, 0.004109808709472418, 0.01532630156725645, -0.0007710081408731639, 1.229579902428668e-05, -0.00018835226364899427, 0.0039220848120749, 0.023157062008976936, -0.03547978401184082, 0.023049792274832726, -0.006349084433168173, 0.010975133627653122, -0.001154836150817573, 0.022647526115179062, 0.002264417475089431, 0.015151986852288246, 0.009198462590575218, 0.023197289556264877, -0.0037142480723559856, -0.01544698141515255, -0.017337627708911896, 0.03236893564462662, -0.012349539436399937, -0.03403162956237793, -0.009654362685978413, -0.010432075709104538, 0.0006272821919992566, -0.03566750884056091, -0.015098351053893566, 0.0018051647348329425, -0.007971554063260555, -0.0053534782491624355, -0.0014330694684758782, 0.016586732119321823, -0.02455158159136772, -0.022687753662467003, -0.027917200699448586, -0.020180299878120422, 0.02721993997693062, -0.020166892558336258, -0.013066912069916725, -0.01780693605542183, -0.02853400632739067, -0.030491696670651436, 0.01717672124505043, -0.004542243666946888, -0.027072442695498466, -0.01731080934405327, -0.010358327068388462, -0.013449064455926418, -0.028909454122185707, 0.029740801081061363, 0.0239481832832098, -0.05167765915393829, 0.0016283356817439198, 0.004109808709472418, -0.019456222653388977, -0.0016241454286500812, -0.0016685621812939644, 0.01968417316675186, -0.014360865578055382, 0.032073941081762314, 0.030384426936507225, 0.025101343169808388, 0.008440863341093063, -0.008065415546298027, 0.0522676482796669, -0.0031695140060037374, 0.002185640623793006, -0.003432662459090352, -0.027447890490293503, -0.020086439326405525, -0.008916877210140228, 0.02898990735411644, 0.0007324577309191227, 0.015299484133720398, -0.0003494678239803761, 0.011819890700280666, 0.02349228411912918, 0.01387814711779356, -0.004900929983705282, 0.0013257988030090928, -0.02274138852953911, -0.005795970093458891, 0.007984963245689869, 0.014052461832761765, 0.02182958833873272, 0.003680726047605276, -0.014615632593631744, -0.01324122678488493, -0.02821219526231289, 0.007240772247314453, 0.01583583652973175, -0.004726615268737078, -0.0031125263776630163, -0.010076741687953472, 0.023505693301558495, 0.0015101702883839607, 0.007589402142912149, 0.03258347511291504, 0.013569743372499943, 0.002363307634368539, 0.03910017013549805, -0.014615632593631744, 0.01975121721625328, -0.013247931376099586, -0.019979167729616165, -0.00030609863460995257, 0.013019981794059277, 0.010378439910709858, 0.006375902332365513, 0.012637829408049583, 0.014535180293023586, 0.03617704287171364, -0.017485124990344048, 0.01752535067498684, -0.01566152274608612, 0.013931781984865665, 0.017820345237851143, 0.003586864098906517, -0.010727070271968842, 0.01756557822227478, 0.02024734579026699, 0.029150813817977905, 0.025798603892326355, -0.009828678332269192, 0.015017897821962833, -0.02920444868505001, 0.001939253183081746, -0.004666275344789028, -0.017820345237851143, 0.006959186866879463, -0.011880230158567429, 0.0072139548137784, 0.041352856904268265, -0.0009469991782680154, 0.03596250340342522, 0.0067111230455338955, -0.014468136243522167, 0.02909717708826065, -0.014682677574455738, 0.008186095394194126, 0.013214409351348877, -0.0042003183625638485, -0.015178804285824299, -0.005631711799651384, -0.015192213468253613, -0.0164660532027483, -0.030706238001585007, 0.007039639633148909, -0.027729475870728493, 0.028292646631598473, -0.02014007419347763, 0.0006813365616835654, -0.005873071029782295, 0.0017565577290952206, 0.0006679277285002172, -0.030920779332518578, -0.005718869157135487, 0.008253139443695545, -0.0028376453556120396, 0.011960683390498161, -0.021735725924372673, -0.005363535135984421, 0.03550660237669945, -0.012014318257570267, 0.027675841003656387, -0.001055107917636633, 0.006255222950130701, 0.0026096950750797987, -0.007294407580047846, -0.0051087671890854836, 0.017833754420280457, 0.031939852982759476, 0.003425958100706339, 0.008528021164238453, 0.022419577464461327, 0.016653776168823242, 0.03515797108411789, -0.0011942245764657855, -0.034192536026239395, 0.036203861236572266, -0.0063624936155974865, -0.004676332231611013, -0.00786428339779377, 0.006714475341141224, -0.014816765673458576, -0.014722904190421104, -0.009795156307518482, -0.005242855753749609, -0.007770421449095011, -0.017646029591560364, 0.012356244027614594, -0.015353119000792503, -0.007689968217164278, 0.02009984850883484, 0.013931781984865665, -0.006238461937755346, -0.031028050929307938, -0.02221844345331192, 0.021775951609015465, 0.018718738108873367, 0.013314975425601006, -0.005752391181886196, -0.0032801369670778513, -0.001055107917636633, 0.0015562631888315082, -0.01615764945745468, -0.01668059453368187, 0.019027139991521835, -0.0021873165387660265, -0.024953847751021385, 0.014240185730159283, 0.013120547868311405, 0.014025644399225712, 0.01689513586461544, 0.007274294272065163, 0.017994660884141922, -0.027944017201662064, -0.003313658991828561, -0.039341527968645096, -0.0012721634702757, 0.010043219663202763, 0.03247620537877083, 0.05307218059897423, 0.010485711507499218, 0.008031893521547318, 0.0021655273158103228, 0.004957917612046003, 0.013455769047141075, -0.0235593281686306, -0.009459935128688812, -0.002421971410512924, 0.03188621625304222, 0.009124713949859142, 0.007133501581847668, 0.06291426718235016, 0.014454727061092854, 0.0008807930280454457, -0.0072809988632798195, 0.0280781053006649, -0.0039287894032895565, -0.0043411110527813435, 0.016036970540881157, 0.02254025638103485, 0.0002654530690051615, 0.01579561084508896, -0.013154069893062115, -0.015701748430728912, 0.03143031522631645, 0.008983921259641647, -0.036311130970716476, -0.0067379409447312355, -0.03537251427769661, 0.0026264560874551535, 0.0550835058093071, 0.0015512348618358374, 0.017646029591560364, -0.014722904190421104, -0.016345372423529625, -0.0191880464553833, -0.018182383850216866, 0.002864463021978736, 0.005940115079283714, -0.008890059776604176, -0.004659571219235659, -0.013040094636380672, -0.02102505788207054, -0.0017364444211125374, -0.04524141922593117, 0.012000910006463528, -0.026080189272761345, -0.04757455736398697, -0.008005076088011265, 0.009480047971010208, 0.031188955530524254, 0.027890382334589958, 0.01932213455438614, 0.0037075437139719725, -0.021802769973874092, 0.003643851727247238, -0.03872472420334816, -0.02133346162736416, -0.014280412346124649, -0.01470949500799179, 0.007824056781828403, -0.006496581714600325, -0.015822429209947586, 0.014307229779660702, 0.0016509630950167775, 0.03824200481176376, 0.0053802961483597755, -0.0010727070039138198, -0.0144279096275568, -0.00876267533749342, 0.027836747467517853, 0.0029532965272665024, 0.005604894366115332, -0.012141702696681023, 0.00693907355889678, -0.01678786426782608, -0.005152346100658178, 0.012108180671930313, -0.0008967160247266293, -0.0016526392428204417, -0.017216946929693222, 0.023894548416137695, 0.01940258778631687, 0.0019710990600287914, -0.00558813288807869, -0.01382451131939888, 0.0016124127432703972, -0.007227363530546427, 0.03177894651889801, 0.005316603928804398, 0.005966932978481054, 0.023438647389411926, 0.025275658816099167, -0.002153794514015317, 0.004445029888302088, 0.0090107386931777, 0.008507907390594482, -0.008219617418944836, 0.03325391560792923, 0.00814586877822876, -0.04210374876856804, 0.007341338787227869, -0.015634704381227493, -0.005142289213836193, 0.013214409351348877, 0.006084260065108538, 0.021494366228580475, 0.028024470433592796, -0.024363858625292778, -0.027675841003656387, -0.025543835014104843, -0.011645575053989887, 0.013113843277096748, 0.0034226058050990105, -0.0016811330569908023, 0.01979144476354122, -0.024323631078004837, -0.014910627156496048, -0.01579561084508896, -0.010901384986937046, -0.030491696670651436, -0.018209202215075493, -0.029043542221188545, -0.007669854909181595, 0.023532509803771973, 0.022768206894397736, 0.01635878160595894, 0.013529516756534576, -0.013415542431175709, -0.016479462385177612, -0.03279801830649376, -0.032181210815906525, 0.027702659368515015, 0.0016015180153772235, 0.023157062008976936, 0.012745100073516369, 0.026562906801700592, -0.02712607942521572, 0.03046487830579281, -0.015581069514155388, -0.004455086309462786, 0.016694003716111183, -0.0013442359631881118, -0.01403905265033245, -0.01932213455438614, 0.0005480862455442548, 0.021413912996649742, 0.0068787336349487305, 0.02327774278819561, 0.016814682632684708, 2.952825070678955e-06, 0.012704873457551003, -0.021212780848145485, 0.005071892868727446, -0.038885630667209625, -0.059481602162122726, -0.011551713570952415, 0.018986914306879044, 0.013133956119418144, 0.009466639719903469, -0.027488118037581444, 0.0017666143830865622, 0.0051087671890854836, 0.005008200649172068, 0.013194296509027481, -0.016586732119321823, 0.023438647389411926, -0.004049468785524368, 0.0064764684066176414, -0.026107007637619972, 0.0010048247640952468, -0.013972008600831032, -0.009694589301943779, -0.0375983789563179, 0.00025770108914002776, -0.004984735511243343, -0.010371736250817776, 0.03413889929652214, 0.003727656789124012, -0.0016643719282001257, -0.029687166213989258, -0.0008916876977309585, -0.008507907390594482, -0.008574951440095901, -0.004693093243986368, -0.0018537718569859862, -0.027729475870728493, -0.040575142949819565, -0.002061608713120222, -0.021775951609015465, 0.0025024244096130133, 0.0365256741642952, 0.0010660026455298066, 0.024082273244857788, -0.010090149939060211, -0.02020711824297905, -0.0031209068838506937, -0.015889473259449005, 0.028239011764526367, -0.0058194356970489025, 0.025610879063606262, 0.025235433131456375, 0.009567205794155598, -0.029365355148911476, -0.013998826965689659, 0.016935361549258232, -0.014253593981266022, 0.04441006854176521, 0.01717672124505043, -0.003962311428040266, -0.02440408430993557, -0.006932368967682123, -0.007958144880831242, -0.01074047852307558, -0.010901384986937046, 0.0023163766600191593, -0.010425371117889881, -0.015849245712161064, 0.0030320733785629272, 0.02081051655113697, -0.03303937613964081, 0.014588815160095692, 0.008863241411745548, 0.005403761751949787, 0.006147952284663916, 0.002142061712220311, -0.03593568503856659, 0.016211284324526787, -0.012537263333797455, 0.01752535067498684, 0.019778035581111908, 0.00139535719063133, -0.00693907355889678, 0.009459935128688812, -0.015125168487429619, 0.02042165957391262, 0.007736899424344301, 0.011880230158567429, -0.014964262954890728, -0.00041504541877657175, 0.018463969230651855, 0.0032566713634878397, -0.010706956498324871, -0.01650627888739109, 0.005447340197861195, 0.026039963588118553, -0.015634704381227493, 0.015178804285824299, 0.010324805043637753, 0.003784644417464733, 0.0015755384229123592, 0.00999628845602274, -0.027595387771725655, -0.023639781400561333, -0.018182383850216866, -0.0028493779245764017, 0.015366528183221817, 0.013087025843560696, -0.007234068121761084, -0.00019390435772947967, -0.006288744974881411, 0.0027320506051182747, -0.03188621625304222, 0.011136040091514587, 0.0056250072084367275, -0.022526847198605537, -0.011122630909085274, 0.008916877210140228, -0.0074217915534973145, 0.014682677574455738, -0.015460389666259289, -0.005789265502244234, 0.03258347511291504, 0.029070360586047173, -0.014924036338925362, 0.0018051647348329425, 0.0033807032741606236, -0.019241681322455406, -0.018531013280153275, 0.011960683390498161, -0.002784010022878647, -0.01211488526314497, -0.012161815539002419, -0.00992924440652132, -0.02321069873869419, 0.006791576277464628, 0.018075112253427505, -0.0038181664422154427, -0.018463969230651855, -0.027032217010855675, 0.025610879063606262, 0.009339255280792713, 0.01363008376210928, -0.017646029591560364, -0.010841045528650284, 0.028829000890254974, -0.028346283361315727, -0.006080907769501209, -0.016600141301751137, -0.020864151418209076, -0.014226776547729969, -0.0034862977918237448, -0.003821518737822771, -0.0009285620180889964, -0.03958288952708244, -0.03164485841989517, -0.006892142351716757, 0.0020884263794869184, 0.004250601399689913, -0.000876602774951607, -0.02310342714190483, 0.003068947698920965, -0.0009847115725278854, 0.011840003542602062, -0.022795023396611214, 0.002851054072380066, -0.0006189016858115792, 0.01527266576886177, 0.03582841530442238, 0.004870760254561901, -0.028480371460318565, -0.02245980314910412, -0.021601637825369835, -0.053098998963832855, -0.03794701024889946, 0.009124713949859142, -0.011927161365747452, 0.016559913754463196, 0.005514384713023901, 0.012470219284296036, -0.019094184041023254, 0.0032700803130865097, -0.040011972188949585, -0.022580482065677643, -0.006235109642148018, -0.004354520235210657, 0.050873130559921265, 0.020059620961546898, -0.00619823532178998, 0.004052821081131697, 0.00968118105083704, 0.0011858440702781081, -0.042345110327005386, 0.023398421704769135, -0.02189663238823414, 0.0016719144769012928, 0.0077972388826310635, 0.005598189774900675, -0.022205034270882607, 0.00879619736224413, 0.014615632593631744, -0.029606712982058525, 0.041701484471559525, 0.016868317499756813, 0.005038370843976736, -0.0306526031345129, -0.023076608777046204, -0.016707411035895348, 0.014065871015191078, -0.007736899424344301, 0.03113532066345215, -0.014360865578055382, -0.017431488260626793, 0.017324218526482582, -0.0019778036512434483, -0.0007056400645524263, -0.008836423978209496, -0.007616219576448202, -0.02165527269244194, 0.019241681322455406, -0.006885438226163387, -0.017364444211125374, -0.012403175234794617, -0.025047708302736282, 0.021574819460511208, -0.009305733256042004, 0.012356244027614594, 0.030518515035510063, -0.0067379409447312355, 0.01324122678488493, -0.008983921259641647, 0.0380810983479023, -0.012134998105466366, -0.007562584243714809, 0.011471260339021683, -0.013690423220396042, -0.015245848335325718, 0.005011552944779396, 0.012517149560153484, -0.028721731156110764, 0.001555425114929676, 0.009976175613701344, -0.006543512921780348, -0.02853400632739067, -0.005309899803251028, 0.0037913487758487463, -0.042371928691864014, -0.01968417316675186, 0.02193685807287693, -0.0021655273158103228, -0.00013366935309022665, -0.0399315170943737, -0.012939528562128544, -0.01960371993482113, -0.009218575432896614, 0.005970284808427095, 0.001117123756557703, -0.023264333605766296, -0.01925509050488472, 0.026750631630420685, 0.011598644778132439, 0.0038315753918141127, 0.2058524787425995, 0.015500616282224655, 0.012047840282320976, 0.01841033436357975, 0.009225280024111271, -0.006372550036758184, 0.0283194649964571, -0.0018386868759989738, -0.01560788694769144, 0.019308725371956825, 0.0012269086437299848, 0.02366659790277481, 0.011290241032838821, -0.004864055663347244, 0.010029810480773449, 0.016171058639883995, -0.05749709531664848, -0.014226776547729969, -0.000654099858365953, 0.0018202497158199549, 0.043927352875471115, 0.005950171500444412, -0.0006951644318178296, -0.01066673081368208, 0.007321225479245186, 0.010123672895133495, 0.02299615740776062, 0.00752235809341073, 0.028721731156110764, 0.004240544978529215, -0.011431033723056316, -0.008105642162263393, 0.005826139822602272, 0.014173141680657864, -0.025436565279960632, -0.021427322179079056, 0.023720234632492065, 0.01255737617611885, 0.001098686596378684, 0.003110850229859352, -0.031081685796380043, -0.018960095942020416, 0.0045087216421961784, 0.0017129790503531694, -0.020019395276904106, 0.003377350978553295, -0.01914782077074051, 0.002517509274184704, 0.009111304767429829, 0.019348952919244766, -0.012738395482301712, 0.0203546155244112, 0.029606712982058525, 0.018852826207876205, 0.006463059689849615, -0.024672260507941246, 0.0164660532027483, -0.011223196983337402, 0.008132459595799446, 0.009359369054436684, -0.01904054917395115, 0.0023197289556264877, 0.012336130253970623, 0.0022241908591240644, -0.006017216015607119, -0.023250924423336983, -0.018182383850216866, -0.0368206687271595, 0.00693907355889678, -0.016345372423529625, -0.004166796337813139, -0.028024470433592796, 0.004676332231611013, 0.0074217915534973145, 0.0037812921218574047, -0.007643037475645542, 0.0056250072084367275, 0.023787278681993484, 0.011022064834833145, 0.025235433131456375, -0.02451135590672493, -0.02444431185722351, -0.00419696606695652, 0.011437738314270973, -0.02697858214378357, 0.002924802713096142, 0.012255677953362465, -0.013784284703433514, -0.008923581801354885, -0.0006737940711900592, 0.011699210852384567, 0.0074888356029987335, -0.015125168487429619, 0.004207022953778505, -0.006496581714600325, 0.0020632848609238863, -0.005976989399641752, 0.018048295751214027, 0.00011345133680151775, -0.00484059052541852, -0.043471451848745346, 0.03462161868810654, 0.017257174476981163, -0.0027370790485292673, 0.007582697551697493, 0.0008481089607812464, -0.010552755557000637, 0.008005076088011265, -0.014253593981266022, -0.015165395103394985, 0.017485124990344048, -0.024591809138655663, -0.01465585920959711, -0.00934595987200737, 0.002634836593642831, 0.012403175234794617, -0.0011799776693806052, -0.0007617895607836545, 0.004176852758973837, 0.007341338787227869, -0.0035030588041990995, -0.018960095942020416, -0.022312305867671967, 0.017015814781188965, -0.020797107368707657, -0.021628454327583313, -0.02426999621093273, 0.015219030901789665, -0.00188897002954036, -0.022473212331533432, 0.0017481772229075432, -0.010961724445223808, -0.005604894366115332, -0.02388113923370838, -0.004619344603270292, 0.02150777541100979, 0.004287475720047951, -0.02321069873869419, 0.016667185351252556, -0.017994660884141922, 0.009252098388969898, -0.018893051892518997, 0.03354891017079353, -0.008333592675626278, -0.008923581801354885, -0.0013425598153844476, -0.013281453400850296, 0.00014026901044417173, 0.008950399234890938, -0.020582566037774086, -0.012222155928611755, 0.006084260065108538, 0.03134986385703087, -0.03668658062815666, 0.009761633351445198, -0.0006708609289489686, 0.0221513994038105, -0.04003879055380821, 0.0051556979306042194, 0.000499898218549788, -0.030062614008784294, -0.011451147496700287, 0.02864127792418003, 0.005001496523618698, -0.029392171651124954, -0.018571240827441216, -0.16938044130802155, 0.023545918986201286, 0.04414189234375954, -0.04127240180969238, -0.007911214604973793, 0.011028769426047802, 0.03612340986728668, -0.00675470195710659, -0.024082273244857788, -0.007810648065060377, -0.005953523796051741, -0.013442359864711761, -0.05497623607516289, -0.03679385036230087, -0.01421336829662323, 0.005879775155335665, 0.022580482065677643, -0.021346868947148323, 0.011303650215268135, 0.02567792497575283, 0.025101343169808388, -0.014629041776061058, 0.008159277960658073, -0.01953667588531971, -0.0027085852343589067, 0.004371281247586012, 0.020341206341981888, -0.00047685179742984474, -0.02158822864294052, -0.029472624883055687, -0.02154800295829773, 0.0016694002551957965, 0.0022627413272857666, -0.015205621719360352, 0.0013660253025591373, 0.010727070271968842, 0.005474158097058535, -0.005266320891678333, -0.00851461198180914, -0.00558142876252532, 0.006697714328765869, 0.023076608777046204, 0.0005476672085933387, 0.0007534090545959771, -0.0045657092705369, 0.008273253217339516, -0.003122583031654358, -0.020327797159552574, 0.007770421449095011, -0.01769966632127762, 0.004076286684721708, -0.02077028900384903, -0.009171645157039165, -0.00020877979113720357, 0.040467873215675354, 0.005611598491668701, 0.002827588701620698, -0.005001496523618698, -0.02158822864294052, -0.005842900834977627, -0.02038143388926983, -0.014146323315799236, -0.0002822141395881772, 0.010056627914309502, -0.0075424714013934135, 0.009245393797755241, -0.014816765673458576, -0.005252912174910307, -0.03456798195838928, 0.01798125170171261, -0.007039639633148909, 0.028480371460318565, -0.0026197517290711403, 0.024873394519090652, 0.0021454140078276396, 0.01236294861882925, -0.015192213468253613, -0.01074047852307558, 0.0021806121803820133, -0.011679098010063171, -0.008957103826105595, 0.006161361001431942, -0.042345110327005386, 0.02585223875939846, -0.009057669900357723, 0.008983921259641647, 0.017297400161623955, -0.004294180311262608, -0.011705915443599224, 0.0005116309621371329, 0.004253953695297241, -0.04003879055380821, -0.025382930412888527, -0.014481544494628906, -0.0020213823299854994, -0.005832844413816929, -0.0004969650181010365, 0.018490787595510483, -0.001006500911898911, -0.013723945245146751, 0.019308725371956825, 0.003462832421064377, -0.040253330022096634, 0.019348952919244766, 0.011538304388523102, 0.00027509068604558706, 0.024390675127506256, 0.00681504188105464, 0.03875154256820679, -0.0010106911649927497, -0.011833298951387405, 0.013985417783260345, -0.010680139064788818, 0.016251511871814728, 0.015406754799187183, 0.0321543924510479, -0.002096806885674596, -0.004327702336013317, 0.0022929112892597914, 0.020730063319206238, 0.03872472420334816, -0.01728399097919464, 0.0004491960571613163, 0.013422246091067791, 0.01532630156725645, 0.004790307022631168, -0.08399295806884766, -0.009413003921508789, -0.006372550036758184, 0.00971470307558775, -0.041567396372556686, 0.009734815917909145, -0.002075017662718892, 0.03067941963672638, -0.022808432579040527, 0.01051252894103527, -0.038992900401353836, -0.02634836547076702, 0.01643923483788967, -0.0026096950750797987, -0.02200390212237835, 0.0069457776844501495, -0.010123672895133495, 0.014977671205997467, 0.001937577035278082, 0.022419577464461327, -0.01964394748210907, -0.005879775155335665, 0.004139978438615799, -0.01590288057923317, -0.007911214604973793, 0.026965172961354256, -0.014575406908988953, 0.0027806577272713184, 0.01403905265033245, -0.008105642162263393, -0.020890969783067703, -0.022942520678043365, 0.010814227163791656, 0.003573455149307847, -0.015259257517755032, 0.0024538172874599695, 0.00425730599090457, 0.024739304557442665, 0.03134986385703087, -0.023250924423336983, 0.0030588910449296236, 0.013784284703433514, 0.009077782742679119, 0.0037377134431153536, 0.016881726682186127, -0.0344875305891037, -0.03188621625304222, 0.046716392040252686, 0.017900798469781876, -0.028936272487044334, -0.030357608571648598, 0.006828450597822666, -0.011511486954987049, -0.04143330827355385, 0.03931471332907677, 0.002556059742346406, -0.0010333185782656074, 0.013442359864711761, -0.002110215835273266, 0.03558705374598503, 0.004139978438615799, -0.002395153511315584, 0.0013928429689258337, 0.0028041230980306864, 0.02701880782842636, 0.0013417218578979373, -0.017297400161623955, -0.008776084519922733, -0.00018845702288672328, -0.016734229400753975, -0.0012067953357473016, 0.007622924167662859, -0.04939815774559975, 0.009138123132288456, -0.01759239472448826, 0.03046487830579281, 0.0007249152986332774, -0.0019912123680114746, 0.015178804285824299, 0.008521316573023796, 0.00966106727719307, 0.002581201260909438, -0.016036970540881157, -0.00570546044036746, 0.024927029386162758, 0.008300070650875568, -0.0015051420778036118, 0.004103104118257761, 0.012021022848784924, -0.040789682418107986, -0.0023918014485388994, -0.011853412725031376, 0.00964765902608633, -0.02874854765832424, 0.018638284876942635, 0.04714547470211983, -0.004307589028030634, 0.011082404293119907, 0.0037310090847313404, 0.007073161657899618, -0.041460126638412476, -0.020180299878120422, -0.038215186446905136, 0.01875896379351616, 0.016251511871814728, -0.0024169429671019316, -0.008313478901982307, 0.009037556126713753, -0.01320770476013422, -0.025932691991329193, 0.00937948189675808, -0.005802674684673548, -0.006077555473893881, 0.017056042328476906, -0.01950985938310623, -0.020797107368707657, -0.005400409456342459, 0.024323631078004837, 0.015353119000792503, 0.005497623234987259, 0.016492869704961777, -0.013040094636380672, -0.0003260023659095168, -0.010807523503899574, -0.010820931755006313, 0.010163898579776287, -0.017833754420280457, -0.013321680016815662, 0.008507907390594482, 0.012724987231194973, -0.02148095704615116, -0.0003932560794055462, 0.03459480032324791, -0.02726016752421856, 0.006332323420792818, 0.003798053367063403, 0.02200390212237835, 0.0016585056437179446, 0.006359141319990158, 0.033173464238643646, 0.021185964345932007, 0.004022651351988316, -0.024310221895575523, -0.027112670242786407, 0.02014007419347763, -0.017485124990344048, -0.0060540903359651566, 0.0030907371547073126, -0.025128161534667015, -0.016908545047044754, 0.01706944964826107, 0.003630442777648568, 0.04518778249621391, 0.02158822864294052, -0.003838279750198126, -0.005021609831601381, -0.023747051134705544, -0.049424976110458374, 0.002829264849424362, 0.030062614008784294, 0.011437738314270973, 0.015219030901789665, 0.03649885579943657, -0.010023105889558792, 0.008306775242090225, -0.003412549151107669, -0.012443400919437408, -0.02295592986047268, 0.0043042367324233055, 0.008554838597774506, 0.03022352047264576, -0.04467824846506119, -0.0036069774068892, 0.022701162844896317, 0.010190716944634914, 0.009553796611726284, -0.02719312347471714, 0.008018485270440578, -0.028051288798451424, -0.0016073844162747264, -0.0012889244826510549, 0.01795443333685398, -0.0014573730295524001, -0.005222742445766926, 0.0008414045441895723, 0.01834329031407833, 0.01767284795641899, 0.01834329031407833, 0.0069725955836474895, 0.009339255280792713, 0.030143067240715027, -0.009976175613701344, -0.005916649475693703, 0.00934595987200737, -0.0091314185410738, 0.02038143388926983, 0.01650627888739109, -0.02031438983976841, -0.020233936607837677, 0.0025510312989354134, 0.028560824692249298, 0.005802674684673548, 0.011390808038413525, -0.0032918695360422134, -0.009935948997735977, -0.02221844345331192, -0.025168389081954956, -0.010398553684353828, -0.03566750884056091, -0.024028636515140533, 3.226501576136798e-05, 0.006885438226163387, -0.021413912996649742, 0.016559913754463196, -0.00034779173438437283, -0.003543285420164466, 0.02115914598107338, 0.006312210112810135, -0.0019677469972521067, -0.003573455149307847, -0.019483041018247604, 0.016023561358451843, -0.007314520888030529, 0.0029985513538122177, 0.016412416473031044, -0.011913752183318138, 0.023934775963425636, 0.016412416473031044, -0.010432075709104538, -0.008662109263241291, 0.023090017959475517, 0.02401522733271122, -0.006523399613797665, -0.008373819291591644, -0.010686843656003475, -0.002450464991852641, -0.002245980314910412, -0.046501848846673965, -0.01149807870388031, -0.0021940211299806833, -0.00302369287237525, 0.06817053258419037, -0.0032130926847457886, -0.0069994134828448296, 0.013918373733758926, 0.012738395482301712, 0.015741975978016853, 0.009493457153439522, 0.0075156535021960735, -0.010271169245243073, -0.00438133766874671, 0.028936272487044334, -0.004170148633420467, -0.0075156535021960735, -0.01901373267173767, -0.0061311908066272736, 0.024980664253234863, -0.008648700080811977, 0.009493457153439522, 0.023438647389411926, -0.006030624732375145, 0.0033186874352395535, -0.0032985741272568703, 0.012698168866336346, 0.017042633146047592, 0.017713073641061783, -0.0074888356029987335, 0.03971697762608528, 0.018960095942020416, -0.02853400632739067, -0.010318100452423096, -0.0008933637873269618, 0.012450105510652065, -0.02821219526231289, -0.0209848303347826, -0.011913752183318138, -0.0014422880485653877, 0.007817352190613747, -0.000993930036202073, 0.0002012373151956126, -0.00235827942378819, 0.01363008376210928, -0.018946686759591103, -0.023116836324334145, 0.0015395021764561534, -0.036552492529153824, -0.0073480429127812386, 0.004357872065156698, -0.04368599131703377, -0.03121577389538288]","[-0.03021353669464588, 0.01712639071047306, 0.0192267969250679, -0.005267845932394266, -0.011424325406551361, 0.018055416643619537, -0.02687443047761917, -0.014635523781180382, -0.012912113219499588, -0.026389719918370247, 0.03759188577532768, 0.020909814164042473, -0.005624645855277777, -0.017597634345293045, -0.025635728612542152, 0.008549731224775314, 0.011464717797935009, 0.011962891556322575, 0.01586076058447361, -0.01530873030424118, -0.016601288691163063, 0.014662452042102814, 0.010542424395680428, 0.0063517093658447266, -0.03201773390173912, 0.010852099396288395, 0.002384836319833994, -0.028543982654809952, -0.005237551871687174, -0.002916669938713312, 0.02116563357412815, -0.021381059661507607, -0.012629366479814053, -0.027062928304076195, 0.0074995276518166065, -0.0023091004695743322, -0.021784983575344086, -0.02142145112156868, 0.012420671992003918, -0.02362957037985325, 0.015039447695016861, -0.010165427811443806, 0.0025548210833221674, 0.00785632710903883, -0.01126275584101677, 0.011855177581310272, 0.018297770991921425, -0.03366035595536232, 1.2339939530647825e-05, 0.02420852892100811, 0.03699946403503418, 0.0005259430618025362, -0.010293337516486645, -0.03185616433620453, -0.015079840086400509, 0.012501456774771214, 0.007378350477665663, 0.024141209200024605, 0.03632625937461853, -0.015806904062628746, 0.013282377272844315, 0.008933458477258682, -0.016601288691163063, 0.01891712099313736, -0.020357783883810043, -0.010111571289598942, -0.022350477054715157, 0.007445671129971743, 0.005920856725424528, -0.010138499550521374, 0.021232953295111656, 0.01106079388409853, -0.013814210891723633, -0.002908254973590374, 0.04970961809158325, 0.024316241964697838, -0.00594778498634696, -0.0115522351115942, 0.015227945521473885, 0.0018664668314158916, 0.028894051909446716, -0.03215237334370613, -0.012521653436124325, 0.016358934342861176, 0.01355839241296053, -0.008132342249155045, 0.00807175412774086, 0.038076598197221756, -0.00820639543235302, -0.03446820750832558, 0.010596280917525291, 0.005728993099182844, 0.002563236281275749, 0.0192267969250679, 0.017853453755378723, -0.01093288417905569, -0.017489921301603317, 0.04373153671622276, -0.020411640405654907, -0.027089856564998627, 0.0007901769131422043, 0.023575713858008385, -0.006445958279073238, -0.01336316205561161, -0.010024054907262325, 0.02558187209069729, 0.010192356072366238, 0.006035302300006151, 0.029432617127895355, -0.022929435595870018, -0.010629940778017044, 0.039880793541669846, 0.01099347323179245, -0.02404695935547352, 0.013827675022184849, -0.004722548183053732, 0.020128894597291946, -0.018849799409508705, -0.04050014168024063, -0.004369114525616169, 0.000742631615139544, 0.03912679851055145, 0.0176649559289217, -0.02632240019738674, 0.03885751590132713, 0.023858461529016495, 0.02031739242374897, -0.02461245283484459, -0.001755387638695538, -0.022862115874886513, 0.05800352990627289, 0.025218339636921883, 0.026901358738541603, 0.004244571086019278, -0.02350839413702488, 0.030105823650956154, -0.019509542733430862, 0.04106563702225685, -0.03153302147984505, -0.04254669323563576, 0.0024757192004472017, 0.010683797299861908, -0.0010560937225818634, 0.007721686270087957, -0.0011208899086341262, 0.023158326745033264, -0.012117728590965271, 0.005479906219989061, -0.0019236895022913814, -0.017476458102464676, -0.0068465168587863445, 0.02490866556763649, 0.0012748860754072666, 0.004062805324792862, -0.002721439814195037, 0.015402980148792267, -0.00856319535523653, 0.009896145202219486, 0.02084249258041382, 0.0009551126277074218, 0.03729567676782608, 0.009169081225991249, 0.0027029267512261868, -0.018311234191060066, 0.00518706114962697, 0.027493780478835106, 0.008711300790309906, 0.011774392798542976, -0.026793643832206726, -0.029998110607266426, -0.027453387156128883, 0.018526660278439522, -0.025635728612542152, 0.015766510739922523, -0.025379909202456474, 0.015349122695624828, 0.010555888526141644, 0.013181395828723907, -0.0075264559127390385, 0.009640326723456383, -0.02018275111913681, 0.012487992644309998, 0.013841139152646065, 0.034010425209999084, -0.030671317130327225, 0.013282377272844315, 0.004722548183053732, -0.005082713905721903, -0.006721973419189453, 0.019011370837688446, 0.01863437332212925, 0.014622059650719166, -0.013114075176417828, -0.03115602768957615, -0.6372309923171997, -0.01932104490697384, -0.012481261044740677, -0.0400962196290493, 0.02516448311507702, 0.014433561824262142, 0.015806904062628746, 0.009505685418844223, -0.01231969054788351, 0.03839973732829094, -0.00918927788734436, 0.007661097217351198, 0.007149459794163704, -0.004614835139364004, 0.004093099385499954, -6.600585948035587e-06, 0.01684364303946495, -0.014218134805560112, -0.0076947580091655254, 0.011370468884706497, 0.008919994346797466, 0.020101966336369514, -0.02185230515897274, 0.0068397847935557365, 0.002236730884760618, -0.006967694032937288, 0.015429908409714699, -0.025568407028913498, -0.00538902310654521, 0.0420350544154644, -0.027332210913300514, 0.004534050356596708, 0.0045778085477650166, -0.012218710035085678, 0.04424317553639412, 0.010744386352598667, -0.019455686211586, 0.010495299473404884, 0.009768235497176647, 0.043462254106998444, -0.011363736353814602, -0.0007577788201160729, 0.009465293027460575, 0.0019236895022913814, -0.0010687164030969143, -0.01447395421564579, 0.027924632653594017, -0.03191002085804939, 0.009492221288383007, -0.006580600049346685, -0.007445671129971743, -0.008845942094922066, 0.020061573013663292, 0.014958662912249565, -0.0006875128019601107, -0.004153687972575426, 0.023454537615180016, -0.003204466076567769, 0.00903443992137909, 0.024868272244930267, 0.006445958279073238, 0.00030126021010801196, -0.012757275253534317, -0.002112187445163727, 0.002304051537066698, 0.011309879831969738, -0.01050203200429678, -0.005557325202971697, 0.005984811577945948, -0.010145232081413269, -0.007243709173053503, 0.006759000010788441, -0.009862484410405159, -0.009404703974723816, 0.016628216952085495, 0.028274700045585632, 0.03839973732829094, -0.03743031620979309, 0.025635728612542152, 0.027157176285982132, -0.005675136111676693, -0.012286030687391758, -0.048363201320171356, -0.018957514315843582, 0.021461844444274902, -0.005675136111676693, -0.029163334518671036, -0.019024834036827087, 0.0003849903296213597, -0.0007329543004743755, 0.041550345718860626, -0.002334345830604434, 0.011168506927788258, -0.001449078437872231, -0.003143877489492297, 0.028894051909446716, 0.030105823650956154, 0.001758753671310842, 0.012010015547275543, 0.007789006922394037, -0.015470300801098347, 0.005291408393532038, 0.0005166864721104503, 0.014312383718788624, 0.017489921301603317, 0.01753031462430954, 0.013746890239417553, 0.006129551213234663, 0.03551840782165527, -0.0141238858923316, -0.003961823880672455, -0.0029839908238500357, -0.031075242906808853, -0.003907967358827591, 0.0011360370554029942, -0.03670325502753258, 0.03508755564689636, -0.02365649864077568, 0.01963072083890438, -0.005328434519469738, -0.007358154281973839, 0.011861910112202168, -0.0028762775473296642, -0.009404703974723816, 0.005638109985738993, -0.00035574790672399104, 0.0009525881032459438, -0.019294116646051407, -0.024275850504636765, -0.00716292392462492, 0.009707647375762463, 0.015389516018331051, 0.015160624869167805, -0.0038709412328898907, 0.001175587996840477, -0.012851524166762829, -0.0050591519102454185, -0.010125035420060158, 0.024397026747465134, -0.0043051596730947495, -0.002337711863219738, -0.0030816057696938515, 0.010730922222137451, -0.0019489347469061613, 0.005836706142872572, -0.024598989635705948, 0.0015601576305925846, -0.005823242012411356, 0.007916916161775589, 0.007438939064741135, -0.002694511553272605, -0.012481261044740677, -0.005840071942657232, 0.009579737670719624, 0.0033205943182110786, -0.01238701120018959, -0.0080111650750041, -0.0025161118246614933, 0.004369114525616169, -0.003510775277391076, -0.011080989614129066, 0.051433026790618896, 0.014312383718788624, -0.01425852719694376, -0.023306431248784065, -0.019819218665361404, -0.005240917671471834, 0.024248922243714333, -0.012696687132120132, -0.027655350044369698, -0.013477607630193233, -0.010448175482451916, -0.00024740363005548716, -0.005277944263070822, 0.002100406214594841, 0.014756700955331326, -0.022067731246352196, 0.005661671981215477, 0.009202742017805576, -0.0074793314561247826, -0.01120216678828001, 0.03643397241830826, 0.0032869339920580387, -0.01419120654463768, 0.02283518761396408, 0.011861910112202168, 0.0006214543827809393, 0.018553588539361954, -0.00511974049732089, -0.024114280939102173, 0.02307754196226597, 0.01769188418984413, -0.004880751948803663, 0.0025228438898921013, 0.012117728590965271, 0.02185230515897274, -0.002936866134405136, 0.024100815877318382, 0.009492221288383007, 0.04006928950548172, 0.011242559179663658, 0.021206025034189224, 0.006183407735079527, -0.028005417436361313, 0.010313533246517181, -0.026241615414619446, 0.006055498495697975, -0.004510487895458937, 0.03589540719985962, -0.004396042786538601, -0.008112146519124508, -0.025110626593232155, -0.003934895619750023, 0.007937111891806126, 0.013881531544029713, 0.006863346789032221, 0.005550593137741089, 0.007728418335318565, -0.005792947486042976, -0.00483026122674346, 0.015766510739922523, -0.01724756695330143, 0.005527030676603317, -0.009095028974115849, 0.0009012561058625579, 0.018580516800284386, -0.0018731988966464996, 0.03091367334127426, -0.015928082168102264, -0.021502235904335976, -0.022081194445490837, 0.0009694183245301247, 0.006577233783900738, -0.0004060280625708401, 0.00692730164155364, 0.030375106260180473, 0.0219869464635849, -0.008960387669503689, 0.033444929867982864, 0.006610894110053778, -0.009283526800572872, 0.017220638692378998, 0.028624767437577248, -0.009478757157921791, -0.005415951367467642, 0.010522227734327316, 0.03328336030244827, -0.0033391073811799288, 0.007210048846900463, 0.002721439814195037, -0.019671112298965454, 0.019442223012447357, -0.02127334661781788, 0.020371248945593834, 0.036245472729206085, 0.00765436515212059, 0.01169360801577568, 0.011087722145020962, 0.006223800126463175, 0.014985591173171997, 0.014891342259943485, -0.020627066493034363, 0.00048218463780358434, 0.004867287818342447, -0.005160132888704538, -0.004167152103036642, -0.015497229062020779, -0.015955010429024696, 0.00018408008327241987, 0.0030630924738943577, -0.009862484410405159, -0.00588046433404088, 0.012225441634654999, -0.00018923432799056172, 0.020425105467438698, -0.003291982924565673, -0.005691966507583857, 0.025958867743611336, 0.042519763112068176, 0.0021744591649621725, -0.03126373887062073, -0.020680923014879227, -0.0024992816615849733, 0.006543573457747698, -0.01077804621309042, -0.010858830995857716, -0.04122720658779144, 0.0063719055615365505, 0.0015727801946923137, 0.012703418731689453, 0.0015155576402321458, 0.014554738998413086, 0.01727449521422386, 0.0033424734137952328, -0.005516932811588049, -0.014729772694408894, 0.03909987211227417, 0.02241779863834381, -0.017018677666783333, 0.012144656851887703, 0.010515496134757996, 0.016318541020154953, -0.008684372529387474, -0.013100611045956612, 0.015254873782396317, 0.0004607261507771909, -0.0028039077296853065, 0.005193793214857578, 0.00023793664877302945, -0.014096957631409168, 0.0022889042738825083, -0.003803620347753167, -0.02210812270641327, -0.01217831764370203, 0.008017897605895996, -0.000868437229655683, -0.021354131400585175, -0.009229670278728008, 0.0033424734137952328, 0.006176675669848919, -0.008320840075612068, -0.01064340490847826, -0.009519149549305439, 0.014029636979103088, -0.007135995663702488, 0.010798242874443531, 0.0008200504817068577, 0.012440868653357029, -4.375846401671879e-05, -0.0013825992355123162, -0.040123146027326584, -0.020627066493034363, 0.02978268451988697, -0.02070785127580166, -0.010865563526749611, -0.019819218665361404, 0.02795156091451645, -0.021502235904335976, 0.012730346992611885, -0.013417018577456474, 0.005170230753719807, -0.014271991327404976, 0.009700914844870567, -0.03689175099134445, -0.011383933015167713, 0.017839988693594933, 0.0082737160846591, -0.008253519423305988, 0.013262180611491203, -0.01739567331969738, 0.009620130062103271, -0.0024067156482487917, 0.012562045827507973, -0.013026558794081211, -0.007741882465779781, 0.01973843388259411, 0.02865169569849968, 0.009465293027460575, -0.003268420696258545, 0.03126373887062073, 0.012104264460504055, 0.00039803373510949314, 0.010677065700292587, -0.01432584784924984, -0.007930380292236805, 0.026335863396525383, -0.0006584807415492833, -0.0018462706357240677, 0.002250195015221834, -0.012844792567193508, -0.02462591789662838, 0.025945404544472694, 0.004658593330532312, -0.02476055920124054, 0.026537826284766197, 0.004025778733193874, -0.020101966336369514, -0.027372602373361588, -0.015901153907179832, 0.020357783883810043, -0.0018731988966464996, -0.026887893676757812, 0.0036319526843726635, -0.010528960265219212, -0.006223800126463175, -0.0068734451197087765, 0.00814580637961626, -0.003534337505698204, -0.00712926359847188, -0.012286030687391758, -0.01363244466483593, -0.00883920956403017, -0.00863724760711193, 0.0013161200331524014, 0.014999055303633213, -0.024289313703775406, -0.03333721682429314, 0.008744960650801659, 0.009963465854525566, -0.00538902310654521, 0.01217831764370203, 0.008516070432960987, -0.00952588114887476, 0.009438364766538143, -0.03732260316610336, -0.01615697145462036, 0.007412010803818703, -0.03713410720229149, -0.01093288417905569, 0.016466647386550903, -0.0022990023717284203, -0.007459135260432959, -0.039584580808877945, 0.020371248945593834, 0.011505110189318657, 0.015551085583865643, 0.0016964820679277182, -0.0260127242654562, 0.0007539920043200254, 0.012588974088430405, -0.003009235952049494, 0.005375558976083994, 0.0046047368086874485, -0.03147916495800018, 0.013585320673882961, 0.0013009727699682117, -0.0028426172211766243, -0.006341611500829458, -0.002339394763112068, 0.013127539306879044, 0.012528385035693645, 0.04031164571642876, -0.018432412296533585, -0.035706907510757446, 0.026376256719231606, -0.0015130330575630069, 0.006035302300006151, 0.00814580637961626, 0.0010813389671966434, 0.012777471914887428, -0.013403554446995258, 0.01835162751376629, -0.025837691500782967, -0.01587422378361225, 0.01467591617256403, -0.03713410720229149, 0.03349878638982773, 0.009128688834607601, 0.013201592490077019, 0.026887893676757812, -0.0048975818790495396, -0.03261015564203262, 0.011659948155283928, 0.0006530109676532447, 0.018055416643619537, 0.022310085594654083, -0.021529164165258408, -0.0075197238475084305, 0.0027988587971776724, -0.011087722145020962, -0.001205882290378213, -0.01753031462430954, -0.0075062597170472145, 0.016601288691163063, 0.009620130062103271, 0.009344114921987057, 0.00423783902078867, 0.019307581707835197, -0.006981158163398504, -0.028867123648524284, 0.0037329336628317833, -0.009620130062103271, 0.0010695578530430794, 0.023898854851722717, 0.015160624869167805, 0.010798242874443531, -0.011363736353814602, -0.004476827569305897, -0.009148885495960712, -0.00023604325542692095, -0.01510676834732294, -0.004948072601109743, 0.031209884211421013, 0.008866137824952602, 0.03600312024354935, 0.007721686270087957, 0.024302778765559196, -0.0028325191233307123, -0.0205732099711895, 0.013652641326189041, 0.0036656130105257034, -0.013962316326797009, -0.027520708739757538, 0.008320840075612068, 0.0027534172404557467, 0.014164278283715248, 0.014016172848641872, -0.009263330139219761, 0.02296982891857624, 0.017032140865921974, -0.004601371008902788, -0.0030597264412790537, 0.014554738998413086, -0.027184104546904564, 0.0007716636755503714, 0.016937892884016037, -0.008502606302499771, -0.0022165344562381506, -0.009620130062103271, 0.0009711013408377767, 0.025797298178076744, 0.00351414131000638, 0.027076391503214836, 0.002985673723742366, 0.013740157708525658, 0.009694183245301247, 0.0027450022753328085, -0.00016367349599022418, 0.00643586041405797, -0.006647920701652765, 0.010057714767754078, -0.0037262015976011753, -0.009822092019021511, 0.026470504701137543, 0.010831902734935284, -0.013329501263797283, -0.00479660090059042, 0.018445875495672226, -0.02962111495435238, 0.009202742017805576, 0.0027500512078404427, 0.009364311583340168, 0.0031287302263081074, 0.004399408586323261, -0.02754763700067997, -0.040850210934877396, -0.0006105147185735404, -0.0090546365827322, 0.003524239407852292, 0.027022534981369972, -0.018324699252843857, 0.008522802963852882, -0.009404703974723816, -0.03384885564446449, -0.026093509048223495, 0.0022030703257769346, 0.026524361222982407, 0.012050407938659191, -0.012286030687391758, 0.02878633700311184, 0.021461844444274902, -0.03619161620736122, -0.025137554854154587, -0.01126948744058609, -0.028193915262818336, -0.005069249775260687, 0.0034417714923620224, -0.010185624472796917, -0.00349731114692986, -0.023144861683249474, -0.010226016864180565, 0.005863634403795004, -0.024235457181930542, 0.009438364766538143, -0.014433561824262142, -0.04268133267760277, -0.010273140855133533, 0.013019826263189316, -0.016318541020154953, 0.023548785597085953, -0.015564549714326859, -0.013174664229154587, -0.0042916955426335335, 0.012595705687999725, -0.03479134663939476, 0.02268708124756813, -0.024423955008387566, 0.02033085562288761, 0.02003464475274086, 0.0003757337399292737, 0.00243196077644825, -0.007822667248547077, 0.003133779391646385, 0.02881326712667942, -0.005442879628390074, 0.005685234442353249, -0.03129066899418831, 0.002058330923318863, 0.022229300811886787, 0.019684577360749245, 0.015887688845396042, -0.023212183266878128, -0.0075264559127390385, 0.02520487643778324, -0.007674561347812414, 0.002953696297481656, 0.0033593038097023964, 0.003147243522107601, 0.015968473628163338, -0.007634168956428766, -0.02018275111913681, -0.016049258410930634, -0.024585524573922157, -0.012306226417422295, -0.0062406305223703384, 0.01392192393541336, 0.007418742869049311, -0.02073477953672409, -0.01670900173485279, 0.008179467171430588, -0.04704371467232704, -0.012696687132120132, 0.018338162451982498, -0.01809580810368061, -0.030240464955568314, 0.005722261033952236, 0.00349731114692986, 0.03390271216630936, -0.005570789333432913, -0.0003338686656206846, 0.027763063088059425, 0.036784037947654724, -0.027157176285982132, 0.001725093345157802, -0.0400962196290493, 0.016049258410930634, -0.007701490074396133, 0.00479660090059042, 0.011673412285745144, 0.0007337958086282015, 0.009795163758099079, -0.005375558976083994, -0.025258732959628105, -0.013443946838378906, 0.014433561824262142, 0.019388366490602493, 0.011579163372516632, 0.006523377262055874, 0.024248922243714333, 0.021879233419895172, 0.006738803815096617, -0.025083698332309723, -0.00538902310654521, 0.016897499561309814, -0.016614751890301704, 0.010333729907870293, 0.012124461121857166, -0.01919986866414547, -0.00863724760711193, -0.016453182324767113, -0.004530684091150761, 0.021246418356895447, -0.01487787812948227, -0.006472887005656958, -0.009182545356452465, -0.004793235100805759, -0.020977135747671127, -0.02004810981452465, -0.032744795083999634, 0.000865071197040379, -0.0013034973526373506, 0.012703418731689453, 0.013188128359615803, -0.018701694905757904, -0.025218339636921883, -0.00898731593042612, -0.02085595764219761, 0.044889453798532486, 0.00032377056777477264, -0.009532613679766655, 0.011659948155283928, -0.03032124973833561, -0.019859611988067627, -0.026389719918370247, 0.0036858092062175274, 0.02964804321527481, -0.0036386847496032715, 0.007937111891806126, -0.033444929867982864, 0.00020785270316991955, -0.04120027646422386, -0.01155896671116352, -0.003813718445599079, -0.00807848572731018, 0.03363342955708504, 0.015510693192481995, -0.004742744378745556, 0.03034817799925804, 0.01936143822968006, 0.01991346850991249, -0.040284715592861176, -0.005372193176299334, 0.036784037947654724, -0.00828044768422842, 0.0011528672184795141, 0.021327203139662743, -0.019011370837688446, 0.009761503897607327, 0.023158326745033264, 0.0015988670056685805, 0.009404703974723816, 0.035976190119981766, 0.005964615382254124, -0.020694388076663017, -0.029836541041731834, 0.005860268138349056, 0.0013817576691508293, -0.011363736353814602, 0.023885389789938927, -0.02379113994538784, -0.00574245722964406, 0.016453182324767113, -0.010562620125710964, -0.025810763239860535, 0.009573006071150303, 0.004981732927262783, -0.01063667330890894, -0.01738220825791359, -0.009095028974115849, -0.029567258432507515, 0.00179073098115623, -0.01894404925405979, 0.025487622246146202, 0.001797463046386838, -0.022754400968551636, 0.030967529863119125, -0.016345469281077385, 0.014514346607029438, -0.002034768695011735, 0.02461245283484459, -0.035276055335998535, -0.006344977300614119, 0.020815564319491386, -0.014271991327404976, -0.02408735267817974, 0.007647633086889982, 0.0004476827452890575, -0.0050793481059372425, 0.002679364522919059, 0.008118878118693829, -0.01106079388409853, -0.024814415723085403, 0.00351414131000638, 0.02296982891857624, -0.027305282652378082, -0.002963794395327568, 0.01106079388409853, -0.001194101176224649, -0.02657821774482727, -0.02100406400859356, -0.017301423475146294, -0.011094453744590282, -0.001194101176224649, 0.023750748485326767, -0.033444929867982864, -0.04133491963148117, 0.004093099385499954, 0.020425105467438698, -0.004385944455862045, 0.015914617106318474, 0.2255513221025467, -0.027372602373361588, 0.0011427691206336021, 0.04523951932787895, -0.0439738929271698, 0.018392018973827362, -0.01709946244955063, -0.011027133092284203, -0.004123393911868334, 0.015281802043318748, -0.005564057268202305, 0.013437215238809586, -0.010771314613521099, -0.001725093345157802, 0.007593776565045118, 0.01697828434407711, -0.030805960297584534, -0.04798620566725731, -0.03282558172941208, 0.005368826910853386, 0.016776321455836296, -0.006122819148004055, -0.014366240240633488, 0.0024067156482487917, 0.016453182324767113, -0.02099059894680977, 0.018001560121774673, 0.004853823687881231, 0.008792085573077202, 0.012642830610275269, -0.012481261044740677, 0.0018900290597230196, -0.012838060036301613, 0.00011223625187994912, -0.00039971675141714513, -0.022027337923645973, 0.023548785597085953, 0.007324493955820799, 0.005681868176907301, 0.015227945521473885, 0.006304584909230471, -0.006762365810573101, -0.03409121185541153, -0.025366446003317833, 0.015120232477784157, 0.0036285866517573595, -0.0016821763711050153, -0.023616107180714607, -0.01425852719694376, 0.0057121627032756805, -0.013033290393650532, -0.0006689996225759387, 0.045024093240499496, -0.002388202352449298, 0.015887688845396042, -0.014985591173171997, 0.012508189305663109, 0.013800746761262417, -0.009788432158529758, 0.044458601623773575, -0.021219490095973015, 0.00768802547827363, -0.015066375955939293, -0.0018546857172623277, -0.0075062597170472145, 0.035545337945222855, -0.015537621453404427, -0.0019405196653679013, -0.017624562606215477, -0.005934320855885744, 0.013336233794689178, 0.0033929641358554363, 0.009909609332680702, -0.007741882465779781, -0.006870078854262829, -0.01627814956009388, -0.011969623155891895, 0.023898854851722717, 0.029109477996826172, 0.03662246838212013, -0.03974615037441254, -0.020815564319491386, -0.0038911374285817146, -0.01363244466483593, -0.008091949857771397, -0.04583194479346275, -0.003554533701390028, 0.007916916161775589, -0.01440663356333971, -0.009808627888560295, -0.00650318106636405, -0.004059439059346914, 0.0005663355113938451, 0.007055210880935192, 0.00032945076236501336, 0.008758424781262875, -0.028355484828352928, 0.0047259144484996796, -0.011707072146236897, -0.003254956565797329, -0.015268337912857533, 0.012777471914887428, 0.02531258948147297, -0.0009298673830926418, -0.00018408008327241987, -0.007762078661471605, -0.004884117748588324, -0.005584253463894129, -0.018540125340223312, -0.015187553130090237, -0.02519141137599945, -0.0030227000825107098, -0.002356224926188588, -0.010454907082021236, -0.007236977107822895, -0.0010030786506831646, 0.0021677270997315645, -0.01008464302867651, 0.010266409255564213, -0.0037564958911389112, -0.013908459804952145, -0.019024834036827087, -0.010158696211874485, 0.016803249716758728, -0.0013034973526373506, 0.0248952005058527, -0.046128153800964355, 0.00010844946518773213, -0.011922499164938927, -0.013504535891115665, -0.0176649559289217, -0.021219490095973015, 0.009727843105793, -0.008455482311546803, -0.02392578311264515, 0.010879027657210827, -0.002304051537066698, -0.01960379257798195, 0.008394893258810043, 0.005829974077641964, 0.014487418346107006, -0.015227945521473885, -0.00019344186875969172, -0.009108493104577065, -0.01195615902543068, -0.02100406400859356, 0.024720165878534317, 0.0029839908238500357, 0.030159680172801018, -0.0327986516058445, -0.03799581155180931, -0.020761707797646523, 0.02282172255218029, -0.011289684101939201, 0.016480110585689545, -0.025797298178076744, 0.008058289997279644, -0.02113870531320572, -0.0104347113519907, 0.010165427811443806, -0.035626120865345, -0.01629161275923252, 0.013814210891723633, -0.0028443001210689545, -0.0369725376367569, -0.041954271495342255, -0.17212560772895813, 0.01474323682487011, 0.0027130248490720987, -0.022902507334947586, 0.020519353449344635, 0.018001560121774673, 0.033444929867982864, 4.6756340452702716e-05, 0.0024605721700936556, 0.006132917013019323, -0.005496736615896225, 0.0021862401627004147, -0.04036550223827362, -0.008744960650801659, -0.010380853898823261, -0.003537703538313508, -0.03460284695029259, 0.011296415701508522, 0.021219490095973015, 0.008751693181693554, 0.028193915262818336, 0.0009576371521688998, 0.018418947234749794, -0.02558187209069729, -0.004564344417303801, 0.004544148221611977, -0.018405484035611153, -0.002930134069174528, -0.0010148597648367286, -0.000870120245963335, -0.00768802547827363, 0.007580312434583902, -0.015645334497094154, -0.009707647375762463, 0.020007716491818428, -0.01727449521422386, 0.007842862978577614, -0.0353299118578434, -0.006092524621635675, 0.00173182541038841, -0.002341077895835042, 0.040150076150894165, -0.01653396710753441, -0.020223142579197884, 0.004887484014034271, 0.03643397241830826, 0.004396042786538601, -0.0005347789265215397, -0.001172221964225173, 0.019428757950663567, 0.013935388065874577, -0.025137554854154587, -0.00033029227051883936, 0.00903443992137909, 0.0063786376267671585, -0.015416444279253483, -6.032567398506217e-05, 0.012299494817852974, -0.03409121185541153, -0.018674766644835472, -0.02130027487874031, -0.04440474510192871, 0.010091375559568405, 0.015578013844788074, -0.0047393785789608955, -0.006782562006264925, -0.0228082574903965, -0.015793439000844955, -0.016910964623093605, 0.019940396770834923, -0.028840195387601852, -0.025151019915938377, -0.002931817201897502, -0.012487992644309998, -0.002632240066304803, 0.011027133092284203, -0.005675136111676693, 0.030240464955568314, -0.003578095929697156, 0.024437420070171356, -0.021232953295111656, 0.00952588114887476, -0.015685725957155228, 0.0137872826308012, -0.01481055747717619, 0.012952505610883236, 0.00298903975635767, 0.026053117588162422, 0.012407207861542702, 0.0032566396985203028, 0.018338162451982498, -0.010784778743982315, -0.018876729533076286, -0.009626862592995167, -0.004783136770129204, 0.008199662901461124, 0.006940765772014856, 0.01697828434407711, 0.020250070840120316, -0.006486351136118174, 0.015066375955939293, -0.03102138638496399, -0.01615697145462036, -0.01432584784924984, 0.04163112863898277, 0.014891342259943485, 0.01666860841214657, -0.001454968936741352, 0.044593241065740585, 0.02255243994295597, -0.03740338981151581, 0.00017250933160539716, 0.011188702657818794, 0.018405484035611153, 0.009236401878297329, 0.030644388869404793, 0.013746890239417553, -0.0030900207348167896, -0.0036757111083716154, -0.0028342020232230425, 0.057841960340738297, -0.01112811453640461, -0.044997166842222214, 0.024275850504636765, 0.0030142851173877716, -0.00876515731215477, -0.07265251874923706, -0.002421862678602338, 0.0033037641551345587, 0.03783424198627472, 0.01653396710753441, 0.02461245283484459, -0.025945404544472694, 0.02865169569849968, 0.015604942105710506, -0.006738803815096617, -0.028894051909446716, -0.005904026795178652, 0.009734575636684895, 0.003810352412983775, 0.021475307643413544, 0.03255629912018776, -0.004231106955558062, 0.0007131788297556341, -0.02237740531563759, 0.018540125340223312, -0.001140244654379785, -0.03018660843372345, -0.006557037588208914, -0.024733630940318108, 0.006482984870672226, 0.010939616709947586, -0.008334304206073284, 0.0013682935386896133, 0.014999055303633213, -0.004059439059346914, 0.0046249330043792725, -0.021219490095973015, 0.0037362996954470873, -0.008260251954197884, 0.0003803620347753167, 0.008953655138611794, -0.023468000814318657, 0.00288974167779088, 0.0049312422052025795, -0.02362957037985325, 0.01106752548366785, -0.003265054663643241, -0.0054327817633748055, -0.015645334497094154, -0.014500882476568222, -0.0219869464635849, -0.0033424734137952328, 0.022175444290041924, -0.012629366479814053, -0.005648207850754261, -0.03395656868815422, 0.016210827976465225, -0.000894523982424289, -0.015402980148792267, 0.035141412168741226, -0.014137350022792816, 0.0033845489379018545, 0.004756208509206772, -0.019698040559887886, 0.008751693181693554, -0.011545502580702305, -0.026214687153697014, -0.00903443992137909, 0.019240260124206543, 0.0093912398442626, 0.016520503908395767, -0.023212183266878128, -0.0105087636038661, 0.0003235601761844009, -0.01139739714562893, -0.016520503908395767, 0.02516448311507702, -0.02155609242618084, 0.02084249258041382, -0.009337383322417736, -0.0013607199070975184, -0.022323548793792725, -0.002596896607428789, 0.0049447063356637955, 0.03032124973833561, -0.021111777052283287, -0.006809490267187357, -0.002962111495435238, 0.00292340200394392, 0.01891712099313736, -0.0033071301877498627, 0.0028762775473296642, 0.013659372925758362, 0.0027635153383016586, -0.05148688331246376, 0.00359829212538898, 0.02130027487874031, -0.0018513196846470237, -0.004520586226135492, -0.030994458124041557, -0.005032223649322987, 0.02376421168446541, -0.008583391085267067, -0.020546281710267067, -0.010091375559568405, -0.02516448311507702, -0.016857106238603592, -0.040553998202085495, 0.0008448750013485551, -0.017462993040680885, -0.02103099226951599, -0.005032223649322987, 0.004234473221004009, -0.02975575625896454, -0.008401624858379364, 0.006062230560928583, 0.008354500867426395, -0.030563604086637497, -0.0017225687624886632, -0.028328556567430496, -0.004093099385499954, -0.021784983575344086, -0.02073477953672409, 0.009000780060887337, -0.006934033706784248, 0.00877188891172409, 0.011505110189318657, -0.010091375559568405, -0.020546281710267067, 0.009270062670111656, -0.009270062670111656, 0.00026402343064546585, 0.03441435098648071, -0.006782562006264925, 0.014689380303025246, -0.025554943829774857, -0.012124461121857166, -5.8011522924061865e-05, -0.02228315733373165, -0.0129323098808527, -0.0019455687142908573, 0.007008086424320936, -0.0023999835830181837, 0.007398546673357487, 0.031667664647102356, 0.0031169492285698652, 0.016587823629379272, -0.03228701651096344, 0.0005339374183677137, 0.0021811912301927805, -0.014447025954723358, -0.008886334486305714, 0.01642625406384468, -0.01015196368098259, -0.00045567710185423493, 0.0036016583908349276, 0.0027971756644546986, 0.0152414096519351, 0.021650342270731926, -0.013713229447603226, -0.013773818500339985, -0.001753704622387886, -0.05848823860287666, 0.00048386765411123633, -0.005580887198448181, 0.010959812439978123, -0.014016172848641872, 0.0423312671482563, -0.015470300801098347, 0.006042034365236759, 0.006809490267187357, 0.014043101109564304, -0.01405656524002552, -0.015672262758016586, 0.01573958247900009, 0.010831902734935284, -0.022040802985429764, -0.01517408899962902, -0.004355650395154953, -0.005803045816719532, 0.03856130689382553, 0.02851705439388752, -0.004836993291974068, -0.017880382016301155, 0.0009820408886298537, -0.00528804212808609, 0.016170436516404152, 0.009310455061495304, 0.013618980534374714, -0.027870776131749153, -0.0038642091676592827, 0.019132547080516815, 0.0025228438898921013, 0.0022064363583922386, 0.0012790935579687357, -0.007667829282581806, 0.02113870531320572, -0.029324904084205627, 0.0006816222448833287, -0.0036083904560655355, 0.021179096773266792, 0.01782652549445629, -0.007102335337549448, -0.020371248945593834, 0.0051062763668596745, 0.02393924631178379, 0.00813907478004694, 0.008031361736357212, 0.012333154678344727, -0.005675136111676693, -0.0034468206577003, -0.02978268451988697, 0.03613775968551636, -0.02727835439145565, -0.020640531554818153, 0.02546069398522377, 0.026362791657447815, -0.015631869435310364, -0.027022534981369972, 0.0015584746142849326, 0.019563399255275726, -0.010380853898823261, -0.00420754449442029, -0.004439800977706909, 0.007324493955820799, -0.028436269611120224, 0.038588233292102814, 0.010178891941905022, -0.004635031335055828, 0.04133491963148117, -0.010596280917525291, 0.04270826280117035, -0.0006286071729846299, 0.0030664585065096617, -0.027318745851516724, 0.0199000034481287, -0.002344443928450346, 0.0027567832730710506, 0.005459710024297237, -0.015039447695016861, -0.015322194434702396, -0.009552809409797192, -0.019428757950663567, -0.011969623155891895, 0.024827880784869194, 0.024033496156334877, 0.06419703364372253, 0.03414506837725639, 0.007048478815704584, 0.02507023513317108, -0.002102089347317815, 0.015510693192481995, -0.001471799099817872, -0.0024100816808640957, -0.009364311583340168, 0.010125035420060158, 0.026632074266672134, 0.007331226021051407, 0.008946923539042473, -0.010616476647555828, -0.010475103743374348, -0.020115429535508156, 0.006863346789032221, 0.03293329477310181, 0.0007565165287815034, 0.0006370222545228899, 0.023750748485326767, 0.0258646197617054, 0.009936537593603134, 0.005049053579568863, -0.020101966336369514, 0.00403924286365509, 0.05186387896537781, -0.0015870858915150166, -0.023602642118930817, -0.013437215238809586, -0.01586076058447361, -0.003312179120257497, -0.035276055335998535, -0.035545337945222855, 0.01133007649332285, -0.01037412229925394, -0.014339311979711056, -0.009970198385417461, -0.004894216079264879, 0.016722464933991432, 0.007257173303514719, 0.024154672399163246, -0.03185616433620453, -0.0033727679401636124, 0.015295266173779964, 0.01244760025292635, -0.003578095929697156, 0.007957308553159237, -0.05240244418382645]"
19101,"MongoDB. Find index of element in array and count number of elements from this index<p>I have data like:</p>
<pre><code>{
&quot;_id&quot; : ObjectId(&quot;4c02c58de500fe1be1000005&quot;),
created_at: 2021-11-13T16:11:34.751+00:00,
&quot;text&quot; : &quot;some text&quot;,
&quot;events&quot; : [
    {&quot;id&quot;:&quot;1&quot;, &quot;status_id:&quot;8&quot;},
    {&quot;id&quot;:&quot;2&quot;, &quot;status_id:&quot;7&quot;},
    {&quot;id&quot;:&quot;3&quot;, &quot;status_id:&quot;7&quot;},
    {&quot;id&quot;:&quot;4&quot;, &quot;status_id:&quot;7&quot;},
    {&quot;id&quot;:&quot;5&quot;, &quot;status_id:&quot;7&quot;},
    {&quot;id&quot;:&quot;6&quot;, &quot;status_id:&quot;10&quot;},
]
}
</code></pre>
<p>I need get index of first element in array events which have status_id 7 and count of elements from this index in new field and If element with status_id 7 is last in array, new field should be 0, if penultimate then new field should be 1:</p>
<p>For example in this case:</p>
<pre><code>  {
    &quot;_id&quot; : ObjectId(&quot;4c02c58de500fe1be1000005&quot;),
    created_at: 2021-11-13T16:11:34.751+00:00,
    &quot;text&quot; : &quot;some text&quot;,
    &quot;events&quot; : [
        {&quot;id&quot;:&quot;1&quot;, &quot;status_id:&quot;1&quot;},
        {&quot;id&quot;:&quot;2&quot;, &quot;status_id:&quot;1&quot;},
        {&quot;id&quot;:&quot;3&quot;, &quot;status_id:&quot;1&quot;},
        {&quot;id&quot;:&quot;4&quot;, &quot;status_id:&quot;1&quot;},
        {&quot;id&quot;:&quot;5&quot;, &quot;status_id:&quot;7&quot;},
        {&quot;id&quot;:&quot;6&quot;, &quot;status_id:&quot;7&quot;},
    ]
    }
</code></pre>
<p>expected output should be:</p>
<pre><code>{
        &quot;_id&quot; : ObjectId(&quot;4c02c58de500fe1be1000005&quot;),
        created_at: 2021-11-13T16:11:34.751+00:00,
        &quot;text&quot; : &quot;some text&quot;,
        &quot;events&quot; : [
            {&quot;id&quot;:&quot;1&quot;, &quot;status_id:&quot;1&quot;},
            {&quot;id&quot;:&quot;2&quot;, &quot;status_id:&quot;1&quot;},
            {&quot;id&quot;:&quot;3&quot;, &quot;status_id:&quot;1&quot;},
            {&quot;id&quot;:&quot;4&quot;, &quot;status_id:&quot;1&quot;},
            {&quot;id&quot;:&quot;5&quot;, &quot;status_id:&quot;7&quot;},
            {&quot;id&quot;:&quot;6&quot;, &quot;status_id:&quot;7&quot;},
        ],
        &quot;new_field&quot;:2
}
</code></pre>
<p>I have some aggregation pipeline:</p>
<pre><code>[
{'$unwind': {'path': '$events'}}, 
{'$match': {'events.created_at': {'$gt': 'created_at'}}},
{'$group': {'_id': '$id', 'events': {'$push': '$events'}, 'data': {'$first': '$$ROOT'}}}, 
]
</code></pre>
<p>but i don't now how i can get index according to my condition</p>
<p>Will be grateful for the help</p>
",Looks the same as the last plot above. I can't figure out why the log transformation makes setting the breakpoint values so difficult,"Embed Field: MongoDB. Find index of element in array and count number of elements from this index<p>I have data like:</p>
<pre><code>{
&quot;_id&quot; : ObjectId(&quot;4c02c58de500fe1be1000005&quot;),
created_at: 2021-11-13T16:11:34.751+00:00,
&quot;text&quot; : &quot;some text&quot;,
&quot;events&quot; : [
    {&quot;id&quot;:&quot;1&quot;, &quot;status_id:&quot;8&quot;},
    {&quot;id&quot;:&quot;2&quot;, &quot;status_id:&quot;7&quot;},
    {&quot;id&quot;:&quot;3&quot;, &quot;status_id:&quot;7&quot;},
    {&quot;id&quot;:&quot;4&quot;, &quot;status_id:&quot;7&quot;},
    {&quot;id&quot;:&quot;5&quot;, &quot;status_id:&quot;7&quot;},
    {&quot;id&quot;:&quot;6&quot;, &quot;status_id:&quot;10&quot;},
]
}
</code></pre>
<p>I need get index of first element in array events which have status_id 7 and count of elements from this index in new field and If element with status_id 7 is last in array, new field should be 0, if penultimate then new field should be 1:</p>
<p>For example in this case:</p>
<pre><code>  {
    &quot;_id&quot; : ObjectId(&quot;4c02c58de500fe1be1000005&quot;),
    created_at: 2021-11-13T16:11:34.751+00:00,
    &quot;text&quot; : &quot;some text&quot;,
    &quot;events&quot; : [
        {&quot;id&quot;:&quot;1&quot;, &quot;status_id:&quot;1&quot;},
        {&quot;id&quot;:&quot;2&quot;, &quot;status_id:&quot;1&quot;},
        {&quot;id&quot;:&quot;3&quot;, &quot;status_id:&quot;1&quot;},
        {&quot;id&quot;:&quot;4&quot;, &quot;status_id:&quot;1&quot;},
        {&quot;id&quot;:&quot;5&quot;, &quot;status_id:&quot;7&quot;},
        {&quot;id&quot;:&quot;6&quot;, &quot;status_id:&quot;7&quot;},
    ]
    }
</code></pre>
<p>expected output should be:</p>
<pre><code>{
        &quot;_id&quot; : ObjectId(&quot;4c02c58de500fe1be1000005&quot;),
        created_at: 2021-11-13T16:11:34.751+00:00,
        &quot;text&quot; : &quot;some text&quot;,
        &quot;events&quot; : [
            {&quot;id&quot;:&quot;1&quot;, &quot;status_id:&quot;1&quot;},
            {&quot;id&quot;:&quot;2&quot;, &quot;status_id:&quot;1&quot;},
            {&quot;id&quot;:&quot;3&quot;, &quot;status_id:&quot;1&quot;},
            {&quot;id&quot;:&quot;4&quot;, &quot;status_id:&quot;1&quot;},
            {&quot;id&quot;:&quot;5&quot;, &quot;status_id:&quot;7&quot;},
            {&quot;id&quot;:&quot;6&quot;, &quot;status_id:&quot;7&quot;},
        ],
        &quot;new_field&quot;:2
}
</code></pre>
<p>I have some aggregation pipeline:</p>
<pre><code>[
{'$unwind': {'path': '$events'}}, 
{'$match': {'events.created_at': {'$gt': 'created_at'}}},
{'$group': {'_id': '$id', 'events': {'$push': '$events'}, 'data': {'$first': '$$ROOT'}}}, 
]
</code></pre>
<p>but i don't now how i can get index according to my condition</p>
<p>Will be grateful for the help</p>; Answer: Looks the same as the last plot above. I can't figure out why the log transformation makes setting the breakpoint values so difficult","[-0.015449283644557, 0.022568898275494576, 0.005044233053922653, 0.006011572200804949, -0.014703553169965744, 0.011699525639414787, -0.01606838032603264, -0.024904582649469376, -0.003827144857496023, 0.014049280434846878, 0.031630225479602814, 0.013535710982978344, 0.005156796425580978, -0.02943524718284607, -0.009504545480012894, 0.02269553206861019, 0.010651282034814358, -0.006901524029672146, -0.009785952977836132, -0.005846245214343071, -0.03396591171622276, 0.03132067993283272, 0.00835780892521143, 0.007358811795711517, -0.03213676065206528, -0.0024218650069087744, 0.025467397645115852, -0.0077246418222785, -0.00698594655841589, 0.006827654782682657, 0.01824929006397724, 0.01587139442563057, -0.021246282383799553, -0.025298552587628365, -0.027198055759072304, -0.0245668925344944, 0.010566859506070614, -0.024313626810908318, 0.03998803719878197, -0.03793375939130783, 0.03599204495549202, 0.0021386987064033747, -0.00351759628392756, -0.043927744030952454, -0.010834196582436562, 0.0390312485396862, -0.0065884580835700035, -0.022146787494421005, -0.012206059880554676, -0.004583428148180246, 0.01653270237147808, 0.027043281123042107, -0.05149761214852333, 0.011608067899942398, 0.01057389471679926, -0.020430199801921844, 0.04384332150220871, 0.02394779585301876, -0.0005496244411915541, 0.011382942087948322, 0.006898006424307823, -0.0018133209086954594, 0.002898499369621277, 0.012592995539307594, -0.0037356873508542776, -0.0012979931198060513, -0.008526653982698917, 0.014703553169965744, -0.002284678863361478, 0.0009981179609894753, 0.02010658010840416, 0.03489455580711365, -0.00636333180591464, -0.0071723791770637035, 0.017742756754159927, -0.010419120080769062, 0.0004018853942397982, -0.01971261017024517, 0.02860509417951107, 0.013444253243505955, 0.020711608231067657, 0.003556289942935109, -0.0031763894949108362, 0.041817184537649155, -0.0024869407061487436, 0.02688850648701191, 0.012979930266737938, 0.046263426542282104, -0.014717623591423035, -0.005149761214852333, -0.0027032727375626564, 0.0069155944511294365, 0.028717657551169395, 0.018291501328349113, 0.0057301647029817104, 0.025959860533475876, -0.024018147960305214, 0.025776946917176247, 0.013852294534444809, -0.01882617548108101, -0.015167875215411186, 0.01463320106267929, -0.007583937607705593, -0.009518615901470184, -0.004868353251367807, 0.002135181101039052, 0.014330687932670116, -0.012536713853478432, 0.004256291780620813, 0.01885431632399559, -0.02182316780090332, 0.0028598059434443712, 0.010032185353338718, -0.003440209198743105, -0.004147246014326811, -0.008470372296869755, 0.0044603124260902405, -0.03790561854839325, -0.060277532786130905, -0.014302547089755535, 0.014450285583734512, 0.015969887375831604, 0.0092301731929183, -0.033009123057127, 0.01909351348876953, 2.8882763217552565e-05, -0.0009488716023042798, -0.015998028218746185, 0.00698594655841589, -0.027634236961603165, 0.057688578963279724, 0.01585732400417328, 0.004731167107820511, 0.02880208007991314, -0.008203035220503807, 0.02396186627447605, 0.00816785916686058, -0.005965843331068754, -0.03393777087330818, -0.016842251643538475, 0.032333746552467346, 0.020064370706677437, 0.00756986765190959, -0.03413475677371025, -0.02797192707657814, 0.030560877174139023, -0.01817893795669079, -0.00763318408280611, -0.0024799054954200983, -0.025298552587628365, 0.022597039118409157, 0.0093075605109334, 0.0018397029489278793, 0.019571905955672264, -0.003503526095300913, -0.02436990849673748, 0.028661375865340233, -0.002666338114067912, 0.0031201080419123173, 0.003593224799260497, 0.017658334225416183, 0.010869372636079788, -0.012452291324734688, -0.0060150898061692715, 0.02120407111942768, 0.02411664091050625, 0.005019610282033682, -0.0322493240237236, -0.01588546484708786, -0.0277327299118042, 0.006989464163780212, 0.02587543986737728, -0.021527690812945366, 0.018108585849404335, 0.007879415526986122, -0.013746766373515129, 0.007970873266458511, 0.02269553206861019, -0.029407106339931488, -0.020387988537549973, -0.009209067560732365, 0.02521413005888462, 0.015378931537270546, 0.024932723492383957, -0.013577922247350216, -0.020373918116092682, 0.0035703603643924, -0.008421125821769238, -0.01280405092984438, 0.018995020538568497, -0.0004073816235177219, 0.002877393737435341, -0.01570254936814308, -0.004484935197979212, -0.5709199905395508, -0.017194010317325592, -0.017194010317325592, -0.0053713698871433735, -0.0010684699518606067, 0.026986999437212944, -0.01123520266264677, 0.0026417148765176535, -0.020261354744434357, 0.022090505808591843, -0.011882440187036991, 0.001983924303203821, -0.021963872015476227, 0.0005078529939055443, 0.0019610601011663675, -0.012571889907121658, 0.015533705241978168, -0.0322493240237236, -0.008927660062909126, -0.016997026279568672, -0.060052406042814255, 0.02224528044462204, 0.006521623581647873, 0.011579927057027817, -0.003311817068606615, -0.008779920637607574, 0.004291467368602753, -0.001920607639476657, 0.0071512735448777676, 0.02816891111433506, -0.011854300275444984, 0.01271259319037199, 0.007907556369900703, 0.024271415546536446, 0.040353864431381226, -0.002887946553528309, -0.006739714648574591, 0.002472870284691453, -0.007401022594422102, 0.0589267760515213, 0.0020947286393493414, -0.02477794885635376, 0.023652318865060806, -0.025481468066573143, 3.940807073377073e-05, 0.02545332722365856, 0.027479462325572968, -0.009567862376570702, 0.013838224112987518, -0.059377025812864304, 0.007130167912691832, 0.01144625898450613, 0.007309565320611, 0.015983957797288895, 0.014197018928825855, -0.0016743758460506797, -0.0007962958770804107, -0.0024042772129178047, 0.021752815693616867, -0.020275425165891647, -0.0030286505352705717, -0.005427651107311249, -0.023835232481360435, 0.004330161027610302, -0.03638601675629616, 0.0021228694822639227, -0.003174630692228675, -0.006549764424562454, 0.009265349246561527, -0.0036055361852049828, 0.0001349877566099167, 0.022160857915878296, 0.007386952638626099, 0.01909351348876953, 0.025748806074261665, -0.005670365411788225, 0.017250292003154755, -0.037567928433418274, -0.03205233812332153, 0.019206076860427856, 0.03323424980044365, -0.011270378716289997, -0.026213128119707108, -0.008400020189583302, 0.0001718126004561782, 0.015196016058325768, -0.044997092336416245, -0.01591360569000244, 0.023131713271141052, 0.023033220320940018, 0.012958825565874577, 0.02624126896262169, 0.020387988537549973, 0.0006775769870728254, -0.012684452347457409, 0.009722636081278324, -0.009173891507089138, 0.008139718323946, 0.045672472566366196, -0.011411082930862904, -0.02179502695798874, 0.008751779794692993, -0.017025167122483253, 0.00792866200208664, 0.06117803603410721, 0.016574913635849953, -0.005128655582666397, 0.0006934062112122774, 0.023567896336317062, -0.04021316021680832, -0.03396591171622276, -0.010728669352829456, -0.01120706181973219, -0.017025167122483253, 0.003988954238593578, -0.0351196825504303, 0.008097507059574127, 0.00603971304371953, 0.00010019653564086184, -0.008041225373744965, 0.0026047800201922655, 0.008231175132095814, 0.015758831053972244, -0.006584940478205681, 0.013268373906612396, 0.0005491847405210137, 0.004266844596713781, -0.010700528509914875, 0.011200026609003544, -0.006574387662112713, -0.017447277903556824, -0.030392032116651535, 0.01585732400417328, -0.006760820280760527, 0.009680424816906452, -0.0072110723704099655, 0.0001951166777871549, 0.0019188488367944956, -0.0008776403265073895, -0.007267354056239128, -0.016434209421277046, 0.00803419016301632, 0.029294542968273163, -0.04426543414592743, -0.0005443480331450701, -0.019768891856074333, -0.0529046505689621, -0.002154527697712183, -0.008512583561241627, -0.0005742476205341518, -0.02396186627447605, -0.0059412200935184956, -0.009673390537500381, 0.020289495587348938, 0.010672387667000294, -0.0015134458662942052, 0.01824929006397724, -0.034810133278369904, 0.005023127421736717, -0.03278400003910065, -0.016406070441007614, 0.00826635118573904, -0.0037145817186683416, -0.0023814127780497074, -0.00013278926780913025, -0.03351565822958946, -0.029969921335577965, 0.0038763913325965405, 0.00785127468407154, -0.026114635169506073, -0.01969853974878788, 0.0038236272521317005, -0.03005434386432171, -0.029604090377688408, -0.010355804115533829, 8.997351687867194e-05, -0.043927744030952454, -0.00825228076428175, -0.0010007561650127172, -0.0041402108035981655, -0.013078423216938972, 0.005188454873859882, 0.012142742983996868, 0.004622121807187796, 0.03683627024292946, 0.005782928317785263, -0.015449283644557, 0.01566033996641636, 0.003721616929396987, 0.04601015895605087, 0.014182948507368565, 0.010517613030970097, -0.02013472095131874, 0.0023040256928652525, -0.0022547792177647352, 0.02859102375805378, 0.018052304163575172, -0.0008130044443532825, 0.006169863976538181, 0.012051285244524479, 0.029238261282444, 0.014478426426649094, 0.009997009299695492, -0.010820126160979271, 0.007443233858793974, -0.026804083958268166, -0.001006911974400282, -0.01587139442563057, 0.027282478287816048, 0.004284432623535395, 0.01207942608743906, -0.02541111595928669, 0.0009101780597120523, -0.01334576029330492, -0.0034085509832948446, 0.0339096300303936, -0.010341733694076538, 0.009363841265439987, 0.008203035220503807, 0.012142742983996868, -0.014028174802660942, 0.005515591241419315, 0.019628187641501427, 0.015618127770721912, -0.018910598009824753, -0.01260706502944231, 0.011727666482329369, 0.02565031312406063, 0.0016462351195514202, 0.0031500074546784163, 0.02009250968694687, 0.016574913635849953, 0.02051462233066559, 0.006324638146907091, 0.033149827271699905, 0.0013964857207611203, 0.03669556602835655, -0.002056034980341792, 0.03115183301270008, -0.023173924535512924, -0.012621135450899601, 0.03751164674758911, 0.024946793913841248, -0.03877798095345497, 0.013486464507877827, 0.009870375506579876, 0.02396186627447605, 0.035710640251636505, 0.02179502695798874, 0.05101921781897545, 0.007218107581138611, 0.015927676111459732, 0.0006608684197999537, 0.007583937607705593, -0.006511070765554905, -0.014337723143398762, 0.01209349650889635, 0.021119648590683937, -0.013296514749526978, 0.015786971896886826, 0.0001818157616071403, -0.03326239064335823, -0.0006780166877433658, -0.004622121807187796, 0.020697537809610367, 0.0072532836347818375, -0.023187994956970215, -0.0025590513832867146, -0.009413087740540504, -0.02601614221930504, 0.007197002414613962, -0.025467397645115852, -0.006430166307836771, -0.010362839326262474, 0.007766852620989084, -0.02709956280887127, 0.02286437712609768, 0.01418998371809721, -0.003784933825954795, 0.01926235854625702, -0.02691664732992649, -0.0056985062547028065, 0.01069349329918623, 0.0001538948417874053, -0.001894225599244237, -0.007935697212815285, 0.01060203555971384, 0.030251329764723778, 0.007471374701708555, -0.020852310582995415, 0.013430182822048664, 0.022146787494421005, -0.0030849319882690907, -0.011178920976817608, -0.017208080738782883, 0.040804117918014526, 0.03072972223162651, 0.0028492531273514032, -0.004534181673079729, 0.01120706181973219, 0.011404047720134258, 0.020176932215690613, -0.0207960307598114, -0.01820707879960537, 0.04631970822811127, -0.012564854696393013, -0.01112264022231102, -0.025171920657157898, -0.03894682601094246, 0.012811086140573025, -0.0169548150151968, 0.004344231449067593, -0.0041015176102519035, -0.0032660881988704205, -0.004829660058021545, -0.003732169745489955, -0.004256291780620813, 0.013641239143908024, 0.03329053148627281, 0.013732695952057838, -0.010454296134412289, -0.034613147377967834, -0.028745798394083977, 0.017194010317325592, 0.0355699360370636, 0.013521640561521053, -0.005417098291218281, -0.023145783692598343, 0.0012979931198060513, 0.02414478175342083, -0.018361853435635567, -0.022118646651506424, 0.016884462907910347, -0.01739099621772766, -0.01885431632399559, -0.01144625898450613, 0.009581932798027992, -0.023778950795531273, 0.008336703293025494, -0.0023093021009117365, -0.0010341732995584607, -0.0028967405669391155, 0.008976905606687069, 0.0005804034299217165, -0.004041718319058418, -0.028844289481639862, 0.01564626954495907, 0.03686441108584404, 0.006011572200804949, -0.0023515131324529648, 0.007457304280251265, 0.023807091638445854, 0.003950260579586029, -0.03053273633122444, -0.012072390876710415, 0.01292364951223135, 0.02390558458864689, 0.022526687011122704, -0.023342769593000412, 0.05045640096068382, 0.037624210119247437, -0.008751779794692993, 0.036329735070466995, 0.003222118364647031, -0.001179274171590805, 0.03053273633122444, -0.008927660062909126, 0.020162861794233322, 0.005258806515485048, -0.002140457509085536, -0.011572891846299171, 0.02453875169157982, -0.0041613164357841015, 0.021752815693616867, 0.0027296547777950764, -0.009997009299695492, -0.047135792672634125, -0.0028299062978476286, 0.013535710982978344, 0.002953022252768278, 0.0311236921697855, -0.03728652000427246, -0.027169914916157722, -0.01523822732269764, -0.01163620874285698, -0.013113599270582199, 0.05256696045398712, -0.008069366216659546, -0.0005839209770783782, -0.03585134074091911, -0.015111594460904598, 0.003858803305774927, -0.005638706963509321, -0.004316090606153011, -0.0243417676538229, -0.023694530129432678, -0.024637244641780853, 0.01323319785296917, 0.04111366719007492, 0.024032218381762505, 0.006314085330814123, -0.00033241286291740835, 0.006803031545132399, -0.01840406470000744, -0.015730690211057663, -0.04561619088053703, 0.022357841953635216, 0.012592995539307594, 0.010018114931881428, 0.0063211205415427685, 0.014675412327051163, 0.0033047818578779697, -0.00285804714076221, 0.028703587129712105, 0.0047980016097426414, -0.011509574949741364, 0.01564626954495907, 0.01781310886144638, 0.022090505808591843, 0.003259052988141775, -0.012051285244524479, 0.02241412363946438, 0.012853297404944897, -0.026846295222640038, 0.028042279183864594, -0.020458340644836426, -0.01546335406601429, -0.002903775777667761, -0.0009207308758050203, -0.01346535887569189, 0.005607048515230417, 0.0019909595139324665, -0.006472377572208643, -0.0016479939222335815, 0.0028492531273514032, -0.01924828812479973, 0.02161211147904396, -0.0028668411541730165, 0.0435619130730629, 0.006254286505281925, 0.005206042435020208, 0.016814110800623894, 0.00161721499171108, 0.024440260604023933, 0.01026434637606144, -0.009187961928546429, 0.033768925815820694, 0.01649049110710621, -0.00012443496962077916, -0.003514078678563237, -0.03222118318080902, -0.02304729074239731, 0.005125137977302074, -0.010236205533146858, 0.009258314035832882, 0.011579927057027817, -0.000993720954284072, -0.008632181212306023, -0.030166907235980034, 0.004998504649847746, 0.002583674620836973, 0.0005944737931713462, 0.005466344766318798, -0.008203035220503807, 0.006482929922640324, -0.032080478966236115, -0.008146753534674644, 0.014520637691020966, -0.025537749752402306, -0.022737743332982063, -0.022498546168208122, 0.03711767867207527, 0.00043772091157734394, 0.0003390083438716829, -0.00994072761386633, -0.02178095653653145, -0.0017060342943295836, -0.017053307965397835, -0.029181979596614838, -0.020458340644836426, -0.006060818675905466, 0.011382942087948322, 0.05127248540520668, 0.003257294185459614, 0.02223121002316475, -0.0011326660169288516, 0.005670365411788225, -0.0029072933830320835, 0.01651863195002079, 0.024946793913841248, 0.003774381009861827, -0.0010350527008995414, 0.00849147792905569, -0.016420140862464905, 0.03199605643749237, 0.0031165904365479946, 0.009209067560732365, -0.026578959077596664, -0.00778795825317502, 0.05692877992987633, -0.03340309485793114, 0.02203422412276268, 0.0032660881988704205, -0.058589085936546326, -0.013240233063697815, 0.017095519229769707, -0.011368871666491032, -0.02794378623366356, -0.04826142266392708, -0.0012408321490511298, -0.0031658366788178682, 0.017236221581697464, 0.012480432167649269, -0.015210086479783058, 0.011171885766088963, -0.004537699278444052, 0.0009734947816468775, -0.004344231449067593, -0.011375906877219677, -0.03129253908991814, -0.0339096300303936, -0.01692667417228222, 0.0014202295569702983, 0.010405050590634346, -0.004235186148434877, 0.03793375939130783, -0.014956819824874401, 0.01206535566598177, 0.0006907680071890354, 0.03559807687997818, -0.01882617548108101, -0.009842234663665295, 0.019220147281885147, -0.02375080995261669, 0.010243240743875504, -0.015730690211057663, -0.021893519908189774, -0.027409110218286514, 0.03976291045546532, 0.0372302420437336, 0.01323319785296917, 0.014970890246331692, -0.01217088382691145, -0.007358811795711517, 0.014562848955392838, -0.019332710653543472, 0.02714177407324314, 0.003886943915858865, 0.03306540474295616, -0.002446488244459033, 0.002003271132707596, -0.02159804105758667, -0.01110856980085373, 0.021485479548573494, -0.003540460718795657, 0.0285628829151392, 0.04167648032307625, -0.016659336164593697, -0.03264329582452774, 0.01058796513825655, -0.00487187085673213, -0.017841249704360962, -0.027183985337615013, 0.029941780492663383, 0.004326643422245979, -0.01907944306731224, -0.007605043239891529, 0.02182316780090332, -0.016631195321679115, 0.010820126160979271, 0.0010693493532016873, 0.01653270237147808, 0.007386952638626099, -0.01567441038787365, -0.04873981699347496, 0.006275392137467861, -0.009574897587299347, 0.04071969538927078, 0.017081448808312416, -0.002627644455060363, -0.027183985337615013, 0.014731694012880325, 4.619593528332189e-05, 0.02669152058660984, -0.005325641017407179, 0.01237490400671959, -0.037567928433418274, 0.018671400845050812, 0.02012065052986145, -0.021541759371757507, -0.010151783004403114, -0.018164867535233498, -0.040747836232185364, 0.03576692193746567, -0.04378703981637955, 0.00609247712418437, -0.0220060832798481, -0.007422128226608038, 0.003981919027864933, 0.014147772453725338, -0.022357841953635216, -0.0018150797113776207, -0.008231175132095814, 0.010939724743366241, 0.017039237543940544, 0.0057090590707957745, 0.02054276317358017, -0.007654289714992046, -0.011685455217957497, 0.01841813512146473, -0.02265332080423832, -0.001264575868844986, -0.001811562106013298, -0.03765235096216202, -0.010299522429704666, -0.01972668059170246, 0.0026786497328430414, 0.01654677279293537, -7.419929897878319e-05, 0.0035897071938961744, 0.02898499369621277, 0.02035984769463539, -0.004646745044738054, -0.018361853435635567, 0.014436215162277222, -0.007682430557906628, -0.01611059159040451, 0.007879415526986122, 0.005955290514975786, -0.0011801535729318857, 0.008041225373744965, -0.018952809274196625, -0.018052304163575172, -0.0020349295809865, 0.01219902466982603, -0.002518598921597004, -0.008442231453955173, -0.01143218856304884, -0.02714177407324314, -0.0011696007568389177, 0.007386952638626099, -0.027704589068889618, -0.006437201518565416, 0.021738745272159576, -0.018108585849404335, -0.002061311388388276, 0.01840406470000744, -0.005325641017407179, 0.003929154947400093, -0.031461380422115326, 0.031039269641041756, 0.0015424659941345453, -0.03900310769677162, -0.026311621069908142, -0.0014175913529470563, 0.012339727953076363, 5.064789002062753e-05, -0.021907590329647064, -0.050540823489427567, -0.022188998758792877, -0.021021155640482903, 0.015210086479783058, 0.01144625898450613, -0.020824169740080833, 0.00932866521179676, 0.02774680033326149, 0.023384980857372284, -0.013268373906612396, -0.02667745016515255, -0.02839403785765171, -0.03053273633122444, -0.024834230542182922, 0.00028756351093761623, -0.0027103079482913017, -0.04063527286052704, 0.0440121665596962, 0.006095994729548693, 0.0024869407061487436, -0.021949801594018936, -0.03829959034919739, -0.03239002823829651, -0.02308950200676918, -0.006683432962745428, 0.016237225383520126, 0.023793021216988564, 0.014872397296130657, -0.007583937607705593, 0.030448313802480698, -0.0046537802554667, 0.014337723143398762, -0.02982921712100506, -0.0038552857004106045, 0.0020947286393493414, 0.0019188488367944956, 0.028225192800164223, -0.01556184608489275, -0.009448263794183731, -0.01566033996641636, 0.009237208403646946, -0.0042035277001559734, 0.029998062178492546, 0.03815888613462448, -0.03663928434252739, 0.008547759614884853, 0.013254303485155106, -0.014422144740819931, 0.019529694691300392, 0.0028123182710260153, 0.014422144740819931, -0.025692524388432503, -0.024243274703621864, 0.01280405092984438, 0.014661341905593872, -0.014802045188844204, 0.0007378158625215292, 0.01026434637606144, -0.007668360136449337, 0.01823521964251995, -0.04215487465262413, 0.0130362119525671, -0.010834196582436562, -0.03348751738667488, 0.050315700471401215, 0.007548762019723654, 0.0012628170661628246, 0.03939707949757576, 0.014253300614655018, 0.019867384806275368, -0.015744760632514954, 0.02671966142952442, 0.003346992889419198, -0.018080445006489754, 0.013472394086420536, -0.02396186627447605, -0.00909650418907404, -0.008730674162507057, 0.019206076860427856, 0.0003511000832077116, -0.006574387662112713, -0.018080445006489754, 0.004474382381886244, -0.034613147377967834, -0.013296514749526978, 0.008301527239382267, -0.018671400845050812, -0.02474980801343918, 0.019628187641501427, -0.018361853435635567, -0.013416112400591373, -0.022934729233384132, -0.03109555132687092, -0.00932866521179676, -0.021344775334000587, 0.0029811628628522158, -0.007126650307327509, -0.03241816908121109, 0.016898533329367638, 0.030223188921809196, -0.016180943697690964, 0.011094499379396439, 0.1801009327173233, 0.009075398556888103, -0.0020788994152098894, 0.019614117220044136, 0.011010076850652695, -0.005547249689698219, 0.018798034638166428, -0.0041613164357841015, -0.031208114698529243, 0.014731694012880325, 0.008582934737205505, -0.003004027297720313, -0.01777089759707451, -0.0011696007568389177, -0.0015187222743406892, -0.02137291617691517, -0.01907944306731224, -0.031658366322517395, -0.040156882256269455, -0.028281474485993385, 0.021541759371757507, 0.0051040323451161385, -0.0038799087051302195, -0.00043882016325369477, 0.03396591171622276, -0.02287844754755497, 0.018572909757494926, 0.008210070431232452, 0.02394779585301876, -0.0006881298031657934, -0.024088500067591667, -0.00514624360948801, 0.0010587965371087193, 0.00899097602814436, -0.020261354744434357, -0.005877903662621975, 0.025565890595316887, 0.009792988188564777, 0.020458340644836426, 0.014590989798307419, 0.007021122612059116, -0.033121686428785324, 0.02308950200676918, -0.010841231793165207, -0.004572875332087278, -0.025917651131749153, -0.010820126160979271, -0.006412578281015158, 8.387269190279767e-05, 0.030842285603284836, -0.022991010919213295, -0.013950787484645844, 0.03596390411257744, -0.004597498569637537, 0.004006542265415192, -0.02093673311173916, 0.018333712592720985, -0.016448279842734337, -0.007506550755351782, 0.023356840014457703, -0.006254286505281925, 0.026564888656139374, -0.0035633251536637545, 0.0184603463858366, -0.009019116871058941, 0.017292503267526627, -0.004221115726977587, -0.00899097602814436, 0.01564626954495907, -0.01388043537735939, -0.009898516349494457, -0.011924651451408863, -0.013500534929335117, -0.018966879695653915, -0.005213077645748854, -0.02966037206351757, 0.031883493065834045, 0.02562217228114605, 0.03241816908121109, 0.028661375865340233, -0.01779903843998909, -0.015181945636868477, -0.005283429753035307, -0.018727682530879974, -0.017475418746471405, 0.017728686332702637, -0.014773905277252197, -0.00040430374792777, -0.010679422877728939, 0.015196016058325768, 0.004062823951244354, -0.011115605011582375, -0.006173381581902504, 0.0005878782831132412, 0.008934695273637772, 0.02626940980553627, 0.009926657192409039, 0.03596390411257744, -0.002003271132707596, -0.011917616240680218, -0.032530732452869415, 0.015013101510703564, 0.03708953782916069, 0.0025379457511007786, -0.009997009299695492, -0.00033988774521276355, -0.01513973530381918, 0.00026469913427717984, -0.0026047800201922655, -0.02096487395465374, 0.012431185692548752, -0.020064370706677437, 0.006658810190856457, -0.023567896336317062, 0.011038217693567276, -0.0006555920117534697, 0.00952565111219883, -0.014007069170475006, -0.015350790694355965, -0.019853314384818077, -0.00042431007022969425, -0.050090573728084564, 0.0011282690102234483, -0.0010482437210157514, 0.00408392958343029, -0.03433173894882202, -0.04316794127225876, 0.01629350706934929, -0.00984926987439394, -0.004411065950989723, 0.018685471266508102, 0.001118595595471561, 0.003974883817136288, 0.0024130712263286114, -0.026832224801182747, 0.01120706181973219, -0.01492867898195982, -0.011805053800344467, 0.006901524029672146, 0.008125647902488708, 0.010728669352829456, -0.034866414964199066, 0.02394779585301876, -0.011277413927018642, 0.008632181212306023, -0.006001019384711981, 0.00837187934666872, 0.0018449793569743633, -0.009518615901470184, -0.05082223191857338, -0.008188964799046516, 0.0033241286873817444, -0.01591360569000244, -0.019177936017513275, 0.0003238387289457023, -0.01606838032603264, 0.023230206221342087, -0.057688578963279724, 0.019529694691300392, 0.011805053800344467, -0.024046288803219795, 0.01609652116894722, 0.0013129428261891007, 0.007675395347177982, -0.00025326694594696164, -0.010144747793674469, -0.177849680185318, 0.027859363704919815, 0.06427352130413055, -0.029801076278090477, 0.013134704902768135, 0.034388020634651184, 0.03967848792672157, -0.01692667417228222, -0.01862918958067894, 0.009293490089476109, 0.0313488207757473, -0.019965877756476402, -0.04764232411980629, -0.030757863074541092, -0.02693071775138378, 0.012304551899433136, 0.02837996743619442, 0.018812105059623718, 0.0013463599607348442, 0.03714581951498985, 0.026367902755737305, -0.01672968827188015, -0.025791017338633537, 0.007534691598266363, -0.00756986765190959, 0.027859363704919815, 0.00803419016301632, 0.008709568530321121, 0.01907944306731224, -0.012656311504542828, -0.0034261387772858143, -0.0010130677837878466, 0.01280405092984438, -0.022765884175896645, -0.033600080758333206, -0.0030110625084489584, -0.014323652721941471, -0.03371264412999153, -0.008519618771970272, 0.0012716110795736313, 0.024046288803219795, 0.013317620381712914, -0.019557835534214973, -0.004773378372192383, 0.011798018589615822, 0.027606096118688583, 0.018136726692318916, -0.0062296632677316666, 0.026002071797847748, -0.0171799398958683, 0.022611109539866447, -0.027380971238017082, 0.01992366649210453, -0.008301527239382267, 0.023159854114055634, 0.0260724239051342, -0.0013533951714634895, 0.020078441128134727, 0.005891974084079266, -0.04961217939853668, 0.010025150142610073, -0.021935731172561646, 0.0024799054954200983, -0.012072390876710415, -0.027831222862005234, 0.01523822732269764, -0.019374920055270195, 0.03154580295085907, -0.04744534194469452, 0.0011326660169288516, -0.0027929714415222406, 0.01218495424836874, 0.027465391904115677, 0.004586945753544569, 0.011889475397765636, 0.003700511297211051, -0.02881615050137043, -0.02545332722365856, -0.01110856980085373, 0.03317796811461449, -0.022385982796549797, 0.0397910512983799, -0.01409852597862482, 0.03362822160124779, 0.015041242353618145, -0.015744760632514954, 0.01207942608743906, -0.016265366226434708, -0.006732679437845945, -0.00043925983482040465, 0.016842251643538475, -0.018713612109422684, 0.009054292924702168, -0.001894225599244237, 0.00773871224373579, 0.010862337425351143, -0.00785127468407154, 0.02304729074239731, 0.011917616240680218, 0.0017535218503326178, -0.005023127421736717, 0.0015046518528833985, -0.03537295013666153, 0.02142919786274433, 0.01969853974878788, 0.017039237543940544, 0.0019804066978394985, -0.008414090611040592, 0.042267438024282455, 0.019853314384818077, -0.03942522034049034, 0.002260055625811219, -0.010475401766598225, 0.012564854696393013, -0.019585976377129555, 0.02438397891819477, -0.006356296595185995, -0.005490968003869057, 0.01207942608743906, 0.02285030670464039, 0.02626940980553627, -0.043533772230148315, -0.008231175132095814, 0.008498513139784336, -0.013852294534444809, -0.01972668059170246, -0.08211477100849152, -0.003999507054686546, 0.016377929598093033, 0.01101711206138134, -0.013992998749017715, -0.00518493726849556, -0.019585976377129555, 0.021752815693616867, -0.019107583910226822, 0.03753978759050369, -0.040775977075099945, -0.01460506021976471, -0.005476897582411766, 0.030617158859968185, 0.008962835185229778, 0.004586945753544569, -0.020472411066293716, -0.014647271484136581, 0.018375923857092857, 0.039312656968832016, -0.027001069858670235, -0.03925637528300285, 0.021316634491086006, -0.004411065950989723, -0.006581422872841358, 0.02792971581220627, -0.01822114922106266, 0.0013103046221658587, 0.01995180733501911, -0.004699508659541607, 0.0050512682646512985, -0.012445256114006042, 0.03306540474295616, 0.0010948518756777048, -0.013092493638396263, -0.025481468066573143, -0.016223154962062836, -0.016771899536252022, 0.028281474485993385, -0.005244736094027758, 6.375643715728074e-05, 0.003153525060042739, -0.021499549970030785, -0.001920607639476657, 0.03492269665002823, -0.031883493065834045, -0.02241412363946438, 0.025889510288834572, 0.0012971137184649706, -0.009870375506579876, -0.018699541687965393, 0.009504545480012894, -0.0142814414575696, -0.014675412327051163, 0.003788451198488474, 0.020078441128134727, 0.020430199801921844, -0.009680424816906452, -0.013366865925490856, 0.018347783014178276, -0.008829167112708092, -0.009441228583455086, -0.003981919027864933, 0.012719628401100636, 0.04676996171474457, 0.02095080353319645, -0.010855302214622498, -0.015604057349264622, 0.007457304280251265, 0.015983957797288895, -0.021668393164873123, -0.0122834462672472, -0.03430360183119774, 0.024960864335298538, -0.01761612296104431, 0.009800023399293423, -0.0195156242698431, 0.005828657187521458, -0.0024429706390947104, -0.009187961928546429, -0.006162828765809536, -0.012128672562539577, -0.011572891846299171, -0.00018522344180382788, 0.011776912957429886, 0.00566333020105958, 0.00667288014665246, -0.001545983599498868, 0.004861318040639162, -0.03281214088201523, -0.003222118364647031, 0.031630225479602814, 0.008301527239382267, -0.024651315063238144, -0.003950260579586029, 0.03030760958790779, -0.022132717072963715, -0.012642241083085537, -0.002305784495547414, -0.014344758354127407, -0.018150797113776207, -0.0027789012528955936, -0.05279208719730377, 0.05065338686108589, 0.0029231226071715355, -0.004980916623026133, 0.017447277903556824, -0.017447277903556824, 0.01036987453699112, -0.009785952977836132, 0.023821162059903145, 0.030982989817857742, 0.0016910844715312123, 0.014872397296130657, -0.013817118480801582, -0.01758798211812973, -0.0008802784723229706, -0.015829183161258698, 0.008364844135940075, 0.009975903667509556, -0.0011247514048591256, 0.002207291778177023, 0.00309724360704422, 0.002924881409853697, -0.009891481138765812, 0.017320644110441208, -0.01570254936814308, 0.003981919027864933, -0.015533705241978168, 0.02985735796391964, -0.025959860533475876, -0.021049296483397484, 0.025509608909487724, -0.019571905955672264, 0.013591992668807507, 0.017714615911245346, 0.010848267003893852, -0.04173276200890541, 0.0018133209086954594, 0.02204829454421997, 0.016406070441007614, 0.007802028674632311, -0.03177092969417572, -0.029744794592261314, -0.006799513939768076, -0.012135707773268223, 0.008083436638116837, -0.004748755134642124, -0.025988001376390457, -0.011699525639414787, 0.005262324120849371, 0.00011772955622291192, 0.021977942436933517, 0.007682430557906628, -0.005916597321629524, -0.012782945297658443, -0.01632164791226387, -0.03458500653505325, -0.013831188902258873, 0.019585976377129555, 0.016828181222081184, 0.040325723588466644, 0.034838274121284485, -0.011418118141591549, 0.007443233858793974, -0.012318622320890427, 0.010116606950759888, -0.03497897833585739, -0.009771882556378841, 0.0237367395311594, 0.017067378386855125, -0.009722636081278324, -0.0050723738968372345, -0.015280438587069511, -0.009356806054711342, 0.02625533938407898, -0.006180416792631149, 0.001837944146245718, -0.024201063439249992, -0.0034226214047521353, 0.013500534929335117, 0.017714615911245346, 0.02538297511637211, -0.020880451425909996, 0.007689465768635273, 0.005293982569128275, 0.014886467717587948, 0.0355699360370636, -0.023835232481360435, 0.017658334225416183, -0.000131140390294604, -0.003995989449322224, -0.022920658811926842, -0.0021334222983568907, -0.01217088382691145, 0.009054292924702168, -0.000126853323308751, -0.014330687932670116, -0.027043281123042107, -0.02503121644258499, 0.024524681270122528, 0.0211759302765131, 0.0020507588051259518, 0.018080445006489754, 0.003721616929396987, -0.022329701110720634, 0.005054785870015621, 0.0007655168883502483, -0.005712576676160097, -0.04494081065058708, 0.01566033996641636, -0.011375906877219677, -0.02031763643026352, -0.010862337425351143, -0.037821196019649506, 0.014562848955392838, 0.01675782911479473, -0.008976905606687069, 0.02604428306221962, -0.016659336164593697, -0.009905551560223103, -0.006134687922894955, 0.0048226248472929, 0.017672404646873474, 0.0071407207287848, -0.006627151742577553, 0.03987547382712364, 0.00794273242354393, -0.01300807110965252, -0.009159821085631847, 0.004650262650102377, 0.006676397752016783, 4.836695097765187e-06, 0.01948748342692852, -0.026142776012420654, -0.008111577481031418, 0.002733172383159399, -0.036976974457502365, 0.002523875329643488, 0.008632181212306023, 0.012332692742347717, 0.0776122435927391, 0.014161842875182629, -0.002369101159274578, 0.015533705241978168, -0.013514605350792408, 0.01824929006397724, 0.01272666361182928, -0.00963117927312851, -0.020725678652524948, -0.02477794885635376, 0.027592025697231293, -0.0026856849435716867, -0.006521623581647873, -0.03509154170751572, -0.010123642161488533, -0.007576902396976948, 0.017278432846069336, 0.02119000069797039, -0.020486481487751007, -0.005557802505791187, 0.00016950417193584144, -0.009166856296360493, 0.010208064690232277, -0.013043247163295746, -0.004048753529787064, 0.015772901475429535, -0.00785127468407154, -0.01862918958067894, -0.018094515427947044, -0.033768925815820694, -0.0008481804397888482, -0.0007395746652036905, -0.02669152058660984, -0.0004054029705002904, -0.016251295804977417, -0.049893587827682495, -0.024271415546536446, -0.003301264252513647, 0.03495083749294281, 0.031067410483956337, -0.007144238334149122, 0.01554777566343546, -0.029153838753700256, -0.014302547089755535, -0.007999014109373093, -0.012037214823067188, 0.022554827854037285, -0.010144747793674469, -0.032108619809150696]","[-0.011376763693988323, 0.02967264875769615, -0.001268674386665225, 0.0014212524984031916, -0.011464432813227177, 0.005293870344758034, -0.013474080711603165, -0.01882864534854889, 0.005121903959661722, 0.01478237472474575, 0.03725266084074974, 0.007687913719564676, 0.0017618135316297412, -0.023765094578266144, 0.0029251163359731436, 0.018761206418275833, 0.014971200376749039, 0.0037664033006876707, -0.008847844786942005, 0.0011211540549993515, -0.03212738782167435, 0.01503863837569952, -0.006278462707996368, 0.005290498491376638, -0.027730438858270645, -0.014027070254087448, 0.028054140508174896, -0.0022726552560925484, 0.006234628148376942, -0.00045183353358879685, 0.021256407722830772, 0.009481760673224926, -0.02310420386493206, -0.02894432097673416, -0.02183637209236622, -0.023684170097112656, 0.01549721509218216, -0.020002063363790512, 0.03514860197901726, -0.0333142913877964, 0.03638945892453194, 0.002137779491022229, 0.012975039891898632, -0.03849351778626442, -0.011579076759517193, 0.039059996604919434, -0.009987544268369675, -0.018073340877890587, -0.0034140406642109156, -0.0030667358078062534, 0.016387395560741425, 0.04046270251274109, -0.05454372614622116, 0.008598324842751026, 0.003934998065233231, -0.022726552560925484, 0.03798099234700203, 0.02394043281674385, -0.011747671291232109, 0.0037562877405434847, 0.01040565874427557, 0.001898375223390758, -0.0036955936811864376, 0.015672553330659866, -0.003496652003377676, 0.0037798909470438957, -0.010891211219131947, 0.010756335221230984, -0.006116611883044243, 0.0015426406171172857, 0.021930785849690437, 0.029915425926446915, -0.008659018203616142, -0.00476448331028223, 0.023872995749115944, -0.0066392552107572556, -0.005664778407663107, -0.022294949740171432, 0.021054092794656754, 0.005978364497423172, 0.014188921079039574, 0.0009668900165706873, 0.007977896369993687, 0.03560717776417732, -0.009023183025419712, 0.03361101821064949, 0.012577157467603683, 0.04137985780835152, -0.01904444582760334, -0.012253455817699432, -0.0002148527419194579, 0.009886386804282665, 0.027433713898062706, 0.013022246770560741, 0.0060828933492302895, 0.03660525754094124, -0.01819472946226597, 0.012833421118557453, -0.0019961600191891193, -0.013379666954278946, -0.008800637908279896, 0.019826725125312805, -0.018761206418275833, -0.00899620819836855, 0.0037562877405434847, 0.0017803589580580592, 0.010203344747424126, -0.014337284490466118, 0.0043227653950452805, 0.015753479674458504, -0.025127338245511055, 0.0017550698248669505, 0.014081020839512348, -0.0022439940366894007, -0.006052546203136444, -0.0144586730748415, 0.008861332200467587, -0.03131813183426857, -0.0551641508936882, -0.022227512672543526, 0.00450147595256567, 0.023063741624355316, 0.01580742932856083, -0.0366322360932827, 0.023913457989692688, -0.003080223221331835, -0.005563621874898672, -0.0196513868868351, 0.004926334135234356, -0.020568540319800377, 0.07245521247386932, 0.022928865626454353, 0.006558329798281193, 0.03946462273597717, 0.0010924929520115256, 0.013136890716850758, 0.010769822634756565, 0.002631761599332094, -0.02663794718682766, -0.020109964534640312, 0.0261389072984457, 0.016387395560741425, 0.00239572930149734, -0.03350311890244484, -0.028431793674826622, 0.04653210937976837, -0.009650355204939842, -0.01331897359341383, -0.005071325693279505, -0.020743878558278084, 0.021876834332942963, 0.003992320038378239, -7.096779154380783e-05, 0.0253836028277874, 0.005718728993088007, -0.043537870049476624, 0.029807524755597115, -0.006028942763805389, 0.005432118196040392, -0.0053849113173782825, 0.010729360394179821, 0.007020279299467802, -0.0013226246228441596, -0.00895574502646923, 0.013372923247516155, 0.02497897483408451, 0.005964877083897591, -0.031372081488370895, -0.008881563320755959, -0.025437552481889725, 0.0061233555898070335, 0.02020437642931938, -0.018693769350647926, 0.011107011698186398, 0.005003887694329023, -0.01211857981979847, 0.01275249570608139, 0.027393249794840813, -0.02040668949484825, -0.020541565492749214, -0.00956942979246378, 0.024102283641695976, 0.013089684769511223, 0.01478237472474575, -0.016589708626270294, -0.02259167656302452, -0.00894225761294365, 0.00041790385148487985, -0.007249567657709122, 0.0072023612447083, 0.002707629231736064, -0.005934529937803745, -0.011390251107513905, -0.007843020372092724, -0.5999270081520081, -0.019948113709688187, -0.018383555114269257, -0.002591298893094063, 0.003961972892284393, 0.02330651693046093, -0.0034443875774741173, 0.008301598019897938, -0.0241562332957983, 0.02259167656302452, -0.02102711796760559, 0.003624783828854561, -0.015969280153512955, -0.006106496322900057, -0.006261603441089392, -0.022874915972352028, 0.020676441490650177, -0.020582027733325958, -0.007047254126518965, -0.030104251578450203, -0.06171911209821701, 0.013662906363606453, 0.002247365890070796, 0.0014870043378323317, 0.0019776145927608013, -0.008706225082278252, 0.015443265438079834, -0.009920106269419193, 0.0058434889651834965, 0.025666842237114906, -0.009360372088849545, 0.014957712963223457, 0.008915282785892487, 0.01873423159122467, 0.0439155213534832, -0.007526062894612551, -0.010129163041710854, 0.0029166864696890116, -0.009630123153328896, 0.058428145945072174, -0.002566009759902954, -0.01420240942388773, 0.023077229037880898, -0.01893654465675354, 0.0033718920312821865, 0.017560813575983047, 0.02996937558054924, -0.005280382931232452, 0.010385427623987198, -0.04836641997098923, 0.0012745751300826669, 0.003370206104591489, 0.0008379151695407927, 0.007546294014900923, 0.015416289679706097, -0.004511591512709856, 0.0015940619632601738, 0.009636866860091686, 0.017668714746832848, -0.02152615785598755, 0.0023670680820941925, -0.00894225761294365, -0.024736199527978897, 0.0012661453802138567, -0.03808889165520668, 0.015160026028752327, -0.0027767529245465994, -0.0050679538398981094, 0.003914766479283571, -0.0004282302688807249, -0.007134923245757818, 0.018032878637313843, 0.008881563320755959, 0.028971295803785324, 0.01946256123483181, -0.012826677411794662, 0.018855620175600052, -0.03495977446436882, -0.02747417613863945, 0.01746639981865883, 0.027123499661684036, -0.012786214239895344, -0.01978626288473606, -0.006703321356326342, -0.004299162421375513, 0.010331477038562298, -0.043753668665885925, -0.024628298357129097, 0.024304596707224846, 0.02384602092206478, 0.015052125789225101, 0.02352231927216053, 0.012462512589991093, 0.0027194309514015913, -0.012273686937987804, 0.00957617349922657, -0.014580060727894306, 0.004926334135234356, 0.03776519000530243, -0.020474128425121307, -0.023913457989692688, -0.00026722243637777865, -0.012482743710279465, 0.0035404865629971027, 0.05589248239994049, 0.0058434889651834965, -0.022510750219225883, -0.0002929331094492227, 0.02953777275979519, -0.03069770522415638, -0.02748766355216503, -0.002353580668568611, -0.009421066381037235, -0.006022199057042599, -0.0015106076607480645, -0.028998270630836487, 0.014903762377798557, 0.014566573314368725, -0.010297758504748344, 0.0018764578271657228, 0.005469208583235741, 0.0009247413836419582, 0.01560511626303196, -0.007499087601900101, 0.013561749830842018, -0.007903714664280415, -0.00587720749899745, -0.011734183877706528, 0.00977848656475544, -0.0053916554898023605, -0.007762095425277948, -0.03692895919084549, 0.009063645265996456, 0.002388985361903906, 0.018491456285119057, -0.016778534278273582, -0.012556925415992737, 0.004012551624327898, 0.0016176651697605848, -0.012287174351513386, -0.008571349084377289, 0.0026115302462130785, 0.01746639981865883, -0.04173053428530693, -0.00040230885497294366, -0.010115675628185272, -0.045722853392362595, -0.009623379446566105, -0.015753479674458504, -0.0075597818940877914, -0.02040668949484825, -0.0035404865629971027, -0.00622114073485136, 0.025343140587210655, 0.021404771134257317, 0.005395027343183756, 0.02519477717578411, -0.024210184812545776, 0.0017803589580580592, -0.017763126641511917, -0.011848828755319118, 0.012651338241994381, 0.0032032972667366266, -0.0027480919379740953, -0.009238984435796738, -0.03320639207959175, -0.0293489471077919, 0.00187982979696244, 0.0021124903578311205, -0.0288094449788332, -0.02747417613863945, 0.0007624690770171583, -0.019084908068180084, -0.019206296652555466, 0.0014229384250938892, -0.005509671289473772, -0.04256676509976387, -0.006824709475040436, -0.006450429558753967, -0.004788086749613285, -0.0037765190936625004, 0.011788134463131428, 0.011194681748747826, 0.002139465417712927, 0.03369194641709328, 0.0003964080533478409, -0.014647498726844788, 0.0186398196965456, -0.003614668268710375, 0.0441313236951828, 0.01352803036570549, 0.008490423671901226, -0.023454880341887474, -0.008186954073607922, 0.002523861126974225, 0.022510750219225883, 0.020433666184544563, -0.004774598870426416, 0.004912846721708775, 0.009083877317607403, 0.02685374766588211, 0.007384443189948797, 0.010277526453137398, -0.006615652237087488, 0.0037394282408058643, -0.03665921092033386, 0.003083595307543874, -0.012900859117507935, 0.0259231049567461, 0.0025221752002835274, 0.010655178688466549, -0.02778439037501812, 0.005270267371088266, -0.006710065063089132, 0.003746171947568655, 0.03914092108607292, -0.02228146232664585, -0.007364212069660425, 0.002975694602355361, 0.010162882506847382, -0.009144570678472519, 0.007660938426852226, 0.025855667889118195, 0.01716967299580574, -0.012314149178564548, -0.003722568741068244, 0.017560813575983047, 0.032235287129879, 0.0013765748590230942, 0.005165738519281149, 0.0127457519993186, 0.010392171330749989, 0.010999111458659172, 0.002190043916925788, 0.022915378212928772, 0.009623379446566105, 0.026907697319984436, -0.006022199057042599, 0.025140825659036636, -0.02435854822397232, -0.007512575481086969, 0.030562829226255417, 0.025977056473493576, -0.039491597563028336, 0.019934624433517456, 0.007121435832232237, 0.013959633186459541, 0.03358404338359833, 0.025990543887019157, 0.048851970583200455, -0.005907554645091295, 0.015213976614177227, -0.01045960932970047, 0.007451881188899279, -0.003446073504164815, -0.02518128976225853, 0.018599355593323708, 0.016414370387792587, -0.02290189079940319, 0.012624363414943218, 0.005796282086521387, -0.02684026025235653, 0.004487988073378801, -0.011107011698186398, 0.025113850831985474, 0.00863878708332777, -0.010081957094371319, -0.0050780694000422955, -0.002336721168830991, -0.03369194641709328, 0.010830516926944256, -0.0295647494494915, -0.0030717935878783464, -0.011174449697136879, 0.017965439707040787, -0.025208264589309692, 0.023967407643795013, 0.009555941447615623, 0.008213928900659084, 0.01244228146970272, -0.026354707777500153, 0.0046093761920928955, -0.0020315649453550577, 0.0005399241927079856, -0.0038945351261645555, -0.006683089770376682, 0.013022246770560741, 0.02705606073141098, 0.013285254128277302, -0.01955697312951088, 0.010574253275990486, 0.02725837379693985, -0.00894900131970644, -0.011086780577898026, -0.022402850911021233, 0.031372081488370895, 0.0294568482786417, 0.008814125321805477, -0.014593548141419888, 0.014242871664464474, 0.01524095144122839, 0.018599355593323708, -0.02778439037501812, -0.01811380311846733, 0.04758413881063461, -0.01810031570494175, 0.0004037840699311346, -0.02318512834608555, -0.02829691767692566, 0.012017423287034035, -0.01769568957388401, 0.0034190984442830086, -0.002255795756354928, 0.004535194486379623, 0.005273639224469662, -0.010183113627135754, -0.014296822249889374, 0.01718316227197647, 0.03779216483235359, 0.013716856949031353, 0.0023232335224747658, -0.03390774503350258, -0.020029038190841675, 0.014081020839512348, 0.011747671291232109, 0.007735120132565498, -0.018356580287218094, -0.03193856030702591, 0.0009652040898799896, 0.02133733220398426, -0.01645483262836933, -0.01915234699845314, 0.01758778840303421, -0.011430713348090649, -0.017452912405133247, -0.004933077841997147, 0.003324685385450721, -0.020433666184544563, 0.011801621876657009, -0.008611812256276608, 0.0013656162191182375, -0.002247365890070796, 0.0037630314473062754, 0.00476448331028223, 0.005590596701949835, -0.0186398196965456, 0.0196513868868351, 0.037009887397289276, 0.0050780694000422955, 0.003827097360044718, 0.004427294246852398, 0.025140825659036636, -0.0008986092288978398, -0.03191158547997475, -0.011316069401800632, 0.014283334836363792, 0.021809397265315056, 0.014431697316467762, -0.022025197744369507, 0.039788324385881424, 0.04202726110816002, -0.0063526444137096405, 0.028162041679024696, 0.00029862317023798823, 0.003628155682235956, 0.03196553513407707, -0.006696577649563551, 0.004582401365041733, 0.01249623205512762, 0.003570833709090948, -0.006059289909899235, 0.029106171801686287, -0.006072777323424816, 0.01633344404399395, -0.0023148038890212774, -0.005469208583235741, -0.0397343747317791, -0.005155622959136963, 0.021418258547782898, 0.00530398590490222, 0.022348899394273758, -0.03536440432071686, -0.027919266372919083, -0.02550499141216278, 0.004171030595898628, -0.0017002765089273453, 0.04475174844264984, -0.0041002207435667515, 0.01091818604618311, -0.03582298010587692, -0.021795909851789474, 0.0001442537468392402, -0.01664365828037262, -0.014647498726844788, -0.018761206418275833, -0.026691896840929985, -0.021903811022639275, 0.019179321825504303, 0.04316021874547005, 0.033449169248342514, 0.010736104100942612, 0.003172950353473425, 0.008409498259425163, 0.0020265071652829647, -0.017439424991607666, -0.04248584061861038, 0.020433666184544563, 0.011592564173042774, 0.021054092794656754, -0.007654194720089436, 0.012132067233324051, 0.006254859734326601, -0.0066190240904688835, 0.03207343816757202, 0.007674426306039095, -0.01820821687579155, 0.017547326162457466, 0.015645578503608704, 0.03153393417596817, 0.00046363513683900237, -0.0144047224894166, 0.023589756339788437, -0.004046270158141851, -0.03091350570321083, 0.017223624512553215, -0.015429778024554253, -0.009326653555035591, -0.005661406554281712, -0.0073776994831860065, -0.010999111458659172, 0.0010545592522248626, 0.009225496090948582, -0.0012838478432968259, -0.0029369178228080273, 0.005499555729329586, -0.02174196019768715, 0.023036766797304153, -0.003427528077736497, 0.03226226195693016, 0.016158105805516243, 0.0038136097136884928, 0.024021359160542488, -0.004747624043375254, 0.017318036407232285, 0.012502975761890411, -0.016616683453321457, 0.03037400357425213, 0.023454880341887474, -0.0012998643796890974, -0.012597388587892056, -0.037522412836551666, -0.026894209906458855, 0.00857809279114008, -0.011093524284660816, 0.01830262877047062, 0.011477920226752758, -0.012786214239895344, -0.016576221212744713, -0.030562829226255417, 0.003931626211851835, -0.006295322440564632, 0.0009744768030941486, 0.0007932375883683562, -0.011707209050655365, 0.0038945351261645555, -0.04013900086283684, -0.012529950588941574, 0.013905682601034641, -0.02352231927216053, -0.02340093068778515, -0.02474968694150448, 0.03255898877978325, -0.0058536045253276825, 0.0029352318961173296, -0.010756335221230984, -0.010425889864563942, -0.0014254673151299357, -0.013453848659992218, -0.026057980954647064, -0.015996254980564117, -0.0036348996218293905, 0.010655178688466549, 0.04672093689441681, 0.00400580745190382, 0.02259167656302452, -0.0011380135547369719, 0.013170610181987286, -0.013750575482845306, 0.015160026028752327, 0.021782422438263893, 0.004788086749613285, 0.0055669937282800674, 0.0043126498349010944, -0.010897954925894737, 0.035229526460170746, 0.0024429357144981623, 0.006015455350279808, -0.023751607164740562, -0.013811269775032997, 0.052304789423942566, -0.019516510888934135, 0.018450992181897163, 0.00022444156638812274, -0.061341457068920135, -0.012813189066946507, 0.007721632719039917, -0.005678266286849976, -0.024628298357129097, -0.038574445992708206, -0.0012138810707256198, 0.005324217490851879, 0.017844052985310555, 0.022133098915219307, -0.01832960546016693, 0.011835340410470963, -0.007249567657709122, -0.0009340140968561172, -0.0029352318961173296, -0.0014119797851890326, -0.03504070267081261, -0.0372796393930912, -0.021067580208182335, -0.0037293124478310347, 0.0035269989166408777, 0.002749777864664793, 0.028350867331027985, -0.011639771051704884, 0.006426826119422913, -0.005991851910948753, 0.034501198679208755, -0.013278510421514511, -0.009124339558184147, 0.02578822895884514, -0.018693769350647926, 0.0033482888247817755, -0.012590644881129265, -0.021795909851789474, -0.019705336540937424, 0.03447422385215759, 0.04297139123082161, 0.01695387251675129, 0.015955792739987373, -0.0162255447357893, -0.009542454034090042, 0.009549197740852833, -0.009353628382086754, 0.022726552560925484, 0.0008349647396244109, 0.037630315870046616, -0.011383507400751114, -0.0017466400749981403, -0.025828693062067032, -0.0030903390143066645, 0.022928865626454353, -0.0024142747279256582, 0.023387443274259567, 0.030643753707408905, -0.009913362562656403, -0.033449169248342514, 0.012509719468653202, -0.0008935513906180859, -0.02456086128950119, -0.02727186307311058, 0.0235088299959898, 0.007573269307613373, -0.013089684769511223, -0.007647451013326645, 0.015267927199602127, -0.018262166529893875, 0.012725519947707653, 0.014431697316467762, 0.014000095427036285, 0.00888830702751875, -0.006848312448710203, -0.0405975803732872, 0.007762095425277948, -0.014701449312269688, 0.03452817350625992, 0.016279494389891624, 0.0019169205334037542, -0.0275820754468441, 0.0168729480355978, -0.0034932801499962807, 0.02519477717578411, -0.009326653555035591, 0.015780454501509666, -0.03371892124414444, 0.011477920226752758, 0.007458624895662069, -0.02508687600493431, -0.007114692125469446, -0.013170610181987286, -0.038547467440366745, 0.03212738782167435, -0.03342219442129135, -0.0013285254826769233, -0.01093167345970869, -0.008820869028568268, -0.0014465416315943003, 0.013932657428085804, -0.026624459773302078, 0.0009373859502375126, -0.008915282785892487, 0.010513558983802795, 0.011963472701609135, 0.006801106035709381, 0.02341441810131073, -0.008733199909329414, -0.010695640929043293, 0.015389314852654934, -0.03436632454395294, 0.010580996982753277, 0.008834357373416424, -0.02862061932682991, -0.0008303283830173314, -0.017398962751030922, -0.006126727908849716, 0.008382523432374, -0.0004216972447466105, 0.011828596703708172, 0.021350819617509842, 0.01758778840303421, -0.001842738944105804, -0.0006347586750052869, 0.012725519947707653, -0.010365195572376251, -0.01664365828037262, 0.0063425288535654545, 0.010837260633707047, -0.005408514756709337, 0.010189857333898544, -0.030050301924347878, -0.0287015438079834, -0.007445137482136488, 0.018558893352746964, -0.0016083924565464258, -0.01789800263941288, -0.0032218426931649446, -0.02236238680779934, 0.0017036483623087406, 0.007478856481611729, -0.024318084120750427, -0.001997845945879817, 0.029807524755597115, -0.031075356528162956, -0.010452864691615105, 0.01882864534854889, -0.013804526068270206, 0.007762095425277948, -0.028863394632935524, 0.021728472784161568, 0.010837260633707047, -0.036254581063985825, -0.039059996604919434, -0.0026064724661409855, 0.023913457989692688, 0.0012476000702008605, -0.013777550309896469, -0.0540851466357708, -0.025235239416360855, -0.016778534278273582, 0.005954761058092117, 0.016913410276174545, -0.02068992890417576, 0.0008092540665529668, 0.031803686171770096, 0.014215896837413311, -0.016292981803417206, -0.03026610240340233, -0.023670680820941925, -0.02894432097673416, -0.014188921079039574, -0.006595420651137829, -0.006167190615087748, -0.03212738782167435, 0.03568810597062111, 0.0041002207435667515, 0.004214865155518055, -0.01154535822570324, -0.029268022626638412, -0.02862061932682991, -0.015955792739987373, -0.008712968789041042, 0.016980847343802452, 0.015672553330659866, 0.01633344404399395, -0.009299677796661854, 0.017655225470662117, -0.0015805743169039488, 0.009279446676373482, -0.03986924886703491, -0.00946827232837677, 0.001081534312106669, -0.0010267411125823855, 0.028377842158079147, -0.012233223766088486, -0.016724584624171257, -0.013689881190657616, 0.01155884563922882, -0.006335785146802664, 0.024614810943603516, 0.030859556049108505, -0.037738215178251266, 0.011019342578947544, 0.0041103363037109375, -0.014027070254087448, 0.01779010146856308, -0.00044593270285986364, 0.025059901177883148, -0.017763126641511917, -0.034501198679208755, 0.01035170815885067, 0.017021311447024345, -0.017304548993706703, 0.009933593682944775, 0.02020437642931938, -0.006986560299992561, 0.0143507719039917, -0.031992509961128235, 0.009562686085700989, -0.01061471551656723, -0.01696735993027687, 0.04618143290281296, 0.009117595851421356, 0.012186017818748951, 0.03099443018436432, 0.0134673360735178, 0.009131083264946938, -0.0015426406171172857, 0.024790149182081223, 0.003139231353998184, -0.010129163041710854, 0.021998222917318344, -0.003921510186046362, -0.009967312216758728, -0.0015527562936767936, 0.015996254980564117, -0.0007346509373746812, -0.002407530788332224, -0.01685946062207222, -0.009367115795612335, -0.04272861406207085, -0.011214912869036198, 0.008780406787991524, -0.018450992181897163, -0.024399010464549065, 0.027865314856171608, -0.016697609797120094, -0.00812625978142023, -0.020002063363790512, -0.03401564806699753, -0.022119611501693726, -0.03541835397481918, 0.002463167067617178, -0.006008711643517017, -0.03536440432071686, 0.0030144713819026947, 0.038439568132162094, -0.008975976146757603, 0.0023046880960464478, 0.1867758333683014, 0.019718823954463005, -0.0028981410432606936, 0.02310420386493206, 0.010864236392080784, -0.0068044778890907764, 0.023252567276358604, 0.003247132059186697, -0.0271504744887352, 0.011255375109612942, -0.0032859088387340307, 0.000921369472052902, 0.000360581703716889, 0.0021883579902350903, -0.01331897359341383, -0.013352692127227783, -0.017398962751030922, -0.03609273210167885, -0.03379984572529793, -0.023023277521133423, 0.02050110325217247, 0.006575189530849457, -0.004464385099709034, 0.0010495013557374477, 0.02736627496778965, -0.020109964534640312, 0.01232089288532734, 0.003117314074188471, 0.024304596707224846, -0.0030481903813779354, -0.01706177368760109, 0.009029926732182503, -0.004963424988090992, 0.007168642245233059, -0.0135212866589427, -0.009974056854844093, 0.032208312302827835, 0.014323797076940536, 0.017978927120566368, 0.009238984435796738, -0.006797734182327986, -0.03452817350625992, 0.018262166529893875, -0.0065819332376122475, -0.003228586632758379, -0.01841052994132042, -0.006524610798805952, -0.010506815277040005, 0.002660422818735242, 0.01926024630665779, -0.03474397584795952, -0.011073293164372444, 0.031183257699012756, -0.008706225082278252, -0.0010545592522248626, -0.014215896837413311, 0.022335411980748177, -0.012833421118557453, -0.015874868258833885, 0.030778629705309868, -0.008456705138087273, 0.017358500510454178, 0.00193715188652277, 0.01644134521484375, -0.0034561892971396446, 0.021148506551980972, -0.003661874681711197, -0.017965439707040787, 0.020865267142653465, -0.006672974210232496, 0.00957617349922657, -0.011275607161223888, -0.0012787900632247329, -0.00952896662056446, -0.006885403301566839, -0.022618651390075684, 0.02299630269408226, 0.02278050221502781, 0.0261389072984457, 0.027555100619792938, -0.007269799243658781, -0.0032235286198556423, -0.0048757558688521385, -0.008180210366845131, -0.014242871664464474, 0.021903811022639275, -0.012604132294654846, -0.0001833466230891645, -0.00837577972561121, 0.01716967299580574, -0.006517867092043161, -0.010769822634756565, -0.005432118196040392, 0.0001753383839968592, 0.011208169162273407, 0.02810809202492237, 0.012840164825320244, 0.031668808311223984, 0.006045802496373653, -0.01718316227197647, -0.03145300969481468, 0.015254438854753971, 0.036848034709692, -0.0014178805286064744, -0.009711048565804958, -0.007600244600325823, -0.01831611804664135, -0.0009921792661771178, -0.0018680281937122345, -0.01591533049941063, 0.015187001787126064, -0.01737198792397976, 0.0022642253898084164, -0.01831611804664135, 0.015443265438079834, 0.004929705988615751, 0.006170562468469143, -0.009178290143609047, -0.01791149005293846, -0.013487568125128746, 0.0008783778757788241, -0.04175750911235809, -0.011639771051704884, -0.003026273101568222, -8.851216261973605e-05, -0.03674013540148735, -0.04693673551082611, 0.01269854512065649, -0.00958291720598936, -0.014215896837413311, 0.023387443274259567, -0.011646514758467674, 0.013629186898469925, 0.004956681281328201, -0.02696164883673191, 0.003985576331615448, -0.006993304006755352, -0.00463297963142395, -0.00842298660427332, 0.004427294246852398, 0.012786214239895344, -0.035310450941324234, 0.023333491757512093, -0.012631107121706009, 0.004019295331090689, -0.0023316633887588978, 0.008557861670851707, 0.010250551626086235, -0.00523317651823163, -0.05246663838624954, -0.004467756953090429, -0.0004906102549284697, -0.014755398966372013, -0.016158105805516243, 0.00214452319778502, -0.022443313151597977, 0.020946193486452103, -0.051036957651376724, 0.021688008680939674, 0.006153702735900879, -0.013804526068270206, 0.008706225082278252, 0.007094460539519787, 0.00863204337656498, -0.0011068235617130995, -0.0061300997622311115, -0.16886435449123383, 0.026678409427404404, 0.06679043918848038, -0.030967455357313156, 0.004255327861756086, 0.036254581063985825, 0.03609273210167885, -0.014107995666563511, -0.009110852144658566, 0.011707209050655365, 0.03285571560263634, -0.028431793674826622, -0.045749831944704056, -0.03156090900301933, -0.030320052057504654, 0.0027177450247108936, 0.02381904423236847, 0.012415306642651558, 0.004747624043375254, 0.025005951523780823, 0.027406737208366394, -0.01642785780131817, -0.03040097840130329, 0.00040525925578549504, -0.001673301449045539, 0.031695783138275146, -0.0008227416547015309, 0.00028892900445498526, 0.01582091674208641, -0.024007871747016907, -0.005486068315804005, 0.0031139422208070755, 0.01149140764027834, -0.009926849976181984, -0.03212738782167435, -0.0013942773221060634, -0.011262118816375732, -0.028135066851973534, -0.002923430409282446, 0.0003342387790326029, 0.010446120984852314, 0.01358872465789318, -0.011633027344942093, -0.004484616219997406, 0.0144047224894166, 0.033664967864751816, 0.014607036486268044, 0.003941741771996021, 0.0295647494494915, -0.01242879405617714, 0.019745798781514168, -0.019516510888934135, 0.025437552481889725, -0.007714889012277126, 0.020231351256370544, 0.02810809202492237, 0.006015455350279808, 0.016913410276174545, 0.011653258465230465, -0.05090207979083061, 0.010250551626086235, -0.021620571613311768, -0.00041916832560673356, -0.013622443191707134, -0.021269895136356354, 0.014188921079039574, -0.022214023396372795, 0.02767648920416832, -0.053114041686058044, 0.001264459453523159, -0.0034056107979267836, 0.022038685157895088, 0.01726408675312996, -0.008571349084377289, 0.010506815277040005, 0.014040558598935604, -0.025855667889118195, -0.02394043281674385, -0.010574253275990486, 0.02612541988492012, -0.018046366050839424, 0.03760334104299545, -0.020460641011595726, 0.03757636249065399, 0.017749639227986336, -0.012826677411794662, 0.023684170097112656, -0.01966487430036068, 5.3001927881268784e-05, -0.00373268430121243, 0.01472842413932085, -0.02248377539217472, 0.000724113779142499, 0.0034764206502586603, 0.008031846955418587, 0.013865219429135323, -0.00800487119704485, 0.022456800565123558, 0.013757319189608097, -0.013150379061698914, -0.01035845186561346, 0.0024176465813070536, -0.04030085355043411, 0.021701496094465256, 0.018585868179798126, 0.02298281528055668, 0.0041103363037109375, -0.012779470533132553, 0.0287015438079834, 0.02736627496778965, -0.037009887397289276, 0.011026086285710335, -0.00593115808442235, 0.00890179444104433, -0.019503023475408554, 0.018909569829702377, -0.003934998065233231, -0.009899875149130821, 0.010945161804556847, 0.03191158547997475, 0.015389314852654934, -0.03638945892453194, -0.02485758811235428, 0.011484663933515549, -0.004457641392946243, -0.010277526453137398, -0.08459402620792389, -0.0031881239265203476, 0.017844052985310555, 0.02580171823501587, -0.025424065068364143, 0.0005934530054219067, -0.018882595002651215, 0.01556465309113264, -0.020582027733325958, 0.03838561847805977, -0.029699623584747314, -0.012098348699510098, -0.009333397261798382, 0.03498674929141998, 0.009380603209137917, 3.730155367520638e-05, -0.015254438854753971, -0.025936592370271683, 0.014188921079039574, 0.02706954814493656, -0.022928865626454353, -0.04394249618053436, 0.021094556897878647, -0.0032639913260936737, -0.006490892264991999, 0.023859508335590363, -0.017250599339604378, 0.00774860754609108, 0.015011662617325783, -0.011767903342843056, -0.004015923477709293, -0.0024749687872827053, 0.025963569059967995, -0.00025900345644913614, -0.016926897689700127, -0.018882595002651215, -0.013177353888750076, -0.012873883359134197, 0.03660525754094124, 0.0014086078153923154, 0.002232192549854517, 0.005307357758283615, -0.018882595002651215, -0.001245914027094841, 0.04726043716073036, -0.034177497029304504, -0.016495294868946075, 0.018127290531992912, -0.0063526444137096405, -0.01093167345970869, -0.008807381615042686, 0.01389219518750906, -0.005024118814617395, -0.02228146232664585, 0.007323749363422394, 0.02634122036397457, 0.020015550777316093, 0.013177353888750076, -0.007694657426327467, 0.020460641011595726, 0.004602632485330105, -0.013150379061698914, -0.0029740086756646633, 0.02048761583864689, 0.036065757274627686, 0.01294806506484747, -0.009630123153328896, -0.015079100616276264, 0.0024564233608543873, 0.003117314074188471, -0.004430666100233793, -0.0073304930701851845, -0.03711778670549393, 0.019287222996354103, -0.01326502300798893, 0.026772823184728622, -0.01685946062207222, 0.0070607420057058334, -0.0012956494465470314, -0.01217253040522337, -0.008362292312085629, -0.011140731163322926, -0.012597388587892056, 0.006423454266041517, 0.01060797180980444, -0.0043497406877577305, 0.009387346915900707, 0.003430900163948536, 0.00577267911285162, -0.032316211611032486, -0.007242823950946331, 0.02653004601597786, 0.008409498259425163, -0.024210184812545776, -0.007526062894612551, 0.028755495324730873, -0.027973216027021408, -0.01634693145751953, -0.0020956308580935, -0.014215896837413311, -0.02236238680779934, -0.00431602168828249, -0.05610828101634979, 0.04842036962509155, 0.0021040604915469885, 0.003587692975997925, 0.014081020839512348, -0.01232763659209013, 0.007195617537945509, -0.012361356057226658, 0.028863394632935524, 0.02964567393064499, -0.008213928900659084, 0.012199505232274532, -0.012226480059325695, -0.020163914188742638, -0.004063129890710115, -0.01904444582760334, 0.0073304930701851845, 0.0041474271565675735, -0.004720648750662804, -0.0025542082730680704, 0.016792021691799164, 0.009050157852470875, -0.011262118816375732, 0.026152394711971283, -0.009077133610844612, 0.009131083264946938, -0.02717744931578636, 0.03733358904719353, -0.020784342661499977, -0.018154267221689224, 0.019813237711787224, -0.019273733720183372, 0.017817076295614243, 0.016185080632567406, 0.017129210755228996, -0.04707161337137222, 0.009947081096470356, 0.02561289072036743, 0.011531870812177658, 0.0008792208391241729, -0.03682105988264084, -0.03026610240340233, 0.004130567889660597, -0.002377183875069022, -0.013622443191707134, -0.014269846491515636, -0.02194427326321602, -0.012219736352562904, 0.00837577972561121, 0.008052078075706959, 0.027622539550065994, 0.014081020839512348, -0.0031746362801641226, -0.020029038190841675, -0.01549721509218216, -0.03849351778626442, -0.006649370770901442, 0.00523317651823163, 0.014027070254087448, 0.037711240351200104, 0.037198711186647415, -0.004558797925710678, 0.0043868315406143665, -0.0021799281239509583, 0.009414322674274445, -0.029160121455788612, -0.021688008680939674, 0.021404771134257317, 0.015254438854753971, -0.017291061580181122, -0.004724020604044199, -0.020878754556179047, -0.00894225761294365, 0.02632773295044899, -0.009980800561606884, -0.011572333052754402, -0.014499135315418243, -0.005543390288949013, 0.003506767563521862, 0.026664922013878822, 0.02810809202492237, -0.023036766797304153, 0.011794878169894218, 0.010580996982753277, 0.02278050221502781, 0.033368244767189026, -0.021607084199786186, 0.02446644753217697, -0.00519945751875639, -0.002523861126974225, -0.01524095144122839, -0.005209573078900576, -0.008922026492655277, 0.009299677796661854, 0.005674893967807293, -0.006012083496898413, -0.02322559244930744, -0.0100954445078969, 0.019314197823405266, 0.03385379537940025, 0.0161176435649395, 0.010419146157801151, -0.0018528546206653118, -0.013716856949031353, 0.012873883359134197, 0.005175854079425335, -0.012401818297803402, -0.04170355945825577, 0.0027565215714275837, -0.013420130126178265, -0.011066549457609653, -0.007910458371043205, -0.028971295803785324, 0.015443265438079834, 0.02550499141216278, -0.002641877392306924, 0.033772870898246765, -0.01232763659209013, -0.00894225761294365, -0.015510703437030315, -0.0021984735503792763, 0.01913885958492756, 0.01903095841407776, -0.015429778024554253, 0.03342219442129135, 0.014998175203800201, -0.012887370772659779, -0.012819933705031872, 0.007991383783519268, 0.005610828287899494, -0.0010562451789155602, 0.01071587298065424, -0.02840481884777546, -0.01613113097846508, -0.003215098986402154, -0.04111010581254959, -0.001095021958462894, 0.0012821619166061282, 0.0063627599738538265, 0.059129498898983, 0.015362340025603771, -0.005219688639044762, 0.010648434981703758, 0.004241839982569218, 0.01149140764027834, 0.01591533049941063, -0.006514495238661766, -0.0269346721470356, -0.029214072972536087, 0.026826772838830948, 0.005674893967807293, 0.003427528077736497, -0.03536440432071686, -0.002158010844141245, -0.0017786730313673615, 0.009144570678472519, 0.024399010464549065, -0.018504943698644638, -0.004815061576664448, 0.006308809854090214, -0.00622114073485136, 0.007930689491331577, -0.02207914926111698, -0.004956681281328201, 0.014499135315418243, -0.002594670979306102, -0.02028530277311802, -0.014998175203800201, -0.034096572548151016, 0.009023183025419712, 0.0027716951444745064, -0.01997508853673935, -0.006133471615612507, -0.021310357376933098, -0.04704463854432106, -0.023333491757512093, 5.121060894452967e-05, 0.030535854399204254, 0.02384602092206478, -0.013959633186459541, 0.012590644881129265, -0.024736199527978897, -0.010331477038562298, -0.013258279301226139, -0.01800590381026268, 0.011882547289133072, -0.0027278605848550797, -0.033233366906642914]","[0.00454622320830822, -0.01359777431935072, 0.010816875845193863, -9.07370267668739e-05, -0.01146438904106617, 0.037433069199323654, -0.005493637174367905, -0.013502351008355618, -0.020856736227869987, -0.03045356087386608, 0.004035028629004955, 0.02531435340642929, 0.003346620127558708, 0.0013410336105152965, -0.0011765994131565094, 0.016549071297049522, 0.030589880421757698, -0.026868384331464767, 0.012779862619936466, -0.007688365411013365, -0.023133255541324615, 0.019411759451031685, -0.01044199988245964, -0.017107976600527763, 0.006372891832143068, 0.01205737516283989, 0.006959061603993177, -0.03803287073969841, -0.01890738122165203, 0.02569604478776455, 0.023310469463467598, 0.0008042794070206583, -0.010619213804602623, -0.0050062984228134155, -0.027168285101652145, -0.015349467284977436, -0.0028030499815940857, -0.0070135886780917645, 0.019261809065937996, -0.025736941024661064, -0.005612915847450495, -0.010585134848952293, -0.027781717479228973, -0.030099133029580116, -0.012827574275434017, 0.005507268942892551, -0.004205427132546902, -0.025327984243631363, -0.034352272748947144, 0.019411759451031685, 0.00031481063342653215, -0.023269575089216232, -0.027400026097893715, -0.013563694432377815, 0.023228678852319717, 0.020297830924391747, 0.027086494490504265, 0.007490703836083412, 0.01166205108165741, 0.001852228189818561, -0.009896726347506046, -0.021456537768244743, -0.004184979014098644, -0.003728311974555254, -0.013870411552488804, -0.02618679217994213, -0.0001352535473415628, 0.02127932384610176, 0.021156636998057365, 0.012323196046054363, 0.028654156252741814, 0.037596654146909714, -0.007906475104391575, -0.008785730227828026, 0.023201415315270424, -0.023610370233654976, -0.017516931518912315, -0.015390362590551376, 0.01494051143527031, 0.009303740225732327, 0.044794272631406784, 0.0012916181003674865, -0.02292877808213234, 0.02895405702292919, 0.014408869668841362, -0.01102816965430975, 0.0029444803949445486, 0.022587981075048447, -0.006676200311630964, -0.005779906176030636, 0.002608796115964651, 0.018552953377366066, 0.04040481522679329, 0.01772141084074974, 0.012820758856832981, -0.02144290693104267, 0.0001525063707958907, 0.041086409240961075, 0.03331625089049339, -0.0330708771944046, -0.019180018454790115, -0.005752642173320055, -0.003177925944328308, -0.01558120921254158, -0.04122272506356239, -0.014817825518548489, 0.009746775962412357, 0.023610370233654976, -0.01036020927131176, -0.01122583169490099, 0.0011987511534243822, 0.013754540123045444, 0.0006777587113901973, -0.015690263360738754, 0.005858289077877998, -0.014463396742939949, 0.003769207512959838, -0.009228765033185482, -0.023869376629590988, -0.0037112722638994455, 0.030508089810609818, 0.0004890427808277309, 0.008444933220744133, -0.026922911405563354, 0.011484837159514427, -0.009365083649754524, -0.004580303095281124, -0.011437125504016876, -0.029308486729860306, -0.02752271294593811, 0.015254044905304909, 0.01581295020878315, -0.01194150373339653, -0.0023293429985642433, -0.020216038450598717, 0.03129873797297478, 0.001274578389711678, -0.007408912759274244, -0.03045356087386608, -0.01564936898648739, 0.023501316085457802, 0.018525689840316772, 0.005146024748682976, 0.0006164154037833214, 0.0011382597731426358, -0.019561709836125374, 0.0035238342825323343, 0.03091704472899437, -0.004818860441446304, -0.049538157880306244, 0.0004332373500801623, -0.005456149578094482, 0.002869505202397704, -0.00037466298090294003, -0.0032120055984705687, 0.033888787031173706, -0.024142013862729073, -0.012255036272108555, -0.04324024170637131, -9.142926865024492e-05, -0.004205427132546902, 0.014327078126370907, -0.01252767350524664, 0.006229757331311703, 0.026527587324380875, 0.013665933161973953, 0.003707864321768284, -0.013195634819567204, -0.006805703043937683, -0.014626978896558285, 0.0041100038215518, 0.028190674260258675, -0.026350373402237892, 0.014885984361171722, -0.013515982776880264, 0.005146024748682976, -0.0015616993186995387, -0.017680514603853226, -0.00325119704939425, -0.001743173343129456, 0.0071771712973713875, 0.024646392092108727, 0.006931797601282597, 0.02712738886475563, 0.00047285493928939104, -0.005251671653240919, 0.018648376688361168, -0.022478926926851273, -0.0031625900883227587, -0.002583236200734973, -0.00021161323820706457, 0.020815839990973473, -0.027972564101219177, -0.007218066602945328, -0.6285920739173889, -0.018866484984755516, -0.01146438904106617, -0.004362193401902914, 0.0335070975124836, 0.03819645568728447, -0.007681549526751041, -0.0023208230268210173, -0.04244959354400635, 0.01930270530283451, 0.01849842630326748, 0.011450757272541523, -0.005572020076215267, -0.02110210992395878, 0.0038612226489931345, -0.008438117802143097, -0.016862602904438972, -0.03146231919527054, -0.012459514662623405, 0.0434856154024601, -0.016249170526862144, 0.016739916056394577, -0.020297830924391747, 0.005807169713079929, 0.017612354829907417, 0.009555929340422153, 0.006829558871686459, 0.008969759568572044, 0.007674733642488718, 0.025246193632483482, -0.01296389289200306, -0.004133859649300575, -0.008588068187236786, 0.016862602904438972, 0.044794272631406784, -0.02151106484234333, 0.0012439066777005792, 0.01661722920835018, 0.031216945499181747, 0.03628799691796303, -0.01305249985307455, -0.007020404562354088, 0.026541220024228096, 0.012650360353291035, -0.027972564101219177, 0.01991613768041134, -0.004317889921367168, -0.01669902168214321, 0.008349510841071606, -0.0220563393086195, 0.018253052607178688, 0.0007987414137460291, 0.015322203747928143, 0.028517838567495346, 0.02151106484234333, -0.007695181295275688, -0.006049135234206915, -0.018607480451464653, 0.02491902932524681, -0.0008549728081561625, -0.012002847157418728, -2.209851299994625e-05, -0.013904490508139133, -0.006267244927585125, -0.015785686671733856, 0.00522099994122982, 0.0023770544212311506, -0.009242396801710129, -0.003728311974555254, -0.01388404332101345, 0.018839221447706223, 0.002000474603846669, -0.009460506960749626, 0.001995362574234605, 0.03228022903203964, 0.016903499141335487, 0.027631767094135284, -0.0032443811651319265, 0.013856779783964157, 0.020297830924391747, 0.02111574076116085, 0.0009235580801032484, -0.030508089810609818, 0.008110953494906425, 0.05087408050894737, 0.02151106484234333, -0.01731245405972004, -0.004515551496297121, -0.00518010463565588, 0.0069795092567801476, 0.003309132531285286, 0.019575342535972595, 0.009208316914737225, -0.03165316581726074, -0.002480997471138835, 0.03339804336428642, 0.003547689877450466, 0.013570510782301426, 0.013372848741710186, -0.007368016988039017, -0.04095008969306946, 0.004621198400855064, -0.005807169713079929, 0.008560804650187492, 0.03653336688876152, 0.01622190698981285, 0.009692247956991196, 0.0033295804169028997, 0.020543204620480537, -0.023760320618748665, -0.008322246372699738, -0.036178939044475555, -0.029771968722343445, 0.0054595572873950005, 0.02500081993639469, -0.03647883981466293, 0.008383589796721935, -0.0016520102508366108, -0.003298908704891801, -0.01683533936738968, 0.027563609182834625, 0.011437125504016876, 0.02309236116707325, 0.008104137144982815, -0.0007953334716148674, 0.016017427667975426, 0.013618222437798977, -0.0047370693646371365, -0.010605582036077976, -0.0023787585087120533, -0.02017514407634735, -0.007892843335866928, 0.00869712233543396, -0.026759328320622444, 0.00048819076619111, 0.003939605783671141, 0.01968439668416977, -0.0018675639294087887, -0.0006632748991250992, -0.027549976482987404, -0.02144290693104267, 1.789180896594189e-05, 0.0007395280990749598, -0.012609465047717094, -0.005462965462356806, -0.017857728525996208, -0.007886027917265892, 0.002423061989247799, 0.016249170526862144, 0.00781105225905776, -0.03517018258571625, 0.011825633235275745, -0.006730727851390839, -0.0008234491688199341, -0.019861610606312752, -0.014477028511464596, 0.0011195159750059247, -0.0263231098651886, 0.006877270061522722, -0.04086829721927643, -0.008206375874578953, 0.0051085371524095535, -0.016589965671300888, -0.02126569114625454, -0.005422069691121578, 0.012486778199672699, -0.012473146431148052, 0.03519744798541069, 0.004351969342678785, -0.01514498982578516, 0.012323196046054363, -0.03481575474143028, -0.018621113151311874, 0.0001088418357539922, -0.019834347069263458, 0.023351365700364113, -0.016017427667975426, -0.00869712233543396, 0.014354342594742775, -0.014858720824122429, 0.004931323230266571, 0.018157629296183586, -0.0014313446590676904, -0.013918123207986355, 0.019820716232061386, 0.018389370292425156, 0.014163495972752571, -0.009324188344180584, -0.015758423134684563, 0.04438531771302223, -0.012261852622032166, 0.015131358057260513, -0.0008358030463568866, 0.024073854088783264, -0.015090461820363998, 0.02729097194969654, 0.0021367929875850677, 0.006379707716405392, 0.007252146489918232, 0.030726198107004166, 0.027222812175750732, 0.03279824182391167, -0.0020976015366613865, -0.015785686671733856, 0.0165354385972023, -0.03296182304620743, 0.011443940922617912, -0.03631525859236717, 0.015431258827447891, 0.024782709777355194, 0.01597653329372406, -0.024796342477202415, -0.025723308324813843, -0.023855743929743767, 0.0002768970443867147, 0.013325137086212635, 0.01564936898648739, 0.030726198107004166, 0.016112850978970528, 0.001475648139603436, -0.020202407613396645, 0.005670851096510887, 0.0021384970750659704, -0.012752599082887173, -0.0090515511110425, -0.013611406087875366, 0.027004702016711235, -0.014477028511464596, 0.0008894784841686487, -0.026745697483420372, 0.000555924023501575, 0.014286182820796967, 0.004668910056352615, -0.0034232994075864553, 0.028981320559978485, 0.0005750938435085118, 0.021292956545948982, 0.011403045617043972, 0.021715544164180756, 0.0023480867967009544, -0.01147120539098978, 0.024251068010926247, -0.011178120039403439, -0.015840213745832443, 0.004382641054689884, 0.005906000733375549, 0.02442828193306923, 0.00658077746629715, -0.013727276585996151, 0.027004702016711235, 0.030862517654895782, -0.008008713833987713, 0.013277425430715084, 0.00787239521741867, 0.024155644699931145, -0.0017125016311183572, 0.0019289073534309864, 0.006536473985761404, 0.03263465687632561, 0.015772055834531784, 0.001036020927131176, -0.01905733160674572, 0.013945386745035648, -0.003036495530977845, 0.01867564022541046, -0.009112894535064697, -0.02451007254421711, -0.018007678911089897, -0.029690178111195564, 0.011144040152430534, 0.005919632501900196, -0.016031060367822647, 0.024142013862729073, -0.006655752658843994, -0.013788620010018349, -0.01747603714466095, 0.048365816473960876, 0.025505198165774345, -0.008581251837313175, 0.007245330139994621, -0.011041801422834396, -0.040050387382507324, 0.04446710646152496, 0.011021354235708714, 0.00454622320830822, -0.014722402207553387, -0.012275484390556812, 0.008928864262998104, -0.0034335232339799404, 0.02403295785188675, 0.02261524647474289, 0.004113411996513605, -0.003755575744435191, -0.0110758813098073, 0.0012813942739740014, 0.014422501437366009, 0.025736941024661064, -0.024101117625832558, 0.021415643393993378, 0.012834390625357628, 0.010666925460100174, -0.00418838718906045, -0.002620723797008395, -0.008690306916832924, 0.026841120794415474, 0.004508735612034798, -0.019820716232061386, -0.02277882769703865, -0.008090505376458168, -0.022424399852752686, 0.012043742462992668, -0.02119753323495388, -0.00737483287230134, -0.023910271003842354, -0.022901514545083046, 0.016671758145093918, 0.014804193750023842, -0.0011109961196780205, 0.015254044905304909, 0.015008671209216118, -0.017353350296616554, -0.027263708412647247, -0.032934557646512985, 0.026077736169099808, 0.0699041485786438, 0.04686631262302399, 0.02096579037606716, 0.0005512380739673972, -0.0060968464240431786, 0.008765282109379768, -0.0204886756837368, -0.036724213510751724, 0.008997023105621338, 0.00016166527348104864, 0.010707821696996689, -0.01079642865806818, 0.0012362387496978045, -0.005360726732760668, -0.006205901503562927, -0.01762598752975464, 0.013734092935919762, -0.02088399976491928, -0.013924938626587391, 0.01359777431935072, -0.027495449408888817, -0.012200509198009968, 0.008806177414953709, 0.01874379999935627, 0.018961908295750618, 0.007620206102728844, -0.0034301152918487787, -9.686071280157194e-05, 0.0015284715918824077, -0.005330055020749569, -0.028845002874732018, 0.03988680616021156, 0.007340753450989723, 0.03841456398367882, -0.005074457731097937, 0.03492480888962746, -0.0054084379225969315, -0.005469781346619129, 0.00807005725800991, 0.0023702385369688272, 0.01479056105017662, -0.009617272764444351, 0.009071999229490757, 0.016985289752483368, -0.00553794065490365, -0.015608472749590874, -0.033970579504966736, 0.000451129162684083, 0.009801303036510944, -0.010142099112272263, 0.024332858622074127, -0.016412751749157906, -0.03208938241004944, 0.01635822467505932, -0.002511669183149934, -0.0019766187760978937, -0.006110478658229113, -0.006665976718068123, -0.01102816965430975, 0.0019680988043546677, -0.03686053305864334, -0.04070471599698067, 0.010653293691575527, -0.017694145441055298, -0.007886027917265892, -0.00715672317892313, -0.013918123207986355, -0.015063198283314705, -0.01348871923983097, 0.01063284557312727, -0.005486821290105581, -0.01574479043483734, -0.020434148609638214, 0.020297830924391747, 0.01063284557312727, 0.007967818528413773, 0.00325119704939425, -0.015322203747928143, -0.03481575474143028, -0.017366981133818626, -0.0363970510661602, -0.02228808030486107, 0.01691712997853756, 0.0023566067684441805, -0.0035136104561388493, -0.0025338209234178066, -0.008983391337096691, -0.019002804532647133, 0.002450325759127736, 0.02459186501801014, 0.02333773300051689, 0.01968439668416977, 0.0019254994112998247, -0.010012596845626831, -0.02057046815752983, -0.0119074247777462, 0.0006274912739172578, 0.01273215189576149, 0.020434148609638214, -0.020693155005574226, 0.043921831995248795, -0.02159285731613636, -0.0050097061321139336, -0.005936672445386648, 0.0039021181873977184, -0.006788663100451231, 0.01185971312224865, -0.022274449467658997, -0.03424321860074997, -0.016112850978970528, 0.007483887951821089, -0.0003912768152076751, -0.028763212263584137, 0.01826668344438076, 0.01605832390487194, 0.0005861697136424482, 0.007054484449326992, 0.027168285101652145, -0.005268711596727371, 0.003039903473109007, 0.013986282050609589, 0.0044405763037502766, 0.017380613833665848, -0.021497434005141258, -0.008881152607500553, 0.029553858563303947, 0.008199560455977917, -0.013147923164069653, -0.025995945557951927, 0.007681549526751041, -0.012752599082887173, 0.017816832289099693, 0.02047504484653473, -0.006038911174982786, -0.018048575147986412, 0.014286182820796967, -0.000518010463565588, -0.005701522808521986, 0.0019510590936988592, -0.030180923640727997, -0.01111677661538124, 0.021688278764486313, 0.011048617772758007, 0.0012788382591679692, -0.00929692480713129, -0.026364006102085114, -0.013618222437798977, -0.0037214960902929306, 0.017271559685468674, 0.017053449526429176, 0.00996488519012928, -0.019875243306159973, -0.012561753392219543, -0.03260739520192146, -0.015363099053502083, -0.016276434063911438, -0.005442517809569836, 0.0224652960896492, 0.029390277341008186, 0.018757430836558342, 0.015022302977740765, 0.004760925192385912, 0.0024775895290076733, 0.021388377994298935, 0.008778913877904415, 0.010476079769432545, 0.0019272033823654056, -0.004311073571443558, -0.007170354947447777, -0.0014816120965406299, -0.004140675533562899, -0.01907096430659294, 0.02530072070658207, -0.019002804532647133, 0.007770156487822533, 0.016630861908197403, -0.025368880480527878, 0.009917173534631729, -0.004559854976832867, -0.0480659157037735, 0.007845131680369377, 0.019629869610071182, 0.004515551496297121, -0.007149907294660807, -0.024482809007167816, -0.01851205714046955, -0.003036495530977845, 0.011689314618706703, -0.007913291454315186, -0.0009491178207099438, 0.008404037915170193, -0.008322246372699738, 0.03290729597210884, 0.011750658042728901, -0.002181096700951457, -0.023746689781546593, -0.006083214655518532, -0.010782796889543533, -0.02182459831237793, 0.00798826664686203, -0.007477072067558765, 0.04340382292866707, -0.02181096561253071, 0.009937621653079987, 0.019030068069696426, -0.0025287088938057423, -0.013236530125141144, 0.007470255717635155, 0.011839265003800392, -0.012848022393882275, 0.00929692480713129, -0.021770071238279343, -0.02988102287054062, -0.009603640995919704, 0.006478538736701012, 0.00474388524889946, -0.02088399976491928, 0.0017585091991350055, -0.010462448000907898, -0.03955963999032974, 0.02681385725736618, -0.011750658042728901, 0.03931426629424095, 0.02301056869328022, 0.028326991945505142, 0.013986282050609589, -0.006999956909567118, -0.00014824641402810812, -0.007920106872916222, 0.014422501437366009, 0.009644536301493645, 0.0066625685431063175, 0.042422328144311905, -0.02483723871409893, -0.01036020927131176, -0.03233475610613823, -0.009187869727611542, 0.01605832390487194, -0.03560640290379524, 0.01668538898229599, -0.006304732523858547, -0.002728074789047241, -0.00885388907045126, 0.01301160454750061, -0.010850955732166767, -0.004832492209970951, -0.02040688507258892, -0.009412795305252075, -0.007633838336914778, -0.0008707346860319376, -0.02268340438604355, 0.009917173534631729, 2.1193272914388217e-05, 0.04484879970550537, 0.00043664532131515443, -0.004464432131499052, 0.004430352710187435, 0.004144083708524704, 0.014981407672166824, -0.002450325759127736, 0.014013545587658882, 0.019357232376933098, -0.03492480888962746, 0.018321212381124496, 0.02104758284986019, 0.02720917947590351, -0.009208316914737225, -0.047248005867004395, -0.019275441765785217, 0.03448858857154846, -0.022492559626698494, 0.0034795308019965887, -0.024564601480960846, 0.008976575918495655, 0.010285234078764915, 0.015922006219625473, -0.018702903762459755, -0.017516931518912315, -0.0070817479863762856, 0.02228808030486107, 0.017898624762892723, 0.010516975075006485, -0.0031029507517814636, 0.005895776674151421, -0.013270610012114048, 0.0019459471805021167, -0.00886070542037487, -0.013134291395545006, -0.017653251066803932, -0.04798412695527077, 0.0036703767254948616, -0.012922997586429119, 0.02136111445724964, 0.0493200458586216, 0.0015310276066884398, -0.050328806042671204, 0.013147923164069653, 0.03647883981466293, -0.03146231919527054, 0.0025747164618223906, 0.027659030631184578, 0.0014833160676062107, -0.04111367091536522, 0.013788620010018349, -0.012629912234842777, -0.018239419907331467, 0.02498718909919262, 0.0026939951349049807, -0.019629869610071182, -0.04604840278625488, 0.006366075947880745, -0.005428886041045189, 0.009562745690345764, -0.01495414413511753, 0.0003991577250417322, 0.03735128045082092, 0.00861533172428608, -0.029144903644919395, -0.004593934863805771, -0.004246322438120842, 0.017353350296616554, 0.014545188285410404, 0.005480005405843258, 0.012459514662623405, 0.01739424467086792, -0.03004460595548153, 0.010264785960316658, 0.0008200412266887724, -0.03416142612695694, 0.005023338366299868, -0.014218023978173733, 0.007627022452652454, -0.02696380764245987, -0.009119709953665733, -0.00484271626919508, -0.017912255600094795, -0.018471162766218185, 0.024496441707015038, 0.023187782615423203, 0.01379543635994196, 0.022751564159989357, -0.005664035212248564, 0.007627022452652454, 0.03083525411784649, -0.015117726288735867, -0.03410689905285835, -0.01335921697318554, -0.007667917758226395, -0.013631854206323624, -0.014913247898221016, -0.010046676732599735, 0.026132263243198395, 0.0207067858427763, -0.012704887427389622, -0.02671843394637108, -0.013652301393449306, -0.01562210451811552, -0.007361201103776693, -0.009787671267986298, -0.002482701325789094, 0.027945300564169884, 0.01755782775580883, -0.0033806997817009687, 0.04482153430581093, -0.011246279813349247, 0.017912255600094795, -0.018839221447706223, 0.012105085887014866, -0.00044388725655153394, 0.0138363316655159, 0.0010948082199320197, -0.019507182762026787, -0.015922006219625473, -0.016889866441488266, 0.008410854265093803, 0.003837366821244359, 0.027563609182834625, 0.03304361552000046, -0.01882559061050415, 0.0018999396124854684, -0.0010939562926068902, -0.007265778258442879, 0.012132350355386734, 0.023051464930176735, -0.022124499082565308, -0.044003624469041824, -0.00041726251947693527, 0.004931323230266571, 0.01859384961426258, -0.0021947284694761038, -0.004399680998176336, -0.0016877938760444522, -0.022737931460142136, -0.004471248015761375, -0.039668694138526917, 0.0015719231450930238, 0.0010675445664674044, -0.016385488212108612, 0.008881152607500553, 0.009365083649754524, 0.0021657608449459076, 0.052155472338199615, -0.001231126836501062, 0.03724222630262375, -0.007204434834420681, 0.018239419907331467, -0.01063284557312727, -0.01522678043693304, 0.023678530007600784, -0.046702731400728226, 0.008151848800480366, -0.0181985255330801, 0.008956127800047398, 0.004433760419487953, -0.02262887731194496, -0.015635736286640167, 0.007197618950158358, -0.01968439668416977, 0.020352357998490334, 0.02553246170282364, -0.0024452137295156717, 0.011409861966967583, -0.022042708471417427, -0.03323445841670036, 0.0028933610301464796, -0.0014194167451933026, -0.008799361996352673, -0.019738923758268356, 0.010053492151200771, -0.035688191652297974, -0.007402096875011921, -0.013822699896991253, 0.006001423578709364, -0.007299857679754496, -8.32288569654338e-05, 0.0207067858427763, 0.1925908327102661, -0.014218023978173733, 0.0018181485356763005, 0.029690178111195564, 0.024455545470118523, 0.0008711606496945024, -0.02159285731613636, -0.00787239521741867, -0.0012532785767689347, 0.024769078940153122, 0.021497434005141258, -0.010775980539619923, -0.024073854088783264, -0.005173288751393557, 0.027631767094135284, -0.04135904461145401, -0.017107976600527763, -0.017748674377799034, -0.025586990639567375, -0.02783624641597271, 0.014095337130129337, 0.010019412264227867, -0.0008464529528282583, -0.01645364798605442, 0.020461412146687508, 0.0017210216028615832, -0.005923040676862001, 0.0023174150846898556, 0.021143006160855293, 0.010673741810023785, -0.015131358057260513, -0.020665889605879784, 0.008622147142887115, -0.004808636382222176, -0.008335879072546959, -0.012432251125574112, -0.0025951641146093607, -0.020270567387342453, 0.017966782674193382, 0.02198817953467369, 0.008042793720960617, 0.009630904532968998, 0.016589965671300888, -0.020774945616722107, 0.005292567424476147, 0.005054009612649679, -0.006802294868975878, -0.001007053186185658, 0.024782709777355194, 0.02197454869747162, -0.0016579742077738047, -0.01811673305928707, 0.030944308266043663, 0.034270480275154114, 0.0054765972308814526, -0.00430766586214304, 0.01833484321832657, -0.006846598815172911, 0.009712696075439453, -0.009371899999678135, -0.014572451822459698, 0.017339717596769333, -0.005483413115143776, 0.00190334755461663, -0.0018982356414198875, 0.011921056546270847, -0.0095695611089468, 0.027250075712800026, 0.01581295020878315, -0.018880117684602737, -0.0032256373669952154, -0.0016775700496509671, -0.020297830924391747, -0.0013768172357231379, -0.013304688967764378, -0.004944954998791218, 0.045121435075998306, 0.02791803702712059, 0.028490575030446053, 0.02979923225939274, -0.012091454118490219, -0.023828480392694473, -0.00173465337138623, -0.01562210451811552, -0.015294940210878849, -0.014545188285410404, -0.002641171682626009, -0.00035251121153123677, -0.0032068935688585043, -0.018607480451464653, 0.005098313558846712, 0.007456623949110508, 0.0041202278807759285, 0.0017252814723178744, 0.0011288878740742803, 0.002283335430547595, -0.016576334834098816, 0.0112326480448246, -0.03274371474981308, 0.0020601139403879642, -0.02561425417661667, -0.005691299214959145, 0.025423407554626465, 0.02001156099140644, 0.005033561959862709, -0.020761312916874886, 0.0032920928206294775, 0.012745783664286137, 0.0033244683872908354, -0.03266192227602005, -0.007422544527798891, -0.026282213628292084, 0.008206375874578953, -0.008819809183478355, -0.034597646445035934, 0.006843190640211105, 0.016262801364064217, -0.007524783257395029, -0.0042735859751701355, 0.0003789229376707226, -0.01427255105227232, -0.03786928951740265, -0.011689314618706703, 0.011362150311470032, -0.006846598815172911, -0.007817868143320084, 0.009801303036510944, -0.004873387981206179, 0.0002600701991468668, -0.019152754917740822, 0.004614382516592741, -0.02704559825360775, -0.005040377844125032, -0.0033227642998099327, -0.00971951149404049, -0.011355333961546421, -0.038632672280073166, -0.025287089869379997, 0.009283292107284069, -0.0007258962141349912, 0.005803762003779411, 0.0164400152862072, -0.0033432121854275465, -0.017516931518912315, 0.00670005613937974, -0.021701911464333534, 0.0033023166470229626, -0.007368016988039017, -0.021606488153338432, -0.010660110041499138, 0.004968810826539993, 0.004116819705814123, -0.022192658856511116, -0.030971571803092957, 0.0220563393086195, 0.0005346242687664926, 0.00500289024785161, -0.035797249525785446, 0.016003796830773354, 0.02348768338561058, -0.022519823163747787, 0.01604469120502472, 0.045748502016067505, -0.021388377994298935, -0.005381174385547638, -0.016249170526862144, -0.17339718341827393, 0.008342694491147995, 0.019643502309918404, -0.014149864204227924, 0.007606574334204197, 0.03012639656662941, 0.0443035252392292, -0.0006049135117791593, -0.028763212263584137, 0.0026837713085114956, 0.015540312975645065, 0.014449764974415302, -0.029281221330165863, 0.00472343759611249, -0.005064233671873808, -0.0071294596418738365, 0.016031060367822647, 0.015117726288735867, 0.023910271003842354, 0.011280358768999577, 0.03345257043838501, -0.035797249525785446, 0.022042708471417427, 0.00454622320830822, -0.009194685146212578, 0.010217074304819107, 0.0023651267401874065, 0.030562616884708405, 0.03260739520192146, -0.012268668040633202, -0.010135283693671227, -0.007858763448894024, 0.0005721118650399148, -0.00356813776306808, -0.0037487598601728678, 0.004876795690506697, -0.004781372845172882, -0.0037930633407086134, -0.027100125327706337, -0.0021487209014594555, 0.03811466321349144, 0.004696173593401909, -0.013509167358279228, -0.011443940922617912, -0.004181571304798126, 0.0336979441344738, 0.03377973288297653, -0.016385488212108612, -0.015117726288735867, 0.01387722697108984, 0.041086409240961075, -0.025259824469685555, 0.005381174385547638, 0.00242135813459754, 0.03012639656662941, 0.008887968957424164, -1.0570011909294408e-05, -0.0053232391364872456, -0.01344100758433342, -0.0011109961196780205, -0.0036908243782818317, -0.007640654221177101, 0.009174237959086895, -0.006935205776244402, -0.004600750748068094, -0.0037487598601728678, -0.013672749511897564, 0.004232690669596195, -0.02009335346519947, 0.0005831877351738513, -0.008887968957424164, -0.003605625359341502, 0.021524697542190552, 0.017830464988946915, 0.0035749536473304033, 0.0017159095732495189, -0.03108062595129013, 0.003459082916378975, 0.026909278705716133, 0.017530564218759537, 0.004944954998791218, 0.016562702134251595, -0.002821793779730797, -0.011089513078331947, 0.0046416460536420345, 0.003980501554906368, 0.001884603756479919, 0.015008671209216118, -0.023501316085457802, -0.0220563393086195, 0.0030552393291145563, -0.0031659980304539204, 0.012227772735059261, -0.03977774828672409, -0.007258962374180555, 0.006942021660506725, -0.00010261165152769536, 0.00506082596257329, 0.0191391222178936, -0.009405978955328465, -0.009085630998015404, 0.01754419505596161, -0.038223717361688614, -0.017857728525996208, 0.020188774913549423, 0.015840213745832443, -0.018048575147986412, 0.011716578155755997, 0.04885656386613846, -0.029226694256067276, -0.03980501368641853, -0.013120659627020359, 0.005541348829865456, 0.03367067873477936, -0.03020818904042244, 0.025355247780680656, -0.012991156429052353, -0.004542815499007702, 0.034761227667331696, -5.311630593496375e-05, 0.05654492974281311, -0.01209827046841383, -0.00841766968369484, 0.011757474392652512, -0.005629955790936947, -0.02253345400094986, -0.10780069977045059, -0.02009335346519947, 0.01590837351977825, -0.004610974807292223, 0.009256028570234776, 0.0024383978452533484, -0.01669902168214321, 0.012984341010451317, -0.00670005613937974, 0.022969674319028854, -0.017298823222517967, -0.028217937797307968, 0.012227772735059261, -0.01237772312015295, -0.004692765884101391, 0.0043724169954657555, -0.005064233671873808, 0.01566299982368946, -0.01612648367881775, 0.04040481522679329, -0.014027177356183529, -0.008887968957424164, -0.013188818469643593, -0.016480911523103714, 0.0003192835720255971, 0.009228765033185482, -0.017530564218759537, 0.011689314618706703, 0.01683533936738968, 0.016739916056394577, 0.03718769922852516, -0.01969802938401699, 0.02198817953467369, -0.02016151137650013, 0.013693197630345821, -0.02412838116288185, -0.034761227667331696, -0.012548121623694897, 0.023392261937260628, -0.03585177659988403, -0.005292567424476147, -0.0049551790580153465, 0.01412260066717863, -0.022397136315703392, -0.042749494314193726, 0.0006807406898587942, -0.007742892950773239, 0.026200423017144203, -0.022833354771137238, -0.000797463464550674, -0.010694188997149467, 0.0022560718934983015, -0.024850869551301003, -0.016958026215434074, 0.026609377935528755, -0.015458522364497185, 0.010073940269649029, -0.00693861348554492, -0.028027091175317764, 0.004965402651578188, -0.029199430719017982, -0.023773953318595886, -0.028190674260258675, 0.025818731635808945, 0.021320220082998276, 0.02389664016664028, -0.022751564159989357, -0.007579310797154903, 0.011171304620802402, -0.006372891832143068, -0.03170769289135933, 0.010339761152863503, -0.013952202163636684, 0.030099133029580116, -0.036178939044475555, -0.003997541032731533, -0.00534027861431241, -0.014354342594742775, 0.008908416144549847, -0.0038509988225996494, -0.010332944802939892, 0.0006820186972618103, -0.008131400682032108, -0.004004356916993856, -0.0028115699533373117, -0.004092964343726635, -0.01708071306347847, 0.013652301393449306, 0.009385531768202782, -0.0322529673576355, 0.008397221565246582, 0.02625495009124279, 0.0181985255330801, -0.012425434775650501, -0.01083732396364212, -0.0016622341936454177, 0.014477028511464596, -0.0030330875888466835, 0.01194832008332014, -0.0037828395143151283, -0.03345257043838501, -0.004300849977880716, -0.038714464753866196, 0.02799982763826847, 0.005272119306027889, -0.010387472808361053, 0.008601699955761433, -0.015949269756674767, 0.017339717596769333, -0.015022302977740765, -0.012745783664286137, 0.012030110694468021, -0.005248263943940401, 0.027018334716558456, -0.00472343759611249, -0.01795315183699131, -0.02332410216331482, -0.013461455702781677, 0.01562210451811552, -0.007047668565064669, 0.0030978387221693993, -0.017680514603853226, -0.02824520133435726, -0.014626978896558285, 0.028926793485879898, 0.008035978302359581, -0.0013870411785319448, 0.0009474138496443629, 0.010380656458437443, 0.037514861673116684, -0.014804193750023842, -0.018552953377366066, 0.02065225876867771, -0.015444890595972538, 0.004706397652626038, 0.025014452636241913, -0.007408912759274244, -0.007858763448894024, -0.020747682079672813, 0.015608472749590874, 0.028136147186160088, 0.0146678751334548, -0.01968439668416977, -0.008622147142887115, 0.007020404562354088, -0.02047504484653473, 0.015690263360738754, 0.013815883547067642, -0.029226694256067276, -0.004979034420102835, -0.010176178999245167, -0.01233682781457901, 0.022083602845668793, -1.2786519619112369e-05, 0.010687373578548431, -0.01320926658809185, -0.004975626710802317, -0.0033568439539521933, -0.021947285160422325, 0.012316379696130753, 0.042749494314193726, -0.00046816898975521326, 0.03606988489627838, 0.0006394191295839846, 0.007851948030292988, -0.016317328438162804, -0.0026837713085114956, -0.019466286525130272, 0.010782796889543533, 0.031734954565763474, 0.008206375874578953, -0.014654243364930153, 0.00022151762095745653, 0.006430827081203461, 0.003619257127866149, 0.012364091351628304, 0.027086494490504265, 0.02750908024609089, -0.014681506901979446, 0.02192002162337303, 0.009712696075439453, 0.0015804431168362498, 0.004985850770026445, 0.0018215564778074622, -0.0207067858427763, 0.002513373037800193, 0.01036020927131176, 0.01205737516283989, -0.010714637115597725, 0.001679274020716548, 0.003191557712852955, 0.0066148568876087666, -0.034352272748947144, 0.012118717655539513, 0.002612204058095813, 0.01867564022541046, 0.010217074304819107, 0.009467322379350662, -0.013761356472969055, -0.005664035212248564, 0.002102713566273451, 0.03140779212117195, -0.003939605783671141, 0.015090461820363998, -0.0032801649067550898, -0.031135154888033867, -0.023269575089216232, 0.0042735859751701355, -0.008997023105621338, -0.0250689797103405, 0.03964143246412277, 0.017380613833665848, 0.006567145697772503, -0.029553858563303947, -0.02436012215912342, 0.005186920519918203, -0.01811673305928707, 0.00846538133919239, -0.03860541060566902, -0.030698934569954872, -0.017762305215001106, 0.003908934071660042, 0.02673206478357315, -0.009371899999678135, -0.007197618950158358, 0.0146678751334548, 0.024169277399778366, 0.0008741426281630993, 0.031353265047073364, -0.0003122546477243304, 0.006321772467344999, -0.001190231298096478, -0.0008477309020236135, -0.014095337130129337, 0.003816919168457389, -0.012214140966534615, -0.02245166338980198, -0.013652301393449306, -0.017816832289099693, 0.013999913819134235, 0.013045684434473515, 0.08288167417049408, 0.002131681190803647, -0.022192658856511116, 0.014763297513127327, -0.026118632405996323, 0.0351429209113121, 0.011975583620369434, 0.006792071275413036, 0.005115353036671877, -0.017598723992705345, 0.017530564218759537, -0.016549071297049522, -0.0273591298609972, -0.02206997200846672, -0.012186877429485321, 0.024932660162448883, -0.01514498982578516, 0.009474138729274273, -0.012582201510667801, -0.005554980598390102, -0.016562702134251595, 0.00913334172219038, 0.011573444120585918, 0.020134247839450836, 0.011103144846856594, -0.0032068935688585043, 0.010455631650984287, 0.012241404503583908, -0.009814934805035591, -0.003609033301472664, -0.0016605302225798368, -0.006389931309968233, -0.026786593720316887, -0.0003163016226608306, 0.009876278229057789, -0.019902506843209267, 0.005865104962140322, -0.0063933394849300385, 0.040541134774684906, 0.01859384961426258, 0.005016522016376257, 0.014149864204227924, -0.018784694373607635, -0.0034420432057231665, 0.00017146316531579942, 0.007967818528413773, 0.02759087271988392, -0.028408784419298172, -0.02451007254421711]"
19102,"Count the duration of a variable in a state (true/false)<p>I am trying to <strong>count the duration</strong> of a variable in a specific state (true or false) in seconds then store it in a mongo database, but I can't figure out how to proceed.</p>
<p><em>Example : if &quot;my_var&quot; is true for 60 seconds, then &quot;my_var_time&quot; = 60 on the database.</em></p>
<p>I was thinking about running a script that would check &quot;my_var&quot; value each second, but that would not be reliable. It can't work if the program doesn't end in less than one second, which is likely if multiple objects are checked during the process.</p>
",Wrap my example in another `div` and your `LEN` test breaks.,"Embed Field: Count the duration of a variable in a state (true/false)<p>I am trying to <strong>count the duration</strong> of a variable in a specific state (true or false) in seconds then store it in a mongo database, but I can't figure out how to proceed.</p>
<p><em>Example : if &quot;my_var&quot; is true for 60 seconds, then &quot;my_var_time&quot; = 60 on the database.</em></p>
<p>I was thinking about running a script that would check &quot;my_var&quot; value each second, but that would not be reliable. It can't work if the program doesn't end in less than one second, which is likely if multiple objects are checked during the process.</p>; Answer: Wrap my example in another `div` and your `LEN` test breaks.","[-0.014813611283898354, 0.03050193190574646, 0.013028924353420734, -0.011977862566709518, -0.02055564895272255, -0.013635576702654362, -0.020132403820753098, -0.0208660289645195, -0.03038906492292881, -0.004422921221703291, 0.004673341754823923, 0.03927723318338394, -0.010087364353239536, -0.015956375747919083, 0.011780347675085068, 0.010214338079094887, -0.00458869244903326, -0.0023525424767285585, 0.011357101611793041, -0.03072766214609146, -0.01944110170006752, 0.005632699467241764, -0.00945249479264021, -0.013797820545732975, -0.018086714670062065, -0.008189810439944267, 0.007131695747375488, -0.015519021078944206, 0.00518829096108675, 0.014326878823339939, 0.012760868296027184, 0.0002795187465380877, -0.006355744786560535, -0.015843510627746582, -0.029655439779162407, -0.011152532882988453, -0.006525042932480574, 0.012979545630514622, 0.045851655304431915, -0.005854903720319271, 0.03148950636386871, 0.015011126175522804, -0.003599354764446616, -0.016943950206041336, -0.024308430030941963, 0.013762550428509712, 0.016520703211426735, -0.03301319107413292, -0.026354119181632996, -0.011977862566709518, 0.01630908064544201, 0.03256172686815262, -0.05064844340085983, 0.0016771124210208654, -0.002908053109422326, -0.01798795722424984, 0.03679418936371803, -0.003735146252438426, -0.005639753304421902, -0.0027722616214305162, 0.015829401090741158, 0.014644312672317028, 0.00616528419777751, -0.0137837128713727, -0.021289275959134102, -0.0211481936275959, -0.029796520248055458, 0.006278149783611298, -0.001253866357728839, 0.027863698080182076, 0.007533779367804527, 0.028837163001298904, 0.004373542498797178, -0.00486027542501688, 0.0271441787481308, 0.015716535970568657, 0.005953661166131496, 0.017183789983391762, 0.01955396682024002, 0.0014169925125315785, 0.007533779367804527, -0.005382278934121132, -0.011533454991877079, 0.03354930132627487, 0.02662217617034912, 0.010263716802001, 0.006383961066603661, 0.041506327688694, -0.01704270765185356, -0.01224591862410307, -0.003003283403813839, -0.005477508995682001, 0.014326878823339939, 0.03484725579619408, 0.021190518513321877, 0.009600630961358547, -0.0271441787481308, 0.008859950117766857, -0.017719900235533714, 0.008747084997594357, -0.03417006507515907, 0.0008769129053689539, -0.014235175214707851, -0.021641980856657028, -0.015942268073558807, -0.01157577894628048, 0.013931849040091038, -0.015984592959284782, -0.00575261889025569, -0.017691684886813164, -0.024068592116236687, 0.025535844266414642, 0.016690002754330635, 0.006034783087670803, -0.007470292504876852, 0.017085032537579536, 0.007999350316822529, -0.031912751495838165, -0.03357752040028572, -0.005625645164400339, 0.0036293347366154194, 0.029034677892923355, 0.027214720845222473, -0.022248633205890656, 0.019709156826138496, -0.01438331138342619, 0.03081231191754341, -0.026043739169836044, 0.004077270161360502, -0.025578169152140617, 0.051438502967357635, 0.007738348562270403, 0.00028326624305918813, 0.01384014543145895, -0.01157577894628048, -0.009558306075632572, -0.029768304899334908, 0.01131477765738964, -0.02602963149547577, -0.003162000561133027, 0.016690002754330635, 0.01704270765185356, 0.0015642468351870775, -0.015956375747919083, -0.024308430030941963, 0.041732057929039, -0.015561345964670181, 0.004303001333028078, -0.004285366274416447, -0.020936571061611176, 0.02337728999555111, -0.011152532882988453, 0.010425960645079613, 0.01622443087399006, -0.01529328990727663, 0.024957407265901566, 0.011039667762815952, -0.00843670405447483, 0.010045039467513561, -0.00011115719826193526, 0.01271148957312107, 0.03078409470617771, 0.014898260124027729, -0.0010466522071510553, 0.005953661166131496, 0.015335614793002605, 0.002509496407583356, -0.034254711121320724, 0.00015739462105557323, 0.009001032449305058, 0.0018534649861976504, 0.03637094423174858, -0.048729728907346725, 0.03321070596575737, 0.003200798062607646, 0.008246243931353092, -0.012224756181240082, 0.0019081342034041882, -0.01961039938032627, -0.03050193190574646, -0.00916327629238367, 0.018919097259640694, -0.005932498723268509, 0.034424010664224625, -0.011512292549014091, -0.0025183139368891716, 0.022897610440850258, 0.017748117446899414, -0.0037845249753445387, 0.017536494880914688, 0.0007309811771847308, 0.009240872226655483, 0.011611049994826317, 0.0016779941506683826, -0.6099257469177246, 0.002490097424015403, -0.002588854869827628, -0.019173044711351395, -0.0052411966025829315, -0.006172338034957647, -0.017409520223736763, 0.014108201488852501, -0.047996100038290024, 0.041280597448349, 0.00850724522024393, -0.01258451584726572, 0.00021030037896707654, 0.0012856097891926765, 0.0042218794114887714, 0.0024319011718034744, -0.0048391129821538925, 0.0004541077360045165, -0.018679259344935417, 0.006373379845172167, -0.04446905106306076, 0.01958218403160572, 0.0018323026597499847, 0.04731890559196472, -0.009748767130076885, -0.011864997446537018, -0.015011126175522804, 0.010665800422430038, 0.018425310030579567, 0.005237669683992863, -0.0206402987241745, -0.002888654125854373, -0.004186608828604221, 0.03273102641105652, 0.054514091461896896, -0.03369038552045822, -0.01032014936208725, 0.002299636835232377, -0.013635576702654362, 0.05852081999182701, -0.02212166041135788, 0.0013817219296470284, 0.041506327688694, -0.02212166041135788, -0.02485864982008934, 0.005011938512325287, 0.00040098154568113387, -0.012422271072864532, 0.0043947044759988785, -0.019003747031092644, 0.006249933037906885, -0.016125673428177834, 0.00562211824581027, 0.018594609573483467, -0.002230859361588955, 0.008408487774431705, 0.016943950206041336, 0.0013420426985248923, 0.012274134904146194, -0.019920779392123222, -0.004828531760722399, -0.01764936000108719, -0.019426994025707245, 0.013607360422611237, -0.04714960977435112, -0.01787509024143219, 0.005911336280405521, 0.004116067662835121, 0.0005718230386264622, 0.017141465097665787, 0.01544848084449768, 0.024985624477267265, -0.00453225988894701, 0.009826362133026123, 0.02799067087471485, 0.014982909895479679, 0.03566553443670273, -0.025705141946673393, -0.009113898500800133, -0.000412885332480073, 0.0012344676069915295, -0.015772968530654907, -0.01915893703699112, 0.004465245641767979, 0.008683597669005394, -0.00714933080598712, -0.018199579790234566, -0.004303001333028078, 0.014397419057786465, 0.013007761910557747, 0.018143147230148315, 0.03933366388082504, -0.0019098977791145444, 0.003036790294572711, -0.0279624555259943, 0.011018505319952965, 0.007103479467332363, 0.021768955513834953, 0.015392047353088856, -0.011568725109100342, -0.014686637558043003, -0.012796138413250446, 0.006394542288035154, 0.000630460272077471, 0.029852954670786858, -0.00332777202129364, -0.006588529795408249, -0.0008116624667309225, 0.03346465528011322, -0.029288625344634056, -0.0019204788841307163, -0.023476047441363335, -0.03030441701412201, -0.0020227632485330105, -0.012789084576070309, -0.0415627621114254, 0.03893863409757614, -0.010644637979567051, 0.011441751383244991, 0.0014117019018158317, -0.01237289234995842, 0.016718218103051186, 0.016802867874503136, -0.015208641067147255, 0.006863640155643225, 0.024562379345297813, 0.0069729783572256565, 0.00378099805675447, -0.01790330745279789, -0.0019963104277849197, 0.009678225964307785, 0.010926801711320877, 0.03662488982081413, -0.013360466808080673, 0.008048729039728642, -0.012168323621153831, 0.01525096595287323, 0.0003059716254938394, -0.004641598090529442, -0.0034935432486236095, 0.002632942982017994, 0.025324221700429916, 0.019765589386224747, -0.03930544853210449, -0.014418581500649452, -0.048221830278635025, -0.03939009830355644, 0.012633894570171833, -0.007964079268276691, 0.009769929572939873, 0.007942917756736279, -0.005004884209483862, -0.0019892563577741385, 0.0048391129821538925, -0.02169841341674328, -0.012464595958590508, -0.0032219605054706335, -0.01690162532031536, -0.008542516268789768, -0.018058497458696365, -0.0021585547365248203, 0.019652724266052246, -0.007639591116458178, 0.009840470738708973, -0.008168648928403854, -0.02594498172402382, 0.00023344664077740163, 0.017550602555274963, -0.0059395525604486465, -0.03132020682096481, 0.009276142343878746, -8.858958608470857e-06, -0.023066909983754158, -0.013593251816928387, -0.0064650834538042545, 0.02234739065170288, -0.03273102641105652, -0.010630529373884201, -0.013868361711502075, -0.007138750050216913, 0.006302839145064354, 0.014785395003855228, -0.002049216302111745, -0.0018799178069457412, 0.024929191917181015, 0.02209344319999218, 0.004271258134394884, 0.02574746683239937, 0.019680941477417946, 0.011477021500468254, 0.025846224278211594, -0.005819633137434721, -0.012993653304874897, 0.006285203620791435, -0.011653373949229717, 0.023038692772388458, 0.01166042871773243, 0.0008398788631893694, -0.009480711072683334, 0.01369906309992075, 0.018608717247843742, 0.014771286398172379, 0.017296655103564262, -0.0280471034348011, -0.0034247657749801874, -0.01921536959707737, 0.010701070539653301, 0.01398122776299715, 0.03896685317158699, 0.005177709739655256, -0.005943079944700003, 0.011441751383244991, -0.00838027149438858, -0.012739705853164196, 0.021500898525118828, 0.03343643620610237, -0.00945249479264021, -0.0011163114104419947, 0.00419013574719429, 0.0077524567022919655, 0.027750831097364426, -0.008295622654259205, 0.023052800446748734, 0.007893539033830166, -0.02198057807981968, 0.014058822765946388, 0.001203605905175209, 0.034988339990377426, -0.009939228184521198, -0.045230891555547714, 0.01523685734719038, 0.012767922133207321, 0.019285911694169044, -0.0014866517158225179, 0.01384014543145895, 0.014404473826289177, 0.037697114050388336, -0.01117369532585144, 0.02463291957974434, 0.005703240167349577, -0.011512292549014091, 0.01633729785680771, 0.023673562332987785, -0.03871290385723114, 0.04466656595468521, 0.019257694482803345, 0.028512675315141678, 0.008789408951997757, -0.024463621899485588, 0.014757178723812103, 0.004489935003221035, 0.014785395003855228, -0.017085032537579536, -0.0033806776627898216, 0.003354224842041731, 0.0012441669823601842, -0.005583320744335651, -0.00015915815311018378, 0.00525883212685585, 0.043142881244421005, 0.015335614793002605, -0.0021603184286504984, 0.0007794781122356653, -0.02460470236837864, 0.01750827766954899, -0.011074937880039215, -0.029570790007710457, -0.020202944055199623, -0.014228121377527714, -0.008295622654259205, 0.010559989139437675, -0.014573771506547928, 0.02044278383255005, -0.01317000575363636, 0.026523418724536896, -0.015928158536553383, -0.007300994358956814, 0.023588912561535835, -0.012020187452435493, 0.0025535845197737217, -0.022051118314266205, -0.003643442876636982, 0.015928158536553383, -0.015956375747919083, -0.015829401090741158, -0.025296004489064217, 0.01616799831390381, 0.037273868918418884, 0.0028974718879908323, -0.007001195102930069, 0.005170655902475119, -0.007512617390602827, -0.007794781122356653, -0.013628522865474224, 0.016915732994675636, 0.027355803176760674, 0.05231321230530739, 0.0019046071683987975, 8.321634231833741e-05, 0.007731294259428978, -0.0009090972016565502, 0.02659395895898342, -0.014559663832187653, -0.03284389153122902, 0.018086714670062065, 0.009953335858881474, 0.0005118631524965167, -0.03696348890662193, -0.017832767218351364, 0.011420588940382004, -0.003971458878368139, -0.027553318068385124, -0.006154702976346016, 0.0002471139596309513, 0.005921917501837015, 0.03919258341193199, -0.010898585431277752, -0.027750831097364426, 0.012422271072864532, 0.025507627055048943, 0.0015360304387286305, -0.014242229051887989, -0.021077653393149376, 0.01898963935673237, 0.032082051038742065, -0.01536383107304573, 0.005064844153821468, 0.010270770639181137, -0.029627222567796707, 0.0057596731930971146, -0.01230235118418932, -0.0074491300620138645, 0.017254330217838287, -0.01963861659169197, -0.03524228557944298, -0.0019592763856053352, 0.017437737435102463, -0.00033264493686147034, 0.004306528251618147, 0.014616096392273903, 0.015984592959284782, -0.01630908064544201, 0.0138965779915452, -0.009741713292896748, 0.0024407189339399338, -0.004161919467151165, 0.01150523778051138, 0.03789462894201279, -0.010962072759866714, -0.015462588518857956, 0.014397419057786465, 0.034706175327301025, -0.0043629612773656845, 0.009128006175160408, 0.004676868673413992, 0.02516903169453144, 0.022361498326063156, 0.022417932748794556, -0.019426994025707245, 0.02192414551973343, 0.024209672585129738, 0.03157415613532066, 0.02346193790435791, -0.010468285530805588, -0.0011313013965263963, 0.04159097746014595, -0.016548920422792435, 0.01237289234995842, 0.027948345988988876, -0.02536654658615589, 0.016887517645955086, 0.029768304899334908, -0.00897987000644207, 0.016182105988264084, 0.0013746678596362472, -0.02169841341674328, -0.04401758685708046, -0.008563677780330181, 0.009240872226655483, -0.012323513627052307, 0.0038868095725774765, -0.022700095549225807, -0.030925177037715912, -0.005727929528802633, -0.00812632404267788, -0.015956375747919083, 0.04477943107485771, -0.001340279122814536, -0.005339954048395157, -0.010969126597046852, -0.008627165108919144, -0.014644312672317028, -0.004705084953457117, -0.002123284386470914, -0.014757178723812103, -0.03402898088097572, -0.027158288285136223, 0.01918715424835682, 0.025394761934876442, 0.01890498958528042, 0.005244723986834288, -0.01824190467596054, 0.0017520622350275517, -0.01773400977253914, -0.021218733862042427, -0.025154922157526016, -0.0026523417327553034, -0.00818275660276413, -0.008041675202548504, 0.010637584142386913, 0.021289275959134102, 0.0074491300620138645, -0.022615445777773857, 0.019116612151265144, 0.0007653699140064418, -0.011180749163031578, 0.04878615960478783, -0.037781763821840286, 0.019680941477417946, -0.004257149528712034, -0.006532097235321999, 0.015392047353088856, 0.009699388407170773, -0.006553259678184986, 0.017183789983391762, -0.01935645192861557, -0.010842152871191502, -0.004652179311960936, -0.011357101611793041, 0.007463238667696714, -0.012873733416199684, 0.023081017658114433, -0.005385805852711201, -0.013748441822826862, -0.005978350527584553, 0.001595108537003398, 0.011342993937432766, -0.015490804798901081, 0.04376364126801491, 0.01010852586477995, -0.004740355536341667, 0.006278149783611298, 0.008408487774431705, -0.015815293416380882, -0.010454176925122738, -0.005964241921901703, 0.019737374037504196, -1.65606033988297e-05, 0.016069240868091583, 0.007935862988233566, 0.004352380055934191, -0.002520077396184206, -0.005572739522904158, -0.009128006175160408, -0.0011383554665371776, -0.011879105120897293, -0.01198491733521223, -0.005981877446174622, -0.03893863409757614, -0.015547238290309906, -0.025324221700429916, -0.0002550498174969107, -0.01835476979613304, 0.018834449350833893, -0.003371860133484006, -0.019257694482803345, -0.01369906309992075, -0.010898585431277752, 0.02226274088025093, -0.01177329383790493, -0.023250315338373184, 0.023306747898459435, 0.010962072759866714, 0.0204709991812706, 0.015392047353088856, -0.0008209209772758186, -0.03580661490559578, -0.014101147651672363, -0.02198057807981968, -0.028893595561385155, 0.00843670405447483, 0.011484076268970966, 0.02237560786306858, -0.0017159100389108062, 0.035072989761829376, -0.0023666508495807648, 0.009304358623921871, -0.008260351605713367, 0.014644312672317028, 0.019807914271950722, 0.029091110453009605, -0.021218733862042427, 0.01039069052785635, -0.017338979989290237, 0.03608877956867218, 0.02041456662118435, 0.015462588518857956, -0.0068318964913487434, -0.003345407312735915, 0.03569374978542328, -0.004006728995591402, -0.002013945719227195, -0.015561345964670181, -0.03608877956867218, -0.006592057179659605, 0.017226113006472588, -0.014390365220606327, -0.016746435314416885, -0.025437086820602417, -0.01372728031128645, -0.007001195102930069, 0.014503231272101402, 0.009043357335031033, -0.011709807440638542, 0.019807914271950722, -0.005660915747284889, 0.006101796869188547, -0.018524067476391792, 0.017691684886813164, -0.014545555226504803, -0.000840319728013128, -0.011639266274869442, 0.0009381953859701753, 0.024929191917181015, 0.000891461968421936, -0.0010810409439727664, -0.010263716802001, 0.008076945319771767, -0.03910793364048004, 0.006807207129895687, -0.019285911694169044, -0.016182105988264084, -0.004676868673413992, -0.005597428884357214, -0.002453063614666462, -0.01242932491004467, -0.002391340211033821, -0.015152208507061005, 0.014326878823339939, 0.017324870452284813, -0.004514624364674091, 0.011956701055169106, -0.013847199268639088, -0.012598623521625996, 0.002269656863063574, -0.024350754916667938, 0.037302084267139435, 0.016831085085868835, 0.01773400977253914, 0.02614249661564827, -0.01111726276576519, -0.012083674781024456, -0.018636934459209442, 0.03809214383363724, 0.012612732127308846, 0.03670953959226608, 0.013762550428509712, -0.037781763821840286, 0.011131370440125465, 0.01633729785680771, -0.007209290750324726, 0.002826930722221732, -0.04774215444922447, 0.01709914021193981, -0.013522710651159286, -0.026213038712739944, -0.01642194576561451, 0.010792774148285389, -0.045484840869903564, 0.012055457569658756, -0.00850724522024393, 0.01650659553706646, -0.0031143855303525925, 0.012224756181240082, -0.02773672342300415, 0.018256012350320816, -0.022798852995038033, 0.021712521091103554, 0.007717186119407415, -0.00883878767490387, -0.03834608942270279, 0.010531771928071976, 0.004059635102748871, 0.006345163565129042, 0.005311737768352032, 0.02203701063990593, -0.00618644617497921, -0.014686637558043003, 0.013134735636413097, -0.008831733837723732, -0.0017749880207702518, -0.02402626723051071, -0.020654406398534775, 0.034480445086956024, -0.040293022990226746, -0.011907322332262993, 0.0073080481961369514, 0.002826930722221732, -0.00178733270149678, 0.002378995530307293, -0.028357485309243202, -0.03385968133807182, -0.007022357080131769, 0.003999675158411264, 0.02452005445957184, 0.001221241196617484, 0.004489935003221035, -0.031856317073106766, -0.0039926208555698395, 0.0031355477403849363, -0.03072766214609146, -0.01898963935673237, 0.006376906763762236, -0.039897993206977844, -0.02220630832016468, -0.036991704255342484, 0.012337622232735157, 0.009861632250249386, 0.012401108630001545, -0.010002714581787586, 0.021585548296570778, 0.02642466127872467, -0.025578169152140617, -0.01901785470545292, -0.016407838091254234, -0.011469967663288116, -0.02531011402606964, -0.00010636261140462011, -0.018580501899123192, -0.02317977510392666, 0.006091216113418341, -0.010722232982516289, 0.00046292535262182355, -0.006517989095300436, 0.005036627873778343, 0.017324870452284813, -0.02634001150727272, -0.015984592959284782, -0.03408541530370712, -0.0025500573683530092, 0.01935645192861557, -0.030981609597802162, -0.013360466808080673, 0.009826362133026123, -0.023334965109825134, 0.013861307874321938, -0.008951653726398945, 0.004359434358775616, -0.0025624020490795374, -0.005523360799998045, -0.005417549517005682, 0.010256662033498287, -0.015603670850396156, 0.01667589321732521, 0.004179554525762796, -0.005421076435595751, -0.017070923000574112, -0.0075972662307322025, -0.06331760436296463, -0.01570242829620838, -0.015815293416380882, 0.021388033404946327, -0.031715236604213715, -0.010164959356188774, -0.00852135382592678, 0.03239243105053902, -0.002252021571621299, 0.006648489739745855, -0.015970483422279358, 0.0031955076847225428, -0.011011451482772827, -0.03922079876065254, -0.01150523778051138, -0.014601988717913628, -0.009015141054987907, 0.051523152738809586, 0.03267459571361542, -0.004398231860250235, -0.016294972971081734, -0.016746435314416885, -0.013557981699705124, 0.0030068103224039078, 0.014390365220606327, 0.03236421197652817, 0.018975531682372093, 0.023222099989652634, -0.004680395592004061, 0.06100386381149292, -0.006666125264018774, 0.023081017658114433, -0.03656845912337303, 0.017860982567071915, -0.005646807607263327, -0.002844566013664007, 0.01790330745279789, 0.01365673914551735, -0.0019398776348680258, 0.002945086918771267, 0.005477508995682001, 0.005992458667606115, 0.014270445331931114, 0.006091216113418341, -0.019906671717762947, -0.03335178643465042, -0.0025976726319640875, 0.003788052126765251, 0.010228445753455162, -0.010136743076145649, 0.016153890639543533, -0.025521736592054367, 0.00041376709123142064, -0.008874058723449707, 0.021331600844860077, -0.0065779490396380424, 0.02320799045264721, 0.004489935003221035, -0.02066851407289505, -0.005844322498887777, -0.01628086343407631, 0.01516631618142128, -0.0032272511161863804, -0.037386734038591385, 0.011723915114998817, 0.014743070118129253, 0.02653752639889717, 0.027609750628471375, 0.006295784842222929, 0.00957946851849556, -0.05296218767762184, 0.0014205195475369692, -0.028442133218050003, -0.005184764042496681, -0.0066520171239972115, -0.0022855286952108145, 0.004817950539290905, -0.024816326797008514, 0.020019536837935448, -0.01271148957312107, -0.007043519522994757, 0.0030738243367522955, 0.0028798365965485573, -0.031179124489426613, -0.0017009200528264046, -0.007244561333209276, -0.00984752457588911, -0.027948345988988876, 0.025042057037353516, -0.003989093936979771, 0.010545880533754826, -0.0274545606225729, -0.026382336392998695, 0.002391340211033821, -0.0012124235508963466, 0.017155572772026062, -0.004172500688582659, -0.0034424010664224625, 0.0038233224768191576, 0.024647027254104614, -0.006355744786560535, 0.00963590107858181, 0.1907428801059723, -0.011286561377346516, -0.0041090138256549835, 0.04387650638818741, -0.002412502421066165, -6.541576294694096e-05, 0.02887948788702488, -0.013282871805131435, -0.01963861659169197, 0.0046909768134355545, 0.001918715424835682, 0.011695698834955692, -0.026325903832912445, 0.001418755971826613, -0.004232460167258978, -0.01536383107304573, -0.01622443087399006, -0.007085843943059444, -0.0418449267745018, -0.0030949865467846394, 0.029091110453009605, 0.00314612896181643, -0.0009020431316457689, -0.02542297914624214, 0.04051875323057175, -0.02639644406735897, 0.012224756181240082, -0.0031919805333018303, -0.0010201992699876428, 0.0208660289645195, -0.0034776716493070126, -0.0038868095725774765, 0.016520703211426735, 0.009480711072683334, -0.028413917869329453, -0.009353737346827984, 0.03033263236284256, -0.015998700633645058, 0.025324221700429916, 0.015575454570353031, 0.01131477765738964, -0.010115580633282661, -0.0011683354387059808, -0.015490804798901081, 0.006091216113418341, -0.0031143855303525925, 0.015942268073558807, -0.029740087687969208, -0.010016823187470436, 0.026551634073257446, -0.008895221166312695, -0.005350535269826651, 0.03515763580799103, 0.01184383500367403, 0.011540508829057217, -0.010059147141873837, 0.0032731026876717806, 0.0036187537480145693, -0.004793261177837849, 0.011462913826107979, -0.0035905372351408005, 0.01622443087399006, -0.005957188084721565, 0.017240222543478012, -0.0274545606225729, 0.017578817903995514, -0.0045110974460840225, 0.01812903955578804, -0.002373704919591546, -0.004581638146191835, -0.011131370440125465, -0.010764557868242264, -0.0019098977791145444, -0.013706117868423462, -0.028117645531892776, -0.015575454570353031, 0.014475014992058277, 0.05521950125694275, 0.03371860086917877, 0.005392860155552626, -0.02189592830836773, -0.043340396136045456, -0.02815997041761875, -0.005727929528802633, -0.012090728618204594, 0.008175702765583992, -0.020908353850245476, -0.004955505486577749, -0.03078409470617771, -0.003287210827693343, -3.954154090024531e-05, 0.004944924730807543, -0.007103479467332363, 0.004331217613071203, -0.03958761319518089, -0.0025394761469215155, 0.012055457569658756, 0.015688320621848106, -0.005943079944700003, -0.012598623521625996, -0.03975691273808479, 0.031433071941137314, 0.040180157870054245, 0.00892343744635582, 0.015081667341291904, 0.004500516224652529, -0.03030441701412201, -0.01117369532585144, 0.005022519733756781, -0.008831733837723732, 0.010708124376833439, -0.03309784084558487, 0.013134735636413097, -0.025535844266414642, 0.014813611283898354, -0.0028075319714844227, -0.008359109051525593, -0.025437086820602417, 0.0015131045365706086, 0.01636551320552826, 0.0029133434873074293, -0.037781763821840286, -0.0022238052915781736, -0.0050683715380728245, -0.002128574764356017, -0.03301319107413292, -0.01949753426015377, 0.0012141871266067028, -0.010348365642130375, -0.006637908518314362, 0.007177547551691532, -0.02463291957974434, 0.013339304365217686, -0.010263716802001, 0.007576104253530502, -0.0031602371018379927, -0.01661946065723896, -0.004006728995591402, -0.004116067662835121, 0.02371588721871376, -0.005879593081772327, -0.026692716404795647, 0.014489122666418552, -0.008486082777380943, -0.0037280921824276447, -0.01191437616944313, 0.020936571061611176, 0.029514357447624207, -0.015152208507061005, -0.016746435314416885, -0.007099952083081007, -0.007463238667696714, 0.006204081699252129, -0.02183949574828148, -0.007759510539472103, -0.007773619145154953, -0.012965437024831772, -0.007272777613252401, 0.010806881822645664, -0.013466278091073036, -0.015772968530654907, -0.0016224432038143277, 0.01032014936208725, 0.01972326450049877, -0.008662435226142406, 0.007463238667696714, -0.18081070482730865, 0.03408541530370712, 0.02440718747675419, 0.0024142658803611994, 0.011632212437689304, 0.01779044233262539, 0.01709914021193981, -0.012485758401453495, -0.02243204042315483, 0.015956375747919083, 0.014291607774794102, -0.009184438735246658, -0.045625921338796616, -0.03270281106233597, -0.01670411042869091, 0.002632942982017994, -0.013621468096971512, 0.03955939784646034, 0.04771393537521362, -0.0024706986732780933, 0.037781763821840286, -0.03608877956867218, 0.010221391916275024, -0.010157904587686062, -0.012824354693293571, 0.01369906309992075, 0.009614739567041397, 0.015519021078944206, 0.010298986919224262, -0.03007868491113186, -0.0008337065228261054, -0.01793152466416359, -0.019455209374427795, -0.011596941389143467, -0.01784687489271164, -0.001697393017821014, -0.020626191049814224, -0.013628522865474224, 0.012083674781024456, 0.0034141847863793373, 0.027101853862404823, 0.006398069206625223, -0.01907428726553917, 0.006514462176710367, 0.007251615636050701, 0.020075971260666847, 0.006295784842222929, -0.010164959356188774, 0.011201911605894566, -0.028216402977705002, 0.016351405531167984, -0.01815725490450859, -0.01969504915177822, -0.009875740855932236, 0.010404798202216625, -0.005244723986834288, -0.015321506187319756, 0.028978245332837105, -0.02315155789256096, -0.012274134904146194, -0.006567367818206549, -0.03058657981455326, 0.00451815128326416, 0.007837105542421341, -0.034734390676021576, -0.001084567978978157, -0.013565035536885262, -0.005583320744335651, -0.00406316202133894, 0.00886700488626957, 0.010983234271407127, -0.0036857675295323133, 0.013007761910557747, 0.0042888931930065155, 0.021910035982728004, 0.011942592449486256, -0.020047754049301147, 0.016012808308005333, -0.017832767218351364, 0.028004780411720276, -0.025098489597439766, 0.04731890559196472, -0.014129363931715488, 0.01251397468149662, -0.022883502766489983, 0.016577135771512985, 0.011025559157133102, 0.014411527663469315, 0.008041675202548504, -0.005195345263928175, 0.0016797577263787389, -0.02262955531477928, -0.020908353850245476, -0.009861632250249386, 0.025352437049150467, 0.012041349895298481, -0.006532097235321999, 0.0026100173126906157, 0.04658528044819832, 0.004768571816384792, -0.013106519356369972, -0.015547238290309906, -0.034790825098752975, 0.00721987197175622, 0.004366488195955753, 0.018171362578868866, 0.01523685734719038, -0.006059472449123859, 0.029345057904720306, 0.00885289628058672, -0.013431007973849773, 0.037189219146966934, 0.0031531830318272114, 0.018509959802031517, 0.012591569684445858, 0.025394761934876442, -0.0011401190422475338, 0.0074491300620138645, 0.007075263187289238, 0.01779044233262539, 0.019892564043402672, -0.007872376590967178, -0.012464595958590508, 0.003583483165130019, 0.016210323199629784, -0.024618811905384064, -0.09266266971826553, -0.004331217613071203, 0.006059472449123859, 0.040377672761678696, -0.0028745459858328104, 0.0036681322380900383, -0.003206088673323393, 0.01536383107304573, -0.009015141054987907, 0.013677901588380337, -0.028399808332324028, -0.00825329776853323, 0.004821477923542261, 0.01832655258476734, 0.005671496968716383, -0.009008086286485195, 0.007315102498978376, -0.0135720893740654, 0.0037210381124168634, 0.05039449408650398, -0.008824680000543594, -0.0546269565820694, -0.0012670928845182061, -0.017945632338523865, 0.028428025543689728, 0.0004955505719408393, -0.022361498326063156, 0.0056926594115793705, 0.004218352027237415, -0.005696186330169439, -0.008069891482591629, -0.03250529617071152, 0.010997342877089977, 0.007759510539472103, -0.018876774236559868, -0.023842860013246536, -0.01756471022963524, 0.0016109802527353168, 0.023081017658114433, -0.029062895104289055, 0.00818275660276413, 0.006895383354276419, -0.002895708428695798, 0.003287210827693343, 0.029514357447624207, 0.0053152646869421005, -0.012125998735427856, 0.02223452553153038, 0.0013861308107152581, -0.025564061477780342, -0.006955343298614025, -0.014305716380476952, -0.006419231649488211, -0.009946282021701336, 0.01523685734719038, -0.021275168284773827, 0.03851538896560669, 0.0003081760078202933, -0.0031090949196368456, 0.03140485659241676, -0.01896142214536667, 0.007364481221884489, -0.02396983467042446, 0.023278532549738884, 0.013289925642311573, 0.028272835537791252, -0.03814857453107834, -0.011618103832006454, 0.009445440955460072, 0.011653373949229717, -0.022897610440850258, 0.003985567018389702, -0.005121277179569006, 0.04444083571434021, -0.0409984327852726, 0.004909654147922993, -0.011977862566709518, -0.028145860880613327, -0.006616746541112661, -0.007921755313873291, 0.003717510960996151, -0.004013783298432827, -0.02382875233888626, -0.00595013378188014, 0.01224591862410307, 0.00886700488626957, -0.0065779490396380424, 0.012937220744788647, 0.005731456913053989, -0.012909004464745522, -0.006965924520045519, -0.0007420032052323222, 0.020202944055199623, -0.02334907278418541, -0.012020187452435493, 0.004451137501746416, -0.006306366063654423, 0.0019275329541414976, 0.004680395592004061, -0.007181074470281601, -0.03907971829175949, -0.028188185766339302, -0.04904010891914368, 0.01898963935673237, 0.0013984754914417863, -0.006218189839273691, 0.01742362789809704, 0.0038868095725774765, -0.0008491373737342656, -0.018594609573483467, 0.003763362765312195, 0.017691684886813164, 0.009346683509647846, -0.005212980322539806, -0.025352437049150467, -0.019822021946310997, -0.004292420111596584, -0.03064301237463951, -0.008690652437508106, -0.00040957872988656163, 0.028272835537791252, 0.018679259344935417, 0.00754788750782609, 0.01941288448870182, -0.040349457412958145, 0.013607360422611237, -0.00558684766292572, 0.003202561754733324, 0.002781079150736332, 0.014460906386375427, -0.009396062232553959, -0.04469478130340576, 0.01544848084449768, -0.018058497458696365, -0.003542921971529722, 0.009459548629820347, 0.00036240441841073334, -0.021444465965032578, 0.014319824054837227, 0.040095508098602295, 0.029627222567796707, 0.006324001122266054, -0.009713497012853622, -0.026862015947699547, 0.0069482889957726, -0.007639591116458178, -0.0005727047682739794, 0.02066851407289505, -0.010341311804950237, 0.0022573121823370457, 0.008591894991695881, 0.02354658767580986, 0.004990776069462299, 0.007717186119407415, -0.002350779017433524, -0.016026915982365608, -0.0010572333121672273, -0.016351405531167984, 0.005304683465510607, 0.0039538233540952206, 0.02097889594733715, 0.003475908190011978, 0.03862825408577919, 0.011371210217475891, 0.029373275116086006, -0.009008086286485195, 0.015899943187832832, -0.011999025009572506, -0.03400076553225517, 0.00970644224435091, 0.031997401267290115, -0.005971296224743128, 0.0052235615439713, -0.005220034625381231, 0.005255305208265781, 0.002278474625200033, 0.01824190467596054, -0.022559013217687607, -0.016492487862706184, 0.0038868095725774765, -0.009233817458152771, 0.00625698734074831, 0.031687021255493164, -0.021585548296570778, -0.004906127229332924, 0.022417932748794556, 0.022855285555124283, 0.03484725579619408, -0.024181457236409187, 0.03287211060523987, 0.02449183724820614, -0.015899943187832832, -0.022657770663499832, -0.01645016297698021, -0.012937220744788647, 0.004997830372303724, 0.00756199611350894, -0.011921430006623268, -0.00945249479264021, -0.005364643409848213, 0.009269088506698608, 0.0048391129821538925, -0.014171687886118889, 0.013903632760047913, 0.0013296980177983642, 0.0015192768769338727, 0.011194857768714428, 0.012161269783973694, -0.02111997827887535, -0.018778016790747643, 0.018538177013397217, 0.010298986919224262, -0.01443974394351244, -0.03270281106233597, -0.0031426018103957176, 0.020259376615285873, -0.01384014543145895, 0.012556299567222595, -0.02349015511572361, -0.00963590107858181, -0.01578707806766033, 0.015829401090741158, 0.007050573825836182, -0.0012000788701698184, 0.03591948002576828, -0.03679418936371803, 0.012831409461796284, 0.0023983942810446024, -0.0035288138315081596, 0.0011956701055169106, 0.01512399222701788, 0.0052094534039497375, 0.010686962865293026, 0.005181237123906612, -0.03033263236284256, -0.023137450218200684, 0.0030508984345942736, -0.012344676069915295, -0.008584840223193169, 0.006285203620791435, -0.006443921010941267, 0.08809161186218262, 0.0416191928088665, -0.0211481936275959, -0.0035129422321915627, -0.0024971517268568277, 0.02531011402606964, -0.004673341754823923, 0.00945249479264021, -0.03284389153122902, -0.04985838383436203, 0.0421835221350193, 0.007533779367804527, -0.016153890639543533, -0.031348422169685364, -0.022812960669398308, 0.0031708183232694864, 0.00879646372050047, 0.034734390676021576, -0.007569049950689077, 0.0070153032429516315, 0.020005429163575172, -0.009628847241401672, 0.007435021921992302, -0.00963590107858181, -0.011110208928585052, -0.013064194470643997, 0.03321070596575737, -0.0012732652248814702, -0.024110915139317513, -0.03058657981455326, -0.008098107762634754, -0.011999025009572506, -0.012013133615255356, 0.012633894570171833, 0.01233056839555502, 0.01676054298877716, -0.026833798736333847, -0.010524718090891838, 0.03673775494098663, 0.048278264701366425, -0.012415217235684395, 0.014185796491801739, -0.026692716404795647, 0.006666125264018774, -0.01901785470545292, -0.010418906807899475, -0.0053893327713012695, -0.0039926208555698395, -0.02463291957974434]","[-0.01329635176807642, 0.029226312413811684, 0.020055949687957764, -0.016544470563530922, -0.021325483918190002, -0.006604282185435295, -0.014275514520704746, -0.02237892895936966, -0.014802236109972, -0.0026251685339957476, 0.007299825549125671, 0.029226312413811684, 0.003428756957873702, -0.012938451021909714, 0.005908739287406206, 0.00016280687123071402, 0.009940187446773052, 0.001713534351438284, 0.013404397293925285, -0.03676248714327812, -0.0059863971546292305, -0.0022925909142941236, -0.018880954012274742, -0.010426392778754234, -0.017044181004166603, -0.013823073357343674, 0.005395523272454739, -0.009251397103071213, 0.025444719940423965, 0.015396486036479473, 0.01816515251994133, -0.008272235281765461, -0.015464015305042267, -0.00771850161254406, -0.021717149764299393, -0.01576114073395729, 0.0004933797172270715, 0.016936134546995163, 0.03346709907054901, -0.004585181828588247, 0.025161100551486015, 0.02351340651512146, 0.0016426295042037964, -0.013586724177002907, -0.018003083765506744, 0.009946940466761589, 0.011810725554823875, -0.039220523089170456, -0.020866291597485542, -0.015990735962986946, 0.006685316562652588, 0.03384525701403618, -0.04961990565061569, 0.00865714717656374, 0.001399527071043849, -0.014599651098251343, 0.035682033747434616, 0.0170711912214756, -0.01382982637733221, 0.004227281082421541, 0.02093381993472576, 0.019596755504608154, -0.006016784813255072, -0.010081997141242027, -0.018759403377771378, -0.02337834984064102, -0.027983790263533592, -0.0038828859105706215, 0.002046111971139908, 0.02822689153254032, 0.011162452399730682, 0.021379506215453148, -0.00039926194585859776, -0.0008086531888693571, 0.04051706939935684, 0.019353654235601425, 0.0004705888859461993, 0.013593477196991444, 0.007428129203617573, 0.001794568495824933, 0.01113544125109911, -0.0011167516931891441, -0.01685510016977787, 0.01520740706473589, 0.02347288839519024, 0.018880954012274742, 0.0024867351166903973, 0.027038391679525375, -0.023432372137904167, -0.015464015305042267, 0.0031535786110907793, -0.006553635932505131, 0.00975786056369543, 0.029361369088292122, 0.01901601068675518, 0.013019485399127007, -0.025417707860469818, -0.00026694839471019804, -0.017057687044143677, 0.002101822989061475, -0.028415972366929054, 0.0049835997633636, -0.018759403377771378, -0.007617209106683731, -0.013350374065339565, -0.00831950455904007, 0.01140555553138256, -0.02025853469967842, -0.006445590406656265, -0.027565112337470055, -0.026781782507896423, 0.028172869235277176, 0.007921087555587292, -0.004777637775987387, -0.0018941729795187712, 0.016314873471856117, 0.01474821288138628, -0.020663704723119736, -0.029469415545463562, -0.01474821288138628, 0.006384815089404583, 0.01803009584546089, 0.02982056327164173, -0.01746285706758499, 0.01297896821051836, -0.018246186897158623, 0.030657915398478508, -0.03152228146791458, 0.011743197217583656, -0.024310242384672165, 0.04381245747208595, 0.011121935211122036, 0.0005157485138624907, 0.014680684544146061, -0.010419639758765697, -0.02273007668554783, -0.023067718371748924, 0.007394365034997463, -0.013856837525963783, 0.00031886089709587395, 0.020582672208547592, 0.018529806286096573, 0.004004437010735273, -0.0233378317207098, -0.023526912555098534, 0.04964691773056984, -0.01025081891566515, 0.01326258759945631, -0.004905941896140575, -0.013363880105316639, 0.017192743718624115, -0.014207986183464527, -0.004791143350303173, 0.0190835390239954, -0.021555081009864807, 0.022230366244912148, 0.025485236197710037, -0.004031448625028133, 0.0043522086925804615, -0.01046690996736288, 0.005544085521250963, 0.02892918698489666, 0.018475783988833427, -0.001899237628094852, -0.006290275137871504, 0.01628786139190197, 0.00324474205262959, -0.03195446357131004, -0.00018770799215417355, 0.0004828284145332873, -0.00010118715727003291, 0.03460157662630081, -0.04862048476934433, 0.027848731726408005, 0.0018148270901292562, 0.01572062261402607, -0.014451088383793831, 0.005652131047099829, -0.007063475903123617, -0.028956199064850807, 0.016233839094638824, 0.01894848234951496, -0.0020123478025197983, 0.03322399780154228, -0.01855681836605072, -0.005682519171386957, 0.0126750897616148, 0.010358864441514015, 0.00047438734327442944, 0.02676827646791935, 0.0066346703097224236, 0.008603124879300594, 0.010109009221196175, 0.008076402358710766, -0.6266639828681946, 0.0012906375341117382, -0.015572060830891132, -0.02167663164436817, -0.008197953924536705, 0.004781014285981655, -0.007279566954821348, 0.013728533871471882, -0.04645957425236702, 0.04508199170231819, 0.011675668880343437, -0.007515916600823402, -0.0003262468089815229, -0.011466330848634243, 0.0031012441031634808, -0.0034945972729474306, 0.005729788914322853, -0.0010399380698800087, -0.02287863940000534, -0.007029711734503508, -0.049268756061792374, 0.018003083765506744, -0.011425813660025597, 0.034574564546346664, -0.013721780851483345, -0.01884043775498867, 0.001393618411384523, 0.00477088475599885, 0.02089330181479454, 0.01674705557525158, -0.013823073357343674, 0.003977425862103701, 0.013856837525963783, 0.04046304523944855, 0.05159173533320427, -0.0307389497756958, -0.01172293908894062, 0.0054157814010977745, -0.002787236822769046, 0.0558055117726326, -0.019745318219065666, -0.004227281082421541, 0.03827512636780739, -0.015301946550607681, -0.018813425675034523, -0.007819794118404388, 0.007637467700988054, -0.018826931715011597, -0.0005929842009209096, -0.02294616773724556, 0.018300209194421768, -0.014005400240421295, 0.004207022488117218, -0.002400636440142989, -0.001178371487185359, 0.005203066859394312, 0.01025081891566515, 0.0015962037723511457, 0.002733214059844613, -0.018246186897158623, -0.0031924075447022915, -0.02879413031041622, -0.005088268779218197, 0.012911439873278141, -0.04489291459321976, 0.002910476177930832, 0.007860311307013035, 0.0031738372053951025, 0.006310533732175827, 0.004713485948741436, 0.013937871903181076, 0.014640167355537415, -0.0019245607545599341, 0.002566081006079912, 0.0242157019674778, 0.005898610223084688, 0.02637661248445511, -0.0352768637239933, 0.0036735476460307837, -0.00036591978278011084, -0.0036229013931006193, -0.00871117040514946, -0.03225158900022507, -0.004740497097373009, 0.010311594232916832, -0.012344200164079666, -0.0026673737447708845, -0.020636694505810738, 0.008900249376893044, 0.01785452291369438, 0.006499613169580698, 0.042867060750722885, 0.0015675041358917952, -0.0033764224499464035, -0.02309473045170307, 0.007927839644253254, 0.0038457452319562435, 0.008042638190090656, 0.012843910604715347, -0.01101388968527317, -0.022973177954554558, -0.012458998709917068, -0.006185606122016907, 0.0017287282971665263, 0.02449932135641575, -0.0038626273162662983, -0.013721780851483345, 0.001954948529601097, 0.03487168997526169, -0.023108234629034996, 0.012060580775141716, -0.013032990507781506, -0.013843332417309284, 0.0008533907821401954, -0.01915106736123562, -0.03665444254875183, 0.03859926015138626, -0.005506944842636585, 0.008204706944525242, 0.00630378071218729, -0.01041288673877716, 0.022149331867694855, 0.017651936039328575, 0.00043260413804091513, 0.005598108284175396, 0.022392433136701584, 0.006962182931602001, 0.0034945972729474306, -0.009501253254711628, -0.004058459773659706, 0.008427550084888935, -0.00922438595443964, 0.02004244364798069, -0.010460156947374344, 0.007894075475633144, -0.028605051338672638, 0.010926103219389915, -0.0032599358819425106, -0.006816996727138758, -0.00170171691570431, -0.00552382692694664, 0.018435265868902206, 0.014599651098251343, -0.026498163118958473, -0.00524020753800869, -0.044406708329916, -0.029442403465509415, 0.0032734416890889406, -0.012188885360956192, 0.0034118748735636473, 0.008346516638994217, -0.0036465362645685673, 0.006611035205423832, 0.004716861993074417, -0.01113544125109911, -0.005091645289212465, -0.010331852361559868, -0.011108430102467537, -0.01019679568707943, -0.021203933283686638, -0.010041479952633381, 0.025579776614904404, -0.0084072919562459, 0.007421376649290323, -0.011344779282808304, -0.03311595320701599, -0.007563186343759298, 0.020028937608003616, -0.0253231693059206, -0.036492373794317245, 0.005250337067991495, -0.005429287441074848, -0.016085276380181313, -0.009089329279959202, 0.007428129203617573, 0.01912405714392662, -0.031063087284564972, -0.014262008480727673, -0.010385875590145588, -0.00887323822826147, 0.004271174315363169, 0.015464015305042267, -0.0038862621877342463, -0.0071039930917322636, 0.0404360368847847, 0.010487168096005917, 0.01597723178565502, 0.016666021198034286, 0.003366293152794242, 0.023810531944036484, 0.022689558565616608, 0.0017540514236316085, -0.007245802786201239, -0.004470383282750845, -0.011338026262819767, 0.012776382267475128, 0.01678757183253765, 0.00401794258505106, 0.0029459286015480757, 0.0041361176408827305, 0.03265675902366638, 0.01915106736123562, 0.013127530924975872, -0.025093572214245796, -0.011121935211122036, -0.014302525669336319, 0.02065020054578781, 0.012600808404386044, 0.04119235277175903, -0.01326258759945631, -0.0009977328591048717, 0.010433145798742771, 0.0021136405412107706, -0.01670653745532036, 0.033656179904937744, 0.03495272621512413, -0.0066144117154181, 0.0023601192515343428, -0.0029796927701681852, 0.007792782969772816, 0.027011379599571228, 0.008049391210079193, 0.02779470942914486, 0.0042880563996732235, -0.011533859185874462, 0.01947520487010479, 0.0071512628346681595, 0.026336094364523888, -0.006006655748933554, -0.03176538273692131, 5.333692388376221e-05, -0.0003849121567327529, -0.0018452148651704192, -0.008103413507342339, 0.024337252601981163, 0.014072928577661514, 0.030144698917865753, -0.017543891444802284, 0.015599071979522705, 0.013708274811506271, -0.01934014819562435, 0.012708853930234909, 0.023486394435167313, -0.0421377532184124, 0.03246767818927765, 0.018084118142724037, 0.02327030338346958, 0.00633079232648015, -0.016260851174592972, 0.017584407702088356, -0.0031181261874735355, 0.0020494884811341763, -0.03203549608588219, -0.007252555340528488, 0.006563765462487936, -0.002598157152533531, 0.004814778454601765, 0.001968454336747527, 0.004986975807696581, 0.043893493711948395, 0.011270497925579548, 0.01333011593669653, 0.009859154000878334, -0.03622226044535637, 0.016301367431879044, -0.0036667948588728905, -0.014626662246882915, -0.02404012717306614, -0.0032852590084075928, -0.0064557199366390705, 0.017827510833740234, -0.023648463189601898, 0.01617981679737568, -0.027132930234074593, 0.029523437842726707, -0.010318347252905369, -0.016990158706903458, 0.02567431703209877, -0.0036667948588728905, -0.009973951615393162, -0.020663704723119736, 0.005192937795072794, -0.0033190231770277023, -0.017287282273173332, -0.005783811677247286, -0.02578236162662506, 0.027956778183579445, 0.02142002433538437, 0.007725254632532597, -0.0064928606152534485, 0.008434303104877472, -0.010791046544909477, -0.017300788313150406, -0.011101677082479, 0.008508584462106228, 0.02666023187339306, 0.05251012369990349, 0.01170268002897501, -0.00570277776569128, 0.011094924062490463, 0.0016434736317023635, 0.026214543730020523, -0.022365422919392586, -0.040165919810533524, 0.015531543642282486, 0.007353848312050104, -0.011297510005533695, -0.0364113412797451, -0.006725833751261234, -0.00404495419934392, -0.006725833751261234, -0.024634378030896187, -0.007671231869608164, -0.010608719661831856, 0.007826547138392925, 0.030819984152913094, -0.009298667311668396, -0.029172290116548538, 0.021433530375361443, 0.03371020033955574, 0.002582963090389967, -0.009305420331656933, -0.023553922772407532, 0.005827705375850201, 0.01411344576627016, -0.015166889876127243, -0.0016924317460507154, -0.006057302001863718, -0.03154928982257843, 0.005250337067991495, -0.010372369550168514, -0.014761718921363354, 0.02984757535159588, -0.00674609187990427, -0.02329731546342373, 0.013465172611176968, 0.010878833010792732, 0.0015101049793884158, -0.002640362363308668, 0.011236733756959438, 0.027213964611291885, -0.025930924341082573, -0.0016206827713176608, -0.009656568057835102, 0.009042059071362019, -0.005385393742471933, 0.027524596080183983, 0.04627049341797829, -0.01264132559299469, -0.009352690540254116, 0.018961988389492035, 0.024094151332974434, -0.002152469241991639, -0.005969515070319176, -0.005979644134640694, 0.023878060281276703, 0.010352111421525478, 0.022743580862879753, -0.00035980003303848207, 0.02128496766090393, 0.01520740706473589, 0.03932856768369675, 0.005854716524481773, -0.0029948868323117495, 0.008920508436858654, 0.043110162019729614, -0.011587881483137608, -0.00200897129252553, 0.033764224499464035, -0.028848152607679367, 0.01879991963505745, 0.03109009750187397, -0.005689271725714207, 0.016476942226290703, -0.006739339325577021, -0.01689561828970909, -0.04238085448741913, -0.004038201179355383, 0.009123093448579311, -0.013823073357343674, -0.001220576697960496, -0.022513985633850098, -0.03030676767230034, -0.009359442628920078, -0.008515337482094765, -0.009703838266432285, 0.03716765716671944, 0.008988036774098873, -0.0016671086195856333, -0.017044181004166603, -0.022176342085003853, -0.01607177034020424, -0.019718308001756668, -9.791625052457675e-05, -0.015585565939545631, -0.03551996499300003, -0.03406134992837906, 0.026957357302308083, 0.024350758641958237, 0.02892918698489666, -0.0047573791816830635, -0.014599651098251343, 0.005449546035379171, 0.0015691923908889294, -0.02499903179705143, -0.029658494517207146, -0.005510321352630854, -0.005790564697235823, -0.0023331078700721264, 0.008798956871032715, 0.023081224411725998, 0.007732007652521133, -0.018529806286096573, 0.030901018530130386, -0.0025002409238368273, -0.008920508436858654, 0.04999806359410286, -0.034223418682813644, 0.02545822598040104, -0.0064557199366390705, -0.01147308386862278, 0.03176538273692131, 0.008866485208272934, -0.009021800942718983, 0.018921472132205963, -0.005804070271551609, -0.009089329279959202, -0.004338702652603388, -0.018246186897158623, 0.010075245052576065, -0.01798957958817482, 0.020272040739655495, -0.014005400240421295, -0.010973373427987099, 0.005186184775084257, -0.008785450831055641, 0.01628786139190197, -0.015774644911289215, 0.037059612572193146, 0.021257955580949783, 0.008069649338722229, 0.022797605022788048, 0.005388770252466202, -0.008224965073168278, -0.014572639018297195, 0.008765192702412605, 0.017557397484779358, 0.006161971017718315, 0.00013009777467232198, -0.0015252988087013364, 0.015247924253344536, 0.006114701274782419, -0.0008905314025469124, -0.0038660038262605667, 0.0036532890517264605, -0.006877772510051727, -0.003391616279259324, -0.00835326872766018, -0.04189464822411537, 0.0012788199819624424, -0.01628786139190197, 0.010487168096005917, -0.007360600866377354, 0.011317768134176731, -0.0015447132755070925, -0.0126615846529603, -0.014761718921363354, -0.006384815089404583, 0.019772330299019814, -0.01113544125109911, -0.02397259883582592, 0.008447809144854546, 0.005024116486310959, 0.02397259883582592, 0.023648463189601898, -0.000625904300250113, -0.03746478259563446, -0.02128496766090393, -0.03165733814239502, -0.02882114239037037, 0.014856258407235146, 0.01858382858335972, 0.024836963042616844, -0.0005482466076500714, 0.024674896150827408, 0.00294761685654521, 0.015518037602305412, 0.0016088653355836868, 0.016774067655205727, 0.01044665090739727, 0.03157630190253258, -0.01600424200296402, 0.004048330709338188, -0.008420797996222973, 0.03835615888237953, 0.013120777904987335, 0.009210880845785141, -0.008988036774098873, -0.004125988110899925, 0.04154350236058235, 0.00510852737352252, -0.007590197492390871, -0.017516879364848137, -0.04529808461666107, -0.0015328958397731185, 0.013390891253948212, -0.0015413368819281459, -0.015058844350278378, -0.012850663624703884, -0.01370152272284031, 0.0021187050733715296, 0.01357997115701437, 0.012229402549564838, -0.011074665933847427, 0.018921472132205963, -0.0009656568290665746, 0.0004705888859461993, -0.02096083015203476, 0.01866486296057701, -0.0247829407453537, -0.0018739145016297698, -0.02113640494644642, 0.015639588236808777, 0.014532121829688549, -0.004342079162597656, 0.004372467286884785, -0.0005900298128835857, 0.0071242512203752995, -0.031846415251493454, -0.004551417659968138, -0.013870343565940857, -0.01915106736123562, -0.005361759103834629, -0.0017489868914708495, -0.011121935211122036, -0.009487747214734554, 0.008427550084888935, -0.003960543777793646, 0.019569745287299156, 0.007603703532367945, 0.001239991164766252, 0.008920508436858654, -0.014977809973061085, -0.014842753298580647, 0.014586145058274269, -0.023702485486865044, 0.03654639795422554, 0.010068492032587528, 0.03176538273692131, 0.013053249567747116, -0.0142349973320961, -0.007178273983299732, -0.019947903230786324, 0.030928030610084534, 0.01663900911808014, 0.03849121555685997, 0.013809568248689175, -0.039814773947000504, -0.006280145607888699, 0.013370633125305176, -0.005287477746605873, -0.0007888167165219784, -0.05269920080900192, -0.004787766840308905, -0.00589523371309042, -0.026606209576129913, -0.01628786139190197, 0.008427550084888935, -0.04980898275971413, 0.01615280471742153, -0.0012923256726935506, 0.020123478025197983, -0.0002722240751609206, 0.0047843907959759235, -0.028388960286974907, 0.013478678651154041, -0.022865133360028267, 0.031144121661782265, 0.011412307620048523, -0.007576691918075085, -0.043218206614255905, 0.015734128654003143, -0.001369139296002686, 0.0018097624415531754, -0.003717441111803055, 0.012249660678207874, -0.015477520413696766, -0.014343042857944965, 0.0026437388733029366, -0.021163415163755417, -0.01565309427678585, -0.0279027558863163, -0.007515916600823402, 0.031927451491355896, -0.03881535306572914, -0.018813425675034523, 0.0068710194900631905, 0.0042103989981114864, -0.016774067655205727, -0.002503617201000452, -0.024026622995734215, -0.022959671914577484, 0.00024310241860803217, 0.012897933833301067, 0.015882691368460655, 0.017044181004166603, 0.007401118054986, -0.03173837065696716, -0.0021136405412107706, -0.0017034051707014441, -0.03333204239606857, 0.0011690863175317645, 0.0020393591839820147, -0.018435265868902206, -0.027497584000229836, -0.033980317413806915, 0.012783135287463665, 0.006550259422510862, 0.014437582343816757, -0.0024867351166903973, 0.022581513971090317, 0.027497584000229836, -0.015355969779193401, -0.00774551322683692, -0.005837834440171719, -0.022351916879415512, -0.01607177034020424, 0.002503617201000452, -0.024917997419834137, -0.02404012717306614, 0.014734707772731781, -0.01639590784907341, -0.019070034846663475, -0.016841595992445946, 0.012783135287463665, 0.01709820330142975, -0.033440086990594864, -0.005186184775084257, -0.022473467513918877, 0.003923403099179268, 0.02078525722026825, -0.021095886826515198, -0.010379122570157051, 0.0014771848218515515, -0.025903912261128426, 0.008083155378699303, -0.002756848931312561, -0.002473229542374611, -0.0025627047289162874, -0.0033527875784784555, 0.004774261265993118, 0.004760755691677332, -0.01997491531074047, 0.00825197622179985, -0.004409607965499163, 0.007313331123441458, -0.0136677585542202, 0.0006322350818663836, -0.05134863406419754, -0.015747634693980217, -0.019556239247322083, 0.026214543730020523, -0.029550449922680855, -0.012600808404386044, -0.017003662884235382, 0.034655600786209106, 0.002677503041923046, 0.003053974127396941, -0.00508151575922966, 0.0031535786110907793, -0.007914334535598755, -0.04462279751896858, -0.019326642155647278, -0.020447613671422005, -0.005088268779218197, 0.042542923241853714, 0.030090676620602608, 0.0012112915283069015, -0.020690716803073883, -0.024836963042616844, 0.0054529220797121525, 0.009980704635381699, 0.013336868956685066, 0.028902176767587662, 0.026673737913370132, 0.024769434705376625, -0.007981862872838974, 0.05356356501579285, -0.004622322507202625, 0.021447036415338516, -0.028848152607679367, 0.015639588236808777, -0.00833976361900568, -0.01195253524929285, 0.02436426468193531, 0.012938451021909714, -0.023486394435167313, 0.008197953924536705, 0.006742715835571289, 0.004274550825357437, 0.014248502440750599, 0.01079779863357544, -0.012364459224045277, -0.02833493798971176, -0.007846806198358536, -0.0010812992695719004, 0.012094344943761826, 0.0009825389133766294, 0.020272040739655495, -0.030468836426734924, -0.012195638380944729, -0.005763553082942963, 0.02287863940000534, -0.004598687402904034, 0.020839279517531395, 0.007786030415445566, -0.0185163002461195, -0.005152420606464148, -0.024701906368136406, 0.008765192702412605, 0.0014223179314285517, -0.035006746649742126, 0.007407871074974537, 0.015355969779193401, 0.029226312413811684, 0.019637273624539375, -0.01589619740843773, 0.005979644134640694, -0.047756120562553406, 0.010115761309862137, -0.03519582748413086, 0.0009994209976866841, 0.004234033636748791, 0.0001605910947546363, -6.489062070613727e-05, -0.014221491292119026, 0.021014854311943054, -0.011108430102467537, 0.00636455649510026, -0.0030016396194696426, -0.009082576259970665, -0.03665444254875183, 0.0009361131233163178, -0.0010306529002264142, -0.019664283841848373, -0.025161100551486015, 0.025863396003842354, -0.004598687402904034, 0.013215317390859127, -0.028199881315231323, -0.036708466708660126, -0.0013345309998840094, -0.0052267019636929035, 0.004926200490444899, 0.004494018387049437, -0.008650394156575203, -0.0038254866376519203, 0.02925332449376583, -0.00583445793017745, 0.010142773389816284, 0.19210493564605713, 0.0011251927353441715, 8.63625537022017e-05, 0.04005787521600723, 0.007488904986530542, 0.003131631761789322, 0.01997491531074047, -0.021946746855974197, -0.0058479635044932365, 0.01890796609222889, -0.001029808889143169, 0.009960446506738663, -0.003656665561720729, 0.010027974843978882, -0.02056916616857052, -0.009710591286420822, -0.01200655847787857, -0.018138142302632332, -0.03473663330078125, -0.006989194545894861, 0.023783519864082336, -0.004180010873824358, -0.005327994469553232, -0.02093381993472576, 0.037275705486536026, -0.021892722696065903, 0.016260851174592972, -0.0028851530514657497, 0.002078188117593527, 0.01965077966451645, -0.0063915676437318325, 0.011844489723443985, 0.010399381630122662, 0.008643641136586666, -0.02751109004020691, -0.009656568057835102, 0.03827512636780739, -0.021946746855974197, 0.022176342085003853, 0.0035722549073398113, -0.003589136991649866, -0.008596371859312057, -0.008468067273497581, -0.015585565939545631, 0.012242907658219337, -0.0011952535714954138, 0.009089329279959202, -0.028551029041409492, 0.0027281492948532104, 0.02761913649737835, -0.01919158548116684, -0.012553539127111435, 0.022176342085003853, 0.006442213896661997, 0.012627819553017616, -0.005699401255697012, 0.003508102847263217, 0.005881728138774633, -0.010520932264626026, 0.01289118081331253, -0.00865714717656374, 0.010034727863967419, -0.007515916600823402, 0.024620871990919113, -0.015504531562328339, 0.010966620407998562, -0.006324039306491613, 0.01753038540482521, 0.005324618425220251, -0.002226750599220395, 0.002240256406366825, -0.005382017232477665, -0.0003758380189538002, 0.001153048244304955, -0.013222070410847664, -0.014410571195185184, 0.01572062261402607, 0.05056530237197876, 0.025795867666602135, 0.0076982430182397366, -0.009892918169498444, -0.039436616003513336, -0.01085182186216116, -0.0030387802980840206, -0.021663125604391098, 0.015801656991243362, -0.016193322837352753, -0.009035306051373482, -0.03389928117394447, -0.00134972482919693, -0.0040989769622683525, -0.0031181261874735355, -0.007158015388995409, -0.01326258759945631, -0.042759012430906296, 4.341868407209404e-05, 0.016476942226290703, 0.02010997198522091, -0.004369090776890516, -0.014761718921363354, -0.03681651130318642, 0.01936715841293335, 0.03989580646157265, 0.010858574882149696, 0.014532121829688549, -0.0034000573214143515, -0.032170552760362625, -0.009798377752304077, 0.011912018060684204, -0.01549102645367384, 0.009332431480288506, -0.023135246708989143, 0.010304841212928295, -0.026957357302308083, 0.011101677082479, 0.004264421761035919, -0.02078525722026825, -0.03492571413516998, -0.008522090502083302, 0.022081803530454636, 0.02209530770778656, -0.04575727880001068, -0.014856258407235146, -0.003207601374015212, -0.00862338300794363, -0.0478101409971714, -0.01735481061041355, -0.0008622538880445063, -0.011655410751700401, -0.01382982637733221, 0.005196314305067062, -0.024688400328159332, 0.011939030140638351, -0.0050106109119951725, 0.01411344576627016, -0.014545627869665623, -0.018421761691570282, 0.00026399403577670455, -0.01572062261402607, 0.019853364676237106, -0.004240786656737328, -0.01777348853647709, 0.011020642705261707, -0.011175958439707756, 0.0024951761588454247, -0.011695927008986473, 0.00925815012305975, 0.01979934051632881, -0.012080839835107327, -0.01742234081029892, 0.012256413698196411, -0.01081805769354105, 0.006408449728041887, -0.020136984065175056, -0.0005663948832079768, -0.0037208176217973232, -0.011797220446169376, -0.017570901662111282, 0.0022098685149103403, -0.004200269468128681, -0.0159367136657238, -0.0004197315138299018, 0.018259692937135696, 0.018570324406027794, 0.0007981018861755729, 0.016436424106359482, -0.17060387134552002, 0.027213964611291885, 0.029307346791028976, 0.0009116340661421418, 0.010034727863967419, 0.01543700322508812, 0.020582672208547592, -0.0011311015114188194, -0.02181168831884861, 0.0017405457329005003, 0.010986878536641598, 0.0012982344487681985, -0.03303491696715355, -0.029658494517207146, -0.014032411389052868, -0.001227329601533711, -0.018138142302632332, 0.029334358870983124, 0.03557398542761803, -0.003349411068484187, 0.02453983761370182, -0.027605630457401276, 0.005777058657258749, -0.012134862132370472, 0.005793940741568804, 0.00743488222360611, 0.010203548707067966, 0.01543700322508812, 0.01239147037267685, -0.03349411115050316, 0.0026049099396914244, -0.01569361239671707, -0.02857803925871849, -0.0008660523453727365, -0.016584986820816994, -0.0027534724213182926, -0.04113833233714104, -0.013188306242227554, 0.014207986183464527, 0.0027281492948532104, 0.01915106736123562, 0.000832288118544966, -0.008103413507342339, -0.003248118329793215, 0.01823268085718155, 0.031171131879091263, 0.0019650778267532587, -0.010608719661831856, 0.01264132559299469, -0.018111130222678185, 0.01667952723801136, -0.007036464288830757, -0.02486397512257099, -0.016476942226290703, 0.009366195648908615, -0.006877772510051727, -0.00387275661341846, 0.02691683918237686, -0.01492378767579794, -0.020690716803073883, -0.00012007402256131172, -0.01798957958817482, 0.002498552668839693, 0.014018906280398369, -0.03314296156167984, -4.6557699533877894e-05, -0.011621646583080292, -0.006749468389898539, -0.01858382858335972, 0.0018739145016297698, 0.005456298589706421, 0.009953693486750126, 0.01069650612771511, 0.00874493457376957, 0.01919158548116684, 0.0035317379515618086, -0.012519774958491325, 0.008508584462106228, -0.012155121192336082, 0.028064822778105736, -0.01382982637733221, 0.04772910848259926, -0.023459382355213165, 0.007407871074974537, -0.016422918066382408, 0.01589619740843773, 0.018192164599895477, 0.006894654594361782, -0.010743776336312294, -0.020771751180291176, -0.005874975118786097, -0.01244549360126257, -0.02674126625061035, -0.0045412881299853325, 0.01451861672103405, 0.005277348216623068, -0.008299246430397034, 0.0023584309965372086, 0.04489291459321976, -0.007272813934832811, -0.007070228457450867, 0.005898610223084688, -0.045136015862226486, -0.002912164432927966, -0.0027669782284647226, 0.020947324112057686, 0.018597334623336792, -0.005456298589706421, 0.012837158516049385, 0.012033569626510143, -0.021784678101539612, 0.04443372040987015, 0.004912694916129112, 0.02327030338346958, 0.00929191429167986, 0.032953884452581406, -0.006459095980972052, 0.008684158325195312, 0.0038828859105706215, 0.03214354068040848, 0.01140555553138256, -0.00602016132324934, -0.01069650612771511, -0.007623962126672268, 0.019286125898361206, -0.021230945363640785, -0.10064440220594406, -0.0026268567889928818, 0.00617885310202837, 0.03903144225478172, -0.007502410560846329, -0.0015497779240831733, 0.0013910860288888216, 0.025120582431554794, -0.018246186897158623, 0.0002922715793829411, -0.02128496766090393, -0.02170364372432232, 0.013201812282204628, 0.016774067655205727, 0.0006406761822290719, -0.002522187540307641, 0.004801272880285978, -0.009548522531986237, 0.001448485185392201, 0.04624348133802414, -0.0001978372602025047, -0.05202391743659973, -0.0021254578605294228, -0.0028159362263977528, 0.02680879458785057, -0.009501253254711628, -0.015464015305042267, -0.001023055985569954, -0.003960543777793646, -0.0004988664295524359, -0.004953211639076471, -0.027011379599571228, 0.006313909776508808, 0.0015075725968927145, -0.01395137794315815, -0.007813042029738426, -0.026579197496175766, 0.00648948410525918, 0.021973757073283195, -0.026255061849951744, -0.0025559517089277506, 0.01816515251994133, 0.00925815012305975, 0.018219174817204475, 0.034439507871866226, -0.00048620483721606433, -0.010642483830451965, 0.008934013545513153, -0.008312752470374107, -0.026997873559594154, 0.004494018387049437, -0.010892339050769806, -0.01731429435312748, -0.02167663164436817, 0.021325483918190002, -0.017611419782042503, 0.03919351100921631, 0.01969129592180252, -0.0025323168374598026, 0.03881535306572914, -0.0009411777718923986, 0.006425331812351942, -0.01858382858335972, 0.021973757073283195, 0.005446169525384903, 0.02486397512257099, -0.034574564546346664, -0.013255834579467773, 0.010743776336312294, -0.005304359830915928, -0.017084697261452675, -0.003464209381490946, -0.012067333795130253, 0.030955040827393532, -0.04192166030406952, 0.027213964611291885, 0.0033325289841741323, -0.02270306460559368, -0.009521511383354664, -0.01969129592180252, -0.00798861589282751, -0.013154542073607445, -0.027740687131881714, -0.0014839377254247665, 0.017219753935933113, 0.0020072832703590393, 0.00524020753800869, 0.01979934051632881, 0.0001372726692352444, -0.0008432614849880338, -0.0036701711360365152, 0.000539805565495044, 0.01073027029633522, -0.0239050704985857, -0.010615472681820393, 0.0030607269145548344, -0.007813042029738426, 0.005854716524481773, 0.004588558338582516, -0.0259174183011055, -0.037761908024549484, -0.02687632292509079, -0.04500095918774605, 0.017908545210957527, 0.028091834858059883, -0.010689753107726574, 0.03063090518116951, 0.0035519965458661318, 0.003347722813487053, -0.022081803530454636, 0.004635828081518412, 0.013053249567747116, 0.015747634693980217, -0.004396101925522089, -0.02489098720252514, -0.022635536268353462, -0.014680684544146061, -0.02606598101556301, 0.003987554926425219, -0.00934593752026558, 0.025012537837028503, 0.011972794309258461, 0.013539453968405724, 0.024067139253020287, -0.028659073635935783, 0.01446459349244833, -0.007232296746224165, 0.00950800534337759, 0.004372467286884785, 0.026228049769997597, -0.010399381630122662, -0.04564923048019409, 0.015990735962986946, -0.008042638190090656, 0.013363880105316639, -0.0029324227944016457, -0.003893015207722783, -0.014896775595843792, 0.0030590386595577, 0.03619524836540222, 0.024661390110850334, 0.014424076303839684, -0.01696314662694931, -0.02489098720252514, 0.005817575845867395, -0.008630136027932167, -0.005290853790938854, 0.018313715234398842, -0.012229402549564838, -0.0028767120093107224, 0.010885586030781269, 0.01515338383615017, -0.0019650778267532587, 0.0043251970782876015, -0.0028294420335441828, -0.02499903179705143, -0.002275708829984069, -0.010892339050769806, -0.00387275661341846, 0.01085182186216116, 0.01041288673877716, 0.0016856789588928223, 0.045730266720056534, -0.0012855728855356574, 0.025944430381059647, -0.0024749175645411015, 0.03195446357131004, -0.019205091521143913, -0.03314296156167984, 0.0030809855088591576, 0.028740108013153076, -0.013816320337355137, 0.004423113539814949, -0.021933240815997124, 0.0047202385030686855, 0.0018046977929770947, 0.011081418953835964, -0.02995561994612217, -0.005422534421086311, 0.0038457452319562435, -0.008859732188284397, 0.006472602020949125, 0.03133320063352585, -0.01929963007569313, -0.003187342779710889, 0.017651936039328575, 0.032980892807245255, 0.031117109581828117, -0.016584986820816994, 0.03949063643813133, 0.025903912261128426, -0.009616050869226456, -0.016301367431879044, -0.021487552672624588, -0.011148947291076183, 0.0004642580752260983, 0.01411344576627016, -0.004311691503971815, -0.012668336741626263, -0.0013657629024237394, 0.006759597919881344, 0.014842753298580647, -0.009784872643649578, 0.012249660678207874, -0.0007917710463516414, -0.0035351142287254333, 0.020839279517531395, 0.011857995763421059, -0.021582093089818954, -0.016125794500112534, -0.00991317629814148, 0.015626084059476852, -0.015126372687518597, -0.015680106356739998, 0.005537332966923714, 0.016544470563530922, -0.011817478574812412, 0.020623188465833664, -0.01589619740843773, -0.01877290941774845, -0.014883270487189293, 0.01075052935630083, 0.009453983046114445, -0.0032785062212496996, 0.03595214709639549, -0.0478641651570797, 0.008684158325195312, 0.010115761309862137, 0.00957553368061781, 0.000570193340536207, 0.012337448075413704, -0.00031379624851979315, 0.01474821288138628, -0.0030505976174026728, -0.023499900475144386, -0.02471541240811348, -0.004524406045675278, -0.022108813747763634, -0.012080839835107327, 0.0016552910674363375, -0.014275514520704746, 0.07719852030277252, 0.039814773947000504, -0.013114024884998798, -0.009676827117800713, 0.0002557639963924885, 0.025687821209430695, -0.006837255321443081, 0.019353654235601425, -0.03919351100921631, -0.04643256217241287, 0.04205671697854996, 0.017557397484779358, -0.0030826737638562918, -0.041381433606147766, -0.0053381239995360374, 0.024620871990919113, 0.005375264678150415, 0.04054408147931099, 0.004473759792745113, -0.002479982329532504, 0.013370633125305176, -0.009379701688885689, -0.0023516782093793154, -0.015477520413696766, -0.006530000828206539, -0.016868606209754944, 0.031252168118953705, 0.0048215314745903015, -0.01915106736123562, -0.03165733814239502, 0.004342079162597656, -0.009399959817528725, -0.010527685284614563, 0.010737023316323757, 0.0052739717066287994, 0.023891564458608627, -0.026363106444478035, -0.011905265972018242, 0.038194090127944946, 0.05629171431064606, -0.013606982305645943, 0.0021187050733715296, -0.0168145839124918, 0.0021963627077639103, -0.031819406896829605, -0.006766350474208593, 0.0038524980191141367, -0.0033190231770277023, -0.009703838266432285]","[-0.022700801491737366, 0.025308798998594284, 0.005524469073861837, -0.01411263458430767, -0.0038278682623058558, 0.012065496295690536, -0.005780361592769623, -0.007340252865105867, -0.034577008336782455, -0.02839352749288082, 0.010453024879097939, 0.022644715383648872, 0.0026623313315212727, -0.016895901411771774, 0.010375906713306904, 0.018760761246085167, -0.0011655368143692613, -0.002813062397763133, 0.022700801491737366, -0.0379982516169548, -0.028912322595715523, 0.0027709980495274067, 0.0059065548703074455, 0.0038348790258169174, -0.02129865065217018, -0.010852637700736523, -0.005114340223371983, -0.03070707432925701, -0.017919471487402916, -0.007403349503874779, 0.003102255752310157, -0.00742438156157732, -0.021565059199929237, -0.039176058024168015, -0.02195766195654869, -0.014358011074364185, 0.0033160836901515722, -0.002551912097260356, 0.041643839329481125, -0.014386054128408432, 0.009913196787238121, -0.031912922859191895, -0.007859048433601856, -0.01965813711285591, -0.04273751750588417, 0.014294913969933987, 0.010410959832370281, -0.018059685826301575, -0.03003404289484024, -0.0028673957567662, 0.02575748600065708, -0.007774919271469116, -0.03415636345744133, -0.015185278840363026, -0.010165584273636341, -0.006793414242565632, 0.007347263395786285, -0.01762501895427704, 0.023724369704723358, -0.0077118221670389175, -0.01664351485669613, 0.002220654394477606, 0.007816983386874199, -0.007326231338083744, -0.022981230169534683, -0.02603791654109955, -0.007161478511989117, 0.01417573168873787, -0.003820857498794794, -0.013691989704966545, 0.03909192979335785, 0.03410027548670769, 0.005454361438751221, -0.022224070504307747, 0.0025098477490246296, -0.022055812180042267, -0.00783801544457674, 0.0163490641862154, 0.01253521628677845, -0.022981230169534683, 0.021719295531511307, -0.010249713435769081, -0.021915597841143608, 0.026122044771909714, 0.017036115750670433, -0.020906049758195877, 0.016096675768494606, 0.02821124903857708, 0.00965379923582077, -0.00627461913973093, 0.012472120113670826, 0.007809972856193781, -0.004637609701603651, 0.01765306293964386, -0.003480836283415556, -0.02027508243918419, 0.011511647142469883, 0.028800150379538536, -0.007978230714797974, -0.016082655638456345, -0.014203774742782116, 0.006243070587515831, -0.0184803307056427, -0.02079387754201889, -0.028996452689170837, -0.011855173856019974, 0.017891427502036095, 0.006095845252275467, 0.009212122298777103, -0.009597713127732277, -0.0008114940137602389, 0.0005021448014304042, 0.029276881366968155, -0.00371219078078866, 0.02013486623764038, -0.008490015752613544, 0.010607261210680008, -0.022196026518940926, -0.02263069339096546, -0.0013872516574338078, 0.004259028937667608, 0.008714359253644943, 0.023051338270306587, -0.023345788940787315, 0.013874269090592861, -0.02323361672461033, -0.009120983071625233, -0.02295318804681301, -0.009758960455656052, -0.011960335075855255, 0.06988313049077988, 0.020835941657423973, -0.002348600421100855, 0.009878143668174744, -0.01220571156591177, 0.0010971820447593927, -0.014722569845616817, -0.001172547577880323, -0.02572944387793541, -0.01647525653243065, 0.008994788862764835, 0.025449013337492943, 0.01073345448821783, 0.004721738398075104, 0.002315299352630973, 0.0009569670655764639, 0.005296619608998299, -0.014414097182452679, -0.032585956156253815, -0.04666353762149811, -0.011630830354988575, -0.016208847984671593, 0.024537617340683937, -0.027678431943058968, 0.01411263458430767, 0.033427245914936066, -0.03196901082992554, -0.007396338507533073, -0.005727780982851982, 0.00705281225964427, 0.020022695884108543, 0.017751213163137436, 0.01633504219353199, 0.015872333198785782, 0.00939440168440342, 0.02805701270699501, -0.006537522189319134, -0.00922614336013794, 0.007915133610367775, -0.001438079634681344, 0.008665284141898155, 0.02307938039302826, -0.016741665080189705, 0.03053881600499153, -0.0014100365806370974, 0.0051073296926915646, -0.0006988839013502002, -0.00036806424031965435, -0.004581523593515158, -0.017386654391884804, -0.026150088757276535, 0.018354136496782303, 0.0036280618514865637, 0.005591071210801601, -0.002325815614312887, 0.013004937209188938, 0.029613398015499115, 0.014624419622123241, 0.015900375321507454, -0.008202574215829372, -0.008216596208512783, 0.009092940017580986, -0.022672757506370544, -0.017358610406517982, -0.6088694334030151, 0.004592039622366428, 0.015788203105330467, -0.005654167849570513, 0.018045663833618164, 0.006782898213714361, -0.000803606933914125, 0.02819722704589367, -0.028337441384792328, 0.034577008336782455, -0.006411328446120024, 0.0021856005769222975, 0.005545501131564379, -0.0147646339610219, 0.014568333514034748, -0.019419770687818527, -0.0022890090476721525, -0.00939440168440342, -0.011651862412691116, 0.035025693476200104, -0.006558554247021675, 0.028800150379538536, 0.010200637392699718, 0.02457968145608902, 0.0009709885343909264, -0.006744339130818844, -0.01303297933191061, 0.002290761796757579, 0.0066987695172429085, 0.023191552609205246, -0.030454687774181366, -0.016236891970038414, -0.03135206177830696, -0.0035649652127176523, 0.05429122969508171, -0.007326231338083744, -0.0010305799078196287, -0.012983904220163822, -0.014596376568078995, 0.01996660977602005, -0.029080580919981003, 0.00494608236476779, 0.025953788310289383, -0.0036105350591242313, -0.010179605334997177, 0.004479867871850729, -0.004188921768218279, 0.01270347461104393, -0.0015555096324533224, 0.011834141798317432, 0.007417371030896902, -0.003210922470316291, -0.008609198033809662, 0.03982104733586311, -0.0011707948287948966, 0.00858816597610712, 0.022069834172725677, 0.0012409023474901915, 0.025364885106682777, 0.01090171281248331, -0.01798957772552967, 0.019994651898741722, -0.007098381873220205, -0.03053881600499153, -0.017737191170454025, -0.009618746116757393, -0.0019402244361117482, 0.008468982763588428, 0.0025098477490246296, -0.00453244848176837, 0.011034917086362839, 0.012948851101100445, -0.011778055690228939, 0.01031982060521841, 0.030566859990358353, 0.01995258778333664, 0.018255986273288727, 0.014792677015066147, -0.0034352662041783333, 0.020751813426613808, -0.004318620543926954, -0.029164709150791168, -0.005836447235196829, -0.004290577489882708, 0.03600719943642616, -0.026767034083604813, -0.026514647528529167, 0.014820720069110394, -0.004409760236740112, -0.004094276577234268, 0.038699325174093246, 0.019517920911312103, -0.007683779578655958, -0.009317283518612385, 0.0018350632162764668, 0.019223470240831375, -0.014652462676167488, 0.03659610077738762, -0.0015528806252405047, -0.016545364633202553, 0.009597713127732277, -0.021663209423422813, -0.013923345133662224, -0.014806699007749557, 0.026360411196947098, -0.017428718507289886, 0.00883354153484106, 0.008027305826544762, 0.044952914118766785, -0.022153962403535843, -0.013755086809396744, -0.0163490641862154, -0.006625156383961439, -0.0026342885103076696, 0.0038629218470305204, -0.03429657593369484, 0.009099950082600117, -0.01064231526106596, -0.0033791803289204836, -0.027117570862174034, 0.012955861166119576, 0.002304783323779702, 0.0050477380864322186, -0.022364284843206406, 0.01911129802465439, 0.006800425238907337, 0.01393736619502306, 0.013804161921143532, -0.01895706169307232, -0.015395601280033588, -0.017919471487402916, 0.02605193853378296, 0.04408358037471771, -0.0009254186879843473, 0.005696232430636883, -0.001599326846189797, -0.010446013882756233, -0.015633966773748398, 0.014498226344585419, -0.010039390996098518, 0.0066391779109835625, 0.014147688634693623, 0.006243070587515831, -0.020976155996322632, -0.01112605631351471, -0.024130992591381073, -0.03020230121910572, -0.00478133000433445, 0.01599852554500103, 0.01665753684937954, -0.007873069494962692, -0.002543148584663868, -0.02260264940559864, -0.007585628889501095, -0.01714828796684742, -0.0178353413939476, 0.014806699007749557, -0.008777456358075142, -0.004939071834087372, -0.022658735513687134, 0.00016508119006175548, 0.008861584588885307, 0.00548590999096632, 0.009625756181776524, 0.0016177300130948424, 0.015143214724957943, 0.010859647765755653, 0.03401614725589752, -0.02094811387360096, -0.012892764993011951, -0.008181542158126831, -0.01493289228528738, -0.012507173232734203, -0.008342789486050606, -0.008293714374303818, 0.00939440168440342, -0.017610998824238777, 0.008546100929379463, -0.0005284351063892245, 0.0050407275557518005, 0.038194552063941956, 0.010123519226908684, 0.005370232742279768, -0.012514184229075909, -0.004195932298898697, 0.04038190469145775, -0.006860016379505396, 0.001139246509410441, 0.006393801886588335, -3.2808107789605856e-05, -0.004630598705261946, -0.004297588486224413, -0.02706148475408554, -0.00033892583451233804, -0.01287173293530941, 0.03381984680891037, 0.0009648541454225779, 0.016110697761178017, -0.0038278682623058558, 0.0316605344414711, 0.01129431463778019, 0.011841152794659138, -0.00037463681655935943, -0.023023294284939766, 0.015185278840363026, -0.023836541920900345, -0.0018403212307021022, 0.0075645968317985535, 0.010382916778326035, 0.018929017707705498, -0.015311473049223423, -0.02558922953903675, -0.01510115060955286, 0.008679305203258991, 0.024509573355317116, 0.03782999515533447, -0.004476362373679876, -0.0034860942978411913, 0.02509847655892372, 0.0010840368922799826, 0.03278225660324097, -0.01762501895427704, 0.007781929802149534, -0.003181126667186618, -0.02061159722507, -0.017288504168391228, 0.011644851416349411, 0.029108624905347824, -0.009233154356479645, -0.03970887511968613, 0.01212158240377903, 0.02736995927989483, 0.04366293549537659, 0.021368758752942085, -0.009969282895326614, -0.013004937209188938, 0.022182004526257515, 0.001959503861144185, 0.0058154151774942875, -0.028828194364905357, 0.0009622250800020993, 0.010165584273636341, 0.001922697527334094, -0.0019963104277849197, 0.026486603543162346, 0.00891066063195467, 0.03979300335049629, 0.028000926598906517, -0.04517725855112076, -0.006271113641560078, 0.015045064501464367, 0.00792214460670948, 0.008700338192284107, 0.006625156383961439, 0.006113371811807156, -0.0166715569794178, -0.002381901489570737, 0.0024081917945295572, 0.026346389204263687, 0.010074444115161896, 0.017568932846188545, -0.010789540596306324, 0.008230617269873619, 0.005619114264845848, 0.02986578457057476, -0.027145614847540855, -0.021551037207245827, -0.01040394976735115, -0.02588368020951748, 0.019924543797969818, -0.003845395054668188, -0.007634704001247883, 0.004073244519531727, -0.01650330051779747, 0.02769245207309723, -0.009527605958282948, 0.026304325088858604, 0.012990915216505527, 0.02703344263136387, 3.0425549994106404e-05, -0.017288504168391228, -0.032277483493089676, 0.031436193734407425, -0.00490401778370142, -0.021018221974372864, -0.017288504168391228, -0.021915597841143608, 0.02505641244351864, -0.01409160252660513, 0.004795351531356573, 0.004658641759306192, -0.0024467508774250746, -0.003207416972145438, -0.007312209811061621, -0.009099950082600117, -0.003102255752310157, 0.024453487247228622, -0.01930759847164154, 0.003526406129822135, -0.002779761329293251, 0.016755687072873116, -0.009099950082600117, -0.00755057530477643, 0.01419676374644041, 0.021817445755004883, 0.013011947274208069, 0.018858911469578743, -0.012955861166119576, -0.00278501957654953, 0.016937965527176857, 0.015283429995179176, -0.03149227797985077, -0.006229049060493708, -0.0010042896028608084, -0.004518426954746246, 0.01097181998193264, -0.0036245565861463547, -0.004469351377338171, -0.0029567827004939318, 0.003016374073922634, -0.006302662193775177, -0.011743002571165562, -0.013635903596878052, 0.02062561921775341, 0.026935292407870293, 0.03034251555800438, 0.001591439708136022, 0.01287173293530941, -0.0016746923793107271, 0.012317883782088757, -0.003284535137936473, -0.010277755558490753, 0.022518521174788475, -0.024145014584064484, -0.019181406125426292, -0.024832068011164665, 0.01618080586194992, 0.018578480929136276, 0.01877478137612343, 0.017428718507289886, 0.013551775366067886, -0.004886491224169731, -0.0027447077445685863, -0.01040394976735115, 0.007866058498620987, 0.0023591164499521255, -0.009254186414182186, 0.018536416813731194, -0.006691758520901203, 0.011266271583735943, 0.01410562451928854, 0.01979835145175457, -0.0004973249160684645, 0.007445414084941149, -0.005959135480225086, 0.009261197410523891, 0.025336841121315956, 0.0429057739675045, -0.0184803307056427, 0.019195426255464554, 0.011133067309856415, -0.017064159736037254, 0.03053881600499153, 0.004220469854772091, -0.012752549722790718, 0.025463035330176353, 0.017681105062365532, 0.0077959513291716576, -0.010684379376471043, -0.008973756805062294, -0.0252667348831892, 0.036511972546577454, -0.00346330925822258, -0.01877478137612343, 0.012927818112075329, -0.017092201858758926, -0.03763369470834732, -0.02228015661239624, 0.041475582867860794, -0.008721370249986649, -0.005096813663840294, -0.004273050464689732, -0.0004484687524382025, -0.01064932532608509, -0.005783866625279188, -0.001197085133753717, 0.010607261210680008, -0.022532543167471886, -0.012072507292032242, -0.0018701169174164534, -0.0029234816320240498, 0.00738231698051095, -0.010046401061117649, -0.01647525653243065, 0.004259028937667608, -0.0013706011231988668, -0.02787473239004612, 0.038867585361003876, 0.019686179235577583, -0.0029760622419416904, 0.041952311992645264, -0.01765306293964386, -0.0067969197407364845, -0.018886953592300415, 0.013222269713878632, -0.0026816108729690313, -0.013677968643605709, -0.01029878854751587, 0.002117245690897107, -0.01071242243051529, 0.02180342562496662, 0.0013846226502209902, -0.023065360262989998, 0.00024800520623102784, 0.019055211916565895, 0.02044334076344967, 0.035726770758628845, -0.03185683861374855, 0.0025536648463457823, 0.006449887994676828, 0.007431392557919025, 0.01996660977602005, -6.84643309796229e-05, -0.018844889476895332, 0.014238828793168068, -0.019209448248147964, -0.0178353413939476, 0.01508712861686945, 5.41415938641876e-05, 0.0057347915135324, 0.002134772716090083, 0.02277090772986412, -0.024705873802304268, -0.007298188284039497, 0.019728243350982666, -0.020835941657423973, 0.005969651509076357, -0.0008557493565604091, -0.0028849225491285324, 0.010095476172864437, -0.014624419622123241, 0.007410360034555197, 0.0010665099835023284, -0.048430245369672775, -3.853172529488802e-05, -0.040157563984394073, 0.0037858036812394857, -0.009506573900580406, 0.0050898026674985886, 0.0029567827004939318, -0.025533143430948257, -0.027440065518021584, -0.020176932215690613, -0.005215996410697699, -0.014806699007749557, 0.011981368064880371, -0.012542227283120155, -0.029304925352334976, -0.01894303970038891, -0.007375306449830532, -0.01361487153917551, -0.031576406210660934, -0.023037316277623177, 0.01630699820816517, -0.009611735120415688, -0.029276881366968155, -0.004690190311521292, -0.02295318804681301, -0.022700801491737366, -0.02292514406144619, -0.004455330315977335, 0.03693261742591858, 0.006951156072318554, 0.00816051010042429, -0.01812979392707348, -0.014624419622123241, -0.02938905358314514, 0.006372769363224506, -9.85338629106991e-05, -0.021410822868347168, -0.020078781992197037, -0.009219133295118809, 0.010200637392699718, 0.01064231526106596, 0.05252452194690704, -0.0140214953571558, 0.002439740113914013, -0.001587057951837778, -0.02096213586628437, 0.023486005142331123, 0.013390528038144112, 0.013572807423770428, -0.02989382855594158, -0.012584292329847813, -0.000702389283105731, -0.008314746432006359, 0.011560723185539246, -0.01114007830619812, 0.005412297323346138, 0.01469452679157257, -0.016138741746544838, 0.0005350076826289296, 0.007171995006501675, -0.020387254655361176, -0.008237628266215324, 0.018199900165200233, -0.009583692066371441, 0.006467414554208517, -0.02672496996819973, -0.020569533109664917, -0.014133667573332787, 0.025434991344809532, 0.03182879462838173, 0.005307136103510857, 0.00941543374210596, -0.01567603088915348, -0.011834141798317432, 0.01566201075911522, 0.03222139552235603, 0.0003108828386757523, -0.005408791825175285, 0.003156589111313224, -0.0009289240697398782, 0.02047138288617134, -0.021158436313271523, 0.0038839541375637054, 0.0025116002652794123, 0.0051528993062675, -0.00324071804061532, 0.024986304342746735, -0.012086529284715652, -0.016923945397138596, 0.015718096867203712, 0.013558785431087017, 0.016881879419088364, -0.005622619763016701, -0.023373832926154137, -0.03163249418139458, -0.010424981825053692, 0.023149488493800163, -0.030931418761610985, 0.015423644334077835, 0.003571975976228714, -0.003940040245652199, -0.027496151626110077, 0.008931692689657211, 0.023373832926154137, 0.025673357769846916, 0.02146690897643566, 0.02788875438272953, -0.009941239841282368, -0.032249439507722855, -0.011350400745868683, 0.022308198735117912, -0.012507173232734203, 0.01996660977602005, 0.017372632399201393, -0.008139478042721748, 0.0395406149327755, -0.018914997577667236, 0.011364421807229519, -0.020247038453817368, -0.03418440371751785, 0.04189622774720192, -0.01361487153917551, -0.009106961078941822, -0.026178130879998207, -0.0024502563755959272, -0.025995852425694466, 0.01601254753768444, -0.018438266590237617, 0.026935292407870293, -0.01898510381579399, 0.005836447235196829, -0.012212722562253475, 0.010046401061117649, -0.04029777646064758, 0.021859511733055115, -0.003405470633879304, 0.012261797674000263, -0.004497394431382418, -0.012668420560657978, 0.0036736316978931427, -0.006281629670411348, 0.024285228922963142, 0.0178353413939476, 0.007999262772500515, -0.047925472259521484, 0.02439740113914013, 0.02014888823032379, 0.015059085562825203, -0.019433792680501938, -0.03435266390442848, 0.02558922953903675, -0.023219596594572067, 0.012598313391208649, 0.00015785136201884598, 0.007985241711139679, 0.030426643788814545, 0.02411697246134281, -0.021985704079270363, -0.022644715383648872, -0.006176468450576067, 0.012612334452569485, 0.013727043755352497, 0.0008706471999175847, 0.005177436862140894, -0.011175131425261497, -0.010025369003415108, 0.018690653145313263, -0.030258387327194214, -0.037717822939157486, 0.019559985026717186, -0.028000926598906517, -0.014077581465244293, -0.029949912801384926, -0.012387990951538086, 0.024775981903076172, 0.007298188284039497, -0.022518521174788475, 0.007494489196687937, 0.02919275313615799, -0.0352780818939209, 0.03976495936512947, -0.012864721938967705, -0.005331673659384251, -0.041139066219329834, -0.0036806424614042044, -0.0010910475393757224, -0.019602051004767418, 0.0024414928629994392, -0.018101749941706657, -0.01569005288183689, -0.01569005288183689, 0.00933130457997322, 0.012324893847107887, 0.006874037906527519, -0.019840415567159653, 0.021817445755004883, -0.011490615084767342, 0.004630598705261946, -0.04629897698760033, 0.011062960140407085, 0.005100318696349859, -0.03168857842683792, 0.018396202474832535, 0.0038839541375637054, 0.0019262029090896249, -0.021733317524194717, -0.017232418060302734, -0.008237628266215324, 0.027944840490818024, -0.002187353326007724, 0.02163516730070114, 0.018914997577667236, -0.02145288698375225, -0.001105945440940559, -0.045121170580387115, -0.030454687774181366, -0.0002093365474138409, 0.009212122298777103, 0.002630783012136817, 0.008461972698569298, 0.007943176664412022, -0.006558554247021675, 0.003869932610541582, -0.016054611653089523, 0.01567603088915348, -0.019167384132742882, 0.00809040293097496, 0.009639778174459934, -0.0015300957020372152, -0.007957198657095432, -0.02871602214872837, 0.0024046865291893482, 0.041475582867860794, 0.004651631228625774, -0.012647388502955437, -0.004080255050212145, -0.01685383729636669, -0.039344314485788345, -0.004735759925097227, 0.013551775366067886, -0.002101471647620201, 0.013993452303111553, -0.011644851416349411, 0.007298188284039497, 0.08384854346513748, 0.015129193663597107, 0.004844426643103361, -0.010677368380129337, 0.004188921768218279, 0.014217795804142952, -0.006537522189319134, 0.005531480070203543, 0.012254786677658558, 0.003044417127966881, -0.028435591608285904, 0.03460504859685898, 0.027285829186439514, -0.0030093633104115725, 0.021915597841143608, 0.013558785431087017, -0.00453244848176837, -0.011336378753185272, -0.00014459666272159666, -0.006113371811807156, -0.020541490986943245, -0.004311609547585249, -0.04408358037471771, 0.024453487247228622, -0.007634704001247883, 0.0027026431635022163, -0.021410822868347168, 0.013460635207593441, -0.02758028171956539, -0.01834011636674404, -0.008097412995994091, -0.01130132470279932, 0.0029743097256869078, -0.017709149047732353, -0.012107561342418194, 0.00882653146982193, -0.027776582166552544, 0.01114708837121725, 0.04321424663066864, 0.015605923719704151, 0.02342991903424263, -0.01878880336880684, 0.007431392557919025, -0.02508445456624031, -0.000582330219913274, 0.018241966143250465, -0.01598450541496277, -0.03682044520974159, -0.029641440138220787, 0.01393736619502306, -0.0022346756886690855, -0.017947513610124588, 0.010600250214338303, 0.006362253334373236, -0.019167384132742882, 0.017877405509352684, -0.005917070899158716, -0.01668557897210121, -0.009078918024897575, 0.004921544808894396, 0.013663946650922298, 0.011392464861273766, -0.00227148225530982, 0.0017465525306761265, -0.025350863113999367, 0.020737791433930397, 0.027594301849603653, -0.010635304264724255, -0.03129597753286362, -0.007816983386874199, 0.0035369221586734056, 0.003978599328547716, -0.004634104203432798, 0.222549170255661, -0.008546100929379463, 0.01648927852511406, 0.030931418761610985, -0.012983904220163822, 0.024705873802304268, 0.009955261833965778, 0.005363221745938063, -0.02805701270699501, 0.012317883782088757, 0.008139478042721748, 0.004287071991711855, -0.03544633835554123, -0.011806098744273186, 0.006786403711885214, -0.028155162930488586, -0.020878005772829056, -0.019994651898741722, -0.055665336549282074, -0.014904849231243134, 0.03000599890947342, 0.012352936901152134, -0.005314146634191275, -0.03550242632627487, 0.031127719208598137, -0.008644252084195614, -0.008265671320259571, 0.02048540487885475, 0.011182142421603203, -0.002739449730142951, -0.009345326572656631, -0.028295377269387245, -0.009625756181776524, 0.016545364633202553, 0.011154099367558956, -0.01947585679590702, 0.017218396067619324, 0.010221670381724834, 0.03418440371751785, 0.012352936901152134, 0.019405748695135117, -0.0247479397803545, 0.016783729195594788, -0.010894701816141605, -0.007873069494962692, 0.012086529284715652, 0.004879480227828026, -0.0035071265883743763, 0.017232418060302734, 0.01665753684937954, -0.00032117986120283604, 0.004469351377338171, 0.05000065267086029, 0.013018958270549774, 0.02557520754635334, -0.009527605958282948, -0.0006844242452643812, -0.015732116997241974, 0.002622019499540329, 0.03516590967774391, -0.015577881596982479, 0.0033125781919807196, 0.003112772013992071, 0.0032179332338273525, -0.032389651983976364, 0.03642784431576729, 0.00824463926255703, 0.008861584588885307, 0.007396338507533073, -0.02111637219786644, -0.00924016535282135, -0.026304325088858604, 0.005720769986510277, -0.005342189688235521, -0.025645313784480095, -0.007333241868764162, 0.012661410495638847, 0.018760761246085167, 0.03673631697893143, 0.014056548476219177, -0.022013748064637184, -0.01998062990605831, -0.014708548784255981, -0.004237996879965067, 0.0014494720380753279, -0.02094811387360096, -0.023457961156964302, -0.002530879806727171, 0.010705411434173584, -0.0018157836748287082, -0.0076557365246117115, -0.005159910302609205, -0.003011116059496999, 0.007242102175951004, 0.024145014584064484, 0.029781656339764595, -0.01762501895427704, 0.013159173540771008, -0.006782898213714361, -0.03553047031164169, -0.03468918055295944, 0.032754212617874146, 0.015549838542938232, -0.003189890179783106, 0.008595176972448826, -0.0033248469699174166, 0.0007615424692630768, -0.0029357506427913904, -0.004735759925097227, -0.030735118314623833, -0.008370832540094852, -0.049075234681367874, -0.009366358630359173, -0.01508712861686945, -0.0014871548628434539, 0.011897238902747631, 0.015395601280033588, 0.0016352569218724966, 0.0025045895017683506, -0.006334210280328989, -0.026935292407870293, -0.004399244207888842, 0.0007155344355851412, 0.0024993314873427153, 0.00606780219823122, 0.015633966773748398, -0.011420507915318012, -0.002888428047299385, 0.012759560719132423, -0.011112035252153873, 0.020092802122235298, -0.027972882613539696, -0.0027990408707410097, -0.017947513610124588, -0.024215122684836388, 0.010179605334997177, -0.01929357647895813, -0.014098613522946835, -0.0041819107718765736, -0.009471519850194454, 8.938703103922307e-05, 0.0015195795567706227, 0.004202943295240402, -0.0035824920050799847, 0.002390665002167225, 0.0029813204891979694, 0.018732717260718346, 0.012268808670341969, -0.019433792680501938, -0.010537154041230679, -0.04514921456575394, 0.011245239526033401, -0.0005499055259861052, -0.004756792448461056, -0.0007137817447073758, -0.03410027548670769, -0.015395601280033588, -0.02821124903857708, 0.029108624905347824, -0.011904248967766762, -0.026178130879998207, -0.006891564931720495, 0.005166920833289623, 0.012640377506613731, -0.015367559157311916, -0.02658475562930107, -0.17969948053359985, 0.017765235155820847, 0.0038944703992456198, -0.024187078699469566, 0.008889627642929554, 0.034408748149871826, 0.02094811387360096, -0.019868459552526474, -0.017961535602808, 0.02263069339096546, 0.011581755243241787, -0.03261399641633034, -0.03561459854245186, -7.454396109096706e-05, -0.045457687228918076, -0.017064159736037254, -0.0020909553859382868, 0.01484876312315464, 0.04450422525405884, 0.023808497935533524, 0.043634891510009766, -0.029417097568511963, 0.005496426019817591, 0.013495689257979393, -0.027748538181185722, 0.0015686547849327326, -0.016447214409708977, 0.020541490986943245, 0.004020663909614086, -0.006670726463198662, -0.008882617577910423, -0.0059310924261808395, 0.01461039762943983, -0.025491077452898026, 0.002283751033246517, 0.003526406129822135, 0.01897108368575573, -0.014358011074364185, 0.004374706652015448, 0.0014494720380753279, 0.03668023273348808, 0.023542091250419617, -0.008630230091512203, -0.006201006472110748, -0.005671694874763489, 0.02312144637107849, 0.03858715295791626, 0.004960103891789913, 0.01046003494411707, -0.0081745320931077, 0.02079387754201889, -0.036876533180475235, 0.007971219718456268, -0.01302596926689148, 0.013446614146232605, 0.0019454824505373836, -0.017078181728720665, 0.007091371342539787, -0.02689322829246521, 0.00956967007368803, 0.004104792606085539, -0.05201974883675575, 0.038867585361003876, 0.0049320608377456665, -0.015535816550254822, 0.000820257468149066, -0.013965409249067307, 0.0004484687524382025, -0.0024309768341481686, 0.03376375883817673, -0.0025343853048980236, -0.01699405163526535, 0.011728980578482151, -0.00792214460670948, -0.008532079868018627, 0.0196441151201725, -0.007964209653437138, 0.018438266590237617, -0.019055211916565895, -0.005464877933263779, -0.015297451056540012, 0.022869057953357697, 0.015718096867203712, 0.016909923404455185, -0.049215447157621384, 0.025449013337492943, 0.021508973091840744, 0.02274286560714245, 0.0035789867397397757, -0.010537154041230679, 0.03707283362746239, -0.03396006301045418, 0.0018525900086387992, -0.02654268965125084, 0.032277483493089676, 0.03317485749721527, -0.0020734285935759544, 0.011981368064880371, 0.03283834084868431, 0.008055348880589008, -0.02539292722940445, -0.01633504219353199, 0.001557262265123427, 0.004188921768218279, 0.018185880035161972, 0.007326231338083744, -0.01123121753334999, -0.009268208406865597, 0.03847498446702957, -0.0018122782930731773, -0.024187078699469566, 0.005556017626076937, -0.005068770609796047, 0.023542091250419617, 0.007725843694061041, 0.004897007253021002, 0.0007488355040550232, -0.005741802044212818, 0.024369359016418457, 0.01023569144308567, 0.03729717805981636, 0.0007952816667966545, -0.007263134699314833, 0.022308198735117912, 0.0076206824742257595, -0.01244407705962658, -0.08794281631708145, -0.02966948412358761, 0.026472583413124084, 0.0382506400346756, -0.01747078262269497, 0.01846630871295929, -0.02392067015171051, 0.013039990328252316, -0.010502099990844727, 0.02657073363661766, -0.02525271289050579, -0.013362484984099865, -0.009801025502383709, -0.018424244597554207, -0.01651732064783573, -0.003663115669041872, 0.0021891058422625065, -0.017947513610124588, -0.01963009312748909, 0.03740935027599335, -0.03575481101870537, -0.016096675768494606, -0.013881280086934566, -0.022041790187358856, 0.015073107555508614, 0.02522466890513897, -0.008216596208512783, 0.0140214953571558, 0.0021558047737926245, -0.0006699645891785622, -0.007112403400242329, -0.016054611653089523, 0.003149578347802162, 0.011728980578482151, 0.014750612899661064, -0.04029777646064758, 0.003940040245652199, -0.0058574797585606575, 0.030763160437345505, 0.0010156820062547922, 0.016769709065556526, 0.021214522421360016, -0.030118171125650406, -0.02919275313615799, -0.018690653145313263, 0.003954061772674322, -0.0030479226261377335, 0.013250312767922878, 0.010607261210680008, -0.008994788862764835, -0.030903374776244164, 0.016587428748607635, 0.026486603543162346, 0.0018473319942131639, 0.03710087761282921, -0.025112498551607132, 0.03923214226961136, -0.010095476172864437, -0.021214522421360016, 0.006372769363224506, -0.00807638093829155, -0.017596976831555367, -0.017877405509352684, -0.0018929018406197429, 0.0027727505657821894, 0.02491619624197483, -0.03970887511968613, -0.009660810232162476, 0.025827594101428986, 0.008027305826544762, 0.0019665146246552467, -0.007375306449830532, -0.0250704325735569, 0.04388727992773056, -0.029248839244246483, -0.024355337023735046, -0.029585354030132294, -0.013972420245409012, -0.013572807423770428, 0.019854437559843063, -0.011224206537008286, 0.0033090729266405106, -0.009106961078941822, -0.012577281333506107, 7.250372618727852e-06, -0.0016930955462157726, -0.021480930969119072, 0.010396938771009445, 0.007094876375049353, -0.03496960923075676, -0.0047918460331857204, 0.02457968145608902, 0.005633135791867971, -0.02013486623764038, -0.015493752434849739, -0.006642683409154415, 0.019574007019400597, -0.008342789486050606, 0.0037647713907063007, 0.007242102175951004, -0.03396006301045418, -0.017400676384568214, -0.03625958785414696, 0.013124119490385056, -0.023836541920900345, 0.002415202558040619, 0.0033371157478541136, -0.022013748064637184, -0.01303297933191061, 0.014042527414858341, -0.01500299945473671, -0.009149025194346905, -0.019349662587046623, 0.019377706572413445, -0.014498226344585419, -0.03152032196521759, -0.003046169877052307, -0.028239291161298752, 0.004567502066493034, 0.012044464237987995, 0.009927218779921532, -0.009106961078941822, 0.0003382685827091336, -0.03351137414574623, -0.016727643087506294, 0.009843089617788792, 0.0010831605177372694, 0.005408791825175285, 0.0005315023008733988, 0.028323419392108917, -0.002217148896306753, -0.021368758752942085, 0.014526269398629665, -0.024832068011164665, -0.028449613600969315, 0.015115171670913696, 0.0089176706969738, -0.01812979392707348, 0.021691253408789635, 0.017765235155820847, 0.03210922330617905, -0.019041189923882484, 0.0007273650844581425, -0.05084194242954254, 0.015283429995179176, -0.005489415489137173, -0.0007510263239964843, 0.01812979392707348, -0.007901112549006939, 0.007284166757017374, -0.004360685124993324, 0.014336979016661644, 0.01601254753768444, 0.02787473239004612, -0.012822656892240047, 0.013762097805738449, -0.016783729195594788, -0.022153962403535843, -0.007319220341742039, -0.025477057322859764, 0.047925472259521484, -0.002283751033246517, 0.03940040245652199, 0.014582354575395584, 0.03903584182262421, 0.00012794614303857088, 0.002141783479601145, -0.0007654859800823033, -0.02110235020518303, 0.02159310318529606, 0.03379180282354355, -0.006460404023528099, 0.0049005127511918545, 0.022224070504307747, 0.012261797674000263, 0.00113574112765491, 0.023892628028988838, 0.017288504168391228, -0.012598313391208649, 0.020008673891425133, -0.011252249591052532, 0.0077538867481052876, -0.0016668052412569523, -0.006498963106423616, -0.02163516730070114, 0.016264934092760086, 0.0056997379288077354, 0.00807638093829155, -0.002199622103944421, 0.0009438219130970538, 0.004599050618708134, -0.010852637700736523, -0.010600250214338303, -0.004528942983597517, -0.005173931829631329, -0.0002317928447155282, -0.007186016067862511, -0.0013145151315256953, -0.010256723500788212, -0.0028673957567662, 0.024775981903076172, 0.009618746116757393, 0.012437066063284874, -0.0020068264566361904, 0.005356211215257645, 0.017919471487402916, -0.019251512363553047, 0.02079387754201889, -0.010726443491876125, -0.02261667139828205, 0.0452333427965641, 0.009934229776263237, 0.010277755558490753, -0.025196626782417297, -0.004592039622366428, 0.017582954838871956, 0.011196163482964039, -0.006130898837000132, -0.016292978078126907, 0.003235460026189685, -0.026276281103491783, 0.022897101938724518, 0.012612334452569485, 0.008889627642929554, 0.031604450196027756, 0.013229280710220337, 0.016713622957468033, 0.01327134482562542, -0.00473926542326808, -0.008903649635612965, 0.009029842913150787, 0.021831467747688293, 0.005373738240450621, 0.004297588486224413, -0.03940040245652199, -0.014358011074364185, 0.007781929802149534, -0.00436419015750289, 0.005009179003536701, 0.034548964351415634, 0.008440939709544182, 0.08048338443040848, 0.012268808670341969, -0.03940040245652199, 0.0006699645891785622, 0.007515521254390478, 0.012843689881265163, 0.01650330051779747, 0.000604676955845207, -0.0036736316978931427, -0.023500025272369385, 0.018255986273288727, 0.005380748771131039, -0.026304325088858604, -0.0040487064979970455, -0.03132402151823044, -0.003775287652388215, -0.011112035252153873, 0.02854776382446289, -0.0089176706969738, -0.009359347634017467, 0.02459370344877243, 0.006102855782955885, 0.029585354030132294, 0.01064932532608509, 0.0014696279540657997, -0.00048505610902793705, 0.014442140236496925, -0.007985241711139679, -0.03236161172389984, -0.011252249591052532, -0.02588368020951748, -0.014792677015066147, 0.0010875422740355134, -0.023289702832698822, 0.013951387256383896, 0.014568333514034748, 0.015451687388122082, -0.0008754670852795243, 0.015886353328824043, -0.00214704149402678, 0.0007987870485521853, 0.031912922859191895, -0.025519121438264847, 0.001690466539002955, 0.02769245207309723, 0.006618145853281021, 0.0008553112274967134, -0.011686916463077068, -0.04868263006210327]"
19103,"Mongo $expr return when delta of 2 fields exceeds 20%<p>This will return docs where <code>field1</code> is greater that <code>field2</code></p>
<p><code>collection.find( { $expr: { $gt: [ &quot;$field1&quot; , &quot;$field2&quot; ] } } )</code></p>
<p>I want to get documents where difference between <code>field1</code> and <code>field2</code> is greater or less than 20. Can that be done?</p>
<p>something like this.</p>
<pre><code>{
  match: {
    $expr: {
      {
        $expr: {
          $gt: [
            $subtract: [&quot;$field1&quot;, &quot;$field2&quot;], 20
          ]
        }
      }
    }
  }
}
</code></pre>
<p><em><strong>not looking for an aggregation solution</strong></em></p>
",@cnst variables? i am not that good with nginx config. can give an example? i will experiment with it.,"Embed Field: Mongo $expr return when delta of 2 fields exceeds 20%<p>This will return docs where <code>field1</code> is greater that <code>field2</code></p>
<p><code>collection.find( { $expr: { $gt: [ &quot;$field1&quot; , &quot;$field2&quot; ] } } )</code></p>
<p>I want to get documents where difference between <code>field1</code> and <code>field2</code> is greater or less than 20. Can that be done?</p>
<p>something like this.</p>
<pre><code>{
  match: {
    $expr: {
      {
        $expr: {
          $gt: [
            $subtract: [&quot;$field1&quot;, &quot;$field2&quot;], 20
          ]
        }
      }
    }
  }
}
</code></pre>
<p><em><strong>not looking for an aggregation solution</strong></em></p>; Answer: @cnst variables? i am not that good with nginx config. can give an example? i will experiment with it.","[-0.014822548255324364, 0.018939921632409096, 0.01328725554049015, 0.005743388552218676, -0.03204573318362236, 0.00875814352184534, -0.03087332844734192, -0.033413540571928024, -0.015031905844807625, -0.014285195618867874, -0.00023291079560294747, 0.016036825254559517, -0.0005766068934462965, 0.0038731233216822147, 0.029030978679656982, 0.028249375522136688, -0.003122923895716667, 0.0008583678863942623, -0.014752761460840702, -0.010105013847351074, -0.021312646567821503, 0.0024756586644798517, -0.02138243243098259, -0.02217799238860607, -0.04770571365952492, 0.019637782126665115, 0.02753755822777748, -0.016916127875447273, -0.014850461855530739, -0.001765585970133543, 0.034865088760852814, 0.00679017836228013, -0.022750237956643105, -0.004009206313639879, -0.015171477571129799, 0.005680581089109182, 0.004026652779430151, 0.0019051579292863607, 0.05362356826663017, -0.007348466664552689, 0.03573043644428253, -0.013001132756471634, 0.0024250636342912912, -0.02877974882721901, -0.0070169828832149506, 0.014501532539725304, 0.018339762464165688, -0.01392928697168827, -0.016413668170571327, 0.019749440252780914, 0.002409361768513918, 0.024969432502985, -0.054516829550266266, 0.004400007892400026, -0.017697731032967567, -0.004790809471160173, 0.027691086754202843, 0.019972754642367363, -0.0011680432362481952, 0.032715678215026855, -0.008513893000781536, 0.01762794516980648, -0.008541807532310486, -0.011382097378373146, -0.025164833292365074, -0.009141966700553894, -0.009518811479210854, 0.015185435302555561, -0.011821749620139599, -0.007529910188168287, 0.015269177965819836, 0.005771302618086338, -0.022415265440940857, -0.0064726523123681545, 0.025374192744493484, -0.0014576552202925086, -0.003262495854869485, 0.007153065875172615, 0.02106141671538353, 0.0029170550405979156, 0.009986377321183681, -0.011863620951771736, -0.01779543235898018, 0.010105013847351074, 0.006688988767564297, 0.02808188833296299, 0.013336106203496456, 0.005338629707694054, -0.013273298740386963, -0.004204607103019953, 0.03210156410932541, -0.004602387081831694, 0.046533308923244476, 0.00695068622007966, 0.004480261821299791, 0.02346205525100231, -0.020433342084288597, 0.014724847860634327, -0.004288350231945515, -0.024843817576766014, -0.01913532242178917, -0.001987156458199024, -0.013671078719198704, -0.015059820376336575, -0.03118038736283779, 0.005069953389465809, 0.0214801337569952, -0.01896783709526062, -0.008381299674510956, -0.019847139716148376, -0.01649741269648075, -0.00785092543810606, 0.01885617896914482, -0.02282002381980419, -0.006622692104429007, 0.004504686687141657, 0.005837599281221628, -0.033357709646224976, -0.033999741077423096, -0.00659128837287426, 0.009595575742423534, -0.0004985337727703154, 0.054516829550266266, -0.045947108417749405, 0.01270105317234993, -0.009176859632134438, -0.006378441117703915, -0.003325303317978978, 0.0030060322023928165, -0.02174532040953636, 0.05208827555179596, 0.035283803939819336, 0.003164795460179448, 0.033888086676597595, -0.0166648980230093, 0.00700651528313756, -0.014710890129208565, -0.007843947038054466, -0.02053104341030121, 0.0014751016860827804, 0.020000670105218887, 0.01977735385298729, -0.0062318905256688595, 0.002472169231623411, -0.0404200553894043, 0.031850334256887436, 0.0032171348575502634, 0.009504853747785091, 0.010377178899943829, -0.007529910188168287, 0.020293770357966423, 0.008241727016866207, -0.008527849800884724, 0.010118970647454262, 0.012763860635459423, 0.011821749620139599, 0.001201191684231162, -0.004885020665824413, -0.006898346822708845, 0.01591121032834053, 0.02288980968296528, 0.00037793483352288604, -0.005792238749563694, -1.4366103641805239e-05, -0.015003991313278675, 0.02100558765232563, 0.013587335124611855, -0.005474712233990431, -0.022624623030424118, -0.02512296289205551, 0.00588296027854085, 0.010907553136348724, -0.03762861341238022, 0.036204978823661804, 0.017990833148360252, -0.0021912807133048773, 0.00926758162677288, 0.020056499168276787, -0.0250810906291008, -0.014850461855530739, -0.00019921724742744118, 0.011800813488662243, 0.010439986363053322, 0.03902433440089226, -0.035395462065935135, -0.025751035660505295, 0.0141456238925457, 0.006354015786200762, -0.02383890002965927, 0.00613767933100462, 0.0011026188731193542, 0.008130069822072983, 0.006333080120384693, -0.014040944166481495, -0.5940184593200684, -0.013705971650779247, 0.003037435933947563, -0.019651738926768303, -0.002777483081445098, 0.01256845984607935, 0.0077532255090773106, 0.007194937206804752, -0.05465640127658844, 0.04770571365952492, -0.017027786001563072, -0.01741858758032322, -0.010893595404922962, -0.0007375508430413902, 0.015590193681418896, -0.022485051304101944, -0.015003991313278675, 0.006692477967590094, -0.0012701053638011217, 0.011333247646689415, -0.018465377390384674, -0.002697229152545333, -0.007515952922403812, 0.025318363681435585, -0.0013477422762662172, 3.49202637153212e-05, -0.02889140695333481, -0.008074240759015083, 0.006277251522988081, 0.03916390612721443, -0.03553503379225731, 0.02315499633550644, 0.00036484995507635176, 0.00892563071101904, 0.05401436984539032, 0.0035800221376121044, -0.006252826191484928, -0.017223186790943146, -0.019358638674020767, 0.05560548976063728, -0.021577833220362663, -0.00852087140083313, 0.015338963828980923, -0.022443179041147232, -0.02390868589282036, 0.010426029562950134, 0.013754822313785553, -0.012910411693155766, 0.022750237956643105, -0.040755026042461395, 0.007285659201443195, 0.01972152478992939, 0.016860298812389374, 0.01009803544729948, 0.029338037595152855, -0.006158614996820688, 0.021801147609949112, -0.027090927585959435, 0.016888214275240898, -0.020014626905322075, 0.0077462466433644295, 0.00452911201864481, -0.04265320673584938, -0.008772101253271103, -0.03882893547415733, -0.00838827807456255, -0.0077532255090773106, 0.014627146534621716, 0.0029065872076898813, 0.025485849007964134, 0.005282800644636154, 0.024829860776662827, -0.0024651905987411737, 0.006849496625363827, 0.023280611261725426, 0.030259212478995323, 0.019540082663297653, -0.03171076253056526, -0.033581025898456573, 0.017725646495819092, 0.017697731032967567, -0.00463379081338644, -0.03882893547415733, -0.006964643485844135, 0.006183040328323841, -0.004944338463246822, -0.03645620867609978, -0.022164035588502884, 0.012428888119757175, 0.007167022675275803, -0.0003650680591817945, 0.0602392815053463, 0.006573841907083988, -0.012017150409519672, 0.014431745745241642, 0.010000335052609444, -0.0016347372438758612, -0.0017315653385594487, 0.051474157720804214, -0.019707567989826202, -0.013964179903268814, -0.017292972654104233, -0.00822777021676302, 0.004909445531666279, 0.03162701800465584, 0.013140705414116383, -0.009169881232082844, 0.011333247646689415, 0.024662375450134277, -0.027830660343170166, -0.020824143663048744, 0.004891999065876007, -0.026741998270154, -0.0055165840312838554, -0.007003025617450476, -0.034223057329654694, 0.012010172009468079, -0.00868137925863266, -0.01681842841207981, -0.002650123555213213, -0.010523729957640171, 0.01955403946340084, 0.00024337870127055794, -0.032827336341142654, 0.007292637601494789, 0.0199308842420578, 0.007411274127662182, -0.006880900356918573, 0.02234547957777977, -0.011940386146306992, -0.0016766088083386421, 0.00025580934016034007, 0.015059820376336575, -0.012024128809571266, 0.008451085537672043, -0.016860298812389374, 0.015520407818257809, -0.0010965126566588879, -0.027076970785856247, -0.026113923639059067, -0.011689156293869019, 0.007599696051329374, 0.042513635009527206, -0.02487173303961754, 0.006975111551582813, -0.02598830871284008, -0.027732959017157555, 0.01586933806538582, -0.020279813557863235, -0.008820950984954834, -0.017320886254310608, -0.00787883996963501, 0.0018057129345834255, -0.00028394180117174983, -0.008751165121793747, 0.00601555360481143, 0.018032703548669815, -0.03927556425333023, -0.009518811479210854, -0.03140370175242424, 0.005485180299729109, 0.028109803795814514, -0.013650142587721348, -0.008562742732465267, -0.02057291567325592, -0.03634455054998398, -0.0167765561491251, 0.030566271394491196, -0.0012971473624929786, -0.02346205525100231, -0.0027460793498903513, 0.003911505453288555, -0.0038766127545386553, -0.021466175094246864, -0.020768316462635994, -0.009386218152940273, -0.03173867613077164, -0.012226507999002934, -0.024020344018936157, -0.004570983350276947, 0.018256019800901413, 0.017432544380426407, -0.005684070289134979, 0.011200654320418835, 0.02319686859846115, 0.026504725217819214, 0.00202379422262311, 0.015408750623464584, -0.0235318411141634, 0.025681249797344208, 0.007711353711783886, 0.02877974882721901, -0.01715340092778206, 0.006287719123065472, -0.011947364546358585, 0.023168954998254776, 0.021731361746788025, 0.0034788325428962708, -0.004724512808024883, 0.010879638604819775, 0.0023884261026978493, 0.004885020665824413, 0.00656337384134531, -0.01227535866200924, 0.02149409055709839, -0.02593247964978218, -0.016525326296687126, 0.00018089840887114406, 0.024955475702881813, 0.022917725145816803, 0.002402383368462324, -0.024578630924224854, 0.003173518693074584, 0.0029676498379558325, -0.0016233969945460558, 0.03589792177081108, -0.0070448974147439, -0.003445683978497982, -0.0029502033721655607, 0.0033601962495595217, 0.0029973089694976807, -0.022387351840734482, 0.01649741269648075, 0.0184374637901783, -0.0030060322023928165, 0.007781139574944973, -0.002840290544554591, 0.008939587511122227, -0.01779543235898018, -0.011940386146306992, 0.022429222241044044, -0.013671078719198704, -0.0030758182983845472, -0.0031892205588519573, 0.02449488826096058, -0.015632065013051033, 0.014334045350551605, -0.006744817364960909, 0.029338037595152855, -0.005799217149615288, 0.005795727949589491, 0.04700785502791405, 0.017935004085302353, -0.022429222241044044, 0.025430019944906235, 0.0001484043023083359, 0.005380501039326191, 0.03478134423494339, 0.0018807328306138515, 0.027132799848914146, -0.008192877285182476, 0.014047923497855663, -0.008409214206039906, 0.0073414877988398075, 0.022847939282655716, -0.00935132522135973, -0.007941647432744503, 0.020433342084288597, -0.004972252994775772, 0.014417788945138454, 0.00427439296618104, -0.020810186862945557, 0.02245713770389557, 0.006612224038690329, 0.01762794516980648, 0.001967965392395854, 1.2907685231766663e-05, -0.03623289614915848, 0.002198259113356471, -0.007250766269862652, 0.015994952991604805, -0.028333118185400963, 0.002173834014683962, -0.01907949335873127, -0.003869634121656418, -0.005652666557580233, 0.008311513811349869, 0.004508175887167454, 0.005998107139021158, 0.02191280573606491, -0.02051708661019802, -0.01955403946340084, 0.020377513021230698, 0.00020346982637420297, 0.005038549657911062, 0.0025297426618635654, 0.010049184784293175, 0.029393866658210754, 0.010509772226214409, 0.012205572798848152, 0.009721190668642521, 0.0007959966314956546, 0.003628872334957123, -0.004494218621402979, -0.007941647432744503, 0.031543273478746414, 0.025095047429203987, 0.011151803657412529, -0.014215409755706787, -0.0019801778253167868, 0.013671078719198704, 0.025597507134079933, -0.020349599421024323, -0.009414132684469223, 0.0365399532020092, 0.01321049127727747, -0.013280277140438557, -0.044244326651096344, -0.0040510776452720165, 0.0036184045020490885, 0.003587000770494342, -0.008855843916535378, -0.007578760385513306, 0.009623490273952484, 0.00613767933100462, 0.005083910655230284, 0.0027478239499032497, -0.017767516896128654, 0.021522004157304764, 0.01623222604393959, 0.019260937348008156, -0.007369402330368757, -0.03238070756196976, -0.020335642620921135, 0.01575767993927002, 0.008081219159066677, 0.015073777176439762, 0.012519609183073044, -0.01321049127727747, 0.013203512877225876, -0.012868539430201054, -0.02143826149404049, 0.021200988441705704, -0.023071253672242165, -0.021787190809845924, -0.01617639698088169, 0.014934205450117588, -0.01514356303960085, 0.00793466903269291, 0.0021511537488549948, -0.011186696588993073, -0.005739898886531591, -0.01919115148484707, 0.02576499432325363, -0.006280740723013878, -0.00297462847083807, 0.018242063000798225, 0.041871603578329086, 0.00041784372297115624, -0.0029903303366154432, 0.020168155431747437, 0.015450621955096722, -0.0007885818486101925, -0.014976076781749725, -0.014501532539725304, -0.010216671042144299, 0.037963587790727615, 0.009246645495295525, -0.009560682810842991, 0.040699198842048645, 0.013350063003599644, 0.01709757186472416, 0.022150078788399696, -0.001934817060828209, -0.030845414847135544, 0.034920915961265564, -0.005432840436697006, 0.010754023678600788, 0.006148147396743298, -0.03419514372944832, -0.02389472909271717, 0.029673010110855103, -0.006556395441293716, 0.0091349883005023, 0.010558622889220715, -0.014738804660737514, -0.02068457193672657, -0.002547189127653837, -0.014515489339828491, 0.009435067884624004, 0.021075373515486717, -0.03419514372944832, -0.032771509140729904, -0.04055962711572647, -0.014040944166481495, -0.010823809541761875, 0.03567460551857948, -0.0002859045343939215, -0.016636984422802925, -0.014696933329105377, -0.03553503379225731, 0.005268843378871679, -2.1194773580646142e-05, -0.0198750551789999, -0.016636984422802925, -0.04382561147212982, -0.01374086458235979, -0.003290410153567791, 0.04025257006287575, 0.015073777176439762, -0.0076764607802033424, 0.008995416574180126, -0.0003665946132969111, 0.002397149335592985, -0.021619705483317375, -0.014655061066150665, -0.006514523644000292, -0.022038420662283897, -0.018786393105983734, -0.015171477571129799, -0.0039045270532369614, 0.004668683744966984, -0.03640038147568703, 0.03246445208787918, -0.020991630852222443, -0.012973218224942684, 0.019065536558628082, -0.01919115148484707, 0.02217799238860607, 0.0035573416389524937, 0.00045491752098314464, 0.029812581837177277, 0.011493755504488945, -0.008904694579541683, -0.005823642481118441, -0.012428888119757175, -0.041397057473659515, -0.020489171147346497, -0.007250766269862652, 0.01280573196709156, 0.020028583705425262, 0.00022440562315750867, 0.004459325689822435, -0.011263461783528328, 0.0007270829519256949, -0.010788916610181332, 0.016902171075344086, -0.0069471970200538635, 0.04393726959824562, 0.006647116970270872, 0.0037789123598486185, 0.029393866658210754, 0.008562742732465267, 0.005359565373510122, -0.0014314854051917791, -0.003984780982136726, 0.01960986852645874, -0.0007846564403735101, -0.0004440134798642248, 0.007390337996184826, -0.03168284520506859, -0.04036422446370125, 0.007732289377599955, -0.0015928655629977584, -0.007488038390874863, -0.01339891366660595, -0.011619370430707932, 0.0007916350150480866, -0.036651611328125, -0.017544202506542206, 0.0002891757758334279, 0.00020172518270555884, -0.00825568474829197, -0.02277815341949463, 0.0006786689045839012, -0.029924239963293076, -0.0029222890734672546, -0.014766719192266464, 0.005760835018008947, -0.023448098450899124, -0.028165632858872414, 0.01785126142203808, 0.010649344883859158, -0.004361625295132399, 0.02931012213230133, 0.005003656726330519, -0.016888214275240898, -0.01360827125608921, -0.010795895010232925, -0.028109803795814514, -0.0063819303177297115, 0.03425097092986107, 0.020810186862945557, -0.0019993691239506006, 0.04940849170088768, -0.0062214224599301815, 0.02517879195511341, 0.0005617773276753724, 0.0054153939709067345, 0.016246182844042778, 0.029058892279863358, 0.02368537150323391, -0.016902171075344086, -0.017935004085302353, 0.02716071344912052, -0.00929549615830183, 0.016218267381191254, -0.0022942149080336094, -0.005523562431335449, 0.03307856619358063, -0.020614786073565483, 0.01773960329592228, -0.007955605164170265, -0.035870008170604706, -0.00491642439737916, 0.03444637358188629, -0.0004736725240945816, -0.021242860704660416, -0.03595374897122383, -0.01203110720962286, 0.027035098522901535, -0.009553704410791397, 0.030901243910193443, -0.021466175094246864, 0.020000670105218887, 0.00940017495304346, -0.022122163325548172, -0.0181583184748888, 0.0035800221376121044, -0.02695135585963726, -0.0023291080724447966, 0.005813174415379763, -0.0302871260792017, 0.01955403946340084, 0.009414132684469223, 0.019442381337285042, -0.0071809799410402775, 0.006999536417424679, 0.0023081721737980843, 0.013029047288000584, -0.012045064941048622, -4.69965125375893e-05, -0.0019801778253167868, -0.02925429306924343, 0.00843712780624628, -0.017446501180529594, -0.003695168998092413, -0.018102489411830902, 0.03882893547415733, 0.03453011438250542, 0.005541008897125721, 0.02053104341030121, -0.021731361746788025, -0.007760203909128904, 0.023643499240279198, -0.011814771220088005, 0.0398617684841156, -0.0034962790086865425, 0.014152602292597294, 0.0332181379199028, -0.0011758941691368818, -0.01960986852645874, 0.002705952385440469, 0.028751835227012634, 0.003841719590127468, 0.03771235793828964, 0.0462820790708065, -0.02834707498550415, -0.0008910800679586828, -0.008060283958911896, -0.0011148314224556088, 0.009637447074055672, -0.00482221320271492, 0.0214801337569952, -0.005380501039326191, 0.007997476495802402, -0.0011881067184731364, 0.013601292856037617, -0.025220662355422974, 0.013252362608909607, 0.0004898105398751795, 0.005055996123701334, -0.0075019956566393375, -0.013357041403651237, -0.03285525366663933, 0.0034823217429220676, -0.0005081293638795614, 0.03087332844734192, 0.00865346472710371, 0.022010507062077522, -0.043099839240312576, -0.016218267381191254, 0.010293436236679554, 0.034585945308208466, 0.004623322747647762, 0.03296690806746483, -0.012226507999002934, -0.00038033374585211277, 0.012003193609416485, 0.01023062877357006, -0.013245384208858013, -0.00608185026794672, -0.020754357799887657, 0.036093324422836304, -0.01411770936101675, -0.009797954931855202, 0.009818891063332558, -0.018660778179764748, 0.014543403871357441, -0.025527721270918846, -0.030091725289821625, -0.026867613196372986, -0.009204774163663387, 0.00884188711643219, 0.04564004763960838, 0.006329590920358896, -0.03494883328676224, -0.014040944166481495, -0.016832385212183, 0.02159179002046585, -0.01817227527499199, -0.013803672045469284, 0.016525326296687126, -0.033190224319696426, -0.019679654389619827, 0.011026188731193542, 0.0018196700839325786, 0.03274359554052353, -0.01344776339828968, 0.013273298740386963, 0.013894394040107727, 0.03307856619358063, -0.011933406814932823, 0.02249900810420513, 0.00875814352184534, 0.00035089277662336826, -0.006971621885895729, 0.007829990237951279, -0.004598897881805897, -0.005223482381552458, -0.0011924683349207044, -0.027984188869595528, -0.015673937276005745, -0.026434939354658127, 0.00020619583665393293, -0.004497708287090063, -0.00143061310518533, 0.0027408453170210123, 0.011326269246637821, 3.666491465992294e-05, 0.017767516896128654, -0.023294569924473763, -0.00434068962931633, 0.02287585288286209, -0.00948391854763031, 0.023964514955878258, -0.003977802582085133, 0.0037963588256388903, -0.015534364618360996, -0.03754487261176109, 0.011221589520573616, -0.007948625832796097, -0.03240862116217613, -0.0035050022415816784, -0.004232521168887615, 0.0368749275803566, -0.013538485392928123, -0.02647681161761284, -0.03868936374783516, 0.0026536129880696535, -0.02576499432325363, 0.03514423221349716, 0.011989235877990723, -0.011647284962236881, 0.01806061901152134, 0.026016224175691605, -0.007222851738333702, 0.0017682029865682125, -0.022094249725341797, -0.022010507062077522, -0.03955470770597458, -0.029449695721268654, 0.007495017256587744, -0.00948391854763031, -0.016860298812389374, 0.04293235018849373, 0.019386552274227142, -0.0063016763888299465, -0.029114721342921257, -0.007215872872620821, -0.03238070756196976, -0.002852502977475524, -0.004577962215989828, 0.023643499240279198, 0.01328725554049015, 0.02174532040953636, -0.02346205525100231, 0.045472562313079834, 0.0007379869930446148, 0.04522133246064186, -0.022624623030424118, 0.02057291567325592, -0.006190018728375435, 0.0009307708824053407, 0.017488373443484306, -0.019763397052884102, -0.029086807742714882, -0.028374990448355675, 0.02759338729083538, 0.021870935335755348, 0.031124558299779892, 0.030901243910193443, -0.012868539430201054, -0.0024634459987282753, -0.00817194115370512, -0.027342157438397408, 0.012868539430201054, -0.012212551198899746, -0.0007999220979399979, -0.02813771739602089, 0.0013302956940606236, -0.0008138793054968119, -0.0075857387855648994, 0.001685332041233778, 0.019065536558628082, 0.010077099315822124, -0.0039045270532369614, -0.003084541531279683, -0.00801143329590559, 0.010063142515718937, 0.010049184784293175, -0.01988901197910309, 0.019246980547904968, 0.022847939282655716, 0.02047521434724331, 0.035451292991638184, 0.022108206525444984, 0.007857904769480228, -0.010279478505253792, 0.017404630780220032, 0.00399175938218832, -0.00015843604342080653, 0.0011601923033595085, 0.0020464747212827206, -0.006263294257223606, -0.02630932442843914, 0.02223382145166397, -0.00102149264421314, 0.015087734907865524, -0.01459923293441534, -0.004026652779430151, -0.009176859632134438, -0.013517549261450768, 0.010823809541761875, -0.05342816561460495, -0.025332320481538773, 0.005621262826025486, 0.011403033509850502, -0.03065001405775547, -0.015618108212947845, -0.0018563077319413424, -0.01581350900232792, -0.004089459776878357, -0.0007654652581550181, -0.00024577759904786944, -0.04848731681704521, -0.002114515984430909, 0.016357839107513428, -0.00827661994844675, 0.01157749816775322, 0.19171611964702606, 0.025597507134079933, 0.003101987997069955, 0.024578630924224854, 0.006099297199398279, 0.016274096444249153, 0.007627610582858324, 0.0020377514883875847, -0.03165493160486221, 0.01007012091577053, -0.0033497284166514874, 0.008772101253271103, -0.03949888050556183, -0.0042953286319971085, -0.007327530533075333, -0.019958797842264175, -0.03774027153849602, -0.024690289050340652, -0.033301882445812225, 0.008555764332413673, 0.023350397124886513, 0.008981458842754364, 0.0016696301754564047, -0.029338037595152855, 0.029868410900235176, -0.03221322223544121, 0.021870935335755348, -0.009679319337010384, 0.0008134431554935873, 0.013273298740386963, -0.007257744669914246, -0.023224782198667526, -0.002189535880461335, -0.0012526587815955281, -0.005387479905039072, -0.007788118440657854, 0.004225542768836021, 0.018353719264268875, 0.0036986584309488535, 0.03235279396176338, 0.017013829201459885, -0.03221322223544121, 0.0029030977748334408, 0.009037287905812263, 0.002508806996047497, -0.010586537420749664, 0.000673434988129884, -0.011472819373011589, 0.0017350545385852456, 0.01998671144247055, -0.04404892772436142, 0.007194937206804752, 0.022903766483068466, 0.02706301398575306, 0.009700254537165165, -0.008534828200936317, 0.014710890129208565, -0.004867573734372854, 0.000396689836634323, 0.044076841324567795, -0.011423969641327858, 0.025583550333976746, -0.012107872404158115, 0.024104086682200432, -0.00037052007974125445, 0.020014626905322075, -0.015185435302555561, -0.017069656401872635, -0.009902634657919407, 0.005328161641955376, 0.007250766269862652, -0.011717070825397968, -0.0051711429841816425, -0.010160842910408974, -0.0024128512013703585, -0.017613988369703293, 0.008876780048012733, -0.0012134042335674167, 0.0099654421210289, 0.01687425561249256, -0.030510442331433296, -0.0124847162514925, -6.188055976963369e-06, -0.009232688695192337, -0.021829063072800636, -0.00825568474829197, -0.01613452471792698, 5.795509787276387e-05, -0.016567198559641838, -0.015534364618360996, 0.01128439698368311, 0.013671078719198704, -0.02030772715806961, -0.011005253531038761, -0.013803672045469284, 0.01363618578761816, 0.003459641244262457, 0.018018746748566628, -0.025053177028894424, -0.007446167059242725, -0.03600957989692688, 0.04764988645911217, 0.025206705555319786, 0.009281538426876068, -0.00875814352184534, 0.017544202506542206, 0.011040146462619305, 0.003074073698371649, 0.008311513811349869, -0.016748640686273575, 0.01564602181315422, -0.003747508628293872, 0.006287719123065472, -0.015604151412844658, 0.0030897753313183784, 0.0047803414054214954, 0.015506451018154621, 0.00175162882078439, -0.013357041403651237, -0.009630468674004078, 0.02174532040953636, -0.01917719468474388, 0.003935930784791708, -0.00131895556114614, -0.006996047217398882, -0.03171076253056526, -0.0266303401440382, 0.019847139716148376, 0.004424432758241892, -0.03316231071949005, 0.024397188797593117, -0.04136914387345314, 0.02576499432325363, -0.018842222169041634, 0.008081219159066677, -0.011423969641327858, 0.005206035915762186, -0.03508840501308441, -0.006783199962228537, 0.004201117437332869, 0.018730564042925835, -0.017334844917058945, 0.0370982401072979, 0.006350526586174965, 0.01864682137966156, 0.004721023142337799, 0.0017394162714481354, 0.008137048222124577, -0.02593247964978218, -0.013252362608909607, -0.021508047357201576, -0.0020203047897666693, 0.008018412627279758, -0.008569722063839436, -0.005028081592172384, -0.03466968983411789, -0.016636984422802925, -0.03768444433808327, 0.020335642620921135, -0.018088532611727715, -0.03059418499469757, 0.013817629776895046, -0.0019103919621556997, -0.015673937276005745, -0.011668220162391663, -0.005464244168251753, -0.17742393910884857, 0.023322483524680138, 0.02160574682056904, -0.02057291567325592, 0.022429222241044044, 0.026225581765174866, 0.006702946033328772, -0.021466175094246864, -0.012589395977556705, -0.03966636583209038, 0.017823345959186554, -0.010754023678600788, -0.02723049931228161, -0.031319960951805115, -0.018604949116706848, -0.005383990239351988, -0.013496614061295986, 0.003018244868144393, 0.03221322223544121, 0.029673010110855103, 0.025360234081745148, -0.03168284520506859, 0.008025391027331352, -0.017753560096025467, -0.0018667756812646985, 0.02855643443763256, -0.008311513811349869, 0.020558957010507584, -0.005062974989414215, -0.007627610582858324, -0.012847604230046272, 0.02491360530257225, 0.018242063000798225, -0.009567661210894585, -0.011744985356926918, 0.0059876395389437675, -0.011026188731193542, -0.020879972726106644, -0.018674734979867935, -0.01112388912588358, 0.02889140695333481, 0.014836505055427551, 0.004996677860617638, -0.0019138812785968184, -0.00801143329590559, 0.031431619077920914, 0.0036742333322763443, -0.00404758844524622, 0.014738804660737514, 0.0007759331492707133, 0.022624623030424118, -0.021954677999019623, 0.0050315712578594685, 0.005338629707694054, 0.023964514955878258, -0.0011881067184731364, 0.0013686780584976077, 0.02544397860765457, -0.01521334983408451, 0.0058271316811442375, -0.010237607173621655, -0.030370870605111122, -0.010028249584138393, 0.01613452471792698, -0.015743723139166832, -0.002735611516982317, -0.016092652454972267, 0.020586872473359108, -0.030733756721019745, 0.015157520771026611, 0.0023901707027107477, 0.01681842841207981, 0.02325269766151905, 0.0007148704025894403, 0.016357839107513428, 0.007327530533075333, -0.014934205450117588, -0.011877578683197498, -0.007774161174893379, 0.007774161174893379, -0.025485849007964134, 0.02164761908352375, 0.0002166637423215434, 0.027188628911972046, -0.005963214207440615, 0.01617639698088169, -0.0091908173635602, -0.010084077715873718, 0.011249504052102566, -0.00437907176092267, 0.008779079653322697, -0.01189851388335228, -6.92953253746964e-05, -0.005572412628680468, -0.0021930253133177757, 0.01919115148484707, 0.012519609183073044, 0.02919846586883068, 0.007285659201443195, 0.0064656734466552734, 0.01762794516980648, -0.031431619077920914, -0.012840624898672104, 0.004797787871211767, 0.024787990376353264, 0.032073650509119034, 0.021033503115177155, 0.008695336058735847, 0.023085210472345352, 0.02593247964978218, -0.029728839173913002, -0.004783830605447292, -0.008220791816711426, 0.01358035672456026, 0.009128009900450706, 0.01023062877357006, 0.006127211265265942, -0.00033497283584438264, 0.02015419863164425, 0.0041801817715168, 0.04550047591328621, -0.01192642841488123, -0.00120555330067873, -0.015939123928546906, 0.027049055323004723, -0.01579955220222473, -0.09423902630805969, -0.010935467667877674, 0.014229366555809975, 0.014850461855530739, -0.01698591373860836, -0.01859099231660366, -0.02636515349149704, 0.03070584312081337, -0.04764988645911217, 0.0497155524790287, -0.007662503514438868, -0.002330852672457695, 0.012317229993641376, 0.017809389159083366, 0.010439986363053322, 0.024257615208625793, -0.008674400858581066, -0.0051920791156589985, 0.0214243046939373, 0.029980069026350975, -0.00024599567404948175, -0.000889771559741348, 0.014529446139931679, 0.006252826191484928, 0.006971621885895729, 0.007627610582858324, -0.03274359554052353, 0.019246980547904968, 0.003911505453288555, -0.009365282021462917, -0.00048152345698326826, -0.0365399532020092, 0.016148481518030167, -0.011068060994148254, -0.01741858758032322, -0.035060491412878036, -0.01007012091577053, -0.002367490204051137, -0.0004911190480925143, -0.009686297737061977, -0.00852087140083313, 0.02223382145166397, 0.0025628909934312105, 0.003649808233603835, -0.019107408821582794, -0.031264130026102066, -0.015297092497348785, 0.021242860704660416, -0.012875517830252647, -0.04095042869448662, -0.01928885281085968, -0.009365282021462917, -0.0265745110809803, -0.004263924900442362, 0.038717277348041534, 0.0026815272867679596, 0.031961992383003235, 0.0012552757980301976, -0.003218879457563162, 0.018577035516500473, 0.0031804973259568214, 0.0036218937020748854, -0.025583550333976746, 0.03606540709733963, 0.03187824785709381, 0.019205108284950256, -0.02175927720963955, -0.022010507062077522, -0.024313444271683693, -0.006880900356918573, -0.023127082735300064, 0.026434939354658127, -0.026937399059534073, 0.033246055245399475, -0.037433214485645294, 0.022373393177986145, -0.01751628704369068, -0.018786393105983734, 0.0065459273755550385, 0.005851556546986103, 0.005157185718417168, -0.011410011909902096, -0.008262663148343563, -0.011856642551720142, 0.03235279396176338, 0.0026483789552003145, 0.00556194456294179, -0.004361625295132399, 0.026239538565278053, -0.04636582359671593, 0.014641104266047478, 0.0034334715455770493, 0.03374851122498512, -0.049268919974565506, -0.0006245847325772047, 0.0009377494570799172, -0.021829063072800636, -0.009449025616049767, -0.015045862644910812, -0.020168155431747437, -0.015087734907865524, -0.027956273406744003, -0.04630999267101288, 0.01768377423286438, 0.011396055109798908, -0.006305165588855743, 0.004291839431971312, -0.021396389231085777, 0.008430149406194687, -0.014696933329105377, -0.002589060924947262, 0.011947364546358585, -0.025011304765939713, 0.015157520771026611, -0.024508845061063766, -0.008395256474614143, -0.027202585712075233, -0.017209229990839958, 0.008018412627279758, 0.02942178025841713, 0.017809389159083366, 0.009246645495295525, 0.00894656591117382, -0.02727237157523632, -6.362520798575133e-05, 0.0042150747030973434, -0.0091349883005023, -0.005366543773561716, 0.018674734979867935, -0.0024547227658331394, -0.011786856688559055, -0.03176658973097801, 0.013454741798341274, -0.023434141650795937, 0.016748640686273575, 0.012289315462112427, 0.026728041470050812, -0.03612123802304268, 0.014724847860634327, 0.03701449930667877, 0.016958000138401985, 0.030203383415937424, -0.013322148472070694, -0.052702393382787704, 0.023992428556084633, -0.005631730891764164, 0.012142765335738659, 0.011933406814932823, -0.03391600027680397, -0.0070204720832407475, 0.01907949335873127, -0.001873754314146936, 0.045947108417749405, 0.0125963743776083, -0.00045360904186964035, -0.028444776311516762, -0.000993578229099512, -0.025471892207860947, -0.013538485392928123, 0.01602286659181118, 0.004284861031919718, 0.03503257408738136, 0.038493961095809937, 0.010244585573673248, 0.014655061066150665, -0.025597507134079933, 0.014243324287235737, -0.010523729957640171, -0.02449488826096058, 0.010433007963001728, 0.015729766339063644, -0.018925964832305908, -0.007871861569583416, -0.006633159704506397, 0.01411770936101675, 0.005635220091789961, -0.0013817629078403115, -0.005813174415379763, -0.0011785111855715513, -0.017223186790943146, -0.01277781743556261, -0.004968763794749975, 0.03263193741440773, -0.02732820063829422, -0.00027609089738689363, 0.018046662211418152, 0.018451420590281487, 0.029058892279863358, -0.02406221441924572, 0.009951484389603138, 0.011556562967598438, -0.00231689540669322, -0.01800478994846344, 0.017055699601769447, -0.017921047285199165, 0.007334509398788214, 0.02283398061990738, -0.007648546248674393, -0.01041905116289854, -0.017279015854001045, -0.004811745136976242, 0.017376715317368507, 0.011975279077887535, 0.024941518902778625, -0.008060283958911896, -0.007264723069965839, 0.01785126142203808, 0.010586537420749664, -0.03573043644428253, -0.02727237157523632, 0.012142765335738659, 0.017111528664827347, 0.000970025488641113, -0.04586336389183998, -0.03637246787548065, 0.021075373515486717, 0.0035939794033765793, -0.008311513811349869, -0.00652499170973897, -0.02422970160841942, -0.007843947038054466, 0.02417387254536152, -0.005914364010095596, -0.009344345889985561, 0.025890609249472618, -0.017167357727885246, 0.03293899446725845, 0.006608734838664532, -0.004448858089745045, 0.0021337070502340794, 0.0018981794128194451, -0.02555563487112522, -0.007065833080559969, -0.002697229152545333, -0.024955475702881813, -0.019861098378896713, -0.0035835113376379013, -0.019526124000549316, -0.010837767273187637, -0.01885617896914482, -0.004766384139657021, 0.09384822100400925, 0.017502330243587494, 0.004577962215989828, 0.018144361674785614, -0.019316766411066055, 0.013468699529767036, 0.0022767684422433376, 0.010572579689323902, -0.010370200499892235, -0.05560548976063728, 0.012931346893310547, 0.006490098778158426, 0.013468699529767036, -0.018995750695466995, -0.022205907851457596, 0.011040146462619305, 0.003677722532302141, 0.02115911804139614, 0.01514356303960085, -0.00787883996963501, -0.003129902295768261, 0.022680452093482018, 0.0028507583774626255, -0.008981458842754364, 0.007083279546350241, -0.00790675450116396, 0.005809685215353966, -0.004099927842617035, -0.016999870538711548, 0.0025489339604973793, -0.010914531536400318, 0.0028594816103577614, -0.03221322223544121, -0.0017839048523455858, -0.0021598769817501307, -0.011082017794251442, -0.013698993250727654, 0.006643627770245075, 0.008018412627279758, 0.024397188797593117, 0.0036881903652101755, 0.01859099231660366, -0.008137048222124577, -0.0026431449223309755, 0.011856642551720142, -0.037154071033000946, 0.003587000770494342, -0.00681809289380908, -0.017181314527988434]","[-0.012646645307540894, 0.01847156137228012, 0.005607922561466694, 0.0029294106643646955, -0.03645488619804382, 0.010225812904536724, -0.029049988836050034, -0.02484574168920517, -0.0029717921279370785, -0.02102123387157917, 0.0011663393815979362, 0.023245416581630707, 0.0006196178146637976, 0.001947854645550251, 0.030840184539556503, 0.02281142957508564, -0.002176714828237891, -0.004733168054372072, -0.0017054323107004166, -0.0050349244847893715, -0.015270909294486046, 0.004926427733153105, -0.022974174469709396, -0.02762596867978573, -0.04065913334488869, 0.028507504612207413, 0.031681034713983536, -0.016477935016155243, -0.0010315661784261465, 0.0011799015337601304, 0.038570571690797806, 0.007330307736992836, -0.03135554492473602, -0.010836106725037098, -0.023489532992243767, -0.004706043750047684, 0.004848445765674114, 0.00896453857421875, 0.049827106297016144, -0.0050857821479439735, 0.0333627313375473, -0.021183978766202927, 0.004387334920465946, -0.020709306001663208, -0.01203635148704052, 0.011365028098225594, 0.019041169434785843, -0.009439212270081043, -0.014877608977258205, 0.014918294735252857, 0.003475284669548273, 0.028778746724128723, -0.054438214749097824, 0.012239783070981503, -0.011066662147641182, -0.013846890069544315, 0.04272057116031647, 0.016220254823565483, -0.012761923484504223, 0.030650313943624496, -0.01076829619705677, 0.006533535197377205, -0.01845799945294857, -0.006733575835824013, -0.02921273373067379, -0.013928262516856194, -0.004177122376859188, 0.004068625625222921, 0.0004445821396075189, -0.005601141601800919, 0.019271723926067352, -0.009839293546974659, -0.013901138678193092, -0.014226628467440605, 0.01971927285194397, -0.012260125949978828, -0.0016791557427495718, 0.00336848315782845, 0.016599994152784348, -0.001512172631919384, 0.015582837164402008, -0.005041705444455147, -0.021875644102692604, 0.00115108210593462, 0.010280061513185501, 0.026771558448672295, 0.007662578485906124, 0.010924260132014751, -0.013365436345338821, -0.004546689335256815, 0.025822212919592857, 0.0030701172072440386, 0.034203581511974335, 0.009710453450679779, 0.005028143525123596, 0.02719198353588581, -0.013209471479058266, 0.0230962336063385, -0.007465928327292204, -0.026500316336750984, -0.01360277272760868, -0.00808300357311964, -0.019068293273448944, -0.005007800180464983, -0.026283323764801025, 0.012592396698892117, 0.021360285580158234, -0.01822744309902191, -0.0179426409304142, -0.02122466452419758, -0.015257347375154495, -0.00858480017632246, 0.021970579400658607, -0.025740839540958405, -0.0012875505490228534, 0.004007596522569656, -0.002475080778822303, -0.027246231213212013, -0.022445252165198326, -0.01306707039475441, 0.014782673679292202, -0.007167562376707792, 0.05218690633773804, -0.050613705068826675, 0.012097381055355072, -0.011819357983767986, -0.009195093996822834, 0.006357227917760611, -0.001652031671255827, -0.005119687411934137, 0.049311745911836624, 0.03965554013848305, 0.004075407050549984, 0.038787566125392914, -0.006977693177759647, 0.001207873341627419, -0.018010450527071953, -0.0025039000902324915, -0.008272872306406498, -0.0016783081227913499, 0.010164783336222172, 0.01615244522690773, -0.018539370968937874, 0.007960944436490536, -0.030867308378219604, 0.0295110996812582, 0.012355060316622257, 0.02076355367898941, 0.011222626082599163, -0.0034057789016515017, 0.019407344982028008, -0.004346648696810007, -0.005282432772219181, 0.010632675141096115, 0.016979731619358063, 0.010395338758826256, 0.006282636430114508, -0.010286842472851276, -0.0012561882613226771, 0.013955386355519295, 0.019108979031443596, -0.002770056016743183, -0.006167358718812466, 0.011242969892919064, -0.02507629804313183, 0.02206551469862461, 0.013399341143667698, -0.0015825259033590555, -0.018390187993645668, -0.02640538103878498, -0.001061233226209879, 0.006428428925573826, -0.026744434610009193, 0.030134955421090126, 0.018024012446403503, 0.0026751214172691107, 0.016776300966739655, 0.016315190121531487, -0.011310779489576817, -0.014945418573915958, -0.002475080778822303, 0.015365843661129475, 0.005350242834538221, 0.04074050858616829, -0.031165674328804016, -0.014036758802831173, 0.006906492169946432, -0.0026344351936131716, -0.013182347640395164, 0.007804980501532555, 0.0016257551033049822, -0.0012858553091064095, 0.0013265415327623487, -0.014931856654584408, -0.6119213104248047, -0.02256731130182743, -0.018620744347572327, -0.010537740774452686, -0.004370382055640221, 0.01692548394203186, 0.008306778036057949, 0.015799829736351967, -0.04464638605713844, 0.05077645182609558, -0.01951584219932556, -0.005001019220799208, -0.007642235606908798, -0.005523159634321928, 0.018295254558324814, -0.015325156971812248, -0.00705228466540575, -0.0030616410076618195, -0.002030922332778573, 0.007866010069847107, -0.021468782797455788, 0.004916256293654442, -0.003607515012845397, 0.02796502225100994, -0.012280468828976154, -0.009873198345303535, -0.01051739789545536, -0.010497055016458035, 0.0023750602267682552, 0.03686175122857094, -0.02942972630262375, 0.01384010910987854, -0.010090191848576069, -0.0001525734696770087, 0.04440227150917053, 0.006170749198645353, -0.014430060051381588, -0.012056694366037846, -0.006486067548394203, 0.04792841151356697, -0.017617149278521538, -0.007506614550948143, 0.015352281741797924, -0.021373847499489784, -0.022730056196451187, 0.00226995418779552, 0.013073851354420185, -0.016071071848273277, 0.025456035509705544, -0.03612939640879631, 0.0063809617422521114, 0.014172379858791828, 0.006845463067293167, 0.00563843734562397, 0.02047874964773655, -0.0027683607768267393, 0.023123357445001602, -0.020370254293084145, 0.01950228027999401, -0.026500316336750984, 0.01076829619705677, -0.00340069318190217, -0.034203581511974335, -0.003529532812535763, -0.03927580267190933, -0.002381841419264674, -0.0007632911438122392, 0.0115142110735178, 0.005885945167392492, 0.017373032867908478, -0.008374588564038277, 0.017074666917324066, 0.008021974004805088, 0.013650239445269108, 0.03260325640439987, 0.01815963350236416, 0.018498685210943222, -0.0486336424946785, -0.023692963644862175, 0.024438878521323204, 0.01795620284974575, -0.017739208415150642, -0.044754885137081146, -0.021129731088876724, 0.02384214662015438, -0.008137251250445843, -0.02532041445374489, -0.02335391193628311, 0.028561754152178764, 0.0067369663156569, 0.00857123825699091, 0.050098344683647156, 0.014809798449277878, -0.012382185086607933, 0.024533813819289207, -0.004136436153203249, -0.011317560449242592, 0.00026848691049963236, 0.05028821527957916, -0.015989700332283974, -0.022174010053277016, -0.018837736919522285, 0.0023869271390140057, 0.007594768423587084, 0.023896396160125732, 0.02538822591304779, -0.010273280553519726, 0.012090600095689297, 0.03154541179537773, -0.03124704584479332, -0.01924460008740425, -0.0002578915446065366, -0.028751622885465622, -0.004295790567994118, -0.005614703521132469, -0.03211501985788345, 0.017345909029245377, -0.007506614550948143, -0.021143293008208275, -0.004194075241684914, -0.014009634964168072, 0.008706859312951565, -0.005404491443186998, -0.030596066266298294, -0.006519972812384367, 0.013073851354420185, 0.010951384902000427, -0.003763478947803378, 0.019298847764730453, -0.010083410888910294, -0.003658372675999999, 0.00019760383293032646, 0.011371809057891369, 0.0009544318309053779, 0.00646233418956399, -0.02155015431344509, 0.004180512856692076, -0.008544114418327808, -0.026459630578756332, -0.015786267817020416, -0.007913477718830109, 0.007276059128344059, 0.04684344679117203, -0.017074666917324066, 0.015379405580461025, -0.0358852818608284, -0.023150481283664703, 0.0033057585824280977, -0.021360285580158234, -0.006319932173937559, -0.020614370703697205, -0.012327936477959156, -0.006238559726625681, -0.010117316618561745, -0.005407881923019886, 0.009378182701766491, 0.010178345255553722, -0.02842613309621811, -0.0204923115670681, -0.030894432216882706, -0.0026496925856918097, 0.036020901054143906, -0.007316745351999998, -0.01204991340637207, -0.026052767410874367, -0.047765668481588364, -0.009798606857657433, 0.030704563483595848, -0.006486067548394203, -0.02202482707798481, -0.012816171161830425, 0.009554489515721798, -0.004695872310549021, -0.027354728430509567, -0.010076629929244518, -0.0067674810998141766, -0.016722051426768303, -0.010415682569146156, -0.02613414078950882, -0.004285619128495455, 0.01919035241007805, 0.02690717950463295, -0.0024886426981538534, 0.006350446958094835, 0.03607514873147011, 0.01924460008740425, 0.01872924156486988, 0.0004242389986757189, -0.024303259328007698, 0.030650313943624496, 0.007689702790230513, 0.03607514873147011, -0.013087413273751736, -3.1388812203658745e-05, -0.0134739326313138, 0.01820031926035881, 0.01901404559612274, 0.004533127415925264, 0.00679121445864439, 0.01721028797328472, 0.010808982886373997, 0.007208248600363731, 0.014063883572816849, -0.012761923484504223, 0.02098054811358452, -0.034501947462558746, -0.016003262251615524, -0.004828102886676788, 0.024018455296754837, 0.024249009788036346, -0.0019292067736387253, -0.028507504612207413, -0.0002708178944885731, 0.015298033133149147, -0.005218012724071741, 0.037783972918987274, -0.00473655853420496, -0.0036380295641720295, -0.005950365215539932, 0.001109548145905137, 0.007838886231184006, -0.019041169434785843, 0.027598844841122627, 0.01745440438389778, 0.00782532338052988, 0.010056287050247192, 0.003865194506943226, 0.008021974004805088, -0.01396894920617342, 0.0001518317876616493, 0.027341166511178017, -0.0013485800009220839, -0.0010213946225121617, -0.003458332037553191, 0.011100567877292633, -0.013901138678193092, 0.009012006223201752, -0.010096972808241844, 0.03287449851632118, -0.008198280818760395, -0.00036448106402531266, 0.04559573531150818, 0.02178071066737175, -0.028344759717583656, 0.01641012355685234, -0.005621484946459532, 0.013338311575353146, 0.026839368045330048, 0.01049027405679226, 0.030324824154376984, -0.007682921830564737, 0.01103953830897808, 0.0002521700516808778, 0.021685775369405746, 0.029890837147831917, -0.019610777497291565, -0.002885333728045225, 0.023231852799654007, -0.014660615473985672, 0.016572868451476097, 0.0037533072754740715, -0.01721028797328472, 0.02050587348639965, -0.005007800180464983, 0.012619521468877792, 0.012097381055355072, 0.009317153133451939, -0.027341166511178017, 0.009527365677058697, -0.006499629933387041, 0.01769852265715599, -0.027775151655077934, 0.0006433514645323157, -0.02507629804313183, 0.0011273483978584409, -0.006814948283135891, 0.014267314225435257, 0.020316004753112793, 0.016599994152784348, 0.00467213848605752, -0.023448847234249115, -0.018064698204398155, 0.007520176935940981, 0.004082188010215759, 0.004912865813821554, -0.007581206038594246, 0.016206692904233932, 0.020180383697152138, 0.004987457301467657, 0.011466743424534798, 0.008801793679594994, 0.0038516325876116753, -0.006479286588728428, 0.0009629081469029188, -0.007689702790230513, 0.0359124056994915, 0.025483159348368645, 0.014023196883499622, -0.01741371862590313, 0.009262904524803162, 0.00792703963816166, 0.0281820148229599, -0.01164305116981268, -0.020641494542360306, 0.033661097288131714, 0.007723608054220676, -0.012151629664003849, -0.047765668481588364, 0.002688683569431305, 8.015405182959512e-05, -0.003197261830791831, -0.010497055016458035, -0.014308000914752483, 0.01999051496386528, -0.002003798261284828, 0.01280939020216465, 0.016206692904233932, -0.013487494550645351, 0.03027057647705078, 0.008944195695221424, 0.01372483093291521, -0.013731611892580986, -0.03135554492473602, -0.019542966037988663, 0.012673769146203995, 0.01820031926035881, 0.0034159503411501646, 0.004282228648662567, -0.004787416197359562, 0.017291659489274025, -0.003288805950433016, -0.022675808519124985, 0.026310447603464127, -0.014945418573915958, -0.028046393766999245, -0.017305221408605576, 0.010069848969578743, -0.01665424183011055, 0.003739745356142521, -0.0025937489699572325, -0.007425242103636265, -0.005563845857977867, -0.02127891406416893, 0.019597213715314865, -0.0015952404355630279, 0.004353429656475782, 0.007574425078928471, 0.0359666533768177, -0.009941008873283863, -0.006998036522418261, 0.014226628467440605, 0.013772298581898212, 0.005889336112886667, -0.013060289435088634, -0.02715129591524601, -0.007147219497710466, 0.03697024658322334, 0.014524994418025017, 0.0069437879137694836, 0.04562285915017128, 0.013094194233417511, 0.000542059657163918, 0.011127691715955734, -0.008720421232283115, -0.01848512329161167, 0.04046926647424698, -0.007079408969730139, 0.008645829744637012, 0.004251713864505291, -0.01943446882069111, -0.03257613256573677, 0.03287449851632118, -0.0005479930550791323, 0.004400896839797497, 0.006008004304021597, -0.02102123387157917, -0.017250973731279373, 0.0009425649768672884, 0.0054316152818500996, 0.01244321372359991, 0.021658651530742645, -0.03178953006863594, -0.03352547809481621, -0.05169867351651192, -0.01382654719054699, -0.004339867737144232, 0.033145736902952194, 0.0023140308912843466, -0.010449587367475033, -0.02175358682870865, -0.03762122616171837, 0.004746729973703623, -0.003526142332702875, -0.026961427181959152, -0.02199770323932171, -0.03463756665587425, -0.001619821647182107, -0.006692889612168074, 0.0461382158100605, 0.03463756665587425, -0.005885945167392492, -0.0002943396393675357, 0.00015352705668192357, 0.01997695304453373, -0.020695744082331657, -0.010469930246472359, 0.00019145851547364146, -0.011310779489576817, -0.015406530350446701, -0.019800646230578423, -0.0047501204535365105, -0.0030768983997404575, -0.041418612003326416, 0.04722318425774574, -0.026459630578756332, -0.01062589418143034, 0.01867499202489853, -0.011880387552082539, 0.016315190121531487, -0.0020004077814519405, -0.007777856197208166, 0.033959463238716125, -0.0018800442339852452, -0.009357839822769165, -0.0007666816818527877, -0.015094601549208164, -0.038272205740213394, -0.021482344716787338, -0.0141045693308115, 0.008530552498996258, 0.018593620508909225, 0.007506614550948143, -0.006218216381967068, -0.0022377441637218, 0.005713028833270073, -0.020438063889741898, 0.02175358682870865, -0.008957757614552975, 0.03721436485648155, -0.0010154611663892865, 0.0089509766548872, 0.035993777215480804, -0.005204450339078903, -0.004400896839797497, -0.0021902769804000854, -0.004946771077811718, 0.011961759999394417, 0.010191908106207848, -0.00898488238453865, 0.00601817574352026, -0.03436632454395294, -0.04093037545681, 0.0039024902507662773, 0.008591581135988235, 0.008510208688676357, -0.012605959549546242, -0.01609819568693638, -0.009500240907073021, -0.03916730359196663, -0.009662986733019352, -0.006024956703186035, 0.0064114760607481, -0.011093786917626858, -0.02277074195444584, 0.007330307736992836, -0.020872050896286964, -0.0017868048744276166, -0.013996073044836521, 0.0008370350115001202, -0.020397378131747246, -0.03442057594656944, 0.01738659478724003, 0.00819149985909462, -0.004950161557644606, 0.01317556668072939, 0.011019195429980755, -0.010653018951416016, -0.019407344982028008, -0.012836514972150326, -0.026079891249537468, -0.005540112033486366, 0.027558159083127975, 0.014118131250143051, 0.004990847781300545, 0.04480913281440735, -0.01075473427772522, 0.026201950386166573, 0.007384555879980326, -0.00020078245142940432, 0.008110127411782742, 0.016640679910779, 0.02999933436512947, -0.01550146471709013, -0.004085578490048647, 0.03200652450323105, -0.015745582059025764, 0.026025643572211266, -0.0028887244407087564, 0.005614703521132469, 0.03791959211230278, -0.013284062966704369, 0.013562086038291454, -0.00460432842373848, -0.02763953246176243, -0.011188721284270287, 0.022363880649209023, 0.022377442568540573, -0.020288880914449692, -0.03734998404979706, -0.001974978717043996, 0.03770260140299797, -9.112026600632817e-05, 0.020560123026371002, -0.01396894920617342, 0.017006855458021164, 0.008611924946308136, -0.019176790490746498, -0.01975996047258377, 0.007879571989178658, -0.027300478890538216, 0.0018681773217394948, 0.006235169246792793, -0.030297700315713882, 0.022675808519124985, 0.007092970889061689, 0.028073517605662346, -0.002137723844498396, 0.0022140105720609426, -0.0015799830434843898, 0.00409574992954731, -0.011961759999394417, 0.00010372876567998901, 0.00068997114431113, -0.027327602729201317, 0.006669155787676573, -0.016328752040863037, -0.00723537290468812, -0.022458814084529877, 0.04234083369374275, 0.03607514873147011, 0.009839293546974659, 0.020424501970410347, -0.018783489242196083, -0.014158817939460278, 0.024737244471907616, -0.00019993481691926718, 0.049854230135679245, -0.006679327227175236, 0.023421723395586014, 0.021102605387568474, 0.0032430337741971016, -0.010978508740663528, 0.0008531399653293192, 0.022472376003861427, -0.0009578223107382655, 0.026025643572211266, 0.04052351415157318, -0.009785044938325882, 0.007167562376707792, -0.002992135239765048, -0.0055604553781449795, 0.00236827926710248, -0.012016008608043194, 0.007750732358545065, -0.02027531899511814, 0.0026107016019523144, -0.008110127411782742, 0.01642368547618389, -0.03542416915297508, 0.01818675734102726, -0.0012527976650744677, 0.004407677799463272, -0.0003892742679454386, -0.014145256020128727, -0.02127891406416893, 0.004787416197359562, -0.012483900412917137, 0.018091822043061256, -0.002663254737854004, 0.018241005018353462, -0.04223233461380005, -0.022987736389040947, 0.013297625817358494, 0.016816986724734306, -0.0010095278266817331, 0.03227776661515236, -0.01585407927632332, 0.0051603736355900764, 0.005306166131049395, 0.017047543078660965, -0.0243303831666708, -0.009540927596390247, -0.01434868760406971, 0.02872449904680252, -0.01075473427772522, -0.015094601549208164, 0.011141253635287285, -0.017237411811947823, 0.0036515917163342237, -0.022418128326535225, -0.022974174469709396, -0.02408626489341259, -0.003807555651292205, 0.015257347375154495, 0.04209671542048454, 0.013623115606606007, -0.03667188063263893, -0.00857123825699091, -0.017305221408605576, 0.01611175760626793, -0.020627932623028755, -0.013412903062999249, 0.01075473427772522, -0.007079408969730139, -0.018512247130274773, 0.008618705905973911, 0.003573609748855233, 0.03564116358757019, -0.007601549383252859, 0.0009230694849975407, 0.015460778027772903, 0.024194762110710144, -0.005509597714990377, 0.03048756904900074, -0.004729777574539185, -0.009561270475387573, -0.006353837437927723, 0.0028666858561336994, -0.008299997076392174, -0.0038177273236215115, 0.0010078325867652893, -0.04074050858616829, -0.015392967499792576, -0.02712417207658291, 0.007567644119262695, -0.00833390187472105, -0.007004817482084036, 0.005984270479530096, 0.0030565550550818443, 0.0058961170725524426, 0.005567236337810755, -0.03157253563404083, 0.005058658309280872, 0.024723682552576065, -0.012009227648377419, 0.014823360368609428, -0.001373161212541163, -0.0011544725857675076, -0.011080224066972733, -0.04301893711090088, 0.01129043661057949, -0.013650239445269108, -0.03355260193347931, -0.007655797526240349, -0.01358921080827713, 0.03903168439865112, -0.0016884796787053347, -0.027612406760454178, -0.03539704531431198, 0.009846074506640434, -0.02054656110703945, 0.04196109622716904, 0.023896396160125732, -0.007710046134889126, 0.021129731088876724, 0.024384630843997, -0.007574425078928471, -0.008564457297325134, -0.013385779224336147, -0.021468782797455788, -0.024764370173215866, -0.02357090637087822, -0.001446905080229044, -0.010693704709410667, -0.0049705044366419315, 0.03211501985788345, 0.024221885949373245, 0.0022326584439724684, -0.01897335797548294, -0.008896728977560997, -0.02994508668780327, -0.005699466913938522, -0.0006204654346220195, 0.026595251634716988, 0.013718049973249435, 0.026324009522795677, -0.022472376003861427, 0.031084300950169563, 0.004502612631767988, 0.047819916158914566, -0.024682996794581413, 0.002122466452419758, -0.005346852354705334, -0.007730389013886452, 0.019529404118657112, -0.02354378066956997, -0.02739541418850422, -0.020099012181162834, 0.030894432216882706, 0.014226628467440605, 0.03208789601922035, 0.02357090637087822, -0.01409100741147995, -0.00761511130258441, -0.010591989383101463, -0.03192514926195145, 0.012585615739226341, -0.007154000457376242, 0.004746729973703623, -0.029104236513376236, 0.0009112026891671121, -0.0022648684680461884, -0.0004534822655841708, 0.004363601095974445, 0.02538822591304779, 0.018593620508909225, -0.0006539468304254115, -0.0012748361332342029, -0.0015231918077915907, 0.010863230563700199, 0.00743202306330204, -0.021400971338152885, 0.01745440438389778, 0.013426464982330799, 0.0268936175853014, 0.031626783311367035, 0.01360277272760868, 0.012341498397290707, 0.002917543752118945, 0.017590025439858437, 0.010178345255553722, -0.011771890334784985, 0.00896453857421875, 0.0028259996324777603, -0.003017564071342349, -0.02610701508820057, 0.0096019571647048, -0.00284634274430573, 0.02304198406636715, -0.00945955514907837, -0.00582152558490634, -0.009398525580763817, -0.004994238261133432, 0.015704896301031113, -0.05685226619243622, -0.019108979031443596, 0.007818542420864105, 0.02157728001475334, -0.02896861545741558, -0.01075473427772522, -0.012239783070981503, -0.020139697939157486, -0.002795485081151128, -0.012002446688711643, 0.0042686667293310165, -0.049610111862421036, -0.014836922287940979, 0.015203098766505718, -0.007065847050398588, 0.005743543617427349, 0.18509535491466522, 0.03127416968345642, 0.014118131250143051, 0.0281820148229599, 0.009337496012449265, 0.019393783062696457, 0.006560659036040306, -0.0006217368645593524, -0.03127416968345642, 0.00774395139887929, -0.006665765307843685, 0.015542150475084782, -0.0333898551762104, 0.004889131989330053, -0.021658651530742645, -0.01719672605395317, -0.032142143696546555, -0.02894149161875248, -0.03477318957448006, 0.004431411623954773, 0.025252604857087135, 0.003195566590875387, 0.010551302693784237, -0.02716485783457756, 0.02129247598350048, -0.02715129591524601, 0.016464373096823692, -0.01371126901358366, 0.0035193613730371, 0.01036143396049738, -0.0037092305719852448, -0.014213066548109055, -0.01616600714623928, 0.0017130610067397356, 0.00040728639578446746, -0.010239374823868275, -0.00935105886310339, 0.014972543343901634, 0.01474198792129755, 0.023964205756783485, 0.005326509475708008, -0.02484574168920517, 0.005038314964622259, 0.011954979039728642, -0.002712417161092162, -0.010530959814786911, -0.002291992539539933, 0.0034057789016515017, 0.010958165861666203, 0.022662246599793434, -0.04977285489439964, 0.012199096381664276, 0.014321562834084034, 0.016084633767604828, 0.007947382517158985, -0.01141927670687437, 0.020465187728405, 0.005879164207726717, -0.0006132606067694724, 0.03954704478383064, -0.015040353871881962, 0.012470338493585587, -0.006831900682300329, 0.02667662315070629, -0.0020088839810341597, 0.02283855341374874, -0.020953422412276268, -0.013345092535018921, -0.005309556610882282, -0.0005382453091442585, 0.01668136566877365, -0.010842887684702873, -0.0002280125772813335, -0.004953552037477493, -0.0025208527222275734, -0.026025643572211266, 0.004651795607060194, 0.003532923525199294, -0.003634639084339142, 0.013229815289378166, -0.019353097304701805, -0.01192785520106554, 0.01396894920617342, -0.01075473427772522, -0.025442473590373993, -0.0013409513048827648, -0.018769927322864532, -0.010985289700329304, -0.018078260123729706, -0.0033057585824280977, 0.008849261328577995, 0.0033362731337547302, -0.016057509928941727, -0.011792234145104885, -0.010029162280261517, 0.0083474637940526, -0.0026276542339473963, 0.023204728960990906, -0.03208789601922035, -0.007832104340195656, -0.034718941897153854, 0.02616126462817192, 0.023977767676115036, 0.006625079084187746, -0.007126876153051853, -0.00011580750287976116, 0.010185127146542072, 0.011012413538992405, 0.005129859317094088, -0.023123357445001602, 0.011717642657458782, -0.005109515972435474, 0.016260940581560135, -0.007343869656324387, 0.004139826633036137, 0.012775485403835773, 0.015772705897688866, 0.0050993445329368114, -0.023367473855614662, -0.00518071698024869, 0.030406197533011436, -0.013751955702900887, -0.0005535026430152357, 0.004482269287109375, -0.002300468971952796, -0.043398674577474594, -0.020383816212415695, 0.02020750753581524, 0.009371401742100716, -0.03260325640439987, 0.014063883572816849, -0.04513462260365486, 0.03146404027938843, -0.022201135754585266, 0.007011598441749811, -0.009588395245373249, 0.012219439260661602, -0.024018455296754837, -0.009466336108744144, -0.012504243291914463, 0.01744084246456623, -0.0067267948761582375, 0.034474823623895645, 0.003699058899655938, 0.020912736654281616, 0.011317560449242592, 0.0037194022443145514, 0.009649423882365227, -0.025442473590373993, -0.01817319542169571, -0.019027607515454292, -0.014375811442732811, 0.006564049515873194, -0.009439212270081043, 0.003337968373671174, -0.03694312274456024, -0.011202283203601837, -0.029619596898555756, 0.018118947744369507, -0.01898691989481449, -0.02614770270884037, -0.0005573169910348952, -0.002731065033003688, -0.010720829479396343, -0.013399341143667698, 0.0060825957916677, -0.17120777070522308, 0.016708489507436752, 0.018376626074314117, -0.02205195277929306, 0.014131694100797176, 0.023204728960990906, 0.012626302428543568, -0.023136919364333153, 0.005299385171383619, -0.04022514820098877, 0.013372217305004597, -0.015162412077188492, -0.021726461127400398, -0.01436224952340126, -0.027069924399256706, -0.011704080738127232, -0.001974978717043996, 0.014226628467440605, 0.029673844575881958, 0.02563234232366085, 0.02258087322115898, -0.03911305591464043, -0.0024191371630877256, -0.02717842161655426, 0.0004231794737279415, 0.023950643837451935, -0.00792703963816166, 0.013324749656021595, -0.01129043661057949, -0.017739208415150642, -0.01641012355685234, 0.02462874911725521, 0.009690110571682453, -0.004807759542018175, -0.006926835514605045, -0.00019378949946258217, -0.022987736389040947, -0.027612406760454178, -0.015270909294486046, -0.009161189198493958, 0.008530552498996258, 0.006374180316925049, 0.012483900412917137, -0.0003822813159786165, -0.007723608054220676, 0.05083069950342178, 0.0055062067694962025, 0.003732964163646102, 0.015148850157856941, -0.0012053303653374314, 0.020058324560523033, -0.03211501985788345, 0.0015732019674032927, 0.008639048784971237, 0.028507504612207413, -0.00236827926710248, 0.00481454050168395, 0.019895579665899277, -0.014375811442732811, -0.00804909784346819, -0.0053909290581941605, -0.03211501985788345, 0.012449994683265686, 0.013765517622232437, -0.014769111759960651, -0.009276467375457287, -0.014335124753415585, 0.02001763880252838, -0.03688887506723404, 0.01486404612660408, -0.015935450792312622, 0.02076355367898941, 0.012789047323167324, -0.0019003873458132148, 0.013060289435088634, 0.014552118256688118, -0.00858480017632246, -0.00033650925615802407, 0.003607515012845397, -0.0025428910739719868, -0.026785120368003845, 0.020912736654281616, 0.004607718903571367, 0.03075881116092205, 0.007804980501532555, 0.012144847773015499, -0.003081984119489789, -0.008876385167241096, 0.014335124753415585, -0.021712899208068848, 0.006408085580915213, -0.010808982886373997, -0.0005191736272536218, -0.0006806472083553672, -0.0015960880555212498, 0.013914700597524643, 0.007242153864353895, 0.030324824154376984, 0.009846074506640434, -0.0012205877574160695, 0.004956942517310381, -0.02923985756933689, -0.015216660685837269, -0.003526142332702875, 0.02484574168920517, 0.02205195277929306, 0.0204923115670681, 0.009873198345303535, 0.021834958344697952, 0.018525809049606323, -0.03737710788846016, -0.009859636425971985, -0.004645014647394419, 0.010178345255553722, 0.011120910756289959, 0.0071879057213664055, 0.007398117799311876, 1.3946169019618537e-05, 0.022594435140490532, 0.004017767962068319, 0.048796385526657104, -0.012226220220327377, 0.0020258366130292416, -0.0025954442098736763, 0.02104835771024227, -0.006509801372885704, -0.09884048253297806, -0.008381369523704052, 0.012856857851147652, 0.005696075968444347, -0.018078260123729706, -0.028751622885465622, -0.026188388466835022, 0.028371883556246758, -0.0359395295381546, 0.044456519186496735, -0.003097241511568427, -0.00416016997769475, 0.02942972630262375, 0.013819766230881214, 0.015420092269778252, 0.021360285580158234, -0.007445585448294878, -0.007296402473002672, 0.01951584219932556, 0.03477318957448006, -0.002686988329514861, -0.000698871270287782, 0.007079408969730139, 0.013229815289378166, 0.011676955968141556, 0.0016537269111722708, -0.040062401443719864, 0.019041169434785843, -0.0034515508450567722, 0.0024021845310926437, 0.0024004892911762, -0.025252604857087135, 0.02022107131779194, -0.004722996614873409, -0.014199504628777504, -0.02845325693488121, -0.011724423617124557, 0.00034053550916723907, 0.007099752314388752, -0.013704488053917885, -0.012768704444169998, 0.02921273373067379, 0.0035532666370272636, 0.0067369663156569, -0.01304672658443451, -0.04234083369374275, -0.0024021845310926437, 0.009418868459761143, -0.030053582042455673, -0.04019802436232567, -0.027612406760454178, -0.004007596522569656, -0.01996339112520218, -0.013846890069544315, 0.03965554013848305, 0.011602364480495453, 0.028507504612207413, 0.009384963661432266, -0.008489865809679031, 0.017807019874453545, 0.003573609748855233, -0.00685563450679183, -0.024940676987171173, 0.038814689964056015, 0.01486404612660408, 0.013128099031746387, -0.018525809049606323, -0.02073642984032631, -0.020356690511107445, -0.02201126515865326, -0.015026791021227837, 0.03178953006863594, -0.02487286552786827, 0.026757996529340744, -0.040062401443719864, 0.039628416299819946, -0.007459147367626429, -0.0059571461752057076, 0.008144033141434193, 0.005418053362518549, 0.0024276133626699448, -0.010341091081500053, -0.00910694058984518, -0.008923852816224098, 0.03995390608906746, -0.0008421207894571126, 0.00615040585398674, 0.005451958626508713, 0.026446068659424782, -0.041364364326000214, 0.019420906901359558, 0.00907981675118208, 0.03431207686662674, -0.04540586471557617, -0.004353429656475782, 0.0038177273236215115, -0.018864862620830536, -0.0134468087926507, -0.018268130719661713, -0.02713773399591446, -0.013182347640395164, -0.015732020139694214, -0.04836240038275719, 0.014918294735252857, 0.00737777492031455, 0.004994238261133432, 0.012375403195619583, -0.017549339681863785, 0.007520176935940981, -0.013548524118959904, 0.0031870901584625244, 0.0010069848503917456, -0.027544597163796425, 0.008672954514622688, -0.02867024950683117, -0.0217671487480402, -0.030650313943624496, -0.022201135754585266, 0.010293623432517052, 0.03157253563404083, 0.019149664789438248, 0.007269278168678284, 0.00505187688395381, -0.028778746724128723, -0.0004835731233470142, 0.0011722728377208114, -0.01866143010556698, 0.0011544725857675076, 0.021712899208068848, 0.01771208457648754, -0.013250158168375492, -0.03178953006863594, 0.0010069848503917456, -0.017345909029245377, 0.014931856654584408, 0.007113314233720303, 0.01948871836066246, -0.04174410179257393, 0.01333153061568737, 0.03976403549313545, 0.005563845857977867, 0.003865194506943226, -0.010842887684702873, -0.051373183727264404, 0.024262571707367897, -0.00923578068614006, 0.0034159503411501646, 0.0012926363851875067, -0.024737244471907616, -0.004316133912652731, 0.014240190386772156, 0.0004458535695448518, 0.040333643555641174, 0.017549339681863785, 0.0004168222367297858, -0.031898025423288345, 0.0014011330204084516, -0.029782341793179512, -0.01266698818653822, 0.009893542155623436, -0.00016157954814843833, 0.02536110021173954, 0.029592471197247505, 0.02281142957508564, 0.007106533274054527, -0.012382185086607933, 0.013867232948541641, -0.017237411811947823, -0.027612406760454178, 0.010442806407809258, 0.017033981159329414, -0.012721236795186996, -0.007330307736992836, -0.01639656163752079, 0.024235447868704796, -0.00046407763147726655, 0.000690394954290241, -0.022960612550377846, 0.003861804027110338, -0.020153259858489037, -0.014796235598623753, 0.0014240189921110868, 0.033281359821558, -0.021631527692079544, -0.0036854969803243876, 0.008632267825305462, 0.020600808784365654, 0.029077112674713135, -0.02175358682870865, 0.015352281741797924, 0.001742728054523468, 0.003427817253395915, -0.013819766230881214, 0.015311595052480698, -0.01691192202270031, 0.00647589610889554, 0.01944803074002266, 0.0004636538214981556, -0.022228259593248367, -0.015976138412952423, -0.0022241822443902493, 0.024276133626699448, 0.021862082183361053, 0.017793457955121994, -0.00792703963816166, -0.008035535924136639, 0.012626302428543568, 0.0032328623346984386, -0.042693447321653366, -0.02766665630042553, 0.001232454553246498, 0.017495092004537582, 0.010585208423435688, -0.03301011770963669, -0.027517473325133324, 0.0192581620067358, -0.0015926974592730403, -0.020099012181162834, 0.00035621668212115765, -0.026541002094745636, -0.0022750399075448513, 0.023001298308372498, -0.004411068744957447, 0.0032938916701823473, 0.02975521795451641, -0.011649832129478455, 0.035505540668964386, 0.0039024902507662773, 0.0003655406180769205, -0.008015193045139313, 0.0008442398393526673, -0.004977285396307707, 0.007215030025690794, -0.01141927670687437, -0.021428097039461136, -0.02609345316886902, -0.0009730797028169036, -0.02899574115872383, -0.02230963110923767, -0.0050450959242880344, 0.003304063342511654, 0.08516990393400192, 0.02332678809762001, 0.011344685219228268, 0.01565064676105976, -0.020316004753112793, 0.0102325938642025, 0.0037770410999655724, 0.017549339681863785, -0.017250973731279373, -0.05809997767210007, 0.010083410888910294, 0.009039130061864853, 0.02150946855545044, -0.010836106725037098, -0.012361841276288033, 0.015460778027772903, 0.000904421613086015, 0.019122540950775146, 0.0102325938642025, -0.01662711799144745, -0.0018885205499827862, 0.03724148869514465, -0.006296198349446058, -0.00794060155749321, 0.0027751419693231583, -0.010151221416890621, 0.0019190352177247405, 0.0062012639828026295, -0.01396894920617342, 0.0057808393612504005, 0.0089509766548872, -0.01103953830897808, -0.02357090637087822, -0.006079205311834812, -0.005685904528945684, 0.0006857329863123596, -0.011805796064436436, 0.0025937489699572325, 0.0015842211432754993, 0.021387409418821335, -0.009825731627643108, 0.015325156971812248, 0.0019919313490390778, -0.004648405127227306, 0.002037703525274992, -0.02153659239411354, 0.0033023678697645664, -0.002078389748930931, -0.01567777246236801]","[-0.0037947017699480057, 0.008663702756166458, 0.029082318767905235, 0.0018505669431760907, 0.008518152870237827, 0.011027161031961441, -0.012482662685215473, -0.01756305806338787, -0.019240351393818855, 0.003954113926738501, 0.010347926989197731, 0.004543245770037174, -0.005811612121760845, 0.0007485439418815076, 0.002380785532295704, 0.0030617525335401297, 0.004803156945854425, 0.0017492015613242984, 0.0027342645917087793, -0.026115866377949715, -0.013487652875483036, -0.00280010886490345, -0.027266405522823334, -0.006310641299933195, -0.01964234746992588, -0.008088433183729649, 0.019254213199019432, -0.015206531621515751, 0.00183497229591012, -0.016703618690371513, 0.03709451109170914, 0.01591349020600319, -0.01035485789179802, -0.027599092572927475, 0.01573328487575054, 0.007270579691976309, 0.009571659378707409, -0.016301622614264488, 0.013702512718737125, -0.005489322356879711, 0.009024112485349178, 0.012399491854012012, -0.001166134374216199, -0.04130853712558746, -0.005735371261835098, 0.01612141914665699, 0.014970878139138222, -0.029719965532422066, 0.0012796289520338178, 0.009966723620891571, 0.0130925877019763, 0.004148181062191725, -0.037704434245824814, -0.010119205340743065, -0.008268637582659721, 0.02919321320950985, -0.012510387226939201, 0.027820883318781853, 0.0046125552617013454, -0.0034048352390527725, 0.0019874535501003265, 0.03263096883893013, -0.010451891459524632, 0.011047953739762306, -0.007291372399777174, -0.018866078928112984, 0.003420430002734065, 0.01591349020600319, -0.011692533269524574, 0.016273899003863335, 0.011408364400267601, 0.023315757513046265, -0.03792622685432434, -0.015206531621515751, 0.047962259501218796, 0.02707233838737011, -0.013030209578573704, 0.0034325590822845697, -9.882036101771519e-05, 0.011851945891976357, 0.017507610842585564, -0.021569155156612396, -0.0023288032971322536, 0.04460767284035683, 0.007728022988885641, 0.014568882994353771, 0.021985013037919998, -0.012101460248231888, -0.011553914286196232, 0.002472620690241456, 0.03623507171869278, 0.008940941654145718, 0.017576919868588448, 0.006068057380616665, -0.014457987621426582, 0.008940941654145718, -0.01768781617283821, -0.007589403539896011, -0.013127242214977741, -0.007679506205022335, -0.008497360162436962, -0.003252353984862566, -0.01224007923156023, -0.020141376182436943, -0.02787633053958416, -0.034349847584962845, 0.015386736020445824, -0.008642910048365593, 0.027100061997771263, 0.0036110314540565014, -0.040282752364873886, 0.03182698041200638, -0.0077002989128232, 0.006005678791552782, -0.0009530073148198426, -0.005964092910289764, 0.01612141914665699, -0.007346820086240768, -0.021527569741010666, -0.017244234681129456, -0.02911004237830639, 0.02087605930864811, 0.025991108268499374, -0.005156635772436857, -0.00015518857981078327, 0.014638192020356655, -0.006899773143231869, -0.004959103651344776, -0.017202649265527725, -0.040421370416879654, 0.043166033923625946, 0.018214568495750427, 0.0033771113958209753, 0.017466025426983833, -0.014444125816226006, 0.026656480506062508, -0.005905179772526026, -0.008074571378529072, -0.03734402358531952, 0.027737710624933243, 0.012108391150832176, 0.03975600004196167, 0.00015876235556788743, 0.01092319656163454, -0.028070397675037384, 0.007721092086285353, 0.015026326291263103, -0.012947037816047668, -0.01752147264778614, -0.02392568252980709, -0.0018696270417422056, 0.012884658761322498, -0.006244797259569168, -0.0047269160859286785, 0.0022872176486998796, 0.016273899003863335, 0.004428884945809841, 0.01107567735016346, -0.017022443935275078, 0.0036352898459881544, -0.0034897394943982363, 0.020501786842942238, 0.02201273664832115, -0.028666460886597633, 0.0190046988427639, 0.03576376661658287, 0.021236468106508255, -0.01400054432451725, 0.00011403598909964785, 0.006113108713179827, 0.002817436121404171, 0.019295798614621162, -0.012759901583194733, 0.010930127464234829, 0.010250893421471119, 0.016772929579019547, 0.007374543696641922, -0.00238598370924592, 0.003690737532451749, -0.00047737002023495734, 0.018436359241604805, 0.022539488971233368, 0.019281936809420586, 0.03193787485361099, -0.02194342575967312, -0.03118932992219925, 0.02201273664832115, 0.0005003288388252258, -0.030856644734740257, 8.858636283548549e-05, 0.005052671302109957, 0.026420827955007553, 0.0061269705183804035, -0.015566941350698471, -0.6165784001350403, -0.00871915090829134, -0.0037704436108469963, -0.0068477909080684185, 0.009904345497488976, 0.01782643422484398, 0.013737167231738567, -0.014735225588083267, -0.045467112213373184, 0.030496234074234962, -0.013418342918157578, -0.007637920323759317, -0.015289702452719212, -0.005894783418625593, -0.0029491244349628687, -0.04130853712558746, -0.006442329380661249, 0.024618778377771378, -0.004959103651344776, 0.01551149319857359, 0.013314378447830677, -0.009128076955676079, -0.034044887870550156, 0.004473936278373003, 0.02545049414038658, 0.018616564571857452, -0.006989875342696905, 0.004990292713046074, 0.016745204105973244, -0.0029473917093127966, -0.026711929589509964, 0.026892133057117462, 0.004633348435163498, -0.006352227181196213, 0.05184359848499298, -0.019406694918870926, -0.008254775777459145, -0.004376902710646391, -0.007111167535185814, 0.03296365588903427, -0.039229247719049454, -0.01612141914665699, -0.0030825454741716385, 0.011255882680416107, -0.019878000020980835, 0.004789295140653849, 0.026628756895661354, -0.0009686019620858133, -0.030856644734740257, -0.004979896359145641, 0.009252835065126419, 0.0065428283996880054, 0.005413081496953964, -0.006806205026805401, 0.019822552800178528, -0.028056535869836807, 0.02197115123271942, -0.017978915944695473, -0.00467839976772666, 0.025048498064279556, -0.004886328242719173, 0.00950234942138195, -0.02886052615940571, -0.01922648958861828, -0.017327405512332916, -0.01815912127494812, -0.012628213502466679, 0.001812446629628539, -0.010334065183997154, 0.012205424718558788, 0.00797753781080246, 0.012926245108246803, -0.01092319656163454, -0.005759629886597395, -0.010888542048633099, 0.02888825163245201, 0.005163567140698433, -0.005489322356879711, -0.006899773143231869, -0.0037045993376523256, -0.008032985031604767, 9.90369517239742e-05, -0.02396726794540882, -0.004217490553855896, 0.001124548609368503, 0.00765871349722147, 0.0015291435411199927, -0.03127250075340271, -0.01820070669054985, -0.018214568495750427, 0.009668692015111446, 0.04457994922995567, 0.00016818413860164583, -0.012170770205557346, -0.010361788794398308, 0.060271646827459335, 0.010652889497578144, -0.00141911453101784, 0.020945368334650993, -0.011165780015289783, -0.00907956063747406, 0.003524394240230322, -0.013543100096285343, -0.012247010134160519, 0.0232048612087965, -0.009433039464056492, -0.0003136260493192822, 0.01504018809646368, 0.019628485664725304, -0.029248660430312157, 0.013328240253031254, 0.0007598067168146372, -0.010826162993907928, -0.0037011338863521814, 0.005118515808135271, -0.04405319690704346, 0.0037704436108469963, 0.02766840159893036, 0.0051739634945988655, -0.009807311929762363, 0.025464355945587158, 0.012780694290995598, 0.015026326291263103, -0.012357905507087708, 0.002178055001422763, 0.009855828247964382, 0.0010691009229049087, -0.014430263079702854, 0.002689213491976261, 4.323729081079364e-05, 0.0019770569633692503, 0.006102712359279394, 0.0074785081669688225, -0.039395589381456375, 0.01583031751215458, -0.014499573037028313, 0.016772929579019547, 0.0051254467107355595, -0.015719423070549965, -0.041641220450401306, -0.0176046434789896, -0.0025748524349182844, 0.0019129456486552954, -0.016052108258008957, -0.006425002124160528, -0.007811194751411676, -0.0024656897876411676, 0.02400885336101055, -2.796751505229622e-05, 0.010722198523581028, -0.0024656897876411676, -0.01361934095621109, 0.005967558361589909, 0.030496234074234962, -0.007949814200401306, -0.0066571892239153385, 0.02600497007369995, -0.0324091799557209, -0.002107012551277876, -0.024785121902823448, 0.010701405815780163, 0.028264464810490608, -0.01198363397270441, -0.01323813758790493, -0.0041135260835289955, 0.009724140167236328, 0.006057661026716232, 0.01782643422484398, -0.016135280951857567, -0.028070397675037384, -0.01824229210615158, -0.011366778053343296, 0.006341830361634493, 0.017895745113492012, -0.016606586053967476, -0.0033355255145579576, -0.056029900908470154, 0.0010041231289505959, -0.011443018913269043, 0.0074438536539673805, -0.003415231592953205, 0.001097691128961742, -0.03376764804124832, -0.0011791299330070615, 0.037565816193819046, 0.013494583778083324, -0.013903510756790638, 0.040837228298187256, -0.029387280344963074, 0.040587715804576874, 0.006199745927006006, -0.013307447545230389, -0.013626271858811378, 0.00946076400578022, 0.00627945177257061, 0.014333230443298817, 0.008906286209821701, 0.01393816526979208, 0.009661761112511158, 0.005849732086062431, -0.004945241380482912, -0.0004331851378083229, 0.011151918210089207, -0.009585521183907986, 0.009959792718291283, -0.021111711859703064, -0.0047858296893537045, -0.00026554250507615507, 0.022927623242139816, -0.0005705048097297549, 0.006951755378395319, -0.003978372551500797, -0.005631406791508198, -0.00037037330912426114, 0.024674225598573685, 0.022082045674324036, -0.006636396516114473, 0.007596334908157587, 0.006868583615869284, 0.0144025394693017, 0.0016625645803287625, -0.0019666606094688177, -0.0021416672971099615, -0.006248262710869312, -0.034848880022764206, 0.005659130867570639, 0.021998874843120575, 0.010618234053254128, -0.0001649352489039302, -0.007617127615958452, -0.022733556106686592, 0.009883551858365536, 0.013037140481173992, -0.026698065921664238, 0.03321317210793495, 0.012614351697266102, -0.0036560825537890196, -0.003909062594175339, -0.017715539783239365, -0.0008039916283451021, -0.006289848126471043, 0.008670633658766747, 0.017202649265527725, -0.011047953739762306, 0.03798167407512665, 0.00960631389170885, 0.008497360162436962, 0.037787605077028275, -0.01828387938439846, -0.0015404063742607832, -0.0038848044350743294, 0.013411412015557289, -0.014028267934918404, -0.01692540943622589, 0.011761843226850033, -0.01778484880924225, -0.002950857160612941, -0.0018973508849740028, 0.027432749047875404, 0.007644851226359606, 0.006310641299933195, -0.010049895383417606, 0.036844994872808456, 0.01013999804854393, 0.0364014133810997, -0.021583016961812973, -0.017590781673789024, -0.023773200809955597, -0.01334210205823183, -0.009564727544784546, -0.004685330670326948, -0.015982799232006073, 0.008428050205111504, 0.0032818105537444353, 0.01056278683245182, -0.011824221350252628, 0.01620458997786045, -0.003368447767570615, -0.00535763381049037, 0.016190728172659874, -0.0263931043446064, 0.0038362876512110233, 0.018172983080148697, -0.00446353992447257, 0.012822280637919903, -0.008774598129093647, -0.004394229967147112, 0.01688382402062416, 0.0018471014918759465, -0.011401432566344738, 0.004598693456500769, -0.00702106487005949, 0.0018990837270393968, 0.014693640172481537, 0.0025505940429866314, -0.017507610842585564, -0.0006506440695375204, -0.02032158151268959, -0.019115593284368515, -0.0013550030998885632, 0.02847239375114441, 0.007059185300022364, -0.008303293026983738, 0.017895745113492012, 0.015192669816315174, 0.01569169946014881, -0.007270579691976309, -0.012642075307667255, -0.014527296647429466, -0.000849042902700603, 0.015497631393373013, -0.030828921124339104, -0.01807595044374466, -0.02507622167468071, 0.023897958919405937, -0.009523142129182816, -0.012988623231649399, -0.029137765988707542, 0.009259765967726707, 0.01684223860502243, -0.007949814200401306, -0.0077834706753492355, -0.03135567530989647, 0.011117263697087765, 0.0017951192567124963, 0.013640133664011955, 0.028500117361545563, 0.006393812596797943, -0.007228993810713291, -0.034349847584962845, -0.02066813036799431, -0.014125301502645016, 0.02413361147046089, -0.008906286209821701, 0.006244797259569168, 0.016357071697711945, -0.0012527714716270566, 0.010084549896419048, 0.026379242539405823, 0.0034481538459658623, -0.002107012551277876, -0.019420556724071503, -0.024729672819375992, 0.023093966767191887, 0.009530073031783104, -0.015553079545497894, 0.037149958312511444, 0.02668420411646366, 0.03263096883893013, 0.033240895718336105, 0.01368172001093626, 0.01117964182049036, -0.0021919168066233397, -0.02065426856279373, 0.0037149956915527582, -0.005541304592043161, 0.01415302511304617, -0.002107012551277876, -0.017965054139494896, 0.01224007923156023, -0.015206531621515751, 0.038120292127132416, 0.0020740905310958624, -0.015566941350698471, 0.008060709573328495, 0.010167721658945084, 0.006781946402043104, -0.0041135260835289955, 0.018644288182258606, -0.051483187824487686, 0.001490156864747405, 0.018380912020802498, -0.00348454131744802, -0.0043387822806835175, 0.02456333115696907, -0.009114215150475502, -0.0017362060025334358, -0.020016619935631752, -0.006172021850943565, 0.0016157806385308504, 0.012600489892065525, -0.0007637054077349603, -0.014291644096374512, -0.02515939250588417, -0.012794556096196175, -0.011657878756523132, -0.002543663140386343, -0.0034932049456983805, -0.02944272756576538, -0.018477944657206535, -0.019143318757414818, -0.01836705021560192, -0.038369808346033096, -0.005451201926916838, 0.01535901241004467, -0.036844994872808456, -0.05614079535007477, 0.010694474913179874, 0.008795390836894512, -0.005711113102734089, -5.060144030721858e-05, 0.003559049218893051, 0.005894783418625593, 0.015261978842318058, 0.0022404335904866457, -0.03415578231215477, -0.0053992196917533875, -0.03143884614109993, -0.01145688071846962, -0.020695853978395462, 0.019656209275126457, 0.004013027064502239, -0.020571095868945122, -0.010368719696998596, 0.013570824638009071, -0.014638192020356655, 0.02983086183667183, -0.04255610704421997, 0.018131397664546967, -0.003905597375705838, 0.020862195640802383, 0.006903238594532013, 0.014277782291173935, -0.025062359869480133, 0.015844179317355156, 0.014652054756879807, -0.01294010691344738, -0.006106177810579538, 0.008788459934294224, 0.024202920496463776, -0.005101188085973263, -0.010160790756344795, 0.00844191201031208, 0.007298303302377462, 0.024715811014175415, -0.012489594519138336, 0.0064007434993982315, 0.0006237865891307592, -0.0011332123540341854, 0.04460767284035683, -0.012531179934740067, 0.025907937437295914, 0.006619068793952465, 0.016606586053967476, 0.007007203064858913, -0.015622389502823353, 0.018727460876107216, -0.00034243284608237445, 0.014090646058321, 0.014173817820847034, 0.004071940202265978, -0.018062088638544083, -0.005444271024316549, 0.010126136243343353, -0.04333237558603287, 0.0072359247133135796, -0.02690599486231804, -0.009391454048454762, -0.041558049619197845, -0.021499844267964363, 0.008275569416582584, 0.002774117747321725, -0.00196839333511889, -0.04624338075518608, -0.022802865132689476, -0.014062922447919846, -0.009800381027162075, -0.01807595044374466, -0.02197115123271942, -0.03293593227863312, -0.010659820400178432, -0.007159683853387833, -0.008462704718112946, 0.011103401891887188, 0.011512327939271927, -0.003214233787730336, -0.03376764804124832, 0.007145822048187256, 0.004175904672592878, -0.034682534635066986, -0.012787625193595886, 7.412880950141698e-05, 0.022802865132689476, -0.00776267796754837, 0.03008037619292736, 0.019961170852184296, 0.023787062615156174, 0.01815912127494812, 0.001303887227550149, 0.01811753585934639, 0.000664939172565937, 0.014776811935007572, -0.03742719814181328, -0.018353188410401344, 0.010451891459524632, 0.006210142280906439, 0.00307561457157135, -0.0020966161973774433, -0.03881338983774185, -0.0067022405564785, -0.007818125188350677, -0.010167721658945084, -0.015248117037117481, -0.04896031692624092, 0.011463811621069908, 0.02583862841129303, -0.03143884614109993, -0.002886745845898986, -0.005981420632451773, -0.014139163307845592, -0.008039915934205055, -0.012905451469123363, 0.038674768060445786, -0.010528131388127804, 0.031411122530698776, -0.011865807697176933, -0.01772940158843994, -0.008026054129004478, 0.008642910048365593, -0.03504294529557228, -0.0035694455727934837, -0.0022109770216047764, -0.005007620435208082, 0.005610614083707333, 0.001167000737041235, 0.003368447767570615, 0.0018037828849628568, 0.006120039615780115, -0.02023841068148613, 0.004844742827117443, -0.014263920485973358, 0.008275569416582584, 0.010306340642273426, -0.008622117340564728, 0.018145259469747543, -0.012205424718558788, -0.009072629734873772, 0.00473038200289011, 0.012704454362392426, 0.003898666240274906, -0.029470451176166534, -0.0003536956792231649, -0.010784577578306198, -0.015580803155899048, 0.013952027074992657, 0.00471998518332839, 0.013827269896864891, 0.013570824638009071, -0.009446901269257069, 0.012884658761322498, -0.01483225915580988, -0.024854430928826332, -0.014596606604754925, 0.0011600698344409466, -0.008324085734784603, 0.027016891166567802, 0.04624338075518608, -0.024535605683922768, -0.005621010437607765, -0.0017379388445988297, 0.0187967699021101, -0.009592452086508274, -0.007180477026849985, 0.011706395074725151, 0.019074007868766785, 0.03895200788974762, -0.018477944657206535, -0.01778484880924225, -0.00461602071300149, 0.019281936809420586, -0.006005678791552782, -0.0034481538459658623, -0.0020498321391642094, 0.018450221046805382, -0.02919321320950985, 0.0005206885398365557, -0.01551149319857359, 0.04341554641723633, 0.018658149987459183, 0.01709175296127796, -0.0018003174336627126, -0.014263920485973358, -0.01951758936047554, 0.023454375565052032, -0.0005471128388307989, 0.016786791384220123, -0.002569654257968068, -0.005828939378261566, 0.025090083479881287, 0.029331833124160767, 0.0008234849665313959, -0.00992513820528984, -0.026171313598752022, 0.03293593227863312, -0.02515939250588417, -0.011193504557013512, 0.008684495463967323, -0.012766832485795021, 0.02791791595518589, -0.027612954378128052, -0.02011365257203579, -0.026212899014353752, -0.018186844885349274, 0.014305505901575089, 0.018145259469747543, 0.0003812029317487031, -0.006404208950698376, -0.016301622614264488, -0.021860254928469658, -0.0011280140606686473, -0.02427222952246666, 0.020806748420000076, -0.0017847227863967419, -0.05464370548725128, -0.025103945285081863, -0.012593558058142662, 0.0024379659444093704, 0.020169099792838097, 0.0030808127485215664, 0.006688378751277924, 0.011477673426270485, 0.04430270940065384, -0.036207348108291626, 0.022137492895126343, -0.0008200194570235908, -0.012752970680594444, 0.0018973508849740028, 0.01980869099497795, 0.004813553299754858, -0.02732185274362564, -0.002344398060813546, -0.006806205026805401, -0.016232313588261604, -0.03246462717652321, 0.012870796956121922, 0.013446066528558731, 0.01832546480000019, 0.006404208950698376, 0.02168004959821701, 0.015705561265349388, 0.005752698518335819, -0.0226087998598814, -0.005260600242763758, -0.011131125502288342, -0.042500659823417664, 0.007471577264368534, 0.020543372258543968, 0.013411412015557289, -0.007533955853432417, -0.021901840344071388, -0.003985303454101086, 0.022816728800535202, -0.013265862129628658, 0.002427569590508938, 0.0037011338863521814, 0.023773200809955597, -0.02112557366490364, -0.007388405967503786, -0.008026054129004478, -0.013764890842139721, -0.02966451831161976, 0.012212355621159077, -0.010008309967815876, -0.008996388874948025, -0.0014026535209268332, 0.016260037198662758, 0.004099664278328419, 0.030579404905438423, -0.023093966767191887, -0.011235089972615242, -0.021790945902466774, -0.0336013063788414, 0.00047043905942700803, 0.0025800506118685007, -0.02244245633482933, 0.03329634293913841, 0.010521200485527515, -0.026406966149806976, -0.027418887242674828, -0.003387507749721408, -0.006757688242942095, 0.010479615069925785, -0.007790401577949524, 0.017133338376879692, 0.015456045977771282, -0.004418488591909409, -0.005905179772526026, 0.036512307822704315, 0.008199328556656837, 0.002380785532295704, -0.013252000324428082, 0.02052951045334339, -0.007970606908202171, -0.0042556109838187695, 0.015539217740297318, 0.008358740247786045, -0.03626279532909393, -0.009509280323982239, 0.02270583249628544, 0.031411122530698776, 0.009523142129182816, 0.0364014133810997, 0.007024530321359634, 0.003214233787730336, -0.014943154528737068, -0.014776811935007572, -0.009453832171857357, -0.0018869545310735703, 0.029886309057474136, -0.0380093976855278, -0.010403374210000038, 0.01955917477607727, -0.006851256359368563, -0.018907664343714714, 0.0070557198487222195, -0.01389657985419035, 0.0014338428154587746, -0.01628776080906391, -0.015442184172570705, -0.012690591625869274, 0.007728022988885641, 0.008670633658766747, 0.007048788480460644, 0.011810359545052052, 0.008310223929584026, 0.03421122953295708, 0.015636250376701355, -0.000895826902706176, -0.03337951377034187, 0.007998330518603325, -0.030191272497177124, 0.020779024809598923, -0.003252353984862566, -0.0019562640227377415, -0.020945368334650993, 0.01786802150309086, 0.05198221653699875, 0.0014182481681928039, -0.007215131539851427, -0.015982799232006073, 0.0035278599243611097, -0.010424166917800903, -0.01107567735016346, 0.018519531935453415, -0.012427215464413166, 0.0033078016713261604, 0.010008309967815876, -0.023218723013997078, -0.001605384168215096, -0.016703618690371513, 0.022761279717087746, -0.02563069947063923, -0.007104236166924238, 0.03457164019346237, -0.029775414615869522, -0.04141943156719208, 0.014180748723447323, -0.008171604946255684, 0.019586900249123573, 0.005004154983907938, 0.21158841252326965, 0.003390973201021552, -0.007360681891441345, 0.01591349020600319, -0.013466860167682171, -0.00812308769673109, 0.016343209892511368, 0.028236741200089455, 0.007450784556567669, 0.0283892210572958, 0.02847239375114441, 0.007374543696641922, -0.03665092960000038, -0.009620175696909428, 0.02027999609708786, -0.025575250387191772, -0.03185470402240753, -0.022470179945230484, -0.017840297892689705, 0.008469635620713234, 0.015844179317355156, -0.002344398060813546, -0.0034429554361850023, -0.02116715908050537, 0.039645105600357056, 0.007166615221649408, 0.01768781617283821, -0.0038674769457429647, 0.005035344045609236, 0.023260310292243958, -0.035625144839286804, -0.013002485036849976, 0.015594664961099625, 0.014208472333848476, 0.010029102675616741, -0.012184632010757923, 0.04388685151934624, 0.01655113883316517, -0.009731071069836617, 0.004765036515891552, 0.005648734513670206, -0.03551425039768219, -3.189325798302889e-05, -0.024036576971411705, 0.0006320171523839235, 0.016260037198662758, -0.008157742209732533, -0.03645686060190201, -0.0014719631290063262, 0.012212355621159077, -0.022345421835780144, -0.004290265496820211, 0.03617962449789047, 0.032908208668231964, 0.011754912324249744, 0.0035694455727934837, -0.007242855615913868, -0.002498611807823181, 0.01173411961644888, 0.023232584819197655, -0.008039915934205055, 0.01824229210615158, -0.021583016961812973, 0.0048516737297177315, 0.00997365452349186, 0.02413361147046089, -0.009620175696909428, -0.011186572723090649, -0.005180894397199154, -0.006009144242852926, -0.01795119233429432, -0.004467005375772715, -0.0030877436511218548, 0.024923739954829216, -0.00528139341622591, -0.012593558058142662, 0.021652325987815857, 0.028236741200089455, 0.04463539645075798, 0.04097585007548332, 0.0015005533350631595, 0.01887994073331356, -0.013972819782793522, -0.01846408285200596, -0.005156635772436857, -0.03202104568481445, 0.00435957545414567, -0.005371495615690947, -0.009599382989108562, -0.02295534685254097, 0.0007437788881361485, -0.006802739575505257, -0.01624617539346218, -0.011172710917890072, 0.014749087393283844, 0.03135567530989647, -0.001992651727050543, -0.003512265160679817, 0.007610196713358164, -0.011255882680416107, -0.02847239375114441, 0.030773472040891647, 0.02974769100546837, 0.026032693684101105, 0.0165927242487669, 0.0035018688067793846, 0.017590781673789024, -0.015553079545497894, 0.02194342575967312, 0.005499718710780144, 0.0071874079294502735, -0.006771550048142672, 0.008178535848855972, -0.001997849904000759, -0.009952861815690994, 0.014970878139138222, -0.008393395692110062, -0.027696125209331512, -0.011692533269524574, -0.016315484419465065, 0.00791515875607729, -0.01768781617283821, -0.027862468734383583, -0.008067640475928783, -0.009003319777548313, -0.0014927559532225132, -0.024577192962169647, -0.013958957977592945, -0.000664072809740901, -0.04710282012820244, 0.05101188272237778, -0.010285547934472561, 0.0017041503451764584, -0.004671468399465084, -0.004817018751055002, -0.021028539165854454, -0.009495418518781662, -0.04374823346734047, -0.0005609747604466975, 0.009744932875037193, 0.008102294988930225, -0.021957289427518845, 0.0037219268269836903, -0.009620175696909428, 0.002405043924227357, -0.015580803155899048, -0.014624330215156078, 0.025575250387191772, -0.01887994073331356, -0.01149846613407135, -0.007894366048276424, 0.0165927242487669, -0.010049895383417606, -0.005873990710824728, 0.0063002449460327625, -0.010888542048633099, -0.043637339025735855, -0.048045430332422256, 0.014790673740208149, -0.002197114983573556, -0.05037423223257065, 0.009252835065126419, 0.033074550330638885, -0.009481556713581085, -0.022969208657741547, -0.033157724887132645, -0.17721083760261536, 0.028971422463655472, 0.019198765978217125, -0.012177701108157635, 0.021666187793016434, 0.013487652875483036, 0.0112004354596138, 0.009197386913001537, -0.017036305740475655, -0.009550865739583969, 0.025727732107043266, 0.006438863929361105, -0.013543100096285343, -0.019032422453165054, 0.004231352359056473, -0.006986409891396761, 0.0004219223337713629, -0.013494583778083324, 0.030828921124339104, 0.015289702452719212, 0.0408095046877861, -0.04094812646508217, 0.024632640182971954, 0.00812308769673109, -0.0005930304760113358, 0.009419177658855915, -0.019822552800178528, -0.0010257824324071407, -0.018339326605200768, -0.03257552161812782, 0.0033130000811070204, -0.002221373375505209, 0.013799546286463737, 0.0014277782756835222, 0.009599382989108562, 0.012503456324338913, -0.009855828247964382, 0.0052571347914636135, 0.004276403691619635, -0.0006008277996443212, 0.0355696976184845, 0.05711112916469574, -0.0009096888243220747, -0.00683046318590641, -0.025686146691441536, 0.002035970101132989, 0.015081774443387985, -0.014471849426627159, 0.014693640172481537, -0.008060709573328495, 0.011810359545052052, -0.01149846613407135, 0.0192126277834177, -0.014776811935007572, 0.012441077269613743, 0.009329074993729591, 0.012191562913358212, 0.02698916755616665, -0.007630989421159029, 0.021278053522109985, -0.005534373223781586, -0.04105902090668678, 0.0024431641213595867, 0.017452163621783257, -0.007083443459123373, -0.0044046263210475445, -0.026157451793551445, 0.007665644399821758, -0.007887435145676136, 0.005745767615735531, 0.025907937437295914, -0.003943717572838068, 0.028611011803150177, -0.0019649278838187456, 0.028292188420891762, 0.009959792718291283, -0.010514269582927227, -0.016010522842407227, -0.005617544986307621, 0.008213190361857414, 0.018020501360297203, 0.030912091955542564, -0.008982527069747448, 0.027765434235334396, -0.034044887870550156, 0.01675906777381897, 0.002959521021693945, -0.01663430966436863, -0.0120945293456316, 0.0008776331087574363, 0.020765163004398346, -0.008095364086329937, 0.0030808127485215664, -0.004903655964881182, -0.018907664343714714, 0.011158849112689495, 0.025783179327845573, 0.005517045967280865, -0.0022023131605237722, -0.03174380585551262, -0.009904345497488976, 0.003572911024093628, -0.008525083772838116, 0.007540887221693993, 0.035070668905973434, 0.031161606311798096, -0.003027097787708044, 0.007533955853432417, 0.010625164955854416, -0.018103674054145813, -0.012253941036760807, 0.03301910310983658, 0.019697794690728188, 0.032908208668231964, -0.018214568495750427, 0.027612954378128052, 0.011997495777904987, 0.0058531975373625755, -0.013536169193685055, 0.006664120126515627, 0.020557234063744545, 0.005950231105089188, -0.018810631707310677, -0.011318261735141277, 0.013272793032228947, -0.028222879394888878, -0.09625720232725143, -0.020460201427340508, 0.035070668905973434, 0.0443858839571476, -0.03673410043120384, 0.023274172097444534, -0.011165780015289783, 0.04405319690704346, -0.046991925686597824, 0.029054593294858932, -0.010327134281396866, -0.009966723620891571, -0.024535605683922768, 0.00026012767921201885, -0.011512327939271927, 0.010590510442852974, -0.0007576408097520471, -0.014111439697444439, 0.0017691281391307712, 0.0133005166426301, 0.016578862443566322, -0.03617962449789047, 0.009703347459435463, -0.015761008486151695, -0.0015421390999108553, 0.003214233787730336, -0.02188797853887081, 0.011865807697176933, 0.016440242528915405, -0.012752970680594444, -0.0032818105537444353, -0.045328494161367416, 0.01086081750690937, -0.03207649290561676, -0.016454104334115982, -0.0009547400404699147, -0.02464650198817253, -0.013854993507266045, 0.0033337927889078856, 0.006348761264234781, 0.014277782291173935, 0.009204317815601826, 0.0025298013351857662, -0.011900462210178375, -0.019891861826181412, -0.0026458948850631714, -0.01535901241004467, 0.04984747990965843, -0.004182835575193167, -0.010029102675616741, 0.002592179924249649, -0.0020775559823960066, -0.012600489892065525, 0.006182418204843998, 0.023149413987994194, -0.014021337032318115, 0.01688382402062416, 0.016662033274769783, -0.008705289103090763, -0.001350671285763383, 0.011588568799197674, 0.009661761112511158, -0.022387009114027023, 0.03152201697230339, 0.02270583249628544, 0.021014677360653877, -0.01904628425836563, -0.014638192020356655, 0.004013027064502239, -0.013349032960832119, 0.00034958039759658277, 0.024549469351768494, -0.01266286801546812, 0.03673410043120384, -0.03903517872095108, -0.010237031616270542, -0.018782908096909523, -0.026808962225914, 0.0076517825946211815, -0.02231769822537899, -0.0221929419785738, -0.011962841264903545, 0.004823949653655291, -0.028943698853254318, 0.0020325046498328447, 0.013425273820757866, 0.02184639312326908, -0.0024241041392087936, 0.004238283261656761, -0.007457715459167957, -0.006002213340252638, 0.01234404370188713, 0.0069136349484324455, -0.02795950137078762, -0.012780694290995598, -0.013965888880193233, 0.017618505284190178, 0.0015863239532336593, 0.0024656897876411676, -0.003683806397020817, -0.02295534685254097, -0.02138894982635975, -0.03382309526205063, 0.017036305740475655, 0.006951755378395319, -0.025270288810133934, 0.004619486164301634, -0.03390626609325409, 0.02754364348948002, -0.020931506529450417, -0.014111439697444439, 0.01710561476647854, -0.026282209903001785, 0.020002758130431175, -0.01451343484222889, 0.01234404370188713, -0.010063757188618183, -0.016703618690371513, 0.022761279717087746, 0.0010673681972548366, -3.51692178810481e-05, -0.01325893122702837, 0.01786802150309086, -0.018741322681307793, 0.015594664961099625, 0.00861518643796444, -0.0045293839648365974, 0.018339326605200768, -0.004778898321092129, 0.009301351383328438, 0.007707230281084776, -0.020723577588796616, 0.022414732724428177, -0.023870233446359634, 0.01764623075723648, 0.001283960766158998, 0.0120945293456316, -0.010347926989197731, -0.007222062908113003, 0.03695588931441307, 0.01696699485182762, 0.052758485078811646, -0.03149429336190224, -0.044191814959049225, 0.0037635124754160643, -0.0021849859040230513, -0.0021035470999777317, 0.02902686968445778, -0.056418031454086304, 0.004713054280728102, 0.012822280637919903, 0.004165508318692446, 0.03448846936225891, 0.000824351329356432, 0.009155801497399807, -0.017466025426983833, -0.013390619307756424, -0.021458258852362633, -0.008518152870237827, -0.00016146976849995553, -0.01573328487575054, 0.00011955910304095596, 0.04344327002763748, -0.004622952081263065, 0.0224008709192276, -0.0187967699021101, 0.02184639312326908, 0.010937058366835117, -0.0028330308850854635, 0.010902403853833675, 0.03814801573753357, -0.03265869617462158, -0.016953133046627045, 0.009128076955676079, -0.004865535534918308, -0.006220538634806871, 0.0011773972073569894, 0.0226087998598814, -0.002493413630872965, -0.020889921113848686, 0.010195445269346237, 0.014915430918335915, 0.016620447859168053, -0.0024431641213595867, 0.006698775105178356, 0.019240351393818855, 0.009585521183907986, 0.005018016789108515, -0.011408364400267601, 0.004165508318692446, 0.013439135625958443, -0.005298720672726631, -0.02155529335141182, 0.003559049218893051, 0.002793177729472518, -0.010659820400178432, 0.02647627517580986, -0.002656291238963604, 0.003004572121426463, 0.008136949501931667, -0.008130018599331379, 0.003853615140542388, -0.00641807122156024, 0.0017604643944650888, -0.001810713903978467, 0.002753324806690216, -0.004324920475482941, 0.0012545041972771287, -0.028694184496998787, -0.005413081496953964, 0.013106449507176876, 0.013009415939450264, -0.007166615221649408, -0.022983070462942123, -0.018852217122912407, 0.02210976928472519, 0.0190046988427639, 0.03454391658306122, -0.0037496506702154875, -0.03687271848320961, 7.077162445057184e-05, 0.00787357334047556, 0.0026458948850631714, -0.007637920323759317, 0.03160518780350685, -0.009578590281307697, -0.005343772005289793, 0.016107555478811264, 0.013376757502555847, -0.024424711242318153, 0.012780694290995598, -0.010867749340832233, -0.009841966442763805, 0.0026493603363633156, -0.01024396251887083, -0.010867749340832233, -0.029387280344963074, -0.01908786967396736, -0.001975324237719178, -0.017840297892689705, -0.025436632335186005, 0.09132236242294312, 0.008989457972347736, -0.012628213502466679, 0.011345985345542431, 0.024078162387013435, 0.02740502543747425, -0.003276612376794219, 0.012253941036760807, 0.0060923160053789616, -0.006064591929316521, 0.03271414339542389, 0.009474625810980797, -0.009273627772927284, -0.038591597229242325, -0.026199037209153175, 0.00961324479430914, -0.019462142139673233, 0.04053226858377457, 0.00901718158274889, -0.01160243060439825, 0.007145822048187256, 0.01334210205823183, 0.0023028121795505285, -0.0030218996107578278, -0.01039644330739975, -0.005042274948209524, 0.033074550330638885, -0.00028481922345235944, -0.027945639565587044, -0.023482101038098335, -0.030024928972125053, 0.02346823923289776, -0.04896031692624092, -0.012115322053432465, 0.0004864669172093272, -0.0011184840695932508, -0.004016492515802383, -0.0009980585891753435, 0.0020550303161144257, 0.008996388874948025, 0.015192669816315174, 0.011540052480995655, -0.006120039615780115, -0.013314378447830677, 0.030856644734740257, -0.05001382529735565, -0.005783888045698404, 0.0028798149432986975, -0.02983086183667183]"
19104,"mapping between 2 collections in mongo DB<p>I would like to do a mapping between 2 collections and modify the value of a property of collection 1 from the value of a property of collection 2</p>
<p>here the collection 1 :</p>
<pre><code>{
  &quot;field1&quot;: &quot;value1&quot;,
  &quot;mycode&quot;: &quot;1234&quot;,
  &quot;field3&quot;: &quot;value3&quot;
}
</code></pre>
<p>here is my collection 2 :</p>
<pre><code>{
   &quot;code&quot;: &quot;1234&quot;,
   &quot;label&quot;: &quot;myLabel&quot;
}
</code></pre>
<p>I want to map the 2 collections with mycode of collection1 and code of collection2 to modify the value of mycode</p>
<p>here is the expected result :</p>
<pre><code>{
  &quot;field1&quot;: &quot;value1&quot;,
  &quot;mycode&quot;: &quot;myLabel&quot;,
  &quot;field3&quot;: &quot;value3&quot;
}
</code></pre>
",Thanks for that! I was having a lot of trouble getting a public version you could run on an iOS device.,"Embed Field: mapping between 2 collections in mongo DB<p>I would like to do a mapping between 2 collections and modify the value of a property of collection 1 from the value of a property of collection 2</p>
<p>here the collection 1 :</p>
<pre><code>{
  &quot;field1&quot;: &quot;value1&quot;,
  &quot;mycode&quot;: &quot;1234&quot;,
  &quot;field3&quot;: &quot;value3&quot;
}
</code></pre>
<p>here is my collection 2 :</p>
<pre><code>{
   &quot;code&quot;: &quot;1234&quot;,
   &quot;label&quot;: &quot;myLabel&quot;
}
</code></pre>
<p>I want to map the 2 collections with mycode of collection1 and code of collection2 to modify the value of mycode</p>
<p>here is the expected result :</p>
<pre><code>{
  &quot;field1&quot;: &quot;value1&quot;,
  &quot;mycode&quot;: &quot;myLabel&quot;,
  &quot;field3&quot;: &quot;value3&quot;
}
</code></pre>; Answer: Thanks for that! I was having a lot of trouble getting a public version you could run on an iOS device.","[-0.03135521337389946, 0.020512111485004425, 0.004934648051857948, -0.023799575865268707, -0.02745998650789261, 0.026327330619096756, 0.0028575374744832516, -0.014268694445490837, -0.0016687674215063453, -0.028012501075863838, -0.004123141523450613, 0.002175527159124613, 0.007769739255309105, -0.010553033091127872, -0.007272476330399513, 0.013508986681699753, 0.011091734282672405, -0.0017179757123813033, -0.010732600465416908, -0.008405131287872791, -0.02451784536242485, 0.024918418377637863, -0.003152787685394287, 0.016395876184105873, -0.02580244094133377, 0.00886786263436079, 0.028123004361987114, -0.027805307880043983, -0.008080529049038887, 0.006005145143717527, 0.02815062925219536, 0.010919073596596718, -0.020056286826729774, -0.01640968956053257, -0.01297028549015522, -0.024821728467941284, 0.00489320931956172, -0.00424055103212595, 0.021382322534918785, -0.01345373596996069, 0.026189202442765236, 0.01540135033428669, -0.01505602803081274, -0.003981560003012419, -0.015884799882769585, 0.012728559784591198, -0.0011266121873632073, -0.017266087234020233, -0.0011887701693922281, -0.018868381157517433, -0.006122554652392864, 0.042184505611658096, -0.03873128816485405, -0.0035084690898656845, -0.01723846234381199, -0.018826942890882492, 0.01815011166036129, 0.013895747251808643, 0.011416337452828884, 0.02355094440281391, 0.0039781066589057446, 0.009344406425952911, -0.014669268392026424, -0.019945785403251648, -0.010670442134141922, -0.011554465629160404, -0.006713055074214935, -0.005255796946585178, 0.01779097691178322, -0.009793325327336788, 0.039477184414863586, 0.011927413754165173, -0.0024707771372050047, 0.020001035183668137, 0.03502943739295006, 0.008646856993436813, -0.02983579970896244, -0.004882849752902985, 0.011381804943084717, 0.029172781854867935, 0.007900961674749851, -0.018896006047725677, -0.040223076939582825, 0.021009376272559166, 0.021188942715525627, 0.017335152253508568, 0.006536940578371286, 0.031051332131028175, 0.00903361663222313, 0.0005438817897811532, 0.01345373596996069, 0.009116494096815586, 0.022404475137591362, -0.0049726334400475025, 0.008860955946147442, 0.02507035993039608, -0.013964811339974403, 0.04574822634458542, 0.006830464117228985, 0.0037605538964271545, -0.026382582262158394, 0.005197092425078154, -0.02754286304116249, -0.018205363303422928, -0.04248838871717453, 0.011098640970885754, 0.047599151730537415, -0.027059413492679596, 0.00400918535888195, 0.0020736572332680225, -0.01838492974638939, 0.009620663709938526, -0.004105875734239817, -0.0048517705872654915, 0.0026503445114940405, -0.0061052883975207806, -0.019351830706000328, -0.026755530387163162, -0.01248683501034975, 0.019904345273971558, 0.00338587979786098, 0.020111538469791412, 0.024725036695599556, -0.03129996359348297, 0.00930296815931797, 0.0023274687118828297, -0.00658873887732625, 0.0006017231498844922, 0.010256055742502213, -0.023177996277809143, 0.02396532893180847, 0.02388245239853859, 0.01074641291052103, 0.010546126402914524, -0.01645112782716751, 0.011057202704250813, 0.009385845623910427, -0.0058186715468764305, -0.015622355975210667, -0.028813647106289864, 0.023316124454140663, 0.030968455597758293, 5.751765638706274e-05, -0.02145138755440712, -0.01650637947022915, 0.015277034603059292, 0.0047827064990997314, -0.004461557138711214, 0.0131774777546525, -0.008405131287872791, 0.006405718624591827, 0.0013225823640823364, -0.017680473625659943, 0.01022152416408062, -0.012783811427652836, 0.014158192090690136, 0.017307525500655174, 0.002914515556767583, 0.006184712518006563, -0.005683996248990297, 0.005317954812198877, -0.004368320107460022, 0.0006017231498844922, 0.007061829790472984, 0.013363951817154884, 0.029946302995085716, 0.005390472710132599, -0.027750056236982346, -0.020926497876644135, -0.014807396568357944, 0.0030129323713481426, 0.018232988193631172, -0.04160436615347862, 0.018081046640872955, 0.004216378554701805, -0.0037778199184685946, 0.012293454259634018, 0.010649723000824451, -0.013950998894870281, -0.016423502936959267, -0.014227256178855896, 0.019268954172730446, 0.021050814539194107, 0.055859245359897614, -0.019793841987848282, -0.03406253829598427, 0.0035878929775208235, -0.010967418551445007, 0.005835937801748514, 0.008764266036450863, 0.02983579970896244, 0.020981749519705772, -0.006685429252684116, 0.009157933294773102, -0.6042301654815674, -0.021258007735013962, -0.0005952483625151217, -0.04157673940062523, -0.025263739749789238, 0.0016454581636935472, -0.011437056586146355, -0.00419220607727766, -0.043427664786577225, 0.029310910031199455, -0.004996805917471647, 0.03259837254881859, -0.0019717873074114323, -0.014323946088552475, -0.007617797702550888, -0.0011179791763424873, 0.01530466042459011, -0.048980437219142914, -0.022611668333411217, -0.0003839546116068959, -0.019821468740701675, 0.011478494852781296, 0.003577533410862088, -0.0031648739241063595, -0.010767132043838501, -0.016948390752077103, -0.017114145681262016, -0.004706735722720623, 0.00471018860116601, 0.016520192846655846, -0.04795828461647034, 0.01627156138420105, 0.018260614946484566, -0.004585872869938612, 0.049836836755275726, 0.011768565513193607, -0.021285632625222206, 0.010470155626535416, -0.016796449199318886, 0.03649360314011574, -0.01645112782716751, -0.01779097691178322, -0.01070497464388609, -0.014973151497542858, -0.010939792729914188, 0.0014874734915792942, 0.03176959976553917, -0.006574925966560841, -0.002788473153486848, -0.03328901529312134, 0.005704715382307768, 0.0051314812153577805, -0.014627829194068909, 0.01874406449496746, 0.023896265774965286, -0.020332545042037964, 0.02355094440281391, 0.011202237568795681, 0.03268124908208847, 0.001737831742502749, 0.005159107036888599, -0.013329419307410717, -0.017404217272996902, -0.012666402384638786, -0.027238979935646057, -0.011844536289572716, -0.013750712387263775, -0.008349879644811153, 0.005014071706682444, -0.00845347624272108, -0.011174611747264862, 0.005911908578127623, -0.008805704303085804, -0.0006077662692405283, -0.007272476330399513, 0.030913203954696655, 0.009517067112028599, -0.006246870383620262, -0.03152097016572952, 0.0036086123436689377, 0.011319647543132305, 0.00024927913909778, -0.024600721895694733, -0.023661445826292038, 0.010297494940459728, 0.0034618505742400885, -0.02745998650789261, -0.005276516545563936, 0.011326553300023079, 0.007231037598103285, 0.015622355975210667, 0.013819776475429535, -0.008619231171905994, -0.00698931235820055, -0.0023240153677761555, 0.028675518929958344, 0.0001932722661877051, 0.009178652428090572, 0.02127181924879551, -0.0071343472227454185, -0.026783155277371407, -0.0006513631669804454, -0.01178237795829773, -0.0015237322077155113, 0.035139940679073334, 0.009427283890545368, -0.027114663273096085, 0.021921025589108467, 0.017639035359025, -0.011768565513193607, -0.013792150653898716, 0.0005995648680254817, -0.04135573282837868, 0.0030664571095257998, -0.0048241447657346725, -0.036604106426239014, 0.007376072462648153, -0.01161662396043539, 0.02942141331732273, 0.001780133694410324, -0.0009556779405102134, 0.025084171444177628, -0.0014546678867191076, 0.012776904739439487, -0.009061242453753948, 0.019945785403251648, 0.01370927318930626, -0.020139165222644806, 0.018232988193631172, 0.0075003886595368385, 0.0008361103245988488, -0.008854050189256668, 0.03853790834546089, -0.00980713777244091, 0.006374639458954334, -0.01852305978536606, 0.017804790288209915, -0.011982664465904236, -0.006257229950278997, -0.02370288595557213, 0.008674482814967632, -0.009151026606559753, 0.022197281941771507, -0.03138284012675285, 0.009012897498905659, -0.025595247745513916, -0.06027936562895775, -0.015221782959997654, -0.006229604594409466, 0.01805342175066471, -8.120456914184615e-05, -0.01668594777584076, 0.0070307510904967785, -0.0040678903460502625, 0.014406823553144932, -0.006799385417252779, 0.01617487147450447, -0.027570487931370735, -0.020788369700312614, -0.028675518929958344, -0.005058963783085346, 0.03143809363245964, -0.029642419889569283, -0.0008153910166583955, -0.00877807941287756, -0.018951257690787315, -0.008439663797616959, 0.01262496318668127, 0.0018906366312876344, -0.014061502180993557, 0.008943833410739899, -0.0018094859551638365, -0.02566431276500225, -0.02214203029870987, 0.009068149141967297, 0.008488008752465248, -0.03281937912106514, -0.02457309514284134, -0.01212079357355833, -0.007355353329330683, -0.012500647455453873, 0.0006060396553948522, -0.0019165357807651162, -0.015912426635622978, 0.025512371212244034, -0.01902032271027565, 0.029670044779777527, 0.019862907007336617, -0.006757946684956551, 0.04135573282837868, 0.008128874003887177, 0.014199630357325077, -0.0187855027616024, 0.0007571179303340614, -0.00019780462025664747, 0.03607921674847603, 0.02310893125832081, 0.003187319729477167, 0.012072448618710041, 0.03746050223708153, 0.029228033497929573, 0.0009125127107836306, 0.01218985766172409, -0.011098640970885754, 0.008633043617010117, -0.03450455144047737, -0.01732133887708187, -0.03066457249224186, 0.03900754451751709, 0.009005991742014885, 0.005324861500412226, -0.004620404914021492, -0.0160505548119545, -0.005518241785466671, -0.0027746602427214384, 0.01650637947022915, -0.017252275720238686, 0.01221748348325491, -0.013515893369913101, 0.01676882430911064, -0.016464941203594208, 0.0031579674687236547, 0.024490218609571457, 0.02208677865564823, -0.011671875603497028, 0.013792150653898716, 0.00809434149414301, 0.004130048211663961, -0.02498748153448105, -0.01272165309637785, 0.009109587408602238, -0.009558506309986115, 0.02181052230298519, -0.01031130738556385, 0.010953606106340885, 0.0160505548119545, 0.01205172948539257, 0.0035499075893312693, 0.057737797498703, -0.01390956062823534, 0.0018181190825998783, 0.04118997976183891, 0.015249408781528473, -0.025774816051125526, 0.017528532072901726, 0.01609199307858944, 0.03433879464864731, 0.00834297388792038, -0.012466114945709705, 0.041963499039411545, -0.019793841987848282, 0.002166894031688571, -0.0176528487354517, -0.030194934457540512, 0.0003994941071141511, -0.029089905321598053, -0.003663863753899932, 0.03975344076752663, 0.02315036952495575, 0.0417148694396019, -0.01530466042459011, -0.023633820936083794, 0.006198525428771973, -0.014669268392026424, 0.02287411317229271, 0.022625481709837914, -0.0035326415672898293, -0.03461505100131035, -0.013584957458078861, -0.011513027362525463, -0.012196764349937439, -0.026410207152366638, 0.0016316452529281378, -0.016796449199318886, 0.017431842163205147, 0.007320821285247803, 0.016782637685537338, 0.0030647306703031063, 0.0070307510904967785, 0.0389522947371006, -0.017335152253508568, 0.011374898254871368, 0.02305367961525917, -0.0046065920032560825, 0.006250323727726936, 0.010449436493217945, -0.00926152989268303, 0.0066301776096224785, -0.0027850200422108173, 0.017348965629935265, 0.01658925786614418, 0.013322513550519943, 0.022722171619534492, -0.016851700842380524, 5.058423994341865e-05, 0.01773572526872158, 0.013294887728989124, 4.176234870101325e-05, -0.007465856149792671, 0.02295698970556259, -0.0057219816371798515, 0.042239755392074585, -0.017611408606171608, 0.011837629601359367, 0.06364970654249191, 0.010262962430715561, 0.000802873051725328, -0.02718372829258442, 0.0010627276496961713, 0.002384446794167161, -0.01399934384971857, -0.021382322534918785, 0.012327986769378185, 0.003712208941578865, 0.0018647374818101525, -0.011575184762477875, 0.0022428648080676794, -0.013253448531031609, 0.006536940578371286, -0.002816098975017667, -0.008667576126754284, -0.018177736550569534, -0.018909819424152374, 0.03232211619615555, 0.02277742326259613, 0.0002693509741220623, 0.022059153765439987, 0.01267330814152956, -0.014172004535794258, 0.013502080924808979, -0.024531656876206398, -0.03226686641573906, 0.022487351670861244, -0.013950998894870281, -0.022984616458415985, -0.005017525050789118, 0.009489442221820354, 0.00484486436471343, -0.0038261651061475277, -0.0003468325303401798, 4.200515468255617e-05, -0.03107895702123642, 0.0012353885686025023, -0.02310893125832081, -0.017431842163205147, 0.0006103562191128731, 0.02538805454969406, 0.032929882407188416, 0.001904449425637722, -3.512569674057886e-05, 0.036410726606845856, 0.0024327917490154505, 0.0031217087525874376, -0.027971062809228897, -0.01599530316889286, 0.003268470289185643, 0.031741976737976074, 0.00743823079392314, -0.007638517301529646, 0.04621786251664162, 0.008211751468479633, 0.013322513550519943, 0.0026019993238151073, 0.01897888444364071, 0.005949893966317177, 0.03284700587391853, 0.003394512925297022, 0.021119877696037292, 0.029642419889569283, -0.010449436493217945, -0.05196401849389076, 0.016672134399414062, -0.014890274032950401, 0.0040747965686023235, -0.015180344693362713, -0.015000777319073677, 0.0030198388267308474, -0.015387536957859993, -0.0021444479934871197, 0.005597665440291166, -0.012210576795041561, -0.03129996359348297, 0.003764007007703185, -0.013605677522718906, -0.02048448659479618, -0.014158192090690136, 0.01850924640893936, -0.0025795535184442997, -0.011996477842330933, -0.033758655190467834, -0.02465597353875637, -0.00743823079392314, -0.013301793485879898, -0.004188752733170986, -0.00875045359134674, -0.035084690898656845, -0.006443704012781382, 0.00014579053095076233, 0.03074744902551174, 0.01797054335474968, 0.015691420063376427, -0.005884282756596804, 0.02081599459052086, -0.010546126402914524, -0.02350950427353382, -0.030830325558781624, 0.006481689400970936, -0.01024224329739809, -0.014765958301723003, 0.006985859014093876, -0.029587168246507645, -0.0061950720846652985, -0.01439301110804081, 0.030471190810203552, -0.002807465847581625, 0.003947027493268251, -0.01563616842031479, 0.008943833410739899, 0.02176908403635025, 0.006978952791541815, -0.005521694663912058, 0.04707426205277443, 0.00375364744104445, 0.00990382768213749, 0.008978365920484066, 0.009883108548820019, -0.005877376068383455, -0.020152976736426353, 0.007362260017544031, -0.0015280487714335322, -0.0068131983280181885, 0.02787437103688717, -0.013992437161505222, 0.003242571372538805, -0.03461505100131035, -0.015926240012049675, 0.014779770746827126, 0.021755270659923553, 0.040720339864492416, 0.009959079325199127, -0.006757946684956551, -0.006930607371032238, 0.00012431583309080452, 0.0012966832146048546, 0.011264395900070667, -0.012839063070714474, 0.020636428147554398, -0.008577791973948479, -0.03654885292053223, 0.016257748007774353, -0.005352487321943045, -0.04143860936164856, -0.001723155495710671, 0.0066888825967907906, -0.025042733177542686, 0.0034342247527092695, 0.004907022230327129, -0.005763419903814793, -0.030360689386725426, 0.007244850508868694, 0.00608456926420331, 0.017984356731176376, 0.0008210024680010974, 0.02323324792087078, 0.0015289121074602008, -0.020277293398976326, 0.004181846510618925, -0.021990088745951653, -0.016672134399414062, -0.030360689386725426, 0.01349517423659563, 0.0348360575735569, 0.021824335679411888, 0.043759170919656754, 0.017984356731176376, -0.01134727243334055, -0.011885974556207657, -0.008805704303085804, -0.028896523639559746, -0.030913203954696655, -0.021258007735013962, 0.020843621343374252, 0.01998722366988659, 0.01585717499256134, 0.012106981128454208, 0.004468463361263275, 0.03867603465914726, -0.015346098691225052, 0.03323376551270485, 0.013508986681699753, 0.030719822272658348, -0.02585769258439541, -0.020567363128066063, -0.007638517301529646, 0.021658580750226974, 0.02346806600689888, 0.02566431276500225, -0.0028609908185899258, 0.01815011166036129, 0.035499077290296555, -0.043703921139240265, 0.00850182119756937, 0.00176804733928293, -0.024048207327723503, -0.019324205815792084, 0.03776438534259796, -0.012590430676937103, -0.008322253823280334, -0.0485936775803566, 0.0009496348211541772, 0.00444429088383913, -0.004095516167581081, 0.020097726956009865, -0.01777716353535652, 0.018357304856181145, 0.013322513550519943, 0.019186075776815414, -0.010635909624397755, -0.0007320821168832481, -0.011740939691662788, 0.01457257755100727, -0.02107843942940235, -0.009385845623910427, 0.01125058252364397, 0.0014935166109353304, 4.0710197936277837e-05, 0.011098640970885754, -0.0056287446059286594, -0.0009125127107836306, 0.032653626054525375, -0.028123004361987114, 0.002147901337593794, 0.002122002188116312, -0.022929364815354347, 0.005898095667362213, -0.015125093050301075, -0.03585821017622948, -0.022528791800141335, 0.00449263583868742, 0.05182588845491409, -0.0061052883975207806, 0.007403698284178972, -0.014406823553144932, -0.01035965234041214, 0.017307525500655174, -0.02176908403635025, 0.0320734828710556, 0.004330334719270468, 0.019586650654673576, 0.024213962256908417, -0.001951067941263318, -0.031134208664298058, 0.005065870005637407, 0.01925514079630375, 0.01154755987226963, 0.025084171444177628, 0.054063573479652405, 0.01127820834517479, -0.03991919383406639, 0.006502408534288406, -0.015663795173168182, -4.240982889314182e-05, -0.014931712299585342, 0.00935131311416626, 0.004209472332149744, -0.020636428147554398, -0.013916466385126114, 0.01773572526872158, -0.037930142134428024, 0.005324861500412226, -0.005449177231639624, 0.019130825996398926, -0.0039539341814816, -0.001503012957982719, -0.03276412934064865, 0.02997392788529396, 0.01207935530692339, 0.03580296039581299, 0.023399002850055695, 0.009116494096815586, -0.02552618458867073, -0.016755010932683945, 0.01269402727484703, 0.017528532072901726, 0.012742373161017895, 0.012569711543619633, -0.019448520615696907, -0.00029373931465670466, -0.00980713777244091, 0.004054077435284853, 0.00792858749628067, -0.010856916196644306, -0.01159590482711792, 0.03516756743192673, -0.02368907257914543, 0.003387606469914317, -0.011540653184056282, 0.001878550392575562, 0.011789284646511078, -0.0002186318306485191, -0.014254882000386715, -0.029946302995085716, 0.004889755975455046, 0.008653762750327587, 0.04000207036733627, 0.0032442978117614985, -0.006837370805442333, -0.0004869036783929914, -0.008715921081602573, 0.010580658912658691, -0.01134727243334055, -0.009178652428090572, 0.006647443864494562, -0.032515496015548706, -0.0057219816371798515, -0.005697809159755707, 0.00608456926420331, 0.0059775193221867085, 0.0006492048851214349, 0.023274686187505722, 0.014109847135841846, 0.01299100462347269, -0.018909819424152374, -0.010760226286947727, 0.01460020337253809, 0.010767132043838501, -0.012279641814529896, 0.025401867926120758, -0.018371116369962692, -0.00944109633564949, -0.0016834435518831015, -0.004761986900120974, -0.023357562720775604, -0.018343491479754448, 0.022611668333411217, -0.005290329456329346, -0.023247061297297478, -0.015042215585708618, -0.009772605262696743, -0.013888840563595295, 0.020360169932246208, -0.0254433061927557, -0.04083084315061569, 0.02007010020315647, -0.010159365832805634, 0.02194865047931671, 0.006146727129817009, -0.0034083256032317877, -0.00024323600518982857, -0.033123262226581573, -0.0010903534712269902, -0.009593037888407707, -0.042875148355960846, -0.012348705902695656, 0.016354437917470932, 0.008729733526706696, 0.0060707563534379005, -0.01792910508811474, -0.006564566399902105, -0.003042284632101655, -0.02210059203207493, 0.004126594867557287, -0.004340694285929203, 0.006612911354750395, 0.018136298283934593, 0.011367992497980595, 0.034670304507017136, -0.007272476330399513, -0.027888184413313866, -0.03414541482925415, -0.03088557720184326, -0.026479272171854973, -0.03583058342337608, 0.010470155626535416, -0.020664053037762642, 0.015097467228770256, 0.011740939691662788, -0.003601705888286233, -0.03798539191484451, -0.028012501075863838, -0.05895332992076874, -0.019655713811516762, 0.01989053376019001, -0.022901738062500954, 0.042792271822690964, 0.014558765105903149, 0.009220090694725513, 0.017031269147992134, 0.017210835590958595, 0.02309511974453926, -0.04088609665632248, 0.015981491655111313, -0.008722827769815922, -0.00838441215455532, 0.024628346785902977, -0.0075003886595368385, -0.033979661762714386, -0.018094860017299652, -0.007445137016475201, 0.01022152416408062, 0.04853842407464981, 0.025733377784490585, -0.013011723756790161, -0.020788369700312614, -0.006181259173899889, 0.0007679092232137918, 0.010663535445928574, 0.0002859695814549923, -0.006388452369719744, -0.02277742326259613, -0.0016808536602184176, -0.00012312878970988095, -0.011243675835430622, 0.0033012758940458298, -0.010856916196644306, 0.020083913579583168, 0.008225563913583755, 0.02873077057301998, -0.0013588410802185535, 0.005905001889914274, 0.0033807000145316124, -0.03290225565433502, 0.015981491655111313, 0.0029904863331466913, -0.001831931876949966, 0.029808172956109047, 0.006153633818030357, 0.009171745739877224, -0.018854567781090736, 0.018136298283934593, -0.016064368188381195, -0.017348965629935265, 0.012866688892245293, 0.002962860744446516, 0.010490874759852886, -0.024586908519268036, 0.010808571241796017, -0.036327850073575974, -0.00373638141900301, 0.0011266121873632073, -0.0015142358606681228, -0.0007096361950971186, -0.014475887641310692, 0.005193639080971479, -0.05458846315741539, -0.02099556289613247, -0.0022877566516399384, -0.003881416516378522, -0.014752144925296307, -0.02085743471980095, 0.014807396568357944, -0.013294887728989124, 0.002935234922915697, -0.008329160511493683, -0.008149593137204647, -0.012984097935259342, 0.020235855132341385, 0.01870262622833252, -0.016534006223082542, -0.0079078683629632, 0.21934837102890015, -0.0015902066370472312, 0.018315866589546204, 0.01741802878677845, 0.00123193534091115, 0.002130635315552354, 0.003808898851275444, 0.002589913085103035, 0.0008067579474300146, 0.013826683163642883, -0.0158157367259264, 0.004002279136329889, -0.0014866101555526257, -0.006985859014093876, 0.008695201948285103, -0.000943591701798141, -0.038427405059337616, 0.001191360061056912, -0.02465597353875637, -0.006626724265515804, 0.01494552567601204, -0.014669268392026424, -0.01832967810332775, -0.020871246233582497, 0.004654937423765659, -0.014040782116353512, 0.004344147630035877, 0.011623530648648739, -0.0021271819714456797, 0.00785952340811491, -0.016948390752077103, 0.008128874003887177, -0.0039781066589057446, -0.02176908403635025, -0.040223076939582825, -0.009959079325199127, 0.025609061121940613, -0.002422432182356715, 0.0007476215832866728, 0.014406823553144932, -0.0009081962052732706, -0.010960512794554234, 0.0025484745856374502, -0.005197092425078154, -0.005860110279172659, 0.005311048589646816, -0.006726867984980345, -0.011568279005587101, 0.03149334341287613, 0.011892881244421005, -0.008080529049038887, -0.012756185606122017, 0.012279641814529896, 0.033123262226581573, 0.0254433061927557, -0.01919988915324211, 0.012252015992999077, -0.002527755219489336, 0.004306162241846323, 0.038013018667697906, -0.0160505548119545, 0.015663795173168182, 0.010642816312611103, 0.020180603489279747, -0.004958820529282093, 0.002510489197447896, -0.007921680808067322, -0.034311167895793915, 0.01792910508811474, -0.01361258327960968, 0.011492308229207993, -0.035637203603982925, 0.01487646158784628, -0.003114802297204733, -0.0035637205000966787, -0.005804858636111021, 0.036189720034599304, 0.007362260017544031, 0.003095809603109956, 0.021838147193193436, -0.028896523639559746, -0.03284700587391853, -0.0068131983280181885, -0.017901480197906494, -0.040775593370199203, -0.020277293398976326, -0.0033996927086263895, -0.005849750712513924, -0.015691420063376427, -0.009959079325199127, 0.0025881866458803415, 0.005055510438978672, -0.013032442890107632, -0.005718528293073177, -0.014227256178855896, 0.008232470601797104, 0.0016342351445928216, 0.011257489211857319, -0.009620663709938526, -0.013681648299098015, -0.02471122518181801, 0.04486420378088951, 0.009116494096815586, 0.003991919569671154, -0.03790251538157463, 0.010414903983473778, 0.01081547699868679, 0.016202496364712715, 0.01769428700208664, -0.02117512933909893, 0.02364763431251049, -0.01692076586186886, 2.6263338440912776e-05, -0.011430149897933006, 0.023026054725050926, -0.004237097688019276, 0.023026054725050926, -0.021009376272559166, 0.010511593893170357, -0.0070998151786625385, 0.0031441545579582453, -0.022611668333411217, -0.0070929089561104774, 0.011202237568795681, -0.009599944576621056, -0.004575513303279877, -0.025843879207968712, -0.004344147630035877, -0.002959407400339842, -0.020194416865706444, 0.021921025589108467, 0.0034532174468040466, 0.008066716603934765, -0.019089385867118835, -0.0002365453983657062, 0.011920507065951824, 0.007355353329330683, -0.022376850247383118, 0.0020287653896957636, 0.017307525500655174, 0.0027729335706681013, -0.00222905189730227, 0.03060932084918022, 0.00073769356822595, 0.0012129426468163729, -0.008474195376038551, -0.0075625465251505375, -0.015829550102353096, 0.006626724265515804, -0.010276775807142258, -0.013136039488017559, -0.013032442890107632, 0.018564498052001, -0.024075832217931747, 0.020222041755914688, -0.01797054335474968, 0.0025432948023080826, -0.04646649584174156, 0.01692076586186886, -0.01824680157005787, -0.03246024623513222, 0.021092252805829048, 0.013004817068576813, 0.01301863044500351, -0.013315606862306595, -0.01494552567601204, -0.17581021785736084, 0.0309408288449049, 0.027570487931370735, -0.028109190985560417, -0.0006733774207532406, 0.006930607371032238, -0.005414645187556744, -0.01460020337253809, -0.008978365920484066, -0.016243934631347656, 0.02107843942940235, -0.0038158053066581488, -0.03011205606162548, -0.015221782959997654, -0.0035084690898656845, 0.032653626054525375, -0.00467565655708313, 0.00898527167737484, 0.011982664465904236, 0.0167273860424757, 0.015567104332149029, -0.02686603181064129, 0.016755010932683945, -0.02530517801642418, -0.0019182623364031315, 0.02969767153263092, -0.0025795535184442997, 0.013308700174093246, -0.0037225685082376003, -0.0003379836562089622, 0.002707322593778372, 0.005497522186487913, 0.05251653119921684, -0.0011274755233898759, 0.013218916952610016, -0.004841411020606756, -0.015926240012049675, -0.020829807966947556, -0.00044676000834442675, -0.00536284688860178, 0.007327727507799864, 0.016893140971660614, -0.024186335504055023, 0.01084310282021761, -0.013508986681699753, 0.04638361930847168, 0.012901220470666885, 0.003320268588140607, 0.019793841987848282, -0.003998825792223215, 0.002527755219489336, -0.002743581309914589, 0.005473349709063768, 0.0018647374818101525, 0.032929882407188416, 0.014669268392026424, -0.020291106775403023, 0.00975879281759262, -0.025401867926120758, -0.010352746583521366, 0.0005110761849209666, -0.01838492974638939, 0.009482535533607006, -0.023247061297297478, -0.012997910380363464, -0.0008041680557653308, 0.0030301983933895826, 0.028537388890981674, -0.015843361616134644, 0.00879879854619503, -0.011609717272222042, -0.003912495449185371, 0.004551340825855732, 0.01750090718269348, 0.010884542018175125, -0.01533228624612093, -0.0150145897641778, 0.006271042861044407, 0.017404217272996902, -0.002638258272781968, -0.022487351670861244, 0.036051589995622635, -0.015180344693362713, 0.022763609886169434, 0.017749538645148277, 0.00831534806638956, 0.0006794205401092768, -0.005459536798298359, -0.002184160053730011, 0.011796191334724426, 0.03729474917054176, -0.052323151379823685, -0.012086261063814163, -0.0014115027152001858, 0.0038296182174235582, 0.028813647106289864, 0.019821468740701675, 0.0112298633903265, 0.010642816312611103, -0.0120310103520751, 0.01893744431436062, -0.019973410293459892, -0.007086002267897129, 0.009979798458516598, 0.01989053376019001, 0.0011663242476060987, -0.0009789871983230114, -0.006222697906196117, 0.022404475137591362, 0.02007010020315647, -0.02392389066517353, 0.003746740985661745, 0.01547041442245245, 0.035775333642959595, 0.0006591329001821578, 0.018633561208844185, -0.025194674730300903, 0.0014727972447872162, -0.0027919262647628784, -0.0015807102899998426, 0.04632836580276489, -0.013184384442865849, 0.006747587118297815, -0.011879067867994308, -0.010780945420265198, 0.013681648299098015, -0.0930434912443161, -0.014655455015599728, 0.012500647455453873, -0.003149334341287613, -0.033344268798828125, -0.018771691247820854, -0.011575184762477875, 0.02218346856534481, -0.004264723509550095, 0.03176959976553917, -0.02933853678405285, -0.009178652428090572, -0.01508365385234356, 0.019793841987848282, 0.011057202704250813, 0.012410864233970642, -0.02210059203207493, 0.023067492991685867, 0.0032701969612389803, 0.024283025413751602, -0.01676882430911064, -0.00804599653929472, 0.004440837539732456, -0.00937203224748373, 0.01792910508811474, 0.039394304156303406, -0.01925514079630375, 0.023357562720775604, 0.018592122942209244, -0.02277742326259613, 0.018081046640872955, -0.027280418202280998, 0.023868639022111893, -0.020788369700312614, -0.030415939167141914, 0.0008917934028431773, 0.006833917461335659, -0.026424020528793335, 0.023620007559657097, -0.02827494591474533, -0.0038952294271439314, 0.004540981259196997, -0.0026468911673873663, -0.009309874847531319, 0.014199630357325077, -0.0036707702092826366, -0.017749538645148277, 0.022432101890444756, 0.009240809828042984, -0.046411242336034775, -0.03248786926269531, 0.00045970958308316767, -0.017611408606171608, -0.027073225006461143, 0.020871246233582497, 0.0038296182174235582, 0.011602810584008694, 0.0007584128761664033, -0.015663795173168182, 0.00011093461216660216, -0.021368511021137238, -0.020594989880919456, -0.005932627711445093, 0.003486023051664233, 0.012424676679074764, -0.01636825129389763, -0.01134727243334055, -0.017473280429840088, 0.0015919333091005683, 0.011637343093752861, -0.04226738214492798, 0.012984097935259342, -0.040167827159166336, 0.017473280429840088, -0.020111538469791412, 0.02933853678405285, -0.009641383774578571, -0.019959596917033195, 0.018730251118540764, -0.002239411463961005, 0.009164839051663876, -0.011575184762477875, 0.005794499069452286, -0.0362173467874527, 0.05306904762983322, 0.003063003998249769, 0.009019804187119007, 0.0020477580837905407, 0.029918676242232323, -0.04011257365345955, -0.004589326214045286, 0.01012483425438404, 0.00889548845589161, -0.04472607374191284, -0.012479928322136402, -0.002779840026050806, -0.019655713811516762, 0.005652917083352804, -0.02107843942940235, -0.0030491910874843597, -0.005587305873632431, -7.710387581028044e-05, -0.05668801814317703, 0.04055458679795265, -0.00013769704673904926, -0.008287722244858742, 0.006170899607241154, -0.008467289619147778, 0.0017369684064760804, -0.009820950217545033, 0.02599582076072693, 0.025733377784490585, 0.007866429165005684, 0.03212873637676239, 0.011146985925734043, 0.012742373161017895, -0.008992178365588188, 0.007652330212295055, 0.015940051525831223, 0.00749348197132349, 0.02218346856534481, 0.02194865047931671, -0.006878809537738562, -0.014489701017737389, 0.006464423146098852, -0.005411191843450069, -0.010083395056426525, 0.009869296103715897, 0.0013372584944590926, 0.026714090257883072, -0.021368511021137238, -0.03218398615717888, 0.016078181564807892, -0.022542603313922882, -0.010069582611322403, 0.03315088897943497, -0.006018958054482937, -0.024172522127628326, 0.024048207327723503, 0.046963758766651154, 0.006768306251615286, 0.023316124454140663, -0.008508727885782719, -0.032432619482278824, 0.005842844024300575, 0.0018992696423083544, 0.00221178587526083, 0.00462731160223484, -0.02149282582104206, 0.002039124956354499, 0.019503772258758545, -0.023633820936083794, 0.030581694096326828, 0.02204534038901329, -0.03826165199279785, -0.017431842163205147, -0.031244711950421333, -0.04204637557268143, 0.0004001415800303221, 0.012431583367288113, -0.0032701969612389803, 0.01312913279980421, 0.040361206978559494, -0.009572318755090237, 0.010566845536231995, -0.042516015470027924, -0.0034014193806797266, -0.006782119162380695, 0.0053145019337534904, 0.012887408025562763, 0.021561890840530396, -0.007755926810204983, -0.018163925036787987, 0.0008210024680010974, -0.006426437757909298, 0.0035913463216274977, 0.012735466472804546, -0.003342714626342058, 0.011153892613947392, 0.0033893329091370106, 0.01395790558308363, 0.012044822797179222, 0.010718787088990211, -0.029255658388137817, -0.02828875742852688, 0.013861214742064476, 0.015967678278684616, 0.05102474242448807, -0.006844277027994394, 0.017017455771565437, -0.0008546713506802917, -0.008902395144104958, -0.01352280005812645, 0.018965071067214012, -0.023951517418026924, 0.026935096830129623, 0.022349223494529724, -0.011091734282672405, -0.009572318755090237, -0.01805342175066471, -0.011982664465904236, 0.01484883576631546, 0.0036811300087720156, 0.020456859841942787, -0.0010687707690522075, -0.02873077057301998, -0.005742700770497322, 0.015870988368988037, -0.03707374259829521, -0.018578309565782547, -0.0021064626052975655, 0.02475266344845295, -0.021340884268283844, -0.019973410293459892, -0.035996340215206146, 0.014006250537931919, -0.004982993006706238, -0.01617487147450447, -0.0028126456309109926, -0.012293454259634018, -0.015580917708575726, 0.031134208664298058, 0.021644767373800278, 0.0010661808773875237, 0.01272165309637785, -0.013750712387263775, 0.025498557835817337, 0.01810867339372635, -0.01439301110804081, -0.005687449127435684, 0.014655455015599728, 0.009275342337787151, 0.022128218784928322, 0.009938360191881657, -0.014669268392026424, -0.01676882430911064, 0.002971493639051914, 0.0008089162292890251, -0.002978400094434619, 0.0049277413636446, -0.018205363303422928, 0.07033513486385345, 0.012106981128454208, -0.004644577391445637, 0.002265310613438487, -0.02268073335289955, 0.015870988368988037, 0.012776904739439487, 0.021838147193193436, -0.010035050101578236, -0.03560958057641983, 0.019241327419877052, -0.006457516923546791, -0.0015453147934749722, -0.03102370724081993, -0.028399260714650154, 0.0019372550304979086, -0.0030025725718587637, 0.02396532893180847, 0.00398846622556448, 0.0044166650623083115, -0.0013605677522718906, 0.017625221982598305, 0.016948390752077103, -0.018826942890882492, -0.00975879281759262, 0.007645423524081707, -0.003278830088675022, -0.009862389415502548, -0.01623012311756611, -0.014268694445490837, 0.011264395900070667, -0.0048172385431826115, -0.02368907257914543, -0.009993611834943295, 0.004399399273097515, -0.0006414351519197226, 0.023440441116690636, 0.017445655539631844, 0.00882642436772585, -0.005746154114603996, 0.008474195376038551, 0.006975499447435141, -0.03226686641573906, -0.02420014888048172, -0.004965726751834154, -0.00933059398084879, -0.009102681651711464, -0.008584698662161827, -0.017335152253508568]","[-0.020514704287052155, 0.024181388318538666, 0.0009057983988896012, -0.016446556895971298, -0.034043971449136734, 0.02976170927286148, 0.0033906803000718355, -0.0027550323866307735, 0.020849255844950676, -0.022133933380246162, 0.002907253336161375, -0.010257352143526077, 0.008644812740385532, -0.006523755844682455, -0.006155749317258596, 0.019818836823105812, 0.0081563675776124, -0.005536828655749559, -5.974882151349448e-05, -0.016580376774072647, -0.021478211507201195, 0.019966037943959236, -0.0036098116543143988, 0.01322816964238882, -0.020675288513302803, -0.0005699922912754118, 0.02513151615858078, -0.03192960470914841, 0.0011809670832008123, 0.008838852867484093, 0.021183807402849197, -0.002044110093265772, -0.01615215092897415, -0.022548777982592583, 0.005737559869885445, -0.015590104274451733, 0.003977818414568901, 0.0006490300875157118, 0.010906381532549858, -0.030216699466109276, 0.008477536961436272, 0.008531065657734871, -0.010150294750928879, -0.012231206521391869, -0.015991566702723503, 0.017463592812418938, 0.0092470059171319, -0.01799887605011463, 0.007099184673279524, -0.030323756858706474, -0.006864998489618301, 0.056097611784935, -0.04555254429578781, 0.006108912173658609, -0.0139307277277112, -0.025733707472682, 0.03144785016775131, 0.008651504293084145, 0.0009066347847692668, 0.0163662638515234, 0.003225077409297228, -0.0003600611526053399, -0.017811527475714684, -0.018373573198914528, -0.02133100852370262, -0.01686139963567257, -0.0038941805250942707, -0.0043592071160674095, 0.03447219729423523, -0.008457464165985584, 0.045284904539585114, 0.024422265589237213, -0.0029791819397360086, 0.016874782741069794, 0.04507078975439072, 0.021585268899798393, -0.02604149654507637, -0.006577284075319767, -0.0017037040088325739, 0.03334810212254524, 0.019283553585410118, -0.018012257292866707, -0.03896857053041458, 0.008584593422710896, 0.02289671078324318, 0.01898914761841297, 0.019725162535905838, 0.021143659949302673, 0.019939275458455086, -0.012779871001839638, 0.0033655890729278326, 0.011608940549194813, 0.026603542268276215, 0.0024606268852949142, 0.010458082892000675, 0.023472139611840248, -0.017918583005666733, 0.03912915289402008, 0.0017781417118385434, 0.0038841438945382833, -0.010257352143526077, 0.00245226314291358, -0.03147461265325546, 0.0009885999606922269, -0.0326789990067482, 0.001568210544064641, 0.03471307456493378, -0.026402810588479042, 0.006058729253709316, -0.006292915437370539, -0.017236098647117615, 0.013208096846938133, -0.0020909474696964025, -0.00958824809640646, 0.018199605867266655, -0.0030394012574106455, -0.017624177038669586, -0.023043913766741753, -0.0005482464330270886, 0.007045656442642212, -0.007621085271239281, 0.021719088777899742, 0.018119314685463905, -0.028477031737565994, 0.015041439794003963, -0.006145712919533253, -0.009548102505505085, -0.00608214782550931, 0.005657267291098833, -0.008999438025057316, 0.03851357847452164, 0.03800506144762039, -0.003914253786206245, 0.006312988698482513, -0.012866853736341, -0.002723249839618802, 0.022281136363744736, -0.007808434311300516, -0.004556592553853989, -0.03811211884021759, 0.02179938182234764, 0.027754399925470352, -0.0008723432547412813, -0.021397920325398445, -0.007493955548852682, 0.018882092088460922, -0.00039163444307632744, -0.007882035337388515, 0.00465026730671525, -0.01719595119357109, 0.006885071750730276, 0.0019504358060657978, -0.014760416001081467, 0.004181894939392805, -0.012351644225418568, 0.010371099226176739, 0.022133933380246162, 0.0027065223548561335, 0.008832162246108055, -0.012498847208917141, -0.01073241513222456, -0.018815182149410248, 0.0008899072417989373, -3.899616785929538e-05, 0.019417373463511467, 0.023967275395989418, 0.0038406522944569588, -0.022053640335798264, -0.028691144660115242, -0.023097442463040352, 0.015081585384905338, 0.018868708983063698, -0.0374162495136261, 0.025693561881780624, 0.0017998875118792057, 0.0014778816839680076, 0.006072111427783966, 0.004683722276240587, -0.003920944407582283, -0.016941692680120468, -0.009153331629931927, 0.03642597794532776, 0.01901591196656227, 0.042340848594903946, -0.011769524775445461, -0.03749654069542885, -0.007139330729842186, -0.007279842626303434, 0.006851616315543652, 0.006162440404295921, 0.02471667155623436, 0.013716614805161953, -0.00327860563993454, 0.00473390519618988, -0.6063680648803711, -0.017543885856866837, -0.007714759558439255, -0.04565960168838501, -0.032973404973745346, 0.016018329188227654, 0.005727523006498814, -0.0069921282120049, -0.03987855091691017, 0.04643576219677925, 0.002654666779562831, 0.04223379120230675, 0.015041439794003963, -0.02388698421418667, -0.014639977365732193, -0.014184987172484398, 0.00816974975168705, -0.035863928496837616, -0.002243168419227004, -0.02130424603819847, -0.006998819299042225, -0.004081529565155506, -0.004034691955894232, 0.0002392043825238943, -0.000677466974593699, -0.015483047813177109, -0.015175259672105312, 0.005346134305000305, 0.005650576204061508, 0.024395501241087914, -0.04911217465996742, 0.010611976496875286, 0.018534157425165176, -0.012987292371690273, 0.04212673753499985, 0.014974528923630714, -0.005065110977739096, 0.010638740845024586, -0.0015999929746612906, 0.025305481627583504, -0.013482429087162018, -0.006634158082306385, 0.0002389952860539779, -0.0009108167141675949, 0.0002981690922752023, -0.005035001318901777, 0.031260501593351364, -0.015228788368403912, 0.0024070986546576023, -0.026831038296222687, 0.005981782451272011, 0.0006745396531186998, -0.019885746762156487, 0.0022297862451523542, 0.021183807402849197, -0.013756761327385902, 0.012766488827764988, 0.020434411242604256, 0.01904267631471157, -0.008765251375734806, 0.01868136040866375, -0.024837110191583633, -0.002413789741694927, -0.01901591196656227, -0.02135777287185192, 0.0015197006287053227, -0.01683463528752327, -0.008838852867484093, -0.006891762837767601, -0.015161878429353237, -0.01777138002216816, -0.007554174866527319, -0.007373516913503408, -0.001552319386973977, 0.005175513215363026, 0.026844419538974762, 0.0010019820183515549, -0.018507393077015877, -0.013248243369162083, -0.001972181722521782, 0.0010630376636981964, 0.00038598888204433024, -0.04370582103729248, -0.0279685128480196, 0.01399763859808445, -0.0010446372907608747, -0.015563339926302433, 0.002934017451480031, 0.005259151104837656, 0.017918583005666733, 0.011943492107093334, 0.001963817747309804, -0.0185743048787117, -0.014292043633759022, 0.004178549163043499, 0.032973404973745346, -0.005245768930763006, 0.004275569226592779, 0.012679505161941051, -0.0011031838366761804, -0.033990442752838135, -0.004750632680952549, -0.014332190155982971, -0.0024438994005322456, 0.031046386808156967, 0.013127804733812809, -0.04590047895908356, 0.012217824347317219, 0.010846162214875221, 0.00662746699526906, -0.009896036237478256, -0.008189822547137737, -0.037924766540527344, 0.010264042764902115, -0.01766432449221611, -0.028289683163166046, 0.013729996979236603, -0.010846162214875221, 0.017784763127565384, -0.009528029710054398, -0.015228788368403912, 0.027178971096873283, 0.0019203261472284794, 0.021063368767499924, -0.005851307418197393, 0.008009164594113827, 0.010096766985952854, -0.008102839812636375, 0.03366927057504654, -0.014171604998409748, 0.004703795537352562, -0.010591903701424599, 0.02135777287185192, -0.009059657342731953, 0.006587320938706398, -0.03760359808802605, 0.010264042764902115, -0.008056002669036388, -0.013556030578911304, -0.018440483137965202, 0.0003270241722930223, -0.01758403144776821, 0.01139482669532299, -0.024957548826932907, 0.016995221376419067, -0.020742198452353477, -0.06219983100891113, -0.020742198452353477, -0.006155749317258596, 0.013134495355188847, 0.0006477755378000438, -0.009434354491531849, -0.0032970060128718615, 0.0014820635551586747, 0.021745853126049042, -0.008905763737857342, 0.02970818057656288, -0.021625414490699768, -0.01826651766896248, -0.028530560433864594, -0.022977003827691078, 0.014225133694708347, -0.018748270347714424, -0.004991509485989809, -0.01647331938147545, -0.023539049550890923, 0.001470354269258678, 0.014573067426681519, -0.015202024020254612, -0.013863817788660526, -0.003164858091622591, -0.004837615881115198, -0.024007422849535942, -0.016740961000323296, 0.015777453780174255, 0.009441046044230461, -0.02557312324643135, -0.01493438333272934, 0.00038389794644899666, -0.00832364335656166, -0.015215406194329262, 0.011582176201045513, -0.0031447848305106163, -0.022602304816246033, 0.028343209996819496, -0.020902782678604126, 0.030323756858706474, -0.00033664252259768546, -0.01997942104935646, 0.04370582103729248, 0.0020909474696964025, 0.012224514968693256, -0.011903345584869385, -0.009173404425382614, 0.010284115560352802, 0.01920326054096222, 0.018828563392162323, -0.0062962607480585575, 0.017784763127565384, 0.022334663197398186, 0.05002215504646301, -0.010605284944176674, 0.007233005482703447, -0.004222040995955467, -0.0037101770285516977, -0.038540344685316086, -0.009507955983281136, -0.024730052798986435, 0.030537869781255722, -0.008999438025057316, -0.002263241447508335, -0.023967275395989418, -0.003870761953294277, -0.0019805454649031162, 0.012993983924388885, 0.015068203210830688, -0.020688669756054878, 0.01945752091705799, -0.005222350358963013, 0.01541613694280386, -0.0014067894080653787, 0.003753668861463666, 0.024569468572735786, 0.025840764865279198, 0.008825470693409443, 0.006272842176258564, 0.017784763127565384, -0.003880798351019621, -0.021652178838849068, 0.0031180207151919603, 0.01147511973977089, -0.005543519742786884, 0.0036767220590263605, -0.008410627022385597, 0.016740961000323296, 0.022254372015595436, 0.005533483345061541, -8.233105472754687e-05, 0.04855012521147728, -0.015857744961977005, -0.0025158280041068792, 0.04276907444000244, 0.006794742774218321, -0.027727635577321053, 0.0081831319257617, 0.016071857884526253, 0.02893202193081379, 0.01587112806737423, -0.013141185976564884, 0.04381287470459938, -0.024154623970389366, 0.006088838912546635, -0.028503796085715294, -0.0420464426279068, 0.006958673242479563, -0.03918268159031868, -0.007674613501876593, 0.04456227272748947, 0.030377283692359924, 0.03755006939172745, -0.01647331938147545, -0.024502558633685112, 0.017530502751469612, -0.025171661749482155, 0.02661692351102829, 0.01953781209886074, 0.00041463488014414907, -0.026603542268276215, -0.010799325071275234, -0.008209896273911, -0.012298116460442543, -0.028155861422419548, 0.008062693290412426, -0.026349283754825592, 0.02482372708618641, 0.01584436371922493, 0.022200843319296837, 0.01143497321754694, 0.008778633549809456, 0.034124262630939484, -0.0013131150044500828, 0.0071192579343914986, 0.011327916756272316, -0.0016978493658825755, 0.0045632836408913136, 0.01303412951529026, -0.014051166363060474, -0.006808124948292971, -0.008223278447985649, 0.005158785730600357, 0.010571829974651337, 0.004379280377179384, 0.03637244924902916, -0.020153388381004333, -0.0013448974350467324, 0.019805453717708588, 0.005195586010813713, -0.004499719012528658, 0.0017781417118385434, 0.033936914056539536, 0.008932527154684067, 0.028423503041267395, -0.0116557776927948, 0.01195687334984541, 0.06605386734008789, 0.005175513215363026, -0.004817543085664511, -0.008303570561110973, -0.001463663182221353, 0.002330151852220297, -0.006236041430383921, -0.014947764575481415, 0.018962383270263672, 0.011127186007797718, 0.010310879908502102, -0.02232128195464611, 0.008330334909260273, -0.010163676925003529, -0.00024359537928830832, 0.0003979073080699891, -0.006667613051831722, -0.007627776358276606, -0.020541466772556305, 0.02903907746076584, -0.00903958361595869, -0.007212932221591473, 0.030189935117959976, -0.0068148160353302956, -0.011582176201045513, 0.01180967129766941, -0.017182569950819016, -0.01984560117125511, 0.03061816096305847, -0.004181894939392805, -0.0019939274061471224, 0.0002680594625417143, -0.0004495536850299686, 0.01672757975757122, -0.012927073054015636, -0.0051721674390137196, -0.0015364282298833132, -0.04175203666090965, -0.020715434104204178, -0.020849255844950676, -0.00891245435923338, -0.012458701618015766, 0.03431161120533943, 0.03837975859642029, -0.010076694190502167, 0.009307225234806538, 0.035114534199237823, 0.012846780940890312, -0.0009978001471608877, -0.04164498299360275, -0.03468630835413933, 0.003449226962402463, 0.02411447837948799, 0.020260443910956383, 0.010658813640475273, 0.0325184129178524, 0.006540483795106411, 0.003793814918026328, 0.01573730632662773, 0.01579083502292633, 0.005035001318901777, 0.04030677676200867, 0.008678268641233444, 0.009126567281782627, 0.02695147693157196, 0.0008698341553099453, -0.03358897939324379, 0.02344537526369095, -0.006011892110109329, -0.012960528954863548, -0.016379645094275475, -0.02424829825758934, 0.00544984545558691, -0.015830980613827705, 0.012712960131466389, 0.006744559854269028, -0.02270936220884323, -0.03332133963704109, 0.010966600850224495, -0.030029350891709328, -0.018775034695863724, -0.014974528923630714, 0.029146134853363037, -0.004114984534680843, 0.009775597602128983, -0.04472285509109497, -0.03385661914944649, 0.003924290183931589, -0.019350463524460793, -0.004690413363277912, -0.024837110191583633, -0.02273612655699253, 0.0011249297531321645, -0.0009576539159752429, 0.018694743514060974, 0.037817712873220444, 0.014452628791332245, -0.011214169673621655, 0.031019622460007668, -0.0005892289918847382, -0.03337486833333969, -0.03535541146993637, -4.030301352031529e-05, -0.0010136913042515516, -0.002704849699512124, 0.008477536961436272, -0.02289671078324318, -0.023043913766741753, -0.022883329540491104, 0.043170537799596786, -0.010404554195702076, 0.0006030292133800685, -0.010243969969451427, 0.0058914534747600555, 0.02372639812529087, 0.024435648694634438, -0.002928999252617359, 0.03570334613323212, 0.007768287789076567, -0.0008284333744086325, 0.011127186007797718, 0.029226426035165787, -0.008176440373063087, -0.024127861484885216, 0.0017313044518232346, -0.010531684383749962, -0.0028821618761867285, 0.02091616578400135, -0.01868136040866375, 0.010565139353275299, -0.01615215092897415, -0.02562665194272995, 0.022160697728395462, 0.014573067426681519, 0.02003294974565506, 0.010284115560352802, -0.0023886982817202806, 0.015175259672105312, -0.005038347095251083, 0.0013356972485780716, 0.01166915986686945, -0.011535339057445526, 0.008939218707382679, 0.011234242469072342, -0.040520887821912766, 0.009882654063403606, -0.006112257484346628, -0.0370950810611248, 0.007821816019713879, 0.00744042731821537, -0.015991566702723503, 0.009695305489003658, -0.008504301309585571, -0.010832780040800571, -0.02973494492471218, 0.029226426035165787, 0.017048748210072517, 0.006423390470445156, 0.004024655558168888, 0.014385717920958996, -0.0069921282120049, -0.02669721655547619, 0.006085493601858616, -0.015389373525977135, -0.0209964569658041, -0.026777509599924088, 0.010076694190502167, 0.022722743451595306, 0.01033095270395279, 0.04159145429730415, 0.02505122311413288, -0.015576722100377083, -0.012532302178442478, -0.022963620722293854, -0.02719235233962536, -0.03658656030893326, -0.015830980613827705, 0.020594995468854904, 0.01766432449221611, 0.005934945307672024, 0.01311442255973816, 0.005697413347661495, 0.029199663549661636, -0.010337644256651402, 0.03530188277363777, 0.006389935500919819, 0.028343209996819496, -0.019685015082359314, -0.03642597794532776, -0.013080967590212822, 0.01675434410572052, 0.027674106881022453, 0.012659432366490364, -0.003924290183931589, 0.023097442463040352, 0.03995884209871292, -0.034017205238342285, 0.0046636490151286125, 0.004024655558168888, -0.029333483427762985, -0.015041439794003963, 0.035944223403930664, -0.001321478746831417, -0.010123531334102154, -0.042367614805698395, -0.004392662551254034, 0.016901547089219093, 0.009019510820508003, 0.026550013571977615, -0.008116221986711025, 0.014118077233433723, 0.01868136040866375, 0.019283553585410118, -0.0072196233086287975, 0.007520719897001982, -0.010223896242678165, 0.007152712903916836, -0.030029350891709328, -0.0020825837273150682, 0.002014000667259097, -0.006229350809007883, 0.008296879008412361, 0.024596232920885086, -0.0162859708070755, 0.008243351243436337, 0.021250717341899872, -0.023579195141792297, 0.007580939214676619, -0.004135057795792818, -0.017490357160568237, 0.0012671141885221004, -0.0050249649211764336, -0.021785998716950417, -0.02521180734038353, 0.010973292402923107, 0.041537925601005554, -0.01488085463643074, 0.02242833934724331, -0.021076750010252, -0.027165589854121208, 0.030564632266759872, -0.023659488186240196, 0.03144785016775131, -0.004024655558168888, 0.030323756858706474, 0.002954090479761362, -0.0033839892130345106, -0.03760359808802605, 0.0015590103575959802, 0.0020574922673404217, 0.008517683483660221, 0.024435648694634438, 0.04271554574370384, 0.015590104274451733, -0.039717964828014374, 0.009267078712582588, -0.023525668308138847, -0.0029524178244173527, -0.014479393139481544, -0.008464154787361622, -0.010277424938976765, -0.018641214817762375, -0.010578521527349949, 0.017704470083117485, -0.04129704833030701, 0.005965054966509342, -0.0013457337627187371, 0.014666741713881493, -0.006269496865570545, -0.0032284227199852467, -0.02695147693157196, 0.024984313175082207, -0.005065110977739096, 0.03176901862025261, 0.010545065626502037, 0.001463663182221353, -0.010792634449899197, -0.008892381563782692, -0.009815743193030357, 0.011682541109621525, 0.008945909328758717, 0.016526848077774048, -0.02386021986603737, 0.0011408209102228284, -0.0209964569658041, -0.003189949318766594, -0.008049311116337776, -0.0005177186103537679, -0.005229041446000338, 0.030216699466109276, -0.019551195204257965, 0.001308096689172089, -0.02135777287185192, -0.006356480065733194, 0.01343559194356203, 0.010672195814549923, -0.013903964310884476, -0.024101097136735916, -0.011113803833723068, 0.014104695059359074, 0.02529210038483143, 0.025640033185482025, 0.0003675885673146695, 0.003087911056354642, -0.013770143501460552, 0.01486747246235609, -0.015375991351902485, 0.0018667979165911674, 0.020568231120705605, -0.01997942104935646, 0.005041692405939102, -0.002162876073271036, 0.007969019003212452, -0.004901180975139141, 0.01126769743859768, 0.016714196652173996, 0.026416193693876266, 0.011675850488245487, -0.015014675445854664, 0.00905296579003334, 0.006831543520092964, -0.010765870101749897, -0.02096969448029995, 0.012652740813791752, -0.01774461567401886, -0.007447118405252695, 0.008042620494961739, -0.0072731515392661095, -0.03902209550142288, -0.009875962510704994, 0.03482012823224068, -0.004780742339789867, -0.013361990451812744, -0.010906381532549858, 0.0013457337627187371, -0.025907674804329872, 0.011950182728469372, -0.017262861132621765, -0.03168872743844986, 0.006159094627946615, -0.020702052861452103, 0.025894293561577797, 0.011234242469072342, -0.01904267631471157, 0.006011892110109329, -0.02976170927286148, -0.00029440538492053747, -0.004690413363277912, -0.04755985364317894, -0.016406409442424774, 0.013542648404836655, 0.01774461567401886, 0.033187516033649445, -0.015590104274451733, 0.007400281261652708, -0.013796907849609852, -0.018172841519117355, -0.00047255412209779024, 0.005513410083949566, 0.0017898509977385402, 0.01821298897266388, 0.01311442255973816, 0.020046330988407135, -0.009173404425382614, -0.029199663549661636, -0.03910239040851593, -0.016165532171726227, -0.029306719079613686, -0.043277595192193985, 0.00417520385235548, -0.014144841581583023, 0.011207478120923042, 0.008096148259937763, 0.004141748882830143, -0.029413776472210884, -0.022468484938144684, -0.051628001034259796, -0.017343154177069664, 0.019363846629858017, -0.022000111639499664, 0.04303671792149544, 0.0140110207721591, -0.007333370856940746, 0.0008790342835709453, 0.014385717920958996, 0.021812763065099716, -0.03738948702812195, 0.028530560433864594, -0.0006958672893233597, -0.011046893894672394, 0.03615833446383476, 0.017343154177069664, -0.04185909405350685, -0.01920326054096222, 0.009742142632603645, 0.002474009059369564, 0.03985178470611572, 0.02226775325834751, -0.02055484987795353, -0.0069653638638556, -0.015001293271780014, -0.011327916756272316, 0.022990385070443153, 0.007674613501876593, -0.004937981255352497, -0.020742198452353477, 0.0020307281520217657, -0.008069383911788464, -0.008725105784833431, -0.00041505307308398187, -0.0043692439794540405, 0.01251222938299179, 0.007299915887415409, 0.02466314285993576, 0.002560992492362857, 0.0033588979858905077, 0.01680787093937397, -0.034017205238342285, 0.01769108884036541, 0.0014870818704366684, 0.008564520627260208, 0.03085903823375702, -0.0006590666016563773, 0.013716614805161953, -0.015616868622601032, 0.015094967558979988, -0.027567051351070404, -0.020206915214657784, 0.01110711321234703, 0.020273827016353607, 0.01239848230034113, -0.01233157142996788, 0.007206241134554148, -0.025318864732980728, -3.0292600058601238e-05, -0.00913325883448124, 0.0007899599149823189, 0.0007644504075869918, -0.007667922414839268, 0.005871380213648081, -0.06268158555030823, -0.009855889715254307, -0.0037770874332636595, 0.002729940926656127, -0.005356171168386936, -0.023150969296693802, 0.000704231089912355, -0.015670396387577057, 0.01122755091637373, -0.013696542009711266, -0.005239077843725681, -0.020782344043254852, -0.000534027989488095, 0.0029641271103173494, -0.012271352112293243, -0.00909311231225729, 0.1869206577539444, -0.000761941249947995, 0.013850435614585876, 0.013248243369162083, 0.004559938330203295, 0.026442958042025566, -0.0015966474311426282, 0.012786561623215675, 0.0037503233179450035, 0.023967275395989418, -0.0324648879468441, 0.009855889715254307, 0.002310078823938966, 0.0037235592026263475, 0.00398116372525692, -0.007099184673279524, -0.03291987627744675, -0.0185475405305624, -0.023378465324640274, -0.007514028809964657, 0.012498847208917141, -0.014800562523305416, -0.012706269510090351, -0.024007422849535942, -0.0065538655035197735, 0.001541446428745985, 0.008303570561110973, -0.004292296711355448, 0.0012144222855567932, 0.0023803345393389463, -0.020983075723052025, 0.028396738693118095, -0.0280220415443182, -0.01615215092897415, -0.02458285167813301, -0.014840708114206791, 0.039450325071811676, -0.01142159104347229, 0.00372690474614501, -0.010919763706624508, -0.0014946091687306762, 2.895962279580999e-05, -0.018427101895213127, -0.0003466790949460119, -0.0077816699631512165, 0.008437391370534897, -0.01450615655630827, -0.0012470410438254476, 0.030992859974503517, 0.018092550337314606, -0.01945752091705799, -0.0032568597234785557, 0.007928872480988503, 0.024649761617183685, 0.0327860563993454, -0.01002985704690218, 0.022361427545547485, 0.006547174416482449, -0.0024622997734695673, 0.03728242963552475, -0.02468990720808506, 0.012625977396965027, 0.02245510183274746, 0.0017764689400792122, 0.020126624032855034, 0.00039247082895599306, 0.0034793366212397814, -0.047934550791978836, 0.02667045220732689, -0.01000309269875288, 0.03075198270380497, -0.04450874403119087, 0.024515939876437187, -0.002223095390945673, 0.00980905257165432, 0.0023134241346269846, 0.04124351963400841, 0.009360752999782562, 0.0020006184931844473, 0.019243407994508743, -0.019417373463511467, -0.030109643936157227, 0.012271352112293243, -0.01584436371922493, -0.031073151156306267, 0.009454428218305111, -0.003686758456751704, -0.008149676956236362, -0.02096969448029995, -0.011281079612672329, -0.010223896242678165, -0.006871689576655626, -0.009226933121681213, -0.015081585384905338, -0.00011573394294828176, 0.01675434410572052, -0.00399454589933157, 0.011876581236720085, -0.006945291068404913, -0.02086263708770275, -0.03163519874215126, 0.03843328729271889, 0.0008071056799963117, 0.015041439794003963, -0.032571941614151, -0.004436153918504715, 0.0139307277277112, 0.00489114411175251, 0.016593758016824722, -0.018868708983063698, 0.04132381081581116, -0.011736069805920124, 0.002479027258232236, -0.005028310231864452, 0.008296879008412361, -0.00887230783700943, 0.02286994643509388, -0.026188697665929794, -0.0010889654513448477, -0.00042467142338864505, -0.0021494938991963863, -0.03508777171373367, -0.014787180349230766, 0.007601012010127306, -0.00889907218515873, -0.0011700941249728203, -0.0139842564240098, -0.012291425839066505, -0.013770143501460552, -0.023017149418592453, 0.02083587273955345, -0.004596738610416651, 0.002201349474489689, -0.012900309637188911, -0.010143604129552841, -0.001965490635484457, -0.0010279098059982061, -0.012465392239391804, -0.010792634449899197, 0.010317571461200714, 0.004021310247480869, 0.0185475405305624, 0.017704470083117485, -0.008812088519334793, -0.012840090319514275, -0.011455046012997627, -0.00887230783700943, -0.021264098584651947, 0.01166915986686945, -0.009548102505505085, -0.004603429697453976, -0.02226775325834751, 0.02557312324643135, -0.01587112806737423, 0.028209390118718147, -0.021732471883296967, 0.009661849588155746, -0.050825078040361404, 0.01678110845386982, -0.014251898042857647, -0.030270228162407875, 0.01969839818775654, 0.021678943186998367, 0.016526848077774048, -0.012967219576239586, -0.008236659690737724, -0.1666869819164276, 0.008056002669036388, 0.029333483427762985, -0.02783469296991825, -0.0024907365441322327, 0.01758403144776821, 0.0026178662665188313, -0.004580011125653982, 0.0013975892215967178, -0.01667405106127262, 0.011174023151397705, -0.016125386580824852, -0.02984200231730938, -0.02127748169004917, -0.014345572330057621, 0.02874467335641384, -0.00023251335369423032, 0.00240375311113894, 0.002154512330889702, 0.022562159225344658, 0.013335226103663445, -0.02096969448029995, 0.01664728671312332, -0.02518504299223423, 0.006222659721970558, 0.021264098584651947, -0.014171604998409748, 0.011180713772773743, -0.0018400336848571897, -0.006704413797706366, -0.0035997750237584114, 0.014760416001081467, 0.03358897939324379, 0.008290188387036324, 0.018801799044013023, -0.007045656442642212, -0.024060949683189392, -0.008644812740385532, -0.0052256956696510315, -0.007868653163313866, 0.001483736326918006, 0.02050132118165493, -0.015228788368403912, -0.00888569001108408, -0.022160697728395462, 0.06685678660869598, 0.025613268837332726, 0.009869271889328957, 0.013562721200287342, 0.0018734888872131705, 0.0068148160353302956, 0.006219313945621252, 0.01435895450413227, -0.003189949318766594, 0.04084205627441406, 0.0066542308777570724, 0.0023368429392576218, 0.024408884346485138, -0.025452684611082077, -0.005720832385122776, 0.014077930711209774, -0.008751869201660156, 0.015268934890627861, -0.0010831108083948493, 0.001896907459013164, 0.0020775652956217527, 0.0012947146315127611, 0.029360247775912285, -0.03200989589095116, -0.003389007644727826, -0.01397087424993515, 0.01925678923726082, -0.004275569226592779, 0.016112005338072777, 0.0038406522944569588, -0.015335844829678535, -0.027540287002921104, 0.0063062976114451885, 0.024408884346485138, -0.005028310231864452, -0.012572448700666428, 0.034043971449136734, -0.016085240989923477, 0.017490357160568237, 0.012940455228090286, 0.006878380663692951, 0.01961810514330864, -0.012692887336015701, -0.002559319604188204, 0.00782850757241249, 0.02810233272612095, -0.048978351056575775, -0.01451953873038292, -0.0031932948622852564, -0.01216429565101862, 0.03072521835565567, 0.012900309637188911, 0.018226370215415955, 0.01321478746831417, -0.019350463524460793, 0.024020804092288017, -0.012110767886042595, -0.024890638887882233, 0.00814298540353775, 0.015202024020254612, 0.0065639023669064045, 0.0013624613638967276, 0.002126075327396393, 0.011026820167899132, 0.026349283754825592, 0.0054364632815122604, 0.0006678486242890358, 0.013107731007039547, 0.020046330988407135, 0.007882035337388515, 0.010431318543851376, -0.022655833512544632, 0.0010647104354575276, 0.006567247677594423, -0.0009359080577269197, 0.031046386808156967, -0.009728760458528996, 0.004784087650477886, -0.016794489696621895, -0.005791088100522757, 0.014800562523305416, -0.10812707245349884, -0.01486747246235609, 0.022361427545547485, -0.010565139353275299, -0.04405375197529793, -0.02149159461259842, 0.00014406627451535314, 0.0209964569658041, -0.01595141924917698, 0.03457925096154213, -0.021812763065099716, -0.005359516479074955, -0.009153331629931927, 0.011301152408123016, 0.014639977365732193, 0.018253134563565254, -0.019966037943959236, 0.02138453722000122, 0.010277424938976765, 0.01451953873038292, -0.006945291068404913, -0.009434354491531849, 0.0030243464279919863, -0.0011491846526041627, 0.01948428526520729, 0.042153500020504, -0.01492100115865469, 0.018801799044013023, 0.003198313293978572, -0.026844419538974762, 0.01304751168936491, -0.0280755702406168, 0.009875962510704994, -0.01898914761841297, -0.02394051104784012, 0.006115603260695934, 0.004432808607816696, -0.03733595833182335, 0.031983133405447006, -0.020300589501857758, 0.007326679769903421, 0.01683463528752327, 0.004600084386765957, -0.0006360661936923862, 0.025198426097631454, -0.014613213017582893, -0.0016142113599926233, 0.028637615963816643, -0.004195277113467455, -0.03728242963552475, -0.021478211507201195, 0.005101911723613739, -0.015830980613827705, -0.033936914056539536, 0.03902209550142288, 0.006607393734157085, 0.011722687631845474, 0.013509193435311317, -0.018226370215415955, 0.01237171795219183, -0.020956311374902725, -0.014773798175156116, 0.0025660106912255287, 0.005694068036973476, 0.003475991077721119, -0.017945347353816032, -0.016433173790574074, -0.018427101895213127, 0.0059918188489973545, -0.0028988895937800407, -0.02521180734038353, 0.018146079033613205, -0.046248409897089005, -0.005222350358963013, -0.018975766375660896, 0.03658656030893326, -0.002228113589808345, -0.024676525965332985, 0.02204025909304619, -0.00976890604943037, -0.0008982710423879325, -0.01542951911687851, 0.0015121732139959931, -0.04292966052889824, 0.05307326465845108, -0.008919144980609417, 0.011046893894672394, 0.007473882287740707, 0.022080404683947563, -0.028530560433864594, 0.02414124272763729, 0.0013423882192000747, 0.004656957928091288, -0.03998560458421707, -0.0058278888463974, 0.006945291068404913, -0.011481810361146927, 0.0036365757696330547, -0.030966095626354218, -0.0007836871081963181, -0.012632668018341064, -0.006199241150170565, -0.04627517610788345, 0.03072521835565567, 0.014800562523305416, 0.0036967950873076916, 0.01959134079515934, -0.014693506062030792, 0.010872926563024521, 8.149467612383887e-05, 0.023525668308138847, 0.015121731907129288, 0.008731796406209469, 0.03712184354662895, -0.0038239245768636465, -0.005955018103122711, -0.011910036206245422, 0.002826960990205407, 0.02700500376522541, -0.004519791807979345, 0.016821254044771194, 0.00928715243935585, -0.001788178225979209, -0.017958728596568108, 0.021170424297451973, 0.0017430137377232313, -0.0029440540820360184, 0.0025643380358815193, 0.003367261728271842, 0.04836277663707733, -0.014813944697380066, -0.022026875987648964, 0.02879820019006729, -0.004335788544267416, -0.002474009059369564, 0.02783469296991825, -0.013442282564938068, -0.030002586543560028, 0.013562721200287342, 0.046141356229782104, -0.0017095586517825723, 0.015081585384905338, -0.006460191216319799, -0.03570334613323212, 0.007875344716012478, -0.002980854595080018, 0.001352424849756062, 0.011816361919045448, -0.01595141924917698, 0.00029963275301270187, 0.018373573198914528, -0.032893113791942596, 0.03524835407733917, 0.025947820395231247, -0.032571941614151, -0.018694743514060974, -0.03706831485033035, -0.04260849207639694, -0.005720832385122776, 0.004024655558168888, 0.0007125948905013502, 0.011568794026970863, 0.04383964091539383, -0.018815182149410248, 0.013094348832964897, -0.03075198270380497, 0.002254877705127001, -0.02008647657930851, 0.011869890615344048, 0.005202277097851038, 0.009788979776203632, -0.01782490871846676, -0.013863817788660526, -0.003947708755731583, -0.012940455228090286, 0.006634158082306385, 0.009006128646433353, -0.013027438893914223, 0.015723925083875656, 0.009420972317457199, 0.007661231327801943, 0.016941692680120468, -0.003015982685610652, -0.03457925096154213, -0.025894293561577797, 0.013569412752985954, 0.022468484938144684, 0.044267866760492325, -0.008999438025057316, 0.0185743048787117, 0.006115603260695934, -0.005948327481746674, -0.00245226314291358, 0.004660303704440594, -0.01235833577811718, 0.013428900390863419, 0.02060837857425213, -0.005610430147498846, -0.007728141732513905, -0.01617891527712345, -0.02424829825758934, 0.013067585416138172, 0.005767669528722763, 0.013167950324714184, -0.008624739944934845, -0.02460961416363716, 0.0036599943414330482, 0.018748270347714424, -0.043224066495895386, -0.025305481627583504, -0.006279533263295889, 0.02570694498717785, -0.017838289961218834, -0.005489991512149572, -0.02617531642317772, 0.019163114950060844, 0.004135057795792818, -0.006905145011842251, -0.001699522021226585, -0.016941692680120468, -0.005918217822909355, 0.028343209996819496, 0.015938038006424904, 0.010444700717926025, 0.02248186618089676, -0.009942873381078243, 0.022307900711894035, 0.03543570265173912, -0.007212932221591473, 0.002141130156815052, 0.007038965355604887, 0.020635142922401428, 0.027513522654771805, 0.0007958146161399782, -0.024502558633685112, -0.02344537526369095, -0.0052892607636749744, -0.006764633115381002, 0.007761596702039242, 0.015108349733054638, -0.020755579695105553, 0.06642856448888779, 0.018614450469613075, -0.006182513199746609, -0.0008899072417989373, -0.02438211999833584, 0.01584436371922493, 0.008056002669036388, 0.018306663259863853, -0.018360191956162453, -0.034793365746736526, 0.018413718789815903, -0.001943744719028473, 0.009481191635131836, -0.040708236396312714, -0.0035897386260330677, 0.006774669513106346, -0.019403992220759392, 0.02903907746076584, 0.01251222938299179, 0.0009066347847692668, -0.00456662941724062, 0.023150969296693802, 0.0010111822048202157, -0.02518504299223423, -0.007754905615001917, 0.005326061509549618, -0.004871071316301823, -0.009099802933633327, -0.017503738403320312, -0.012993983924388885, 0.017985492944717407, -0.01815946027636528, -0.02044779248535633, -0.014720269478857517, -0.0005758469342254102, -0.00980905257165432, 0.0211035143584013, 0.020648524165153503, 0.005479955114424229, -0.0020022911485284567, 0.0023368429392576218, 0.012619285844266415, -0.031046386808156967, -0.022026875987648964, -0.0055301375687122345, -0.005811160895973444, -0.015750689432024956, -0.015028057619929314, -0.01450615655630827]","[-0.016495833173394203, 0.002275000559166074, 0.01638932339847088, -0.034216538071632385, 0.010551209561526775, 0.002226737793534994, 0.009332993999123573, -0.01594996638596058, -0.00800161063671112, -0.02918391302227974, 0.016762109473347664, 0.01459195651113987, -0.00519572151824832, -0.022300662472844124, 0.0005937135429121554, 0.0025346202310174704, 0.026694227010011673, 0.018452966585755348, -0.006936504505574703, -0.004123958293348551, -0.010071910917758942, 0.011163645423948765, -0.019637897610664368, -0.005937967449426651, -0.031979817897081375, 0.011503147892653942, 0.004586613737046719, -0.004759693518280983, -0.0027443128637969494, -0.02782590128481388, 0.03357747569680214, -0.0008458441589027643, -0.0221941526979208, -0.02013050951063633, -0.031314123421907425, -0.022700076922774315, -0.004356950521469116, 0.003298501018434763, 0.004440161865204573, -0.009066717699170113, 0.0039209225215017796, 0.00286247325129807, -0.00645055016502738, -0.0007746983901597559, -0.029743092134594917, 0.012275350280106068, -0.011429921723902225, -0.003087144112214446, 0.0025562550872564316, 0.008420996367931366, -0.013739870861172676, -0.013020924292504787, -0.01448544580489397, -0.042524367570877075, -0.009619241580367088, 0.003927579615265131, -0.019810976460576057, 0.02355216257274151, -1.2761252946802415e-05, 0.012228751555085182, 0.00441686250269413, 0.02035684324800968, 0.00037819595308974385, 0.006963132414966822, -0.006250842474400997, 0.016322754323482513, -0.003441624576225877, -0.0025945324450731277, 7.3746130510699e-05, -0.0002750137646216899, 0.00530888931825757, -0.003431639401242137, 0.015177764929831028, 0.00518573634326458, 0.017520997673273087, 0.003023903351277113, -0.01496474351733923, 0.00677008181810379, -0.008068179711699486, 0.004669825546443462, 0.008321142755448818, -0.012994296848773956, -0.01780058816075325, 0.014818291179835796, 0.032858528196811676, 0.001436229213140905, 0.0042937095277011395, 0.021288812160491943, -0.027479741722345352, -0.007242722902446985, 0.015856768935918808, 0.016895247623324394, -0.009286395274102688, 0.006863278802484274, -0.011982445605099201, -0.00017817647312767804, -6.39167774352245e-05, 0.028278572484850883, 0.008873666636645794, -0.009938772767782211, -0.028677986934781075, 0.008673959411680698, -0.01749437116086483, -0.022140897810459137, -0.03331119939684868, -0.0007314284448511899, 0.030568551272153854, -0.013080836273729801, -0.0023532193154096603, 0.0037844558246433735, -0.030994592234492302, 0.023964891210198402, -0.008061523549258709, -0.0020303588826209307, -0.029077401384711266, 0.0003838127013295889, -0.00018015273963101208, -0.0009585956577211618, -0.00940622016787529, 0.008361084386706352, 0.02624155580997467, 0.0026278169825673103, 0.027479741722345352, 0.00773533433675766, 0.01401946134865284, 0.003498208476230502, -0.027799274772405624, -0.03126087039709091, -0.008041552267968655, -0.022526998072862625, 0.037651509046554565, -0.0075422837398946285, 0.017813902348279953, -0.016495833173394203, -0.02443087473511696, 0.030488668009638786, -0.019145285710692406, -0.003767813555896282, -0.005791515577584505, 0.0004884510999545455, 0.011303440667688847, 0.03331119939684868, 0.00605446333065629, -0.009040089324116707, -0.0014661853201687336, 0.03978171944618225, 0.015111195854842663, -0.014871546067297459, 0.01823994517326355, -0.004733066074550152, -0.015071254223585129, -0.011509804986417294, -0.02171485498547554, 0.006929847877472639, 0.00010827887308550999, 0.013966206461191177, 0.010604464448988438, -0.00059080112259835, -0.004613241646438837, -0.020689690485596657, 0.009765692986547947, 0.01638932339847088, 0.013979519717395306, -0.002371525624766946, 0.018958892673254013, 0.04534690082073212, 0.020423412322998047, -0.007169496733695269, 0.0026977146044373512, -0.009592613205313683, 0.0016492505092173815, 0.004992685746401548, -0.02620161511003971, 0.005069240462034941, 0.01630944013595581, 0.012588225305080414, 0.022380545735359192, 0.002527963137254119, 0.0026877291966229677, -0.00041210459312424064, 0.003390033496543765, -0.011423264630138874, 0.009965401142835617, 0.02232729084789753, -0.01749437116086483, 0.018226630985736847, 0.015191078186035156, -0.004782992880791426, -0.009279738180339336, 0.01087739784270525, 0.014671838842332363, 0.0067467824555933475, -0.010797514580190182, -0.006929847877472639, -0.6309689879417419, -0.015151136554777622, -0.0005966259632259607, -0.010231677442789078, 0.010943966917693615, 0.02601522020995617, -0.012162182480096817, 0.0007489028503187001, -0.038130804896354675, 0.006909877061843872, -0.012002416886389256, 0.012375203892588615, -0.02452407218515873, -0.0294501893222332, 0.010138480924069881, 0.0022650151513516903, 0.013373740948736668, -0.030914710834622383, -0.02429773658514023, 0.02404477447271347, -0.03876986727118492, 0.016589030623435974, -0.024058088660240173, -0.020290274173021317, -0.0135201932862401, 0.0009569314424879849, 0.029636582359671593, -0.03466920927166939, 0.010937309823930264, -0.009313022717833519, -0.020276961848139763, -0.014059402979910374, 0.009060060605406761, 0.010125166736543179, 0.05005999654531479, -0.00514246616512537, -0.035361528396606445, 0.018785811960697174, -0.014884860254824162, 0.024950115010142326, -0.051710911095142365, -0.02140863612294197, -0.004317008890211582, 0.002932370640337467, -0.02931705117225647, 0.0058347852900624275, 0.028198689222335815, 0.015084567479789257, -0.018972204998135567, -0.02654777467250824, 0.0014853239990770817, -0.01499137096107006, 0.015084567479789257, 0.022047700360417366, 0.011256841942667961, -0.02496342919766903, 0.01820000447332859, -0.006300769280642271, 0.0053055607713758945, -0.007901757024228573, -0.009878860786557198, 0.015297588892281055, -0.024630581960082054, -0.009579299949109554, -0.009213169105350971, -0.006051135249435902, 0.0068765925243496895, -0.013027581386268139, -0.02052992396056652, 0.0020836142357438803, 0.015976594761013985, 0.0038343826308846474, -0.009133286774158478, 0.010943966917693615, -0.01696181669831276, 0.029343677684664726, 0.040900081396102905, 0.01705501414835453, -0.009259767830371857, 0.004120629746466875, -0.00377447041682899, 0.0017074985662475228, 0.02628149837255478, -0.017214780673384666, 0.01072428934276104, 0.009958744049072266, -0.021701540797948837, -0.018532849848270416, 0.009592613205313683, -0.023272572085261345, 0.007429116405546665, 0.014911487698554993, 0.03570768982172012, -0.0148316053673625, 0.012029044330120087, 0.006294112652540207, 0.018519535660743713, 0.006387309171259403, 0.0010742595186457038, -0.017174838110804558, -0.006570374593138695, 0.019664524123072624, -0.002639466430991888, -0.02593533881008625, 0.007249379530549049, 0.021475205197930336, 0.004270410630851984, 0.002759290859103203, 0.03613372892141342, -0.02242048643529415, -0.01626949943602085, 0.009898831136524677, -0.00859407614916563, -0.013506879098713398, 0.025855455547571182, -0.038237314671278, 0.007402488496154547, -0.011835993267595768, 0.030621806159615517, -0.006051135249435902, 0.024577327072620392, -0.0292371679097414, 0.002233394654467702, -0.010011998936533928, -0.021262183785438538, 0.025562550872564316, 0.03126087039709091, -0.008900294080376625, -0.010244990698993206, 0.016376009210944176, -0.014538700692355633, -6.266860873438418e-05, 0.020649747923016548, -0.008494222536683083, 0.02729334868490696, 0.003571434412151575, 0.0032901798840612173, -0.03187330439686775, -0.0014445503475144506, -0.036852676421403885, 0.01072428934276104, 0.0014162585139274597, -0.007442430127412081, -0.03325794264674187, 0.0002342401712667197, -0.022886471822857857, 0.003028895938768983, 0.006929847877472639, 0.0009677489288151264, 0.017201466485857964, 0.004137272015213966, -0.015164450742304325, -0.004586613737046719, 0.004323665983974934, 0.0026261527091264725, -0.0036746165715157986, -0.003944221884012222, -0.035015370696783066, -0.00918654166162014, -0.007056328933686018, 0.022034386172890663, 0.026667598634958267, -0.00868061650544405, -0.015310903079807758, -0.0006885745679028332, 0.0013064193772152066, 0.0029872902669012547, 0.03850359097123146, -0.018160061910748482, -0.010031970217823982, 0.008028239011764526, 0.007935041561722755, -0.007096270564943552, 0.016722168773412704, 0.014804976992309093, 0.009339651092886925, -0.00918654166162014, -0.018120121210813522, -0.02790578454732895, -0.006167631130665541, 0.006500476971268654, 0.011296783573925495, -0.012455086223781109, -0.006147660315036774, 0.03717220947146416, 0.002727670595049858, 0.004649854730814695, 0.028757870197296143, -0.02443087473511696, 0.0068965633399784565, 0.03432305157184601, 0.01784053072333336, -0.0036479891277849674, 0.015151136554777622, -0.007628823630511761, 0.03229934722185135, 0.0051091816276311874, 0.031447261571884155, 0.015483982861042023, 0.02070300281047821, 0.02140863612294197, 0.00859407614916563, 0.011762767098844051, -0.030222391709685326, 0.012867814861238003, -0.015483982861042023, -0.005085882730782032, -0.020822828635573387, 0.018705928698182106, 0.002316606231033802, -0.0016775423428043723, 0.015856768935918808, -0.013659988529980183, -0.00953935831785202, -0.000637399556580931, 0.014751722104847431, 0.0002265431103296578, -0.007695392705500126, -0.03267213702201843, 0.0077686188742518425, -0.009878860786557198, 0.005578494165092707, 0.031021220609545708, -0.0022150883451104164, -0.04540015384554863, -0.012381860986351967, 0.018958892673254013, 0.01148983370512724, 0.00400080531835556, -0.015790199860930443, -0.01758756674826145, -0.026388008147478104, 0.0013571784365922213, -0.015297588892281055, -0.0094528179615736, 0.023991519585251808, 0.011043820530176163, -0.0041272868402302265, 0.024737093597650528, -0.013147405348718166, 0.033683985471725464, -0.006923190783709288, 0.03267213702201843, -0.028012296184897423, 0.026694227010011673, 0.01682867854833603, 0.013926264829933643, -0.019185226410627365, -0.019318364560604095, 0.022513683885335922, -0.01709495671093464, -0.0020985922310501337, -0.012455086223781109, 0.022260721772909164, -0.0034066759981215, -0.027532996609807014, 0.00929970946162939, -0.0016983452951535583, 0.034216538071632385, 0.020676376298069954, 0.002577889943495393, 0.005635078065097332, 0.00359806208871305, -0.0016276155365630984, -0.0014495430514216423, 0.00232326309196651, -0.01061777863651514, -0.029902858659625053, -0.010138480924069881, 0.008707243949174881, -0.0005741588538512588, -0.003251902526244521, -0.012561596930027008, 0.0033750555012375116, 0.008414339274168015, -0.006623629946261644, 0.0047164238058030605, -0.00714286882430315, 0.01523101981729269, 0.006983103230595589, -0.028891008347272873, -0.011063791811466217, 0.013613389804959297, 0.0013829739764332771, 0.004516716115176678, -0.027266720309853554, 0.003300165291875601, 0.026654284447431564, -0.0013280543498694897, 0.007615509908646345, -0.0006527936784550548, -0.0012556604342535138, -0.011463206261396408, -0.006320740096271038, -0.003047202480956912, 0.003924251068383455, 0.02835845574736595, -0.009040089324116707, -0.008401026017963886, 0.012628166005015373, 0.01184265036135912, 0.02509656734764576, -0.008953549899160862, 0.013473594561219215, 0.03275201842188835, 0.02096927911043167, -0.0031337423715740442, -0.008867009542882442, 0.009632554836571217, -0.028278572484850883, -0.019398247823119164, -0.023419024422764778, -0.01448544580489397, -0.012980982661247253, -0.00350486533716321, 0.011516462080180645, 0.011170302517712116, 0.01013182383030653, 0.029263794422149658, 0.008733871392905712, -0.006084419786930084, -0.022700076922774315, -0.007109584286808968, -0.002250036923214793, 0.08270550519227982, 0.010864083655178547, 0.019704466685652733, 0.004020776133984327, -0.03466920927166939, -0.0007085453253239393, -0.024417562410235405, -0.009898831136524677, 0.02333914116024971, -0.015284275636076927, -0.028731241822242737, -0.0004884510999545455, 0.007761962246149778, -0.015071254223585129, 0.024470817297697067, 0.019717780873179436, 0.02039678581058979, 0.02013050951063633, 0.014818291179835796, -0.03280527517199516, -0.004340308252722025, 0.017001759260892868, 0.00896686315536499, 0.0248302910476923, 0.03139400854706764, 0.02104916237294674, 0.009412877261638641, -0.0004277067491784692, -0.0007380853639915586, 0.001388798700645566, -0.003498208476230502, -0.0006278302171267569, 0.00991214532405138, 0.009139942936599255, -0.010225020349025726, 0.042524367570877075, 0.0008379390928894281, 0.013699929229915142, -0.01969115249812603, 0.021075790748000145, 0.013726557604968548, 0.004679810721427202, 0.006813351996243, -0.0197843499481678, 0.010344845242798328, -0.038237314671278, -0.05155114457011223, 0.025682374835014343, -0.009412877261638641, -0.0011524782748892903, 0.0059645953588187695, 0.009126629680395126, -0.016535775735974312, 0.0015718638896942139, -0.004623226821422577, 0.003368398640304804, 0.0034149971324950457, 0.0010401428444311023, 0.0011233543045818806, 0.0037411858793348074, -0.007828530855476856, -0.017201466485857964, -0.06017850339412689, -0.0077486480586230755, -0.03714558109641075, -0.012927727773785591, -0.017467742785811424, -0.019544700160622597, -0.037385229021310806, -0.008560791611671448, 0.02628149837255478, -0.02835845574736595, -0.02570900321006775, 0.018785811960697174, 0.019744407385587692, -0.007941698655486107, 0.015044625848531723, 0.011556402780115604, 0.009100002236664295, -0.005891369190067053, -0.017960354685783386, -0.02905077487230301, 0.02443087473511696, -0.013992833904922009, 0.005175750702619553, -0.012135555036365986, -0.014658525586128235, 0.03810417652130127, 0.004100659396499395, -0.001978767802938819, 0.017108269035816193, 0.012881129048764706, 0.001411265810020268, -0.004536686930805445, 0.0025179777294397354, -0.04540015384554863, 0.0011949160834774375, 0.034615952521562576, -0.0011025514686480165, 0.01283453032374382, 0.010211706161499023, 0.0009461139561608434, 0.011476520448923111, -0.006976446136832237, -0.007981640286743641, 0.00549528282135725, -0.007941698655486107, 0.010817485861480236, -0.027719391509890556, -0.0025945324450731277, -0.015683690086007118, 0.0021019207779318094, -0.012348576448857784, 0.012488370761275291, 0.03616035729646683, 0.04092670977115631, 0.005049269646406174, -0.01638932339847088, 0.009512730874121189, -0.025349529460072517, -0.027506370097398758, -0.002389832166954875, 0.012268693186342716, -0.005601793527603149, -0.016336068511009216, 0.03067506104707718, -0.0016667249146848917, -0.037731390446424484, -0.02851822040975094, 0.025203077122569084, -0.011563059873878956, -0.002178475260734558, 0.005238991696387529, 0.004180542193353176, -0.019451502710580826, -0.022913098335266113, 0.0014603605959564447, 0.01766745001077652, -0.0022833216935396194, -0.008101464249193668, -0.018825754523277283, 0.013659988529980183, -0.002611174713820219, -0.010058597661554813, -0.015244334004819393, -0.03365735709667206, -0.0062475139275193214, 0.007915071211755276, 0.024404248222708702, 0.029476815834641457, -0.0038942948449403048, 0.023259257897734642, -0.02742648683488369, -0.004516716115176678, -0.0023964890278875828, -0.014738407917320728, -0.016855306923389435, 0.008334456942975521, 0.010278275236487389, 0.03919591009616852, 0.017081642523407936, 0.003255231073126197, 0.029290422797203064, 0.006969789043068886, 0.01294769812375307, 0.001958796987310052, 0.00241146725602448, -0.012914413586258888, -0.024098029360175133, 0.005971251986920834, 0.026081789284944534, 0.00531887449324131, 0.01814674772322178, -0.011156988330185413, 0.0015743601834401488, -0.005957938265055418, -0.006700184196233749, -0.005082554183900356, 0.009659182280302048, -0.02729334868490696, -0.021515147760510445, 0.003747842740267515, -0.00640727998688817, 0.002361540449783206, -0.0213154386729002, -0.014871546067297459, -0.004816277418285608, -0.009985371492803097, 0.020942652598023415, 0.0010076904436573386, 0.033071551471948624, 0.005501939449459314, 0.009652526117861271, 0.026747481897473335, 0.010651063174009323, -0.014804976992309093, 0.010171765461564064, -0.01052458118647337, -0.00023091171169653535, 0.015084567479789257, 0.018932264298200607, 0.01111704669892788, -0.018892323598265648, 0.008341114036738873, -0.015151136554777622, 0.026521146297454834, -0.03213958069682121, -0.03344433754682541, 0.007841845043003559, -0.0135201932862401, -0.0071961241774261, -0.022433800622820854, -0.033737242221832275, 0.027106955647468567, -0.025908710435032845, 0.014498759061098099, -0.008068179711699486, -0.006410608533769846, 0.014059402979910374, -0.001817337586544454, -0.03895626217126846, 0.015630435198545456, 0.022793274372816086, 0.01814674772322178, 0.01801360957324505, 0.0166955403983593, -0.004633212462067604, -0.017161525785923004, -0.0035847483668476343, 0.022380545735359192, -0.004969386383891106, 0.007156183011829853, 0.025043312460184097, 0.006686870474368334, -0.013833068311214447, -0.004639869090169668, 0.01523101981729269, -0.01722809486091137, -0.03932904824614525, 0.010704318061470985, 0.011835993267595768, -0.000806734780780971, 0.002359876176342368, -0.009399563074111938, -0.013280544430017471, 0.011243528686463833, -0.020023997873067856, 0.036639656871557236, -0.0003141231427434832, 0.006653585936874151, -0.026654284447431564, 0.049420930445194244, 0.010185078717768192, 0.021155674010515213, 0.012401831336319447, 0.0039042802527546883, -0.0073159486055374146, -0.01281455997377634, 0.008600733242928982, -0.011922533623874187, 0.003501537023112178, 0.0098921749740839, -0.017241407185792923, -0.009719095192849636, 0.014698466286063194, 0.013387054204940796, 0.02078288607299328, -0.02601522020995617, -0.03174016624689102, 0.02324594557285309, -0.029636582359671593, -0.01929173804819584, -0.004024104680866003, 0.0046198987402021885, -0.00700973067432642, 0.006254171021282673, -0.0026461235247552395, -0.010850770398974419, 0.01965121179819107, 0.02242048643529415, 0.026973817497491837, -0.010957281105220318, -0.009952086955308914, -0.009432847611606121, -0.0029007503762841225, -0.039621952921152115, -0.010331531055271626, -0.005248976871371269, 8.617583807790652e-05, -0.028411710634827614, -0.014472131617367268, -0.03142063692212105, -0.008008267730474472, 0.02448413148522377, -0.005595136433839798, 0.008707243949174881, -0.0005213196272961795, 0.04473446309566498, -0.03080819919705391, -0.005122495349496603, 0.007981640286743641, 0.02242048643529415, -0.023019609972834587, 0.03392363339662552, -0.008534164167940617, -0.018319828435778618, 0.015444041229784489, -0.0110970763489604, -0.007069643121212721, -0.023259257897734642, 0.01401946134865284, -0.016535775735974312, 0.007781932596117258, 0.0011158653069287539, -0.00800161063671112, 0.00870058685541153, 0.03160702809691429, -0.0369325615465641, -0.03450944274663925, 0.017001759260892868, -0.021967817097902298, 0.0056983185932040215, 0.022353917360305786, 0.021741481497883797, 0.0043336511589586735, -0.023858381435275078, 0.012668107636272907, 0.00386766716837883, -0.010644406080245972, -0.005914668552577496, 0.008534164167940617, -0.002458065515384078, -0.03442956134676933, -0.02645457722246647, -0.032059699296951294, -0.0029506771825253963, -0.014924801886081696, 0.0019637898076325655, 0.012122240848839283, 0.0001392751291859895, 0.011609658598899841, -0.01221543736755848, 0.02456401288509369, 0.023592105135321617, -0.00034657560172490776, -0.016868621110916138, -0.03275201842188835, -0.0013380397576838732, -0.027612879872322083, -0.0052656191401183605, 0.012009073048830032, 0.022167524322867393, 0.006084419786930084, -0.020023997873067856, -0.050086624920368195, -0.025775572285056114, -0.021302126348018646, 0.0018822425045073032, 0.002679408062249422, -0.004626555368304253, 0.009386248886585236, -0.007089613936841488, 0.022433800622820854, 0.05277601629495621, 0.012907756492495537, 0.010411414317786694, -0.00610771868377924, -0.03855684772133827, -0.00026502838591113687, 0.005525238811969757, -0.008906951174139977, -0.043669357895851135, -0.019717780873179436, 0.010351501405239105, -0.0001837932359194383, 0.01351353619247675, 0.020636433735489845, 0.015457355417311192, 0.026667598634958267, -0.004932773299515247, -0.022753333672881126, 0.0006952314870432019, 0.0171348974108696, 0.002068636007606983, 0.012029044330120087, -0.02870461530983448, 0.0018722570966929197, 0.02047666907310486, 0.006903219968080521, 0.011429921723902225, -0.028012296184897423, 0.003210296854376793, -0.0030305602122098207, -0.006147660315036774, -0.0037711418699473143, 0.0058148144744336605, -0.027532996609807014, -0.02641463652253151, -0.015617121011018753, -0.031127730384469032, -0.024324364960193634, 0.00832779984921217, 8.591580262873322e-05, 0.00695647532120347, 0.006733468733727932, 0.03235260397195816, 0.002068636007606983, 0.019185226410627365, 0.02763950824737549, -0.024364305660128593, -0.006929847877472639, -0.02052992396056652, 0.013114120811223984, -0.04843570664525032, -0.014059402979910374, 0.003431639401242137, -0.023671986535191536, 0.004346964880824089, -0.013287200592458248, 0.0050193131901323795, -0.0036080474965274334, -0.003861010307446122, -0.0037844558246433735, -0.01425911020487547, 0.0021967818029224873, 0.0014004483819007874, 0.0023781827185302973, -0.015350844711065292, -0.005022641737014055, -0.017614195123314857, -0.0034449531231075525, -0.016096418723464012, 0.020889397710561752, 0.012927727773785591, -0.0032851872965693474, 0.0055119250901043415, 0.2171751707792282, -0.004050732124596834, 0.03594733774662018, 0.03213958069682121, 0.0035148507449775934, -0.020250333473086357, -0.01846628077328205, -0.012408488430082798, 0.006683541927486658, 0.015404099598526955, 0.013300514779984951, 0.006490491330623627, 0.004703110083937645, -0.008420996367931366, -0.0017873814795166254, 0.002887436654418707, -0.04334982484579086, 0.015217705629765987, -0.03842370957136154, 0.017427802085876465, 0.0135201932862401, 0.0003846448380500078, -0.010491296648979187, -0.015297588892281055, 0.03919591009616852, -0.015297588892281055, -0.011356695555150509, 0.0164825189858675, 0.017294663935899734, 0.011549746617674828, 0.005248976871371269, -0.012368546798825264, 0.014192541129887104, -0.0018306514248251915, -0.023991519585251808, -0.022926412522792816, 0.014405562542378902, -0.005931310821324587, 0.0215417742729187, 0.03397689014673233, -0.018732557073235512, -0.025642434135079384, 0.02192787639796734, -0.030222391709685326, 0.010165108367800713, 0.013846381567418575, 0.011782738380134106, -0.024111343547701836, 0.004753036890178919, -0.001910534454509616, -0.017747333273291588, -0.01168954186141491, 0.02632143907248974, 0.022140897810459137, 0.009113315492868423, -0.007262693718075752, -0.011629628948867321, 0.004130615387111902, 0.034003518521785736, 0.027453115209937096, 0.0028524878434836864, 0.0047929780557751656, -0.010211706161499023, 0.0169218759983778, -0.04931442067027092, 0.016762109473347664, 0.004849561955779791, 0.03227271884679794, 0.028944263234734535, -0.027666136622428894, -0.028411710634827614, -0.020862769335508347, 0.007049672305583954, 0.0028574804309755564, -0.017813902348279953, -0.011942503973841667, 0.03397689014673233, 0.0221941526979208, 0.027226779609918594, 0.014418876729905605, -0.004307023715227842, 0.002456401474773884, -0.016535775735974312, -0.021634971722960472, -0.027985667809844017, -0.06608984619379044, 0.004936101846396923, 0.006141003221273422, -0.009712438099086285, -0.001320565352216363, 0.008600733242928982, -0.010564522817730904, -0.01726803556084633, -0.016841992735862732, -0.014378935098648071, 0.0068965633399784565, -0.006410608533769846, 0.00313707091845572, 0.020902710035443306, -0.0135201932862401, 0.01114367414265871, 0.019238483160734177, 0.008401026017963886, -0.0019671181216835976, 4.5818291255272925e-05, 0.0009186541428789496, 0.003501537023112178, 0.02584214136004448, 0.01990417391061783, -0.002408138709142804, -0.004889503587037325, -0.020343530923128128, -0.002314941957592964, 0.006214229390025139, 0.03892963379621506, 0.030967965722084045, -0.00784850213676691, -0.0364798903465271, 0.019584642723202705, -0.0026194958481937647, 0.010677690617740154, -0.008554134517908096, -0.0009294716292060912, 0.0003819404519163072, 0.004320337437093258, -0.0033234644215554, -0.008747185580432415, 0.0071228984743356705, 0.001092566060833633, -0.045559920370578766, 0.012428458780050278, 0.002616167301312089, 0.030834827572107315, 0.004546672571450472, -0.002090271096676588, 0.0060977335087955, 0.01806686446070671, -0.014139286242425442, 0.010997222736477852, -0.023259257897734642, -0.0003199479542672634, -0.0075822253711521626, 0.01784053072333336, -0.012361889705061913, 0.011130360886454582, 0.001431236625649035, 0.0008034063503146172, 0.0019438189920037985, -0.007755305152386427, -0.00844096764922142, 0.005209035240113735, -0.009086688049137592, -0.010278275236487389, -0.008034895174205303, 0.0378112718462944, -0.016455892473459244, -0.008367741480469704, -0.015390785411000252, 0.012049014680087566, 0.016988445073366165, -0.02633475326001644, -0.004892832133919001, 0.04667828232049942, 0.007722020614892244, -0.013440310023725033, -0.019131971523165703, -0.167860746383667, 0.01726803556084633, -0.007016387768089771, -0.01867930218577385, 0.006989759858697653, -0.01168954186141491, -0.01028493233025074, -0.01523101981729269, -0.01688193529844284, -0.012029044330120087, 0.02566906064748764, 0.013200661167502403, -0.015883397310972214, 0.03810417652130127, -0.0131873469799757, 0.0002010596072068438, -0.03275201842188835, 0.010118509642779827, 0.03155377507209778, -0.013194004073739052, 0.03810417652130127, -0.015923339873552322, 0.018785811960697174, -0.004976043477654457, 0.0013022588100284338, 0.014631897211074829, -0.008454280905425549, -0.007528970018029213, 0.0006507133948616683, -0.016708854585886, -0.01221543736755848, 0.00024131314421538264, 0.03829057142138481, -0.01823994517326355, 0.01340702548623085, 0.0006602826761081815, 0.009479446336627007, -0.008500879630446434, 0.015657061710953712, 0.009785664267838001, 0.0053255315870046616, 0.03520176187157631, -0.001004361896775663, 0.025868769735097885, 0.007688736077398062, 0.03264550864696503, 0.016495833173394203, -0.01294104102998972, 0.013686615973711014, -0.005957938265055418, 0.012741333805024624, -0.011576374061405659, -0.012588225305080414, -0.014884860254824162, 0.010784201323986053, 0.01254828367382288, -0.0248302910476923, -0.003518179291859269, -0.002025366062298417, -0.009020118974149227, 0.009605927392840385, -0.040979962795972824, 0.0014695138670504093, -0.01780058816075325, -0.04574631527066231, 0.008733871392905712, -0.01907871663570404, -0.026694227010011673, -0.013626703992486, 0.020902710035443306, -0.017960354685783386, -0.05131149664521217, 0.009352964349091053, 0.01806686446070671, 0.034083399921655655, -0.0034216539934277534, -0.01148983370512724, 0.01600322127342224, 0.014552014879882336, -0.025695689022541046, 0.00623087165877223, 0.02795903943479061, -0.01688193529844284, 0.01780058816075325, -0.012022387236356735, 0.01678873784840107, -0.012907756492495537, 0.008760498836636543, -0.017481056973338127, -0.010145137086510658, 0.03411002829670906, -0.00797498319298029, -0.0014170906506478786, -0.001362171140499413, 0.00409733084961772, 0.020489981397986412, 0.020583178848028183, -0.009499416686594486, -0.0036979159340262413, -0.026827365159988403, -0.01448544580489397, -0.014432189986109734, 0.0025828827638179064, 0.02087608352303505, 0.04324331507086754, 0.022886471822857857, -0.021129045635461807, -0.004669825546443462, 0.009945429861545563, -0.012714706361293793, -0.05511924996972084, 0.025855455547571182, 0.028065551072359085, 0.04625223949551582, 0.0032385888043791056, 0.02588208205997944, -0.002389832166954875, -0.014099344611167908, -0.020556550472974777, 0.004520044662058353, 0.05149788782000542, 0.005665034055709839, -0.014924801886081696, 0.006693527102470398, 0.008760498836636543, -0.0073159486055374146, -0.11854632943868637, -0.03182005137205124, 0.03815743327140808, 0.029210539534687996, -0.006706841289997101, 0.017813902348279953, -0.01594996638596058, 0.014578642323613167, -0.0292371679097414, 0.005248976871371269, -0.014472131617367268, -0.007182810455560684, -0.012881129048764706, -0.005961266811937094, 0.01496474351733923, 0.004383577965199947, -0.00659367348998785, 0.0007647130405530334, -0.011529775336384773, 0.021901248022913933, -0.013546820729970932, -0.022220779210329056, 0.0032202822621911764, 0.003554792143404484, -0.0148316053673625, -0.005062583368271589, -0.031713537871837616, 0.01682867854833603, 0.001982096116989851, 0.03411002829670906, 0.03304492309689522, -0.015404099598526955, 0.018346454948186874, -0.03498874232172966, -0.010244990698993206, 0.00918654166162014, -0.007209438364952803, 0.011350038461387157, 0.015151136554777622, -0.01705501414835453, -0.027399858459830284, -0.011183615773916245, 0.015989908948540688, -0.02355216257274151, -0.006114375777542591, -1.9853727280860767e-05, -0.015523924492299557, 0.020183764398097992, 0.021834678947925568, -0.021302126348018646, -0.021688226610422134, 0.01279458962380886, -0.012082299217581749, -0.025682374835014343, 0.01195581816136837, -0.015923339873552322, 0.004986028652638197, 0.0197843499481678, -0.023219317197799683, -0.019504759460687637, 0.016282811760902405, -0.024191226810216904, -0.007003074046224356, 0.0025812184903770685, 0.004753036890178919, -0.0034682522527873516, 0.012082299217581749, -0.009259767830371857, 0.00676009664312005, -0.015856768935918808, -0.02803892269730568, -0.004596599377691746, -0.020316902548074722, 0.03365735709667206, -0.02562911994755268, 0.018745871260762215, -0.013819754123687744, 0.001930505153723061, 0.015683690086007118, 0.004909474402666092, -0.006117704324424267, 0.0068965633399784565, -0.001115033170208335, -0.010005341842770576, 0.010225020349025726, 0.007249379530549049, 0.010797514580190182, 0.01991748809814453, 0.015204392373561859, -0.0474771112203598, -0.0399947427213192, 0.007961669936776161, -0.005824800115078688, -0.025615805760025978, -0.01630944013595581, -0.016376009210944176, 0.010451355017721653, 0.004666496999561787, 0.006373995449393988, -0.002661101520061493, -0.016242871060967445, 0.022793274372816086, -0.04699781537055969, 0.020103881135582924, 0.013739870861172676, -0.020583178848028183, -0.0009269753354601562, -0.01138332299888134, -0.014139286242425442, -0.0033567489590495825, -0.01682867854833603, -0.011835993267595768, -0.014405562542378902, -0.004110644571483135, -0.0004302030720282346, 0.02487023174762726, -0.0048329196870327, -0.006790052633732557, -0.007056328933686018, -0.02443087473511696, 0.022260721772909164, 0.004004133865237236, -0.009366278536617756, -0.00754894083365798, 0.0015951631357893348, 0.0034715807996690273, 0.0053954292088747025, 0.039488814771175385, 0.0024064744357019663, 0.01533753052353859, -0.015923339873552322, -0.028225315734744072, -0.016855306923389435, -0.03674616664648056, -0.009339651092886925, 0.0017208122881129384, -0.0064438930712640285, -0.00820131879299879, 0.02377849817276001, 0.019065402448177338, 0.014605269767343998, 0.016495833173394203, -0.008773813024163246, -0.0021867963951081038, 0.006537090055644512, -0.01388632319867611, 0.022740019485354424, 0.007901757024228573, -0.029530072584748268, 0.015257647261023521, 0.002547933952882886, 0.03525501862168312, 0.013020924292504787, 0.012022387236356735, -0.02790578454732895, -0.03182005137205124, -0.008287858217954636, -0.030275646597146988, 0.003638003719970584, -0.006996416952461004, -0.007781932596117258, -0.02544272691011429, 0.006393966265022755, -0.003090472426265478, 0.027146896347403526, -0.01740117371082306, 0.021648285910487175, 0.027346603572368622, -0.017294663935899734, 0.014765036292374134, 0.03895626217126846, 0.01377981249243021, -0.014911487698554993, 0.017374547198414803, 0.0199973713606596, -0.005615107249468565, 0.02066306211054325, 0.014272424392402172, 0.00035822519566863775, -0.012674764730036259, -0.013207318261265755, 0.029290422797203064, 0.022873157635331154, -0.01533753052353859, -0.03682604804635048, 0.01885238103568554, 0.01591002568602562, 0.032059699296951294, 0.01898551918566227, 0.0030305602122098207, -0.020503295585513115, -0.005458669736981392, -0.02505662478506565, 0.003611376043409109, -0.001750768511556089, 0.024710465222597122, 0.024324364960193634, 0.02047666907310486, 0.0032402530778199434, 0.011902562342584133, -0.002983961720019579, 0.027399858459830284, 0.009659182280302048, 0.0004988525179214776, 0.012375203892588615, -0.0017191481310874224, -0.02614836022257805, 0.01982429064810276, -0.007382518146187067, 0.0039908201433718204, 0.01604316383600235, -0.008407683111727238, -0.01004528347402811, -0.010917339473962784, -0.015191078186035156, -0.0017407831037417054, -0.009219826199114323, -0.013480251654982567, 0.003047202480956912, -0.004916131030768156, -0.03200644254684448, 0.020063940435647964, 0.02469715289771557, 0.012401831336319447, -0.012082299217581749, -0.00717615382745862, -0.0020053954795002937, 0.017907099798321724, -0.011642943136394024, -0.022034386172890663, 0.007276007439941168, -0.0026061818934977055, 0.00016080608475022018, 0.00029935312340967357, -0.013819754123687744, -0.014751722104847431, 0.012481714598834515, 0.0001524849358247593, -0.028411710634827614, 0.004639869090169668, -0.019278423860669136, 0.07599533349275589, -0.008853696286678314, -0.02984960377216339, -0.01921185478568077, 0.01898551918566227, 0.016242871060967445, 0.012688078917562962, 0.03882312402129173, -0.014179227873682976, -0.013227288611233234, 0.032192837446928024, 0.0006161806522868574, 0.02210095524787903, -0.03107447549700737, -0.015590493567287922, 0.007003074046224356, 0.0017258049920201302, 0.013580105267465115, 0.005288918502628803, 0.005045941099524498, 0.024976741522550583, 0.00859407614916563, 0.015191078186035156, 0.0020153808873146772, -0.012195467017591, -0.011782738380134106, 0.009226483292877674, 0.0027176851872354746, -0.016429264098405838, -0.03661302849650383, 0.009146600030362606, 0.0189056359231472, -0.03477571904659271, -0.015177764929831028, 0.009339651092886925, 0.020183764398097992, 0.013207318261265755, 0.009825605899095535, 0.02562911994755268, -0.006017850711941719, 0.015084567479789257, 0.01942487619817257, -0.021342067047953606, -0.018892323598265648, 0.0120889563113451, -0.01766745001077652, -0.003634675173088908, 0.01243511587381363, -0.014884860254824162]"
19105,"Problem with initiating base with child class while working with python-attrs module<p>I'm trying to create Model class with <a href=""https://www.attrs.org/en/stable/"" rel=""nofollow noreferrer"">attrs</a> module. In my script <code>CollectionModel</code> class is inherited in <code>User</code> class. So logically all the attributes in the <code>CollectionModel</code> should be available in the <code>User</code>. But while trying to create a new instance of User from dictionary (it is possible with attrs) it shows that attributes of <code>CollectionModel</code> are not present in the <code>User</code></p>
<p>My Script:</p>
<pre class=""lang-py prettyprint-override""><code>from bson import ObjectId
from attrs import asdict, define, field, validators, Factory
import time


@define
class CollectionModel:
    &quot;&quot;&quot; Base Class For All Collection Schema&quot;&quot;&quot;
    _id : str =   field(converter=str, default=Factory(ObjectId))
    _timestamp : float = field(default=Factory(time.time))

    def get_dict(self):
        return asdict(self)

    def update(self):
        self._timestamp = time.time()

@define
class User(CollectionModel):
    
    username : str = field(factory = str, validator=validators.instance_of(str)) 
    userType : str = field(factory = str, validator=validators.instance_of(str)) 
    password : str = field(factory = str, validator=validators.instance_of(str))



user_object = User()
new_user_object = User(**asdict(user_object))

</code></pre>
<p>Here, I'm trying to create a new User object from the <code>user_object</code>. It shows the following error.</p>
<pre><code>TypeError: User.__init__() got an unexpected keyword argument '_id'
</code></pre>
<p>I guessed that the parent class is not initiated at first. So I tried to initiate it with the <code>super()</code> function and according to attrs documentation it should be done with <code>__attrs_pre_init__</code>. From the documentation:</p>
<blockquote>
<p>The sole reason for the existence of <code>__attrs_pre_init__</code> is to give
users the chance to call <code>super().__init__()</code>, because some
subclassing-based APIs require that.</p>
</blockquote>
<p>So the modified child class becomes like this.</p>
<pre class=""lang-py prettyprint-override""><code>@define
class User(CollectionModel):
    
    username : str = field(factory = str, validator=validators.instance_of(str)) 
    userType : str = field(factory = str, validator=validators.instance_of(str)) 
    password : str = field(factory = str, validator=validators.instance_of(str))

    def __attrs_pre_init__(self):
        super().__init__()
</code></pre>
<p>But the problem still remains. Am I doing the OOP in the wrong way? Or is it just a bug of <strong>attrs</strong> module?</p>
",Possible duplicate of [how to compare equals '=' in javascript](http://stackoverflow.com/questions/34760522/how-to-compare-equals-in-javascript),"Embed Field: Problem with initiating base with child class while working with python-attrs module<p>I'm trying to create Model class with <a href=""https://www.attrs.org/en/stable/"" rel=""nofollow noreferrer"">attrs</a> module. In my script <code>CollectionModel</code> class is inherited in <code>User</code> class. So logically all the attributes in the <code>CollectionModel</code> should be available in the <code>User</code>. But while trying to create a new instance of User from dictionary (it is possible with attrs) it shows that attributes of <code>CollectionModel</code> are not present in the <code>User</code></p>
<p>My Script:</p>
<pre class=""lang-py prettyprint-override""><code>from bson import ObjectId
from attrs import asdict, define, field, validators, Factory
import time


@define
class CollectionModel:
    &quot;&quot;&quot; Base Class For All Collection Schema&quot;&quot;&quot;
    _id : str =   field(converter=str, default=Factory(ObjectId))
    _timestamp : float = field(default=Factory(time.time))

    def get_dict(self):
        return asdict(self)

    def update(self):
        self._timestamp = time.time()

@define
class User(CollectionModel):
    
    username : str = field(factory = str, validator=validators.instance_of(str)) 
    userType : str = field(factory = str, validator=validators.instance_of(str)) 
    password : str = field(factory = str, validator=validators.instance_of(str))



user_object = User()
new_user_object = User(**asdict(user_object))

</code></pre>
<p>Here, I'm trying to create a new User object from the <code>user_object</code>. It shows the following error.</p>
<pre><code>TypeError: User.__init__() got an unexpected keyword argument '_id'
</code></pre>
<p>I guessed that the parent class is not initiated at first. So I tried to initiate it with the <code>super()</code> function and according to attrs documentation it should be done with <code>__attrs_pre_init__</code>. From the documentation:</p>
<blockquote>
<p>The sole reason for the existence of <code>__attrs_pre_init__</code> is to give
users the chance to call <code>super().__init__()</code>, because some
subclassing-based APIs require that.</p>
</blockquote>
<p>So the modified child class becomes like this.</p>
<pre class=""lang-py prettyprint-override""><code>@define
class User(CollectionModel):
    
    username : str = field(factory = str, validator=validators.instance_of(str)) 
    userType : str = field(factory = str, validator=validators.instance_of(str)) 
    password : str = field(factory = str, validator=validators.instance_of(str))

    def __attrs_pre_init__(self):
        super().__init__()
</code></pre>
<p>But the problem still remains. Am I doing the OOP in the wrong way? Or is it just a bug of <strong>attrs</strong> module?</p>; Answer: Possible duplicate of [how to compare equals '=' in javascript](http://stackoverflow.com/questions/34760522/how-to-compare-equals-in-javascript)","[0.00101472029928118, 0.00408687349408865, -0.019692571833729744, -0.030007729306817055, -0.017607146874070168, 0.01711728237569332, 0.016599424183368683, -0.017719116061925888, -0.031799234449863434, -0.019244695082306862, 0.0075439210049808025, -0.011224905960261822, -0.009699326939880848, 0.008579635061323643, -0.014555987901985645, -0.013443294912576675, 0.00413935910910368, -0.005245054606348276, -0.0029689318034797907, 0.011672782711684704, -0.0014748434768989682, 0.014325051568448544, -0.013408304192125797, -0.006357747595757246, -0.012036683037877083, 0.01848890446126461, 0.014611972495913506, -0.022897688671946526, -0.006291266065090895, 0.011609800159931183, 0.012890446931123734, 0.004849663469940424, -0.020322399213910103, -0.028496146202087402, -0.029055992141366005, -0.010308158583939075, 0.003376569366082549, -0.025584949180483818, 0.048930514603853226, 0.00882456824183464, 0.02804826945066452, 0.007858834229409695, -0.012071672827005386, -0.006273770704865456, -0.032974909991025925, 0.02900000661611557, 0.011868729256093502, -0.021274136379361153, 0.009517377242445946, 0.006452221889048815, 0.015885621309280396, 0.03188321366906166, -0.028006281703710556, 0.006448722444474697, 0.0022883692290633917, -0.028972014784812927, 0.02179199457168579, 0.030203675851225853, -0.002424831734970212, -0.004958133678883314, 0.01783108524978161, 0.01423407718539238, -0.027964292094111443, -0.0048916516825556755, -0.027572400867938995, 0.004926642403006554, 0.0009036259725689888, 0.016865352168679237, 0.001676912885159254, 0.018754830583930016, 0.027796339243650436, 0.0076698861084878445, -0.00795680657029152, 0.0025980339851230383, 0.021750004962086678, -0.0011608051136136055, -0.006088322028517723, -0.003140384564176202, -0.006858109962195158, -0.017033305019140244, 0.0003719912201631814, -0.0021431592758744955, -0.030035721138119698, 0.025738906115293503, 0.015437745489180088, 0.014374038204550743, 0.012463564984500408, 0.008215735666453838, -0.011840736493468285, -0.0027677372563630342, 0.007879828102886677, -0.0022376333363354206, 0.03633398562669754, 0.011448844335973263, 0.01412210799753666, 0.009097492322325706, -0.0024685696698725224, 0.03165927529335022, -0.003581262892112136, -0.023317573592066765, 0.0025315522216260433, 0.008831566199660301, -0.01275048591196537, -0.022113904356956482, 0.0011293137213215232, -0.0014765930827707052, 0.014416026882827282, 0.007215011399239302, 9.03735272004269e-05, -0.0068091233260929585, -0.019804541021585464, 0.029475877061486244, -0.010322155430912971, -0.015689676627516747, 0.0008826317498460412, -0.02155406028032303, -0.01109894085675478, -0.022589774802327156, -0.01243557222187519, 0.025556955486536026, 0.02219788171350956, 0.02359749563038349, 0.004149856045842171, -0.02764238230884075, 0.012512551620602608, -0.020966220647096634, -0.015885621309280396, 0.022491801530122757, -0.00571042625233531, -0.020000487565994263, 0.044339779764413834, 0.003701979760080576, 0.015675678849220276, 0.012463564984500408, -0.02464720606803894, 0.009202463552355766, -0.0013576258206740022, 0.0005449748132377863, -0.0019209705060347915, -0.017271239310503006, 0.017481181770563126, 0.021400101482868195, 0.011959703639149666, -0.008649616502225399, -0.00806877575814724, 0.030735528096556664, -0.000957861018832773, -0.004002896603196859, 0.012946431525051594, 0.0021484079770743847, 0.019622592255473137, 0.023205604404211044, -0.010658062994480133, -0.01584363356232643, -0.010525099001824856, 0.014849906787276268, -0.021694021299481392, -0.0013208859600126743, 0.02335956133902073, -0.022547785192728043, 0.04405985772609711, 0.023723460733890533, -0.011231903918087482, -0.02190396375954151, -0.02037838287651539, 0.016739387065172195, 0.019398653879761696, -0.02443726547062397, -0.015871625393629074, 0.002895452082157135, 0.00829271413385868, 0.008642617613077164, -0.01687934808433056, -0.002697756513953209, -0.006371743977069855, -0.006287767086178064, 0.007019065320491791, 0.013478285633027554, -0.024507245048880577, -0.021694021299481392, -0.0259348526597023, 0.0015876874094828963, 0.011119935661554337, 0.04075676575303078, -0.030091706663370132, -0.004569740500301123, 0.002276122570037842, -0.00285346363671124, -0.0005226684734225273, 0.03311487287282944, 0.039245184510946274, 0.03280695900321007, 0.001800253870896995, -0.028720084577798843, -0.5956758260726929, -0.007075049914419651, 0.0023426043335348368, -0.034458503127098083, -0.014038130640983582, 0.0001354782871203497, -0.013933160342276096, -0.02093822881579399, -0.03485039621591568, 0.026074813678860664, -0.043528001755476, 0.021819986402988434, 0.013450292870402336, -0.0006429477944038808, 0.003611004678532481, -0.013205360621213913, 0.026382729411125183, -0.06376642733812332, 0.007851836271584034, 0.005482988897711039, -0.011063951067626476, 0.01963658817112446, -0.002608531154692173, 0.004965131636708975, -0.027670374140143394, -0.007529924623668194, -0.014933884143829346, 0.004989624954760075, 0.027278481051325798, 0.026186782866716385, -0.03132336586713791, 0.01584363356232643, 0.02474517934024334, -0.008033785969018936, 0.0630946084856987, -0.007078548893332481, -0.007529924623668194, 0.04067279025912285, -0.017103286460042, 0.02877606824040413, 0.01763513870537281, 0.0014660959132015705, 0.010224182158708572, -0.006333254277706146, 0.014087117277085781, 0.0005685932701453567, -0.008922540582716465, 0.0045417482033371925, 0.03602607175707817, -0.013688227161765099, -0.0032156137749552727, -0.004615228157490492, -0.002363598672673106, 0.0018684850074350834, 0.03588610887527466, 0.0003096646396443248, 0.0015938107389956713, 0.012456567026674747, 0.007872830145061016, -0.009335426613688469, 0.0023740956094115973, 0.01605357602238655, 0.002489563776180148, 0.006137308664619923, -0.004706203006207943, 0.012225630693137646, -0.022267863154411316, 0.02272973582148552, -0.001121440902352333, -0.02624276652932167, 0.008936537429690361, 0.0031053940765559673, -0.04299614951014519, -0.0006827493198215961, 0.004688707645982504, 0.02953186072409153, 0.00977630540728569, -0.003483290085569024, -0.009454394690692425, 0.01385618094354868, 0.016641413792967796, 0.005979851819574833, -0.009279442951083183, -0.012897444888949394, 0.027544409036636353, -0.005217062309384346, -0.013275341130793095, 0.015983594581484795, 5.901205440750346e-06, -0.0018334946362301707, 0.010077222250401974, 0.03275097534060478, -0.014430022798478603, -0.010812019929289818, -0.005773408804088831, 0.006872105877846479, -0.0061198133043944836, 0.012778477743268013, 0.013569260016083717, -0.018222978338599205, -0.015325776301324368, 0.0077608609572052956, -0.019804541021585464, -0.008586633019149303, 0.015647687017917633, -0.004797177854925394, -0.006721647456288338, 0.0226177666336298, 0.013051402755081654, -0.0378175787627697, -0.007816845551133156, -0.011665784753859043, -0.006882603280246258, 0.021330121904611588, -0.0035480221267789602, -0.040644798427820206, 0.01264551468193531, -0.009657338261604309, 0.004930141381919384, 0.0028604615945369005, -0.003168376861140132, 0.018656857311725616, -6.609896809095517e-05, 0.0021973943803459406, -0.006872105877846479, 0.012981422245502472, -0.006347250659018755, -0.01892278529703617, -0.0013515024911612272, 0.013954154215753078, -0.0028114751912653446, -0.007830841466784477, -0.00276073906570673, -0.003184122499078512, 0.01902075856924057, 0.011126933619379997, 0.02285570092499256, -0.011091942898929119, 0.014416026882827282, 0.021190159022808075, 0.012176644057035446, 0.008320706896483898, 0.005696429871022701, 0.0019262190908193588, -0.02443726547062397, -0.007984799332916737, -0.030735528096556664, -0.008460667915642262, -0.034794408828020096, 0.005350025370717049, -0.014248073101043701, -0.03633398562669754, -0.02060232125222683, 0.0014109860640019178, -0.013191364705562592, -0.0162495207041502, -0.001996199833229184, -0.022575777024030685, 0.0029164461884647608, 0.004296815954148769, -0.007613901514559984, 0.0357181541621685, -0.04299614951014519, 0.005045609548687935, -0.014905891381204128, -0.005136584397405386, -0.03387066349387169, 0.03686583787202835, -0.011707773432135582, -0.03518630191683769, -0.02930792234838009, -0.014667957089841366, -0.01275048591196537, -0.009279442951083183, -0.0016620418755337596, 0.008642617613077164, -0.04792279377579689, 0.019678575918078423, -0.018236974254250526, -0.0010330902878195047, -0.0023618489503860474, 0.018083015456795692, 0.007166024763137102, -0.025626936927437782, 0.004457771312445402, 0.0003750528849195689, 0.006742641795426607, 0.01743919402360916, -0.0017626391490921378, 0.05298939719796181, 0.011462841182947159, 0.0017792596481740475, -0.016935331746935844, -0.0073199826292693615, -0.011301885358989239, -0.017789097502827644, 0.006392738316208124, 0.01963658817112446, -0.009027511812746525, 0.04411584138870239, -0.001167803187854588, 0.036809854209423065, 0.043388042598962784, -0.01424107514321804, 0.017873074859380722, -0.025305025279521942, -0.00972032081335783, 0.006186294835060835, 0.021764000877738, 0.005122588016092777, 0.02145608700811863, 0.0043073128908872604, -0.01795705035328865, -0.040084950625896454, 0.0014433522010222077, -0.002802727511152625, 0.0008804448298178613, 0.011952705681324005, 0.005745416507124901, 0.0071065411902964115, -0.010777030140161514, 0.01605357602238655, 0.014569984748959541, 0.012498555704951286, -0.010812019929289818, -0.0006175797898322344, 0.013422301039099693, -0.009300436824560165, 0.01268750336021185, -0.03527027741074562, -0.007781855296343565, -0.010658062994480133, 0.014793922193348408, 0.0004496260662563145, 0.02208591252565384, -0.006410233210772276, 0.057300206273794174, -0.01100096758455038, -0.0005843389662913978, -0.021204156801104546, 0.01556371059268713, 0.010819017887115479, 0.00020666178897954524, -0.009041507728397846, 0.03697780892252922, 0.014115110039710999, 0.0344025194644928, 0.0014695950085297227, -0.03247104957699776, 0.024367284029722214, -0.0006381366401910782, -0.0015553213888779283, -0.010434124618768692, -0.007326980587095022, 0.0010602078400552273, -0.011084944941103458, -0.00016434532881248742, 0.03843340650200844, 0.015577706508338451, 0.022393828257918358, -0.002507059136405587, -0.03664189949631691, 0.01375120971351862, 0.0038804304786026478, 0.04112066701054573, 0.00708904629573226, -0.04098070412874222, -0.012813468463718891, -0.011021962389349937, -0.010000243782997131, -0.053717195987701416, -0.05321333557367325, -0.008320706896483898, -0.023443538695573807, 0.031211398541927338, 0.010119210928678513, 0.003750966163352132, 0.011973699554800987, 0.023961396887898445, 0.00139436568133533, -0.019902514293789864, -0.011028960347175598, 0.0029269433580338955, 0.010895997285842896, 0.020448364317417145, -0.009083496406674385, -0.03482240438461304, 0.018628865480422974, 0.012190639972686768, 0.034794408828020096, 0.00690359715372324, 0.00417085038498044, 0.016753382980823517, -0.018306953832507133, -0.010406131856143475, 0.0046117291785776615, 0.039693061262369156, -0.000850703043397516, -0.016179541125893593, 0.016515448689460754, -0.006714649498462677, 0.029615838080644608, -0.023835429921746254, 0.016011586412787437, 0.03017568401992321, 8.24460294097662e-05, -0.003817447926849127, -0.014961875975131989, -0.004510256927460432, -0.013877175748348236, 0.02590685896575451, -0.006882603280246258, -0.00999324582517147, 0.027544409036636353, -0.0032121147960424423, 0.007648891769349575, 0.00414635706692934, -0.007263998035341501, 0.02134411782026291, 0.007452945690602064, -0.012631518766283989, -0.051057927310466766, -0.034486494958400726, 0.008131759241223335, 0.019188711419701576, 0.027264485135674477, -0.017285235226154327, 0.01556371059268713, -0.043192096054553986, 0.0024825658183544874, 0.014157097786664963, -0.0057524144649505615, 0.018964773043990135, -0.008992522023618221, -0.03233109042048454, -0.007872830145061016, 0.0030826504807919264, 0.015367764048278332, 0.011819742619991302, 0.0252770334482193, 0.012722493149340153, -0.03286294266581535, -0.010616074316203594, -0.02772635780274868, 0.003374819876626134, -0.006714649498462677, 0.030007729306817055, 0.022575777024030685, 0.002006697002798319, 0.023415546864271164, 0.009272444061934948, 0.004996622912585735, 0.010965977795422077, -0.012330601923167706, 0.010287164710462093, 0.015591702423989773, 0.02219788171350956, 0.013156373985111713, 0.007480937987565994, 0.03664189949631691, 0.018880795687437057, 0.03451448678970337, 0.0022218876983970404, 0.004366796463727951, 0.044983603060245514, 0.025780893862247467, -0.00015865940076764673, 0.00038336310535669327, 0.009601353667676449, 0.0008690729737281799, -0.004009895026683807, -0.022575777024030685, 0.001570192282088101, -0.01591361314058304, -0.020238421857357025, -0.008348698727786541, -0.036166030913591385, 0.002253378974273801, 0.029615838080644608, -0.01603958010673523, 0.0042548272758722305, -0.05005020648241043, 0.009118487127125263, -0.009496382437646389, -0.03697780892252922, -0.032890934497117996, 0.017565159127116203, 0.014555987901985645, 0.008362695574760437, 0.007452945690602064, -0.0143460463732481, 0.013821191154420376, -0.011028960347175598, 0.024087361991405487, 0.02063031494617462, -0.004650218412280083, -0.02421332709491253, -0.015199811197817326, 0.03291892632842064, 0.01247756090015173, -0.011406856589019299, -0.0024283307138830423, 0.007753862999379635, -0.004202341660857201, -0.002111667999997735, -0.03227510303258896, -0.013254347257316113, -0.0060393353924155235, -0.00427232263609767, 0.026690643280744553, -0.005017617251724005, 0.013996142894029617, -0.009496382437646389, 0.032890934497117996, 0.016221528872847557, -0.00042644498171284795, -0.0010602078400552273, -0.01721525564789772, 0.026312747970223427, 0.017453189939260483, -0.01816699281334877, 0.039889007806777954, -0.01009121909737587, -0.0036389969754964113, -0.015703672543168068, -0.0040483842603862286, -0.032555028796195984, -0.008565639145672321, -0.013835187070071697, 0.008978525176644325, -0.02676062472164631, 0.029279930517077446, -0.01913272775709629, -0.007648891769349575, 0.00871259905397892, -0.030679544433951378, 0.01750917360186577, -0.01783108524978161, -0.014171094633638859, 0.0016270516207441688, -0.013576257973909378, 0.04316410422325134, -0.017873074859380722, -0.006774133071303368, 0.0059763528406620026, -0.021596048027276993, 0.03081950545310974, 0.0190067607909441, -0.009482386521995068, 0.018292957916855812, 0.023723460733890533, -0.01871284283697605, 0.003350326558575034, -0.010875002481043339, -0.008817569352686405, 0.015157822519540787, 0.014639965258538723, -0.03868533670902252, -0.016809366643428802, 0.012876451015472412, -0.005916869267821312, 0.011378863826394081, 0.0014783425722271204, 0.014486007392406464, -0.001531702815555036, -0.02453523874282837, -0.022813713178038597, -0.05044209584593773, 0.0069630807265639305, -0.022365836426615715, -0.03711777180433273, 0.008971527218818665, -0.0016804118640720844, 0.003192869946360588, 0.009566363878548145, 0.014555987901985645, -0.02209990844130516, -0.026634659618139267, -0.009629346430301666, 0.01584363356232643, -0.0006875604740343988, 0.03039962239563465, 0.024311300367116928, 0.016011586412787437, 0.018418923020362854, -0.02187597006559372, 0.024395275861024857, -0.00822973158210516, 0.026158791035413742, 0.02824421599507332, 0.005514480173587799, -0.00839768536388874, -0.01529778353869915, -0.0017775101587176323, -0.0009954756824299693, 0.0023023653775453568, 0.00971332285553217, -0.022449811920523643, 0.003210365306586027, 0.020322399213910103, -0.0305955670773983, 0.006599181331694126, -0.039469122886657715, -0.030735528096556664, -0.009384413249790668, -0.0006613177247345448, -0.010909993201494217, 0.0069350884296, -0.053605224937200546, -0.0008091519703157246, 0.0223238468170166, -0.02177799865603447, -0.003873432520776987, -0.005234557203948498, 0.012078670784831047, -0.009846285916864872, 0.024381279945373535, -0.013415303081274033, 0.012932435609400272, -0.002319860737770796, 0.007417955435812473, -0.020434368401765823, -0.007550918962806463, -0.009587357752025127, -0.016095563769340515, 0.02039237879216671, 0.008047781884670258, -0.014695949852466583, -0.012939433567225933, 0.04660715535283089, 0.0021169164683669806, -0.0064592198468744755, 0.0006788129103370011, -0.01763513870537281, -0.0012946431525051594, -0.031491320580244064, -0.030959466472268105, -0.042128387838602066, 0.021162167191505432, 0.026830606162548065, 0.014569984748959541, 0.00554947042837739, -0.0010462116915732622, -0.01977654919028282, 0.023345565423369408, -0.00843967404216528, 0.06376642733812332, -0.008488660678267479, 0.02306564338505268, 0.04302414134144783, -0.009286440908908844, 0.01104995422065258, -0.00019354041432961822, 0.030651552602648735, 0.006042834371328354, 0.029503868892788887, -0.003530526999384165, -0.009909268468618393, 0.0004389102687127888, -0.019300680607557297, -0.02219788171350956, -0.023751454427838326, 0.003701979760080576, 0.03792954608798027, 0.0015028357738628983, 0.025011107325553894, -0.0015430747298523784, -0.0007146780262701213, -0.028328193351626396, -0.0017337721074, -0.005839890334755182, -0.011700775474309921, -0.008586633019149303, -0.006637670565396547, -0.053073372691869736, 0.03275097534060478, 0.01623552478849888, 0.04366796463727951, 0.010378140024840832, 0.006056830752640963, -0.012330601923167706, -0.008474664762616158, 0.016081567853689194, -0.0022113905288279057, 0.010532096959650517, 0.01869884692132473, -0.019244695082306862, 0.0027327467687427998, 0.005126086995005608, 0.00411486579105258, -0.01529778353869915, -0.02377944625914097, -0.003581262892112136, 0.03784557059407234, -0.013583255931735039, -0.003869933309033513, -0.004478765651583672, 0.017985044047236443, -0.02285570092499256, 0.022239871323108673, -0.02018243819475174, -0.01881081610918045, 0.00587488105520606, -0.023639485239982605, 0.013674231246113777, 0.01666940562427044, 0.005811898037791252, -0.001505460124462843, -0.02293967828154564, -0.010609076358377934, 0.008061777800321579, -0.010728043504059315, -0.03529827296733856, -0.02983977645635605, -0.026158791035413742, -0.03168726712465286, 0.008040783926844597, 0.02168002538383007, -0.028860045596957207, 0.009699326939880848, 0.025207052007317543, 0.012218632735311985, -0.014213082380592823, 0.01785907708108425, 0.013282339088618755, -0.0021711515728384256, -0.017663132399320602, 0.012652512639760971, -0.008614625781774521, -0.017929058521986008, 0.030539583414793015, 0.011280890554189682, -0.04039286822080612, -0.02866409905254841, 0.001622677780687809, 0.008264722302556038, -0.004853162448853254, -0.026816608384251595, 0.015535717830061913, 0.012442571111023426, 0.03174325078725815, -0.03493437170982361, -0.03493437170982361, 0.014597976580262184, 0.009027511812746525, 0.023023653775453568, -0.0033853170461952686, 0.003817447926849127, 0.0024160840548574924, -0.006095319986343384, 0.018964773043990135, -0.005650942679494619, -0.030203675851225853, 0.017481181770563126, -0.010609076358377934, -0.0006197667098604143, 0.010056228376924992, -0.0039574094116687775, -0.04235232621431351, -0.025584949180483818, -0.020742284134030342, 0.00997924990952015, -0.008145755156874657, -0.00017845082038547844, -0.007445947732776403, 0.01657143235206604, 0.007022564299404621, 0.02495512180030346, -0.014199086464941502, -0.010944983921945095, -0.028720084577798843, -0.0066831582225859165, -0.02187597006559372, -0.013989144004881382, 0.008908544667065144, 0.04229634255170822, 0.018852803856134415, -0.023401550948619843, -0.0191047340631485, -0.020224425941705704, -0.037649624049663544, 0.014213082380592823, -0.029811782762408257, -0.0029881764203310013, 0.024311300367116928, 0.018614869564771652, 0.013597252778708935, 0.01762114278972149, 0.007019065320491791, 0.01296042837202549, -0.03294691815972328, 0.01657143235206604, 0.005364021752029657, 0.013765206560492516, 0.0014118609251454473, -0.011763758026063442, -0.026536686345934868, -0.025640932843089104, 0.012729492038488388, -0.004513755906373262, 0.02389141544699669, 0.019706569612026215, 0.01878282241523266, -0.013114385306835175, 0.006872105877846479, 0.005171574652194977, 0.005447998642921448, -0.0070960442535579205, 0.03482240438461304, -0.018306953832507133, -0.03739769384264946, 0.022715739905834198, -0.001004223246127367, 0.010728043504059315, -0.03132336586713791, 0.006046333350241184, -0.02274373173713684, 0.02687259390950203, 0.01881081610918045, -0.006011343095451593, 0.009566363878548145, -0.026606667786836624, 0.038713328540325165, 0.014199086464941502, 0.023093635216355324, 0.04302414134144783, -0.0054724919609725475, 0.009300436824560165, -0.024619214236736298, 0.019622592255473137, 0.006025339476764202, -0.019244695082306862, 0.011462841182947159, -0.028132246807217598, 0.012792474590241909, -0.014213082380592823, 0.018670853227376938, -0.028860045596957207, 0.0035532705951482058, -0.013240350410342216, -0.02592085674405098, -0.02165203168988228, 0.012932435609400272, -0.027866320684552193, -0.009097492322325706, 0.029811782762408257, 0.009279442951083183, -0.0016130554722622037, -0.012204635888338089, -0.031295374035835266, 0.0042548272758722305, 0.0008590132347308099, 0.0069350884296, -0.00032344210194423795, -0.0005773408920504153, -0.02040637657046318, 0.0036599913146346807, 0.029923751950263977, -0.0023653481621295214, -0.006641169544309378, 0.19975294172763824, 0.0030651551205664873, 0.013149376027286053, 0.009678332135081291, -0.0020924233831465244, -0.011644790880382061, 0.02666265144944191, 0.0007846587686799467, -0.038517385721206665, 0.015143826603889465, 0.007963805459439754, -0.0037824574392288923, -0.006266772747039795, 0.0010278417030349374, -0.00818074494600296, 0.012771479785442352, -0.01573166437447071, -0.020322399213910103, -0.016641413792967796, -0.011021962389349937, 0.020322399213910103, -0.009006517939269543, -0.028300199657678604, -0.032443057745695114, 0.00961534958332777, -0.016081567853689194, 0.02037838287651539, 0.004261825233697891, 0.01104995422065258, 0.010714046657085419, -0.029559852555394173, 0.011609800159931183, 0.010909993201494217, -0.01115492545068264, -0.03051159158349037, -0.020770275965332985, 0.004919643979519606, 6.05770546826534e-05, -0.005514480173587799, 0.011399857699871063, 0.025249041616916656, -0.013625244610011578, 0.0357181541621685, -0.009370417334139347, -0.006823119707405567, -0.001161679858341813, -0.009412406012415886, -0.0006289516459219158, 0.02229585498571396, 0.035634178668260574, -0.027278481051325798, -0.030875490978360176, -0.01031515747308731, 0.0048181721940636635, 0.007648891769349575, -0.0034343034494668245, 0.016193537041544914, 0.00029654326499439776, -0.001713652745820582, 0.011539819650352001, -0.005399012006819248, 0.03697780892252922, 0.011672782711684704, 0.023317573592066765, -0.005944861564785242, -0.005881879013031721, -0.03949711471796036, -0.040000975131988525, -0.006574688013643026, -0.02240782417356968, -0.00988127663731575, -0.019174715504050255, 0.004933640360832214, 0.005559967830777168, -0.020560333505272865, -0.03090348280966282, 0.009013515897095203, 0.008152753114700317, 0.01764913648366928, 0.02643871307373047, -0.022673750296235085, -0.00017003125685732812, -0.014933884143829346, 0.029279930517077446, -0.013982146047055721, -0.03303089737892151, 0.0042758216150105, -0.0077608609572052956, -0.00576291186735034, -0.026312747970223427, -0.005364021752029657, 0.00966433621942997, 0.00417085038498044, 0.011889723129570484, -0.02453523874282837, -0.0005852137110196054, -0.010133206844329834, 0.03196718916296959, -0.00987427867949009, 0.008733592927455902, -0.0344025194644928, 0.05979152023792267, 0.03196718916296959, -0.0031473825220018625, -0.037761591374874115, 0.0018614869331941009, 0.022757727652788162, 0.010007241740822792, 0.002186897210776806, -0.015703672543168068, 0.007998795248568058, -0.023877419531345367, -0.011217908002436161, -0.005542472470551729, -0.012218632735311985, -0.0014757182216271758, 0.005878380034118891, -0.018950777128338814, 0.039693061262369156, -0.0191047340631485, 0.014975872822105885, -0.027348462492227554, -0.0012920189183205366, 0.007368969265371561, 0.006578186992555857, -0.01263851672410965, -0.030119698494672775, 0.019930506125092506, -0.006452221889048815, 0.007718872744590044, 0.024731183424592018, -0.021638035774230957, -0.0037194748874753714, -0.007222009357064962, -0.023849427700042725, -0.018418923020362854, -0.010721045546233654, -0.021833982318639755, 0.0232755858451128, 0.025416994467377663, -0.012330601923167706, -0.024073366075754166, 0.03644595667719841, -0.006333254277706146, -0.0021186661906540394, -0.021610043942928314, -0.005972853861749172, -0.022141898050904274, -0.012351595796644688, -0.0004437214520294219, -0.01275048591196537, 0.029279930517077446, 0.020644310861825943, -0.04193244129419327, -0.00562994834035635, -0.01997249573469162, -0.011791749857366085, -0.023191608488559723, -0.005542472470551729, 0.0028237218502908945, 0.0034745424054563046, 0.037229739129543304, -0.009461392648518085, 0.0009631095454096794, -0.02761438861489296, -0.03812549263238907, -0.17769502103328705, 0.019622592255473137, 0.03406661003828049, -0.030315645039081573, 0.020238421857357025, 0.01381419226527214, 0.019370662048459053, -0.001159930368885398, -0.029279930517077446, -0.013359318487346172, 0.030735528096556664, -0.025109080597758293, -0.039581090211868286, 0.0050421105697751045, -0.007970803417265415, 0.008152753114700317, -0.009601353667676449, -0.0015299533260986209, 0.04173649847507477, 0.007970803417265415, 0.032555028796195984, -0.023933403193950653, 0.009867280721664429, 0.00020327209495007992, 0.013639240525662899, 0.015269791707396507, 0.021008210256695747, -0.012939433567225933, 0.0005580961587838829, -0.004741193260997534, 0.005266048479825258, 0.0063262563198804855, 0.023849427700042725, -0.011399857699871063, 0.008110764436423779, 0.005038611125200987, 0.012736489996314049, -0.00823672953993082, -0.002048685448244214, 0.008033785969018936, 0.005409508943557739, 0.011707773432135582, 0.014416026882827282, -0.0032925924751907587, -0.009622347541153431, 0.007022564299404621, 0.03549421578645706, -0.0026960070244967937, 0.0027449934277683496, -0.047418929636478424, 0.032555028796195984, 0.00438079284504056, -0.011826740577816963, 0.008747588843107224, -0.007078548893332481, 0.00048286691890098155, -0.007585909217596054, 0.008257724344730377, -0.013576257973909378, -0.0026540185790508986, 0.024143345654010773, -0.0004994873306713998, -8.392218296648934e-05, 0.01369522511959076, -0.009573361836373806, -0.007270995993167162, -0.003911921754479408, 0.017229251563549042, -0.03613803908228874, 0.01603958010673523, 0.009265446104109287, -0.003087898949161172, 0.0046117291785776615, 0.006728645414113998, 0.006399736274033785, 0.01375120971351862, -0.03471043333411217, 0.020322399213910103, 0.013121383264660835, 0.000632450683042407, -0.013660235330462456, 0.030091706663370132, -0.016081567853689194, 0.028076261281967163, -0.013030408881604671, -0.0023023653775453568, -0.0018422423163428903, -0.013849182985723019, 0.007984799332916737, -0.0020889241714030504, -0.005003620870411396, -0.04495561122894287, -0.03412259370088577, -0.017887070775032043, 0.005164576694369316, 0.011280890554189682, 0.00714153191074729, 0.01296042837202549, 0.019286684691905975, -0.006476714741438627, 0.021120179444551468, 0.0001004332589218393, -0.021833982318639755, 0.007984799332916737, 0.020154444500803947, 0.007739866618067026, 0.005119089037179947, -0.009076498448848724, 0.035102326422929764, 0.023709464818239212, -0.009279442951083183, 0.01529778353869915, -0.007215011399239302, 0.011763758026063442, -0.016809366643428802, 0.03960908204317093, -0.016599424183368683, 0.008593631908297539, -0.005692930892109871, -0.016543440520763397, 0.04056081920862198, 0.0010497106704860926, 0.008131759241223335, -0.0003649931459221989, -0.008565639145672321, -0.01860087364912033, -0.09075098484754562, -0.05399711802601814, 0.0011739264009520411, -0.010294162668287754, -0.04512356221675873, -0.018306953832507133, -0.0004369420639704913, 0.030959466472268105, -0.041064683347940445, 0.01616554521024227, -0.015437745489180088, -0.0361100472509861, 0.011238902807235718, 0.038937266916036606, -0.023219600319862366, -0.006147805601358414, -0.015087842009961605, 0.028412168845534325, 0.0018597374437376857, 0.03238707408308983, -0.015115833841264248, -0.009300436824560165, -0.0022656256332993507, 0.018320949748158455, -0.001355876331217587, 0.019608596339821815, -0.04568341001868248, 0.017789097502827644, -0.004548746161162853, -0.0017495178617537022, 0.0025507970713078976, -0.015227803029119968, 0.010791026055812836, 0.0006136433803476393, -0.020014483481645584, 0.007487936411052942, -0.018628865480422974, 0.0038279450964182615, 0.04596333205699921, -0.01826496608555317, -6.484150071628392e-05, 0.006448722444474697, 0.0012920189183205366, -0.017257243394851685, -0.004884653724730015, 0.004510256927460432, -0.019188711419701576, 0.0024300802033394575, 0.023429542779922485, -0.028076261281967163, -0.017019309103488922, 0.004513755906373262, -0.028118250891566277, -0.025235045701265335, 0.02123214863240719, -0.020994214341044426, 0.004125363193452358, 0.006270271725952625, 0.006081324070692062, -0.0038034517783671618, -0.012393584474921227, -0.0016865351935848594, -0.0010068474803119898, 0.007550918962806463, 0.017061296850442886, 0.005262549500912428, 0.014653961174190044, -0.0045417482033371925, 0.00827871821820736, -0.017299233004450798, -0.027544409036636353, -0.01009121909737587, -0.023639485239982605, 0.031099429354071617, -0.02475917525589466, -0.0060288384556770325, 0.00031032072729431093, -0.003901424817740917, 0.011812744662165642, -0.015045853331685066, 0.006063828710466623, 0.013730215840041637, 0.004947636276483536, -0.006452221889048815, 0.019482631236314774, 0.00955936498939991, -0.0020941728726029396, 0.014108112081885338, -0.005668437574058771, -0.05598457157611847, -0.0018352442421019077, 0.006413732189685106, 0.025039099156856537, -0.023821434006094933, 0.0013689977349713445, 0.009636344388127327, -0.004832168109714985, 0.0028657102957367897, -0.00939141120761633, -0.010895997285842896, 0.011063951067626476, -0.007816845551133156, -0.04979827627539635, 0.038293447345495224, -0.0023670976515859365, -0.018027031794190407, -0.00833470281213522, -0.020854251459240913, 0.0024703191593289375, -0.029923751950263977, 0.01253354549407959, 0.0025840378366410732, 0.011462841182947159, -0.007522926665842533, 0.0021676525939255953, 0.006833616644144058, 0.008208737708628178, -0.006238780450075865, 0.004720198921859264, 0.0112109100446105, 0.01152582373470068, 0.019580602645874023, 0.006399736274033785, -0.028608115389943123, 0.025361010804772377, 0.008215735666453838, -0.036278001964092255, -0.010126208886504173, -0.007571913301944733, 0.01911872997879982, -0.0018737335922196507, -0.03778958320617676, 0.01391216553747654, -0.01753716729581356, 0.011903719045221806, 0.027656378224492073, 0.04184846580028534, -0.02624276652932167, 0.015759656205773354, 0.023289581760764122, 0.06068727374076843, 0.010798024013638496, -0.021931955590844154, -0.0507500134408474, 0.009034509770572186, -0.016809366643428802, -0.012666508555412292, 0.0018579879542812705, -0.017229251563549042, -0.0056719365529716015, 0.007529924623668194, 0.0016742885345593095, 0.04375194013118744, 0.016627417877316475, 0.0016436720034107566, -0.010595079511404037, -0.020868249237537384, -0.018978768959641457, -0.0001983515830943361, -0.006371743977069855, -0.014793922193348408, 0.006322757340967655, 0.015493730083107948, -0.027894312515854836, 0.009195465594530106, -0.0013891170965507627, 0.010497107170522213, -0.028076261281967163, 0.000984103768132627, -0.00972731877118349, -0.006175797898322344, 0.014038130640983582, -0.017047300934791565, -0.004965131636708975, 0.0057524144649505615, 0.019720565527677536, 0.023555507883429527, 0.0115888062864542, -0.002972430782392621, -0.0075439210049808025, -0.004552245140075684, 0.03633398562669754, 0.026718636974692345, -0.020126452669501305, -0.027978288009762764, 0.011245900765061378, 0.026060817763209343, 0.007844838313758373, -0.011959703639149666, 0.0017705120844766498, 0.010224182158708572, -0.00571392523124814, -0.02697056718170643, 0.010560089722275734, -0.0025507970713078976, 0.02165203168988228, 0.018978768959641457, 0.026914581656455994, 0.004709701985120773, -0.0009657338378019631, 0.011833738535642624, -0.015969598665833473, 0.01571766845881939, -0.005808399058878422, 0.0043982877396047115, -0.02730647474527359, -0.02664865553379059, -0.012400582432746887, -0.029139969497919083, -0.008887550793588161, -0.011833738535642624, 0.032555028796195984, -0.008166749030351639, -0.007403959520161152, -0.012232628650963306, 0.013884173706173897, -0.019076742231845856, -0.009489384479820728, 0.019510623067617416, 0.00828571617603302, -0.020784271880984306, 0.017103286460042, 0.012946431525051594, 0.0088805528357625, 0.024143345654010773, -0.009755311533808708, 0.04450773447751999, 0.034990355372428894, -0.02561294101178646, -0.006833616644144058, 0.013520273379981518, 0.011665784753859043, 0.024563230574131012, -0.018516896292567253, -0.01794305443763733, -0.00987427867949009, -0.009468390606343746, -0.030315645039081573, 0.009328428655862808, 0.010574085637927055, -0.007222009357064962, 0.0699247270822525, 0.00019999175856355578, 0.008082772605121136, -0.01977654919028282, -0.008467665873467922, 0.02922394499182701, 0.020966220647096634, -0.005070102401077747, 0.004765686579048634, -0.011406856589019299, 0.010546093806624413, -0.019384657964110374, -0.009237454272806644, -0.028454158455133438, -0.03406661003828049, 0.00048374166362918913, 0.007522926665842533, 0.009524375200271606, 0.001863236422650516, -0.001295517897233367, 0.015535717830061913, 0.0025123076047748327, 0.038209468126297, 0.003621501848101616, -0.00414635706692934, -0.0027309972792863846, -0.009902270510792732, 0.019160719588398933, -0.013240350410342216, -0.024787168949842453, 0.00722900778055191, 0.01296742632985115, -0.0259348526597023, -0.009965253062546253, -0.005430503282696009, 0.010336151346564293, -0.02477317303419113, 0.011336875148117542, 0.014667957089841366, -0.005360522773116827, 0.0028219721280038357, 0.016865352168679237, -0.04025290533900261, -0.039581090211868286, 0.0008100267732515931, -0.011063951067626476, 0.007375967223197222, -0.016431471332907677, -0.042548272758722305]","[-0.0036203735508024693, 0.0080177690833807, -0.00964057631790638, -0.034629061818122864, -0.015856754034757614, 0.01730077899992466, 0.01380761619657278, -0.01694321073591709, -0.023393182083964348, -0.012927449308335781, 0.018290964886546135, -0.015086608938872814, -0.007048210594803095, 0.01096770353615284, -0.017850883305072784, -0.02207293175160885, 0.004084523767232895, -0.006408714223653078, 0.006546240299940109, 0.013395038433372974, 0.0027384876739233732, 0.009784978814423084, -0.017644593492150307, -0.0016107739647850394, -0.006140538491308689, 0.010871434584259987, 0.019033607095479965, -0.024383369833230972, 0.00670095719397068, 0.00964057631790638, 0.010548248887062073, -0.00011904599523404613, -0.01582925021648407, -0.03363887220621109, -0.03487660735845566, -0.015265392139554024, 0.004376766737550497, -0.025194773450493813, 0.03779216110706329, 0.005800161510705948, 0.028687935322523117, 0.0014251137617975473, -0.011840993538498878, -0.010644516907632351, -0.03311627358198166, 0.03504164144396782, 0.008127789944410324, -0.023351924493908882, 0.010548248887062073, 0.003037606831640005, 0.010390093550086021, 0.03311627358198166, -0.021770374849438667, 0.008863554336130619, 0.0011620952282100916, -0.02673506550490856, 0.02288433536887169, 0.03548172488808632, -0.008760410360991955, -0.0007129866862669587, 0.02590990997850895, 0.016475621610879898, -0.027298923581838608, -0.0021608781535178423, -0.03091585822403431, 0.0059926980175077915, 0.0068831793032586575, 0.013766358606517315, 0.00210586772300303, 0.021619096398353577, 0.027051376178860664, 0.008244686760008335, -0.005140036344528198, -0.0005569805507548153, 0.023736998438835144, -0.0012815709924325347, -0.007900872267782688, -0.001952870050445199, -0.013608203269541264, -0.01863478124141693, 0.0021711925510317087, -0.0004314880061428994, -0.029788143932819366, 0.015237887389957905, 0.015512939542531967, 0.008505987003445625, 0.02386077120900154, 0.003089179052039981, -0.011256507597863674, -0.00461743725463748, 0.011951014399528503, 0.0005049785249866545, 0.028220348060131073, 0.007838984951376915, 0.017493315041065216, 0.014866567216813564, 0.0012910258956253529, 0.028742946684360504, -0.0015867069596424699, -0.026171209290623665, 0.0025975233875215054, 0.009035462513566017, -0.02002379484474659, -0.015045350417494774, -0.0016296837711706758, -0.005803599487990141, 0.011902879923582077, 0.007206365466117859, 0.004607122857123613, -0.009998144581913948, -0.021687859669327736, 0.03608683869242668, -0.01758958213031292, -0.01831847056746483, 0.010788919404149055, -0.01765834540128708, -0.004724020138382912, -0.019047359004616737, -0.00798338744789362, 0.018566017970442772, 0.00949617475271225, 0.022540520876646042, -0.00313903228379786, -0.020065052434802055, 0.008959822356700897, -0.026322487741708755, -0.021522827446460724, 0.014660277403891087, -0.011015837080776691, -0.019184885546565056, 0.04453093931078911, 0.010733908973634243, 0.013793863356113434, 0.004682762082666159, -0.017988407984375954, 0.0010503552621230483, 0.004393957555294037, -0.006095842458307743, 0.0019511509453877807, -0.01914362795650959, 0.01890983246266842, 0.020450124517083168, 0.00843034777790308, -0.010940197855234146, -0.004779030568897724, 0.033528853207826614, 0.00588955357670784, -0.007969635538756847, 0.0059892600402235985, -0.004139534197747707, 0.012349840253591537, 0.010410722345113754, -0.01868979074060917, -0.01922614313662052, -0.008671018294990063, 0.013745729811489582, -0.019198637455701828, -0.005181294400244951, 0.02142656035721302, -0.030063197016716003, 0.04436590522527695, 0.026336239650845528, -0.005336011294275522, -0.022650541737675667, -0.02163284830749035, 0.013456924818456173, 0.014041410759091377, -0.0265700351446867, -0.01956995762884617, 0.006890055723488331, 0.010362588800489902, 0.008141542784869671, -0.006608127150684595, -0.007687706500291824, -0.00816904753446579, -0.0018634781008586287, 0.010225062258541584, 0.008031521923840046, -0.009537432342767715, -0.019404927268624306, -0.01988626830279827, 0.005353201646357775, 0.014935329556465149, 0.03297874704003334, -0.02518102154135704, -0.004933747462928295, 0.006154291331768036, 0.00043127313256263733, 0.0007817496662028134, 0.02364072948694229, 0.030585795640945435, 0.03047577477991581, -0.0018703544046729803, -0.02929305098950863, -0.6029142141342163, -0.009399905800819397, -0.01225357223302126, -0.03600432351231575, -0.010506991297006607, 0.0035241052974015474, -0.010396970435976982, -0.026006177067756653, -0.03872733935713768, 0.031053384765982628, -0.04475098103284836, 0.030008185654878616, 0.011455920524895191, -0.0013099357020109892, 0.005287876818329096, -0.019198637455701828, 0.020353857427835464, -0.061501652002334595, 0.004125781822949648, -0.0010718436678871512, -0.006535925902426243, 0.016145559027791023, 0.000868563016410917, -0.005195046775043011, -0.026858840137720108, -0.007887119427323341, -0.010369464755058289, 0.013532564043998718, 0.030393259599804878, 0.02157783880829811, -0.023792007938027382, 0.01626933366060257, 0.02016131952404976, -0.013958894647657871, 0.064527228474617, 0.004717143718153238, -0.0019270839402452111, 0.04277060553431511, -0.01336753275245428, 0.0248097013682127, 0.01133902370929718, -0.005005948711186647, 0.013058098964393139, -0.009606195613741875, 0.019404927268624306, -0.003482847474515438, -0.002865699352696538, 0.011277136392891407, 0.033611368387937546, -0.010905816219747066, -7.445746450684965e-05, -0.006501544266939163, -0.0013340028235688806, -0.013745729811489582, 0.03729706630110741, 0.00021155376452952623, -0.005542300175875425, 0.0055251093581318855, 0.008677894249558449, -0.010018773376941681, 0.0033126589842140675, 0.01318187266588211, 0.00752955162897706, 0.006821292452514172, -0.00607521366328001, 0.021990416571497917, -0.01738329418003559, 0.024685926735401154, -0.0080177690833807, -0.03644440695643425, -0.001159516628831625, -0.00042826475691981614, -0.04161538556218147, -0.005109093151986599, 0.005504480563104153, 0.023888276889920235, 0.0023740436881780624, -0.0016047571552917361, -0.0027659928891807795, 0.020890207961201668, 0.01384199783205986, 0.004338947124779224, -0.011675962246954441, -0.016901953145861626, 0.03248365595936775, -0.010513867251574993, -0.007426407188177109, 0.01468778308480978, -0.009736845269799232, -0.004799659363925457, 0.007206365466117859, 0.032566171139478683, -0.01714949868619442, -0.012232942506670952, -0.0014474617782980204, 0.006996638141572475, -0.014343967661261559, 0.002339662052690983, 0.0009729968733154237, -0.025676114484667778, -0.013463800773024559, 0.013422543182969093, -0.0256898682564497, -0.005586996208876371, 0.019473690539598465, -0.0031751329079270363, -0.011077724397182465, 0.015485433861613274, 0.01868979074060917, -0.035371702164411545, -0.0097162164747715, -0.009551185183227062, -0.0015188034158200026, 0.03135593980550766, -0.012721160426735878, -0.034051451832056046, 0.014646525494754314, -0.012067911215126514, 0.002384358085691929, 0.00376477581448853, -0.0015102080069482327, 0.019459936767816544, 0.007591438479721546, 0.004112028982490301, -0.004662133287638426, -0.0003760478284675628, -0.009805607609450817, -0.015622960403561592, 0.0029757199808955193, 0.005648883059620857, 0.0022588656283915043, -0.01694321073591709, -0.0070413341745734215, -0.007701459340751171, 0.024314606562256813, 0.004266745876520872, 0.022925594821572304, -0.012315458618104458, 0.01934991590678692, 0.016984468325972557, 0.010280072689056396, 2.6350207917857915e-05, -0.002790059894323349, 0.01030070148408413, -0.027326427400112152, -0.009723092429339886, -0.017135746777057648, -0.014715287834405899, -0.03328130766749382, 0.006865988485515118, -0.023214397951960564, -0.029017997905611992, -0.022471757605671883, 0.007928377017378807, -0.01274178922176361, -0.01596677489578724, -0.004686200525611639, -0.021247776225209236, 0.0023946724832057953, 0.004287374671548605, -0.0073576439172029495, 0.03292373940348625, -0.0316309928894043, 0.005373830907046795, -0.016668157652020454, -0.008856678381562233, -0.03424398973584175, 0.04576867073774338, -0.018455997109413147, -0.03726956248283386, -0.030943363904953003, -0.019762495532631874, -0.007832108996808529, -0.012377345003187656, 0.007577685639262199, 0.005545738153159618, -0.041120290756225586, 0.017947150394320488, -0.021454066038131714, -0.00178096245508641, 8.853239705786109e-05, 0.019047359004616737, 0.005896429996937513, -0.029348060488700867, 0.007584562059491873, 0.003702889196574688, 0.005535423755645752, 0.009585565887391567, -0.011462797410786152, 0.0632069781422615, 0.011022713966667652, -0.0005561209982261062, -0.013126862235367298, -0.016901953145861626, -0.0057898471131920815, -0.02326940931379795, 0.004359575919806957, 0.01369071938097477, -0.01023881509900093, 0.04373328760266304, 0.00230012321844697, 0.03790218010544777, 0.03377639874815941, -0.017672099173069, 0.018015913665294647, -0.0209727231413126, -0.003426118055358529, -0.00273333047516644, 0.01716325245797634, -0.010658269748091698, 0.015265392139554024, -0.0011294328141957521, -0.021082744002342224, -0.034711576998233795, 0.008134666830301285, -0.00010497106268303469, 0.001217105658724904, 0.016956962645053864, 0.006628755945712328, 0.014426483772695065, -0.004627751652151346, 0.021839138120412827, 0.021811632439494133, 0.0064155906438827515, -0.008657265454530716, 0.00035928681609220803, 0.022691799327731133, -0.006590936332941055, 0.018455997109413147, -0.02577238343656063, -0.021550333127379417, -0.0035069144796580076, 0.013340028002858162, 0.005346325691789389, 0.02076643519103527, -0.0018170630792155862, 0.04772154241800308, -0.011125857941806316, -0.0061474149115383625, -0.025786135345697403, 0.008052150718867779, 0.004957814235240221, -0.007171983830630779, -0.011545312590897083, 0.0406251959502697, 0.01399327628314495, 0.03240114077925682, -0.0015549040399491787, -0.03781966492533684, 0.024864710867404938, -0.004720582161098719, -0.007282004691660404, -0.014729040674865246, -0.006755967624485493, -0.0049440618604421616, -0.01721826195716858, 0.008251563645899296, 0.03724205493927002, 0.021179012954235077, 0.019377421587705612, 0.0020577337127178907, -0.028770452365279198, 0.02738143876194954, -0.004534921608865261, 0.04070771485567093, 0.01721826195716858, -0.02967812307178974, -0.01380761619657278, -0.008258439600467682, -0.010465732775628567, -0.05344262719154358, -0.0518198199570179, -0.007680830545723438, -0.02384701929986477, 0.042660582810640335, 0.014866567216813564, 0.005841419566422701, 0.020408866927027702, 0.029045503586530685, 0.005188170354813337, -0.014852814376354218, -0.0028381941374391317, 0.000152138207340613, 0.015843002125620842, 0.030310742557048798, -0.008457852527499199, -0.029210535809397697, 0.016668157652020454, 0.00460024643689394, 0.031548477709293365, 0.004579617641866207, -0.0013374409172683954, 0.005868924781680107, -0.012047282420098782, -0.014825308695435524, 0.005507918540388346, 0.04070771485567093, -0.005119407549500465, -0.014440236613154411, 0.017644593492150307, -0.0013941704528406262, 0.015884259715676308, -0.032428644597530365, 0.02251301519572735, 0.027078881859779358, 0.006185234524309635, 0.003967626951634884, -0.014137678779661655, 0.0004461001663003117, -0.019404927268624306, 0.028990494087338448, 0.001921926625072956, -0.008031521923840046, 0.021481569856405258, -0.014137678779661655, 0.00864351261407137, 0.005311944056302309, -0.005425402894616127, 0.021013982594013214, 0.012088540941476822, -0.011194621212780476, -0.053497638553380966, -0.03561924770474434, 0.005958316382020712, 0.014440236613154411, 0.027298923581838608, -0.015595454722642899, 0.010451980866491795, -0.040817733854055405, 0.0007086889818310738, 0.018662286922335625, -0.006766282021999359, 0.021522827446460724, 0.0013297051191329956, -0.015210381709039211, -0.0023774816654622555, 2.9036264095338993e-05, 0.02238924242556095, 0.00949617475271225, 0.02200416848063469, 0.010506991297006607, -0.040680207312107086, -0.021068992093205452, -0.03391392529010773, 0.011167115531861782, -0.009076720103621483, 0.02907300926744938, 0.029238039627671242, -0.0008754393202252686, 0.02790403738617897, 0.01237046904861927, 0.00417735381051898, 0.007921501062810421, -0.02038136124610901, -0.00022090123093221337, 0.012899944558739662, 0.01582925021648407, 0.0234894510358572, 0.016448115929961205, 0.025346051901578903, 0.017947150394320488, 0.04219299554824829, -0.005504480563104153, 0.013353779911994934, 0.05011449754238129, 0.016461869701743126, 0.0014044848503544927, -0.008395966142416, 0.006645946763455868, 0.003133875085040927, 0.0055251093581318855, -0.01884106919169426, 0.005387583281844854, -0.018964843824505806, -0.018222203478217125, -0.0069278753362596035, -0.03259367495775223, 0.002753959270194173, 0.03223610669374466, -0.015925517305731773, 3.97804869862739e-05, -0.04277060553431511, 0.016819436103105545, -0.0018136248691007495, -0.03572927042841911, -0.02548357844352722, 0.014137678779661655, 0.018731048330664635, 0.01243923231959343, 0.011105229146778584, -0.014398978091776371, 0.02467217482626438, -0.024397123605012894, 0.018002161756157875, 0.023654481396079063, -0.004125781822949648, -0.025208527222275734, -0.00715823145583272, 0.029650617390871048, 0.020945219323039055, -0.011875375173985958, -0.004280498716980219, 0.010727033019065857, 0.011215250007808208, -0.0013769796350970864, -0.04197295382618904, -0.01171034388244152, -0.010417599231004715, 0.0036031827330589294, 0.021550333127379417, -0.0016692224889993668, 0.01598052866756916, -0.008107161149382591, 0.037214551120996475, 0.00983311329036951, 0.0031321560963988304, 0.00522942841053009, -0.02223796397447586, 0.02017507329583168, 0.02009255811572075, -0.016915705054998398, 0.034491535276174545, -0.015292897820472717, -0.010582630522549152, -0.01694321073591709, 0.00942053459584713, -0.030668310821056366, -0.007495169993489981, -0.015086608938872814, 0.011036465875804424, -0.02406706102192402, 0.024479638785123825, -0.03135593980550766, -0.001591864158399403, 0.024864710867404938, -0.031245920807123184, 0.015636712312698364, -0.018758554011583328, -0.023819513618946075, 0.010995208285748959, -0.009344895370304585, 0.0513797365128994, -0.010438228026032448, -4.566294956021011e-05, 0.0032473341561853886, -0.01929490640759468, 0.029238039627671242, 0.021316539496183395, -0.01841473951935768, 0.018662286922335625, 0.028962988406419754, -0.012817428447306156, -0.0026267478242516518, -0.01797465607523918, -0.00397794134914875, 0.013429420068860054, 0.010025649331510067, -0.04772154241800308, -0.02156408689916134, 0.026377497240900993, -0.0027041060384362936, 0.010018773376941681, 0.002169473562389612, 0.009028585627675056, -0.014852814376354218, -0.024122070521116257, -0.01567796990275383, -0.04510854557156563, 0.002198697766289115, -0.019845010712742805, -0.02584114670753479, 0.00031093781581148505, 0.0001456916652387008, 0.0013494744198396802, 0.005549176596105099, 0.01589801162481308, -0.0320710763335228, -0.03292373940348625, -0.011222125962376595, 0.014701535925269127, 0.0027866216842085123, 0.025236031040549278, 0.019611215218901634, 0.01582925021648407, 0.022430500015616417, -0.01877230778336525, 0.028385378420352936, -0.0025098505429923534, 0.018208449706435204, 0.02575863152742386, -0.004393957555294037, -0.0016889919061213732, -0.02628123015165329, -0.0012446108739823103, -0.005538862198591232, -0.0022726182360202074, 0.015086608938872814, -0.024493390694260597, -0.000753814703784883, 0.017025725916028023, -0.02156408689916134, 0.007811480201780796, -0.04255056381225586, -0.025167269632220268, -0.01833222433924675, -0.002432492095977068, -0.007859614677727222, 0.0015634993324056268, -0.051352228969335556, -0.0023259094450622797, 0.02973313443362713, -0.015210381709039211, -2.7464921004138887e-05, -0.005284438841044903, 0.011634704656898975, -0.008726028725504875, 0.025634856894612312, -0.012528624385595322, 0.015457929112017155, -0.0017594740493223071, 0.0053256964311003685, -0.02643250860273838, -0.0024617165327072144, -0.004686200525611639, -0.015457929112017155, 0.02178412862122059, 0.011284013278782368, -0.020560145378112793, -0.009888123720884323, 0.03913991525769234, 0.009530555456876755, -0.00968183483928442, 0.008622883819043636, -0.01372510101646185, -0.012941202148795128, -0.018882328644394875, -0.027298923581838608, -0.0434582345187664, 0.024562153965234756, 0.017919644713401794, 0.01483906153589487, 0.004851231817156076, 0.002004442270845175, -0.01928115263581276, 0.032291118055582047, -0.007474541198462248, 0.062766894698143, -0.007295757532119751, 0.0349041149020195, 0.031108394265174866, -0.022279221564531326, 0.019116122275590897, 5.58699612156488e-05, 0.024479638785123825, 0.007625820115208626, 0.02827535755932331, -0.003023854224011302, -0.012315458618104458, -0.0028742945287376642, -0.017713356763124466, -0.012652397155761719, -0.025002237409353256, 0.0026129952166229486, 0.02634999342262745, 0.009159235283732414, 0.01980375312268734, -0.0017491595353931189, -0.00924175139516592, -0.03823224455118179, -0.009468669071793556, 0.0012953236000612378, -0.007185736671090126, -0.01049323845654726, -0.001811905880458653, -0.04337571933865547, 0.02973313443362713, 0.007254499476402998, 0.04334821552038193, 0.012796799652278423, 0.01490782480686903, -0.011971643194556236, -0.0006003872258588672, 0.016736920922994614, -0.007103221025317907, 0.0026766008231788874, 0.012308582663536072, -0.0113046420738101, 0.0037338323891162872, 0.00022584357066079974, 0.006195548921823502, -0.007460788823664188, -0.023736998438835144, -0.00774959335103631, 0.0331437811255455, -0.020422618836164474, -0.010005020536482334, -0.002031947486102581, 0.017108241096138954, -0.021385302767157555, 0.024603411555290222, -0.01380761619657278, -0.020353857427835464, -0.0008225777419283986, -0.01818094588816166, 0.002980877412483096, 0.022416748106479645, 0.01626933366060257, -0.006178358104079962, -0.01527914498001337, -0.017837129533290863, 0.0030221352353692055, -0.00024281944206450135, -0.03218109905719757, -0.02540106326341629, -0.03275870904326439, -0.027780264616012573, 0.017108241096138954, 0.011070847511291504, -0.03333631530404091, -0.0019459937466308475, 0.02804156392812729, 0.013422543182969093, -0.016475621610879898, 0.020573899149894714, 0.00864351261407137, -0.010506991297006607, -0.019391173496842384, 0.005023139528930187, -0.0008737202151678503, -0.016681911423802376, 0.03284122422337532, 0.01302371732890606, -0.04422837868332863, -0.030365753918886185, 0.008526615798473358, 0.00904921442270279, -0.00010121058585355058, -0.019102370366454124, 0.01787838712334633, 0.012679902836680412, 0.03253866732120514, -0.03385891392827034, -0.032346129417419434, 0.007254499476402998, 0.012714284472167492, 0.01534790825098753, -0.0011655333219096065, -0.00021123142505530268, 0.00045512529322877526, -0.0035825539380311966, 0.025304794311523438, -0.0028622611425817013, -0.026308735832571983, 0.016599394381046295, -0.012748666107654572, 0.003716641804203391, 0.011792859993875027, -0.0013340028235688806, -0.024025801569223404, -0.023943286389112473, -0.019900020211935043, 0.01362195611000061, -0.00608896603807807, 0.0016520317876711488, -0.013903884217143059, 0.017575830221176147, 0.009172988124191761, 0.02604743465781212, -0.012686778791248798, -0.013113109394907951, -0.0239295344799757, -0.0038713584654033184, -0.03143845871090889, -0.01900610141456127, 0.011002084240317345, 0.03616935387253761, 0.02200416848063469, -0.023571966215968132, -0.018744802102446556, -0.014522751793265343, -0.032511159777641296, 0.019157379865646362, -0.024163328111171722, 0.003802595427259803, 0.025882404297590256, 0.015306650660932064, 0.003723517991602421, 0.0061508528888225555, 0.004686200525611639, 0.018813565373420715, -0.02959560789167881, 0.01089894026517868, 0.0029602483846247196, 0.010568877682089806, -0.0018376919906586409, -0.0029774392023682594, -0.03476658836007118, -0.02061515673995018, 0.015210381709039211, -0.0002821433008648455, 0.019047359004616737, 0.01809842884540558, 0.01247361395508051, -0.015045350417494774, 0.004149848595261574, 0.0006369175389409065, 0.0024668737314641476, -0.00036573337274603546, 0.03616935387253761, -0.011827240698039532, -0.03869983181357384, 0.02303561568260193, 0.0037854048423469067, 0.0069725713692605495, -0.030833343043923378, -0.006394961848855019, -0.02452089637517929, 0.03025573305785656, 0.018084676936268806, -0.005573243368417025, 0.00968183483928442, -0.02024383656680584, 0.032648686319589615, 0.011882251128554344, 0.025346051901578903, 0.046043723821640015, -0.008464728482067585, 0.0056832642294466496, -0.02391578070819378, 0.02267804741859436, 0.010465732775628567, -0.011394034139811993, 0.022430500015616417, -0.024190833792090416, 0.01505910325795412, -0.00920736975967884, 0.01670941524207592, -0.03460155799984932, 0.00836158450692892, -0.005717645864933729, -0.02245800569653511, -0.02010631002485752, 0.010603259317576885, -0.028069067746400833, -0.0030754264444112778, 0.028385378420352936, 0.007151355035603046, 0.0016950087156146765, -0.005899867974221706, -0.03644440695643425, 0.003037606831640005, -0.0019545890390872955, 0.003336725989356637, 0.0005844857660122216, 0.0057245222851634026, -0.01797465607523918, 0.0008371899020858109, 0.030365753918886185, 0.0006012467201799154, -0.011359652504324913, 0.20309849083423615, 0.0032318623270839453, 0.01265927404165268, 0.005765779875218868, -0.002826160518452525, -0.0008655546116642654, 0.023571966215968132, 0.0033865792211145163, -0.03099837340414524, 0.021316539496183395, 0.004476473201066256, -0.0016245265724137425, 0.0005660057067871094, -7.687491597607732e-05, -0.015581702813506126, 0.010651392862200737, -0.019322412088513374, -0.017947150394320488, -0.016008032485842705, -0.007323262747377157, 0.020188825204968452, -0.016173064708709717, -0.027849026024341583, -0.027106385678052902, 0.008842925541102886, -0.014646525494754314, 0.02259553223848343, 0.003998570144176483, 0.012906820513308048, 0.008602255024015903, -0.01892358623445034, 0.020642660558223724, 0.010073783807456493, -0.012728036381304264, -0.02680382877588272, -0.02332441881299019, 0.008526615798473358, -0.000890481227543205, -0.0017465809360146523, -0.0019511509453877807, 0.024754690006375313, -0.009365524165332317, 0.027216406539082527, -0.015843002125620842, -0.008100285194814205, 0.007144478615373373, -0.010692651383578777, 0.002049138303846121, 0.0261299517005682, 0.03355635702610016, -0.02767024375498295, -0.02967812307178974, -0.012693655677139759, 0.000493804516736418, 0.014894071966409683, -0.0011792859295383096, 0.011125857941806316, -0.0039023018907755613, -0.011449044570326805, 0.0039023018907755613, -0.0065703075379133224, 0.028440389782190323, 0.011985396035015583, 0.018290964886546135, -0.0032817155588418245, -0.0034622184466570616, -0.031025879085063934, -0.04703391343355179, 0.001119118300266564, -0.020078804343938828, -0.002508131554350257, -0.021880395710468292, 0.006236806977540255, 0.008004016242921352, -0.014110174030065536, -0.024479638785123825, 0.008224057964980602, 0.01155218854546547, 0.023681987076997757, 0.02281557396054268, -0.013897008262574673, 0.0036478787660598755, -0.010623888112604618, 0.025896156206727028, -0.01391076110303402, -0.02790403738617897, -0.0014362877700477839, -0.011985396035015583, -0.010837053880095482, -0.021013982594013214, -0.0028966425452381372, -0.00016234521172009408, 0.0016417172737419605, 0.014852814376354218, -0.012906820513308048, 0.004359575919806957, -0.009069843217730522, 0.031328435987234116, -0.0005956597160547972, -0.0027866216842085123, -0.03550922870635986, 0.05297503620386124, 0.03416147455573082, 0.0004173056222498417, -0.032703697681427, -0.00016384939954150468, 0.017768366262316704, 0.009406782686710358, 0.004947499837726355, -0.015636712312698364, 0.007687706500291824, -0.025648610666394234, -0.01642061211168766, 0.006374333053827286, -0.0063468278385698795, -0.002826160518452525, -0.004689638502895832, -0.02126152813434601, 0.037737149745225906, -0.009083596058189869, 0.016173064708709717, -0.026968860998749733, -0.004754963330924511, -0.0001957597560249269, 0.014522751793265343, -0.013326275162398815, -0.03223610669374466, 0.01826346106827259, 0.00040484234341420233, -0.0024892217479646206, 0.02511225827038288, -0.021440312266349792, -0.0059445640072226524, -0.006233368534594774, -0.02370949275791645, -0.01802966557443142, -0.010225062258541584, -0.01848350279033184, 0.02369574084877968, 0.018002161756157875, -0.019432432949543, -0.013264388777315617, 0.037104532122612, -0.014577762223780155, -0.009296761825680733, -0.023888276889920235, -0.0025407939683645964, -0.03069581650197506, -0.011730972677469254, 0.0007121271337382495, -0.01023881509900093, 0.03113589994609356, 0.012088540941476822, -0.030008185654878616, -0.00178096245508641, -0.019184885546565056, -0.015086608938872814, -0.021316539496183395, -0.0108645586296916, 0.005752027500420809, 0.01052762009203434, 0.03636189177632332, 0.004390519578009844, 0.011050218716263771, -0.023599471896886826, -0.03539920598268509, -0.17361289262771606, 0.016310591250658035, 0.03306126594543457, -0.04183542728424072, 0.02775275893509388, 0.013429420068860054, 0.017245767638087273, 0.0031407512724399567, -0.02827535755932331, -0.007921501062810421, 0.026102446019649506, -0.026184961199760437, -0.03333631530404091, 0.003469094866886735, -0.007275128737092018, 0.007694582920521498, -0.0014947362942621112, -0.0002072560746455565, 0.040460165590047836, 0.007426407188177109, 0.033528853207826614, -0.022059179842472076, 0.015622960403561592, 0.0029396195895969868, 0.012975583784282207, 0.008746657520532608, 0.013786987401545048, -0.01581549644470215, -0.003314377972856164, -0.004954376257956028, 0.010328207165002823, 0.00865038949996233, 0.013415667228400707, -0.013422543182969093, 0.013546316884458065, 0.007825233042240143, 0.009289884939789772, -0.0024221776984632015, -0.005913620349019766, 0.011538436636328697, 0.0009007956832647324, 0.015306650660932064, 0.02001004107296467, -0.003269681939855218, -0.009503050707280636, 0.013615080155432224, 0.03748960420489311, 0.007756469771265984, 0.0015531849348917603, -0.04755651205778122, 0.027477705851197243, 0.01162782870233059, -0.011201497167348862, 0.00042740520439110696, -0.0080177690833807, 0.0017792433500289917, 0.005734836682677269, 0.012494242750108242, -0.007625820115208626, -0.004871860612183809, 0.03281371667981148, -0.003319535171613097, 0.009131730534136295, 0.02773900516331196, -0.008499110117554665, -0.008162171579897404, -0.003953874111175537, 0.020037546753883362, -0.0447784848511219, 0.009489297866821289, 0.0038988636806607246, 0.003689136588945985, 0.0006124207284301519, 0.0066596996039152145, 0.0020439811050891876, 0.01775461435317993, -0.03652692213654518, 0.018566017970442772, 0.005734836682677269, -0.0007568231085315347, -0.008313450030982494, 0.032291118055582047, -0.020037546753883362, 0.02450714446604252, -0.012452984228730202, -0.0046380665153265, 0.0019786562770605087, -0.014220194891095161, 0.0008161311852745712, -0.008265316486358643, -0.0035550487227737904, -0.043100666254758835, -0.03171350806951523, -0.019157379865646362, 0.0033126589842140675, 0.015911765396595, 0.007316386327147484, 0.00802464596927166, 0.01386950258165598, -0.016283085569739342, 0.02201792225241661, 0.008657265454530716, -0.02871544100344181, 0.008416594937443733, 0.013422543182969093, 0.00695538055151701, -0.0024875025264918804, -0.009729968383908272, 0.03284122422337532, 0.019157379865646362, -0.004775592591613531, 0.023173140361905098, -0.0007048210245557129, 0.012831181287765503, -0.023736998438835144, 0.02995317615568638, -0.016530632972717285, 0.011600323021411896, -0.004510854836553335, -0.0018703544046729803, 0.03608683869242668, 0.01402765791863203, 0.007550180424004793, 0.00011979808914475143, -0.008457852527499199, -0.015361661091446877, -0.09610320627689362, -0.05677075684070587, 0.004208297468721867, -0.006666575558483601, -0.055835578590631485, -0.022031674161553383, 0.009035462513566017, 0.025346051901578903, -0.04615374654531479, 0.008072779513895512, -0.01008065976202488, -0.03792968764901161, 0.006855674088001251, 0.032566171139478683, -0.02142656035721302, -0.005786409135907888, -0.01527914498001337, 0.015622960403561592, 0.005624815821647644, 0.031548477709293365, -0.01840098574757576, -0.010548248887062073, -0.0006889196229167283, 0.021536581218242645, -0.010135670192539692, 0.009874370880424976, -0.0447784848511219, 0.015512939542531967, -0.007880243472754955, 0.008891060017049313, 0.0002329347626073286, -0.014825308695435524, 0.010390093550086021, -0.0008922003326006234, -0.015182876959443092, 0.01534790825098753, -0.027436448261141777, 0.006948504131287336, 0.04728145897388458, -0.011194621212780476, -0.0018445682944729924, 0.018951090052723885, 0.0008732904680073261, -0.01556794997304678, -0.012074788101017475, -0.00032189692137762904, -0.019996289163827896, 0.006401837803423405, 0.027876531705260277, -0.028302863240242004, -0.007735840976238251, 0.011277136392891407, -0.03347384184598923, -0.030420763418078423, 0.026116197928786278, -0.02310437709093094, 0.007295757532119751, 0.014261452481150627, 0.005624815821647644, -0.004703391343355179, -0.0030513594392687082, -0.0022949660196900368, 0.003592868335545063, 0.013298769481480122, 0.00752955162897706, 0.0027436448726803064, 0.01221919059753418, -0.005851733963936567, 0.010355711914598942, -0.029705628752708435, -0.01686069555580616, -0.01664065383374691, -0.027477705851197243, 0.02959560789167881, -0.023943286389112473, 0.0022107313852757215, 0.001865197205916047, -0.00046028252108953893, 0.007825233042240143, -0.02024383656680584, -0.002217607805505395, 0.008856678381562233, 0.0026129952166229486, -0.004779030568897724, 0.01980375312268734, 0.0031012126710265875, 0.003692574566230178, 0.01152468379586935, -0.01613180711865425, -0.041560374200344086, 0.0038713584654033184, 0.004572741221636534, 0.02047763019800186, -0.021880395710468292, 0.006670014001429081, 0.007433283608406782, -0.004851231817156076, 0.009523679502308369, -0.006422467064112425, -0.01215042732656002, 0.006697519216686487, -0.00968183483928442, -0.046923890709877014, 0.03303375840187073, 0.00335047859698534, -0.003080583643168211, -0.0024084250908344984, -0.025428568944334984, 0.008258439600467682, -0.017190758138895035, 0.011167115531861782, 0.00756393326446414, 0.010651392862200737, -0.009062967263162136, -0.004442091565579176, 0.006601250730454922, 0.018277212977409363, -0.007282004691660404, 0.012466737069189548, -0.00011055805953219533, 0.004930309019982815, 0.009283008985221386, 0.008237810805439949, -0.029540596529841423, 0.026762571185827255, 0.007247623521834612, -0.039635010063648224, -0.006951942108571529, -0.010651392862200737, 0.028825461864471436, 0.003001506207510829, -0.03600432351231575, 0.014962835237383842, -0.021962910890579224, 0.009874370880424976, 0.03366637974977493, 0.034849103540182114, -0.027931543067097664, 0.007893995381891727, 0.023296914994716644, 0.05470786616206169, 0.00671814801171422, -0.021371548995375633, -0.04939936101436615, 0.01325063593685627, -0.02267804741859436, -0.0075983148999512196, -0.0004016190650872886, -0.022788068279623985, -0.011256507597863674, 0.004658695310354233, 0.002790059894323349, 0.041120290756225586, 0.023516956716775894, -0.005191608797758818, -0.012686778791248798, -0.022994356229901314, -0.02709263376891613, 0.00037841155426576734, -0.00864351261407137, -0.021399054676294327, 0.00020564443548209965, 0.010472609661519527, -0.03630688041448593, 0.012899944558739662, -0.00034682353725656867, 0.01633809506893158, -0.026473766192793846, -0.0033298498019576073, -0.010603259317576885, -0.004125781822949648, 0.005380706861615181, -0.016365600749850273, -0.015402918681502342, 0.0033556357957422733, 0.013278140686452389, 0.027106385678052902, 0.016296837478876114, -0.008560997433960438, -0.005662635434418917, -0.004558988846838474, 0.0401851162314415, 0.022788068279623985, -0.020188825204968452, -0.022994356229901314, 0.01380761619657278, 0.03803970664739609, 0.002970562782138586, -0.012721160426735878, 0.007797727361321449, 0.008856678381562233, -0.0015145057113841176, -0.030145712196826935, 0.0017164971213787794, -0.00029245775658637285, 0.012164180167019367, 0.01870354451239109, 0.028687935322523117, 0.010293825529515743, -0.005380706861615181, 0.006429343018680811, -0.006185234524309635, 0.020408866927027702, -0.009372401051223278, 0.007612067274749279, -0.02929305098950863, -0.028247851878404617, -0.006384647451341152, -0.02501598931849003, -0.010183804668486118, -0.023585719987750053, 0.031025879085063934, -0.013016841374337673, -0.0025098505429923534, -0.006879740860313177, 0.015664217993617058, -0.01900610141456127, -0.005415088497102261, 0.0217291172593832, 0.0007589719607494771, -0.021481569856405258, 0.004462720826268196, 0.007804603781551123, 0.011751601472496986, 0.025593599304556847, -0.010073783807456493, 0.04554862901568413, 0.03542671352624893, -0.016214322298765182, -0.010644516907632351, 0.01118774525821209, 0.016393106430768967, 0.02548357844352722, -0.01714949868619442, -0.023434439674019814, -0.012604263611137867, 0.0008720011683180928, -0.03017321787774563, 0.007646448910236359, 0.015402918681502342, -0.015953022986650467, 0.05721084028482437, -0.008677894249558449, 0.005256933625787497, -0.028014058247208595, -0.006786910817027092, 0.03171350806951523, 0.026171209290623665, -0.010672022588551044, 0.0065049827098846436, -0.003032449632883072, 0.01640685833990574, -0.018125934526324272, -0.0070378961972892284, -0.03267619013786316, -0.02782152220606804, 0.0017775243613868952, 0.002640500431880355, 0.0056385681964457035, 0.009344895370304585, -0.0020869579166173935, 0.012081664055585861, 0.0017113399226218462, 0.03473908081650734, 0.010204433463513851, -0.0036478787660598755, -0.010438228026032448, -0.012088540941476822, 0.021440312266349792, -0.010472609661519527, -0.03231862559914589, 0.009406782686710358, 0.014632772654294968, -0.01692945696413517, -0.00627806456759572, -0.007282004691660404, 0.013456924818456173, -0.02621246688067913, 0.00920736975967884, 0.013594451360404491, -0.0005427981377579272, -0.0027264540549367666, 0.018813565373420715, -0.038177233189344406, -0.042660582810640335, -0.0026473766192793846, -0.008182800374925137, 0.00737827317789197, -0.013161243870854378, -0.037434592843055725]","[0.019764935597777367, 0.015204807743430138, -0.007825810462236404, -0.024298781529068947, -0.024259356781840324, 0.0018661043141037226, -0.017202328890562057, -0.015323081985116005, -0.03432580828666687, -0.02671683207154274, 0.016650382429361343, -0.001192598370835185, 0.00033367291325703263, -0.0180959552526474, -0.008121496066451073, 0.022209269925951958, 0.0180959552526474, -0.015125958248972893, -0.002055014483630657, 0.009251671843230724, -0.022104136645793915, 0.006978178862482309, 0.004004896618425846, -0.006938754115253687, -0.026611698791384697, 0.015362506732344627, 0.005190924275666475, -0.011203196831047535, -0.010020454414188862, -0.0043531483970582485, 0.03435209020972252, 0.00955392885953188, -0.04528588429093361, -0.018831884488463402, -0.0012640557251870632, -0.024364488199353218, -0.02262980118393898, -0.019068432971835136, 0.023654844611883163, -0.013916932977735996, 0.008837712928652763, 0.03632332757115364, -0.009291096590459347, -0.01866104267537594, -0.007503842003643513, 0.02011975832283497, 0.015585913322865963, -0.03185518831014633, -0.0072212982922792435, 0.03545598313212395, 0.024049092084169388, 0.01647954061627388, -0.057980649173259735, -0.01613786071538925, 0.001678015454672277, -0.007641828618943691, 0.008252912200987339, 0.0014825344551354647, 0.004504276439547539, -0.006311243865638971, 0.0008094391669146717, 0.0016837649745866656, -0.008634017780423164, -0.0007346964557655156, -0.010723529383540154, -0.014508304186165333, -0.01159744430333376, 0.003531799651682377, -0.00046899012522771955, 0.009626206941902637, 0.02408851683139801, 0.009514504112303257, -0.004573269747197628, 0.017228610813617706, 0.01240565162152052, 0.014061490073800087, -0.005535890348255634, -0.005407759919762611, 0.0052106366492807865, -0.014455737546086311, 0.01050669327378273, -0.011301758699119091, -0.019751794636249542, 0.007832381874322891, 0.0007683717412874103, 0.02011975832283497, -0.007457846775650978, 0.044891636818647385, -0.0033363185357302427, -0.01888445019721985, -0.01410091482102871, 0.005926852580159903, 0.015888169407844543, 0.0005207351059652865, -0.005296056624501944, -0.001902243704535067, 0.009277955628931522, 0.017070911824703217, -0.008016363717615604, -0.018976440653204918, 0.0014800704084336758, 0.01638755016028881, -0.014048349112272263, -0.016558390110731125, -0.004041035659611225, 0.015060250647366047, 0.000711288012098521, 0.013930074870586395, -0.01850334368646145, -0.005154784768819809, -0.018043389543890953, -0.006715347524732351, 0.013259854167699814, -0.014757994562387466, -0.01822737045586109, -0.01818794570863247, 0.007845522835850716, -0.02168360725045204, -0.02602032758295536, -0.0039490447379648685, 0.026769397780299187, 0.025718072429299355, 0.026099177077412605, -0.03711182251572609, 0.019975202158093452, -0.0006201182841323316, 0.018910733982920647, 0.0012607703683897853, -0.0107760950922966, -0.010677533224225044, 0.058558881282806396, 0.011919412761926651, 0.0051482138223946095, 0.006945325061678886, 0.0026053183246403933, 0.0026003902312368155, -0.0012747332220897079, 0.014994543045759201, -0.007378997281193733, -0.0032919656950980425, 0.0025839630980044603, 0.002232425846159458, 0.01775427535176277, 0.0022274977527558804, -0.011978549882769585, 0.03172377496957779, 0.006077980622649193, 0.024285638704895973, -0.01321385893970728, 0.008417181670665741, -0.013437265530228615, 0.0025264688301831484, 0.01569104567170143, 0.018595336005091667, 0.0010521477088332176, 0.006094407755881548, -0.027176788076758385, -0.023812543600797653, 0.0013930074637755752, -0.0027055228129029274, -0.00013593322364613414, -0.0028566508553922176, 0.003863624529913068, -0.0010735028190538287, 0.0013913647271692753, 0.02687453106045723, 0.027781300246715546, -0.010861515998840332, -0.005463611800223589, -0.0013420837931334972, -0.014416312798857689, 0.0315660759806633, -0.02319488860666752, 0.024193648248910904, 0.00613383250311017, 0.002184787765145302, 0.004346577450633049, 0.019567811861634254, -0.016282416880130768, 0.012609345838427544, -0.0219595804810524, 0.010125587694346905, 0.01432432234287262, 0.0346149206161499, -0.001118676969781518, 0.0037486357614398003, -0.0021765741985291243, 0.023050330579280853, -0.00650508189573884, 0.014810560271143913, 0.029594838619232178, 0.036875274032354355, -0.02570492960512638, -0.013240141794085503, -0.6450938582420349, -0.024285638704895973, 0.007516983896493912, -0.008791716769337654, 0.0022274977527558804, 0.03482518717646599, -0.006357239093631506, 0.03834712877869606, -0.0331430658698082, 0.025941478088498116, 0.0020221606828272343, 0.007418422028422356, -0.006419661920517683, -0.029148023575544357, -0.0005646772333420813, -0.018450777977705002, 0.018779316917061806, -0.0269665215164423, 0.008772004395723343, -0.005187638569623232, -0.007122736424207687, 0.030567314475774765, -0.03280138224363327, 0.020238032564520836, 0.008351474069058895, 0.0035909367725253105, 0.0012878748821094632, -0.035639964044094086, 0.0006312064942903817, 0.038110580295324326, -0.034089259803295135, -0.0026003902312368155, 0.004701400175690651, 0.024219932034611702, 0.04665260761976242, -0.039661288261413574, -0.015204807743430138, 0.004849242977797985, 0.008673442527651787, 0.03429952263832092, -0.008377756923437119, 0.011505452916026115, 0.026835106313228607, 0.011301758699119091, -0.0012509141815826297, -0.0017708279192447662, 0.014429454691708088, -0.03230200335383415, 0.028149263933300972, -0.032722532749176025, 0.00040964767686091363, -0.00579215120524168, -0.009087402373552322, 0.02332630380988121, 0.0067350598983466625, -0.009107114747166634, 0.016361266374588013, -0.0008328476105816662, -0.0007195015205070376, -0.022590376436710358, -0.0034398084972053766, 0.00477039348334074, -0.039950404316186905, -0.006166686303913593, -0.02820182964205742, 0.015638479962944984, -0.009245101362466812, -0.008561739698052406, -0.01771485060453415, 0.0057001602835953236, 0.032407134771347046, -0.009954746812582016, -0.015125958248972893, 0.012622487731277943, 0.01448202133178711, 0.023943958804011345, 0.0461532287299633, -0.01302330568432808, 0.010414701886475086, -0.006587217096239328, 0.037348370999097824, -0.007819239981472492, -0.008680013939738274, -0.02833324670791626, 0.038741376250982285, -0.005762582644820213, -0.0071753025986254215, 0.0016476255841553211, 0.026690548285841942, 0.0053289104253053665, 0.021946437656879425, 0.004448424559086561, -0.006859904620796442, -0.006084551569074392, -0.007917801849544048, 0.0269665215164423, -0.008121496066451073, 0.012504213489592075, 0.02757103368639946, -0.007891518995165825, -0.007865235209465027, -0.023838825523853302, -0.006978178862482309, -0.004790105856955051, 0.01841135323047638, 0.013877508230507374, -0.002794228494167328, 0.023983383551239967, 0.014416312798857689, -0.014271755702793598, 0.007707536686211824, -0.004103458486497402, -0.003912905231118202, -0.007950656116008759, 0.015165382996201515, -0.033642444759607315, 0.009323950856924057, 0.004202020354568958, 0.000993010587990284, -0.02056657336652279, 0.01708405464887619, 0.0010348993819206953, 0.019475821405649185, -0.014455737546086311, 0.01013872865587473, 0.02135506644845009, -0.002869792515411973, -0.015480780974030495, -0.006275104358792305, 0.007543266750872135, 0.003479233244433999, 0.012011404149234295, -0.007786386180669069, 0.004855813924223185, 0.012129678390920162, -0.01193255465477705, -0.018293078988790512, -0.008752292022109032, 0.016242992132902145, -0.010066450573503971, -0.0027827294543385506, -0.005190924275666475, 0.001244343351572752, -0.02135506644845009, -0.011512024328112602, 0.006873046513646841, -0.022038429975509644, 0.009415942244231701, -0.0254158154129982, -2.2410629298974527e-06, 0.010289857164025307, -0.024219932034611702, -0.018818741664290428, 0.001218060147948563, -0.021880730986595154, -0.0033609590027481318, 0.0033363185357302427, -0.02586262859404087, -0.01032928191125393, -0.01332556176930666, -0.010132158175110817, 0.016124717891216278, -0.03506173565983772, -0.0006262784008868039, -0.00019702102872543037, 0.00218643038533628, 0.005204065702855587, -0.014192906208336353, -0.02437763102352619, -0.030672447755932808, -0.0038209143094718456, 0.0038209143094718456, -0.015231091529130936, 0.0055786008015275, 0.006807338446378708, 0.03416810929775238, -0.039477307349443436, -0.008029505610466003, 0.027649883180856705, -0.005749441217631102, 0.025021567940711975, 0.0204088743776083, -0.0004084156535100192, -0.020737413316965103, 0.018358787521719933, 0.017911972478032112, 0.009146539494395256, 0.030541032552719116, -0.015677904710173607, -0.0028040846809744835, 0.00857488065958023, 0.014048349112272263, -0.005131787154823542, -0.00109157245606184, 0.007280435413122177, 0.027203069999814034, 0.007733819540590048, 0.02471931092441082, 0.014284897595643997, 0.014442596584558487, 0.021920155733823776, 0.013089013285934925, 0.027597317472100258, -0.016676664352416992, 0.00461926544085145, -0.04991171881556511, 0.006035270635038614, -0.0076615409925580025, 0.01778055727481842, 0.025271257385611534, -0.016059011220932007, -0.010769524611532688, 0.01565162092447281, -0.03251226991415024, 0.009376517497003078, 0.005890713073313236, -0.018135379999876022, 0.00025215407367795706, 0.0004041035717818886, -0.008634017780423164, 0.013772375881671906, -0.0261517446488142, 0.019068432971835136, 0.011577731929719448, -0.020592855289578438, 0.013930074870586395, 0.020146042108535767, 0.0027038799598813057, -0.011761713773012161, -0.03479890525341034, -0.0032968937885016203, -0.030278200283646584, 0.003124410519376397, -0.013148150406777859, 0.014140339568257332, 0.025783779099583626, 0.04436597228050232, -0.013181004673242569, 0.01400892436504364, -0.013746093027293682, 0.0028303677681833506, 0.0011334612499922514, 0.019764935597777367, -0.008456606417894363, -0.0036763569805771112, 0.012878748588263988, 0.02240639366209507, 0.015428214333951473, -0.018371928483247757, 0.009790477342903614, 0.005526034161448479, 0.01946268044412136, -0.009494791738688946, 0.009041407145559788, 0.017885690554976463, 0.01724175363779068, 0.005194209516048431, 0.02453533001244068, 0.01780684106051922, 0.002053371863439679, 0.008877137675881386, -0.01348326075822115, 0.011262333951890469, 0.01348326075822115, 0.01267505344003439, -0.018293078988790512, -0.04943862184882164, -0.007385567761957645, 0.007024174556136131, -0.004799962043762207, -0.0069978912360966206, -0.03030448406934738, 0.007444704882800579, -0.009001982398331165, 0.007050457410514355, 0.018358787521719933, 0.018937015905976295, -0.0016886930679902434, 0.03340589627623558, -0.01888445019721985, -0.029384572058916092, -0.0331430658698082, 0.023825684562325478, 0.02265608310699463, -0.0207636971026659, -0.002937143202871084, -0.00811492558568716, 0.02687453106045723, 0.014442596584558487, 0.019672945141792297, 0.023378871381282806, 0.018017105758190155, 0.01914728246629238, -0.02909545786678791, -0.014915693551301956, -0.00027207177481614053, 0.036270759999752045, 0.011229479685425758, 0.013029876165091991, 0.006958466488867998, 0.029069174081087112, 0.007405280135571957, -0.011498882435262203, -0.0207636971026659, 0.02481130324304104, -0.000939622987061739, -0.0019367403583601117, -0.029332006350159645, 0.017675425857305527, -0.008489460684359074, 0.00523691950365901, -0.016242992132902145, 0.005437328480184078, -0.0003648841811809689, 0.02170988917350769, -0.0034168108832091093, -0.004504276439547539, 0.0010110803414136171, 0.007562979124486446, -0.002027088776230812, -0.014902551658451557, -0.02418050728738308, -0.004872240591794252, 0.010257002897560596, 0.0285172276198864, 0.02272179163992405, 0.005864430218935013, 0.008594593033194542, -0.013437265530228615, 0.0025741069111973047, -0.020040908828377724, -0.02240639366209507, 0.004796676803380251, -0.015165382996201515, -0.023050330579280853, -0.007996651344001293, 0.007996651344001293, -0.0323282852768898, 0.008699726313352585, -0.0023030617740005255, -0.009376517497003078, 0.011354325339198112, 0.014652861282229424, -0.007122736424207687, -0.01708405464887619, 0.015612197108566761, 0.018371928483247757, 0.005345337558537722, 0.006807338446378708, 0.01876617595553398, 0.007996651344001293, 0.01258306298404932, 0.001443931134417653, 0.022366968914866447, 0.01126890443265438, 0.008542027324438095, 0.024417055770754814, 0.007346143014729023, -0.02135506644845009, 0.038583677262067795, 0.006813909392803907, 0.022301260381937027, 0.01996205933392048, -0.008982270024716854, -0.007556408643722534, 0.03387899324297905, 0.01131490059196949, 0.021880730986595154, 0.011505452916026115, 0.005834861658513546, -0.01509967539459467, 0.017202328890562057, 0.01634812541306019, 0.01686064712703228, -0.02148648351430893, -0.023286879062652588, -0.033169347792863846, -0.009626206941902637, 0.003958900924772024, -0.01530994102358818, 0.0016599458176642656, -0.005397903732955456, -0.035955362021923065, -0.02427249774336815, -0.004323579836636782, -0.014127198606729507, 0.010467268526554108, 0.005979418754577637, -0.0017576862592250109, -0.01634812541306019, -0.0020911539904773235, -0.019817503169178963, -0.023602277040481567, 0.004813103470951319, -0.01494197640568018, -0.017228610813617706, -0.011571161448955536, 0.010749812237918377, 0.014836844056844711, -0.017044629901647568, 0.01432432234287262, 0.0005043081473559141, -0.0067350598983466625, -0.003024206031113863, -0.029594838619232178, -0.007976938970386982, 0.002813940867781639, -0.02519240789115429, 0.005841432139277458, -0.00792437233030796, 0.005223778076469898, -0.02602032758295536, 0.005834861658513546, 0.019580954685807228, 0.033642444759607315, 0.006587217096239328, -0.013982640579342842, -0.008634017780423164, 0.005861144512891769, 0.007142448797821999, 0.007576121017336845, 0.03206545487046242, 0.006288245785981417, -0.011814280413091183, 0.009067689999938011, -0.021539049223065376, 0.0006772020133212209, -0.005125216208398342, -0.014508304186165333, -0.012182244099676609, 0.01946268044412136, 0.010270144790410995, -0.015125958248972893, -0.0029387858230620623, 0.007825810462236404, -0.008647159673273563, 0.026585416868329048, 0.013332133181393147, 0.01714976131916046, 0.008220057934522629, -0.025060992687940598, 0.03324819728732109, -0.005125216208398342, -0.0127079077064991, -0.011577731929719448, -0.03259111940860748, 0.012977310456335545, 0.012300518341362476, -0.016492683440446854, -0.0028582937084138393, -0.01212310791015625, -0.033458463847637177, -0.0032229723874479532, 0.013148150406777859, 0.005916996393352747, 0.021972721442580223, -0.01993577741086483, -0.014692286029458046, -0.010894369333982468, -0.028412096202373505, -0.00889027863740921, 0.024075374007225037, -0.008982270024716854, -0.020960820838809013, 0.0158093199133873, 0.0165715329349041, -0.0128853190690279, -0.007333001587539911, -0.005558888427913189, -0.0330904982984066, -0.027439618483185768, -0.025284400209784508, -0.016269275918602943, 0.018910733982920647, 0.02820182964205742, 0.010408131405711174, -0.02627001889050007, -0.0029617836698889732, -0.002010661642998457, -0.022892631590366364, -0.00809521321207285, -0.00038726592902094126, 0.047493670135736465, 0.037190672010183334, 0.011262333951890469, -0.010237290523946285, 0.01724175363779068, 0.009829902090132236, 0.015467639081180096, -0.0038800514303147793, 0.0037946312222629786, -0.00015728829021099955, 0.014521446079015732, 0.005841432139277458, 0.04399801045656204, 0.013522685505449772, -0.00011396213812986389, 0.027176788076758385, 0.008318619802594185, 0.032722532749176025, -0.001953167375177145, -0.03330076485872269, -0.0035449410788714886, -0.05138357728719711, 0.01415348146110773, 0.007247581146657467, -0.0035482265520840883, 0.011190054938197136, -0.01603272743523121, -0.029358290135860443, 0.00477696442976594, 0.01348326075822115, 0.027833865955471992, 0.006610214710235596, 0.021631039679050446, 0.003429952310398221, -0.0064623719081282616, -0.000560981163289398, 0.02345772087574005, -0.039950404316186905, -0.004826245363801718, -0.007668111938983202, 0.0007322324090637267, 0.004274298902601004, -0.007825810462236404, 0.008364615961909294, 0.00765497051179409, 0.0037420648150146008, -0.023996524512767792, 0.026821965351700783, -0.05635109543800354, 0.02373369410634041, 0.015743613243103027, -0.01834564469754696, 0.013016735203564167, -0.03477261960506439, -0.035639964044094086, 0.016242992132902145, 0.006978178862482309, 0.039319608360528946, 0.004451710265129805, 0.008364615961909294, -0.014179764315485954, -0.04171137511730194, -0.027649883180856705, 0.003173691453412175, 0.036875274032354355, 0.01708405464887619, 0.014140339568257332, 0.012872177176177502, 0.030146785080432892, -0.016716089099645615, -0.0269665215164423, 0.0007568728760816157, 0.0022192844189703465, 0.02722935378551483, 0.014810560271143913, 0.0013355130795389414, -0.0026348866522312164, -0.03017306700348854, -0.02146019972860813, -0.002648028312250972, -0.012819611467421055, 0.013095584698021412, -0.022616658359766006, -0.008831141516566277, -0.003781489562243223, 0.011958837509155273, -0.010053308680653572, 0.021578473970294, -0.01863476075232029, -0.003978613298386335, -0.013332133181393147, 0.0007100559887476265, -0.04236845299601555, 0.03109297715127468, -0.02034316584467888, 0.011906271800398827, 0.016334984451532364, -0.013049588538706303, 0.005992560647428036, -0.023208029568195343, -0.003356030909344554, 0.012096824124455452, 0.018845025449991226, 0.006002416834235191, -0.03432580828666687, -0.00936337560415268, 0.024758735671639442, 0.013824941590428352, -0.021473340690135956, -0.0200014840811491, 0.009777335450053215, 0.02817554771900177, 0.016663523390889168, -0.009836472570896149, -0.00966563168913126, -0.006301387678831816, 0.006153544876724482, 0.02249838411808014, -0.035639964044094086, -0.02332630380988121, 0.003198331920430064, -0.0009010195499286056, 0.030908996239304543, -0.019094714894890785, 0.00218643038533628, -0.010605255141854286, -0.012753902934491634, 0.00700446218252182, -0.018437637016177177, -0.021762456744909286, -0.017438877373933792, -0.017675425857305527, 0.01047383900731802, -0.009481649845838547, -0.0338527113199234, 0.030567314475774765, 0.018687326461076736, 0.013082442805171013, 0.027649883180856705, 0.004671831615269184, -0.02357599511742592, 0.047651369124650955, -0.04155367612838745, 0.03274881839752197, -0.02956855483353138, 0.019856927916407585, -0.022393252700567245, -0.022958340123295784, 0.01939697191119194, -0.009409370832145214, -0.019975202158093452, -0.021131660789251328, 0.0017396166222169995, 0.004665260668843985, 0.003273896174505353, -0.0253895316272974, 0.018963299691677094, 0.002541253110393882, 0.001698549254797399, -0.028280679136514664, -0.019502105191349983, 0.028596077114343643, -0.025126701220870018, 0.019383830949664116, 0.020461440086364746, 0.0060221292078495026, -0.0016632311744615436, -0.01316786278039217, -0.009915322065353394, 0.006580646149814129, -0.018450777977705002, -0.03358987718820572, -0.010342423804104328, -0.02168360725045204, -0.026611698791384697, -0.015980161726474762, -0.04376146197319031, -0.00955392885953188, -0.006475513335317373, -0.012918173335492611, 0.012622487731277943, -0.008233199827373028, 0.011216338723897934, 0.0073132892139256, -0.03422067314386368, 0.016716089099645615, -0.009862755425274372, -0.026795681565999985, -0.022209269925951958, -0.018174804747104645, 0.0008299729088321328, 0.008929703384637833, -0.009008552879095078, 0.013916932977735996, 0.017517726868391037, -0.00502336909994483, -0.018358787521719933, -0.020211750641465187, -0.029831387102603912, -0.003170406213030219, -0.02604661136865616, 0.008436894044280052, 0.017123479396104813, 0.008009793236851692, 0.005664020776748657, 0.026690548285841942, 0.010730099864304066, -0.005624596029520035, -0.019594095647335052, 0.00294371391646564, -0.01607215218245983, -0.006265248171985149, 0.019541529938578606, 0.004569984506815672, 0.013292708434164524, -0.015533347614109516, 0.01004673819988966, -0.0158093199133873, 0.006334241479635239, -0.008601164445281029, -0.0015030682552605867, -0.0022028572857379913, -0.019791219383478165, 0.029515989124774933, 0.021946437656879425, -0.005296056624501944, 0.007057028356939554, -0.03942473977804184, -0.013062730431556702, 0.011433174833655357, 0.01739945262670517, -0.02878005988895893, 0.0008135459502227604, 0.018516486510634422, -0.017005205154418945, -0.0036599300801753998, -0.03311678022146225, -0.009376517497003078, -0.01189970038831234, -0.020934537053108215, 0.007050457410514355, -0.005194209516048431, -0.0060221292078495026, 0.006800767499953508, -0.02031688205897808, 0.002592176664620638, -0.001472678268328309, 0.016466399654746056, -0.020592855289578438, -0.006859904620796442, 0.00610754918307066, -0.00908083189278841, -0.00253961025737226, -0.007431563455611467, 0.01394321583211422, 0.00018603549688123167, -0.01323357131332159, -0.03585023060441017, 0.011400320567190647, -0.04402429237961769, 0.019567811861634254, 0.0008772004512138665, -0.0219332966953516, 0.011203196831047535, 0.008528885431587696, -0.008929703384637833, -0.023917675018310547, -0.03264368325471878, 0.003712496254593134, -0.023378871381282806, 0.007753531914204359, 0.0016344840405508876, -0.010375277139246464, -0.049517471343278885, -0.0007400352042168379, 0.0065445066429674625, 0.0031671207398176193, 0.001701834611594677, 0.21615271270275116, 0.01415348146110773, 0.02177559770643711, 0.01771485060453415, -0.003686213167384267, 0.007293576840311289, 0.012195385992527008, -0.008200345560908318, -0.031224394217133522, 0.00023675378179177642, -0.0005400368245318532, 0.02209099568426609, -0.015454498119652271, 0.006288245785981417, 0.0047112563624978065, -0.009875897318124771, -0.00765497051179409, -0.02437763102352619, -0.013719809241592884, -0.028122980147600174, 0.025691788643598557, 0.01923927292227745, -0.01625613495707512, -0.021854447200894356, 0.036270759999752045, -0.010756382718682289, -0.010500122793018818, 0.007181873545050621, 0.0307775791734457, -0.006597073283046484, -0.026230594143271446, 0.001903886441141367, -0.007287005893886089, 0.036875274032354355, -0.023996524512767792, -0.017281178385019302, 0.010585542768239975, -0.014863126911222935, 0.03130324184894562, 0.029515989124774933, -0.015730470418930054, -0.022997764870524406, 0.008489460684359074, -0.013667243532836437, -0.005742870271205902, 0.0007675503729842603, 0.006879616994410753, -0.0004178611852694303, 0.006965037435293198, 0.02481130324304104, -0.017609717324376106, 0.01946268044412136, 0.013732951134443283, 0.017609717324376106, -0.007720678113400936, 0.00012895175314042717, 0.04252615198493004, -0.0007260722923092544, 0.013601534999907017, 0.03729580342769623, -0.010716957971453667, 0.020842546597123146, -0.009369946084916592, 0.016886930912733078, -0.019068432971835136, -0.003149050986394286, -0.006344097666442394, -0.007733819540590048, 0.019856927916407585, -0.021854447200894356, -0.001193419680930674, -0.010322711430490017, -0.004422141704708338, 0.02446962147951126, -0.01584874466061592, 0.0038471973966807127, 0.03500916808843613, 0.016584673896431923, 0.015257374383509159, 0.003912905231118202, -0.01892387494444847, 0.0036237905733287334, -0.02563922293484211, 0.016282416880130768, -0.008377756923437119, -0.016269275918602943, 0.007011032663285732, 0.005769153591245413, -0.007707536686211824, -0.02011975832283497, -0.025428956374526024, 0.0012492714449763298, -0.0065445066429674625, -0.011577731929719448, 0.006774484645575285, 0.02148648351430893, -0.0019630235619843006, 0.02830696292221546, -0.01061839610338211, 0.008154350332915783, -0.011255763471126556, 0.026322584599256516, -0.0037190672010183334, 0.011190054938197136, -0.034089259803295135, -0.02069798856973648, 0.007891518995165825, -0.01600644364953041, 0.014560870826244354, 0.015007684007287025, -0.011768285185098648, -0.01165001094341278, -0.0005671412800438702, -0.014376888051629066, -0.012004833668470383, 0.008818000555038452, -0.005427472293376923, -0.02880634367465973, 0.009935034438967705, -0.02684824727475643, 0.011150630190968513, -0.016374409198760986, 0.004382716957479715, -0.012537066824734211, 0.00381105812266469, 0.0018299650400876999, -0.0219332966953516, -0.0041757370345294476, -0.01285246480256319, -0.025757497176527977, 0.014587153680622578, 0.003226257860660553, 0.02335258759558201, -0.0013921861536800861, -0.001324835466220975, -0.031644925475120544, -0.005572029855102301, -0.0207636971026659, -0.013732951134443283, 0.011623727157711983, 0.030882712453603745, -0.013562110252678394, 0.0016123076202347875, 0.01708405464887619, 0.0005322339711710811, -0.021985862404108047, -0.01866104267537594, 0.02510041743516922, 0.0016714447410777211, 0.0005556424148380756, -0.007799527607858181, -0.018687326461076736, 0.025691788643598557, -0.03945102170109749, 0.011052068322896957, -0.017281178385019302, 0.026191169396042824, -0.03782146796584129, 0.014192906208336353, 0.004106743726879358, -0.02316860482096672, 0.029621120542287827, 0.010434414260089397, -0.012859036214649677, -0.020198607817292213, -0.013588394038379192, -0.1663198322057724, 0.003916190937161446, 0.02738705277442932, -0.01942325569689274, -0.02092139609158039, 0.029831387102603912, 0.06381551176309586, -0.0019219560781493783, -0.005108789075165987, -0.005059508141130209, 0.004497705493122339, -0.012418792583048344, -0.033800143748521805, 0.021381350234150887, -0.018818741664290428, -0.01892387494444847, -0.0033938130363821983, 0.015493922866880894, 0.02880634367465973, -0.004083746112883091, 0.038872793316841125, -0.0277024507522583, 0.013430695049464703, -0.03280138224363327, 0.0009059476433321834, 0.006951895542442799, -0.012944456189870834, -0.004911665339022875, 0.014390029944479465, -0.015822462737560272, -0.016334984451532364, 0.008502602577209473, -0.00610097823664546, -0.005466897040605545, 0.003403669223189354, 0.01080894935876131, 0.0015301726525649428, -0.0016591245075687766, -0.007359284907579422, -0.004813103470951319, 0.01717604510486126, 0.01910785771906376, 0.004951090086251497, 0.0030143498443067074, 0.021604757755994797, 0.020132901147007942, 0.017162904143333435, -0.028753776103258133, 0.015362506732344627, -0.00305048911832273, 0.03913562372326851, -0.009455366991460323, 0.009159681387245655, -0.005351908504962921, 0.026480283588171005, -0.004454995505511761, -0.019120998680591583, 0.01050669327378273, 0.00167390878777951, -0.022550951689481735, -0.028122980147600174, -0.039635006338357925, -0.0013585108099505305, -0.010184724815189838, 0.0055786008015275, 0.001775756012648344, -0.020356306806206703, -0.0007145734271034598, -0.036901555955410004, 0.00685333414003253, -0.0012262737145647407, -0.01676865667104721, 0.03167120739817619, -0.006692349445074797, 0.0323282852768898, 0.014744852669537067, -0.019580954685807228, 0.010388419032096863, 0.012175673618912697, 0.013220429420471191, -0.007339572533965111, 0.0065412214025855064, -0.003958900924772024, 0.02418050728738308, -0.0046619754284620285, -0.003929332364350557, -0.015270516276359558, 0.0069978912360966206, -0.0036763569805771112, -0.008601164445281029, 0.017070911824703217, -0.02132878452539444, -0.036086779087781906, -0.026992805302143097, -0.02015918307006359, 0.002383554121479392, 0.0005453755729831755, -0.00917282234877348, 0.013266424648463726, 0.01930498145520687, -0.001649268320761621, -0.02728191949427128, -0.012044258415699005, -0.006018843501806259, 0.04893924295902252, 0.007346143014729023, 0.015060250647366047, -0.009935034438967705, 0.014876268804073334, -0.0023260596208274364, -0.02554723061621189, 0.005749441217631102, -0.025363249704241753, 0.02224869467318058, 0.007457846775650978, 0.036270759999752045, 0.0036599300801753998, -0.019659804180264473, 0.0028895048890262842, -0.0019515246385708451, 0.05222463980317116, -0.025087276473641396, -0.0008796644979156554, -0.013824941590428352, 0.008929703384637833, 0.004826245363801718, -0.0784815177321434, -0.006071409676223993, 0.024049092084169388, 0.010690675117075443, 0.0107760950922966, 0.03469377011060715, -0.015047108754515648, 0.033826425671577454, -0.01084180362522602, 0.043209515511989594, -0.034115541726350784, -0.0031901185866445303, 0.020369449630379677, -0.010132158175110817, -0.001726475078612566, -0.006932183168828487, -0.021565333008766174, -0.0023507000878453255, -0.01737316884100437, 0.016742372885346413, 0.01977807842195034, -0.019725510850548744, 0.005135072395205498, -0.016886930912733078, 0.006475513335317373, 0.021578473970294, -0.03479890525341034, 0.009672203101217747, 0.011328041553497314, -0.02022489160299301, 0.00792437233030796, -0.015993302688002586, 0.0010431129485368729, 0.0029650689102709293, -0.002772873267531395, -0.022104136645793915, -0.0064952257089316845, -0.029962802305817604, 0.039214473217725754, -0.01695263758301735, 0.0005383940879255533, -0.025586655363440514, 0.0067679136991500854, 0.00427758414298296, 0.0036566446069628, -0.008502602577209473, -0.004809818230569363, 0.011702576652169228, -0.019068432971835136, -0.0012763759586960077, -0.02741333656013012, 0.0033379613887518644, -0.014666003175079823, -0.033327046781778336, 0.03571881353855133, 0.021762456744909286, 0.020803121849894524, 0.016873788088560104, 0.004441854078322649, 0.017819982022047043, 0.003732208628207445, -0.011065210215747356, 0.004356433637440205, -0.00790465995669365, 0.03569253161549568, -0.0007268936606124043, -0.006794197019189596, 0.0029584981966763735, -0.002181502291932702, 0.0006583110080100596, -0.007418422028422356, 0.020842546597123146, -0.031513508409261703, 0.022669225931167603, -0.03127695992588997, -0.0009987601079046726, 0.004297296516597271, -0.029174307361245155, 0.0043038674630224705, 0.005463611800223589, -0.006051697768270969, 0.0037453502882272005, -0.011144059710204601, -0.0033346759155392647, -0.011781426146626472, -0.00015492690727114677, 0.0035383703652769327, 0.009567069821059704, 0.015901312232017517, -0.07443390786647797, 0.0010307927150279284, 0.009488220326602459, 0.005687018856406212, 0.008666872046887875, -0.013417553156614304, -0.006087836809456348, 0.027071654796600342, -0.027597317472100258, 0.000699378433637321, -0.005595027469098568, -0.010749812237918377, 0.0009445510804653168, -0.044129423797130585, 0.03684898838400841, -0.009126827120780945, -0.02722935378551483, -0.0026463856920599937, 0.015927594155073166, 0.0034628063440322876, -0.039161909371614456, 0.02485072799026966, -0.01984378509223461, -0.016939496621489525, -0.006399949546903372, -0.009862755425274372, -0.016242992132902145, -0.01634812541306019, -0.0016665166476741433, -0.006110834423452616, 0.005867715459316969, 0.014271755702793598, -0.014114056713879108, 0.0022964910604059696, -0.0015556345460936427, 0.007635258138179779, -0.005532605107873678, -0.011998262256383896, 0.033011648803949356, 0.0029552127234637737, 0.011702576652169228, -0.02602032758295536, 0.0035942220129072666, -0.013279566541314125, -0.009258243255317211, -0.00053469801787287, 0.005414330866187811, -0.0020451582968235016, -0.011676293797791004, 0.02307661436498165, 0.04670517519116402, 0.016742372885346413, 0.012438504956662655, -0.015428214333951473, -0.025783779099583626, 0.01226766500622034, -0.004156024660915136, -0.03143465891480446, 0.011328041553497314, -0.005118645261973143, 0.01885816641151905, 0.0016813009278848767, 0.007911231368780136, 0.03535085171461105, 0.006669351831078529, -0.0037223524414002895, -0.013424123637378216, 0.006357239093631506, -0.0307775791734457, 0.007050457410514355, -0.012379367835819721, 0.016755513846874237, -0.008160920813679695, 0.061660293489694595, 0.006583931390196085, 0.011820850893855095, -0.007510412950068712, 0.016729231923818588, 0.007786386180669069, 0.007339572533965111, 0.022485243156552315, 0.00381105812266469, -0.007260723039507866, -0.01780684106051922, 0.007819239981472492, -0.0011121061397716403, 0.020106617361307144, 0.021184226498007774, -0.01638755016028881, 0.006340812426060438, 0.015901312232017517, -0.025139842182397842, 0.008936273865401745, 0.02912174165248871, -0.008174062706530094, -0.023339446634054184, 0.011065210215747356, 0.018647901713848114, -0.0025987473782151937, -0.023286879062652588, 0.007786386180669069, 0.00533219613134861, -0.0070438869297504425, -0.0048065329901874065, 0.0066726370714604855, -0.030725013464689255, 0.014849985018372536, 0.021657323464751244, 0.005591742228716612, -0.03784774988889694, 0.018897591158747673, 0.0107760950922966, 0.001549885026179254, 0.007103024050593376, -0.01061839610338211, 0.003403669223189354, 0.0016854075947776437, -0.023181747645139694, -0.0035252287052571774, -0.022366968914866447, -0.017609717324376106, 0.0020385875832289457, 0.003426667070016265, 0.011144059710204601, 0.0062685334123671055, -0.02862236090004444, -0.003761777188628912, -0.0029814960435032845, 0.0028582937084138393, 0.0061863986775279045, 0.012734190560877323, -0.021670464426279068, 0.030541032552719116, 0.0034069546964019537, 0.00697160791605711, 0.034404657781124115, -0.020211750641465187, 0.007011032663285732, 0.009967888705432415, 0.0018825313309207559, -0.029174307361245155, 0.03214430436491966, -0.012031116522848606, 0.008022934198379517, 0.0062356796115636826, -0.004497705493122339, -0.014547728933393955, -0.029489705339074135, -0.01596701890230179, 0.007700965739786625, -0.008752292022109032, -0.005969562567770481, 0.045969247817993164, 0.023273738101124763, 0.0017034773482009768, 0.015060250647366047, -0.0022997765336185694, 0.027912715449929237, 0.009093972854316235, 0.009494791738688946, -0.021092236042022705, -0.02377311885356903, -0.01209025364369154, -0.011393750086426735, 0.006879616994410753, 0.0022964910604059696, -0.010526405647397041, 0.01892387494444847, -0.01019129529595375, 0.015533347614109516, -0.001729760435409844, 0.005427472293376923, 0.026296300813555717, 0.0338527113199234, 0.0005523570580407977, -0.009054548107087612, -0.02265608310699463, 0.011656581424176693, 0.005670591723173857, -0.0017445447156205773, -0.010414701886475086, -0.02018546685576439, -0.00901512335985899, 0.003699354827404022, -0.03167120739817619, -0.013312420807778835, 0.030094217509031296, 0.006689064204692841, -0.007858664728701115, -0.020987102761864662, 0.024193648248910904, -0.008660301566123962, 0.006403234787285328, 0.01996205933392048, -0.018240513280034065, 0.0001514361792942509, -4.589286254486069e-05, -0.017386309802532196, 0.0013322276063263416, 0.011558019556105137, -0.029042892158031464]"
19106,"Replacing $ifNull with $cond in MongoDB aggregation<p>I am thinking of migrating my app from MongoDB 3.6 to AWS DocumentDB. I am checking to see if everything is supported and I found <code>$ifNull</code> (aggregation) in the code. DocumentDB does not support <code>$ifNull</code>.</p>
<p>For a sample set of documents:</p>
<pre><code>[
  { &quot;hostname&quot;: &quot;foo&quot;, &quot;name&quot;: &quot;a&quot;, &quot;is_valid&quot;: true },
  { &quot;hostname&quot;: &quot;foo&quot;, &quot;name&quot;: &quot;b&quot;, &quot;is_valid&quot;: false },
  { &quot;hostname&quot;: &quot;foo&quot;, &quot;name&quot;: &quot;c&quot; }
]
</code></pre>
<p>I want to group document by the hostname field and if the is_valid field does not exist, make it true. This is the current aggregation query:</p>
<pre><code>{
  $group: {
    _id: &quot;$hostname&quot;,
    boxes: {
      $push: {
        name: &quot;$name&quot;,
        is_valid: { $ifNull: [&quot;$is_valid&quot;, true]}
      }
    }
  }
}
</code></pre>
<p>It returns:</p>
<pre><code>{
  &quot;_id&quot;: &quot;foo&quot;,
  &quot;boxes&quot;: [
    { &quot;name&quot;: &quot;a&quot;, &quot;is_valid&quot;: true },
    { &quot;name&quot;: &quot;b&quot;, &quot;is_valid&quot;: false },
    { &quot;name&quot;: &quot;c&quot;, &quot;is_valid&quot;: true }
  ]
}
</code></pre>
<p>This is what I have tried:</p>
<pre><code>{
  $group: {
    _id: &quot;$hostname&quot;,
    boxes: {
      $push: {
        name: &quot;$name&quot;,
        is_valid: { $cond: [{$ne: [&quot;$is_valid&quot;, null]}, &quot;$is_valid&quot;, true]}
      }
    }
  }
}
</code></pre>
<p>But that returns:</p>
<pre><code>{
  &quot;_id&quot;: &quot;foo&quot;,
  &quot;boxes&quot;: [
    { &quot;name&quot;: &quot;a&quot;, &quot;is_valid&quot;: true },
    { &quot;name&quot;: &quot;b&quot;, &quot;is_valid&quot;: false },
    { &quot;name&quot;: &quot;c&quot; }
  ]
}
</code></pre>
<p>How can I translate <code>$ifNull</code> into an equivalent <code>$cond</code>?</p>
",@CoolqB I don't know how fast is `pygame.sprite.Group()` but it uses function from SDL library written in `C/C++` so it can be fast. But it better because it can be used with functions to detect collisions between sprites - so it has other advantages :),"Embed Field: Replacing $ifNull with $cond in MongoDB aggregation<p>I am thinking of migrating my app from MongoDB 3.6 to AWS DocumentDB. I am checking to see if everything is supported and I found <code>$ifNull</code> (aggregation) in the code. DocumentDB does not support <code>$ifNull</code>.</p>
<p>For a sample set of documents:</p>
<pre><code>[
  { &quot;hostname&quot;: &quot;foo&quot;, &quot;name&quot;: &quot;a&quot;, &quot;is_valid&quot;: true },
  { &quot;hostname&quot;: &quot;foo&quot;, &quot;name&quot;: &quot;b&quot;, &quot;is_valid&quot;: false },
  { &quot;hostname&quot;: &quot;foo&quot;, &quot;name&quot;: &quot;c&quot; }
]
</code></pre>
<p>I want to group document by the hostname field and if the is_valid field does not exist, make it true. This is the current aggregation query:</p>
<pre><code>{
  $group: {
    _id: &quot;$hostname&quot;,
    boxes: {
      $push: {
        name: &quot;$name&quot;,
        is_valid: { $ifNull: [&quot;$is_valid&quot;, true]}
      }
    }
  }
}
</code></pre>
<p>It returns:</p>
<pre><code>{
  &quot;_id&quot;: &quot;foo&quot;,
  &quot;boxes&quot;: [
    { &quot;name&quot;: &quot;a&quot;, &quot;is_valid&quot;: true },
    { &quot;name&quot;: &quot;b&quot;, &quot;is_valid&quot;: false },
    { &quot;name&quot;: &quot;c&quot;, &quot;is_valid&quot;: true }
  ]
}
</code></pre>
<p>This is what I have tried:</p>
<pre><code>{
  $group: {
    _id: &quot;$hostname&quot;,
    boxes: {
      $push: {
        name: &quot;$name&quot;,
        is_valid: { $cond: [{$ne: [&quot;$is_valid&quot;, null]}, &quot;$is_valid&quot;, true]}
      }
    }
  }
}
</code></pre>
<p>But that returns:</p>
<pre><code>{
  &quot;_id&quot;: &quot;foo&quot;,
  &quot;boxes&quot;: [
    { &quot;name&quot;: &quot;a&quot;, &quot;is_valid&quot;: true },
    { &quot;name&quot;: &quot;b&quot;, &quot;is_valid&quot;: false },
    { &quot;name&quot;: &quot;c&quot; }
  ]
}
</code></pre>
<p>How can I translate <code>$ifNull</code> into an equivalent <code>$cond</code>?</p>; Answer: @CoolqB I don't know how fast is `pygame.sprite.Group()` but it uses function from SDL library written in `C/C++` so it can be fast. But it better because it can be used with functions to detect collisions between sprites - so it has other advantages :)","[-0.02378316968679428, 0.012316283769905567, 0.0010295480024069548, -0.00594579242169857, 0.008410441689193249, 0.013541646301746368, -0.006008452735841274, -0.024813586845993996, 0.002146124606952071, -0.015358802862465382, 0.02520347572863102, 0.006380935199558735, 0.03358606621623039, 0.011606130748987198, 0.01066622231155634, 0.003068627556785941, 0.008786405436694622, -0.00940604880452156, -0.018826020881533623, -0.01549804862588644, -0.003717860672622919, 0.010067465715110302, -0.007477495353668928, -0.019633647054433823, -0.04411304369568825, 0.002106091473251581, -0.0024089510552585125, -0.023504678159952164, 0.0031399910803884268, 0.02809978649020195, 0.0352848656475544, 0.015233482234179974, -0.010819392278790474, -0.012539077550172806, -0.02826688066124916, -0.022265391424298286, -0.005336592439562082, -0.004563778638839722, 0.01991213858127594, -0.007011021953076124, 0.053693149238824844, -0.013799251057207584, 0.002736178459599614, -0.03790268674492836, 0.019717194139957428, 0.04363960772752762, -0.006398340687155724, -0.029993528500199318, -0.016960129141807556, -0.012344133108854294, 0.010568750090897083, 0.03272274509072304, -0.039879973977804184, 0.001571736065670848, -0.006297387648373842, -0.0016135098412632942, 0.0071224188432097435, 0.04138382896780968, 0.0005983214359730482, 0.0075053442269563675, 0.01718292199075222, 0.01782345212996006, -0.020594442263245583, 0.009064896032214165, -0.01895134337246418, -0.00722685270011425, -0.0008850806043483317, 0.005134685896337032, -0.00802751537412405, -0.009879483841359615, 0.019842514768242836, 0.025092078372836113, -0.033641766756772995, -0.022683128714561462, 0.04957147687673569, -0.02470219135284424, -0.021262820810079575, 0.0100465789437294, -0.004111229907721281, -0.0014551178319379687, -0.003348859492689371, -0.037011511623859406, -0.009037047624588013, 0.027974465861916542, -0.005559385288506746, 0.021429916843771935, -0.019939986988902092, 0.03422660008072853, -0.011292828246951103, 0.001479485770687461, -0.00706672016531229, 0.007171154487878084, 0.046814411878585815, 0.005994528066366911, 0.00021800657850690186, 0.014704348519444466, -0.02395026385784149, 0.044057346880435944, 0.014592951163649559, 0.005736923776566982, -0.01895134337246418, 0.027347858995199203, -0.01736394129693508, -0.0013628675369545817, -0.012016905471682549, -0.0077559868805110455, 0.014968914911150932, -0.01992606185376644, 0.0027170320972800255, -0.020496970042586327, 0.0273060854524374, 0.003268793225288391, 0.00642619002610445, -0.0075610424391925335, 0.01748926192522049, -0.01460687629878521, 0.01019278634339571, -0.02602502517402172, -0.03818117827177048, -0.015052461996674538, 0.006854370702058077, 0.014425856992602348, 0.03932299092411995, -0.038125477731227875, 0.005660338792949915, 1.9187080397387035e-05, 0.009496558457612991, -0.011376375332474709, -0.02024632878601551, -0.02439584955573082, 0.0273060854524374, 0.031413834542036057, 0.0088212164118886, 0.0072895134799182415, 0.00308777391910553, -0.004045088309794664, -0.0216944832354784, -0.014244837686419487, -0.039434388279914856, -0.006795191206037998, 0.020441271364688873, 0.02732001058757305, -0.0008198092109523714, -0.04194081202149391, -0.03336327522993088, 0.0281137116253376, -0.0018241188954561949, -0.02069191448390484, 0.017893075942993164, -0.004535929299890995, -0.006217321380972862, 0.0036517190746963024, 0.007519268896430731, 0.01420306321233511, 0.03564690425992012, -0.02037164941430092, -0.01187069807201624, -0.0006396600510925055, 0.011996018700301647, 0.0014063818380236626, 0.022251466289162636, 0.001371570397168398, -0.016793033108115196, -0.015344878658652306, -0.0073382495902478695, 0.018867794424295425, 0.01780952699482441, -0.0225021094083786, 0.001380273257382214, -0.012392869219183922, 0.010318107903003693, 0.04706505313515663, -0.02357430011034012, 0.029492244124412537, 0.008730706758797169, -0.02023240365087986, -0.011188393458724022, 0.02745925635099411, -0.04862460494041443, -0.024145208299160004, -0.0011809777934104204, 0.004407126922160387, 0.00295200920663774, 0.038125477731227875, -0.0066629075445234776, -0.030550511553883553, -0.008138912729918957, -0.011028260923922062, -0.01019278634339571, 0.017391789704561234, -0.0024402812123298645, 0.023017317056655884, 0.007916118949651718, -0.016793033108115196, -0.5886195302009583, -0.008688933216035366, -0.001560422359034419, -0.03294553607702255, -0.01832473650574684, 0.008076251484453678, 0.01276187039911747, 0.001367218908853829, -0.04895879700779915, 0.044697877019643784, 0.0016309155616909266, 0.022084372118115425, -0.01864500157535076, -0.005312224384397268, 0.00032374629518017173, -0.007303438149392605, 0.014620800502598286, -0.028712468221783638, -0.010450391098856926, 0.02279452420771122, -0.020510895177721977, 0.020148856565356255, 0.005729961208999157, -0.0028214664198458195, 0.013144795782864094, 0.016152502968907356, -0.020023534074425697, -0.0015865309396758676, 0.0120517173781991, 0.01700190268456936, -0.0449206680059433, 0.023657847195863724, -0.003961540758609772, 0.0063844164833426476, 0.05970856547355652, -0.008828178979456425, -0.029130205512046814, 0.002859758911654353, 0.00212523783557117, 0.05541979521512985, -0.017906999215483665, 0.002287111012265086, 0.020148856565356255, -0.008034477941691875, -0.008048403076827526, 0.026108572259545326, 0.017308242619037628, 0.003982427529990673, 0.020580517128109932, -0.03545195981860161, -0.01860322803258896, 0.0004460214404389262, -0.006701200269162655, 0.023490753024816513, 0.012747946195304394, -0.009134518913924694, 0.02473003976047039, 0.01018582470715046, 0.02842005155980587, 0.0011983835138380527, -0.0024002480786293745, 0.0035281383898109198, -0.015484124422073364, -0.013116947375237942, -0.009983918629586697, -0.0008315580198541284, 0.016834808513522148, 0.011028260923922062, 0.0071850791573524475, -0.011418148875236511, 0.017781678587198257, 0.019466551020741463, -0.008786405436694622, 0.0116270175203681, 0.0304948128759861, 0.002703107660636306, 0.028489675372838974, -0.0065027750097215176, -0.004984996747225523, 0.00433054193854332, 0.009879483841359615, -0.01828296296298504, -0.002668296219781041, -0.009823785163462162, -0.006286944262683392, -0.014899292029440403, -0.026136422529816628, 0.01292200293391943, 0.000517384905833751, -0.0009555737487971783, 0.00458118412643671, 0.03467218577861786, -0.015400576405227184, -0.01340240053832531, -0.026902273297309875, 0.017684206366539, -0.005646414123475552, 0.013499872758984566, 0.028475750237703323, -0.02715291641652584, -0.02439584955573082, -0.0018589303363114595, 0.024173056706786156, 0.021137500181794167, 0.028071938082575798, 0.0064888508059084415, -0.016918355599045753, -0.005810027942061424, 0.03255565091967583, -0.03386455774307251, -0.004135597962886095, -0.01941085420548916, -0.0076585146598517895, -0.01549804862588644, 0.0067847478203475475, -0.03806978091597557, 0.025481967255473137, -0.016612013801932335, 0.013423287309706211, -0.017600659281015396, -0.006339161656796932, 0.01187069807201624, 0.019383003935217857, -0.008438291028141975, 0.020176704972982407, -0.017224695533514023, 0.025328796356916428, -0.009510482661426067, -0.015846163034439087, 0.0038292573299258947, 0.016625938937067986, -0.003084292635321617, 0.005956235807389021, -0.021750181913375854, 0.024785738438367844, -0.004598590079694986, 0.010575712658464909, -0.010638372972607613, 0.007957893423736095, -0.013291004113852978, 0.002880645915865898, -0.0015230000717565417, 0.041188884526491165, -0.01736394129693508, 0.00025891000404953957, -0.02747318148612976, -0.03904449939727783, 0.012323246337473392, -0.021861577406525612, 0.002635225187987089, -0.020817235112190247, -0.021861577406525612, -0.007623703218996525, 0.0007292994414456189, -0.028071938082575798, -0.015971483662724495, 0.020747613161802292, -0.021945126354694366, -0.011042186059057713, -0.04032555967569351, -0.0008607126073911786, 0.016333522275090218, -0.009684540331363678, -0.002934603486210108, -0.0240755844861269, -0.04146737605333328, -0.016027182340621948, 0.03598109260201454, 0.00196510530076921, -0.04235854744911194, -0.010422542691230774, -0.004059012979269028, -0.017712056636810303, -0.006405303254723549, -0.029631489887833595, -0.017600659281015396, -0.01925768330693245, 0.008862989954650402, -0.007045833393931389, 0.005729961208999157, 0.03255565091967583, 0.0029815989546477795, 0.014801819808781147, 0.005145129282027483, 0.016514543443918228, -0.005848320201039314, 0.02860107086598873, 0.010812430642545223, 0.010882053524255753, 0.035257015377283096, 0.006161623168736696, 0.004480231087654829, -0.013381513766944408, -0.013952421024441719, -0.02826688066124916, 0.01829688809812069, 0.011028260923922062, 0.00670816283673048, -0.002342809224501252, 0.0076515525579452515, 0.01404293067753315, 0.035897545516490936, 0.021165350452065468, -0.012928965501487255, 0.023017317056655884, -0.01668163761496544, 0.008375629782676697, 0.0032026516273617744, 0.018046244978904724, 0.013158720917999744, 0.02021847851574421, -0.01941085420548916, -0.012518190778791904, -0.01428661122918129, -0.0013384994817897677, 0.03561905398964882, -0.004591627512127161, -0.00674645509570837, -0.021945126354694366, 0.023838868364691734, -0.004668212961405516, -0.00852183811366558, 0.013339740224182606, 0.014001157134771347, -0.00726862670853734, -0.011264978908002377, -0.01139726210385561, 0.017851300537586212, 0.02261350490152836, -0.02184765413403511, 0.01654239185154438, 0.023671772330999374, -0.013632155954837799, -0.01036684401333332, -0.002922419458627701, 0.004128635860979557, 0.023295808583498, 0.008466139435768127, 0.030745455995202065, -0.04564474895596504, 0.002680480247363448, 0.0241034347563982, 0.023964188992977142, -0.01558159664273262, 0.01652846671640873, -0.00978201162070036, 0.02954794280230999, 0.017600659281015396, 0.006112887058407068, 0.041355978697538376, -0.013478985987603664, 0.0006888312054798007, -0.024354076012969017, -0.021791955456137657, 0.0015021131839603186, -0.0076028164476156235, 0.0007188560557551682, 0.014370158314704895, 0.014119516126811504, 0.019522249698638916, 0.007943968288600445, -0.020037459209561348, -0.000634003197774291, -0.010387730784714222, -0.0015760875539854169, 0.005040694959461689, 0.0017814749153330922, -0.0074009099043905735, 0.00243157846853137, 0.007797760423272848, -0.019953912124037743, -0.037345703691244125, 0.01034595724195242, -0.046340975910425186, 0.0024124321062117815, 0.01276187039911747, 0.008765517733991146, 0.009733275510370731, 0.0035612094216048717, -0.002588229952380061, -0.015511973761022091, -0.0148575184866786, 0.002483795629814267, 0.007923081517219543, -0.0066489833407104015, 0.011863735504448414, 0.0029171977657824755, 0.030550511553883553, 0.0038083705585449934, 0.006756898481398821, -0.008793367072939873, 0.0007675920496694744, 0.009329463355243206, 0.011000411584973335, 0.02071976289153099, 0.010589636862277985, 0.013506835326552391, 0.016806958243250847, 0.008264233358204365, 0.00795093085616827, -0.006380935199558735, 0.00938516203314066, -0.029770735651254654, -0.027166839689016342, 0.047622036188840866, -0.01574869081377983, -0.008292082697153091, -0.032026514410972595, -0.008535762317478657, 0.017600659281015396, -0.026206044480204582, 0.0034324070438742638, -0.0028493155259639025, -0.008326893672347069, -0.004271362442523241, 0.00417040940374136, -0.003947616089135408, -0.005642932839691639, 0.031023947522044182, 0.0007715083193033934, -0.017447488382458687, -0.024618644267320633, -0.032834142446517944, -0.002743140794336796, 0.024298379197716713, 0.007512306794524193, 0.027180764824151993, 0.012782757170498371, 0.006861332803964615, 0.015679068863391876, -0.007902194745838642, -0.05572613701224327, 0.026763027533888817, -0.037512797862291336, -0.030578359961509705, 0.017739905044436455, 0.02198689989745617, -0.015609445050358772, -0.015233482234179974, -0.001227102940902114, 0.010784581303596497, -0.014495479874312878, -0.01956402324140072, -0.02631744183599949, -0.022237541154026985, -0.009127557277679443, 0.0073382495902478695, 0.020650140941143036, 0.01799054630100727, 0.009949106723070145, 0.001335888635367155, -0.008389554917812347, 0.0064087845385074615, -0.024688266217708588, -0.008535762317478657, -0.018213341012597084, 0.02649846114218235, 0.0031626184936612844, 0.00586572615429759, 0.04400164633989334, -0.0002891524345614016, 0.016987977549433708, 0.013458099216222763, 0.008695894852280617, 0.009329463355243206, 0.04046480730175972, 0.0013724406016990542, 0.0005913591594435275, 0.024813586845993996, -0.016486693173646927, -0.028030164539813995, 0.014370158314704895, -0.02296162024140358, 0.013214418664574623, 0.009127557277679443, -0.030606210231781006, -0.020914707332849503, -0.018561454489827156, 0.028294730931520462, 0.015330953523516655, -0.01349291019141674, -0.004159966018050909, 0.008292082697153091, -0.026930121704936028, -0.015275255776941776, -0.007923081517219543, 0.02860107086598873, -0.001832821755670011, -0.011285865679383278, -0.016263900324702263, -0.023059090599417686, -0.003197429934516549, -0.004483712371438742, 0.008535762317478657, -0.0017544961301609874, -0.052885524928569794, -0.01324226800352335, 0.006802153307944536, 0.042943380773067474, 0.0011853291653096676, 0.014732196927070618, 0.01226754765957594, 0.027737747877836227, -0.007978780195116997, -0.008988311514258385, -0.024604719132184982, -0.011299789883196354, -0.01524740643799305, 0.001051305211149156, -0.028475750237703323, 0.005590715911239386, -0.005040694959461689, -0.025495892390608788, 0.04731569439172745, 0.026763027533888817, 0.007171154487878084, 0.015999333932995796, 0.021708408370614052, 0.0015029835049062967, 0.02041342295706272, -0.009775049984455109, 0.038153328001499176, -0.006617652717977762, -0.007797760423272848, 0.01196816936135292, -0.0028580185025930405, 0.001459469203837216, -0.025022456422448158, 0.006854370702058077, 0.007825609296560287, 0.010610523633658886, 0.02330973371863365, -0.008145874366164207, -0.02667948044836521, 0.0016883544158190489, -0.026582008227705956, 0.018199415877461433, -0.0024089510552585125, 0.018742473796010017, -0.001399419503286481, 0.00726862670853734, 0.015191707760095596, -0.005420139525085688, 7.832572009647265e-05, -0.005615083500742912, -0.011181431822478771, 0.02776559628546238, 0.010213674046099186, -0.0037317853420972824, -0.0070980507880449295, -0.00629390636458993, -0.038933102041482925, -0.017155073583126068, -0.0001512121525593102, 0.0020434309262782335, 0.022557806223630905, 0.025412343442440033, -0.008452215231955051, -0.03199866786599159, 0.015595520846545696, 0.015456275083124638, 0.002670036628842354, -0.011111808940768242, -0.014885367825627327, 0.0019407372456043959, -0.02344897948205471, 0.0029415658209472895, -0.034755732864141464, -0.016932278871536255, -0.02665163017809391, 0.00016056772437877953, 0.01687658205628395, 0.01210741512477398, 0.014119516126811504, 0.00900223571807146, -0.006669870112091303, 0.026428837329149246, -0.010164937935769558, -0.021415991708636284, -0.02663770690560341, 0.00020255900744814426, 0.0009973475243896246, 0.018561454489827156, -0.0018885200843214989, 0.043918099254369736, 0.020803309977054596, 0.028141560032963753, 0.004375796765089035, 0.015442350879311562, 0.019967837259173393, 0.008869952522218227, 0.005270450375974178, -0.01276187039911747, -0.006029339507222176, 0.014760046266019344, 0.021736256778240204, 0.001427268609404564, 0.0008746371604502201, 0.011097883805632591, 0.03247210383415222, -0.0297150369733572, -0.02262743003666401, -0.003985908813774586, -0.04564474895596504, -0.016667712479829788, -0.005991047248244286, -0.007930044084787369, -0.014648649841547012, -0.026289591565728188, -0.012915040366351604, 0.02442369982600212, -0.009628841653466225, 0.024980682879686356, -0.013144795782864094, 0.015149934217333794, 0.027542803436517715, -0.02475789003074169, -0.0030895143281668425, -0.002109572757035494, -0.029464393854141235, 0.0033801898825913668, 0.002438540803268552, 0.004222626332193613, -0.016417071223258972, -0.0009129297686740756, 0.022557806223630905, -0.002297554397955537, 0.02517562545835972, -0.031887270510196686, 0.03575830161571503, -0.016263900324702263, -0.015456275083124638, 0.02695797197520733, -0.02294769510626793, -0.004696061834692955, -0.02794661559164524, -0.011432074010372162, -0.018241189420223236, 0.029826434329152107, 0.01700190268456936, 0.006036302074790001, -0.00478309066966176, -0.008452215231955051, -0.020608367398381233, 0.011752339079976082, 0.006739492993801832, 0.049348682165145874, 0.0020590960048139095, 0.015080311335623264, 0.022989468649029732, -0.02230716496706009, -0.02619211934506893, -0.02149953879415989, 0.007644589990377426, 0.001247119507752359, 0.029965680092573166, 0.031859420239925385, -0.01704367622733116, -0.016653787344694138, -0.015094236470758915, -0.014913217164576054, 0.008250309154391289, -0.03497852385044098, 0.027236463502049446, 0.00509291235357523, -0.02761242724955082, -0.02183372899889946, 6.309571472229436e-05, -0.028963109478354454, 0.002097388729453087, -0.00046429745270870626, 0.007212928496301174, -0.003902361262589693, 0.006179028656333685, -0.029269451275467873, 0.004946704022586346, 0.0006226894329302013, 0.029130205512046814, -0.016291748732328415, 0.022432485595345497, -0.01668163761496544, -0.018547529354691505, 0.012754907831549644, 0.04352821409702301, 0.02133244462311268, 0.004302692599594593, -0.02408950962126255, 0.007874345406889915, 0.02120712399482727, -0.0030982173047959805, -0.008013591170310974, -0.008730706758797169, -0.01892349310219288, 0.03222145885229111, -0.026930121704936028, -0.006923993583768606, 0.013353664427995682, -0.006958805024623871, 0.009823785163462162, 0.004615995567291975, -0.019062738865613937, -0.017544960603117943, -0.005952754523605108, 0.0024890173226594925, 0.012184000574052334, -0.0017666800413280725, -0.011828923597931862, 0.00247161160223186, 0.008514875546097755, 0.027751673012971878, -0.025022456422448158, -0.004922336433082819, 0.015623370185494423, -0.0018763360567390919, -0.008250309154391289, 0.00018286879640072584, 0.016319599002599716, 0.020845085382461548, -0.028656769543886185, 0.010889015160501003, 0.031191041693091393, 0.005204308778047562, 0.006548029836267233, 0.023351507261395454, 0.029297299683094025, -0.031218890100717545, -0.002269705291837454, -0.00047952745808288455, -0.023992037400603294, -0.006262576207518578, 0.0040102768689394, -0.025412343442440033, -0.022404637187719345, 0.0019598836079239845, 0.028127634897828102, 0.04636882618069649, -0.0116270175203681, -0.04238639771938324, 0.0026334847789257765, 0.018672851845622063, 0.03592539578676224, -0.01654239185154438, -0.027695974335074425, 0.002708329353481531, -0.02133244462311268, 0.0075053442269563675, 0.02311478927731514, -0.016333522275090218, -0.002168752020224929, -0.018032321706414223, 0.00020168873015791178, -0.010269371792674065, -0.03197081759572029, -0.012984663248062134, -0.010415580123662949, 0.022571731358766556, -0.005486281588673592, -0.016598090529441833, -0.04400164633989334, -0.019689345732331276, -0.010923827067017555, -0.02134636975824833, 0.013987232930958271, -0.00827119592577219, 0.006530624348670244, 0.042943380773067474, -0.010248485021293163, 0.014941065572202206, -0.029352998360991478, -0.006701200269162655, -0.0216944832354784, -0.024604719132184982, -0.012650473974645138, -0.015692992135882378, -0.0036308320704847574, 0.03784698620438576, 0.044224441051483154, -0.0004227413155604154, -0.012706171721220016, -0.01817156746983528, -0.05959716811776161, -0.018408283591270447, -0.015484124422073364, 0.018589302897453308, 0.028796015307307243, -0.0064157466404139996, -0.014091666787862778, 0.05848320201039314, 0.022599579766392708, 0.03481142967939377, -0.009419973008334637, -0.004149522632360458, -0.002506423043087125, 0.015804389491677284, 0.013478985987603664, 0.002546456176787615, -0.014899292029440403, -0.023240111768245697, 0.028517523780465126, 0.021541312336921692, 0.04731569439172745, 0.018561454489827156, 0.0005230417591519654, -0.0015012429794296622, -0.0016213423805311322, 0.01228843443095684, 0.00275184353813529, -0.0033767088316380978, 0.0003128677199129015, -0.014565102756023407, -0.013193531893193722, -0.010958638042211533, -0.010742807760834694, 0.021067878231406212, 0.007943968288600445, 0.015665143728256226, 0.002257521264255047, -0.011989056132733822, -0.013284041546285152, -0.0020068788435310125, 0.00621384009718895, -0.0417458675801754, 0.0031382504384964705, 0.0035716528072953224, 0.008800329640507698, 0.028447899967432022, -0.007985741831362247, 0.014425856992602348, -0.021945126354694366, 0.017572810873389244, -0.027083292603492737, -0.015985408797860146, 0.006050226744264364, 0.004229588899761438, 0.002774470951408148, -0.01881209760904312, 0.007832571864128113, 0.003160877851769328, -0.01974504254758358, 0.004751760046929121, -0.0005691669066436589, -0.05366530269384384, 0.02020455338060856, -0.015122084878385067, -0.030634058639407158, 0.014815744943916798, 0.015929710119962692, 0.04269273951649666, -0.021388143301010132, -0.020343799144029617, -0.008737669326364994, -0.014579026959836483, 0.0025934516452252865, 0.012608700431883335, -0.011564357206225395, -0.028796015307307243, 0.019939986988902092, 4.36774680565577e-05, -0.017948772758245468, -0.0022157474886626005, 0.20140500366687775, 0.01765635795891285, 0.028058012947440147, 0.01925768330693245, -0.035591207444667816, 0.008312969468533993, 0.02070583961904049, -0.008730706758797169, -0.030439114198088646, 0.0240616612136364, -0.0030581841710954905, -0.0034828835632652044, -0.008034477941691875, 0.004428014159202576, -0.009670615196228027, -0.006259095389395952, -0.021750181913375854, -0.04865245521068573, -0.025788307189941406, -0.0005273931892588735, 0.035368412733078, 0.004706505220383406, -0.02585793100297451, -0.0071781170554459095, 0.021638784557580948, -0.018867794424295425, 0.034310147166252136, 0.00866108387708664, 0.006885700859129429, 0.0014368417905643582, -0.011898546479642391, 0.001612639520317316, -0.009343387559056282, 0.00987252127379179, -0.021304596215486526, -0.02599717676639557, 0.006450558081269264, -0.01036684401333332, -0.0006196434842422605, 0.009663652628660202, -0.002920679049566388, -0.03826472535729408, 0.013666967861354351, 0.0071363430470228195, -0.01019278634339571, 0.006610690616071224, -0.0006831742939539254, -0.001804972649551928, -0.0184918325394392, 0.0337253138422966, -0.012170076370239258, -0.012615662068128586, 0.017252543941140175, 0.005789140705019236, -0.006039783358573914, -0.045199159532785416, 0.02278059907257557, -0.01587401144206524, 0.01421698834747076, 0.025593362748622894, 0.0018658926710486412, 0.03255565091967583, 0.014829669147729874, 0.020023534074425697, -0.013499872758984566, 0.01517778355628252, -0.02073368802666664, -0.009259840473532677, 0.00932250078767538, -0.024952832609415054, -0.01556767150759697, -0.0070249466225504875, -0.004776128102093935, 0.0037004549521952868, 9.797513484954834e-06, -0.029464393854141235, 0.023212261497974396, 0.023546451702713966, 0.012232736684381962, 0.02137421816587448, -0.016249975189566612, -0.00363431335426867, -0.013639118522405624, 7.081950025167316e-05, -0.03135813772678375, 0.006081556901335716, 0.00617554783821106, -0.003261831123381853, -0.032193612307310104, 0.007373061031103134, -0.021388143301010132, 0.005145129282027483, -0.02679087594151497, -0.01845005713403225, 0.002530791098251939, 0.010443429462611675, -0.0044106082059443, 0.019369080662727356, -0.011696640402078629, -0.015414501540362835, -0.02860107086598873, 0.014175214804708958, 0.015470199286937714, -0.012462492100894451, -0.009204141795635223, 0.01957794837653637, 0.015832237899303436, -0.018756398931145668, -0.0026769989635795355, -0.00834081880748272, 0.004114711191505194, -0.031051795929670334, 0.00152387039270252, -0.008793367072939873, 0.035869698971509933, 0.020329875871539116, 0.013235305435955524, -0.022516032680869102, -0.001620472059585154, -0.002435059519484639, 0.009169330820441246, -0.032499950379133224, 0.01701582781970501, -0.005096393171697855, -0.008333856239914894, -0.030884701758623123, 0.0017266469076275826, 0.015275255776941776, -0.007205965928733349, -0.01877032406628132, 0.02120712399482727, -0.023295808583498, 0.00678822910413146, -0.0017092411871999502, -0.0018032321240752935, 0.01210741512477398, 0.009600992314517498, -0.0385432168841362, -0.00047517602797597647, 0.024340152740478516, 0.010325070470571518, -0.024465473368763924, 0.00915540661662817, 0.004793534055352211, 0.0008572314982302487, -0.033808860927820206, 0.003333194414153695, -0.019939986988902092, -0.003909323830157518, -0.03294553607702255, -0.0208729337900877, -0.008800329640507698, 0.0028249474707990885, -0.043611761182546616, 0.01669556275010109, -0.015386652201414108, 0.0074009099043905735, -0.018756398931145668, 0.018227264285087585, 0.002764027565717697, -0.021081801503896713, 0.008375629782676697, 0.010394693352282047, 0.00558375334367156, -0.006098962388932705, -0.026108572259545326, -0.1765635758638382, 0.035897545516490936, 0.02442369982600212, -0.03144168481230736, 0.019981760531663895, -0.017377866432070732, 0.02699974551796913, 0.0069379182532429695, -0.006011934019625187, -0.028628921136260033, -0.012378945015370846, 0.008542724885046482, -0.04547765105962753, -0.014690423384308815, 0.004528967197984457, 0.010937751270830631, -0.015623370185494423, 0.015706917271018028, 0.001744922949001193, 0.012928965501487255, 0.02246033400297165, -0.015122084878385067, 0.006997097283601761, -0.0015021131839603186, -0.019355155527591705, -0.005782178603112698, -0.019550099968910217, -0.00275184353813529, 0.009740238077938557, -0.005970160476863384, 0.01732216775417328, 0.005740405060350895, -0.013130871579051018, -0.003895399160683155, -0.0034828835632652044, -0.011536507867276669, -0.013430249877274036, -0.03096824884414673, -0.009106670506298542, -0.012385906651616096, 0.02422875538468361, -0.012740983627736568, -0.01941085420548916, -0.005942311137914658, 0.012406793422996998, 0.042469944804906845, 0.014773971401154995, -0.0019407372456043959, 0.031246740370988846, -0.010895977728068829, 0.02680480107665062, -0.03322402760386467, -0.0011479068780317903, 0.010624448768794537, 0.00026043300749734044, 0.012838455848395824, -0.00409034313634038, 0.004675175063312054, -0.009399086236953735, -0.06227068603038788, -0.0036552001256495714, -0.03840396925806999, 0.009969993494451046, -0.013423287309706211, -0.02503638155758381, -0.015943635255098343, -0.019048813730478287, 0.009252877905964851, -0.04990566521883011, 0.0008232903201133013, -0.0009712388855405152, 0.00020027451682835817, 0.0018624115036800504, -0.003253128146752715, -0.003717860672622919, 0.002854537218809128, -0.02393633872270584, 0.00014533771900460124, -0.017600659281015396, 0.008480064570903778, -0.013478985987603664, 0.02039949782192707, -0.004685618449002504, 0.019842514768242836, -0.0010617485968396068, -0.001804972649551928, -0.0002700061595533043, 0.015191707760095596, 0.0014229172375053167, 0.00565337622538209, 0.02796054072678089, -0.007526230998337269, 0.00363431335426867, -0.0014220469165593386, 0.005736923776566982, 0.02633136510848999, -0.0015813092468306422, -0.004612514283508062, 0.00836170557886362, 0.0080414405092597, 0.0024768332950770855, -0.019522249698638916, -0.018756398931145668, -0.012316283769905567, 0.005500205792486668, -0.0008180686272680759, 0.015511973761022091, -0.00818068627268076, 0.044057346880435944, 0.004929298534989357, -0.02346290461719036, -0.006189472507685423, 0.009921257384121418, 0.035089921206235886, 0.01164094265550375, 0.018895644694566727, -0.010018729604780674, -0.010422542691230774, 0.01341632567346096, -0.01212134025990963, 0.07602816075086594, -0.013367589563131332, -0.0013611268950626254, -0.003449812764301896, 0.029185902327299118, -0.003341897390782833, -0.099644236266613, -0.014732196927070618, -0.009587068110704422, 0.00614421721547842, -0.017238620668649673, -0.0032670528162270784, -0.013430249877274036, 0.004609033465385437, -0.0281137116253376, 0.015414501540362835, -0.01588793657720089, -0.008333856239914894, -0.013952421024441719, 0.019174136221408844, 0.010499127209186554, 0.006342642474919558, -0.015679068863391876, 0.013151758350431919, 0.0038083705585449934, 0.03890525549650192, 0.006596765946596861, -0.015539822168648243, -0.0016291749197989702, -0.018700700253248215, -0.018394360318779945, 0.018979191780090332, -0.03971287980675697, 0.018046244978904724, 0.025245249271392822, 0.00931553915143013, 0.0076028164476156235, -0.028684617951512337, 0.03163662925362587, -0.012337170541286469, -0.015679068863391876, -0.03578615188598633, -0.0025447155348956585, 0.0065445490181446075, 0.027654200792312622, 0.008528800681233406, 0.0003067757352255285, 0.01991213858127594, 0.0029015326872467995, 0.002866721246391535, 0.018658926710486412, -0.007700288202613592, -0.005298299714922905, 0.04124458134174347, 0.04868030548095703, -0.012086528353393078, 0.010178862139582634, -0.01977289281785488, 0.006715124938637018, -0.03080115281045437, 0.011884622275829315, 0.01212830189615488, 0.02421483024954796, -0.004915373865514994, -0.0064157466404139996, 0.022070446982979774, -0.010234560817480087, 0.0016422292683273554, -0.00299204234033823, 0.03500637412071228, 0.028127634897828102, 0.008988311514258385, -0.026136422529816628, -0.027807369828224182, 0.008577536791563034, -0.019313381984829903, -0.019703269004821777, 0.00449067447334528, -0.02553766593337059, 0.012566925957798958, -0.019870365038514137, -0.008709819987416267, 0.008438291028141975, -0.015275255776941776, 0.0016056771855801344, 0.004797014873474836, -0.02443762496113777, -0.003115623025223613, 0.009225028567016125, -0.02248818427324295, 0.03832042217254639, 0.00566381961107254, 0.00686829537153244, -0.020315950736403465, 0.01895134337246418, -0.022989468649029732, 0.02346290461719036, -0.00946174655109644, -0.015985408797860146, -0.02041342295706272, -0.02229323983192444, 0.031107494607567787, -0.005186903290450573, 0.005218233447521925, -0.0012975960271432996, -0.011383337900042534, -0.0038118516094982624, -0.01959187351167202, -0.054862815886735916, 0.01989821344614029, -0.01228147279471159, 0.0002715291630011052, -0.0005639451555907726, -0.005197346676141024, -0.01828296296298504, -0.027570653706789017, 0.025328796356916428, 0.017461413517594337, -0.012413755990564823, 0.011111808940768242, -0.004062493797391653, -0.014161289669573307, -0.013186570256948471, -0.00042078315163962543, 0.040381260216236115, 0.021931201219558716, 0.03230500593781471, 0.019661495462059975, -0.017739905044436455, 0.009454784914851189, -0.01684873178601265, 0.0208729337900877, -0.013465060852468014, 0.0066733513958752155, 0.014954990707337856, 0.009169330820441246, 0.020928632467985153, -0.0497664213180542, 0.01292200293391943, -0.032026514410972595, 0.03921159356832504, 0.0032548687886446714, 0.029798584058880806, -0.01572084240615368, 0.01276187039911747, 0.020315950736403465, 0.045672595500946045, 0.009364274330437183, -0.013520759530365467, -0.027236463502049446, 0.017280394211411476, -0.012218812480568886, -0.01655631698668003, -0.0005578531417995691, -0.01669556275010109, 0.01556767150759697, 0.02988213114440441, 0.0068091158755123615, 0.03486713021993637, 0.009468709118664265, -0.022098295390605927, -0.019188059493899345, -0.016110729426145554, -0.03258349746465683, 0.017113300040364265, 0.026261743158102036, 0.001130501157604158, 0.032694894820451736, 0.039434388279914856, 0.020496970042586327, 0.022585656493902206, -0.001319353235885501, 0.02887956239283085, -0.02442369982600212, -0.02362999878823757, 0.013019475154578686, -0.011975131928920746, 0.01132067758589983, -0.023365432396531105, -0.0067917099222540855, -0.0009303354891017079, 0.017475338652729988, -0.007205965928733349, 0.003012929344549775, -0.00722685270011425, 0.0010086612310260534, 0.012448567897081375, 0.031692326068878174, 0.021917276084423065, -0.023045167326927185, -0.021318519487977028, 0.002297554397955537, 0.02038557268679142, 0.018714625388383865, -0.017433565109968185, 0.03595324605703354, 0.0019912137649953365, 0.007317362818866968, -0.02518955059349537, -0.002337587531656027, -0.009754163213074207, 0.01420306321233511, 0.03634313493967056, -0.004173890687525272, -0.02857322245836258, -0.010659259743988514, 0.00900223571807146, 0.007254702039062977, 0.027570653706789017, -0.01308213546872139, -0.01832473650574684, 0.0029694149270653725, -0.022891996428370476, 0.011592206545174122, -0.017781678587198257, -0.05238423869013786, -0.00044950260780751705, -0.0032827178947627544, -0.014091666787862778, -0.03625958412885666, -0.016124654561281204, 0.014968914911150932, -0.02020455338060856, 0.008326893672347069, -0.002859758911654353, -0.006642020773142576, -0.009259840473532677, 0.01155739463865757, 0.013346702791750431, 0.008584498427808285, 0.0240616612136364, -0.0025046824011951685, 0.03197081759572029, 0.02491105906665325, -0.0011200577719137073, -0.008744630962610245, 0.006339161656796932, -0.014718272723257542, 0.008744630962610245, -0.017851300537586212, 0.00036878359969705343, -0.02759850211441517, -0.012796681374311447, -0.03149738162755966, 0.015442350879311562, -0.0023323658388108015, 0.0032183167058974504, 0.08700072765350342, 0.035396263003349304, 0.006387897301465273, -0.00010236736125079915, 0.012170076370239258, 0.014272686094045639, -0.001066970289684832, 0.0023480309173464775, -0.016584165394306183, -0.0160550307482481, 0.015679068863391876, -0.007637627888470888, -0.024493321776390076, -0.027375709265470505, -0.027849143370985985, -0.007303438149392605, 0.007971817627549171, -0.004950185306370258, -0.012058679014444351, -0.006917031016200781, 0.014189139008522034, 0.017628507688641548, 0.014091666787862778, -0.000260650587733835, -0.004459344316273928, -0.010875090956687927, 0.016333522275090218, 0.010297221131622791, -0.0016413589473813772, -0.012497303076088428, -0.015665143728256226, -0.002494239015504718, -0.022432485595345497, -0.003066886914893985, 0.013318853452801704, -4.3568681576289237e-05, 0.006154661066830158, 0.022738825529813766, 0.008319932036101818, 0.016625938937067986, -0.0066002472303807735, 0.033335424959659576, -0.007352174259722233, -0.02020455338060856, 0.0176424328237772, -0.03740140050649643, -0.0009729794692248106, -0.017266469076275826, -0.016960129141807556]","[-0.011617029085755348, 0.02086651138961315, 0.006868560332804918, -0.007965389639139175, 0.021321294829249382, 0.022056972607970238, -0.01183773297816515, -0.02739398553967476, 0.009945033118128777, -0.006915376055985689, 0.020130833610892296, 0.011550149880349636, 0.03178130462765694, 0.008881643414497375, 0.01539574097841978, -0.0006926244241185486, 0.015904027968645096, -0.007189583498984575, -0.008513804525136948, -0.02402324043214321, -0.011329445987939835, 0.0012414571829140186, -0.002300666645169258, -0.017790040001273155, -0.03852279111742973, -0.00868100393563509, -0.005828578490763903, -0.026002883911132812, 0.012760674580931664, 0.01812443882226944, 0.0403151698410511, 0.019314900040626526, -0.012105252593755722, -0.01507471688091755, -0.015569628216326237, -0.03389470651745796, -0.009797897189855576, -0.006507408805191517, 0.01772315986454487, -0.01282755471765995, 0.052112776786088943, -0.01609129086136818, 0.0055209314450621605, -0.03844253718852997, 0.01964929886162281, 0.049865614622831345, -0.012854306027293205, -0.029908666387200356, -0.020585617050528526, -0.022177357226610184, 0.0056580351665616035, 0.023234058171510696, -0.047163669019937515, -0.0005563567392528057, -0.003999414853751659, -0.00421343045309186, 0.010888039134442806, 0.05575104057788849, -0.002402658574283123, 0.011162246577441692, 0.013255585916340351, 0.01463331002742052, -0.020425105467438698, 0.0067147365771234035, -0.021093903109431267, -0.005741634871810675, -0.008975275792181492, 0.0063435533083975315, -0.007336718961596489, -0.014218655414879322, 0.025467844679951668, 0.00977114588022232, -0.03146028146147728, -0.02031809650361538, 0.03758647292852402, -0.015489372424781322, -0.022257613018155098, 0.006420465186238289, -0.01176416501402855, -0.003758647246286273, -0.0051932199858129025, -0.030176186934113503, -0.013202081434428692, 0.015583003871142864, -0.004059606697410345, 0.011135494336485863, -0.02209710143506527, 0.030416954308748245, -0.006320145446807146, -0.005771730560809374, -0.007845005951821804, 0.006346897222101688, 0.03595460578799248, 0.005223316140472889, 0.0006253265892155468, 0.02249838039278984, -0.02612326852977276, 0.03838903084397316, 0.014205279760062695, 0.008734507486224174, -0.012332643382251263, 0.01787029579281807, -0.019863314926624298, 0.0004238510155119002, -0.009336426854133606, -0.005848642438650131, 0.009871465153992176, -0.017629526555538177, 0.0021184191573411226, -0.029855163767933846, 0.022431500256061554, -0.004715029150247574, -0.0036951114889234304, -0.0013350889785215259, 0.015007837675511837, -0.02037160098552704, 0.003116600913926959, -0.031139256432652473, -0.030283194035291672, -0.016412314027547836, -0.0008686020155437291, 0.013068322092294693, 0.03956611827015877, -0.03956611827015877, -0.00038560410030186176, -0.008166029118001461, 0.012011620216071606, -0.013991263695061207, -0.026792066171765327, -0.014392542652785778, 0.03335966542363167, 0.03707818686962128, 0.008507116697728634, 0.011008422821760178, 0.009463498368859291, 0.0014270487008616328, -0.028062783181667328, -0.021816205233335495, -0.02108052745461464, -0.009965097531676292, 0.015917403623461723, 0.033520180732011795, 0.00865425169467926, -0.04200054332613945, -0.023073546588420868, 0.02320730686187744, -0.0032620644196867943, -0.012506531551480293, 0.01178422849625349, -0.006928752176463604, -0.01629193127155304, -0.006407089065760374, 0.01046669576317072, 0.005477459169924259, 0.02800927869975567, -0.009276234544813633, -0.006754864472895861, -0.007958701811730862, 0.015703387558460236, 0.0015775284264236689, 0.009456810541450977, -0.0020866512786597013, -0.004648149479180574, -0.003929190803319216, -0.009898217394948006, 0.01797730289399624, 0.012774050235748291, -0.028571071103215218, -0.0001590486353961751, -0.017843542620539665, 0.005597843322902918, 0.02937362901866436, -0.030818233266472816, 0.028437310829758644, 0.00671808049082756, -0.01268041878938675, -0.014486175030469894, 0.025026438757777214, -0.03279787674546242, -0.020251218229532242, 0.0007745522307232022, 0.007416974753141403, 0.0018709637224674225, 0.03721194714307785, 0.0012657011393457651, -0.026029635220766068, -0.020786255598068237, -0.0029076014179736376, -0.004042886663228273, 0.01527535729110241, -0.009256171062588692, 0.01643906533718109, 0.00807239767163992, -0.00865425169467926, -0.6078040599822998, -0.00941668264567852, -0.011790917254984379, -0.03170104697346687, -0.013168641366064548, 0.004698309116065502, 0.00569147476926446, 0.002573202131316066, -0.047671955078840256, 0.04189353436231613, -0.0008054841309785843, 0.026658305898308754, -0.014619934372603893, -0.007403599098324776, -0.004477605689316988, -0.008881643414497375, -0.00024348443548660725, -0.028892094269394875, -0.005537651479244232, 0.011476581916213036, -0.01265366654843092, 0.011717349290847778, -0.017081113532185555, -0.016880473122000694, 0.014700190164148808, -0.0025932660792022943, -0.013355905190110207, -0.007289903238415718, 0.011550149880349636, 0.02189646102488041, -0.03167429566383362, 0.022177357226610184, -0.009249482303857803, 0.0034877839498221874, 0.052621062844991684, -0.007557422388345003, -0.03151378408074379, 0.005878738593310118, -0.0067582083866000175, 0.04638786241412163, -0.018391957506537437, -0.00018162057676818222, 0.022739147767424583, -0.007423663046211004, -0.004628085531294346, 0.022685643285512924, 0.02505319006741047, 0.0032102325931191444, 0.022886283695697784, -0.03389470651745796, -0.013402720913290977, 0.0005722406785935163, -0.019997073337435722, 0.01663970574736595, 0.011188997887074947, -0.006236545741558075, 0.017990678548812866, 0.007309967186301947, 0.02926662005484104, -0.0005208267830312252, 0.008941835723817348, 0.003608167637139559, -0.010573703795671463, -0.012988066300749779, -0.01665308140218258, 0.003758647246286273, 0.024451272562146187, 0.02086651138961315, 0.016505945473909378, -0.0017388759879395366, 0.006253265775740147, 0.014526302926242352, -0.013763871975243092, 0.006547537166625261, 0.024264007806777954, 0.007517294492572546, 0.021923214197158813, -0.0041365185752511024, 0.0047852532006800175, 0.010593767277896404, 0.007584174629300833, -0.02275252342224121, -0.003534599905833602, -0.02244487591087818, 0.0039024390280246735, -0.014767070300877094, -0.025441093370318413, 0.005825234577059746, 0.004407381638884544, -0.0016226723091676831, -0.00127322506159544, 0.028437310829758644, -0.01777666248381138, -0.022779274731874466, -0.01745563931763172, 0.017388759180903435, 0.006805024575442076, 0.009088970720767975, 0.0218429584056139, -0.021361423656344414, -0.02897235006093979, 0.004210086539387703, 0.00938993040472269, 0.02779526449739933, 0.026390787214040756, 0.0031400087755173445, -0.020144209265708923, -0.006651200819760561, 0.029641147702932358, -0.036837417632341385, 0.0038990951143205166, -0.023648712784051895, 0.0017171400832012296, -0.004795284941792488, 0.0028223295230418444, -0.03533931076526642, 0.033573683351278305, -0.014472798444330692, 0.005932242143899202, -0.017375383526086807, -0.0008911739569157362, 0.014767070300877094, 0.017174744978547096, -0.017067736014723778, 0.016425689682364464, -0.022779274731874466, 0.02407674491405487, -0.0030480490531772375, -0.002797249471768737, 0.012212259694933891, 0.005975714419037104, -0.01082115899771452, 0.009189290925860405, -0.01954229176044464, 0.03319915384054184, -0.009075595065951347, -0.0032737685833126307, -0.020839760079979897, -0.0003408782067708671, -0.0015365644358098507, 0.010319559834897518, -0.0028975694440305233, 0.03384120389819145, -0.01522185280919075, -0.006243233568966389, -0.02585574798285961, -0.03135327249765396, 0.0055543710477650166, -0.024304136633872986, 0.005216627847403288, -0.018605973571538925, -0.016024410724639893, -0.006350241601467133, 0.0014596526743844151, -0.038977574557065964, -0.017335256561636925, 0.030871737748384476, -0.01524860505014658, -0.01598428376019001, -0.03726544976234436, -0.005223316140472889, 0.022565260529518127, -0.010660647414624691, -0.0027353856712579727, -0.011998244561254978, -0.03060421720147133, -0.005407235585153103, 0.03386795520782471, -0.0011921332916244864, -0.04087696224451065, -0.012539971619844437, 0.004206742160022259, -0.019100883975625038, -0.007363471202552319, -0.007116015534847975, -0.010132296942174435, -0.016559449955821037, 0.016412314027547836, 0.0021083871833980083, 0.01437916699796915, 0.03766673058271408, 0.010326248593628407, 0.018445461988449097, 0.002807281445711851, 0.014151775278151035, -0.0027872174978256226, 0.025026438757777214, 0.0014696846483275294, 0.005848642438650131, 0.04842101037502289, 1.5910089132376015e-05, 0.00608272198587656, 0.0028942252974957228, -0.01573014073073864, -0.018926996737718582, 0.015141597017645836, 0.017241625115275383, 0.010045353323221207, 0.009817961603403091, 0.0010692415526136756, 0.019528914242982864, 0.039271846413612366, 0.021495182067155838, -0.011670533567667007, 0.022217484191060066, -0.011683909222483635, -0.0017873639008030295, -0.001145317335613072, 0.01939515583217144, 0.01750914379954338, 0.014178527519106865, -0.04175977781414986, -0.013543169014155865, -0.007437038701027632, 0.0008794699679128826, 0.04216105490922928, -0.008955211378633976, 0.005678099114447832, -0.026283780112862587, 0.022030221298336983, -0.009476874023675919, -0.0019997074268758297, 0.023140426725149155, 0.006798336282372475, -0.002727025654166937, -0.0070892637595534325, -0.007450414821505547, 0.0064806570298969746, 0.02402324043214321, -0.010179112665355206, 0.013623424805700779, 0.014526302926242352, -0.01589065231382847, -0.007998829707503319, -0.0022555228788405657, 0.00024808241869322956, 0.010399815626442432, 0.005437331274151802, 0.029079357162117958, -0.03788074478507042, 0.004019478801637888, 0.016786841675639153, 0.020037202164530754, -0.01750914379954338, 0.01694735325872898, -0.006410433445125818, 0.02229773998260498, 0.028597822412848473, 0.005430643446743488, 0.03533931076526642, -0.010165737010538578, 0.00300457701086998, -0.0193015243858099, -0.03477751836180687, 0.012426275759935379, -0.021762702614068985, 0.005143060348927975, 0.010446632280945778, 0.015288732945919037, 0.014486175030469894, 0.008814763277769089, -0.01634543389081955, 0.011108742095530033, -0.009583882056176662, 0.0060325623489916325, 0.011871173046529293, 0.0003716011415235698, -0.014900829643011093, 0.007818253710865974, 0.016358809545636177, -0.009363178163766861, -0.03900432586669922, 0.01155683770775795, -0.04521077498793602, 0.008587372489273548, 0.009209354408085346, 0.007209647446870804, 0.004648149479180574, 0.01589065231382847, -0.005734946578741074, -0.021254414692521095, -0.011510021984577179, -0.0002994963142555207, -0.0016828641528263688, 7.085083780111745e-05, 0.01995694637298584, 0.008487052284181118, 0.020023826509714127, 0.008440236561000347, 0.004347189795225859, -0.005581123288720846, -0.006634480785578489, 0.010085481218993664, 0.0013258929830044508, 0.02204359695315361, 0.0064806570298969746, 0.021615566685795784, 0.01761615090072155, 0.010393127799034119, 0.012379459105432034, -0.005176499951630831, -0.00969757791608572, -0.030925240367650986, -0.02087988890707493, 0.043391644954681396, -0.018512342125177383, -0.00987815298140049, -0.027875520288944244, 0.002044851193204522, 0.0062131378799676895, -0.03686417266726494, 0.018819989636540413, -0.006420465186238289, -0.0048186928033828735, 0.002666833810508251, -0.00026542937848716974, -0.003173448611050844, 0.005457395222038031, 0.02825004793703556, -0.0038288712967187166, -0.00965076219290495, -0.02021108940243721, -0.028143038973212242, 0.005644659046083689, 0.01787029579281807, 0.013964511454105377, 0.017268376424908638, 0.016412314027547836, 0.015235229395329952, 0.017736535519361496, -0.020786255598068237, -0.05644658952951431, 0.02825004793703556, -0.023287562653422356, -0.01694735325872898, 0.003412544261664152, 0.02194996550679207, -0.013275649398565292, -0.010446632280945778, -0.005179843865334988, 0.006748176645487547, -0.019261395558714867, -0.026484418660402298, -0.0332794114947319, -0.015770267695188522, -0.01522185280919075, 0.007677806541323662, 0.01649256981909275, 0.027006082236766815, 0.014499550685286522, 0.005537651479244232, -0.014031391590833664, 0.008440236561000347, -0.020304720848798752, -0.01061383169144392, -0.011055238544940948, 0.023956360295414925, -3.47200439136941e-05, 0.01397788804024458, 0.05090893805027008, -0.0026032980531454086, 0.01741551235318184, 0.010433255694806576, 0.0003252032620366663, -0.0010324575705453753, 0.04612034186720848, 0.003437624080106616, -0.008908395655453205, 0.023648712784051895, -0.013442848809063435, -0.03207557275891304, 0.02093339152634144, -0.010379752144217491, 0.02066587284207344, -0.00043221100349910557, -0.02948063611984253, -0.025481222197413445, -0.018659476190805435, 0.026136644184589386, 0.012707171030342579, -0.00786507036536932, 0.0003126632946077734, -0.004373942036181688, -0.035606831312179565, -0.013369280844926834, -0.012580099515616894, 0.028437310829758644, -0.0070892637595534325, -0.015703387558460236, -0.018365206196904182, -0.029694652184844017, -0.004801972769200802, -0.01812443882226944, -0.0033908081240952015, -0.010600456036627293, -0.040020901709795, -0.009015403687953949, 0.01710786484181881, 0.03905782848596573, 0.010807783342897892, 0.0016853720881044865, 0.00664451252669096, 0.030577465891838074, 0.006403745152056217, -0.009369865991175175, -0.03172779828310013, -0.007824941538274288, -0.015128221362829208, 0.004430789966136217, -0.03343992307782173, 0.002763809636235237, -0.004153238609433174, -0.024665286764502525, 0.052112776786088943, 0.014874077402055264, 0.005591155029833317, 0.016987480223178864, 0.020130833610892296, 0.0016402282053604722, 0.022485004737973213, -0.004290342330932617, 0.040448930114507675, -0.003972663078457117, -0.016372187063097954, 0.008359980769455433, -0.0052433800883591175, 0.013737120665609837, -0.020759504288434982, 0.00032645725877955556, 0.014646686613559723, 0.002095011295750737, 0.026257026940584183, -0.024143625050783157, -0.027875520288944244, 0.005688130855560303, -0.027715008705854416, 0.0042669340036809444, -0.005477459169924259, 0.013556544668972492, 0.012051748111844063, 0.007577486801892519, 0.022819403558969498, 0.0002689823741093278, -0.003397496184334159, -0.006219825707376003, 0.0050527723506093025, 0.03322590887546539, 0.008667628280818462, -0.011329445987939835, -0.0037352393846958876, -0.00640040123835206, -0.034242480993270874, -0.01138294953852892, 0.004939076490700245, -0.0016143122920766473, 0.029453884810209274, 0.02768825553357601, -0.011329445987939835, -0.03686417266726494, 0.02581562101840973, 0.011329445987939835, 0.008921771310269833, -0.009777833707630634, -0.007376846857368946, -0.00580182671546936, -0.03089848905801773, 0.007637678645551205, -0.02937362901866436, -0.028490815311670303, -0.025120070204138756, 0.001260685152374208, 0.01914101280272007, 0.009744393639266491, 0.006410433445125818, 0.01613141968846321, -0.008747884072363377, 0.026751939207315445, -0.0045946454629302025, -0.02744748815894127, -0.023287562653422356, 0.007229711394757032, 0.0031316487584263086, 0.015957530587911606, 0.0048721968196332455, 0.035660333931446075, 0.00964407343417406, 0.016332058236002922, 0.011115430854260921, 0.011235814541578293, 0.012272452004253864, 0.0013434488791972399, 0.011831045150756836, -0.017950551584362984, -0.007637678645551205, 0.027059584856033325, 0.011476581916213036, -0.0010592095786705613, 0.007711246144026518, 0.015342236496508121, 0.03967312350869179, -0.026297155767679214, -0.032503604888916016, -0.012285827659070492, -0.04200054332613945, -0.009115722961723804, -0.007804878056049347, -0.004855476785451174, -0.008587372489273548, -0.0281965434551239, -0.0205722413957119, 0.021455055102705956, -0.008246284909546375, 0.03172779828310013, -0.016332058236002922, 0.018057558685541153, 0.025213701650500298, -0.024571655318140984, -0.012292515486478806, -0.006982255727052689, -0.02269901894032955, 0.0004614709469024092, -0.0015549564268440008, -0.0005082868156023324, -0.0017706439830362797, -0.004333814140409231, 0.02723347395658493, 0.010379752144217491, 0.01096829492598772, -0.026190148666501045, 0.03659665212035179, -0.011804292909801006, -0.009329738095402718, 0.025494597852230072, -0.027046209201216698, 0.0008134261006489396, -0.02071937546133995, -0.008948523551225662, -0.0018575877184048295, 0.02774176001548767, 0.00969757791608572, 0.01479382161051035, 0.00041862603393383324, -0.01975630596280098, -0.01721487194299698, 0.01219219621270895, -0.003464376088231802, 0.0386030487716198, -0.0034476560540497303, 0.02617677114903927, 0.01730850338935852, -0.026992706581950188, -0.028945596888661385, -0.019221268594264984, -0.0003885301121044904, -0.004805317148566246, 0.02489267848432064, 0.03945910930633545, -0.002912617288529873, -0.013041569851338863, -0.02215060591697693, -0.02576211653649807, 0.012205571867525578, -0.038148265331983566, 0.014700190164148808, 0.004571237601339817, -0.025481222197413445, -0.01089472696185112, -0.007002319674938917, -0.03196856752038002, -0.005925554316490889, 0.0013125169789418578, 0.014446047134697437, -0.004086358472704887, 0.004704997409135103, -0.030925240367650986, -0.011677221395075321, -0.0027704976964741945, 0.024397768080234528, -0.016077915206551552, 0.016077915206551552, -0.022030221298336983, -0.017241625115275383, 0.011168934404850006, 0.04740443453192711, 0.02189646102488041, 0.00748385488986969, -0.03183480724692345, 0.016666457056999207, 0.025548100471496582, 0.01847221329808235, -0.01619829796254635, -0.008895020000636578, -0.020077329128980637, 0.02617677114903927, -0.01873973198235035, -0.0057550109922885895, 0.005112964194267988, -0.012807490304112434, 0.0017020921222865582, 0.002802265575155616, -0.018672853708267212, -0.01310844998806715, -0.0019244676223024726, 0.005133028142154217, 0.012105252593755722, 0.003641607705503702, -0.015061341226100922, -0.005882082507014275, 0.013429473154246807, 0.032209333032369614, -0.028785085305571556, 0.00804564543068409, 0.02483917400240898, 0.013583296909928322, -0.014298911206424236, 0.0076844943687319756, 0.013964511454105377, 0.0304437056183815, -0.024972934275865555, 0.01028612069785595, 0.03846928849816322, 0.00797207746654749, 0.0028189856093376875, 0.021321294829249382, 0.02825004793703556, -0.03338642045855522, -0.0030948647763580084, -0.00020387902623042464, -0.014178527519106865, -0.010078792460262775, 0.0004150730383116752, -0.029614396393299103, -0.02010408230125904, -0.009931657463312149, 0.03844253718852997, 0.038763560354709625, -0.00977114588022232, -0.035606831312179565, -0.007878446020185947, 0.02010408230125904, 0.028062783181667328, -0.016920601949095726, -0.022016845643520355, 0.006152946036309004, -0.023849353194236755, 0.011061926372349262, 0.009088970720767975, -0.01096829492598772, -0.008814763277769089, -0.019154388457536697, 0.005169812124222517, -0.0030697849579155445, -0.028116287663578987, -0.02265889197587967, -0.005621251184493303, 0.024705415591597557, -0.012071812525391579, -0.027715008705854416, -0.036168619990348816, -0.021455055102705956, -0.005002612713724375, -0.014472798444330692, 0.018445461988449097, 0.0019211235921829939, 0.009664137847721577, 0.03844253718852997, 0.0012414571829140186, 0.020532112568616867, -0.025013063102960587, -0.007544046733528376, -0.01440591923892498, -0.028089534491300583, -0.01898050121963024, -0.017683031037449837, -0.0011528413742780685, 0.018565844744443893, 0.02693920210003853, 0.0054272995330393314, -0.00632683327421546, -0.026738561689853668, -0.0602988675236702, -0.018097685649991035, -0.013503041118383408, 0.010346312075853348, 0.027554497122764587, -0.013589984737336636, -0.01122243795543909, 0.04919681325554848, 0.02505319006741047, 0.028223294764757156, -0.007557422388345003, 0.001145317335613072, -0.001820803852751851, 9.833427611738443e-05, 0.01178422849625349, -0.005741634871810675, -0.020277969539165497, -0.008794699795544147, 0.027353856712579727, 0.011570213362574577, 0.049303822219371796, 0.01750914379954338, 0.009811273775994778, -0.007229711394757032, -0.0016051162965595722, 0.0033138964790850878, -0.0025063222274184227, 0.005975714419037104, 0.011824356392025948, -0.021401550620794296, -0.016465818509459496, -0.009042154997587204, -0.0016410641837865114, 0.024357639253139496, 0.012526595033705235, 0.012941250577569008, 0.001657784217968583, -0.018164565786719322, -0.013335841707885265, -0.0037352393846958876, -0.002349154558032751, -0.04028841853141785, -0.006774928420782089, -0.0016669802134856582, 0.011770852841436863, 0.027006082236766815, -0.016933977603912354, 0.010874662548303604, -0.017749911174178123, 0.022819403558969498, -0.03421572968363762, -0.01086797472089529, 0.016679832711815834, 0.012285827659070492, -0.004524421412497759, -0.010573703795671463, 0.0043605659157037735, -0.006219825707376003, -0.017950551584362984, 0.01629193127155304, 0.000826384115498513, -0.053263109177351, 0.011061926372349262, -0.008587372489273548, -0.03228959068655968, 0.01226576417684555, 0.02774176001548767, 0.029801659286022186, -0.014138399623334408, -0.021107278764247894, -0.0032687524799257517, -0.016051163896918297, -0.00018151607946492732, 0.006651200819760561, -0.012225636281073093, -0.027500992640852928, 0.012105252593755722, -0.02081300877034664, 0.0005517587414942682, -0.00022133049787953496, 0.20845110714435577, 0.021615566685795784, 0.021414926275610924, 0.01280080247670412, -0.018458837643265724, 0.009797897189855576, 0.018699605017900467, -0.0041264863684773445, -0.025521349161863327, 0.0279022715985775, -0.007945326156914234, -0.001371036865748465, -0.0026333939749747515, 0.006881935987621546, -0.013335841707885265, -0.0200104508548975, -0.026805441826581955, -0.044568728655576706, -0.035205550491809845, -0.0018141157925128937, 0.03338642045855522, 0.004554517567157745, -0.01888686791062355, -0.00498923659324646, 0.025079943239688873, -0.009898217394948006, 0.03558008000254631, 0.008159341290593147, -0.0016711601056158543, -0.0031266328878700733, -0.016211675480008125, -0.0009053859394043684, -0.011349509470164776, 0.011917988769710064, -0.020558863878250122, -0.03285137936472893, 0.011496645398437977, -0.0018943717004731297, 0.0017271720571443439, -0.0012857650872319937, -0.007791501935571432, -0.031219512224197388, 0.003838903270661831, 0.002834033453837037, -0.009985161013901234, 0.010961607098579407, 0.006303425412625074, -0.01254665944725275, -0.0008343260851688683, 0.03279787674546242, -0.01491420529782772, -0.006025874055922031, 0.014526302926242352, -0.0021518589928746223, -0.0053838277235627174, -0.04646811634302139, 0.030256442725658417, -0.011329445987939835, 0.0013066650135442615, 0.017428888007998466, -4.266202813596465e-05, 0.019876690581440926, 0.016612954437732697, 0.023234058171510696, -0.0016586201963946223, 0.014874077402055264, -0.018097685649991035, -0.01603778637945652, 0.012774050235748291, -0.01888686791062355, -0.005567747168242931, -0.007731310091912746, -0.006383681204169989, 0.016679832711815834, 0.012499842792749405, -0.022846154868602753, 0.025227077305316925, 0.03568708524107933, 0.012560035102069378, 0.019274771213531494, -0.0071762073785066605, -0.005213283933699131, 0.00025811439263634384, -0.0034225762356072664, -0.02235124446451664, 0.005276819691061974, 0.004648149479180574, -0.00148556858766824, -0.030523961409926414, 0.005925554316490889, -0.01772315986454487, 0.0010926495306193829, -0.024090120568871498, -0.01594415493309498, 0.012178819626569748, 0.017321880906820297, -0.009396618232131004, 0.021321294829249382, -0.011061926372349262, -0.007898509502410889, -0.03135327249765396, 0.029721403494477272, 0.018137814477086067, -0.00572825875133276, -0.009844712913036346, 0.009042154997587204, 0.01954229176044464, -0.015021213330328465, -0.01000522542744875, -0.007657742593437433, 0.01015904825180769, -0.017188120633363724, -0.00467155734077096, -0.007276527117937803, 0.030978744849562645, 0.01863272488117218, 0.004490981809794903, -0.01908750832080841, -0.011088678613305092, -0.004704997409135103, 0.014726942405104637, -0.04443496838212013, 0.01209187600761652, -0.0006938783917576075, -0.0009271218441426754, -0.03568708524107933, 0.005036052316427231, 0.012974689714610577, -0.007791501935571432, -0.023956360295414925, 0.01954229176044464, -0.019836561754345894, -0.0060760341584682465, -0.007878446020185947, -0.005400547757744789, 0.0030380170792341232, 0.00860743597149849, -0.04505026340484619, -0.01153008546680212, 0.016893848776817322, 0.011496645398437977, -0.01468681450933218, 0.019876690581440926, 0.00035007420228794217, -0.00959725771099329, -0.034135472029447556, 0.0011653812834993005, -0.03638263791799545, 0.0002913453208748251, -0.03801450505852699, -0.015261980704963207, 0.0017873639008030295, 0.010058728978037834, -0.03343992307782173, 0.013088385574519634, -0.01694735325872898, 0.007403599098324776, -0.02204359695315361, 0.024049993604421616, -0.0019445315701887012, -0.028036031872034073, -0.005367107689380646, 0.0249461829662323, 0.0016561121447011828, -0.006029217969626188, -0.023100299760699272, -0.16757413744926453, 0.029293373227119446, 0.028785085305571556, -0.0414387509226799, 0.014887453988194466, -0.007918573915958405, 0.03226283937692642, 0.010319559834897518, -0.004159926436841488, -0.027153218165040016, -0.009423370473086834, -0.0035446318797767162, -0.04769870638847351, -0.010152360424399376, -0.005153092090040445, 0.006099442020058632, -0.0015975923743098974, 0.013563232496380806, 0.0024528184439986944, 0.00021255250612739474, 0.022725772112607956, -0.018338453024625778, 0.011443141847848892, -0.01821807026863098, -0.024464648216962814, 0.00698894402012229, -0.022886283695697784, 0.00640040123835206, 0.015114844776690006, 0.009476874023675919, 0.013041569851338863, 0.005216627847403288, -0.020946767181158066, -0.0035513199400156736, 0.003190168645232916, -0.018605973571538925, -0.022792652249336243, -0.02926662005484104, -0.012740611098706722, -0.009731017984449863, 0.010807783342897892, -0.02158881351351738, -0.013369280844926834, -0.010359687730669975, 0.01219219621270895, 0.04919681325554848, 0.008527180179953575, 0.005674754735082388, 0.024518150836229324, 0.0012907810742035508, 0.02520032599568367, -0.02708633802831173, -0.006761552300304174, 0.0010132297175005078, 0.000938825833145529, 0.01079440675675869, -0.003912470769137144, 0.021053776144981384, -0.017897047102451324, -0.06575626134872437, 0.0065341610461473465, -0.03472401574254036, 0.01381737645715475, -0.007818253710865974, -0.019314900040626526, -0.015904027968645096, -0.019221268594264984, 0.005751666612923145, -0.054547201842069626, 0.002397642470896244, 0.005915522575378418, 0.0046882773749530315, -0.0026250339578837156, -0.001026605605147779, 0.005882082507014275, 0.004898948594927788, -0.034135472029447556, 0.0035981356631964445, -0.005851986352354288, 0.024678662419319153, -0.012051748111844063, 0.01609129086136818, -0.014138399623334408, 0.023127051070332527, -0.009998536668717861, -0.007938637398183346, -0.007711246144026518, -0.007162831723690033, 0.003412544261664152, 0.002860785461962223, 0.020732752978801727, -0.007985454052686691, -0.0017840198706835508, -0.0069421278312802315, 0.001410328783094883, 0.02982841059565544, -0.006407089065760374, 0.0026200180873274803, 0.00731665501371026, 0.003141680732369423, 0.00013334168761502951, -0.01796392723917961, -0.025989508256316185, -0.00964407343417406, 0.004554517567157745, 0.01479382161051035, 0.014553054235875607, -0.007644366472959518, 0.04414070025086403, 0.007403599098324776, -0.023300938308238983, -0.0023207305930554867, 0.010546951554715633, 0.03697117790579796, 0.012071812525391579, 0.01609129086136818, -0.01237277127802372, -0.0064806570298969746, 0.004109766334295273, -0.004206742160022259, 0.06233201548457146, -0.0071762073785066605, -0.009664137847721577, -0.00639036949723959, 0.02245825156569481, 0.001493928604759276, -0.09454134851694107, -0.0077379983849823475, -0.007136079482734203, -0.0029209773056209087, -0.024865927174687386, -0.006079378072172403, -0.006764896214008331, 0.008527180179953575, -0.0386030487716198, 0.007958701811730862, -0.007958701811730862, -0.003352352185174823, -0.0027387295849621296, 0.014165151864290237, 0.008667628280818462, 0.005069492384791374, -0.023581834509968758, 0.009403306059539318, 0.011048550717532635, 0.04181328043341637, 0.011409701779484749, -0.014285535551607609, -0.009028779342770576, -0.007931949570775032, -0.005102932453155518, 0.008406796492636204, -0.0338144488632679, 0.007156143430620432, 0.01899387687444687, 0.0009655777830630541, 0.005230003967881203, -0.026257026940584183, 0.032048821449279785, -0.008125901222229004, -0.01092147920280695, -0.030229689553380013, 0.004373942036181688, 0.015368988737463951, 0.03544631972908974, 0.010961607098579407, -0.0010424895444884896, 0.022979915142059326, -0.006667920853942633, 0.000764520256780088, 0.01964929886162281, -0.019221268594264984, -0.0012698810314759612, 0.03737245872616768, 0.0352323018014431, -0.0030664410442113876, 0.021348046138882637, -0.012667043134570122, 0.004835412837564945, -0.039994146674871445, 0.021414926275610924, 0.01395113579928875, 0.023635337129235268, 0.005741634871810675, -0.012847618199884892, 0.027527743950486183, -0.004661525133997202, -0.008694379590451717, -0.014191903173923492, 0.040850210934877396, 0.03164754435420036, 0.01618492230772972, -0.02162894234061241, -0.019274771213531494, -0.0007415302679874003, -0.025026438757777214, -0.009637385606765747, 0.0011352853616699576, -0.0310054961591959, 0.01914101280272007, -0.025173574686050415, 0.0029861850198358297, 0.007015695795416832, -0.010419880039989948, -0.00019374255498405546, 0.006423809099942446, -0.021749325096607208, -0.0017572679789736867, 0.005039396230131388, -0.020438481122255325, 0.03488452732563019, -0.005490835290402174, 0.010118920356035233, -0.023434698581695557, 0.016532698646187782, -0.016572825610637665, 0.027607999742031097, -0.005133028142154217, -0.023889480158686638, -0.002031475305557251, -0.02703283354640007, 0.010660647414624691, -0.003919159062206745, -0.000291972333798185, -0.001780675956979394, -0.01598428376019001, -0.0020565553568303585, -0.009777833707630634, -0.052728071808815, 0.022337868809700012, 0.003049721010029316, -0.008333228528499603, 0.0015273684402927756, -0.001718812040053308, -0.021816205233335495, -0.024264007806777954, 0.024959558621048927, 0.026043012738227844, -0.014887453988194466, 0.010072104632854462, -0.009082282893359661, -0.020344849675893784, -0.013188705779612064, -0.0020699312444776297, 0.04063619300723076, 0.014272158965468407, 0.023033419623970985, 0.006651200819760561, -0.009657450020313263, 0.00048028089804574847, -0.020692624151706696, 0.026497794315218925, -0.013028194196522236, 0.0018993876874446869, 0.020224465057253838, 0.019408531486988068, 0.023127051070332527, -0.047270674258470535, 0.014713565818965435, -0.02921311743557453, 0.04478274658322334, 0.008874955587089062, 0.026190148666501045, -0.01654607430100441, 0.01990344189107418, 0.021200912073254585, 0.03908458352088928, 0.007049135863780975, -0.009182603098452091, -0.02977490797638893, 0.026698434725403786, -0.001462996588088572, -0.02153531089425087, -0.006179697811603546, -0.014820573851466179, 0.023956360295414925, 0.030202938243746758, 0.004303717985749245, 0.03033669851720333, 0.010781031101942062, -0.02449139952659607, -0.02499968558549881, -0.011924676597118378, -0.023381194099783897, 0.016077915206551552, 0.02418375201523304, 0.0058319224044680595, 0.02657805010676384, 0.047270674258470535, 0.013737120665609837, 0.010352999903261662, 0.0028808494098484516, 0.025026438757777214, -0.02097352035343647, -0.02362196147441864, -0.0003093192935921252, -0.011804292909801006, 0.0011670533567667007, -0.01328902505338192, -0.009517001919448376, -0.01959579437971115, 0.01654607430100441, -0.0008644220069982111, 0.004012790974229574, 0.00032666625338606536, 0.010299496352672577, 0.01582377217710018, 0.028116287663578987, 0.015141597017645836, -0.023916233330965042, -0.011342821642756462, -0.00162601622287184, 0.013750496320426464, 0.02010408230125904, -0.016987480223178864, 0.030925240367650986, 0.01741551235318184, 0.005517587531358004, -0.01990344189107418, -0.0012172132264822721, -0.009436746127903461, 0.01629193127155304, 0.03485777601599693, -0.0026701779570430517, -0.03670366108417511, -0.004658181220293045, 0.003929190803319216, 0.01914101280272007, 0.031139256432652473, -0.006624448578804731, -0.005888770334422588, 0.0006708884611725807, -0.014044767245650291, 0.026337282732129097, -0.02138817496597767, -0.05361088365316391, -0.006226513534784317, -0.0010341296438127756, -0.02372896857559681, -0.030202938243746758, -0.001979643478989601, 0.025227077305316925, -0.013349217362701893, 0.0054674274288117886, 0.0020214433316141367, -0.01127594243735075, -0.00987815298140049, 0.013309089466929436, 0.014339039102196693, 0.0062064495868980885, 0.026711810380220413, 0.0040930467657744884, 0.02082638442516327, 0.023555081337690353, 0.003915815148502588, -0.0010700775310397148, 0.008808075450360775, -0.004835412837564945, 0.012921186164021492, -0.017642904072999954, -0.002367546549066901, -0.02891884557902813, -0.011008422821760178, -0.03330616280436516, 0.0077379983849823475, -0.0014170167269185185, -0.0026601459830999374, 0.07913223654031754, 0.026190148666501045, -0.0029912011232227087, 0.008346605114638805, 0.016572825610637665, 0.012533282861113548, -0.0013819048181176186, 0.0035412879660725594, -0.020692624151706696, -0.009965097531676292, 0.019943570718169212, 0.0009714297484606504, -0.02011745795607567, -0.016225051134824753, -0.026337282732129097, 0.008767947554588318, 0.0066645764745771885, -0.004718373063951731, 0.007029071915894747, -0.013911007903516293, 0.005420611705631018, 0.025574853643774986, 0.005303571932017803, -0.008166029118001461, -0.007002319674938917, -0.008981963619589806, 0.022618763148784637, 0.00323364045470953, 0.0013702008873224258, -0.008306477218866348, -0.015007837675511837, -0.0035981356631964445, -0.029721403494477272, -0.005253411829471588, 0.016867097467184067, -0.0019161076052114367, 0.01268041878938675, 0.022565260529518127, 0.01761615090072155, 0.011048550717532635, -0.003424248192459345, 0.034643761813640594, 0.0003732731274794787, -0.02530733309686184, 0.021709198132157326, -0.029186364263296127, 0.012646978721022606, -0.009503626264631748, -0.010245992802083492]","[-0.018169082701206207, 0.008005324751138687, 0.0031334836967289448, -0.021160833537578583, -0.02725362405180931, 0.01434401236474514, 0.01941223070025444, -0.011181499809026718, -0.013688286766409874, -0.04483528435230255, 0.01799149066209793, 0.008804491721093655, -0.005409741774201393, 0.005242395214736462, -0.002906370209529996, 0.006721194367855787, 0.0047403546050190926, -0.012554426677525043, 3.041699164896272e-05, 0.011618650518357754, 0.024644380435347557, 0.0009280917583964765, -0.008681543171405792, -0.0052321492694318295, -0.027472199872136116, 0.00038933748146519065, 0.0022164913825690746, -0.02271818369626999, 0.00014215940609574318, 0.02454875409603119, 0.0396987646818161, 0.0008687519584782422, -0.031092355027794838, -0.011639141477644444, -0.04221238195896149, -0.018373997882008553, -0.0007812363910488784, -0.012752510607242584, 0.003879713825881481, -0.004265636205673218, 0.02133842743933201, 0.0006390769849531353, 0.005098955240100622, -0.00715834554284811, -0.016789324581623077, 0.00905721914023161, -0.002797082532197237, -0.008005324751138687, -0.0036952910013496876, 0.008640560321509838, 0.007868715561926365, 0.034507595002651215, -0.025723597034811974, -0.011229312978684902, -0.011803073808550835, 0.0059903329238295555, -0.0035108679439872503, -0.01553251687437296, 0.0033196143340319395, -0.02871534787118435, 0.033961158245801926, 0.021037885919213295, 0.007609157357364893, 0.0006651182193309069, 0.002052559982985258, -0.012643222697079182, 0.014658214524388313, 0.0029200310818850994, 0.02127012237906456, 0.005744435358792543, 0.0009622441721148789, 0.034480273723602295, -0.017226476222276688, 0.001997916027903557, 0.03841463103890419, -0.01565546542406082, -0.021051546558737755, 0.013934183865785599, 0.006051807198673487, -0.006663135252892971, -0.000817950232885778, -0.04346919059753418, -0.001667491509579122, 0.042294345796108246, -0.0011534977238625288, 0.042321667075157166, 0.0025870450772345066, 0.014507944695651531, -0.016816647723317146, 0.0069807530380785465, -0.0061952476389706135, 0.014630893245339394, 0.03240380808711052, -0.005310699809342623, -0.00145062361843884, -0.007875545881688595, -0.008865965530276299, 0.02124279923737049, -0.004521779250353575, -0.0031129922717809677, 0.00485988799482584, 0.026024136692285538, -0.01666637696325779, -0.012329020537436008, -0.01610627770423889, -0.03554582968354225, 0.010150096379220486, -0.0018066625343635678, 0.008688373491168022, 0.0051775057800114155, 0.010450637899339199, 0.0259694941341877, 0.0007492185104638338, -0.009070880711078644, 0.004446643870323896, -0.007486208342015743, 0.02595583349466324, -0.014193742536008358, -0.017007900401949883, -0.023346588015556335, 0.012773001566529274, 0.013162339106202126, 0.025983154773712158, -0.018155422061681747, 0.029917512089014053, -0.005044311285018921, -0.005618071649223566, 0.0012038724962621927, 0.0035962488036602736, -0.04844177886843681, 0.03098306804895401, 0.014466961845755577, 0.006307950243353844, -0.010874127969145775, -0.001276446389965713, -0.0006745101418346167, 0.024617057293653488, 0.008251222781836987, -0.03994465991854668, 0.022854793816804886, 0.015327602624893188, 0.005945934914052486, 0.0004606306611094624, -0.0028107434045523405, -0.04300471767783165, 0.041447367519140244, 0.01937124691903591, 0.0020371912978589535, 0.006577754393219948, 0.00013575583579950035, -0.00788920745253563, 0.004607160110026598, -0.009767590090632439, 0.017786575481295586, 0.037758905440568924, -0.027089692652225494, 0.0005652224062941968, 0.0027339004445821047, -0.000801300979219377, -0.023756416514515877, 0.010559925809502602, 0.010758009739220142, -0.010320859029889107, -0.03202129900455475, 0.0010570171289145947, 0.030300019308924675, 0.02353784255683422, 0.009330438449978828, -0.00555318221449852, 0.001685421448200941, 0.02086029201745987, 0.041447367519140244, 0.013428728096187115, 0.010921941138803959, -0.0015428351471200585, -0.022663539275527, 0.030354663729667664, -0.003538189921528101, -0.006950015667825937, -0.008401493541896343, 0.008223900571465492, 0.016543427482247353, 0.01905704475939274, 0.011932852678000927, -0.03483545780181885, -0.010238893330097198, 0.027526844292879105, -0.013135017827153206, 0.008025816641747952, -0.010355011560022831, -0.0012832768261432648, 0.02953500486910343, -0.006652889773249626, -0.05057289078831673, -0.6106997728347778, -0.00812144298106432, -0.017322102561593056, -0.03748568519949913, 0.019261959940195084, 0.02964429371058941, 0.038633208721876144, 0.015190992504358292, -0.01565546542406082, 0.03202129900455475, -0.00010197696246905252, 0.017663627862930298, -0.01064872182905674, -0.01480848528444767, -0.006584584712982178, -0.0267481692135334, 0.029698936268687248, -0.01365413423627615, -0.016925934702157974, 0.023974992334842682, -0.023906687274575233, 0.008736186660826206, 0.026065120473504066, 0.008941100910305977, 0.014958756044507027, 0.046529244631528854, -0.0061986627988517284, -0.001827153959311545, 0.0022523514926433563, 0.019343925639986992, -0.03699389100074768, 0.02038215845823288, 0.013449219986796379, -0.0010817776201292872, 0.03978072851896286, 0.0023667621426284313, -0.0031283609569072723, 0.013012068346142769, 0.03658406436443329, 0.04568226635456085, -0.022895775735378265, -0.028032299131155014, 0.006570924073457718, 0.006868049968034029, 0.0038421463686972857, -0.0021925847977399826, 0.0067519317381083965, 0.01799149066209793, 0.00636600935831666, -0.0075135305523872375, -0.03650209680199623, 0.005549767054617405, 0.009801741689443588, -0.011700616218149662, 0.015969667583703995, -0.020600734278559685, 0.02721264213323593, 0.006734855473041534, -0.011523023247718811, -0.005467800889164209, -0.008865965530276299, -0.00202353042550385, -0.02173459529876709, -0.016297530382871628, -0.0111200250685215, -0.0080941217020154, -0.027403894811868668, -0.003855807241052389, -0.015341263264417648, -0.013749760575592518, 0.029862867668271065, 8.260614413302392e-05, 0.014275708235800266, 0.016434140503406525, 0.019781077280640602, 0.010300367139279842, 0.044589389115571976, -0.008947932161390781, -0.0026280281599611044, 0.0012440015561878681, 0.01320332195609808, 0.0004164459533058107, -0.012568087317049503, 0.006543601863086224, 0.0029985816217958927, -0.003989001736044884, -0.010423315688967705, -0.002170385792851448, 0.014180080965161324, -0.013777082785964012, 0.0006070591043680906, 0.03428902104496956, 0.005259471479803324, -0.02359248511493206, -0.00874984823167324, 0.011393244378268719, -0.016311191022396088, -0.008531272411346436, 0.00010608592856442556, -0.028086943551898003, -0.016898613423109055, -0.026912100613117218, 0.029425717890262604, 0.003626986173912883, 0.012895950116217136, 0.005662469659000635, -0.016420479863882065, -0.010921941138803959, 0.016816647723317146, -0.017745593562722206, -0.021092528477311134, -0.02863338217139244, -0.0008384417160414159, -0.0062157390639185905, 0.006311365403234959, -0.033906515687704086, 0.005153598729521036, -0.011837225407361984, 0.028524093329906464, -0.021638967096805573, -0.00020982387650292367, -0.01572377048432827, 0.004091458860784769, 0.015327602624893188, 0.01383855752646923, -0.0007381190080195665, -0.008599577471613884, -0.010225231759250164, -0.02816890925168991, -0.00659483065828681, 0.029398394748568535, 0.024166246876120567, -0.01939857006072998, -0.0036406470462679863, 0.017827559262514114, -0.0059664263390004635, 0.031146999448537827, 0.012602239847183228, 0.006301119923591614, -0.014685536734759808, -0.016365835443139076, -0.03483545780181885, 0.018333014100790024, 0.00428271247074008, 0.020149921998381615, 0.0019483950454741716, -0.02308703027665615, -0.006355763878673315, -0.009924691170454025, -0.003920696675777435, -0.013777082785964012, -0.010129605419933796, -0.004368093330413103, 0.03013608790934086, -0.004279297310858965, -0.008681543171405792, -0.00970611535012722, 0.00107067811768502, 0.017677288502454758, -0.03281363844871521, 0.012185580097138882, 0.0013891493435949087, 0.005310699809342623, -0.006861219648271799, -0.011208821088075638, -0.021160833537578583, -0.020505107939243317, 0.018333014100790024, -0.01226754579693079, -0.02912517637014389, 0.0006177317118272185, -0.01158449798822403, 0.01663905568420887, 0.004685710649937391, -0.009303117170929909, -0.012841306626796722, -0.010266214609146118, 0.003003704594448209, -0.016475122421979904, -0.007677461951971054, 0.011967005208134651, 0.006311365403234959, 0.013578998856246471, 0.0041802553460001945, 0.016024312004446983, -0.009740267880260944, 0.002161847660318017, 0.018305692821741104, -0.01989036425948143, 0.020996902137994766, 0.014548927545547485, -0.00580249447375536, -0.0340704470872879, -0.003191542811691761, -0.013073543086647987, 0.02031385339796543, -0.00903672818094492, 0.02218540571630001, -0.006140603683888912, 0.009665132500231266, 0.019261959940195084, 0.013592659495770931, 0.013114525936543941, -0.027499521151185036, 0.0031778819393366575, -0.032540418207645416, 0.040491100400686264, 0.003162513254210353, 0.004917947109788656, -0.0054575554095208645, 0.010457468219101429, 0.03647477552294731, 0.012486121617257595, -0.02780006267130375, 0.016529766842722893, 0.022431304678320885, -0.014357673935592175, -0.012294868007302284, 0.013285287655889988, 0.0046686348505318165, 0.03185736760497093, 0.0034801308065652847, 0.009952012449502945, -0.006202077958732843, -0.01413909811526537, 0.0007184813730418682, 0.03316882252693176, 0.03458956256508827, -0.014248386025428772, -0.029507683590054512, -0.012001157738268375, 0.020040635019540787, 0.009275794960558414, 0.00026425428222864866, 0.02318265661597252, 0.03849659860134125, 0.033114176243543625, -0.008804491721093655, 0.015382246114313602, -0.03423437848687172, 0.0010476252064108849, 0.012595409527420998, 0.012793493457138538, -0.011645971797406673, 0.004432982765138149, 0.0025221556425094604, 0.030190732330083847, -0.033906515687704086, -0.002132818102836609, 0.028414806351065636, -0.016338514164090157, -0.01338774524629116, -0.05472582206130028, 0.03005412220954895, -0.01997232995927334, 0.005863969214260578, 0.01797783002257347, 0.021994153037667274, 0.019767414778470993, 0.028004977852106094, -0.0013447512174025178, -0.003191542811691761, -0.018155422061681747, 0.004955514799803495, 0.010587247088551521, 0.0011466671712696552, 0.007718444801867008, -0.026734506711363792, 0.00145062361843884, -0.03426169976592064, -0.04491725191473961, -0.012165089137852192, -0.017854880541563034, -0.021557001397013664, 0.01566912606358528, 0.009159676730632782, 0.014986078254878521, 0.009583166800439358, -0.006625568028539419, 0.0059903329238295555, -0.018251048400998116, -0.012643222697079182, 0.010484790429472923, 0.036720674484968185, -0.022117100656032562, -0.021488696336746216, -0.030381985008716583, 0.021816560998558998, -0.005379004869610071, 0.018756505101919174, 0.008442476391792297, 0.029835546389222145, -0.0212564617395401, 0.040081270039081573, -0.03480813652276993, 0.01706254482269287, 0.020955920219421387, -0.009467048570513725, -0.008524442091584206, -0.005495123099535704, 0.0021840466652065516, 0.026720846071839333, -0.008237561210989952, -0.012807154096662998, 0.05163844674825668, 0.008715695701539516, 0.02591484971344471, -0.030354663729667664, 0.007042227312922478, -0.0006446267361752689, 0.006137188524007797, -0.03002680093050003, -0.015915023162961006, -0.0156964473426342, -0.01340140588581562, 0.009419235400855541, -0.011447887867689133, -0.026147086173295975, 0.028551416471600533, -0.012609070166945457, -0.02411160245537758, -0.03595566004514694, -0.009091371670365334, -0.0231553353369236, 0.036310844123363495, -0.0019842551555484533, 0.01297791674733162, -0.011475210078060627, -0.030436629429459572, -0.0020628056954592466, -0.006482127588242292, -0.02305970899760723, 0.03743104264140129, -0.036283522844314575, -0.03136557340621948, 0.020177245140075684, 0.004931608214974403, -0.004839396569877863, -0.009904199279844761, 0.013408237136900425, 0.0070353965274989605, -0.014753841795027256, 0.00391728151589632, -0.017841219902038574, 0.02958964928984642, 0.026147086173295975, 0.02401597611606121, 0.034507595002651215, 0.006533356383442879, -0.0044705504551529884, -0.0030668864492326975, 0.0031898352317512035, -0.006803160533308983, -0.001459161750972271, 0.004292957950383425, -0.019535180181264877, -0.004678880330175161, 0.018442302942276, -0.018333014100790024, 0.006188416853547096, 0.006441144738346338, 0.00010309759090887383, 0.005624901968985796, 0.009064050391316414, 0.045135825872421265, -0.0037431041710078716, -0.0007978857029229403, 0.0028278196696192026, 0.01713084988296032, -0.019658127799630165, -0.0007052472792565823, 0.02120181731879711, -0.03475349396467209, -0.008066799491643906, 0.01461723167449236, -0.013701947405934334, -0.03155682981014252, -0.016734682023525238, 0.022854793816804886, 0.006342102773487568, -0.03098306804895401, -0.0055053685791790485, 0.01901606284081936, -0.022281033918261528, 0.017909524962306023, -0.013046220876276493, -0.002967844484373927, -0.0021379408426582813, 0.0023052878677845, 0.003188127651810646, -0.004576423205435276, -0.025122513994574547, -0.024617057293653488, 0.02215808443725109, 0.01157083734869957, -0.04297739267349243, -0.0032786314841359854, -0.018865792080760002, 0.034015800803899765, 0.008743016980588436, 0.03784087300300598, -0.0016290700295940042, -0.01801881194114685, -0.014371334575116634, 0.002691210014745593, -0.013046220876276493, -0.013012068346142769, -0.02260889671742916, -0.009753928519785404, -0.002085004700347781, 0.005208242684602737, -0.003838730975985527, -0.018647216260433197, 0.019685449078679085, 0.01856525056064129, -0.003801163285970688, 0.023811060935258865, -0.011926022358238697, 0.0005673569394275546, -0.0008158156997524202, -0.005822985898703337, 0.029726259410381317, -0.003667969023808837, -0.0010638475650921464, 0.040436454117298126, 0.0020457294303923845, 0.0014301321934908628, -0.006792914588004351, 0.013490202836692333, 0.015956006944179535, 0.02353784255683422, 0.010409655049443245, 0.004801828879863024, 0.002156724687665701, 0.023414893075823784, -0.023319266736507416, 0.014234725385904312, -0.011434227228164673, 0.0017964168218895793, 0.008906949311494827, 0.006628983188420534, 0.01666637696325779, -0.002762930002063513, -0.011058550328016281, -0.012670544907450676, -0.04191184043884277, -0.0030429798644036055, 0.02079198881983757, -0.016953257843852043, 0.006792914588004351, -0.004678880330175161, -0.02178923785686493, -0.03994465991854668, -0.004450059030205011, 0.006799744907766581, -0.0035894184838980436, 0.001076654763892293, -0.003367427736520767, -0.0054609705694019794, 0.016037972643971443, 0.0292071420699358, 0.0017964168218895793, -0.009651471860706806, -0.01803247258067131, -0.006376255303621292, 0.017677288502454758, -0.0004546539857983589, -0.01225388515740633, 0.002178923925384879, -0.029371073469519615, -0.007984833791851997, 0.00518775125965476, 0.0028910015244036913, 0.026215391233563423, -0.01245196908712387, 0.006304535083472729, -0.004432982765138149, -0.024767328053712845, -0.0007778211729601026, -0.027622470632195473, -0.017185494303703308, 0.006611906923353672, 0.033524006605148315, 0.020013313740491867, 0.040682353079319, 0.020532429218292236, 0.03103771060705185, -0.0060176546685397625, 0.005474631674587727, 0.015327602624893188, -0.01759532280266285, 0.00952852237969637, -0.007144684437662363, 0.006676796358078718, -0.004620821215212345, 0.01751335710287094, 0.0004917947226203978, 0.014262046664953232, -0.004535440355539322, 0.00669387262314558, -0.0014378165360540152, 0.00461740605533123, -0.01177575159817934, -0.05633781850337982, -0.036720674484968185, -0.011932852678000927, 0.02262255735695362, -0.005863969214260578, -0.020669039338827133, -0.026201730594038963, 0.016830308362841606, -0.0057341898791491985, 0.019630806520581245, 0.009316777810454369, 0.014699197374284267, 0.02909785509109497, -0.016871290281414986, 0.019535180181264877, 0.025791900232434273, -0.04661121219396591, 0.008428814820945263, -0.008872796781361103, 0.02131110429763794, -0.024248212575912476, 0.02549136057496071, -0.00029008204001002014, -0.0039582643657922745, 0.03142021968960762, -0.02169361151754856, 0.023879365995526314, -0.03248577192425728, -0.021638967096805573, 0.01290961168706417, -0.006605076137930155, -0.009651471860706806, -0.030381985008716583, -0.017458712682127953, -0.010512112639844418, -0.0014659923035651445, 0.027977654710412025, -0.01160498894751072, 0.006605076137930155, 0.011161007918417454, -0.029808225110173225, 0.008995745331048965, 0.033004891127347946, 0.06049074977636337, 0.0018322768155485392, 0.0031522675417363644, 0.028414806351065636, 0.006857804022729397, -0.011666463688015938, -0.012206071987748146, 0.02031385339796543, 0.0051979972049593925, 0.02320997789502144, -0.0049999128095805645, -0.03133825212717056, -0.006799744907766581, 0.0007180544198490679, 0.017199154943227768, -0.018196403980255127, -0.027854707092046738, 0.044671352952718735, 0.009303117170929909, -0.002732192864641547, -0.014740181155502796, 0.009576336480677128, -0.021078867837786674, 0.028360161930322647, 0.0019159503281116486, -0.012950594536960125, -0.0015078289434313774, 0.02031385339796543, -0.010341349989175797, 0.03986269608139992, -0.009357760660350323, 0.01384538784623146, -0.002735608257353306, 0.019617145881056786, 0.014453300274908543, -0.022923098877072334, -0.001864721649326384, -0.004607160110026598, 0.015081704594194889, 0.020095279440283775, -0.010102283209562302, -0.039971981197595596, 0.018401319161057472, -0.022581573575735092, 0.006765592843294144, 0.0006885979673825204, 0.00030715824686922133, 0.034452952444553375, -0.03142021968960762, -0.018196403980255127, 0.01611993834376335, 0.004347601905465126, 0.02490393817424774, -0.0036304013337939978, -0.014548927545547485, -0.015341263264417648, -0.007752597332000732, -0.007902868092060089, 0.010621399618685246, 0.0034493934363126755, -0.011680124327540398, 0.007001244463026524, -0.008073629811406136, -0.01754067838191986, -0.029289107769727707, 0.006120112258940935, 0.0007496454054489732, -0.02028653211891651, -0.0018749673618003726, -0.0035347745288163424, -0.014507944695651531, -0.01565546542406082, -0.018169082701206207, -0.013367253355681896, 0.0152729582041502, 0.02170727215707302, -0.007711614482104778, 0.04915215075016022, 0.00991102959960699, -0.002902955049648881, -0.04245827719569206, 0.011973835527896881, -0.021352088078856468, -0.027485860511660576, 0.03002680093050003, -0.005184336099773645, -0.013039390556514263, -0.013934183865785599, -0.003415241139009595, 0.01479482464492321, 0.008845474570989609, -0.022499607875943184, 0.02777274139225483, 0.023264622315764427, 0.036802638322114944, -0.006362594198435545, -0.02446678839623928, 0.003073717001825571, -0.018633555620908737, 0.01568278670310974, 0.047868020832538605, -0.010696534998714924, 0.025983154773712158, -0.00808729138225317, -0.0022403982002288103, -0.008654220961034298, -0.03264970704913139, -0.012574917636811733, -0.016994239762425423, -0.00024483009474352, -0.004644727800041437, 0.010197910480201244, -0.02590118907392025, -0.010573586449027061, -0.022048797458410263, 0.005160429514944553, -0.0024162831250578165, -0.03180272504687309, 0.012588579207658768, 0.02402963675558567, -0.018414979800581932, 0.012021648697555065, -0.015341263264417648, -0.024630719795823097, -0.03792283684015274, -0.00016115668404381722, -0.03901571407914162, -0.008954762481153011, 0.00923481211066246, 0.06202077865600586, 0.04120146855711937, -0.026270035654306412, -0.029972156509757042, 0.03144754096865654, -0.03002680093050003, -0.013790743425488472, -0.0023513934575021267, 0.030381985008716583, 0.007957511581480503, 0.033086854964494705, -0.010074960999190807, 0.046474602073431015, -2.750870044110343e-05, 0.0070353965274989605, -0.022240050137043, -0.025709934532642365, -0.014890450984239578, 0.025614308193325996, -0.0036577233113348484, 0.031611472368240356, -0.022322015836834908, -0.01939857006072998, 0.03199397772550583, 0.02077832631766796, 0.010013487190008163, 0.03557315096259117, -0.002662180457264185, 0.016283869743347168, -0.016393156722187996, 0.009603657759726048, -0.0016248009633272886, -0.025586986914277077, -0.019261959940195084, -0.0037840872537344694, -0.007759427651762962, 0.013080373406410217, -0.018674539402127266, -0.017021561041474342, 0.004040230065584183, -0.014576248824596405, -0.007458886597305536, 0.010314027778804302, -0.004986252170056105, -0.01703522354364395, 0.011973835527896881, -0.007445225492119789, -0.0033657201565802097, 0.014986078254878521, -0.002976382616907358, 0.027403894811868668, -0.0038660529535263777, 0.012178749777376652, -0.011932852678000927, 0.01663905568420887, -0.014671876095235348, -0.017404068261384964, -0.0016196781070902944, -0.007144684437662363, 0.012199241667985916, -0.03464420512318611, 0.0106623824685812, 0.011960174888372421, -0.011973835527896881, -0.015915023162961006, -0.02040948159992695, -0.03595566004514694, 0.03106503374874592, -0.010703365318477154, -0.010300367139279842, 0.019753754138946533, -0.013107695616781712, 0.023906687274575233, -0.017486033961176872, -0.029698936268687248, -0.014439639635384083, -0.02081931009888649, 0.012151427567005157, 0.016488784924149513, 0.004771091975271702, -0.01704888418316841, -0.0028397729620337486, 0.04614673927426338, -0.007001244463026524, -0.002100373385474086, 0.18458695709705353, 0.0001226284948643297, 0.0380048044025898, 0.0398353710770607, -0.03133825212717056, 0.027936672791838646, 0.004620821215212345, -0.017472373321652412, -0.017417728900909424, 0.011741599068045616, -0.012117275968194008, 0.004371508490294218, -0.015614482574164867, 0.003410118166357279, 0.0009946889476850629, 0.0190024022012949, -0.011188330128788948, -0.027157997712492943, 0.004494457505643368, -0.002820989117026329, 0.03338739648461342, 0.006772423163056374, -0.045327078551054, -0.015109026804566383, -0.00782773271203041, 0.0067041185684502125, 0.002561430912464857, 0.020477786660194397, 0.01941223070025444, 0.007069549057632685, -0.0011432520113885403, 0.006417238153517246, -0.004532025195658207, 0.016379496082663536, 0.0067519317381083965, -0.01226754579693079, 0.006953430827707052, -0.02915249764919281, -0.002108911285176873, 0.006120112258940935, -0.003541605081409216, -0.024357499554753304, 0.026939421892166138, -0.016024312004446983, -0.017909524962306023, 0.01611993834376335, -0.017923185601830482, 0.016898613423109055, -0.024685362353920937, 0.009897368960082531, -0.02729460783302784, -0.03193933516740799, -0.007315446622669697, 0.027567826211452484, 0.009064050391316414, -0.018428640440106392, -0.011960174888372421, 0.0077457670122385025, 0.024685362353920937, 0.027035048231482506, -0.00811461266130209, 0.013135017827153206, 0.00010992807074217126, 0.011461549438536167, -0.014029810205101967, 0.040928248316049576, -0.023893026635050774, 0.01568278670310974, -0.007014905102550983, -0.02587386593222618, -0.014972416684031487, -0.033059533685445786, 0.00949437078088522, -0.0129164420068264, -0.022431304678320885, -0.005351682659238577, 0.01898874156177044, 0.0004627651651389897, 0.02398865297436714, 0.019179994240403175, -0.013941014185547829, 0.00828537531197071, -0.038223378360271454, 0.010430146008729935, -0.013790743425488472, -0.009419235400855541, 0.0032905847765505314, -0.01624288596212864, -0.012506612576544285, 0.008688373491168022, 0.004583253525197506, 0.000251447141636163, -0.006639228668063879, -0.022882115095853806, 0.009603657759726048, -0.011017567478120327, 0.006669966038316488, 0.0038489766884595156, -0.004907701630145311, -0.023906687274575233, -0.014835807494819164, -0.0031932503916323185, 0.006492373533546925, -0.01849694550037384, -9.621374920243397e-05, 0.024343838915228844, -0.019781077280640602, 0.0031608056742697954, 0.006434314418584108, 0.0024965412449091673, -0.013442388735711575, -0.033114176243543625, 0.0075135305523872375, -0.001917657908052206, 0.026201730594038963, 0.024302855134010315, -0.010997076518833637, -0.02586020529270172, 0.008162426762282848, -0.00451836409047246, -0.013749760575592518, 0.0015522270696237683, -0.005119446665048599, 0.007855054922401905, -0.0020286531653255224, 0.0008047161973081529, -0.026611559092998505, 0.013742930255830288, -0.011953343637287617, -0.016434140503406525, 0.003524528816342354, -0.03327811136841774, 0.03229451924562454, -0.020928597077727318, -0.015887701883912086, 0.0003432317462284118, -0.01290961168706417, -0.014822146855294704, -0.02405695803463459, 0.005047726444900036, 0.0007778211729601026, -0.009371421299874783, -0.0004066271358169615, 0.0012482706224545836, 0.02122913859784603, -0.014658214524388313, -0.0026263203471899033, 0.030409306287765503, -0.014945095404982567, 0.0019996236078441143, -0.012499782256782055, -0.021980492398142815, -0.0018100778106600046, -0.04382437467575073, 0.012397325597703457, -0.01566912606358528, -0.0018049549544230103, -0.03614691272377968, -0.0011552053038030863, -0.00022412519319914281, -0.0005229588132351637, 0.01431669108569622, -0.0027065786998718977, -0.0038865443784743547, -0.014863129705190659, -0.03245845064520836, -0.17223744094371796, 0.01894775778055191, -0.0010595786152407527, -0.012151427567005157, 0.012383664026856422, -0.010471128858625889, 0.022076118737459183, 0.00903672818094492, -0.016953257843852043, -0.008674712851643562, -0.0018425226444378495, 0.01935758627951145, -0.016461461782455444, 0.002190877217799425, 0.010020317509770393, -0.025600647553801537, -0.015013400465250015, 0.009733437560498714, 0.02178923785686493, 0.011878208257257938, 0.04953465610742569, -0.025532342493534088, -9.231823787558824e-05, 0.02680281177163124, 0.020108940079808235, -0.01565546542406082, 0.002443605102598667, -0.01797783002257347, -0.006854388862848282, -0.04445277899503708, 0.00010811373067554086, 0.021010562777519226, 0.02631101757287979, -0.014111775904893875, -0.007397412322461605, 0.008859135210514069, -0.007971173152327538, 0.0006471882225014269, 0.008599577471613884, 0.00041068275459110737, 0.041829872876405716, 0.013592659495770931, -0.006079129409044981, 0.018182743340730667, -0.0010467714164406061, 0.012745680287480354, 0.01617458276450634, -0.02953500486910343, 0.02118815667927265, -0.016994239762425423, 0.030737170949578285, -0.026133425533771515, 0.01804613322019577, 0.0076364791020751, 0.008517611771821976, -0.005853723268955946, 0.017240136861801147, -0.004135856870561838, 0.008531272411346436, -0.021557001397013664, -0.007916528731584549, -0.042267024517059326, -0.0013456050073727965, -0.008360510692000389, -0.020108940079808235, -0.015081704594194889, -0.02213076315820217, 0.012950594536960125, -0.01226754579693079, -0.005976671818643808, -0.014412317425012589, -0.0049520996399223804, 0.0014096407685428858, 0.004391999915242195, 0.010245723649859428, 0.02722630277276039, -0.010956093668937683, 0.004064137116074562, -0.021434053778648376, -0.03431634232401848, -0.008722526021301746, 0.014849468134343624, 0.008695203810930252, 0.014425978995859623, 0.007991664111614227, 0.0013891493435949087, -0.00026147940661758184, 0.01902972348034382, -0.007117362692952156, 0.007909698411822319, 0.023974992334842682, -0.006294289603829384, 0.0008328919066116214, 0.007991664111614227, -0.0017076205695047975, 0.02586020529270172, -0.004648142959922552, -0.019234638661146164, 0.01573743112385273, -0.02446678839623928, 0.014439639635384083, -0.007684292737394571, -0.023797400295734406, -0.014945095404982567, 0.03467152640223503, -0.012001157738268375, -0.010723857209086418, -0.00015123114280868322, 0.02174825593829155, 0.006946600507944822, -0.012001157738268375, -0.007472547702491283, 0.028387485072016716, 0.014507944695651531, -0.017690949141979218, 0.008592747151851654, 0.018128100782632828, -0.02592851035296917, 0.03516332432627678, -0.0052526406943798065, 0.05592798814177513, -0.013524354435503483, 0.003538189921528101, 0.029726259410381317, 0.024780990555882454, -0.01852426864206791, -0.11551711708307266, -0.031693436205387115, 0.017486033961176872, 0.029944833368062973, -0.008879627101123333, 0.021160833537578583, -0.01715817116200924, 0.027622470632195473, 0.0028534340672194958, 0.02030019275844097, -0.004292957950383425, -0.03275899216532707, -0.02270452305674553, 0.0020628056954592466, -0.0010800700401887298, 0.01131810899823904, -0.0012585163349285722, -0.014425978995859623, -0.01579207554459572, -0.008223900571465492, 0.019767414778470993, -0.007930190302431583, 0.011844056658446789, -0.0070353965274989605, -0.02777274139225483, 0.007855054922401905, -0.04109217971563339, 0.033906515687704086, 0.025682613253593445, 0.018210066482424736, 0.01110636442899704, -0.016939595341682434, 0.007062718737870455, -0.02687111683189869, -0.005297039169818163, -0.00782773271203041, 0.00072531180921942, -0.008893287740647793, 0.011830395087599754, -0.01132493931800127, -0.0031898352317512035, 0.0003773841308429837, 0.02080564945936203, -0.002694625174626708, -0.015996988862752914, 0.003391334554180503, -0.028059620410203934, 0.03975340723991394, 0.037786226719617844, -0.030819136649370193, -0.036256201565265656, 9.071734530152753e-05, -0.019302943721413612, -0.030163409188389778, -0.0001740705774864182, -0.003565511666238308, 0.014890450984239578, -0.004788168240338564, -0.038660530000925064, 0.01749969646334648, -0.0062703825533390045, 0.02178923785686493, 0.017759254202246666, -0.00014258631563279778, 0.02222638949751854, 0.0029166159220039845, -0.021816560998558998, -0.02213076315820217, 0.01176892127841711, -0.009863216429948807, -0.009159676730632782, 0.025245461612939835, -0.022308355197310448, 0.010395994409918785, -0.030764492228627205, 0.0007820902392268181, 0.006147434003651142, -0.010423315688967705, 0.006444559898227453, -0.01859257183969021, -0.02874266915023327, 0.0038899595383554697, -0.01019107922911644, -0.025586986914277077, -0.0003054506378248334, 0.014876790344715118, -0.008941100910305977, 0.02218540571630001, 0.010785331949591637, -0.0244941096752882, -0.0026775491423904896, -0.006335272453725338, 0.016748342663049698, -0.02446678839623928, 0.015218314714729786, 0.02723996341228485, -0.004876964259892702, 0.02318265661597252, 5.6618293456267565e-05, 0.022950420156121254, -0.027513181790709496, -0.04084628447890282, -0.05090075358748436, -0.012165089137852192, -0.02127012237906456, 0.008975253440439701, 0.010109113529324532, -0.02909785509109497, 0.01762264408171177, -0.024876616895198822, 0.0005306430975906551, -0.008073629811406136, -0.003705536713823676, 0.0034511012490838766, -0.01797783002257347, -0.003343521151691675, -0.011748429387807846, -0.004262221045792103, 0.03568243980407715, 0.020955920219421387, 0.049780555069446564, 0.024849293753504753, -0.011270295828580856, 0.004395415540784597, 0.016939595341682434, 0.00611669709905982, -0.0007432418642565608, 0.03013608790934086, 0.0046925414353609085, 0.002641689032316208, -0.014890450984239578, -0.019521517679095268, 0.014275708235800266, -0.01704888418316841, -0.0037909175734966993, -0.0004926485125906765, 0.018879452720284462, -0.011686955578625202, -0.025190819054841995, 0.020983241498470306, 0.030272698029875755, 0.004405661020427942, -0.009842724539339542, -0.018893113359808922, 0.015150009654462337, -0.028387485072016716, -0.01665271632373333, -0.005382420029491186, -0.01433035172522068, 0.0029046626295894384, 0.020450463518500328, 0.0267481692135334, 0.04483528435230255, 0.01568278670310974, -0.012820815667510033, -0.02088761515915394, -0.013285287655889988, -0.023305606096982956, 0.002832942409440875, 0.006034730933606625, -0.011721107177436352, -0.007219819817692041, 0.0254776980727911, 0.015860380604863167, 0.040682353079319, 0.0011671587126329541, 0.010874127969145775, -0.026229051873087883, -0.030300019308924675, 0.01458991039544344, -0.001408786978572607, -0.009549014270305634, -0.02027287147939205, -0.020149921998381615, 0.03409776836633682, 0.005016989074647427, -0.010464298538863659, -0.016065293923020363, -0.023387571796774864, -0.01573743112385273, -0.017772914841771126, 0.01668003760278225, 0.005590749904513359, -0.008961592800915241, -0.01845596358180046, 0.021611645817756653, 0.0408189631998539, 0.013360423035919666, 0.013770252466201782, 0.03051859512925148, -0.026474948972463608, 0.02723996341228485, -0.01943955197930336, -0.009569505229592323, 0.002332609612494707, 0.00971977598965168, 0.010997076518833637, 0.016010649502277374, -0.008708864450454712, 0.0018783826380968094, 0.004238314460963011, 0.016420479863882065, -0.00829903595149517, -0.008367341011762619, -0.035463862121105194, 0.015423228964209557, -0.01754067838191986, -0.002518740249797702, -0.013893201015889645, -0.018251048400998116, -0.01749969646334648, -0.002100373385474086, 0.023524180054664612, -0.010962923988699913, -0.02170727215707302, -0.003562096506357193, -0.00784139335155487, 0.023360248655080795, 0.013367253355681896, 0.017772914841771126, -0.004573008045554161, -0.004736939445137978, 0.008237561210989952, 0.011400074698030949, 0.024289194494485855, -0.016912274062633514, 0.025737257674336433, 0.00877716951072216, 0.001738357706926763, -0.03576440364122391, 0.010553095489740372, -0.010908280499279499, 0.004255390260368586, -0.02643396705389023, -0.0024401897098869085, -0.013408237136900425, -0.016311191022396088, -0.02781372331082821, 0.02490393817424774, 0.013483371585607529, -0.0025546003598719835, 0.06650157272815704, 0.03013608790934086, -0.0018066625343635678, 0.0025870450772345066, -0.004822320304811001, 0.005491707939654589, 0.026201730594038963, -0.007588665932416916, -0.021570663899183273, -0.031693436205387115, 0.009733437560498714, -0.004450059030205011, -0.020436802878975868, -0.025122513994574547, -0.017895864322781563, -0.014207403175532818, 0.000392752728657797, 0.013018899597227573, -0.016488784924149513, 0.0077457670122385025, 0.0343436636030674, -0.0008922317647375166, 0.008237561210989952, 0.013715608045458794, 0.004658388905227184, -0.022472286596894264, 0.005908367224037647, 0.025245461612939835, -0.01662539318203926, -0.03341471776366234, 0.025737257674336433, 0.01131127867847681, -0.02270452305674553, -0.012827645987272263, -0.022117100656032562, 0.014002488926053047, -0.004822320304811001, -0.009282625280320644, 0.005242395214736462, 0.03513599932193756, -0.009624149650335312, 0.002038898877799511, -0.024890277534723282, -0.026611559092998505, 0.008626898750662804, -0.028933923691511154, -0.04866035655140877, -0.00828537531197071, -0.028032299131155014]"
19107,"Mongoose Find all Documents by subdocument and filter out subdocs that dont match<p>I am trying to query all documents in a collection that contain specific user data WITHOUT returning all subdocuments (there are a ton of subdocuments)</p>
<p><strong>Example Documents</strong></p>
<pre><code>[
    {
        &quot;id&quot;: 1,
        &quot;title&quot;: &quot;Document 1&quot;,
        &quot;users&quot;: [
            { &quot;id&quot;: &quot;a&quot;, &quot;name&quot;: &quot;User 1&quot; },
            { &quot;id&quot;: &quot;b&quot;, &quot;name&quot;: &quot;User 1&quot; },
        ]
    },
    {
        &quot;id&quot;: 2,
        &quot;title&quot;: &quot;Document 2&quot;,
        &quot;users&quot;: [
            { &quot;id&quot;: &quot;b&quot;, &quot;name&quot;: &quot;User 1&quot; },
        ]
    },
    {
        &quot;id&quot;: 3,
        &quot;title&quot;: &quot;Document 3&quot;,
        &quot;users&quot;: [
            { &quot;id&quot;: &quot;a&quot;, &quot;name&quot;: &quot;User 1&quot; },
            { &quot;id&quot;: &quot;b&quot;, &quot;name&quot;: &quot;User 1&quot; },
            { &quot;id&quot;: &quot;c&quot;, &quot;name&quot;: &quot;User 1&quot; },
        ]
    }
]
</code></pre>
<p>Here we have 3 documents in which use with id A is in 2 of them, to Query all documents where user A exists I am doing:</p>
<pre><code>collection.findManyByQuery({
    users: {
        $elemMatch: {
            id: 'a'
        }
    }
})
</code></pre>
<p>This returns me documents with id 1 and 3 which is correct. HOWEVER I am trying to return the documents with ONLY user A object inside the users array so my result would look like this</p>
<pre><code>[
    {
        &quot;id&quot;: 1,
        &quot;title&quot;: &quot;Document 1&quot;,
        &quot;users&quot;: [
            { &quot;id&quot;: &quot;a&quot;, &quot;name&quot;: &quot;User 1&quot; },
        ]
    },
    {
        &quot;id&quot;: 3,
        &quot;title&quot;: &quot;Document 3&quot;,
        &quot;users&quot;: [
            { &quot;id&quot;: &quot;a&quot;, &quot;name&quot;: &quot;User 1&quot; },
        ]
    }
]
</code></pre>
<p>I have tried <code>$unwind: 'users'</code> and a couple of filters but have not got the desired result.</p>
","It was hard to believe since it has previously worked with 2.8, but changing to 2.7 *did* actually work for me.","Embed Field: Mongoose Find all Documents by subdocument and filter out subdocs that dont match<p>I am trying to query all documents in a collection that contain specific user data WITHOUT returning all subdocuments (there are a ton of subdocuments)</p>
<p><strong>Example Documents</strong></p>
<pre><code>[
    {
        &quot;id&quot;: 1,
        &quot;title&quot;: &quot;Document 1&quot;,
        &quot;users&quot;: [
            { &quot;id&quot;: &quot;a&quot;, &quot;name&quot;: &quot;User 1&quot; },
            { &quot;id&quot;: &quot;b&quot;, &quot;name&quot;: &quot;User 1&quot; },
        ]
    },
    {
        &quot;id&quot;: 2,
        &quot;title&quot;: &quot;Document 2&quot;,
        &quot;users&quot;: [
            { &quot;id&quot;: &quot;b&quot;, &quot;name&quot;: &quot;User 1&quot; },
        ]
    },
    {
        &quot;id&quot;: 3,
        &quot;title&quot;: &quot;Document 3&quot;,
        &quot;users&quot;: [
            { &quot;id&quot;: &quot;a&quot;, &quot;name&quot;: &quot;User 1&quot; },
            { &quot;id&quot;: &quot;b&quot;, &quot;name&quot;: &quot;User 1&quot; },
            { &quot;id&quot;: &quot;c&quot;, &quot;name&quot;: &quot;User 1&quot; },
        ]
    }
]
</code></pre>
<p>Here we have 3 documents in which use with id A is in 2 of them, to Query all documents where user A exists I am doing:</p>
<pre><code>collection.findManyByQuery({
    users: {
        $elemMatch: {
            id: 'a'
        }
    }
})
</code></pre>
<p>This returns me documents with id 1 and 3 which is correct. HOWEVER I am trying to return the documents with ONLY user A object inside the users array so my result would look like this</p>
<pre><code>[
    {
        &quot;id&quot;: 1,
        &quot;title&quot;: &quot;Document 1&quot;,
        &quot;users&quot;: [
            { &quot;id&quot;: &quot;a&quot;, &quot;name&quot;: &quot;User 1&quot; },
        ]
    },
    {
        &quot;id&quot;: 3,
        &quot;title&quot;: &quot;Document 3&quot;,
        &quot;users&quot;: [
            { &quot;id&quot;: &quot;a&quot;, &quot;name&quot;: &quot;User 1&quot; },
        ]
    }
]
</code></pre>
<p>I have tried <code>$unwind: 'users'</code> and a couple of filters but have not got the desired result.</p>; Answer: It was hard to believe since it has previously worked with 2.8, but changing to 2.7 *did* actually work for me.","[-0.02943156287074089, 0.03498058021068573, -0.0021471846848726273, 0.002910515060648322, -0.02124403975903988, 0.023841742426156998, -0.006769667379558086, -0.021026430651545525, -0.02989398129284382, -0.023868942633271217, 0.030519604682922363, 0.005702025257050991, 0.007867910899221897, -0.02490258403122425, 0.005688424687832594, 0.010533615946769714, -0.002461697207763791, 0.003961156588047743, 8.532212086720392e-05, -0.017136676236987114, -0.008751945570111275, 0.01747669093310833, -0.010275205597281456, -0.004705785773694515, -0.035170987248420715, 0.004535779356956482, 0.024249758571386337, -0.028860339894890785, -0.002051980933174491, -0.0048485915176570415, 0.01069682277739048, 0.013396529480814934, -0.019543971866369247, -0.019108755514025688, -0.032015662640333176, -0.016225440427660942, -0.008099120110273361, -0.016429448500275612, 0.026670653373003006, 0.01811591535806656, 0.024807380512356758, -0.023882543668150902, -0.002176085952669382, -0.02241368591785431, 0.004481377080082893, 0.02429055981338024, 0.02279449999332428, -0.010309207253158092, -0.006273247767239809, 7.230597839225084e-05, 0.016851065680384636, 0.024154553189873695, -0.02983957901597023, -0.0007692803628742695, -0.00787471141666174, -0.009996394626796246, 0.014226161874830723, 0.02981237694621086, 0.003740147687494755, 0.004042759537696838, 0.009098758921027184, 0.03065561130642891, -0.006167843472212553, -0.01978878118097782, -0.01336932834237814, -0.010118799284100533, -0.003753748256713152, -0.010275205597281456, 0.0031944261863827705, -0.007997116073966026, -0.003835351439192891, 0.03310370817780495, -0.004392973612993956, 0.0010897429892793298, -0.011159240268170834, -0.011648859828710556, -0.011424451135098934, 0.019149556756019592, -0.0028238114900887012, -0.007045078091323376, 0.004749987740069628, -0.017027871683239937, -0.030138790607452393, 0.029213953763246536, -0.0020145794842392206, 0.019856784492731094, 0.02174725942313671, 0.02536500245332718, -0.00040652856114320457, 0.002045180881395936, -0.022372882813215256, -0.0005869481828995049, 0.024385763332247734, -0.011920871213078499, 0.004481377080082893, 0.036775853484869, -0.027513885870575905, 0.012036475352942944, -0.018401525914669037, 0.0031944261863827705, -0.02615383267402649, 0.0031672250479459763, 0.0030499205458909273, -0.01228808518499136, -0.02826191671192646, -0.0015411109197884798, 0.012002473697066307, -0.0204280074685812, 0.023868942633271217, -0.017993509769439697, 0.010941632091999054, 0.004630982875823975, 0.0076027000322937965, -0.03688465803861618, 0.014865387231111526, -0.027609091252088547, -0.0064398543909192085, -0.013070115819573402, -0.021094433963298798, -0.003085621865466237, 0.0008041317341849208, 0.0006268997676670551, 0.02986677922308445, -0.0302203930914402, 0.024032149463891983, 0.005603421479463577, -0.01663345657289028, -0.02948596514761448, 0.007215084973722696, -0.006592860445380211, 0.0377550907433033, 0.035959821194410324, 0.023134512826800346, 0.022685695439577103, -0.017585493624210358, 0.01550461258739233, 0.0045051779597997665, -0.0022321881260722876, -0.013484932482242584, -0.027459483593702316, 0.013756942935287952, 0.030873218551278114, -0.011220443062484264, -0.012539695017039776, -0.03207006677985191, 0.02518819458782673, 3.8756217691116035e-05, -0.02872433513402939, 0.018782341852784157, -0.015137397684156895, 0.01277090422809124, -0.0008088069153018296, -0.009377569891512394, 0.0023681935854256153, 0.01490618847310543, -0.004800989758223295, -0.008017516694962978, -0.0030601208563894033, 0.003269229084253311, -0.024263357743620872, 0.013110917992889881, 0.008126321248710155, 0.0011211943347007036, -0.008303128182888031, 0.009438772685825825, 0.031172432005405426, 0.02978517673909664, -0.017939109355211258, -0.019244760274887085, -0.020795220509171486, 0.017055073752999306, 0.02983957901597023, -0.030057186260819435, 0.013695741072297096, -0.01138364989310503, -0.014919789507985115, 0.015287003479897976, 0.014933389611542225, -0.03451816365122795, -0.02735068090260029, -0.012893308885395527, 0.007752306293696165, -0.004586781375110149, 0.031662050634622574, -0.028833137825131416, -0.005702025257050991, -0.008309927769005299, 0.005300809163600206, 0.005185204558074474, 0.015994232147932053, 0.0032913300674408674, 0.0190543532371521, -0.011030036024749279, 0.00421616667881608, -0.6093040704727173, -0.006531658116728067, 0.0013796044513583183, -0.018931947648525238, -0.0034528363030403852, -0.006154242902994156, -0.012077276594936848, -0.0023579930420964956, -0.004685385152697563, 0.013206121511757374, -0.03718386963009834, 0.0011696461588144302, -0.0009800887200981379, -0.0005869481828995049, 0.0016065634554252028, -0.011206842958927155, 0.005100201349705458, -0.025120191276073456, -0.011893670074641705, -0.007038278039544821, -0.032804496586322784, 0.026412243023514748, -0.012396889738738537, 0.009778786450624466, -0.017340684309601784, -0.02007439360022545, -0.008139921352267265, -0.03019319288432598, 0.010261605493724346, 0.03152604401111603, -0.043793730437755585, 0.028125910088419914, 0.0014824585523456335, 0.025120191276073456, 0.05570780113339424, 0.0047533875331282616, -0.033511724323034286, 0.010118799284100533, -0.0029666172340512276, 0.025841020047664642, -0.017735101282596588, -0.00933676864951849, 0.01811591535806656, -0.02393694594502449, 0.0031621248926967382, 0.015069395303726196, 0.03424615412950516, 0.00945237372070551, 0.008547937497496605, -0.024875381961464882, 0.015001392923295498, 0.015246202237904072, 0.00794951431453228, 0.031118029728531837, 0.013335326686501503, -0.02294410578906536, 0.0164838507771492, -0.013219722546637058, 0.018727939575910568, -0.010146000422537327, 0.007990315556526184, -0.0018071713857352734, -0.02607223019003868, -0.009989594109356403, -0.04286889359354973, 0.030438002198934555, 0.006365051493048668, 0.00871114432811737, 0.006222245749086142, -0.004736387170851231, 0.036395035684108734, 0.006555458996444941, -0.006796868517994881, 0.019312763586640358, 0.009377569891512394, 0.011852867901325226, 0.011451652273535728, -0.03185245767235756, -0.00974478479474783, -0.0031043225899338722, 0.02989398129284382, 0.013076916337013245, -0.026697853580117226, -0.0030057188123464584, 0.02019679732620716, -0.000909535912796855, -0.042569682002067566, -0.005827830173075199, 0.02414095401763916, 0.002254289109259844, -0.014321365393698215, 0.03963196650147438, 0.0071062808856368065, -0.004834990948438644, -0.008289527148008347, 0.012580497190356255, -0.0022950905840843916, 0.018809542059898376, 0.025936223566532135, -0.02793550305068493, -0.022087272256612778, 0.008955953642725945, 0.018931947648525238, 0.01227448508143425, 0.017993509769439697, 0.004977796692401171, -0.0025331000797450542, -0.007357890717685223, 0.009724384173750877, -0.03919674828648567, -0.0171502772718668, 0.0055150180123746395, -0.014035753905773163, -0.0020043791737407446, -0.019543971866369247, -0.039142344146966934, 0.02297130785882473, -0.002068981761112809, -0.0011050436878576875, -0.004811190068721771, 0.009785586036741734, 0.014457371085882187, 0.004739786963909864, -0.018918346613645554, 0.005620421841740608, 0.031634848564863205, 0.009839988313615322, -0.007385091856122017, 0.012716501951217651, 0.010397610254585743, 0.015572614967823029, -0.005583020392805338, 0.02767709270119667, 0.0033916339743882418, -0.006191644351929426, -0.009282366372644901, -0.0036823453847318888, -0.007317089010030031, 0.015858225524425507, -0.019516771659255028, 0.014770183712244034, 0.006014837417751551, 0.031580448150634766, -0.02571861632168293, 0.0015802123816683888, -0.015885427594184875, -0.03620462864637375, -0.006691464222967625, -0.017259081825613976, -0.0055150180123746395, -0.03419174998998642, -0.01645665057003498, -0.011424451135098934, 0.03726547211408615, 0.00048664421774446964, -0.001486708759330213, -0.013212922029197216, -0.02910514920949936, -0.0035463401582092047, -0.012655300088226795, -0.006137242540717125, 0.038679927587509155, -0.009561177343130112, 0.003981557209044695, 0.005324610508978367, -0.032396480441093445, -0.017136676236987114, 0.004474576562643051, 0.006650662515312433, -0.012648499570786953, 0.0030499205458909273, -0.0011016435455530882, -0.01228808518499136, -0.0156406182795763, -0.0010319408029317856, 0.01200927421450615, -0.026616251096129417, 0.0024497967679053545, -0.01147205289453268, -0.007174283266067505, -0.0011789965210482478, -0.0016796663403511047, 0.00267420569434762, 0.004787389189004898, 0.025174593552947044, -0.0015088096261024475, 0.016347846016287804, 0.031988464295864105, -0.02261769399046898, 0.04743867367506027, 0.009173562750220299, 0.01694626919925213, -0.015559014864265919, -0.007956313900649548, -0.006694864481687546, 0.01009839866310358, 0.033511724323034286, 0.013899749144911766, 0.010751225054264069, 0.011730463244020939, 0.00727628730237484, 0.006633662153035402, 0.0063344500958919525, -0.01028880663216114, 0.01879594288766384, -0.04346731677651405, -0.021584052592515945, -0.016551854088902473, 0.034327756613492966, -0.003384833689779043, 0.02200566977262497, -0.02548740617930889, 0.011050436645746231, 0.01275730412453413, 0.010336408391594887, 0.03742867708206177, 0.014266963116824627, -0.017585493624210358, -0.018659936264157295, 0.009846788831055164, -0.011818867176771164, -0.0013243523426353931, -0.0016669158358126879, 0.019571172073483467, -0.003449436277151108, 0.019924787804484367, -0.010077998042106628, 0.0036007422022521496, 0.011608058586716652, -0.020795220509171486, 0.024657774716615677, 0.008819947950541973, 0.011138839647173882, 0.027473084628582, 0.01030240673571825, -0.0046173823066055775, 0.021665655076503754, -0.02144804783165455, 0.02025119960308075, -0.044120144098997116, 0.0010395910358056426, 0.04153604060411453, 0.011655660346150398, -0.012607698328793049, 0.021937666460871696, -0.007113080937415361, 0.024820979684591293, 0.013348926790058613, 0.01864633709192276, 0.041835252195596695, -0.00892875250428915, 0.012260884046554565, 0.02142084576189518, -0.0061032408848404884, 0.005015198141336441, -0.008602339774370193, 0.013022514060139656, 0.025650613009929657, -0.0007072279113344848, 0.006082840263843536, 0.012995312921702862, -0.023828141391277313, 0.02872433513402939, -0.010329607874155045, 0.020523210987448692, 0.023624133318662643, -0.0038183508440852165, -0.006956674624234438, -0.014593376778066158, -0.012546495534479618, 0.009697183035314083, -0.04039359465241432, -0.0064806560985744, -0.03489897772669792, 0.016524652019143105, -0.006178043782711029, 0.011363248340785503, 0.02299850806593895, 0.022835301235318184, 0.03427335247397423, -0.02174725942313671, 0.0054946169257164, -0.0015946630155667663, 0.017558293417096138, 0.005079800728708506, -0.007425893098115921, -0.005229406524449587, 0.01494699064642191, 0.012498893775045872, -0.003138324012979865, 0.012206481769680977, 0.0219784677028656, 0.005919633898884058, -0.029975583776831627, -0.014838186092674732, 0.02826191671192646, 0.031145229935646057, -0.007215084973722696, -0.0013456031447276473, -0.004773788619786501, -0.012172481045126915, 0.023338520899415016, -0.050838809460401535, -0.026317039504647255, 0.03721106797456741, 0.004307969938963652, -0.008051518350839615, -0.04373932629823685, 0.011356448754668236, 0.005297409370541573, -0.021053630858659744, -0.013954151421785355, -0.023664934560656548, 0.02177445963025093, -0.02630343846976757, -0.000870434392709285, -0.002036680467426777, 0.012097678147256374, 0.03459976613521576, -0.0022457886952906847, 0.00295131653547287, -0.02241368591785431, -0.010941632091999054, 0.019475968554615974, 0.035606205463409424, 0.032015662640333176, -0.0143349664285779, 0.0008287827367894351, 0.0049403952434659, 0.015341405756771564, -0.03443656116724014, -0.02274009771645069, -0.007643501739948988, 0.01097563374787569, -0.034001342952251434, -0.013131318613886833, 0.01043161191046238, -0.011948071420192719, 0.012954511679708958, -0.0025569009594619274, -0.018551133573055267, 0.003869352862238884, -0.015123797580599785, -0.012743703089654446, -0.0016482151113450527, 0.012668900191783905, 0.014878987334668636, 0.03663984686136246, 0.025786617770791054, 0.015164598822593689, -0.00391695462167263, 0.013967751525342464, -0.010982433333992958, -0.02235928364098072, 0.00788831152021885, -0.0004275668761692941, 0.037537481635808945, 0.02025119960308075, -0.012675700709223747, 0.03487177565693855, 0.022672096267342567, 0.009472774341702461, 0.008785947225987911, 0.0004857941821683198, 0.0010259904665872455, 0.036667048931121826, -0.017898306250572205, 0.0011857968056574464, 0.002453196793794632, -0.01996558904647827, -0.04373932629823685, 0.0010123900137841702, 0.013308125548064709, -0.003063520882278681, -0.007357890717685223, -0.007589099928736687, -0.014022153802216053, -0.029621969908475876, 0.027364280074834824, -0.01145845279097557, 0.023420125246047974, -0.03372933343052864, -0.02507939003407955, -0.045779407024383545, -0.010200402699410915, -0.015273403376340866, 0.022141674533486366, -0.007439493667334318, -0.0003808150358963758, -0.02419535629451275, -0.036721449345350266, 0.013410129584372044, 0.005283808801323175, 0.006970275193452835, 0.002555200830101967, -0.0026538048405200243, -0.025256197899580002, 0.031118029728531837, 0.03375653177499771, 0.03538859635591507, 0.009431972168385983, 0.01180526614189148, 0.010751225054264069, 0.009037557058036327, -0.01846952922642231, -0.019652776420116425, 0.006133842281997204, 0.005001597572118044, -0.005175004247575998, -0.008799547329545021, 0.00238519418053329, -0.010016795247793198, -0.01867353729903698, 0.019938386976718903, 0.009479573927819729, 0.0021250839345157146, -0.00954077672213316, -0.0030924221500754356, 0.037483081221580505, 0.011261244304478168, 0.0022355883847922087, 0.04879872873425484, -0.0023562931455671787, 0.004131163004785776, 0.013396529480814934, 0.009649581275880337, -0.02948596514761448, 0.006749266758561134, -0.010465613566339016, 0.000275198370218277, 0.0077931080013513565, 0.010105199180543423, -0.02399134822189808, -0.02261769399046898, -0.021284841001033783, -0.03525259345769882, 0.00844593346118927, -0.006297048646956682, 0.012913710437715054, -0.021556850522756577, -0.012519294396042824, 0.030900420621037483, -0.012444491498172283, -0.015885427594184875, 0.018727939575910568, -0.013512133620679379, 0.046513836830854416, 0.022277679294347763, -0.02431776002049446, 0.008207923732697964, -0.017694298177957535, -0.025555409491062164, -0.0041515640914440155, 0.0027983104810118675, -0.008942353539168835, 0.03381093591451645, -0.00501179788261652, -0.007187883835285902, -0.014362167567014694, -0.003174025332555175, -0.014103757217526436, 0.0068682711571455, -0.010887229815125465, 0.0023052911274135113, -0.0035463401582092047, -0.0312812365591526, -0.03721106797456741, -0.027377881109714508, -0.0035327395889908075, -0.025351401418447495, -0.02790830284357071, 0.018891146406531334, 0.004090361762791872, 0.014266963116824627, -0.013954151421785355, 0.020972028374671936, 0.012417290359735489, -0.024480966851115227, -0.040284790098667145, -0.011608058586716652, -0.008602339774370193, 0.0156406182795763, 0.028561128303408623, 0.009438772685825825, 0.04055680334568024, -0.011812066659331322, 0.012893308885395527, -0.008194323629140854, 0.010322807356715202, 0.027513885870575905, 0.013206121511757374, -0.0007752306410111487, -0.006844470277428627, 0.004335171077400446, 0.02694266475737095, 0.0007875561132095754, 0.03337571769952774, -0.0253922026604414, 0.02177445963025093, 0.05181804671883583, -0.028561128303408623, 0.011206842958927155, -0.0008674592827446759, -0.02688826248049736, -0.0006672763265669346, 0.025528207421302795, -0.02986677922308445, -0.03370213136076927, -0.03723827004432678, 0.007473495323210955, -0.0029802178032696247, 0.0005325460224412382, 0.009370770305395126, -0.005814229603856802, 0.028017107397317886, -0.0022406885400414467, -0.04292329400777817, -0.020360004156827927, 0.012430891394615173, -0.01615743897855282, 0.01130884699523449, -0.012512493878602982, -0.028479523956775665, -0.0031281234696507454, -0.005059399642050266, 0.024562569335103035, 0.008942353539168835, 0.004222966730594635, -0.002752408618107438, 0.018183918669819832, -0.01255329605191946, -0.011091237887740135, -0.005889032501727343, -0.03193406015634537, 0.0031315237283706665, -0.015803823247551918, -0.013124518096446991, -0.001197697245515883, 0.017599094659090042, 0.026589050889015198, 0.02244088612496853, 0.026167433708906174, -0.023896142840385437, -0.020672816783189774, 0.00872474443167448, -0.03459976613521576, 0.04912513867020607, 0.023868942633271217, 0.032015662640333176, 0.024154553189873695, -0.007045078091323376, -0.009037557058036327, -0.011363248340785503, 0.010934831574559212, 0.00247019762173295, 0.03702066093683243, 0.02630343846976757, -0.014579775743186474, -0.036721449345350266, -0.011315646581351757, -0.02861553058028221, -0.0032930299639701843, -0.00945237372070551, 0.026697853580117226, 0.02253608964383602, -0.01732708513736725, 0.004090361762791872, 0.0015351605834439397, -0.01870073936879635, 0.011288445442914963, -0.0011891969479620457, 0.018333524465560913, -0.009867189452052116, -0.0067730676382780075, -0.028561128303408623, 0.0157766230404377, 0.00043861730955541134, 0.02627623826265335, 0.007711504586040974, 0.008269126527011395, -0.030356399714946747, 0.0013235022779554129, 0.021883264183998108, 0.02284890227019787, -0.014525373466312885, 0.029159551486372948, -0.0315532460808754, 0.0041617644019424915, 0.013913349248468876, 0.02785390056669712, -0.014661379158496857, 0.0034987381659448147, -0.002267889678478241, 0.02983957901597023, 0.013838546350598335, 0.003327031387016177, 0.00043734227074310184, -0.0062018451280891895, 0.004338571336120367, 0.00436237221583724, -0.020849622786045074, -0.02709227055311203, 0.0027116071432828903, 0.006463655270636082, 0.01721828058362007, 0.001030240673571825, 0.002862913068383932, -0.007425893098115921, -0.012050075456500053, 0.0037707488518208265, 0.004726186860352755, -0.02770429477095604, 0.0015079595614224672, -0.027377881109714508, -0.004790788982063532, -0.002621503546833992, 0.006042038556188345, 0.02656184881925583, -0.007262686733156443, -0.01283210702240467, 0.013070115819573402, 0.012260884046554565, -0.016959870234131813, 0.014498172327876091, 0.004233167041093111, -0.017027871683239937, -0.02355613000690937, -0.005674824118614197, -0.0006847020704299212, -0.022087272256612778, -0.002539900364354253, -0.018578333780169487, -0.022100873291492462, -0.014851786196231842, 0.015885427594184875, 0.021883264183998108, -0.026466645300388336, -0.023542528972029686, 0.005878832191228867, 0.002395394491031766, 0.025092991068959236, -0.02086322382092476, -0.0322604738175869, 0.024480966851115227, -0.003695945953950286, 0.0061032408848404884, -0.027405083179473877, 0.005460615735501051, 0.00010078210470965132, -0.012995312921702862, 0.022957706823945045, -0.028370721265673637, -0.030138790607452393, 0.0051920050755143166, -0.002936016069725156, 0.013294525444507599, -0.018170317634940147, -0.017163878306746483, -0.029186753556132317, -0.018659936264157295, -0.006660863291472197, 0.019421566277742386, 0.022604092955589294, 0.01215888001024723, 0.020264800637960434, 0.0295131653547287, 0.015572614967823029, -0.002403894905000925, -0.024032149463891983, -0.029322758316993713, -0.012464892119169235, -0.014851786196231842, -0.0008640591404400766, -0.02220967784523964, -0.007153882645070553, 0.04645943641662598, 0.030165990814566612, -0.008894750848412514, 0.0015802123816683888, 0.00980598758906126, -0.03887033462524414, -0.015055794268846512, -0.013274123892188072, 0.02057761326432228, 0.019707178696990013, 0.020006390288472176, -0.020904025062918663, 0.010594818741083145, 0.0013719542184844613, 0.03209726884961128, -0.03568780794739723, 0.004192365799099207, 0.018714338541030884, -0.008813148364424706, 0.012424090877175331, -0.007786307483911514, -0.03615022823214531, -0.02057761326432228, 0.010907630436122417, -0.02586822211742401, 0.008534337393939495, 0.01859193481504917, -0.008058317936956882, -0.014022153802216053, -0.0013677040114998817, -0.020033590495586395, -0.005708825308829546, -0.023828141391277313, 0.014008553698658943, -0.000529570912476629, -0.006341250613331795, -0.0006664263200946152, -0.008758746087551117, 0.027364280074834824, -0.003869352862238884, 0.034735772758722305, -0.0049403952434659, 0.011288445442914963, -0.011023235507309437, -0.002011179458349943, -0.013287724927067757, -0.029567567631602287, 0.020332803949713707, 0.013845346868038177, 0.027187474071979523, 0.03780949488282204, -0.0003291754983365536, 0.010737624019384384, -0.010390810668468475, 0.03326691314578056, 0.006419453304260969, -0.016959870234131813, 0.008622740395367146, -0.007881511002779007, 0.015028593130409718, -0.0219784677028656, 0.008697543293237686, -0.030873218551278114, -0.005249807145446539, 0.005001597572118044, 0.00555241946130991, -0.004977796692401171, 0.00545721547678113, -0.024861782789230347, -0.04830910637974739, 0.0054096137173473835, 0.022699296474456787, 0.008065118454396725, -0.025296999141573906, -0.0036449439357966185, -0.009438772685825825, -0.02673865668475628, 0.013280924409627914, 0.02279449999332428, -0.0036687448155134916, -0.04055680334568024, 0.015246202237904072, 0.02905074693262577, 0.0050559998489916325, 0.019856784492731094, 0.20237599313259125, 0.014185360632836819, 0.008949153125286102, 0.012485292740166187, 0.003468137001618743, -0.004205965902656317, -0.0018989749951288104, -0.012220082804560661, -0.025201795622706413, 0.0015793623169884086, -0.0019550772849470377, 0.0018955748528242111, 0.003961156588047743, 0.0012495493283495307, 0.010588018223643303, 0.00911916047334671, -0.04333131015300751, -0.017231879755854607, -0.026167433708906174, -0.007405492477118969, 0.019353564828634262, 0.027282677590847015, 0.0011330947745591402, -0.018605533987283707, 0.0065520587377250195, -0.022508889436721802, 0.029241153970360756, -0.0026385041419416666, -0.012498893775045872, 0.010261605493724346, 0.008921951986849308, -0.023134512826800346, 0.017367886379361153, -0.00047729385551065207, -0.023923344910144806, -0.0001733005919959396, -0.013226522132754326, 0.009051157161593437, 0.004579980857670307, 0.04047519713640213, -0.011669260449707508, -0.03177085518836975, 0.03370213136076927, 0.008568338118493557, -0.008439132943749428, -0.0272962786257267, -0.005161403678357601, 0.010384010151028633, 0.017163878306746483, 0.04316810518503189, -0.02834351919591427, 0.002453196793794632, 0.015395808033645153, 0.01613023690879345, -0.01494699064642191, 0.0037265471182763577, 0.01925836130976677, 0.009533976204693317, -0.013083716854453087, 0.03778229281306267, -0.006354851182550192, 0.011553656309843063, 0.0419168546795845, 0.018714338541030884, -0.01729988306760788, 0.019829582422971725, 0.005708825308829546, -0.012804905883967876, 0.025990625843405724, 0.015368606895208359, 0.02352892979979515, -0.029213953763246536, 0.00368574564345181, 0.0017136676469817758, 0.004858791828155518, -0.025501007214188576, 0.0035531404428184032, 0.0071266815066337585, 0.010043996386229992, 0.008459534496068954, -0.017993509769439697, -0.02907794900238514, -0.028044307604432106, -0.0058856322430074215, -0.01180526614189148, 0.003604142228141427, -0.018891146406531334, -0.008622740395367146, -0.01940796710550785, -0.018959147855639458, -0.0040563601069152355, 0.028914742171764374, -0.01613023690879345, -0.007432693615555763, -0.003882953431457281, -0.020155996084213257, -0.008364330045878887, 0.000592473370488733, -0.025854621082544327, -0.013498533517122269, -0.023515328764915466, 0.0487443245947361, 0.008867550641298294, -0.001756169367581606, -0.017966309562325478, 0.023066511377692223, 0.005610221531242132, 0.006725465413182974, 0.0022423886694014072, -0.013335326686501503, 0.030900420621037483, -0.031662050634622574, -0.00020071417384315282, -0.03489897772669792, 0.019067952409386635, 0.0206048134714365, 0.01829272322356701, 0.0030023185536265373, 0.02711947076022625, -0.0010701923165470362, 0.006365051493048668, -0.03217887133359909, -0.007629901170730591, 0.003316831076517701, 0.0006677013589069247, -0.026004226878285408, -0.023365722969174385, 0.0027065069880336523, 0.028098709881305695, -0.019598374143242836, 0.03492617979645729, -0.02414095401763916, -0.005100201349705458, -0.01091443095356226, -0.010077998042106628, 0.01043161191046238, 0.000298786791972816, -0.013858946971595287, -0.006705064792186022, -0.0016023132484406233, 0.016007831320166588, -0.02010159380733967, 0.04398413747549057, -0.0002951741626020521, -0.0024990986566990614, 0.0016915667802095413, 0.003699346212670207, -0.007174283266067505, -0.005283808801323175, -0.026670653373003006, 0.012784505262970924, 0.0030516204424202442, 0.004525578580796719, -0.024671373888850212, 0.012900109402835369, -0.015287003479897976, 0.019176756963133812, -0.049750763922929764, 0.008493535220623016, -0.007201484404504299, -0.03525259345769882, 0.014212561771273613, 0.021325642243027687, -0.006613261066377163, -0.012417290359735489, -0.0033117306884378195, -0.1715843826532364, 0.019176756963133812, 0.03168925270438194, -0.01948956958949566, 0.010363609530031681, 0.017639895901083946, 0.008112720213830471, -0.01943516731262207, -0.026058629155158997, -0.02627623826265335, 0.007113080937415361, -0.013321726582944393, -0.046133022755384445, -0.01325372327119112, -0.029377160593867302, 0.014253363013267517, 0.015327805653214455, 0.01256689615547657, 0.03381093591451645, 0.02732347883284092, 0.03702066093683243, -0.038652725517749786, -0.0037945499643683434, -0.03729267418384552, -0.01119324192404747, 0.014076556079089642, 0.008921951986849308, 0.006164443679153919, -0.002364793326705694, 0.017979910597205162, -0.003665344789624214, -0.000828357704449445, 0.03688465803861618, -0.024467365816235542, 0.0024004948791116476, 0.017435887828469276, 0.004834990948438644, -0.02116243541240692, -0.008180723525583744, 0.004964196123182774, 0.003080521710216999, -0.0006672763265669346, 0.0012308486038818955, 0.02203286997973919, 0.0037333474028855562, 0.018428727984428406, 0.016470249742269516, 0.01277090422809124, 0.008901551365852356, -0.031172432005405426, 0.008942353539168835, -0.0511380210518837, 0.003651744220405817, 0.012988513335585594, 0.008588738739490509, 0.0003559515462256968, 0.017762301489710808, 0.006300448905676603, -0.029540367424488068, -0.03783669322729111, 0.00974478479474783, -0.023080112412571907, -0.018047912046313286, -0.002679305849596858, -0.02352892979979515, -0.008500335738062859, -0.032858897000551224, 0.005889032501727343, -0.01130884699523449, -0.0050866007804870605, -0.008887951262295246, 0.0178575050085783, 0.010057597421109676, -0.004766988102346659, 0.010982433333992958, 0.02001999132335186, 0.005460615735501051, -0.0008840349037200212, 0.025405803695321083, 0.02656184881925583, -0.02086322382092476, 0.03234207630157471, -0.009255165234208107, 0.04762908071279526, -0.015654217451810837, -0.009826388210058212, -0.0026062028482556343, -0.008921951986849308, 0.015028593130409718, -0.005477616563439369, 0.0253922026604414, -0.045806609094142914, -0.006861471105366945, 0.008343929424881935, 0.008976354263722897, 0.0066574630327522755, 0.016402248293161392, 0.008330329321324825, 0.00803791731595993, -0.010513215325772762, 0.007289887871593237, -0.020237598568201065, -0.014674979262053967, 0.013015714474022388, 0.04012158513069153, 0.009669981896877289, 0.0030601208563894033, 0.006824069656431675, 0.044908974319696426, 0.007507496513426304, -0.02159765362739563, 0.01709587499499321, -0.0028561127837747335, 0.03264128789305687, -0.0004857941821683198, 0.03498058021068573, -0.0048281908966600895, -0.006269847508519888, 0.026031428948044777, -0.005943434778600931, 0.03345732018351555, -0.009642780758440495, -0.008010716177523136, -0.005426614545285702, 0.008065118454396725, 0.009588378481566906, -0.08464974164962769, -0.004515378270298243, 0.00668466417118907, 0.013845346868038177, -0.041780851781368256, -0.034790173172950745, -0.02408655174076557, 0.023977747187018394, -0.005232806783169508, 0.03340291976928711, -0.02948596514761448, -0.010350008495151997, 0.00662686163559556, 0.02770429477095604, 0.00737149128690362, -0.0022950905840843916, -0.013083716854453087, 0.004182165022939444, -0.004573180805891752, 0.02767709270119667, -0.004800989758223295, -0.02065921574831009, 0.013743342831730843, 0.002514399355277419, -0.013505333103239536, 0.013600537553429604, -0.02399134822189808, 0.01615743897855282, 0.018143117427825928, -0.0151101965457201, -0.01984318345785141, -0.016674257814884186, 0.03228767588734627, -0.02104003168642521, 0.0035735410638153553, -0.02411375194787979, -0.0064296540804207325, -0.007922313176095486, 0.027554688975214958, -0.01434856653213501, 0.0023103912826627493, 0.00794951431453228, -0.0011475452920421958, -0.022277679294347763, -0.0011364949168637395, 0.005477616563439369, -0.015817424282431602, 0.005729226395487785, 0.01958477310836315, -0.02546020597219467, -0.0326140895485878, 0.005151203367859125, -0.0056578232906758785, 0.0006893772515468299, 0.036775853484869, 0.02569141425192356, 0.008398331701755524, -0.0026232036761939526, 0.014470971189439297, 0.024358561262488365, -0.05413013696670532, -0.009676782414317131, 8.8137858256232e-05, 0.002587502123787999, 0.017381485551595688, 0.014266963116824627, -0.00787471141666174, -0.008500335738062859, -0.025813819840550423, -0.0033950340002775192, -0.02332492172718048, -0.0053144097328186035, -0.03253248333930969, 0.026085829362273216, -0.0036483441945165396, 0.014443770051002502, -0.011200042441487312, -0.013471332378685474, 0.004348771646618843, 0.009139561094343662, 0.009486374445259571, 0.005712225567549467, -0.023882543668150902, -0.012539695017039776, 0.02788110077381134, 0.006273247767239809, 0.011315646581351757, -0.0048383912071585655, 0.00019391390378586948, -0.06049519032239914, 0.0204280074685812, -0.013994952663779259, -0.0033508322667330503, -0.022495288401842117, 0.0009554377174936235, -0.00033023805008269846, -0.024562569335103035, -0.013845346868038177, -0.0032301275059580803, -0.025228995829820633, -0.01264169905334711, -0.02086322382092476, -0.045452993363142014, 0.03895193710923195, 0.017367886379361153, 0.007391891907900572, -0.0008695843280293047, -0.0005729226395487785, -0.025038588792085648, -0.010186802595853806, 0.02159765362739563, 0.0043691727332770824, -0.016143837943673134, 0.0231753159314394, 0.004539179150015116, -0.008615939877927303, -0.008935553021728992, 0.0005941734416410327, 0.011084437370300293, 0.01470218040049076, -0.005280408542603254, 0.020740818232297897, 0.022060072049498558, -0.00796311441808939, -0.004328371025621891, 0.015858225524425507, -0.024562569335103035, 0.0014527073362842202, -0.0027847099117934704, 0.000298786791972816, -0.0016873166896402836, -0.008201124146580696, 0.012213282287120819, -0.03370213136076927, -0.0010489413980394602, 0.01572222076356411, 0.05021318420767784, -0.030791616067290306, 0.02528339810669422, 0.019707178696990013, 0.02241368591785431, 0.009037557058036327, 0.004080160986632109, -0.04278729110956192, 0.0035769413225352764, -0.018986349925398827, -0.023270519450306892, -0.0020876824855804443, -0.021298442035913467, -0.009425172582268715, 0.011594457551836967, 0.01475658267736435, 0.040230389684438705, 0.008146721869707108, 0.0005265958025120199, -0.017191078513860703, -0.011227243579924107, -0.02299850806593895, 0.0008147571934387088, 0.014647778123617172, -0.006263047456741333, 0.013437330722808838, 0.04354891926050186, -0.0026011026930063963, -0.005396013148128986, -0.015137397684156895, 0.007684303447604179, -0.007935913279652596, -0.014212561771273613, 0.013144918717443943, 0.0006337000522762537, -0.015042194165289402, -0.00594003451988101, -0.017721500247716904, 0.002011179458349943, 0.018782341852784157, -0.008717943914234638, 0.010390810668468475, -0.025759417563676834, -0.0022559890057891607, -0.004239967558532953, 0.01414455845952034, 0.021298442035913467, -0.01753109320998192, -0.008486735634505749, 0.02159765362739563, 0.004063160624355078, 0.02574581652879715, -0.014307765290141106, 0.006252847146242857, -0.002230487996712327, 0.0017204679315909743, -0.03152604401111603, 0.004600381478667259, -0.007051878608763218, 0.0027065069880336523, 0.004015558399260044, -0.010390810668468475, -0.010601618327200413, -0.03264128789305687, 0.017939109355211258, -0.00696347514167428, 0.0020825823303312063, 0.024412963539361954, 0.004947195295244455, -0.028506726026535034, -0.005205605644732714, 0.012764103710651398, -0.04792829230427742, -0.03726547211408615, -0.011465252377092838, 0.030873218551278114, -0.01071042288094759, -0.011553656309843063, -0.017367886379361153, 0.019503170624375343, -0.001591262873262167, -0.008425532840192318, 0.0020298801828175783, -0.015178199857473373, -0.02826191671192646, 0.021203236654400826, 0.008949153125286102, 0.008704343810677528, 0.020795220509171486, -0.0020281800534576178, 0.04009438306093216, 0.004549379460513592, -0.008513935841619968, -0.02449456788599491, 0.013743342831730843, -0.011642060242593288, 0.01925836130976677, -0.0024361961986869574, -0.01592622883617878, 0.0008355830213986337, -0.006847870536148548, -0.027377881109714508, -0.014185360632836819, -0.023392923176288605, -0.0312812365591526, 0.061420027166604996, 0.012192881666123867, -0.006623461376875639, -0.0033049306366592646, -0.01800711080431938, 0.01645665057003498, 0.028397921472787857, 0.003695945953950286, -0.011023235507309437, -0.008745145052671432, 0.01831992343068123, -0.014634178020060062, -0.0018411726923659444, -0.028180312365293503, -0.03620462864637375, 0.008473134599626064, -0.0034562365617603064, -0.0018360725371167064, -0.017939109355211258, -0.016878265887498856, 0.019176756963133812, 0.02182886190712452, 0.012444491498172283, -0.013076916337013245, -0.00303631997667253, -0.0002584102039691061, 0.015831025317311287, -0.007623101118952036, -0.02121683768928051, -0.03653104230761528, 0.013695741072297096, 0.003259028773754835, -0.036775853484869, -0.007262686733156443, -0.0011075937654823065, -0.008071918971836567, -0.0015079595614224672, 0.02007439360022545, 0.022114472463726997, 0.019380765035748482, 0.007745505776256323, 0.017571894451975822, -0.015531813725829124, -0.0009035856928676367, 0.006405853200703859, -0.021856063976883888, 0.005018598400056362, -0.0029343159403651953, -0.042569682002067566]","[-0.024935515597462654, 0.04749748855829239, -4.7321849706349894e-05, 0.0024035435635596514, -0.014214577153325081, 0.017641544342041016, 0.006993945222347975, -0.01048758439719677, -0.015374678187072277, -0.02521554008126259, 0.028802519664168358, -0.0014376258477568626, 0.0018034911481663585, -0.023575395345687866, 0.02201526053249836, 0.0023502055555582047, -0.0021368537563830614, -0.003436967497691512, 0.012261073105037212, -0.019988415762782097, -0.008147379383444786, 0.005010438617318869, -0.004200367722660303, -0.0018668300472199917, -0.031256068497896194, -0.003255284857004881, 0.024788836017251015, -0.01993507705628872, 0.008600752800703049, -0.01450793631374836, 0.0176815465092659, 0.00869409367442131, -0.016868142411112785, -0.013554519042372704, -0.02192191779613495, -0.0018451614305377007, -0.0091407997533679, -0.00789402425289154, 0.025295546278357506, 0.004540397319942713, 0.0167081281542778, -0.03979014977812767, -0.005427141673862934, -0.02390875853598118, 0.0037969988770782948, 0.031256068497896194, 0.006763925310224295, -0.015894724056124687, -0.010520920157432556, -0.005987190641462803, 0.014427929185330868, 0.027602415531873703, -0.040483541786670685, -0.0025968938134610653, -0.006803928874433041, -0.0015493022510781884, 0.015334675088524818, 0.026442313566803932, -0.008807437494397163, 0.010427579283714294, 0.016294758766889572, 0.03789664804935455, -0.010647598654031754, -0.02254864014685154, -0.016241421923041344, -0.016654791310429573, -0.008227386511862278, -0.02210860140621662, 0.00875409971922636, -0.010880951769649982, -0.00808737426996231, 0.032829537987709045, -0.013221156783401966, 0.0036936565302312374, -0.006280549336224794, -0.010380907915532589, -0.026215627789497375, 0.0196150504052639, -0.01584138534963131, -0.00718062836676836, 0.007934027351439, -0.012654440477490425, -0.028322478756308556, 0.02598894014954567, -0.0012109392555430532, 0.026028944179415703, 0.03029598481953144, 0.027549076825380325, -0.003433633828535676, -0.006657249294221401, -0.028882527723908424, 0.0022568642161786556, 0.016988152638077736, -0.013667862862348557, 0.005590489134192467, 0.03472303971648216, -0.03637651726603508, 0.014441263861954212, -0.018174923956394196, -0.010280899703502655, -0.014841298572719097, 0.009800857864320278, -0.00980752520263195, -0.009340817108750343, -0.024695493280887604, -0.002613561926409602, 0.00916746910661459, -0.01724150776863098, 0.023482054471969604, -0.015468019992113113, 0.013894549570977688, 0.003018597373738885, 0.003917009569704533, -0.03722992539405823, 0.018414944410324097, -0.03165610507130623, -0.00014501268742606044, -0.006683918181806803, -0.018361607566475868, -0.0036936565302312374, 0.003426966490224004, 0.012207734398543835, 0.016548113897442818, -0.025295546278357506, 0.02848249301314354, 0.004157030489295721, -0.019175011664628983, -0.029415907338261604, 0.0063238865695893764, -0.0014676284044981003, 0.03984348475933075, 0.03960346430540085, 0.01637476682662964, 0.021788572892546654, -0.014667950570583344, -0.0016409768722951412, -0.0053137983195483685, 0.008660757914185524, -0.005427141673862934, -0.031736109405756, 0.017108162865042686, 0.030482666566967964, -0.006783926859498024, -0.009834193624556065, -0.025135532021522522, 0.03306955844163895, 0.002320202998816967, -0.03181611746549606, 0.0069339401088654995, -0.005380470771342516, 0.0066772508434951305, 0.0069739436730742455, -0.017734885215759277, 0.005297129973769188, 0.007547326851636171, -0.006093866657465696, -0.009827526286244392, -0.005470478441566229, -0.0035069736186414957, -0.0326961949467659, 0.004763750359416008, 0.002905254252254963, 0.005220456980168819, -0.008920780383050442, 0.014867967925965786, 0.02714904211461544, 0.02848249301314354, -0.012854457832872868, -0.012707778252661228, -0.02237529121339321, 0.012661107815802097, 0.02738906256854534, -0.02572225034236908, 0.010567591525614262, -0.024575483053922653, -0.008514078333973885, 0.021228523924946785, 0.02124185860157013, -0.025468895211815834, -0.017814891412854195, -0.0016468107933178544, 0.017601540312170982, 0.002171856816858053, 0.018734972923994064, -0.02625562995672226, -0.0004933765158057213, -0.016574783250689507, 0.007240633480250835, 0.013301163911819458, 0.003333624918013811, -0.0008396568009629846, 0.013214489445090294, -0.0067572579719126225, -0.006663916632533073, -0.6059196591377258, -0.012634438462555408, 0.0019318356644362211, -0.026962358504533768, 0.012901129201054573, -0.001951837446540594, -0.004510394763201475, -0.004577067214995623, -0.0003531558904796839, 0.0322161540389061, -0.031736109405756, 0.009314148686826229, 0.0019435033900663257, -0.008194050751626492, -0.0035036399494856596, -0.023602064698934555, 0.007714008446782827, -0.017694881185889244, -0.0015343009727075696, -0.013554519042372704, -0.030429329723119736, 0.01872163824737072, -0.02080181986093521, 0.0009659178322181106, -0.011721025221049786, -0.02334870956838131, 0.0005225457134656608, -0.02768242172896862, 0.008640755899250507, 0.022655315697193146, -0.04275040701031685, 0.025628909468650818, 0.0012059388682246208, 0.014947975054383278, 0.051524508744478226, -0.0011425999691709876, -0.03533642366528511, 0.008167381398379803, -0.001951837446540594, 0.01620141789317131, -0.028882527723908424, -0.006987277884036303, 0.024575483053922653, -0.016894811764359474, 0.00648390082642436, 0.018828313797712326, 0.039923492819070816, 0.008460740558803082, 0.004890427924692631, -0.02150854840874672, 0.01881497912108898, 0.0071606263518333435, 0.001250942819751799, 0.014347922056913376, 0.016668125987052917, -0.025655578821897507, 0.010920955799520016, -0.011594347655773163, 0.009207472205162048, -0.01981506682932377, 0.014307918958365917, -0.009847528301179409, -0.021175187081098557, -0.0030319320503622293, -0.038883402943611145, 0.041016921401023865, 0.019775062799453735, 0.0005804674583487213, 0.001167602138593793, -0.017454860731959343, 0.036536529660224915, -0.0017718217568472028, 0.0004317044513300061, 0.02625562995672226, 0.005117114633321762, 0.0236153993755579, 0.01717483624815941, -0.034136321395635605, -0.00864742323756218, -0.0164681077003479, 0.02581559307873249, 0.00812737736850977, -0.030989378690719604, -0.01596139743924141, 0.01605473831295967, 0.0019185012206435204, -0.042030345648527145, -0.013321165926754475, 0.03162943571805954, 0.015868054702878, -0.017494864761829376, 0.045497313141822815, 0.003997016232460737, -0.007433983962982893, -0.008794102817773819, 0.013321165926754475, -0.0035369761753827333, 0.009027456864714622, 0.023242034018039703, -0.035976480692625046, -0.019828401505947113, 0.010327570140361786, 0.011921043507754803, 0.004950433038175106, 0.024175448343157768, -0.002320202998816967, -0.013634526170790195, -0.014401259832084179, 0.002520220587030053, -0.03933677449822426, -0.020481791347265244, -0.0006238045752979815, -0.010014209896326065, -0.005210455972701311, -0.016961483284831047, -0.03688322752714157, 0.02685568295419216, -0.002203526208177209, -0.0033419590909034014, -0.014081232249736786, 0.017321515828371048, 0.017041491344571114, 0.005213789641857147, -0.022868666797876358, 0.00635722279548645, 0.01797490566968918, 0.00988086499273777, -0.00027648251852951944, 0.022975344210863113, 0.016774801537394524, 0.008627421222627163, -0.017868230119347572, 0.01729484647512436, 0.004147029481828213, 0.008100708946585655, -0.024548815563321114, -0.01450793631374836, -0.0061072008684277534, 0.02053513005375862, -0.020095091313123703, 0.014414594508707523, 0.0017401522491127253, 0.022748656570911407, -0.028535829856991768, 0.0009592506103217602, -0.00425037182867527, -0.029149217531085014, -0.008367398753762245, -0.024708827957510948, -0.004153696820139885, -0.033869631588459015, -0.008674092590808868, -0.010127552784979343, 0.040750231593847275, 0.005270461086183786, 0.004197034053504467, -0.009934202767908573, -0.026922356337308884, -0.0024068772327154875, -0.0035036399494856596, -0.005587155465036631, 0.03509640321135521, -0.005353801883757114, -0.008607420139014721, -0.0035336425062268972, -0.03722992539405823, -0.003098604502156377, 0.003563645062968135, -0.006663916632533073, -0.015268002636730671, -0.00909412931650877, -0.0022902004420757294, -0.01198771595954895, -0.005360469222068787, -0.0013151150196790695, 0.010447580367326736, -0.023775413632392883, 0.015481354668736458, -0.010060880333185196, -0.009987540543079376, -0.0036903228610754013, -0.0018368273740634322, 0.0039636800065636635, 0.0029302563052624464, 0.02424212172627449, 0.0003544060164131224, 0.026148954406380653, 0.01920168101787567, -0.03418966010212898, 0.048377566039562225, 0.0037369937635958195, 0.01566803827881813, -0.02094849944114685, -0.0053171319887042046, 0.008140712045133114, 0.00643056258559227, 0.03424299508333206, 0.02165522798895836, 0.015601364895701408, 0.010774276219308376, 0.005480479449033737, 0.004417052958160639, 0.006383892148733139, -0.0050171054899692535, 0.026655666530132294, -0.046777427196502686, -0.023602064698934555, -0.023388713598251343, 0.037816643714904785, -0.006140537094324827, 0.023522058501839638, -0.033922966569662094, 0.012101058848202229, 0.006137203890830278, 0.012361081317067146, 0.033362917602062225, 0.012841123156249523, -0.007947362028062344, -0.028402484953403473, 0.009694181382656097, 0.012027719058096409, 0.00796736404299736, 0.005213789641857147, 0.008214051835238934, -0.007313973270356655, 0.021855246275663376, -0.010327570140361786, 0.007874022237956524, 0.021175187081098557, -0.016748132184147835, 0.01658811792731285, 0.006040528416633606, -0.013587855733931065, 0.016014734283089638, 0.0036836557555943727, 0.006453898269683123, 0.016681458801031113, -0.029122548177838326, 0.0029535917565226555, -0.04512394964694977, 0.006913938093930483, 0.032589517533779144, 0.004277040716260672, -0.024588817730545998, 0.022441964596509933, -0.00035607282188721, 0.022495301440358162, 0.017574870958924294, 0.023788748309016228, 0.044937264174222946, -0.012187733314931393, 0.012781118042767048, 0.011240983381867409, -0.00012615686864592135, 0.0020151762291789055, -0.018948324024677277, 0.011287654750049114, 0.028002450242638588, 0.0022085264790803194, 0.009200804866850376, 0.01581471785902977, -0.028082456439733505, 0.0331762358546257, -0.01736151985824108, 0.027549076825380325, 0.024188783019781113, -0.002088516019284725, -0.0031052716076374054, -0.006960608996450901, -0.010234229266643524, 0.01922834850847721, -0.03816333785653114, -0.008207384496927261, -0.038056664168834686, 0.023815417662262917, -0.001637643319554627, 0.007567328866571188, 0.019041666761040688, 0.01920168101787567, 0.02409544214606285, -0.024668825790286064, 0.0010825947392731905, -0.012274407781660557, 0.028082456439733505, 0.01462794654071331, -0.01425458025187254, -8.839314978104085e-05, 0.018401609733700752, 0.017881564795970917, -0.0036003149580210447, 0.005070443730801344, 0.020841823890805244, -0.004510394763201475, -0.03664320707321167, -0.014321252703666687, 0.03128273785114288, 0.037309929728507996, 0.004197034053504467, 0.003060267772525549, 0.002490217797458172, -0.0024702162481844425, 0.01685480773448944, -0.049444325268268585, -0.02438880130648613, 0.03722992539405823, 0.010467582382261753, -0.0061072008684277534, -0.05272461473941803, 0.014561274088919163, -0.012127728201448917, -0.02848249301314354, -0.013507848605513573, -0.02041511982679367, 0.024575483053922653, -0.018054913729429245, -0.0035969812888652086, -0.012007717043161392, 0.010434246622025967, 0.02666899934411049, -0.0053671360947191715, -0.0033169568050652742, -0.018348272889852524, -0.009587505832314491, 0.017694881185889244, 0.022655315697193146, 0.03320290520787239, -0.022975344210863113, -0.009960871189832687, 0.00040586883551441133, 0.02177523821592331, -0.020508460700511932, -0.014001225121319294, -0.003566978732123971, 0.015628034248948097, -0.027575746178627014, -0.004733747337013483, 0.00464373966678977, -0.0032052805181592703, 0.018201593309640884, -0.006300551351159811, -0.02118851989507675, 0.005653827916830778, -0.03434967249631882, -0.0083540640771389, 0.016601452603936195, 0.0017501531401649117, 0.018921656534075737, 0.03136274591088295, 0.02453548088669777, 0.019828401505947113, -0.009060792624950409, 0.005123781505972147, -0.019095003604888916, -0.030669350177049637, 0.0017984906444326043, 0.0008021535468287766, 0.022508636116981506, 0.022681985050439835, -0.010867618024349213, 0.03720325604081154, 0.030802695080637932, 0.008294058963656425, 0.0022285282611846924, 0.0014959642430767417, 0.002241862937808037, 0.042830415070056915, -0.01634809747338295, -0.00980752520263195, -0.0004292042285669595, -0.016721462830901146, -0.041043590754270554, 0.0013109480496495962, 0.011027631349861622, -0.00409369170665741, -0.004283708054572344, -0.017748219892382622, -0.006353889126330614, -0.022882001474499702, 0.032562848180532455, -0.011340992525219917, 0.02056179940700531, -0.027069035917520523, -0.012701110914349556, -0.04856424778699875, -0.0005317131872288883, 0.0027252384461462498, 0.015081319957971573, -0.007393980398774147, -0.002890252973884344, -0.01940169744193554, -0.037843313068151474, 0.01869496889412403, -0.001833493821322918, 0.00033190404064953327, -0.004393717739731073, 0.0020635139662772417, -0.017748219892382622, 0.026602327823638916, 0.034669701009988785, 0.048350896686315536, 0.015441351570189, 0.009087461978197098, 0.016654791310429573, 0.02976260334253311, -0.025735585018992424, -0.027869105339050293, 0.008960784412920475, 0.004053688142448664, -0.000346071959938854, -0.007774013560265303, 0.013947887346148491, -0.020548464730381966, -0.02349538914859295, 0.033629607409238815, 0.0180415790528059, 0.00041441127541475, -0.0034836381673812866, -0.008507410995662212, 0.03186945617198944, 0.004810420796275139, 0.005370469763875008, 0.05272461473941803, -0.01112764049321413, -0.0005617158021777868, 0.01564136892557144, 0.01514799240976572, -0.027362395077943802, 0.007260635495185852, -0.015321340411901474, -0.001599306589923799, 0.004793752916157246, 0.007313973270356655, -0.035976480692625046, -0.02305535040795803, -0.015014647506177425, -0.04357714578509331, 0.010107550770044327, -0.004270373843610287, 0.005647160578519106, -0.012407752685248852, -0.015654703602194786, 0.04112359881401062, -0.019055001437664032, -0.012394418008625507, 0.011607682332396507, -0.015014647506177425, 0.05112447217106819, 0.033042892813682556, -0.03629650920629501, 0.008727430365979671, -0.021908583119511604, -0.0226419810205698, -0.0014584609307348728, 0.003720325417816639, -0.0034019644372165203, 0.036776550114154816, -0.003973681014031172, -0.018134919926524162, -0.01913500763475895, -0.0020418453495949507, -0.016841473057866096, 0.01436125673353672, -0.01139433030039072, 0.012947799637913704, -0.011514340527355671, -0.01724150776863098, -0.03616316244006157, -0.017748219892382622, 0.0034936389420181513, -0.02613561972975731, -0.02296200953423977, 0.006137203890830278, -0.005083777941763401, 0.014667950570583344, -0.010134220123291016, 0.023042015731334686, 0.017374854534864426, -0.02216193825006485, -0.04200367629528046, -0.004033686127513647, -0.0060571967624127865, 0.009707516059279442, 0.020815154537558556, 0.013827876187860966, 0.0311227235943079, -0.008960784412920475, 0.012941132299602032, -0.0013201155234128237, 0.00796736404299736, 0.025002187117934227, 0.005260460078716278, 0.007907358929514885, -0.004040353465825319, 0.001871830434538424, 0.03770996630191803, -0.002201859373599291, 0.03581646829843521, -0.020508460700511932, 0.011941044591367245, 0.05384471267461777, -0.03034932166337967, -0.001966838724911213, 0.006257214117795229, -0.028135795146226883, -0.0029419241473078728, 0.029709266498684883, -0.017068160697817802, -0.023455385118722916, -0.03979014977812767, 0.004563732538372278, 0.0053671360947191715, 0.005383804440498352, 0.008654090575873852, -0.004520395305007696, 0.021041840314865112, -0.0067605916410684586, -0.04741748422384262, -0.019721725955605507, 0.04053688049316406, -0.01777488924562931, 0.015361344441771507, -0.014427929185330868, -0.027789099141955376, -0.00921413954347372, 0.0053571355529129505, 0.02453548088669777, 0.027469070628285408, -0.000595468794927001, -0.004723746795207262, 0.015854720026254654, -0.02133519947528839, -0.01316115166991949, -0.0031436083372682333, -0.02480217069387436, -0.010127552784979343, -0.012727780267596245, -0.011967713944613934, 0.008894111961126328, 0.01824159547686577, 0.02637564204633236, 0.02560224011540413, 0.027202380821108818, -0.021815242245793343, -0.025562236085534096, -0.00048670926480554044, -0.02770909108221531, 0.05357802286744118, 0.01738818734884262, 0.02649565227329731, 0.011754361912608147, -0.0017026489367708564, -0.003220281796529889, -0.007187295705080032, 0.003706990974023938, 0.002011842792853713, 0.03461636230349541, 0.022441964596509933, -0.011240983381867409, -0.037843313068151474, -0.0031536093447357416, -0.02424212172627449, -0.007774013560265303, -0.01075427420437336, 0.019428366795182228, 0.01724150776863098, -0.009507498703897, 0.005473812110722065, 0.007147292140871286, -0.020335111767053604, 0.01048758439719677, 0.0038570042233914137, 0.02441546879708767, -0.013827876187860966, 3.1903833587421104e-05, -0.033602941781282425, 0.009827526286244392, -0.007413981948047876, 0.019975081086158752, -0.0010425911750644445, 0.012487758882343769, -0.017161501571536064, -0.0009150800760835409, 0.005433809012174606, 0.022081932052969933, -0.00857408344745636, 0.028829189017415047, -0.03168277069926262, -0.0015142991906031966, 0.009960871189832687, 0.022721989080309868, -0.017788223922252655, 0.006723921746015549, 0.008480741642415524, 0.028055788949131966, 0.01736151985824108, -0.0014934639912098646, -0.006913938093930483, 0.0038770060054957867, 0.005237124860286713, 0.009187470190227032, -0.01850828528404236, -0.024015434086322784, -0.004503727424889803, 0.015654703602194786, 0.02133519947528839, -0.0013334499672055244, -0.006217210553586483, -0.011867704801261425, -0.004363715182989836, 0.0013526183320209384, 0.0010375907877460122, -0.014281249605119228, 0.0007021447527222335, -0.012487758882343769, -0.003643652191385627, 0.0026252297684550285, -0.0031236065551638603, 0.0282158013433218, 0.0008375733159482479, -0.014401259832084179, 0.013147816993296146, 0.019561711698770523, -0.01770821586251259, 0.021321864798665047, -0.002708570333197713, -0.028535829856991768, -0.017908234149217606, -0.0058838482946157455, 0.0027002361603081226, -0.013667862862348557, -0.004283708054572344, -0.022922005504369736, -0.01685480773448944, -0.016548113897442818, 0.02690902166068554, 0.017441526055336, -0.020388450473546982, -0.018414944410324097, 0.006880601868033409, 0.0010409244569018483, 0.02005508728325367, -0.025735585018992424, -0.029629258438944817, 0.016814803704619408, -0.007640668656677008, -0.0008329895790666342, -0.025442225858569145, 0.011107638478279114, 0.008980785496532917, -0.012634438462555408, 0.02041511982679367, -0.022922005504369736, -0.015388012863695621, -0.010260897688567638, -0.0027985782362520695, 0.01593472808599472, -0.008034036494791508, -0.015828052535653114, -0.01966838724911213, -0.022055262699723244, -0.003726992756128311, 0.011487672105431557, 0.026002274826169014, 0.01207438949495554, 0.015094653703272343, 0.023375378921628, 0.011327657848596573, -0.0018801644910126925, -0.019721725955605507, -0.020628470927476883, 0.007173961028456688, -0.016548113897442818, -0.009447493590414524, -0.0220419280230999, -0.011040966026484966, 0.04341713339090347, 0.029655927792191505, -0.000789652403909713, 0.00324195041321218, 0.009987540543079376, -0.03378962352871895, -0.013207822106778622, -0.017014821991324425, 0.022001925855875015, 0.012661107815802097, 0.012794452719390392, -0.01845494844019413, 0.0065839095041155815, 0.006577242165803909, 0.028535829856991768, -0.037549953907728195, 0.008560748770833015, 0.0279757808893919, -0.01384121086448431, 0.012194400653243065, -0.004700411111116409, -0.04029686003923416, -0.01700148731470108, 0.01311448123306036, -0.03840336203575134, 0.003726992756128311, 0.01274111494421959, -0.0017251509707421064, -0.014587943442165852, -0.010187557898461819, -0.028029119595885277, -0.005780505947768688, -0.018628297373652458, 0.015481354668736458, -0.007173961028456688, -0.004430387634783983, 0.00718062836676836, -0.007420649286359549, 0.021908583119511604, -0.004380383063107729, 0.0406968928873539, 0.00023460386728402227, 0.006967276334762573, -0.01738818734884262, 0.00425037182867527, -0.015174660831689835, -0.023028681054711342, 0.01973506063222885, 0.006370557472109795, 0.028295809403061867, 0.03528308868408203, -0.006853932980448008, 0.0018851649947464466, 0.0015434683300554752, 0.03378962352871895, 0.0016626454889774323, -0.005950520746409893, 0.004497060086578131, -0.01026756502687931, 0.004537063650786877, -0.007760678883641958, -1.3347522326512262e-05, -0.030749356374144554, 0.0009792523924261332, 0.0044370549730956554, 0.0014667949872091413, -0.01780155673623085, 0.005063776392489672, -0.022241946309804916, -0.04821755364537239, -0.001245942316018045, 0.024522146210074425, 0.015268002636730671, -0.016414768993854523, -0.0019201680552214384, -0.010627596639096737, -0.0438438355922699, 0.012567766010761261, 0.016948150470852852, -0.003907008562237024, -0.047310806810855865, 0.006527237594127655, 0.03408298268914223, 0.008347396738827229, 0.02610895037651062, 0.19969747960567474, 0.020121760666370392, 0.006220544222742319, 0.014401259832084179, 0.0024302126839756966, -0.0008359064813703299, -0.008134044706821442, -0.00671392073854804, -0.023748744279146194, 0.004460390191525221, -0.007587330415844917, -0.00046879102592356503, 0.013974555768072605, 0.005560486577451229, 0.00569716515019536, 0.00044753914698958397, -0.04648406803607941, -0.024042103439569473, -0.025922268629074097, -0.007947362028062344, 0.014201242476701736, 0.02712237276136875, 0.011814367026090622, -0.016041403636336327, 0.00382366799749434, -0.015374678187072277, 0.030215976759791374, -0.007433983962982893, -0.009587505832314491, 0.011961046606302261, 0.016228087246418, -0.014974643476307392, 0.013827876187860966, 0.0018301601521670818, -0.012307743541896343, -0.006343888584524393, -0.006960608996450901, -0.002011842792853713, 0.015708040446043015, 0.02029510959982872, -0.021735236048698425, -0.021615223959088326, 0.025975605472922325, 0.003740327199921012, -0.010647598654031754, -0.022295285016298294, -0.008534080348908901, 0.012567766010761261, 0.021735236048698425, 0.04397718235850334, -0.03418966010212898, 0.0022251945920288563, 0.011707691475749016, 0.006120535545051098, -0.019095003604888916, 0.007033948786556721, 0.024495476856827736, 0.016361432150006294, -0.022201942279934883, 0.03800332546234131, -0.007007279898971319, 0.005167118739336729, 0.047310806810855865, 0.012167731299996376, -0.010234229266643524, 0.02008175663650036, 0.0034236328210681677, -0.025295546278357506, 0.027815766632556915, 0.015654703602194786, 0.024175448343157768, -0.0358431376516819, 0.005497147794812918, 0.004860425367951393, 0.0119277099147439, -0.01913500763475895, 0.009654178284108639, 0.02818913385272026, 0.012087724171578884, 0.002611895091831684, -0.006900603882968426, -0.02869584411382675, -0.010994295589625835, 0.003806999884545803, -0.009334149770438671, 0.012027719058096409, -0.02029510959982872, -0.01762820966541767, -0.0180415790528059, -0.01637476682662964, -0.00534046720713377, 0.01993507705628872, -0.009427491575479507, -0.018708303570747375, 0.005980523303151131, -0.009387488476932049, -0.011407664977014065, -0.0029902616515755653, -0.012581100687384605, -0.010420911945402622, -0.0251888707280159, 0.038136668503284454, -0.0020168430637568235, -0.0034603027161210775, -0.012467757798731327, 0.004063688684254885, -0.011314323171973228, 0.00040670225280337036, -0.007280637044459581, -0.006337221246212721, 0.02685568295419216, -0.024855507537722588, -0.009547501802444458, -0.028669174760580063, 0.00830739364027977, 0.019121672958135605, 0.01266777515411377, 0.0026368973776698112, 0.021548552438616753, -0.001986840507015586, 0.016161413863301277, -0.04115026816725731, -0.009054125286638737, 0.011260985396802425, -0.00391034223139286, -0.02928256243467331, -0.02765575237572193, 0.004293709062039852, 0.0382700152695179, -0.02678901143372059, 0.038643382489681244, -0.03274953365325928, 0.005927185527980328, -0.004723746795207262, -0.008954117074608803, -0.00047129124868661165, 0.0019018331076949835, -0.016001399606466293, -0.013947887346148491, -0.006400560028851032, 0.015534692443907261, 0.0047904192470014095, 0.042830415070056915, -0.0060571967624127865, -0.005947187077254057, -0.0006604744703508914, -0.00028502492932602763, -0.013354501686990261, -0.01139433030039072, -0.036509860306978226, 0.010820946656167507, 0.0007338142022490501, -0.0002933590149041265, -0.026455648243427277, 0.0167081281542778, -0.012954466976225376, 0.02845582365989685, -0.04960434138774872, 0.015027981251478195, 0.0020518461242318153, -0.03741660714149475, 0.008540747687220573, 0.01886831782758236, -0.002910254755988717, -0.01080094464123249, -6.854766252217814e-05, -0.1664145588874817, 0.011701024137437344, 0.03821667656302452, -0.023388713598251343, 0.011154308915138245, 0.020121760666370392, 0.02124185860157013, -0.006743923295289278, -0.014921305701136589, -0.02649565227329731, 0.008820772171020508, -0.02394876256585121, -0.04592401906847954, -0.014414594508707523, -0.03514974191784859, 0.008320728316903114, 0.010547589510679245, 0.009060792624950409, 0.034909721463918686, 0.019695056602358818, 0.030669350177049637, -0.03749661520123482, -0.0014801295474171638, -0.03349626436829567, 0.0043137106113135815, 0.007667337544262409, 0.005143783520907164, 0.0004121194069739431, -0.0038736723363399506, 0.018774976953864098, 7.927777187433094e-05, -0.0030719353817403316, 0.028162464499473572, -0.010814279317855835, 0.007313973270356655, 0.018134919926524162, 0.003897007554769516, -0.017308181151747704, -0.01161434967070818, 0.011027631349861622, -0.007380645722150803, -0.00500043760985136, -0.0008188216597773135, 0.017081495374441147, 0.016548113897442818, 0.020401785150170326, 0.01658811792731285, 0.020041754469275475, 0.006770592648535967, -0.03877672553062439, 0.01093429047614336, -0.038350023329257965, 0.0019068334950134158, 0.00820071715861559, 0.005803841166198254, -0.010747606866061687, 0.022708654403686523, 0.016814803704619408, -0.024255456402897835, -0.045737333595752716, 0.01765487901866436, -0.025082195177674294, -0.0027585746720433235, -0.005127115175127983, -0.01569470576941967, -0.00032086140708997846, -0.03301622346043587, 0.0022868667729198933, -0.021321864798665047, -0.009867530316114426, -0.01605473831295967, 0.02608228288590908, 0.013087811879813671, -0.0025635575875639915, 0.005167118739336729, 0.028589168563485146, 0.0074606528505682945, -0.001306780963204801, 0.03226948902010918, 0.02705570124089718, -0.012961134314537048, 0.020135095342993736, -0.006733922753483057, 0.04451056197285652, -0.01259443536400795, -0.015521357767283916, -0.0013884548097848892, -0.014334587380290031, 0.0004912929725833237, -0.003021931042894721, 0.019708391278982162, -0.04581734165549278, 0.0003779497346840799, 0.011474337428808212, 0.00024606319493614137, 0.00875409971922636, 0.016561448574066162, 0.00284858257509768, 0.008174048736691475, -0.019481705501675606, 0.012561098672449589, -0.02344205044209957, -0.00845407322049141, 0.0038703386671841145, 0.04043020308017731, 0.0056638289242982864, 0.01369453128427267, -0.001713483245112002, 0.03634984791278839, -0.000702561461366713, -0.017254842445254326, 0.01842827908694744, 0.010187557898461819, 0.037843313068151474, 0.005300463642925024, 0.027815766632556915, -0.011060968041419983, -0.00884077325463295, 0.029335901141166687, 0.0036736547481268644, 0.03344292566180229, -0.0037736634258180857, -0.00045587323256768286, -0.006183874327689409, 0.013667862862348557, 0.019308356568217278, -0.08118043839931488, -0.0032069473527371883, 0.012341080233454704, 0.01154100988060236, -0.049737684428691864, -0.024788836017251015, -0.014787960797548294, 0.03237616643309593, -0.0035436435136944056, 0.030482666566967964, -0.030455999076366425, -0.01504131592810154, 0.006360556464642286, 0.021441876888275146, 0.0033236241433769464, 0.004770417232066393, -0.019975081086158752, -0.005610491149127483, 0.0027219047769904137, 0.02034844644367695, 0.004547064658254385, -0.018361607566475868, 0.01756153628230095, 0.008607420139014721, -0.015774713829159737, 0.003158609615638852, -0.024402135983109474, 0.01981506682932377, 0.019415032118558884, -0.009740852750837803, -0.029709266498684883, -0.009660845622420311, 0.021761903539299965, -0.027549076825380325, 0.005827176384627819, -0.015508024021983147, -0.006363890133798122, -0.007920692674815655, 0.03429633378982544, -0.015881389379501343, -0.0035436435136944056, 0.00752065796405077, 0.006563907489180565, -0.013087811879813671, 0.007834019139409065, -0.0035569779574871063, -0.0025602239184081554, 0.012274407781660557, 0.019855070859193802, -0.023268703371286392, -0.034883052110672, -0.00245521473698318, 0.002530221361666918, -0.006160539109259844, 0.05296463519334793, 0.02468216046690941, 0.003917009569704533, 0.0011992716463282704, 0.0005350467981770635, 0.02678901143372059, -0.04067022353410721, -0.017574870958924294, 0.005400472320616245, 0.006463898811489344, 0.01634809747338295, 0.015681372955441475, -0.014147904701530933, -0.004230370279401541, -0.02356206253170967, -0.019295021891593933, -0.011080969125032425, 0.0021985257044434547, -0.03381629288196564, 0.017814891412854195, -0.008287391625344753, 0.017201505601406097, 0.0038170006591826677, -0.011521007865667343, 0.0020985170267522335, 0.006620579399168491, 0.004993770271539688, 0.0039636800065636635, -0.02850916050374508, -0.012067722156643867, 0.024188783019781113, 0.004163697827607393, 0.01792156882584095, 0.001597639755345881, -0.009794190526008606, -0.057818394154310226, 0.027789099141955376, -0.009987540543079376, -0.004943765699863434, -0.00876743346452713, -0.0072006299160420895, -0.001639310154132545, -0.026122285053133965, -0.010260897688567638, 0.0003339875547681004, -0.02610895037651062, -0.01869496889412403, -0.02053513005375862, -0.046590741723775864, 0.03605648875236511, 0.02162855863571167, 0.00686060031875968, 0.00902078952640295, 0.0057471697218716145, -0.021415207535028458, -0.004970435053110123, 0.009960871189832687, 0.008134044706821442, -0.007567328866571188, 0.02225528098642826, -0.006867267657071352, -0.01030756812542677, -0.007907358929514885, 0.0036503192968666553, 0.01450793631374836, 0.016334762796759605, -0.009087461978197098, 0.02053513005375862, 0.02118851989507675, -0.004527062643319368, -0.006887269206345081, 0.01296780165284872, -0.012281074188649654, 0.0017051491886377335, -0.012814454734325409, 0.020388450473546982, -0.003006929764524102, -0.01075427420437336, 0.015574696473777294, -0.038083333522081375, 0.0039636800065636635, 0.012574433349072933, 0.04296375811100006, -0.024442138150334358, 0.021148517727851868, 0.01556136179715395, 0.023922093212604523, -0.0023268703371286392, 0.0045303963124752045, -0.043363794684410095, 0.0047070784494280815, -0.024815505370497704, -0.022361956536769867, 0.0010975960176438093, -0.0208284892141819, -0.010334237478673458, 0.010434246622025967, 0.02601560950279236, 0.038590043783187866, 0.010920955799520016, -0.002556890482082963, -0.02118851989507675, -0.010127552784979343, -0.03701657056808472, 0.006260547786951065, 0.00804070383310318, -0.0062838830053806305, 0.009187470190227032, 0.04541730880737305, 1.1413759239076171e-05, 0.0009500831365585327, -0.008580750785768032, 0.0057571702636778355, -0.006050529424101114, -0.018681634217500687, 0.0024318795185536146, 0.012767784297466278, -0.02528221160173416, 0.0004892094875685871, -0.02388208918273449, 0.002728572115302086, 0.016334762796759605, -0.003235283074900508, 0.013347834348678589, -0.031042715534567833, 0.0051404498517513275, -0.015054650604724884, 0.017081495374441147, 0.021321864798665047, -0.014801295474171638, -0.001755153527483344, 0.019095003604888916, 0.013141149654984474, 0.015054650604724884, -0.005220456980168819, 0.016694793477654457, 0.0009342484408989549, 0.005187120754271746, -0.028135795146226883, -0.003610315965488553, -0.006123869214206934, -0.0014576275134459138, 0.007867354899644852, 0.0003550310793798417, -0.016388101503252983, -0.03528308868408203, 0.015574696473777294, 0.0036569866351783276, 0.004370382521301508, 0.015601364895701408, 0.007153959479182959, -0.01661478728055954, -0.003470303723588586, 0.022228611633181572, -0.03893674165010452, -0.04251038655638695, -0.028162464499473572, 0.022708654403686523, -0.014454598538577557, 0.0005229624221101403, -0.0043137106113135815, 0.01940169744193554, -0.0025702249258756638, 0.005443809553980827, 4.880635242443532e-05, -0.013021139428019524, -0.02121518924832344, 0.01736151985824108, 0.004173698369413614, 0.010794278234243393, 0.026175623759627342, -0.004603736102581024, 0.03210947662591934, 0.019441701471805573, 0.0002656482392922044, -0.0297892726957798, 0.015881389379501343, -0.0004321211308706552, 0.026535654440522194, -0.008320728316903114, -0.018174923956394196, -0.004993770271539688, -0.012547764927148819, -0.042297035455703735, -0.011694356799125671, -0.0239754319190979, -0.05005771294236183, 0.07157959789037704, 0.02344205044209957, -0.001443459652364254, -0.008527413010597229, -0.016828138381242752, 0.015187995508313179, 0.018708303570747375, 0.009127465076744556, -0.012941132299602032, -0.009427491575479507, 0.015894724056124687, -0.006727255415171385, -0.01214772928506136, -0.026535654440522194, -0.026535654440522194, 0.011280987411737442, -0.01398789044469595, 0.0018051579827442765, -0.0017868230352178216, -0.024828840047121048, 0.010974293574690819, 0.02320202998816967, 0.00045587323256768286, -0.015334675088524818, -0.002881918800994754, -0.0055304840207099915, 0.016748132184147835, -0.014441263861954212, -0.023988766595721245, -0.032589517533779144, 0.01830826885998249, -0.006927272770553827, -0.03589647263288498, -0.013254493474960327, -0.008974118158221245, -0.00962750893086195, 0.0037303264252841473, 0.01664145663380623, 0.02981594204902649, 0.028402484953403473, 0.014907971024513245, 0.013101146556437016, -0.019628383219242096, -0.007320640608668327, -0.00842740386724472, -0.013414506800472736, 0.002513553248718381, -0.00421370193362236, -0.04459057003259659]","[-0.009148804470896721, -0.009387054480612278, -0.01806616596877575, -0.028889529407024384, 0.0013188845477998257, 0.01519355084747076, -0.012763399630784988, -0.03615956008434296, -0.01926422491669655, -0.031530700623989105, 0.03466198965907097, 0.027909299358725548, 0.0026224530301988125, -0.019332295283675194, -0.0013018667232245207, 0.018746880814433098, 0.016800036653876305, 0.024097297340631485, 0.002380799502134323, -0.011640219949185848, -0.013096949085593224, 0.018243152648210526, -0.017045093700289726, -0.011252213269472122, -0.01993132382631302, -0.013655135408043861, 0.013287549838423729, -0.02018999680876732, -0.0036350160371512175, -0.007276839576661587, 0.010006505064666271, 0.006313628051429987, -0.02044866792857647, -0.02018999680876732, -0.03588727489113808, -0.04097902029752731, -0.004758195485919714, -0.026479799300432205, -0.0025713995564728975, 0.016677508130669594, 0.01739906519651413, -0.00040864149923436344, 0.009169226512312889, -0.029706386849284172, -0.025281742215156555, 0.010639569722115993, 0.01753520965576172, 0.009257718920707703, 0.0008866307907737792, 0.008379597216844559, -0.0005922217387706041, -0.0031772356014698744, -0.008774411864578724, -0.017725808545947075, -0.01831122301518917, -0.014703435823321342, -0.029243500903248787, 0.008406825363636017, 0.030087586492300034, -0.004138744901865721, -0.013423692435026169, 0.012225634418427944, -0.004948795307427645, 0.002132338471710682, -0.017698580399155617, -0.003539716126397252, 0.026221128180623055, 0.005398067180067301, 0.0068037426099181175, 0.013362428173422813, 0.024995841085910797, 0.0025560834910720587, 0.00949596893042326, -0.026643170043826103, -0.004121727310121059, 0.0022208315785974264, -0.002874317578971386, 0.005336802918463945, -0.003934530541300774, -0.005455927923321724, 0.02069372497498989, -0.024219825863838196, 0.008039239794015884, 0.0212382972240448, 0.015084636397659779, -0.00302067119628191, 0.015220778994262218, -0.01009499840438366, -0.007841832935810089, 0.006977324839681387, 0.012736170552670956, 0.011197756044566631, 0.02653425559401512, 0.021946240216493607, 0.0058677601628005505, 0.012681713327765465, 0.012531956657767296, 0.009822712279856205, -0.014567293226718903, 0.007998396642506123, -0.006187696009874344, -0.012634063139557838, 0.0244104266166687, -0.02084348164498806, -0.028072671964764595, -0.006381699815392494, 0.013913807459175587, -0.01174913439899683, 0.007447018288075924, -0.022926468402147293, -0.012763399630784988, 0.03997156396508217, 0.01633715070784092, -0.02254526875913143, -0.010782519355416298, 0.013784470967948437, -0.007399368099868298, -0.007494668010622263, -0.010952698066830635, 0.006922867614775896, -0.011000348255038261, 0.0027483853045850992, 0.02976084314286709, -0.014853193424642086, 0.018270380795001984, 0.010414933785796165, -0.015506679192185402, -0.01873326674103737, 3.2014861062634736e-05, -0.008175382390618324, 0.058868199586868286, 0.017970865592360497, 0.019727110862731934, 0.010013312101364136, -0.016132935881614685, 0.0352882482111454, 0.014063564129173756, -0.01149046327918768, -0.019318681210279465, -0.015166321769356728, 0.01181720569729805, 0.009468740783631802, -0.013818507082760334, -0.015248008072376251, -0.0008168575586751103, 0.022123225033283234, 0.007038589101284742, -0.02057119645178318, 0.013525799848139286, -0.03675859048962593, -0.0049113561399281025, -0.03441693261265755, 0.011796784587204456, -0.014757893048226833, 0.03901856392621994, 0.006330646108835936, 0.007739725522696972, 0.017603280022740364, -0.018406523391604424, -0.01168106310069561, -0.006779917515814304, -0.0023518691305071115, -0.009019468910992146, -0.00729726068675518, 0.006895639002323151, 0.01426777895539999, 0.027963757514953613, -0.03261984512209892, -0.015479451045393944, -0.015152707695960999, 0.007099853828549385, 0.01793002337217331, -0.002156163565814495, 0.028099900111556053, 0.0274872574955225, 0.00445187371224165, -0.00707262521609664, -0.01925060898065567, 8.179211727110669e-05, -0.014118021354079247, -0.008883326314389706, 0.004880724009126425, 0.026234742254018784, 0.026507027447223663, -0.011102455668151379, -0.0012499622534960508, 0.015030179172754288, -8.07816832093522e-05, 0.012702135369181633, 0.012035034596920013, 0.0010908452095463872, 0.02240912616252899, -0.027187742292881012, 0.007521896623075008, -0.6443372368812561, -0.00995204783976078, 0.005653334781527519, 0.02082986757159233, -0.009067119099199772, 0.04130576550960541, 0.004237448796629906, 0.005942638963460922, -0.02774592861533165, -0.01779388077557087, -0.00995204783976078, -0.002431852975860238, 0.014485606923699379, -0.00948235485702753, 0.004622052423655987, -0.005983481649309397, -0.0027330692391842604, -0.030849987640976906, -0.022354668006300926, -0.001839631237089634, -0.020149152725934982, 0.016623051837086678, -0.02547234110534191, -0.003097251523286104, -0.003532908856868744, 0.008563390001654625, 0.00045778058120049536, -0.020339753478765488, 0.026997141540050507, 0.02653425559401512, -0.015248008072376251, 0.020366981625556946, 0.011463234201073647, 0.03782050311565399, 0.039753735065460205, -0.00213914574123919, -0.01366874948143959, 0.02016276679933071, 0.0025850138626992702, -0.003927723504602909, -0.03349116072058678, -0.0008721656049601734, 0.01914169453084469, 0.0037643518298864365, -0.0049249702133238316, -0.006340856663882732, 0.022912854328751564, 0.012028227560222149, 0.007038589101284742, -0.008856097236275673, 0.0062727853655815125, -0.010646376758813858, 0.0010568094439804554, 0.015533908270299435, 0.011572148650884628, -0.00490795262157917, 0.041632506996393204, -0.014621750451624393, 0.011027577333152294, 0.004492716398090124, -0.03291935846209526, 0.0009070522501133382, -0.029896985739469528, -0.02905290015041828, -0.024492112919688225, -0.006841182243078947, -0.022790325805544853, 0.007943939417600632, 0.011470041237771511, 0.01684088073670864, 0.029270729050040245, 0.007984782569110394, -0.02059842459857464, 0.007943939417600632, 0.019454823806881905, 0.002562890527769923, 0.001861754572018981, -0.0071747321635484695, 0.017290150746703148, 0.02069372497498989, -0.009223682805895805, 0.008243454620242119, 0.0007785673369653523, 0.0025492762215435505, 0.03918193280696869, -0.005898392293602228, -0.03997156396508217, -0.005626106634736061, 0.0030513033270835876, -0.032048046588897705, 2.6537234589341097e-05, 0.007875868119299412, -0.021061310544610023, -0.005432102829217911, 0.013280742801725864, 0.018243152648210526, -0.008788025937974453, 0.027963757514953613, 0.004411031026393175, -0.021537810564041138, -0.01767135225236416, -0.001769858063198626, 0.02494138479232788, -0.013791278004646301, 0.011333898641169071, 0.013757242821156979, -0.023539111018180847, 0.00876760482788086, 0.04544450715184212, -0.018093394115567207, 0.006194503046572208, 0.0001981517707463354, -0.0221776831895113, -0.003281044540926814, -0.003781369887292385, -0.03474367409944534, 0.011374741792678833, -0.021183839067816734, 0.008012011647224426, -0.024505726993083954, 0.008386404253542423, -0.013022070750594139, 0.0020302312914282084, -0.015697279945015907, 0.0021612688433378935, 0.02891675755381584, 0.018352067098021507, -0.018474595621228218, -0.007222382351756096, -0.010101805441081524, 0.02506391331553459, 0.03229310363531113, 0.01313098520040512, -0.01274297758936882, 0.004182991571724415, 0.017344608902931213, 0.024846084415912628, 0.0010840380564332008, 0.002026827773079276, -0.017725808545947075, -0.010714448057115078, 0.0031261818949133158, -0.008515739813446999, 0.010401319712400436, 0.004097902216017246, -0.021142996847629547, -0.016296308487653732, 0.019182538613677025, 0.015887878835201263, 0.014172478578984737, 0.011898892000317574, -0.019046396017074585, -0.029025672003626823, 0.0050917454063892365, -0.0063851033337414265, -0.008590619079768658, -0.005523999221622944, -0.021742025390267372, -0.0017579455161467195, -0.036840274930000305, 0.0006454025860875845, 0.021442510187625885, -0.006330646108835936, 0.018937481567263603, -0.0024046243634074926, 0.02935241535305977, -0.04604353755712509, 0.025649327784776688, -0.006725460756570101, -0.023471040651202202, -0.014077178202569485, -0.03038710169494152, 0.023334898054599762, -0.01080974843353033, -0.01507102232426405, 0.013049299828708172, -0.02204154059290886, -0.04231322184205055, -0.030577700585126877, -0.010142647661268711, -0.0012303916737437248, 0.0313400998711586, -0.013348814100027084, -0.00021782868134323508, 0.05668991431593895, 0.0011342407669872046, -0.025948841124773026, 0.01806616596877575, -0.0395631343126297, 0.02521366998553276, 0.0022940083872526884, 0.008699532598257065, 0.01621462218463421, -0.025295356288552284, -0.012075877748429775, 0.019168924540281296, -0.0012542166514322162, 0.006514438893646002, 0.005718003027141094, 0.029161814600229263, 0.036322932690382004, 0.0086927255615592, -0.004550577141344547, -0.021551424637436867, -0.0034188891295343637, -0.030768301337957382, 0.00955042615532875, 0.0003263175894971937, -0.005952849518507719, -0.00020783068612217903, -0.0036758589558303356, -0.015574750490486622, -0.0142133217304945, 0.01896470971405506, 0.018352067098021507, 0.02601691335439682, 0.017167622223496437, -0.006146853324025869, 0.015506679192185402, 0.016949795186519623, -0.02812712825834751, -0.0012031630612909794, 0.011510884389281273, 0.01287231408059597, -0.007800989784300327, -0.005598878022283316, 0.010564691387116909, 0.018229538574814796, 0.018637966364622116, -0.01965903863310814, -0.007358524948358536, 0.0017460330855101347, 0.03436247631907463, 0.019944937899708748, 0.014295007102191448, -0.00759677542373538, 0.03501595929265022, 0.0019468438113108277, 0.04051613435149193, -0.01520716492086649, 0.002835176419466734, 0.015111864544451237, 0.006402120925486088, 0.006231942679733038, 0.003207867732271552, -0.002649681642651558, 0.04394693672657013, -0.017358222976326942, -0.017494365572929382, 0.012559184804558754, 0.0033406070433557034, -0.006997746415436268, 0.0058813742361962795, -0.016092093661427498, 0.008093697018921375, 0.0009300263482145965, 0.01964542455971241, 0.0063510676845908165, 0.02349826879799366, 0.03068661503493786, 0.004363380838185549, 0.0032112712506204844, 0.017725808545947075, -0.006555282045155764, 0.012375392019748688, 0.01950928196310997, 0.006528053432703018, -0.030904443934559822, -0.01700425148010254, -0.010966313071548939, -0.02058481052517891, -0.006534860469400883, 8.620612788945436e-05, -0.030359871685504913, 0.019305067136883736, -0.016922565177083015, 0.0274872574955225, 0.021537810564041138, 0.0183248370885849, 0.0035669447388499975, -0.022354668006300926, 0.0023229387588799, 0.027432799339294434, -0.0021034081000834703, -0.00593583146110177, -0.008529353886842728, -0.0012227336410433054, -0.0034001695457845926, 0.008788025937974453, -0.0035499269142746925, 0.02574462816119194, 0.009053505025804043, 0.013709592632949352, 0.010551076382398605, -0.013655135408043861, 0.00883567612618208, 0.015152707695960999, -0.04656087979674339, 0.004298713058233261, -0.009577655233442783, 0.00205916166305542, 0.006946692708879709, -0.03648630529642105, -0.015152707695960999, 0.027963757514953613, -0.005326591897755861, -0.007943939417600632, -0.014104407280683517, 0.009584462270140648, -0.013246706686913967, 0.00769888237118721, -0.004237448796629906, 0.0008096249657683074, 0.004094498697668314, -0.013484956696629524, 0.013083335012197495, 0.005006656050682068, 0.010394512675702572, 0.04740496724843979, 0.009822712279856205, 0.009598076343536377, -0.006313628051429987, 0.0023365530651062727, 0.006255767308175564, 0.0640416294336319, 0.019604580476880074, 0.04127853363752365, 0.0013682363787665963, 0.005449120420962572, -0.0036214017309248447, -0.019713494926691055, -0.033382244408130646, 0.001639671390876174, 0.005700984969735146, 0.009407476522028446, -0.006524649914354086, 0.01714039407670498, -0.022150453180074692, 0.01896470971405506, 0.010911855846643448, -0.008930975571274757, -0.017494365572929382, 0.0066778105683624744, -0.021034082397818565, -0.00722918938845396, 0.028889529407024384, 0.011538112536072731, 0.031530700623989105, 0.011980577372014523, 0.017576051875948906, 0.008107311092317104, 0.02494138479232788, 0.0060277278535068035, -0.005803092382848263, -0.0029219675343483686, 0.009053505025804043, 0.0183248370885849, 0.030468786135315895, 0.0071951537393033504, -0.004387205932289362, -0.007828217931091785, 0.005517192184925079, 0.004761599004268646, 0.0017562437569722533, 0.0064974213019013405, 0.01061234064400196, 0.012164370156824589, 0.0013571748277172446, -0.012634063139557838, -0.031013358384370804, -0.012477499432861805, 0.03172130137681961, 0.005251713562756777, -0.01925060898065567, -0.006834374740719795, 0.01440392155200243, -0.044300906360149384, -0.01341007836163044, 0.019808795303106308, 0.019182538613677025, -0.011327091604471207, -0.00504749920219183, -0.013219478540122509, 0.013444113545119762, -0.014499221928417683, -0.029297957196831703, 0.017480751499533653, -0.022640569135546684, 0.006439560558646917, -0.04449150711297989, -0.02588077075779438, 0.0020676706917583942, -0.02308984100818634, 0.01700425148010254, -0.0029389853589236736, -0.020789025351405144, -0.019958553835749626, 0.019604580476880074, 0.007862254045903683, 0.00756273977458477, 0.015016565099358559, -0.006065167486667633, -0.019836023449897766, 0.007923518307507038, -0.0031397962011396885, -0.002081284997984767, 0.004438259173184633, -0.00822303257882595, 0.004257869906723499, -0.0003514189156703651, -0.015179935842752457, -0.008815254084765911, 0.022000696510076523, -0.012913156300783157, 0.014009106904268265, 0.006507631856948137, 0.008719954639673233, -0.03760267794132233, 0.03847398981451988, 0.007903097197413445, 0.019713494926691055, 0.018665194511413574, 0.0026190495118498802, 0.004611841402947903, 0.022885626181960106, 6.222157389856875e-05, -0.0033440105617046356, -0.029161814600229263, -0.01102077029645443, 0.015520293265581131, 0.005159816704690456, -0.00280284252949059, -0.019032781943678856, -0.015506679192185402, 0.011742327362298965, -0.004931777715682983, -0.03011481463909149, -0.010578305460512638, 0.024097297340631485, -0.0022191295865923166, 0.0008300464251078665, 0.009870362468063831, 0.009223682805895805, -0.019727110862731934, -0.01726292259991169, -0.011313477531075478, -0.0020523546263575554, 0.00012465586769394577, -0.013832121156156063, -0.00119550502859056, 0.024519341066479683, -0.024110911414027214, -0.01321267057210207, 0.025717398151755333, -0.0023876065388321877, 0.03792941942811012, -0.025172827765345573, 0.005959656555205584, -0.010197104886174202, -0.009700183756649494, -0.01541137881577015, -0.011687870137393475, -0.01964542455971241, -0.03278321772813797, -0.0035056802444159985, -0.0021425492595881224, -0.009087540209293365, -0.011728713288903236, -0.03719424828886986, -0.024505726993083954, -0.031149500980973244, 0.02228659763932228, 0.01513909362256527, 0.03264707326889038, 0.014349464327096939, -0.004322537686675787, -0.031231187283992767, -0.03449861705303192, -0.012300513684749603, -0.039372533559799194, 0.011694677174091339, 0.019168924540281296, 0.00722918938845396, 0.010469391010701656, 0.02908012829720974, -0.010074576362967491, 0.00023484654957428575, -0.02164672501385212, -0.0060583604499697685, -0.01008819043636322, -0.002908353228121996, 0.0011640220182016492, -0.03877350687980652, 0.031639616936445236, -0.015860650688409805, 0.022191297262907028, -0.005884777754545212, -0.0168681088835001, 0.02308984100818634, 0.018161466345191002, -0.010176683776080608, 0.005384452641010284, -0.022191297262907028, -0.03640461713075638, 0.001529055298306048, -0.009046697057783604, -0.02084348164498806, -0.012749784626066685, -0.0026190495118498802, -0.006854796316474676, 0.011320284567773342, -0.011408776976168156, 0.02205515466630459, 0.014553679153323174, 0.030632158741354942, 0.003968566190451384, -0.028426643460989, 0.0010534059256315231, -0.03384513035416603, -0.022272983565926552, -0.007481053937226534, -0.023457426577806473, 0.023294053971767426, -0.007045396603643894, -0.0035431196447461843, 0.006282995920628309, -0.023389354348182678, 0.01591510884463787, -0.025295356288552284, 0.04165973514318466, 0.007304068189114332, -0.02296731248497963, 0.01658220775425434, -0.011245405301451683, 0.021156610921025276, -0.04212262108922005, -0.012402620166540146, 0.008413632400333881, -0.0128859281539917, -0.01208268478512764, 0.01108884159475565, 0.021129382774233818, -0.009849940426647663, -0.02986975759267807, 0.007841832935810089, -0.0019638617523014545, 0.0433206781744957, 0.026384498924016953, 0.034988731145858765, 0.024519341066479683, -0.019740724936127663, -0.01347814965993166, -0.03553330525755882, -0.010319633409380913, -0.015765350311994553, 0.021211067214608192, 0.025513185188174248, -0.004659491591155529, -0.017058707773685455, -0.01419970765709877, -0.0056873708963394165, -0.03183021768927574, -0.03267430141568184, 0.006854796316474676, 0.007644425146281719, -0.006943289190530777, 0.0005445717251859605, -0.01989048160612583, -0.026724856346845627, 0.01699063740670681, -0.007181539200246334, 0.008563390001654625, 0.0036009803880006075, 0.007589967921376228, 0.002666699467226863, 0.03850121796131134, -0.0038800733163952827, 0.025023069232702255, 0.018338453024625778, 0.0119465421885252, -0.003463135799393058, -0.004155762959271669, -0.003519294550642371, -0.007937132380902767, -0.032184187322854996, 0.03120395913720131, -0.016704736277461052, -0.007127081975340843, 0.004901145119220018, 0.0014720454346388578, -0.03893687576055527, -0.01940036751329899, -0.041877564042806625, 0.02630281262099743, -0.009666147641837597, -0.00707262521609664, 0.000847489689476788, -0.0008147303014993668, 0.007644425146281719, 0.017467137426137924, -0.014989336021244526, -0.026370884850621223, 0.001766454428434372, 0.009598076343536377, -0.00876760482788086, 0.04274887964129448, -0.0020948993042111397, -0.00968656875193119, -0.01700425148010254, -0.014295007102191448, 0.005877970717847347, -0.01454006414860487, 0.017957251518964767, -0.044954393059015274, 0.0011929523898288608, -0.0113475127145648, 0.01067360583692789, 0.0029236692935228348, -0.006085588596761227, 0.0061060101725161076, 0.020353367552161217, 0.018760494887828827, -0.02962470054626465, 0.008080082945525646, 0.02668401412665844, 0.01541137881577015, -0.038174476474523544, 0.011259020306169987, -0.016377994790673256, -0.0253498125821352, 0.005765652749687433, 0.003961759153753519, -0.026112213730812073, -0.021728411316871643, 0.02613944187760353, 0.01739906519651413, -0.0028879318851977587, -0.001416737330146134, 0.0021816904190927744, -0.0008521696436218917, 0.02137443982064724, -0.010537462309002876, -0.030359871685504913, 0.022014310583472252, -0.007909904234111309, 0.008229839615523815, 0.0004377845907583833, -0.013954649679362774, -0.027323884889483452, -0.0022582707460969687, 0.01820230856537819, -0.002282095840200782, -0.04868470877408981, 0.004962409846484661, -0.01618739403784275, 0.008277489803731441, -0.028862301260232925, -0.016146551817655563, -0.02242274023592472, -0.02189178206026554, 0.005677159875631332, 0.015860650688409805, 0.026547871530056, 0.0030087586492300034, -0.00048032926861196756, -0.005632913671433926, -0.010312826372683048, 0.007637618109583855, -0.017085937783122063, -0.02696991339325905, -0.018801338970661163, 0.0004279993299860507, -0.012695328332483768, -0.00903989002108574, 0.012559184804558754, 0.024247055873274803, -0.005626106634736061, -0.006436157040297985, -0.009182840585708618, -0.010156262665987015, -0.01287231408059597, -0.002372290473431349, -0.009822712279856205, 0.011082034558057785, 0.0226950254291296, 0.004138744901865721, -0.004649281036108732, 0.002467590617015958, 7.913307490525767e-05, 0.009509583003818989, -0.01618739403784275, -0.02829050086438656, -0.001438009669072926, 0.01577896438539028, 0.0017545419977977872, -0.0012193301226943731, -0.016677508130669594, 0.005030481144785881, 0.00610941369086504, 0.00876760482788086, 0.031367331743240356, -0.007133889477699995, -0.007937132380902767, 0.013103757053613663, 0.005871163681149483, -0.0007207065937109292, 0.04596185311675072, -0.01831122301518917, 0.012600027956068516, -0.011858048848807812, -0.009700183756649494, -0.001028729951940477, 0.009244104847311974, 0.0035056802444159985, -0.035506073385477066, -0.0037098948378115892, -0.016269080340862274, 0.016132935881614685, -0.028617242351174355, -0.007746532559394836, -0.011721906252205372, -0.030359871685504913, 0.0018141045002266765, 0.02390669845044613, 0.0030325837433338165, 0.0016669000033289194, 0.014349464327096939, 0.01820230856537819, -0.002780719194561243, 0.014553679153323174, -0.011606184765696526, -0.0017987884348258376, 0.01914169453084469, -0.006466789171099663, 0.01978156715631485, -0.0016132936580106616, 0.01519355084747076, -0.04367465153336525, -0.011395162902772427, -0.0050236741080880165, 0.00460843788459897, 0.02536342665553093, 0.011299862526357174, -0.00897181872278452, -0.019876867532730103, 0.009087540209293365, -0.0067560928873717785, -0.02337574027478695, 0.009257718920707703, -0.04171419143676758, 0.007624004036188126, -0.007800989784300327, -0.014553679153323174, -0.0067697069607675076, 0.0119465421885252, -0.026098599657416344, 0.01993132382631302, 0.02642534114420414, -0.013484956696629524, 0.020353367552161217, 0.21227404475212097, -0.007412982173264027, 0.02364802546799183, 0.007821410894393921, 0.00530617032200098, 0.0035090839955955744, 0.008229839615523815, -0.009298562072217464, 0.004121727310121059, 0.01127944141626358, 0.004227237775921822, 0.026507027447223663, -0.0037098948378115892, -0.0039209164679050446, 0.016554979607462883, -0.002796035259962082, -0.0337362177670002, 0.01884218119084835, -0.028998443856835365, -0.00149331777356565, 0.01386615727096796, 0.01452645007520914, -0.006984132342040539, -0.03025095909833908, 0.01635076478123665, -0.0035669447388499975, -0.01074167713522911, 0.017821108922362328, -0.0015018266858533025, -0.005653334781527519, -0.008039239794015884, -0.024778012186288834, -0.0019774760585278273, -0.00047267123591154814, -0.016105707734823227, -0.01964542455971241, 0.00467991316691041, -0.001732418779283762, 0.013913807459175587, 0.025159213691949844, -0.006180888973176479, -0.02334851212799549, 0.01307652797549963, -0.009938433766365051, -0.0024165369104593992, 0.021673953160643578, -0.007127081975340843, 0.008468089625239372, 0.009720604866743088, 0.03455307334661484, -0.020203610882163048, -0.0072087678126990795, 0.01360067818313837, 0.014376693405210972, -0.008427247405052185, -0.006483806762844324, 0.01739906519651413, -0.02667040005326271, 0.023048996925354004, 0.005694177933037281, 0.0019468438113108277, -0.004962409846484661, -0.006779917515814304, 0.017753036692738533, -0.016554979607462883, 0.0435112789273262, 0.00759677542373538, 0.02456018328666687, 0.020094696432352066, -0.024737169966101646, 0.016568593680858612, -0.001712848199531436, -7.413407729472965e-05, 0.018338453024625778, -0.0347709022462368, -0.01193973422050476, -0.0029355818405747414, 3.135010047117248e-05, 0.02456018328666687, 0.008978625759482384, -0.006541667506098747, -0.022354668006300926, -0.009713797830045223, -0.02029890939593315, -0.028726156800985336, -0.04223153740167618, 0.0045403665862977505, 0.012252863496541977, 0.022858398035168648, -0.016010407358407974, 0.015969565138220787, -0.008359176106750965, -0.034335244446992874, 0.00823664665222168, -0.002188497455790639, -0.011898892000317574, -0.015642821788787842, 0.021714797243475914, -0.01647329330444336, 0.01294038537889719, -0.004625455942004919, 0.018093394115567207, -0.0009334299247711897, 0.020475896075367928, -0.024587413296103477, 0.01993132382631302, 0.01048981212079525, 0.008842483162879944, 0.03174852952361107, 0.008318332955241203, 0.017017865553498268, -0.03901856392621994, 0.01102077029645443, -0.010040541179478168, 0.018665194511413574, 0.005956253036856651, -6.658239726675674e-05, -0.03705810382962227, 0.009611690416932106, -0.016541365534067154, 0.004353170283138752, 0.0027415782678872347, -0.005942638963460922, -0.024750784039497375, 0.013260320760309696, 0.002486310200765729, -0.0008245155913755298, 0.006579107139259577, -0.01075529120862484, -0.02788207121193409, 0.013260320760309696, 0.0038222125731408596, 0.007841832935810089, 0.00015645800158381462, -0.004802441690117121, 0.00035758790909312665, -0.0064327530562877655, 0.013580257073044777, 0.021537810564041138, 0.009073926135897636, -0.009570847265422344, 0.012634063139557838, 0.023811398074030876, -0.0231170691549778, 0.009339404292404652, 0.004986234474927187, 0.01426777895539999, 0.00857019703835249, -0.01414525043219328, 0.0020676706917583942, 0.006136642303317785, 0.029679158702492714, -0.010571498423814774, -0.002042143838480115, 0.021878167986869812, -3.9672901039011776e-05, -0.026248356327414513, -0.04770448058843613, -0.002430151216685772, 0.02308984100818634, -0.03305550292134285, -0.017698580399155617, 0.03692196309566498, -0.014907650649547577, -0.024995841085910797, -0.019740724936127663, -0.1740451157093048, -0.005384452641010284, -0.00022931574494577944, -0.011408776976168156, 0.021537810564041138, 0.0007432553102262318, 0.017099551856517792, -0.021959854289889336, -0.026888227090239525, -0.01074167713522911, 0.002930476563051343, 0.020013010129332542, -0.02189178206026554, 0.00574523163959384, 0.0028487907256931067, 0.008052853867411613, -0.006218328140676022, 0.020258067175745964, 0.033246103674173355, -0.0020183189772069454, 0.04476379230618477, -0.02072095312178135, 0.018937481567263603, 0.0011206264607608318, 0.0009997995803132653, -0.003423994639888406, -0.008672304451465607, 0.016786422580480576, 0.02322598360478878, -0.034335244446992874, -0.02547234110534191, 0.024519341066479683, 0.028181586414575577, -0.017616894096136093, 0.010115419514477253, 0.0178074948489666, -0.010462583974003792, -0.008930975571274757, 0.012981227599084377, 0.016623051837086678, 0.02351188287138939, 0.004111516289412975, 0.021878167986869812, -0.004295309539884329, -0.03398127481341362, 0.03490704670548439, 0.044001393020153046, -0.01737183704972267, 0.013505378738045692, 0.03330055996775627, 0.03207527473568916, -0.030196500942111015, 0.007855447009205818, -0.005030481144785881, 0.026370884850621223, 0.00968656875193119, -0.01526162214577198, 0.01028559822589159, -0.01127944141626358, -0.018392909318208694, -0.015697279945015907, -0.021701183170080185, -0.009502775967121124, 0.021333595737814903, -0.02110215276479721, -0.01711316592991352, -0.0001697532134130597, -0.006885428447276354, 0.003058110596612096, 0.007589967921376228, -0.007957554422318935, -0.01426777895539999, -0.0036350160371512175, -0.005384452641010284, 0.028208814561367035, -0.0032027624547481537, -0.026330042630434036, -0.016377994790673256, 0.021034082397818565, -0.00876079685986042, 0.0020710742101073265, 0.02430151216685772, -0.005704388488084078, 0.022150453180074692, -0.0050577097572386265, 0.024247055873274803, 0.03226587176322937, 0.015111864544451237, -0.011721906252205372, -0.017058707773685455, 0.01873326674103737, -0.030958902090787888, -0.03727593272924423, -0.015574750490486622, 0.0173854511231184, -0.0016260570846498013, 0.020203610882163048, 0.012497920542955399, 0.020911553874611855, -0.009141997434198856, 0.01035366952419281, 0.021837325766682625, -0.029706386849284172, 0.03240201622247696, 0.03635016083717346, 0.020203610882163048, -0.0102311410009861, 0.023811398074030876, 0.036704134196043015, 0.0005560587742365897, -0.016554979607462883, 0.007780568208545446, 0.01534330751746893, 0.000848340627271682, -0.01215075608342886, 0.012770206667482853, -0.008454475551843643, -0.009632112458348274, -0.0008057959494180977, -0.010081383399665356, 0.016881722956895828, 0.0011810398427769542, -0.01519355084747076, -0.012368584983050823, -0.0038426341488957405, -0.036595217883586884, -0.11218176782131195, -0.046669796109199524, 0.019332295283675194, 0.007181539200246334, -0.011449620127677917, -0.011102455668151379, -0.02166033908724785, -0.0023110262118279934, -0.032320331782102585, 0.02853555791079998, -0.013444113545119762, 0.008046046830713749, -0.00630341749638319, -0.006830971222370863, 0.022259367629885674, -0.010796134360134602, 0.01507102232426405, 0.003257219446823001, -0.01723569445312023, 0.025594869628548622, -0.03346393257379532, -0.013314777985215187, 0.012634063139557838, -0.002615645993500948, -0.006170677952468395, 0.016908951103687286, -0.023865854367613792, 0.01635076478123665, 0.004567595198750496, 0.018896637484431267, 0.0102311410009861, -0.02230021171271801, 0.041904792189598083, -0.013730013743042946, -0.00829110387712717, -0.015724508091807365, -0.015384150668978691, 0.002636067336425185, -4.57621063105762e-05, 0.0017094445647671819, 0.021211067214608192, -0.002299113664776087, -0.021319981664419174, -0.039073020219802856, -0.025948841124773026, 0.0032112712506204844, -0.014512836001813412, 0.014431150630116463, -0.01074167713522911, -0.010591919533908367, -0.02283116802573204, 0.011299862526357174, 0.0015996793517842889, -0.006926271598786116, 0.014431150630116463, -0.002518644090741873, 0.019590966403484344, 0.021469740197062492, 0.0017077428055927157, 0.008161768317222595, -0.027446413412690163, 0.012593220919370651, -0.0013001649640500546, 0.01115691289305687, 0.00041013056761585176, -0.003723509144037962, 0.002707542385905981, -0.010054155252873898, 0.012967613525688648, -0.000170604107552208, -0.0019417385337874293, -0.016241850331425667, -0.03409018740057945, 0.03436247631907463, -0.019060010090470314, 0.017480751499533653, -0.034062959253787994, -0.012702135369181633, 0.004656088072806597, -0.008577004075050354, -0.005054306238889694, -0.0007747383206151426, -0.025676555931568146, 0.005898392293602228, 0.015316079370677471, -0.008726761676371098, -0.00268882280215621, -0.004230641294270754, 0.013233092613518238, -0.026656784117221832, -0.028181586414575577, 0.0010568094439804554, 0.026180284097790718, -0.02272225357592106, 0.008808447048068047, -0.007617196533828974, -0.004468891769647598, 0.00902627594769001, 0.0019128081621602178, -0.018665194511413574, -0.0289439857006073, -0.021469740197062492, -0.034171875566244125, 0.029896985739469528, 0.009931626729667187, -0.004693527240306139, -0.0012661291984841228, -0.006221731659024954, 0.006858199834823608, -0.010142647661268711, -0.01433585025370121, -0.015860650688409805, -0.020911553874611855, 0.017058707773685455, -0.012280091643333435, -0.022463582456111908, -0.018814953044056892, -0.0011903997510671616, 0.013832121156156063, -0.004843284375965595, 0.005347013473510742, -0.023334898054599762, 0.005990288686007261, -0.013307970948517323, 0.009530005045235157, 0.0168681088835001, -0.018392909318208694, 0.020503124222159386, -0.009822712279856205, -0.001509484718553722, 0.0029764247592538595, -0.000496070773806423, 0.0031244801357388496, -0.006722056772559881, 0.009380247443914413, 0.014104407280683517, 0.00487391697242856, -0.026057755574584007, 0.004251062870025635, -0.0004543770046439022, 0.007324489299207926, 0.04193202033638954, -0.005078131332993507, -0.036949191242456436, 0.005190448835492134, 0.0012423042207956314, -0.004319134168326855, -0.004979427438229322, -0.024383198469877243, 0.02005385234951973, 0.016296308487653732, 0.013124178163707256, 0.020666496828198433, -0.005503577645868063, -0.012028227560222149, -0.01776665262877941, 0.00047309667570516467, -0.014063564129173756, -0.01433585025370121, -0.008774411864578724, -0.016827264800667763, -0.01645967923104763, 0.03441693261265755, -0.019454823806881905, 0.002135742222890258, -0.021129382774233818, 0.0253498125821352, 0.012892735190689564, -0.0058813742361962795, 0.024206211790442467, 0.0044722952879965305, -0.021959854289889336, -0.0031466034706681967, -0.0176441241055727, 0.017154008150100708, 0.02469632774591446, 0.006745881866663694, 0.017358222976326942, -0.0011112666688859463, -0.028481099754571915, -3.4567540296848165e-06, 0.018883023411035538, 0.007617196533828974, -0.024233441799879074, -0.015833422541618347, 0.02137443982064724, 0.0015528802759945393, 0.0270652137696743, -0.012103105895221233, 0.002671804977580905, -0.0026803137734532356, 0.0005837127682752907, -0.008910554461181164, 0.014689821749925613, -0.0009827817557379603, -0.00119550502859056, -0.004717352334409952, 0.025322584435343742, 0.010973120108246803, 0.012293706648051739, 0.01767135225236416, -0.007440210785716772, -0.011619798839092255, 0.007508282549679279, -0.010469391010701656, -0.03210250288248062, -0.019305067136883736, 0.017834722995758057, -0.040407221764326096, -0.019808795303106308, 0.013301163911819458, 0.043729107826948166, 0.018910251557826996, 0.0029577051755040884, -0.01870603859424591, 0.009033082984387875, 0.0017179535934701562, -0.005037288181483746, -0.008672304451465607, -0.003005355130881071, -0.02973361499607563, -0.003481855383142829, 0.02151058241724968, 0.024070069193840027, 0.021428896114230156, 0.0017885776469483972, 0.03120395913720131, -0.02413814142346382, 0.009938433766365051, 0.008447668515145779, 0.0010908452095463872, -0.00848851166665554, -0.014989336021244526, -0.018883023411035538, -0.01281785685569048, -0.008869711309671402, 0.018093394115567207, -0.004043444991111755, -0.016514137387275696, 0.02166033908724785, -0.0002057034580502659, 0.043075621128082275, -0.010237948037683964, -0.02178286761045456, -0.010387705639004707, -0.0008079232065938413, 0.011354319751262665, 0.04263996332883835, 0.0017987884348258376, -0.002785824704915285, -0.009339404292404652, 0.009958854876458645, -0.03052324429154396, 0.02921627275645733, -0.027310270816087723, -0.003442714223638177, 0.021714797243475914, -0.003167024813592434, 0.0072087678126990795, -0.0001099779547075741, 0.02456018328666687, 0.021183839067816734, 0.00981590524315834, 0.024791626259684563, -0.00467991316691041, -0.013151406310498714, -0.006589317694306374, 0.010183490812778473, 0.00530617032200098, 0.0015690472209826112, -0.043838020414114, -0.0039889877662062645, 0.017630508169531822, -0.04609799385070801, -0.013001649640500546, -0.0018685616087168455, 0.013941035605967045, -0.01089143380522728, -6.083886910346337e-05, -0.009053505025804043, 0.010939083993434906, -0.0142133217304945, 0.03316441550850868, -0.010843783617019653, -0.002380799502134323, 0.03607787564396858, -0.042258765548467636, -0.0053163813427090645, -0.0068684108555316925, -0.0027347709983587265]"
19108,"How to query nested objects<p>MongoDB I have one document, I need to get one object,
if <code>locale.en</code> then it will return that info
if <code>locale.fr</code>' then it will return that info</p>
<pre><code>{
   &quot;locale&quot;: {
        &quot;en&quot;: {
          &quot;dashboard&quot;: {
            &quot;DASHBOARD_TITLE&quot;: &quot;Some title&quot;
          }
        },
        &quot;fr&quot;: {
          &quot;dashboard&quot;: {
            &quot;DASHBOARD_TITLE&quot;: &quot;Some title french&quot;
          }
        },
        &quot;pr&quot;: {
          &quot;dashboard&quot;: {
            &quot;DASHBOARD_TITLE&quot;: &quot;Some title portugues&quot;
          }
        }
      }
    }
</code></pre>
<p>How to query this specific object?</p>
<pre><code>db.collectionName.find({locale.en})
</code></pre>
<p><a href=""https://i.stack.imgur.com/JtMBh.jpg"" rel=""nofollow noreferrer""><img src=""https://i.stack.imgur.com/JtMBh.jpg"" alt=""enter image description here"" /></a></p>
","Linux uses physical ram to calculate the maximum number of thread therefore it is different for every system (https://github.com/torvalds/linux/blob/master/kernel/fork.c)

`static void set_max_threads(unsigned int max_threads_suggested)
{	u64 threads;
	if (fls64(totalram_pages) + fls64(PAGE_SIZE) > 64)
		threads = MAX_THREADS;
	else
		threads = div64_u64((u64) totalram_pages * (u64) PAGE_SIZE,
				    (u64) THREAD_SIZE * 8UL);

	if (threads > max_threads_suggested)
		threads = max_threads_suggested;

	max_threads = clamp_t(u64, threads, MIN_THREADS, MAX_THREADS);
}`","Embed Field: How to query nested objects<p>MongoDB I have one document, I need to get one object,
if <code>locale.en</code> then it will return that info
if <code>locale.fr</code>' then it will return that info</p>
<pre><code>{
   &quot;locale&quot;: {
        &quot;en&quot;: {
          &quot;dashboard&quot;: {
            &quot;DASHBOARD_TITLE&quot;: &quot;Some title&quot;
          }
        },
        &quot;fr&quot;: {
          &quot;dashboard&quot;: {
            &quot;DASHBOARD_TITLE&quot;: &quot;Some title french&quot;
          }
        },
        &quot;pr&quot;: {
          &quot;dashboard&quot;: {
            &quot;DASHBOARD_TITLE&quot;: &quot;Some title portugues&quot;
          }
        }
      }
    }
</code></pre>
<p>How to query this specific object?</p>
<pre><code>db.collectionName.find({locale.en})
</code></pre>
<p><a href=""https://i.stack.imgur.com/JtMBh.jpg"" rel=""nofollow noreferrer""><img src=""https://i.stack.imgur.com/JtMBh.jpg"" alt=""enter image description here"" /></a></p>; Answer: Linux uses physical ram to calculate the maximum number of thread therefore it is different for every system (https://github.com/torvalds/linux/blob/master/kernel/fork.c)

`static void set_max_threads(unsigned int max_threads_suggested)
{	u64 threads;
	if (fls64(totalram_pages) + fls64(PAGE_SIZE) > 64)
		threads = MAX_THREADS;
	else
		threads = div64_u64((u64) totalram_pages * (u64) PAGE_SIZE,
				    (u64) THREAD_SIZE * 8UL);

	if (threads > max_threads_suggested)
		threads = max_threads_suggested;

	max_threads = clamp_t(u64, threads, MIN_THREADS, MAX_THREADS);
}`","[-0.006042014341801405, 0.03775077685713768, 0.021656740456819534, -0.037345726042985916, -0.014635851606726646, 0.009410690516233444, -0.007196410559117794, -0.023074418306350708, -0.03183702751994133, -0.022331824526190758, 0.012549838051199913, 0.0027965412009507418, 0.005073267035186291, -0.017052657902240753, -0.012003018520772457, 0.02312842570245266, 0.014325312338769436, -0.013494957238435745, 0.0049720038659870625, -0.008863870985805988, -0.00393912335857749, 0.011732984334230423, -0.004907870665192604, -0.004911246243864298, -0.020887142047286034, 0.0036150822415947914, 0.014770868234336376, -0.017039155587553978, -0.009302676655352116, -0.008951632305979729, 0.022493844851851463, -0.0012573465937748551, -0.034888412803411484, -0.031134938821196556, -0.024208562448620796, -0.010990390554070473, 0.017147168517112732, -0.01595901884138584, 0.01501389965415001, -0.004654713906347752, 0.019955525174736977, -4.456618626136333e-06, -0.0024218689650297165, -0.021629735827445984, 0.03037884272634983, 0.03126995638012886, 0.016782622784376144, -0.023817013949155807, -0.0035205704625695944, 0.0003805793821811676, 0.0088301170617342, 0.02916369028389454, -0.045230720192193985, 0.019955525174736977, -0.028461599722504616, -0.012705107219517231, 0.013670479878783226, 0.030513860285282135, 0.014824875630438328, 0.009822492487728596, 0.004074140451848507, 0.025167183950543404, -0.00033859751420095563, 0.004141648765653372, -0.016364069655537605, 0.013150664046406746, 0.011827495880424976, 0.00471884710714221, -0.012846875004470348, -0.008803113363683224, 0.015742991119623184, 0.007054642308503389, -0.019847510382533073, 0.008688349276781082, 0.027759511023759842, -0.016512589529156685, -0.022817887365818024, 0.018321817740797997, 0.025342706590890884, 0.0008101025014184415, 0.015175919979810715, -0.020468588918447495, -0.022871892899274826, 0.026328330859541893, -0.009977762587368488, 0.02827257663011551, -0.010328806936740875, 0.039019934833049774, 0.0028201693203300238, -0.00024935966939665377, -0.034915417432785034, -0.0070748948492109776, 0.03126995638012886, -0.009275673888623714, 0.0049720038659870625, 0.010072274133563042, -0.004148399922996759, 0.017052657902240753, -0.026341833174228668, -0.014095783233642578, -0.03272813931107521, 0.017336193472146988, -0.031161941587924957, -0.016958145424723625, -0.020671114325523376, 5.6485660024918616e-05, 0.01726868376135826, -0.0036589629016816616, 0.0034226831048727036, -0.008978636004030704, -0.019901517778635025, 0.00671709980815649, 0.022102296352386475, -0.012583591975271702, -0.012246049009263515, -0.018213804811239243, 0.004286792129278183, -0.021737750619649887, 0.0001716193655738607, -0.013677230104804039, 0.010038520209491253, 0.011057899333536625, 0.021899770945310593, -0.0062512909062206745, 0.018618855625391006, 0.007945755496621132, -0.004148399922996759, 0.0013965829275548458, -0.007554205600172281, -0.019847510382533073, 0.020819634199142456, 0.030135812237858772, -0.004330672789365053, 0.02006353810429573, -0.013339687138795853, 0.013609721325337887, -0.001741720363497734, 0.01691764034330845, -0.026679374277591705, -0.014338813722133636, 0.010571837425231934, 0.021535225212574005, -0.00666646845638752, -0.01272535976022482, -0.038209833204746246, 0.031080931425094604, -0.0005603209137916565, -0.007257168181240559, -0.0028758638072758913, 0.012988642789423466, 0.005569454748183489, 0.01712016575038433, -0.00796600803732872, 0.041666269302368164, -0.002710467902943492, 0.009383686818182468, -0.015000397339463234, 0.010436820797622204, 0.0014944702852517366, -0.025423716753721237, 0.012887380085885525, 0.03777777776122093, -0.015310936607420444, -0.0036049559712409973, 0.001480124774388969, 0.03189103305339813, 0.019509967416524887, -0.013197919353842735, 0.0006940721650607884, 0.004901119973510504, 0.0016387698706239462, 0.019874515011906624, -0.029865778982639313, 0.029325710609555244, 0.00320328027009964, 0.010794615373015404, -0.0052791680209338665, 0.014743865467607975, -0.019874515011906624, -0.009066397324204445, -0.028488604351878166, -0.0061027719639241695, 0.003444623202085495, 0.0324581079185009, -0.02473512850701809, -0.016283059492707253, -0.009471448138356209, 0.014973394572734833, 0.010727107524871826, 0.01196251343935728, 0.005123898386955261, 0.012745612300932407, -0.01676912233233452, -0.0018007903126999736, -0.6212946176528931, -0.012090779840946198, 0.01563497819006443, -0.025288699194788933, -0.020266063511371613, 0.0026648996863514185, -0.017160670831799507, 0.020468588918447495, -0.02770550549030304, 0.04147724807262421, -0.0030496984254568815, -0.0005826830747537315, -0.0008877373184077442, -0.01230680663138628, -0.01187475211918354, -0.006504447665065527, 0.018645858392119408, -0.023236440494656563, -0.006538202054798603, -0.006582082714885473, -0.003719720523804426, 0.022223811596632004, 0.009977762587368488, 0.005120522808283567, -0.008006513118743896, 0.0025535104796290398, 0.0034311215858906507, -0.006706973537802696, 0.0035205704625695944, 0.0243435800075531, -0.04895719513297081, 0.013501708395779133, 0.026976412162184715, -0.004070764873176813, 0.04917322099208832, -0.021211182698607445, -0.030162815004587173, 0.013407195918262005, 0.00067086610943079, 0.04574378579854965, 0.003213406540453434, -0.011516956612467766, 0.013278929516673088, -0.013825749047100544, -0.020171551033854485, -0.0025163807440549135, 0.016215551644563675, 0.0074731954373419285, -0.0016218926757574081, -0.0228583924472332, 0.0008569365600124002, 0.027894528582692146, 0.012360814027488232, 0.0353204682469368, 0.008938130922615528, -0.0088301170617342, 0.03437534719705582, -0.006298546679317951, 0.008674847893416882, -0.004448812920600176, -0.002855611266568303, -0.005643713753670454, -0.032242078334093094, -0.0038547376170754433, -0.03216106817126274, 0.01010602805763483, 0.013528711162507534, -0.007641966920346022, -0.0016421452164649963, -0.0228853952139616, 0.014460328966379166, 0.03769676759839058, 0.013042650185525417, -0.004614208824932575, 0.009923755191266537, 0.01810579001903534, 0.026760386303067207, -0.014784370549023151, -0.019226431846618652, -0.010504328645765781, 0.009613215923309326, -0.008492574095726013, -0.02250734716653824, -0.012286554090678692, 0.01062584389001131, -0.009336431510746479, -0.02538321167230606, -0.015486459247767925, 0.025788262486457825, 0.006359304301440716, 0.009120403788983822, 0.026530856266617775, 0.0016126103000715375, -0.013069652952253819, -0.006420062389224768, 0.01855134777724743, -0.011388691142201424, 0.001654803054407239, 0.028191566467285156, -0.014554841443896294, -0.02036057598888874, -0.031053928658366203, -0.0007231852505356073, 0.0011982766445726156, 0.03442935645580292, -0.012846875004470348, -0.01635056920349598, 0.015283933840692043, 0.02342546358704567, -0.009390437975525856, -0.007999761961400509, 0.007466444745659828, 0.0008801426156423986, 0.006133150774985552, -0.011982765980064869, -0.027948535978794098, 0.029406720772385597, -0.017349695786833763, -0.0035104441922158003, 0.010153284296393394, 0.013960766606032848, 0.009890001267194748, 0.03278214856982231, -0.002747597638517618, 0.01712016575038433, 0.008674847893416882, -0.0034277462400496006, -0.010126280598342419, -0.013650226406753063, 0.008998888544738293, -0.015351441688835621, -0.016188548877835274, 0.03618457913398743, -0.017201175913214684, 0.008296799845993519, 0.0019003654597327113, 0.02137320302426815, 0.0036623382475227118, 0.0017754746368154883, -0.031080931425094604, -4.3616844777716324e-05, -0.014392821118235588, 0.03418632596731186, -0.02122468501329422, 0.004178778734058142, -0.024951156228780746, -0.040505122393369675, 0.0030699509661644697, -0.03421332687139511, -0.010828370228409767, -0.015594473108649254, 0.0014657791471108794, -0.006312048528343439, 0.016364069655537605, 0.003363613039255142, -0.0021720873191952705, -0.016188548877835274, -0.03253911808133125, -0.023438965901732445, -0.01729568839073181, -0.00860733911395073, 0.008587086573243141, -0.014136288315057755, 0.015729490667581558, -0.010038520209491253, -0.04244937002658844, -0.00450281985104084, 0.014622350223362446, -0.004732348490506411, -0.016337066888809204, -0.008209038525819778, -0.0021805258002132177, -0.0026733381673693657, -0.019077913835644722, -0.011942260898649693, 0.0006944941123947501, -0.02636883594095707, -0.017997777089476585, -0.006082519423216581, -0.006973632145673037, -0.006521325092762709, 0.027367962524294853, 0.008026765659451485, 0.005393932573497295, 0.037561751902103424, 0.018483838066458702, 0.018659360706806183, 0.03445635735988617, -0.01165197417140007, 0.03121594898402691, 0.014082281850278378, 0.0117869907990098, -0.015378445386886597, 0.004863990470767021, -0.018267810344696045, 0.01147645153105259, 0.02392502687871456, 0.01887538842856884, 0.000167294594575651, 0.007297673262655735, 0.003311293898150325, 0.00912715494632721, 0.02157573029398918, -0.012718608602881432, -0.0008143217419274151, -0.020968152210116386, 0.0011316118761897087, -0.011408943682909012, 0.022034786641597748, 0.014689858071506023, 0.012536335736513138, -0.017106663435697556, -0.0147303631529212, -0.005728099495172501, 0.0014910949394106865, 0.02258835732936859, -0.0036657138261944056, 0.005147526040673256, -0.014568342827260494, 0.004560201894491911, -0.003797355340793729, 0.007824240252375603, 0.025720754638314247, 0.021089667454361916, -0.007500198669731617, 0.024006037041544914, -0.012786117382347584, 0.024208562448620796, -0.01230680663138628, -0.02913668565452099, -0.0027459098491817713, -0.002342546358704567, 0.020576603710651398, 0.027516480535268784, 0.03299817442893982, 0.007797236554324627, 0.023830514401197433, -0.010207291692495346, 0.016985148191452026, -0.026085300371050835, 0.020846636965870857, 0.03564450889825821, 0.022723374888300896, -0.04658089205622673, 0.014244302175939083, 0.024505600333213806, 0.005836113356053829, 0.027921533212065697, 0.007581209298223257, 0.010261298157274723, -0.016364069655537605, 0.022777382284402847, -0.0017214678227901459, 0.011159162037074566, 0.01489238440990448, -0.0037467239890247583, -0.021305695176124573, 0.019955525174736977, 0.0024269321002066135, 0.011591216549277306, 0.01649908721446991, 0.010436820797622204, 0.017255183309316635, 0.010362560860812664, 0.019158923998475075, -0.018348820507526398, -0.005566079169511795, -0.013906759209930897, -0.001358609413728118, -0.01941545680165291, -0.011395441368222237, -0.031161941587924957, -0.010288301855325699, -0.02428957261145115, -0.0019256811356171966, 0.011888253502547741, -0.01073385775089264, -0.001962810754776001, 0.023830514401197433, 0.03159399703145027, -0.034915417432785034, 0.0012843499425798655, 0.008661345578730106, 0.010895878076553345, -0.0013248551404103637, -0.014041776768863201, -0.002256473060697317, 0.023938529193401337, 0.016364069655537605, -0.008357557468116283, 0.010983639396727085, 0.00640656054019928, 0.010639346204698086, -0.035779524594545364, -0.018956398591399193, 0.0028994916938245296, 0.01595901884138584, -0.00801326334476471, -0.008114526979625225, -0.0021788382437080145, -0.006187157705426216, 0.02268286980688572, -0.030729888007044792, -0.016742117702960968, 0.050847433507442474, 0.01783575676381588, -0.022763879969716072, -0.03453736752271652, 0.01578349620103836, -0.011645223014056683, -0.012698356062173843, -0.02693590708076954, -0.02827257663011551, 0.00515090161934495, 0.0059913829900324345, -0.007493447978049517, 0.00220752926543355, 0.01610753685235977, 0.05163053050637245, 0.012151537463068962, -0.006632714066654444, -0.022574855014681816, -0.02466762065887451, 0.01825430989265442, 0.004782980307936668, 0.015054404735565186, -0.014325312338769436, 0.00233748322352767, -0.02077912911772728, -0.0070748948492109776, -0.015378445386886597, -0.017606226727366447, 0.01238106656819582, -0.011422445066273212, -0.033160194754600525, -0.014851879328489304, 0.001858172588981688, -0.016958145424723625, -0.003090203506872058, -0.0030598246958106756, -0.0026041418313980103, -0.004323922097682953, -0.007932253181934357, -0.019239934161305428, -0.006548328325152397, -0.015851005911827087, 0.013670479878783226, 0.022790882736444473, 0.012846875004470348, -0.004091017413884401, -0.01194901205599308, 0.002843797206878662, -0.004803232848644257, -0.04069414734840393, -0.004037010483443737, -0.011685728095471859, 0.027921533212065697, 0.01718767359852791, -0.01504090242087841, 0.05225161090493202, 0.02053609862923622, -0.01610753685235977, 0.022331824526190758, -0.002582201734185219, -0.008168533444404602, 0.0228583924472332, -0.0034074934665113688, 0.028245573863387108, 0.03572551906108856, 0.0065787071362137794, -0.014028274454176426, 0.024546105414628983, 0.0059677548706531525, 0.004080891143530607, -0.007196410559117794, -0.008404813706874847, -0.026301328092813492, 0.003449686337262392, 0.014932889491319656, 0.006021761801093817, -0.004911246243864298, -0.0044623143039643764, -0.031431976705789566, -0.04544674977660179, -0.00922841764986515, -0.002595703350380063, 0.023911524564027786, 0.01304940041154623, -0.0075609562918543816, -0.01694464311003685, -0.025599239394068718, 0.00979548878967762, -0.019604479894042015, 0.010531332343816757, -0.01706615835428238, -0.02000953070819378, -0.03559050336480141, 0.01946946233510971, 0.03499642759561539, 0.004523072391748428, 0.03424033150076866, 0.004664840176701546, 0.0062749190255999565, -0.008998888544738293, -0.02553172968327999, -0.02458661049604416, -0.00797950942069292, -0.009464696981012821, -0.035779524594545364, 0.011469701305031776, 0.048228099942207336, 0.0016640855465084314, -0.01504090242087841, 0.01961798220872879, 0.0199150200933218, -0.0025653245393186808, 0.031161941587924957, 0.009606465697288513, 0.024627115577459335, 0.020617108792066574, 0.013353189453482628, 0.03264712914824486, 0.0060015092603862286, -0.01655309461057186, -0.004037010483443737, -0.010646096430718899, -0.024627115577459335, 0.017282186076045036, 0.016296561807394028, 0.017012152820825577, 0.004388055298477411, 0.002737471368163824, -0.012387816794216633, 0.00615340331569314, 0.014365817420184612, -0.00891787838190794, -0.00034112908178940415, -0.009289175271987915, 0.01649908721446991, -0.03232308849692345, 0.0027779764495790005, 0.01979350484907627, 0.0018261059885844588, -0.01813279464840889, 0.024991661310195923, -0.025666747242212296, 0.03942498937249184, 0.01736319623887539, -0.017498213797807693, 0.011402192525565624, -0.012522834353148937, -0.00948494952172041, 0.010997140780091286, -0.02401953935623169, 0.011003891937434673, 0.008857120759785175, -0.024573108181357384, -0.0028994916938245296, 0.003424370661377907, -0.022156303748488426, 0.007993010804057121, -0.004617583937942982, -0.014406322501599789, 0.003925621509552002, 0.0026530856266617775, -0.04012707620859146, -0.006818362511694431, -0.010038520209491253, -0.011570964008569717, -0.024060044437646866, -0.014190294779837132, 0.01682312786579132, 0.02802954614162445, 0.03218807280063629, -0.0016244242433458567, 0.01679612509906292, 0.019334446638822556, -0.001478436985053122, -0.00862084049731493, -0.021157177165150642, 0.0030361965764313936, 0.00926217157393694, 0.029325710609555244, -0.024600112810730934, 0.04828210920095444, 0.005687594413757324, 0.008890874683856964, -0.004118021111935377, 0.0052319117821753025, 0.029568741098046303, 0.02107616700232029, -0.007695973385125399, 0.003194841556251049, -0.0034108690451830626, 0.04728298261761665, 0.0043610516004264355, 0.01798427477478981, 0.0033838655799627304, -0.0017704115016385913, 0.04250337556004524, -0.02199428156018257, 0.028650624677538872, -0.01147645153105259, -0.018591852858662605, 0.013204670511186123, 0.0033079185523092747, -0.018686363473534584, -0.015243428759276867, -0.013056151568889618, -0.0012505956692621112, 0.015918513759970665, -0.015378445386886597, 0.012968390248715878, -0.011233421042561531, -0.0005700252368114889, 0.006504447665065527, -0.004030259791761637, -0.02532920427620411, -0.00022087950492277741, -0.02048209123313427, -0.013231674209237099, -0.006605710834264755, -0.02592328004539013, -0.012637598440051079, -0.006548328325152397, 0.012104281224310398, -0.001605015597306192, 0.01815979741513729, -0.013812247663736343, 0.026463348418474197, -0.006349178031086922, -0.015796998515725136, -0.009518704377114773, -0.014946390874683857, -0.018915893509984016, -0.022102296352386475, -0.01428480725735426, -0.004263164475560188, 0.02297990769147873, 0.04250337556004524, 0.00268346443772316, 0.018078787252306938, -0.026328330859541893, -0.0061027719639241695, 0.0039762528613209724, -0.018942896276712418, 0.044069573283195496, -0.0003215094329789281, -0.0052082836627960205, 0.02919069305062294, -0.020725121721625328, -0.040208086371421814, 0.02327694557607174, 0.022763879969716072, 0.004232785664498806, 0.043502502143383026, 0.045311734080314636, -0.007682472001761198, -0.03783178701996803, 0.004857239313423634, -0.00966047216206789, 0.027124932035803795, -0.03156699240207672, 0.01926693692803383, 0.008674847893416882, -0.01238106656819582, -0.012117782607674599, 0.01608053408563137, -0.008647844195365906, 0.011003891937434673, -0.007432690355926752, 0.022898897528648376, -0.013150664046406746, -0.010801366530358791, -0.03872289881110191, 0.02283138781785965, -0.027124932035803795, 0.03397029638290405, 0.0019020531326532364, 0.008836868219077587, -0.031702011823654175, -0.01062584389001131, -0.00863434188067913, 0.02916369028389454, 0.010990390554070473, 0.03386228531599045, -0.013744738884270191, -0.011314431205391884, 0.008121277205646038, 0.00831030122935772, 0.020819634199142456, -0.01104439701884985, 0.022007783874869347, 0.034888412803411484, -0.003594829700887203, -0.00818878598511219, -5.109288849780569e-07, 0.01822730526328087, 0.011159162037074566, -0.0028151061851531267, -0.017309188842773438, -0.017309188842773438, 0.0036690891720354557, -0.007419188506901264, 0.021899770945310593, 0.020144548267126083, -0.003483440726995468, -0.014784370549023151, -0.020320070907473564, -0.009633468464016914, -0.03278214856982231, -0.013427448458969593, -0.005474942736327648, -0.030837900936603546, -0.0044623143039643764, -0.0014809685526415706, 0.011152410879731178, 0.030243825167417526, -0.0034159321803599596, -0.012651100754737854, 0.010322055779397488, 0.028110556304454803, -0.024154555052518845, 0.012988642789423466, 0.020887142047286034, -0.00745294289663434, -0.02273687720298767, -0.00021265189570840448, 0.0084858238697052, -0.019847510382533073, -0.0011805555550381541, -0.013609721325337887, -0.020846636965870857, -0.010430069640278816, 0.01748471148312092, -0.002234532730653882, -0.010666348971426487, -0.019077913835644722, 0.005225161090493202, 0.003245473140850663, 0.013224923051893711, -0.03459137678146362, -0.01194901205599308, 0.027151934802532196, -0.022223811596632004, 0.006382932420819998, 0.0015619788318872452, 0.005879994016140699, -0.010855372995138168, -0.02738146483898163, 0.009802239947021008, 0.009073147550225258, -0.022628862410783768, -0.014703360386192799, -0.001160303014330566, 0.00893137976527214, -0.0010117843048647046, 3.44135332852602e-05, -0.03712969645857811, -0.013791995123028755, -0.02369549684226513, 0.029406720772385597, -0.015283933840692043, 0.003584703430533409, -0.0014970018528401852, 0.026908904314041138, 0.003235346870496869, 0.0017737868474796414, -0.024748630821704865, -0.028434596955776215, -0.018051784485578537, -0.018348820507526398, -0.014554841443896294, -0.018780875951051712, -0.02666587382555008, 0.05778731033205986, 0.013528711162507534, 0.01718767359852791, -0.028164563700556755, 0.01272535976022482, -0.04590580612421036, -0.0114426976069808, 0.0015805436996743083, 0.014622350223362446, 0.0169716477394104, 0.01946946233510971, -0.009464696981012821, 0.020563101395964622, 0.00645044120028615, 0.03496942296624184, -0.017700739204883575, 0.0014143039006739855, -0.009268922731280327, -0.006160154473036528, 0.007898499257862568, 0.006696847267448902, -0.03602255880832672, -0.011300929822027683, 0.007648717612028122, 0.008020014502108097, 0.019482964649796486, 0.035860538482666016, 0.013636725023388863, -0.04010007157921791, 0.006109523121267557, -0.02981177158653736, -0.01273886114358902, -0.010254546999931335, 0.014851879328489304, -0.020725121721625328, 0.013164165429770947, 0.0199420228600502, 0.015607974492013454, -0.0017636605771258473, 0.01038956455886364, 0.002671650378033519, -0.009741482324898243, 0.01759272627532482, -0.020090540871024132, 0.004141648765653372, 0.007054642308503389, -0.01156421285122633, 0.030459852889180183, 0.001839607721194625, 0.009295926429331303, 0.03926296532154083, 0.008944881148636341, 0.006301922257989645, -0.01813279464840889, -0.005738225765526295, -0.015715988352894783, 0.008850369602441788, 0.005525574088096619, -0.026436343789100647, 0.02065761387348175, -0.008566834032535553, 0.018065284937620163, -0.027192439883947372, 0.0169716477394104, -0.008924628607928753, 0.008047018200159073, -0.040181081742048264, -0.010902629233896732, 0.00012383598368614912, -0.034348346292972565, -0.021359702572226524, -0.003328171093016863, -0.009903502650558949, -0.008148280903697014, -0.011618220247328281, -0.012151537463068962, -0.032863158732652664, -0.015256930142641068, 0.0029028672724962234, -0.006443690042942762, -0.05562703683972359, -0.005809110123664141, 0.005994758568704128, -0.001723155495710671, -0.018713368102908134, 0.20781828463077545, -0.016512589529156685, 0.0005721348570659757, 0.007743229623883963, -0.021292192861437798, 0.002710467902943492, -0.009059646166861057, 0.003090203506872058, -0.03302517905831337, 0.001733281766064465, -0.015837503597140312, -0.003709594253450632, 0.002818481530994177, 0.000122359226224944, -0.004269915167242289, -0.008364307694137096, -0.045527759939432144, -0.019010404124855995, -0.010450322180986404, -0.0005569454515352845, 0.013008895330131054, 0.0015147228259593248, 0.0012016519904136658, -0.009073147550225258, 0.010416567325592041, -0.026611866429448128, 0.0103018032386899, -0.009174410253763199, 0.01944245956838131, 0.0077094752341508865, -0.000989000080153346, -0.02092764712870121, -0.008978636004030704, -0.017174173146486282, -0.03364625573158264, -0.007392185274511576, 0.006848741322755814, 0.017673736438155174, 0.015256930142641068, 0.03664363548159599, -0.008890874683856964, -0.03440235182642937, 0.013758240267634392, -0.007783734705299139, -0.001358609413728118, -0.004506194964051247, -0.007500198669731617, -0.011422445066273212, -0.012988642789423466, 0.041990313678979874, -0.03704868629574776, -0.0012235923204571009, 0.03248510882258415, 0.006993884686380625, 0.0056167105212807655, -0.03739973157644272, 0.027543485164642334, 0.012030022218823433, -0.007439441047608852, 0.02446509525179863, 0.009734731167554855, 0.038749903440475464, 0.014959892258048058, 0.015499960631132126, -0.0025484473444521427, 0.023533476516604424, -0.012853626161813736, -0.010281550697982311, 0.013069652952253819, 0.004701969679445028, 0.001673367922194302, -0.0028589866124093533, 0.007270669564604759, -0.013933762907981873, 0.006598959676921368, -0.023438965901732445, 0.014527837745845318, -0.0030075055547058582, 0.006764355581253767, 0.021737750619649887, -0.006474068854004145, -0.05009133741259575, 0.004070764873176813, 0.005603208672255278, -0.028056548908352852, -0.02505917102098465, 0.002452247776091099, -0.021089667454361916, -0.02827257663011551, -0.01944245956838131, 0.0025400088634341955, 0.02770550549030304, -0.004698594566434622, 0.0006248759455047548, -0.014271305873990059, 0.013575967401266098, 0.006160154473036528, 0.010794615373015404, -0.02458661049604416, -0.026152808219194412, -0.04066714644432068, 0.044096577912569046, 0.020131045952439308, 0.012158287689089775, -0.022466842085123062, 0.029001668095588684, -0.006953379604965448, 0.012043523602187634, -0.0036623382475227118, -0.006767731159925461, 0.011375188827514648, -0.04134222865104675, -0.011935509741306305, -0.01502740103751421, 0.004344174638390541, 0.010983639396727085, 0.010241045616567135, -0.0084993252530694, 0.009019141085445881, -0.014500834047794342, -0.002975438954308629, -0.012151537463068962, 0.011294178664684296, 0.006723850499838591, -0.01664760522544384, -0.025815265253186226, -0.01691764034330845, 0.016364069655537605, 0.005684219300746918, -0.003618457820266485, 0.0010067210532724857, -0.027637995779514313, 0.0011594592360779643, -0.00333998491987586, -0.014932889491319656, 0.02048209123313427, -0.008445318788290024, -0.02496465854346752, -0.011327933520078659, 0.0010016579180955887, 0.020887142047286034, -0.04990231245756149, 0.0176872368901968, 0.001611766405403614, 0.003601580625399947, -0.0014674669364467263, -0.005100270267575979, 0.002477563451975584, -0.016782622784376144, -0.015621475875377655, -0.007952505722641945, -0.035806529223918915, -0.008722103200852871, -0.01741720363497734, 0.0020556349772959948, -0.01971249468624592, 0.00320328027009964, -0.06858867406845093, -0.013008895330131054, 0.009950758889317513, -0.015715988352894783, -0.004232785664498806, 0.0016370820812880993, -0.008587086573243141, -0.008114526979625225, -0.02149472013115883, -0.1712016612291336, 0.02973076142370701, 0.03891192376613617, -0.025639744475483894, 0.019834009930491447, 0.02627432346343994, 0.011557461693882942, -0.010463823564350605, -0.019401954486966133, -0.018416330218315125, 0.013704233802855015, -0.0038783657364547253, -0.04064014181494713, -0.02708442695438862, -0.02256135456264019, 0.006048765033483505, 0.017106663435697556, -0.007959256879985332, 0.020252561196684837, 0.028785642236471176, 0.039073944091796875, -0.026233818382024765, -0.007635215763002634, -0.020495593547821045, -0.0036758400965481997, 0.021211182698607445, 0.008998888544738293, -0.003618457820266485, 0.0019509968115016818, -0.009133905172348022, 0.006514573935419321, 0.001846358529292047, 0.029001668095588684, -3.836911218968453e-06, 0.012556588277220726, 0.00445893919095397, -0.00688924640417099, -0.010099277831614017, -0.00817528460174799, -0.01593201607465744, 0.00831030122935772, 0.014554841443896294, -0.015378445386886597, 0.014703360386192799, 0.011516956612467766, 0.013629973866045475, 0.0032269081566482782, -0.01759272627532482, 0.018740370869636536, -0.0024100549053400755, 0.026773886755108833, -0.023411961272358894, -0.01563497819006443, -0.00016497400065418333, 0.006393058691173792, 0.004118021111935377, 0.011753236874938011, 0.019698992371559143, -0.009120403788983822, -0.006507823243737221, -0.02892065793275833, -0.010274799540638924, 0.0019931895658373833, -0.005009133834391832, -0.018389325588941574, 0.008971884846687317, -0.004425184801220894, 0.02137320302426815, -0.028515607118606567, -0.0026682750321924686, -0.009397189132869244, 0.015351441688835621, 0.01964498497545719, 0.02077912911772728, 0.005009133834391832, 0.014514336362481117, -0.0021501469891518354, -0.010889127850532532, 0.01899690367281437, 0.025126678869128227, -0.01840282790362835, 0.006224287208169699, -0.005555952899158001, 0.040262091904878616, 0.0009721230017021298, -0.018983401358127594, -0.00922841764986515, -0.01229330524802208, -0.00042994500836357474, 0.0005472411285154521, 0.03205305337905884, -0.030783893540501595, 0.012792868539690971, -0.004145024344325066, 0.020563101395964622, 0.01229330524802208, 0.010328806936740875, 0.019253436475992203, 0.005319673102349043, -9.17166835279204e-05, 0.009511953219771385, -0.014811373315751553, -0.019725995138287544, 0.017606226727366447, 0.029595743864774704, 0.009923755191266537, -0.00671034911647439, 0.013299182057380676, 0.057355254888534546, 0.01896989904344082, -0.017457708716392517, 0.01828131265938282, 0.0013256989186629653, 0.032863158732652664, -0.0061399019323289394, 0.023074418306350708, 0.020266063511371613, -0.024033039808273315, 0.016431579366326332, 0.009025892242789268, 0.040262091904878616, -0.021292192861437798, 0.005535700358450413, 0.008026765659451485, 0.015094909816980362, -0.013454452157020569, -0.08387260884046555, -0.007871495559811592, -0.009707728400826454, 0.01261734589934349, -0.011003891937434673, 0.009538956917822361, -0.013920260593295097, 0.020590104162693024, -0.02592328004539013, 0.028785642236471176, -0.030000794678926468, -0.022628862410783768, -0.011496704071760178, 0.018888888880610466, 0.0036454612854868174, 0.01813279464840889, -0.0019104917300865054, 0.017552221193909645, 0.005566079169511795, 0.034051306545734406, 0.013427448458969593, -0.02654435858130455, 0.024262569844722748, 0.00614665262401104, 0.0044150585308671, -0.00541756022721529, -0.02431657537817955, -0.007614963222295046, 0.036157574504613876, -0.035212453454732895, -0.0068622431717813015, -0.02318243309855461, 0.017498213797807693, -0.026773886755108833, -0.006463942583650351, -0.0011417381465435028, -0.020941149443387985, 0.008391311392188072, 0.03496942296624184, -0.010713605210185051, 0.0006835239473730326, 0.0021417085081338882, 0.002708780113607645, -0.0169986505061388, 0.004381304141134024, 0.00463108578696847, -0.040181081742048264, 0.022250814363360405, 0.0023003534879535437, -0.03899293392896652, -0.03564450889825821, -0.0005371147999539971, -0.023614486679434776, -0.007412437815219164, 0.03181002289056778, 0.019996030256152153, 0.015364944003522396, 0.009079898707568645, -0.002707092557102442, 0.015148916281759739, -0.016688110306859016, -0.001286881510168314, -0.005049638915807009, 0.009532205760478973, 0.013960766606032848, 0.0184568352997303, -0.013191169127821922, -0.028164563700556755, -0.005744976922869682, 0.017876261845231056, -0.01979350484907627, 0.025558732450008392, -0.0353204682469368, 0.007203161250799894, -0.030756890773773193, 0.018618855625391006, -0.019388452172279358, -0.02075212448835373, -0.0056639667600393295, 0.004688468296080828, -0.001038787653669715, 0.0015476333210244775, -0.02832658402621746, -0.019752999767661095, 0.012961640022695065, 0.013839250430464745, 0.013285680674016476, -0.0005501945852302015, -0.009586213156580925, -0.060001589357852936, 0.008067270740866661, 0.0027695379685610533, 0.006524700205773115, -0.029379716143012047, -0.0006565205403603613, 0.023506473749876022, -0.030567867681384087, -0.003928997088223696, 0.006136526353657246, -0.004364427179098129, -0.01815979741513729, -0.01343419961631298, -0.048822175711393356, 0.03334921970963478, 0.009113652631640434, 0.015864506363868713, -0.0007075738976709545, -0.009700977243483067, -0.004728973377496004, -0.02283138781785965, 0.015702486038208008, 0.04247637465596199, -0.015108411200344563, 0.014230799861252308, 0.005353427026420832, 0.00985624734312296, 0.006244540214538574, 0.0014860316878184676, -0.009329680353403091, 0.018780875951051712, 0.012111032381653786, 0.03456437215209007, 0.016809627413749695, -0.0011468012817203999, -0.013704233802855015, 0.02345246635377407, -0.015310936607420444, 0.003225220600143075, 0.01090938039124012, 0.010585338808596134, -0.009397189132869244, -0.01890239119529724, 0.00893137976527214, -0.02924470044672489, 0.002872488461434841, 0.029919784516096115, -0.003959375899285078, -0.017822254449129105, 0.002452247776091099, 0.0024961282033473253, 0.03459137678146362, 0.017525216564536095, -0.009241919033229351, -0.02526169642806053, -0.001846358529292047, -0.025126678869128227, -0.008445318788290024, -0.0013324498431757092, 0.0023948654998093843, 0.005204908549785614, 0.011604717932641506, 0.002587264869362116, 0.0413152277469635, 0.019401954486966133, -0.01976650021970272, -0.010463823564350605, -0.023641491308808327, -0.017498213797807693, 0.013251926749944687, 0.04066714644432068, -0.0023661742452532053, 0.023790009319782257, 0.0471479631960392, 0.0039998809807002544, 0.011712731793522835, -0.020873641595244408, 0.01833532005548477, -0.012495830655097961, -0.007419188506901264, -0.006305297836661339, 0.04047812148928642, -0.019091414287686348, -0.008452069014310837, -0.02827257663011551, 0.00031897786539047956, 0.011334683746099472, -0.002374612959101796, -0.019509967416524887, -0.011138909496366978, -0.004958502482622862, -0.00985624734312296, 0.023384958505630493, 0.0010851997649297118, -0.018686363473534584, -0.012610595673322678, -0.007459693588316441, 0.030243825167417526, 0.009896752424538136, -0.02253434993326664, 0.018510842695832253, -0.0005324736121110618, 0.0026969662867486477, -0.00519478227943182, 0.008425066247582436, 0.006008259952068329, 0.015243428759276867, 0.003581328084692359, -0.03810181841254234, -0.033484235405921936, 0.011402192525565624, 0.017646731808781624, -0.005225161090493202, 0.002848860342055559, -0.0034969423431903124, -0.0169986505061388, -0.0250321663916111, 0.0009847808396443725, -0.0243435800075531, -0.021386705338954926, -0.03664363548159599, -0.007344929035753012, 0.01917242631316185, -0.018834883347153664, -0.007250417023897171, -0.010254546999931335, 0.007851243019104004, -0.007871495559811592, -0.012009769678115845, -0.007655468303710222, 0.004479191731661558, -0.004317170940339565, 0.040505122393369675, 0.014716861769557, -0.0027881027199327946, 0.007095147389918566, 0.009376936592161655, 0.034618377685546875, 0.022655867040157318, -0.015000397339463234, -0.02238583192229271, 0.021427210420370102, -0.006946628913283348, 0.012860377319157124, 0.008890874683856964, -0.011138909496366978, -0.0036657138261944056, -0.020225558429956436, -0.02800254337489605, -0.0018311691237613559, -0.01490588579326868, 0.010882376693189144, 0.09067746996879578, 0.016094036400318146, -0.022102296352386475, 0.009626718237996101, 0.0031475857831537724, 0.004796481691300869, 0.013974267989397049, -0.0023003534879535437, -0.027178937569260597, -0.0368056558072567, 0.0324040986597538, 0.012138035148382187, -0.002695278497412801, -0.00808752328157425, -0.02574775740504265, -0.0020185052417218685, -0.005782106425613165, -0.002759411698207259, -0.012671353295445442, -0.0021518347784876823, 0.03634659945964813, -0.001974624814465642, 0.0046209595166146755, -0.011375188827514648, -0.002339171012863517, 0.026314828544855118, 0.023803511634469032, -0.006433563772588968, -0.005387181416153908, -0.018092289566993713, 0.0066259633749723434, -0.003346735844388604, -0.018740370869636536, -0.00541756022721529, -0.006085895001888275, -0.022426337003707886, -0.018564848229289055, 0.014230799861252308, 0.022331824526190758, 0.009741482324898243, 0.0055390759371221066, 0.014136288315057755, -0.0021619610488414764, -0.016958145424723625, 0.0038952426984906197, -0.0024421215057373047, 0.02612580545246601, -0.003692717058584094, -0.03418632596731186]","[0.0011399153154343367, 0.04992042854428291, 0.021605979651212692, -0.03168178349733353, -0.01210668683052063, 0.016902191564440727, 0.010521287098526955, -0.022536255419254303, -0.007619088981300592, -0.015945712104439735, 0.01743939332664013, 0.005525968503206968, 0.0021651838906109333, -0.009407577104866505, 0.0005421148962341249, 0.017282163724303246, 0.010154417715966702, -0.01118951290845871, 0.017793159931898117, -0.012512863613665104, -0.01842207834124565, -0.001878567272797227, 0.009564806707203388, -0.006344873458147049, -0.009820304811000824, -0.012368735857307911, 0.012899385765194893, -0.019430968910455704, 0.004474495071917772, -0.008228354156017303, 0.025720156729221344, -0.00030688452534377575, -0.04271406680345535, -0.03500981256365776, -0.01141880638897419, -0.009112770669162273, 0.010449223220348358, -0.005480110179632902, 0.004693961702287197, -0.0026778182946145535, 0.012362184934318066, -0.019142715260386467, 0.00829386617988348, -0.031576965004205704, 0.005306502338498831, 0.03375197574496269, 0.010206827893853188, -0.03008328191936016, 0.005211509298533201, -0.009289654903113842, 0.007474961690604687, 0.03173419460654259, -0.060218971222639084, 0.003999530337750912, -0.03666072338819504, -0.019064100459218025, 0.02336171269416809, 0.03147214278578758, 0.012008418329060078, -0.00015671788423787802, 0.005525968503206968, 0.0075535764917731285, -0.01057369727641344, 0.004962562117725611, -0.01565745659172535, 0.011477767489850521, 0.019391661509871483, -0.013338319025933743, -0.006760877091437578, -0.0037538588512688875, 0.027095917612314224, 0.0066527812741696835, -0.010927463881671429, 0.002181562129408121, 0.02068880759179592, -0.013482446782290936, -0.014910615980625153, 0.0087065938860178, 0.005788017995655537, -0.0022012158297002316, 0.022130079567432404, -0.025641541928052902, -0.03592698648571968, 0.029401952400803566, -0.008647632785141468, 0.0305025614798069, -0.003151145065203309, 0.035193245857954025, -0.00492325471714139, -0.01919512450695038, -0.035664934664964676, -0.003442675108090043, 0.02683386765420437, -0.01622086390852928, -0.0006657695048488677, 0.02015160582959652, 0.0032248464412987232, 0.040539056062698364, -0.01708562672138214, -0.016129145398736, -0.017766956239938736, 0.023610658943653107, -0.02824893593788147, -0.013161435723304749, -0.01568366214632988, -0.002430509077385068, 0.020846037194132805, -0.015618150122463703, -0.002738417126238346, -0.010495082475244999, -0.02248384617269039, 0.018186233937740326, 0.018553104251623154, -0.00752082047984004, -0.012938693165779114, -0.0178848784416914, 0.002843237016350031, -0.017793159931898117, -0.0020112297497689724, -0.013410382904112339, -0.00802526529878378, 0.009328962303698063, 0.02830134518444538, -0.018985485658049583, 0.018015902489423752, -0.002066915389150381, -0.0025467935483902693, -0.022064566612243652, -0.014910615980625153, -0.021710800006985664, 0.02368927374482155, 0.028117910027503967, -0.0065643396228551865, 0.008215251378715038, -0.014648566953837872, 0.01051473617553711, -0.002761346520856023, 0.019902659580111504, -0.008988297544419765, -0.009918573312461376, 0.023885810747742653, 0.021645287051796913, 0.001978473737835884, -0.011517074890434742, -0.014648566953837872, 0.02822273038327694, -0.00825455877929926, -0.020859139040112495, -0.00922414194792509, 0.013954135589301586, 0.002219231566414237, 0.010429569520056248, -0.006521756760776043, 0.0292185191065073, 0.0009417403489351273, 0.01698080636560917, 0.00448759738355875, 0.0002473092172294855, 0.014989230781793594, -0.020308835431933403, 0.008529710583388805, 0.017229754477739334, 0.001976835774257779, -0.014884411357343197, 0.006017311476171017, 0.032022446393966675, 0.02244453877210617, -0.021619083359837532, -0.003845576196908951, 0.010599901899695396, -0.0014363587833940983, 0.01711183227598667, -0.019824044778943062, 0.02101636864244938, -0.012342531234025955, -0.0004614527861122042, 0.00341974594630301, 0.00899484846740961, -0.006649505812674761, -0.001012166147120297, -0.019509583711624146, 0.012879732064902782, 0.003986428026109934, 0.025929797440767288, -0.011923251673579216, -0.0062367781065404415, -0.019011691212654114, 0.012598029337823391, 0.012362184934318066, 0.0030970973894000053, 0.0010400089668110013, 0.011661202646791935, -0.0025910143740475178, 9.74496579146944e-05, -0.6167596578598022, -0.013318665325641632, -0.00034680613316595554, -0.02906128764152527, -0.010960220359265804, 0.02155357040464878, -0.012506311759352684, 0.026126334443688393, -0.029873641207814217, 0.048688795417547226, -0.011045386083424091, 0.00984650943428278, -0.010816092602908611, -0.012604580260813236, -0.013043513521552086, -0.016247067600488663, 0.022981740534305573, -0.016233965754508972, 0.004520353861153126, -0.005064106546342373, -0.01303696259856224, 0.026663536205887794, -0.005846979096531868, 0.004982215818017721, -0.014242390170693398, 0.0005359731148928404, 0.012611132115125656, -0.014386516995728016, 0.007717357482761145, 0.01830415613949299, -0.05233128368854523, 0.012375286780297756, 0.027174532413482666, -0.013665881007909775, 0.03500981256365776, -0.0020767422392964363, -0.023518942296504974, 0.021265316754579544, 0.005375290289521217, 0.04137761518359184, 0.006561064161360264, -0.0057421596720814705, 0.0139017254114151, -0.013213845901191235, -0.020885344594717026, 0.001243916223756969, 0.018749641254544258, 0.0022077669855207205, -0.00042828713776543736, -0.024567140266299248, 0.02146185375750065, 0.015120255760848522, -0.005342533811926842, 0.027043508365750313, 0.01526438258588314, -0.029297133907675743, 0.03448571264743805, -0.003911088686436415, 0.011700510047376156, -0.013161435723304749, 0.006115579977631569, -0.01703321747481823, -0.03236311301589012, 0.004566212184727192, -0.032022446393966675, 0.02827513962984085, 0.026218051090836525, 0.0014060592511668801, -0.022156285122036934, -0.028589598834514618, 0.012905937619507313, 0.024409910663962364, 0.009977534413337708, 0.01229012105613947, 0.021815620362758636, 0.01456995215266943, 0.020885344594717026, -0.01344313845038414, -0.010560594499111176, -0.004500700160861015, 0.008569017983973026, -0.014045853167772293, -0.048217106610536575, -0.015094051137566566, 0.01483200117945671, -0.012945245020091534, -0.03852127492427826, -0.025877386331558228, 0.0246981643140316, 0.005765088833868504, 0.00962376780807972, 0.01096677128225565, 0.008248007856309414, -0.002826858777552843, 0.006302290130406618, 0.019496481865644455, -0.006089374888688326, 0.0020538128446787596, 0.01933925226330757, -0.024999521672725677, -0.012892834842205048, -0.022130079567432404, 0.00592559389770031, -0.008202149532735348, 0.01320074312388897, -0.024829188361763954, -0.007651844993233681, 0.024894701316952705, 0.01798969693481922, -0.023492736741900444, -0.01320074312388897, 0.00437622657045722, -0.005408046301454306, 0.008103880099952221, -0.020439859479665756, -0.029454363510012627, 0.021671492606401443, -0.011969110928475857, -0.0036654171999543905, 0.010488530620932579, 0.010763682425022125, 0.0038619544357061386, 0.03613662347197533, 0.0044843219220638275, 0.008811414241790771, 0.0006960689788684249, 0.011268127709627151, 0.000640383455902338, -0.00854281336069107, 0.019548891112208366, 0.001455193618312478, -0.028563395142555237, 0.010894707404077053, -0.010842298157513142, 0.008529710583388805, -0.009951329790055752, 0.011785675771534443, 0.000538020336534828, -0.004163311328738928, -0.019444072619080544, -0.013587266206741333, -0.030161896720528603, 0.03189142420887947, -0.0004565393610391766, 0.0015264382818713784, -0.008248007856309414, -0.03197003901004791, -0.0018163304775953293, -0.04957976192235947, -0.01975853182375431, -0.016404299065470695, -0.016129145398736, -0.012676644138991833, 0.026545614004135132, 0.0219335425645113, 0.0026598023250699043, -0.008359379135072231, -0.01929994486272335, -0.013574163429439068, -0.03393540903925896, -0.0013348145876079798, 0.00833972543478012, -0.004759473726153374, -0.0049527352675795555, -0.010888156481087208, -0.048636384308338165, -0.003842300735414028, 0.0145437465980649, -0.018605513498187065, -0.01346934400498867, -0.021186701953411102, -0.006285912357270718, -0.005260643549263477, -0.015998121351003647, 0.01608983799815178, 0.005670095793902874, -0.03464294224977493, -0.014098262414336205, 0.00594852352514863, -0.00446794368326664, -0.012034622952342033, 0.019365457817912102, 0.005303226411342621, 0.0031789878848940134, 0.030712200328707695, 0.01230977475643158, 0.03278239071369171, 0.04069628566503525, -0.04266165569424629, 0.03406643494963646, 0.02055778168141842, 0.01458305399864912, -0.007193258497864008, -0.003816095646470785, -0.01785867288708687, 0.012211506254971027, 0.0074028982780873775, 0.03757789731025696, -0.0032510515302419662, 0.0058273253962397575, 0.003724378300830722, 0.014006544835865498, 0.0246981643140316, -0.014517541974782944, 0.008660735562443733, -0.02062329463660717, 0.01749180443584919, -0.004585865885019302, 0.02693868800997734, 0.009610665030777454, 0.011392601765692234, -0.02061019279062748, -0.0009638507617637515, 0.010645760223269463, 0.011065039783716202, 0.009807202033698559, -0.007075336296111345, 0.002227420685812831, -0.002618857193738222, 0.01978473737835884, -0.0036883465945720673, 0.006715018302202225, 0.019417867064476013, 0.022719690576195717, -0.015985019505023956, 0.024554036557674408, -0.017347676679491997, 0.015421612188220024, 0.00446794368326664, -0.01969301886856556, -0.012833873741328716, 0.0031871770042926073, -0.0021111362148076296, 0.02283761277794838, 0.004114177078008652, 0.013954135589301586, 0.016718758270144463, -0.019142715260386467, -0.001863826997578144, -0.034721557050943375, 0.015971915796399117, 0.03681795299053192, 0.009545153006911278, -0.042373403906822205, 0.020819831639528275, 0.015801584348082542, 0.011700510047376156, 0.02743658237159252, -8.357945625903085e-05, 0.021881133317947388, -0.023951323702931404, 0.015971915796399117, 0.008228354156017303, 0.01257837563753128, 0.026218051090836525, -0.025903591886162758, -0.018579309806227684, 0.02549741603434086, 0.0006465252372436225, 0.008490403182804585, 0.02323068678379059, -0.0053327069617807865, 0.031105274334549904, 0.0042550284415483475, 0.016260171309113503, -0.00494618434458971, 0.003970049787312746, -0.014779591001570225, -0.003943844698369503, -0.01929994486272335, -0.009689279831945896, -0.04297611489892006, -0.0010744029423221946, -0.01924753561615944, 0.006135233677923679, 0.007933548651635647, -0.019050998613238335, -0.005018247757107019, 0.018540002405643463, 0.032022446393966675, -0.02551051788032055, 0.01098642498254776, 0.005745435133576393, 0.015094051137566566, 0.006990170106291771, -0.029899846762418747, 0.0030741679947823286, 0.023178277537226677, 0.009951329790055752, 0.00528684863820672, 0.01214599423110485, 0.00026532509946264327, 0.0007067146943882108, -0.027593811973929405, -0.017164241522550583, 0.022077670320868492, 0.02023022063076496, 0.0010506546823307872, 0.01411136519163847, 0.008660735562443733, 0.0031789878848940134, 0.0069705164059996605, -0.0313149131834507, -0.027200737968087196, 0.05096862465143204, 0.022182488813996315, -0.013954135589301586, -0.032074857503175735, 0.02604771964251995, -0.02150116115808487, -0.028144115582108498, -0.015356100164353848, -0.031183889135718346, 0.003134767059236765, -0.002437060233205557, -0.010822643525898457, -0.01139915268868208, 0.005791293922811747, 0.056288231164216995, -0.00011986716708634049, -0.009283103048801422, -0.01839587464928627, -0.003986428026109934, 0.018238645046949387, 0.002674542600288987, 0.012827322818338871, -0.01696770451962948, -0.0005335164023563266, -0.007815626449882984, -0.008667286485433578, -0.014740283600986004, -0.01699391007423401, 0.009551703929901123, -0.00571923004463315, -0.022182488813996315, -0.0027367793954908848, 0.013325216248631477, -0.011163308285176754, 0.010868502780795097, -0.009099668823182583, -0.015382304787635803, -0.01665324531495571, -0.01214599423110485, -0.00505755515769124, -0.00848385225981474, -0.017203548923134804, 0.02333550713956356, 0.025824977084994316, 0.011065039783716202, 0.0005720048793591559, -0.011988764628767967, 0.005647166632115841, -0.011045386083424091, -0.05246230959892273, -0.005218060687184334, -0.013757598586380482, 0.02325689233839512, 0.013705188408493996, 0.000553170102648437, 0.045517995953559875, 0.020780524238944054, 0.0050935870967805386, 0.011680856347084045, 0.0005670914542861283, 0.00763219129294157, 0.01699391007423401, 0.0008451096364296973, 0.0016984082758426666, 0.03359474614262581, 0.007776318583637476, -0.010704721324145794, 0.006489000748842955, 0.021291520446538925, -0.009584460407495499, -0.02648010104894638, -0.012532517313957214, -0.016862884163856506, -0.007304629776626825, 0.02552361972630024, 0.011202615685760975, -0.008451095782220364, -0.007226014509797096, -0.014085160568356514, -0.03894055262207985, -0.002227420685812831, 0.004212445579469204, 0.007114643696695566, 0.014700976200401783, -5.6709148338995874e-05, -0.028851648792624474, -0.040172185748815536, 0.007723908871412277, -0.025196058675646782, -0.00018087556236423552, -0.013613470830023289, -0.0022634523920714855, -0.029690207913517952, 0.013810007832944393, 0.044627029448747635, 0.030764609575271606, 0.03136732429265976, 0.0002475139335729182, 0.005591480992734432, 0.02017781138420105, -0.01838277094066143, -0.021409442648291588, -0.011366397142410278, -0.005964901763945818, -0.01798969693481922, 0.00922414194792509, 0.037839945405721664, -0.00435657287016511, -0.028615804389119148, 0.03362094983458519, 0.01411136519163847, 0.002333878306671977, 0.03443330153822899, 0.012008418329060078, 0.021226009353995323, 0.023898914456367493, 0.018291054293513298, 0.016469810158014297, -0.0027089365758001804, -0.012355633080005646, 0.016063634306192398, 0.014989230781793594, -0.01574917510151863, 0.023021047934889793, 0.01432100497186184, 0.012598029337823391, 0.0018900319701060653, -0.00182288174983114, -0.018657924607396126, 0.00449087331071496, 0.016247067600488663, -0.010802989825606346, 0.009053809568285942, -0.01411136519163847, 0.006348148919641972, -0.02515675127506256, -0.012014969252049923, 0.031000453978776932, 0.008437993936240673, -0.02913990430533886, 0.015618150122463703, -0.024540934711694717, 0.03217967599630356, 0.014189979992806911, -0.02068880759179592, -0.001396232401020825, -0.029768822714686394, -0.013181089423596859, 0.015827789902687073, -0.023925118148326874, 0.023165175691246986, 0.010842298157513142, -0.0259822066873312, 0.0005675009451806545, -0.005837152246385813, -0.0013151608873158693, 0.006852594204246998, 0.003432848257943988, -0.006017311476171017, -0.007776318583637476, -0.004648102913051844, -0.03535047546029091, -0.00426157983019948, -0.011831534095108509, -0.01667945086956024, -0.030607379972934723, -0.007284976076334715, 0.009990637190639973, 0.016391195356845856, 0.02155357040464878, 0.0005670914542861283, 0.02467195875942707, 0.002789189340546727, -0.019129613414406776, -0.010206827893853188, -0.025733260437846184, 0.01573607139289379, 0.019011691212654114, 0.019037894904613495, -0.02414786070585251, 0.027462786063551903, -0.001401964807882905, 0.008582120761275291, -0.005227887537330389, 0.016325682401657104, 0.03364715352654457, 0.017124934121966362, -0.014517541974782944, -0.0030102934688329697, -0.0017491803737357259, 0.03734205290675163, -0.009217591024935246, 0.02906128764152527, 0.0018949453951790929, -0.00802526529878378, 0.02864200994372368, -0.018933076411485672, 0.01411136519163847, 0.00029828603146597743, -0.02423957735300064, 0.013600368984043598, 0.014032750390470028, -0.02101636864244938, -0.007153951097279787, -0.007789420895278454, 0.003950396087020636, 0.011379498988389969, -0.006675710901618004, 0.005293399561196566, -0.011549831368029118, 0.019417867064476013, 0.005866632796823978, -0.023387916386127472, -0.02604771964251995, 3.1834919354878366e-05, -0.0219335425645113, -0.01166775356978178, -0.011844636872410774, -0.03839024901390076, 0.00042050753836520016, -0.00017821413348428905, 0.020728114992380142, 0.005571827292442322, 0.012945245020091534, -0.012132891453802586, 0.01751800812780857, 0.014281697571277618, -0.004612070973962545, -0.01880205050110817, -0.007671498693525791, -0.016378093510866165, -0.020072991028428078, -0.013941032811999321, 0.013521754182875156, 0.02279830537736416, 0.03262516111135483, -0.0031495073344558477, 0.028170321136713028, -0.026663536205887794, -0.02150116115808487, 0.0032248464412987232, -0.018042108044028282, 0.03639867529273033, -0.010455775074660778, 0.005630788393318653, 0.01787177473306656, -0.02113429084420204, -0.03490499407052994, 0.016889089718461037, 0.009558254852890968, -0.014386516995728016, 0.030371535569429398, 0.0376565121114254, -5.34847094968427e-05, -0.03183901309967041, 0.011792226694524288, -0.0047496468760073185, 0.01144501194357872, -0.03181280940771103, 0.01547402236610651, 0.005994382314383984, -0.01834346354007721, -0.00786148477345705, 0.010802989825606346, 3.6390076274983585e-05, 0.029008878394961357, -0.0018441732972860336, 0.018644820898771286, -0.025890490040183067, 0.0034623288083821535, -0.04512492194771767, 0.01844828389585018, -0.028144115582108498, 0.03734205290675163, 0.00941412802785635, 0.019024793058633804, -0.008169393055140972, 0.0008250464452430606, -0.012499760836362839, 0.02371547929942608, 0.0016451794654130936, 0.025785669684410095, -0.022614870220422745, -0.006852594204246998, 0.0031544207595288754, 0.01504164095968008, 0.010206827893853188, -0.0017671962268650532, 0.03673933818936348, 0.029480567201972008, -0.002494383603334427, -0.020308835431933403, -0.0011038834927603602, 0.006482449360191822, 0.023466531187295914, 0.02068880759179592, -0.02015160582959652, -0.0145437465980649, -0.0016288013430312276, 0.005139445420354605, 0.027986885979771614, 0.020321937277913094, -0.004065042827278376, -0.006416936870664358, -0.006226951256394386, -0.005575102753937244, -0.03314926102757454, 0.0002462855773046613, -0.016496015712618828, -0.00877210684120655, -0.013207294046878815, 0.000116489187348634, 0.01619465835392475, 0.02782965637743473, -0.002227420685812831, -0.009080015122890472, 0.013207294046878815, 0.021802518516778946, -0.01922133006155491, 0.029480567201972008, 0.008739350363612175, -0.024527832865715027, -0.01369208563119173, -0.0015248004347085953, 0.011386050842702389, -0.021343931555747986, 0.00672156922519207, -0.014307902194559574, -0.023440327495336533, -0.00852315966039896, 0.034302279353141785, -0.00018026138423010707, -0.007239117287099361, -0.009486191906034946, -0.007212912198156118, -0.0139017254114151, 0.00604024063795805, -0.0414300262928009, -0.018199337646365166, 0.028615804389119148, -0.020780524238944054, -0.000359703873982653, -0.0005826506530866027, -0.0020128677133470774, -0.0077304597944021225, -0.03584837168455124, 0.020832935348153114, 0.004674308001995087, -0.02562844008207321, -0.01622086390852928, -0.007389795500785112, 0.011274679563939571, 0.014779591001570225, -0.001709872973151505, -0.027488991618156433, -0.002066915389150381, -0.022614870220422745, 0.028877854347229004, -0.007913894951343536, 0.0021586327347904444, 0.01661393791437149, 0.02641458809375763, 0.003518014447763562, 0.01665324531495571, -0.01836966909468174, -0.03865230083465576, -0.02471126616001129, -0.02513054572045803, -0.008686940185725689, -0.01785867288708687, -0.010645760223269463, 0.05969487503170967, 0.014517541974782944, 0.005889562424272299, -0.02775104157626629, 0.0037964419461786747, -0.03823301941156387, 0.015591944567859173, 0.00016920617781579494, 0.013574163429439068, 0.027122123166918755, 0.023898914456367493, -0.016849782317876816, 0.023165175691246986, 0.0036326609551906586, 0.029873641207814217, -0.02237902581691742, -0.004576039034873247, 0.00041805082582868636, -0.024436114355921745, -0.0064758979715406895, 0.007907343097031116, -0.03369956463575363, -0.002966072643175721, 0.0060959262773394585, 0.007127746008336544, 0.02866821363568306, 0.039726704359054565, 0.012892834842205048, -0.03666072338819504, -0.017845571041107178, -0.03849507123231888, -0.00376041023992002, 0.007114643696695566, 0.03409263864159584, -0.006466071121394634, 0.009486191906034946, 0.007854933850467205, 0.020780524238944054, 0.011759471148252487, 0.0014281697804108262, 0.004196067340672016, -0.0049789403565227985, 0.01789798028767109, -0.01664014346897602, -0.003603180404752493, 0.010888156481087208, 0.0011587501503527164, 0.034721557050943375, 0.006580717861652374, 0.016325682401657104, 0.02735796757042408, -0.005021523218601942, 0.009335513226687908, -0.008647632785141468, 0.004792230203747749, -0.014635464176535606, 0.015945712104439735, 0.009676177054643631, -0.018238645046949387, 0.01711183227598667, -0.016469810158014297, 0.0010039771441370249, -0.030712200328707695, 0.018068311735987663, -0.005014972295612097, 0.02471126616001129, -0.03634626418352127, -0.00539821945130825, 0.002617219230160117, -0.03985772654414177, -0.010730926878750324, 0.007278424687683582, -0.029035083949565887, -0.008241456933319569, -0.006416936870664358, -0.009309308603405952, -0.05387737601995468, -0.013770700432360172, 0.005883011035621166, 0.0018769294256344438, -0.055764131247997284, 0.0004047436232212931, 0.006620025262236595, 0.00528684863820672, -0.014556849375367165, 0.20544679462909698, -0.003354233456775546, 0.00640055863186717, 0.004481046460568905, -0.013482446782290936, 0.015867097303271294, -0.012034622952342033, 0.0025959277991205454, -0.02020401507616043, -0.00047742141759954393, -0.008379032835364342, 0.0007235022494569421, 0.0015550999669358134, 0.007835280150175095, -0.011150205507874489, -0.006580717861652374, -0.056707508862018585, -0.043316781520843506, -0.003102010814473033, 0.00829386617988348, 0.016443606466054916, -0.006459519732743502, 0.014294799417257309, -0.013246601447463036, 0.012571824714541435, -0.01664014346897602, 0.01792418584227562, 0.0002290885749971494, 0.028170321136713028, 0.0018277951749041677, -0.004222272429615259, -0.01656152866780758, -0.010835746303200722, 0.0018933075480163097, -0.021173598244786263, -0.013043513521552086, 0.00829386617988348, 0.015526432543992996, 0.01967991702258587, 0.031000453978776932, -0.00594524759799242, -0.03618903458118439, 0.010901259258389473, -0.017373880371451378, -0.005611134693026543, 0.011536728590726852, -0.010802989825606346, -0.006957414094358683, 0.00871314574033022, 0.03618903458118439, -0.04402431473135948, 0.009748240932822227, 0.04174448549747467, 0.009787548333406448, -0.001437177648767829, -0.011720163747668266, 0.021605979651212692, 0.01185773964971304, -0.016875987872481346, 0.01792418584227562, 0.0017917633522301912, 0.02059708908200264, 0.038364045321941376, 0.0003496722783893347, 0.011091244406998158, 0.01933925226330757, -0.0021684595849364996, -0.016797373071312904, 0.023649966344237328, 0.007920445874333382, 0.007710806094110012, -0.0016738411504775286, 0.019050998613238335, 0.004205894190818071, 0.005087035708129406, -0.009256898425519466, 0.03047635592520237, 0.007887689396739006, 0.010809541679918766, 0.005463731940835714, 0.010475428774952888, -0.027043508365750313, 0.00494618434458971, 0.01367898378521204, -0.021304624155163765, -0.017138035967946053, -0.015985019505023956, -0.02733176201581955, -0.0357697568833828, -0.006053343415260315, 0.007435654290020466, 0.022614870220422745, -0.004759473726153374, -0.0007431559497490525, -0.013849315233528614, 0.017806263640522957, -0.004264855291694403, 0.019928863272070885, -0.008457647636532784, -0.022169386968016624, -0.016784269362688065, 0.02696489356458187, 0.01232942845672369, 0.014203082770109177, -0.012873181141912937, 0.018500693142414093, -0.013823110610246658, 0.012925591319799423, -0.009007951244711876, -0.0011235371930524707, 0.013757598586380482, -0.034695353358983994, -0.005771640222519636, -0.004703788552433252, -0.004481046460568905, 0.007278424687683582, -0.005729056894779205, -0.017950389534235, -0.011202615685760975, -0.021330827847123146, 0.01743939332664013, -0.02560223452746868, -0.0028366856276988983, 0.012204955331981182, -0.003937293775379658, -0.028799239546060562, -0.010213378816843033, 0.020479166880249977, 0.01437341421842575, -0.005273745860904455, 0.009230692870914936, -0.039543267339468, 0.0032395869493484497, 0.006027138326317072, -0.0029300409369170666, 0.016325682401657104, -0.0015076034469529986, -0.006570891011506319, -0.001904772245325148, 0.0046644811518490314, 0.018133824691176414, -0.03493119776248932, 0.019522687420248985, -0.010206827893853188, -0.01166775356978178, -0.008759004063904285, 0.002500934759154916, -0.0031724367290735245, -0.013836213387548923, -0.01650911755859852, 0.003208468435332179, -0.032022446393966675, -0.010023392736911774, -0.031550757586956024, 0.014386516995728016, -0.017177343368530273, 0.021868029609322548, -0.0692334771156311, -0.01210668683052063, 0.023545145988464355, -0.025903591886162758, -0.011490870267152786, 0.012729054316878319, -0.008680389262735844, -0.0019555443432182074, -0.016391195356845856, -0.1637285202741623, 0.02151426300406456, 0.03194383159279823, -0.027148326858878136, 0.0066789863631129265, 0.02822273038327694, 0.006505378521978855, -0.007638742681592703, -0.007953202351927757, -0.007926996797323227, -0.0051296185702085495, -0.017845571041107178, -0.037027593702077866, -0.01842207834124565, -0.03760410100221634, -0.0005212328396737576, 0.005001869518309832, -0.010927463881671429, 0.019168920814990997, 0.018959280103445053, 0.03728964179754257, -0.02104257419705391, 0.0025893766433000565, -0.013561061583459377, -0.00039266477688215673, 0.028956469148397446, -0.007167053408920765, -0.005938696675002575, -0.0077828699722886086, 0.0009368269238620996, 0.007704255171120167, -0.0049560111947357655, 0.015539534389972687, -0.00280392961576581, 0.008686940185725689, -0.008431442081928253, 0.002843237016350031, -0.009211039170622826, 0.002731865970417857, -0.0071736047975718975, -0.009787548333406448, 0.007239117287099361, -0.005024799145758152, 0.00761253759264946, 0.0031806256156414747, 0.025366390123963356, 0.009820304811000824, -0.004972388967871666, 0.02468506246805191, 0.010580248199403286, 0.02380719594657421, -0.03844266012310982, -0.011300884187221527, 0.0006682262173853815, 0.025916695594787598, -0.004087971989065409, 0.031052865087985992, 0.02869441919028759, -0.012250813655555248, -0.011025732383131981, -0.014517541974782944, -0.010626106522977352, 0.0049789403565227985, -0.0013503737282007933, -0.01568366214632988, 0.013187640346586704, -0.014058955013751984, 0.01751800812780857, -0.04177068918943405, -0.009014502167701721, -0.01525128073990345, 0.0197061225771904, 0.009977534413337708, 0.012892834842205048, 0.005840428173542023, 0.019182022660970688, 0.00804491899907589, -0.014963026158511639, 0.02735796757042408, 0.027882065623998642, -0.016207760199904442, 0.005693025421351194, -0.0038619544357061386, 0.05348430201411247, -0.00016777309065219015, -0.015356100164353848, -0.014019647613167763, -0.00893588736653328, -0.0023699100129306316, 0.0006936122663319111, 0.03839024901390076, -0.03191762790083885, 0.005273745860904455, -0.01051473617553711, 0.01605053059756756, 0.009086566045880318, -0.00615488737821579, 0.008686940185725689, 0.006050067488104105, -0.015107152983546257, 0.020741216838359833, -0.013574163429439068, -0.020885344594717026, 0.019444072619080544, 0.027148326858878136, 0.01927373930811882, 0.007343937177211046, 0.017780058085918427, 0.047719214111566544, 0.005460456479340792, -0.009807202033698559, 0.028982672840356827, 0.0016427227528765798, 0.03540288656949997, -0.014294799417257309, 0.026624228805303574, -0.012624233961105347, -0.015054742805659771, 0.015539534389972687, 0.024318192154169083, 0.02336171269416809, -0.021265316754579544, -0.0020963959395885468, -0.0077828699722886086, 0.025209160521626472, 0.005991106387227774, -0.07075336575508118, -0.003983152098953724, 0.010331301018595695, 0.015880199149250984, -0.01885446161031723, 0.006852594204246998, -0.021383238956332207, 0.022156285122036934, -0.017688341438770294, 0.02201215736567974, -0.04538697004318237, -0.019090306013822556, -0.00435657287016511, 0.006715018302202225, 0.010658863000571728, -0.0016173366457223892, 0.014307902194559574, 0.002494383603334427, 0.011248474009335041, 0.030633585527539253, 0.017360778525471687, -0.022758997976779938, 0.015238177962601185, 0.012846976518630981, -0.010822643525898457, -0.002525501884520054, -0.02777724526822567, -0.004772576503455639, 0.03141973540186882, -0.02869441919028759, -0.004415533971041441, -0.016286375001072884, 0.017242856323719025, -0.029480567201972008, -0.0197061225771904, 0.0027449685148894787, -0.02641458809375763, 0.004959286656230688, 0.0330706462264061, -0.019457174465060234, 0.010167520493268967, -0.0017295266734436154, -0.005987830925732851, -0.029899846762418747, 0.006538134999573231, -0.0010170795721933246, -0.027593811973929405, 0.023060355335474014, -0.016784269362688065, -0.024816086515784264, -0.026270462200045586, -0.004729993175715208, -0.0278034508228302, -0.02638838440179825, 0.032992031425237656, 0.026191847398877144, -0.0028481504414230585, 0.007258770987391472, -0.008182494901120663, 0.018998587504029274, -0.0087065938860178, -0.013318665325641632, -0.004313989542424679, 0.01100607868283987, 0.001878567272797227, 0.033856794238090515, -0.017124934121966362, -0.03930742293596268, -0.014163775369524956, 0.002633597468957305, -0.00831351988017559, 0.019810941070318222, -0.03849507123231888, 0.002884182147681713, -0.04698547348380089, 0.0031298536341637373, -0.004415533971041441, -0.00828076433390379, -0.018723435699939728, -0.015146460384130478, -0.00594524759799242, -0.004431912209838629, -0.036031804978847504, -0.019011691212654114, 0.013056616298854351, 0.01436031237244606, 0.03233690559864044, 0.000753392290789634, -0.012984552420675755, -0.04693306237459183, 0.02691248245537281, 0.004268131218850613, -0.00011874117626575753, -0.037001386284828186, 0.005824049934744835, 0.008667286485433578, -0.024999521672725677, -0.00594852352514863, 0.004883947316557169, -0.02382029965519905, -0.008621428161859512, -0.02916610799729824, -0.05240989848971367, 0.013875520788133144, -0.0011956008384004235, 0.005905940197408199, 0.018264848738908768, -0.0157229695469141, -0.009499293752014637, -0.01479269377887249, 0.02602151408791542, 0.04027700796723366, -0.008162841200828552, 0.030790815129876137, -0.00302175828255713, 0.0075797815807163715, 0.01297144964337349, -0.007278424687683582, 0.000619910832028836, 0.020701909437775612, 0.004674308001995087, 0.02777724526822567, 0.015447817742824554, -0.0066789863631129265, -0.008097329176962376, 0.023060355335474014, -0.013495548628270626, 0.01831725984811783, 0.004631724674254656, 0.036110419780015945, -0.007114643696695566, -0.022496948018670082, 0.02108188159763813, -0.036503493785858154, -0.004507251083850861, 0.03210106119513512, -0.01139915268868208, -0.038311634212732315, 0.012729054316878319, 0.02190733700990677, 0.032965827733278275, 0.008903131820261478, -0.025379493832588196, -0.033332694321870804, 0.006898452993482351, -0.011923251673579216, -0.007081887684762478, 0.00043197220657020807, -0.011471216566860676, 0.0062990146689116955, 0.014871308580040932, -0.007468410301953554, 0.04973699524998665, 0.027960680425167084, -0.022745896130800247, -0.011739817447960377, -0.015605047345161438, -0.032022446393966675, -0.009073463268578053, 0.03409263864159584, -0.017609726637601852, 0.011962559074163437, 0.049474943429231644, -0.007514269091188908, 0.014779591001570225, -0.012480107136070728, 0.023676171898841858, -0.022248001769185066, -0.013495548628270626, -0.0005417054053395987, 0.028615804389119148, -0.007599435281008482, 0.006079548038542271, -0.02552361972630024, 0.01075713150203228, 0.00983340758830309, 0.009250346571207047, -0.006754325702786446, -0.018199337646365166, -0.01229012105613947, -0.010763682425022125, 0.034276071935892105, 0.004029010888189077, -0.01796349324285984, -0.009361717849969864, 0.004559661261737347, 0.035638730973005295, 0.036058008670806885, -0.013364523649215698, 0.01711183227598667, 0.005552173592150211, -0.010429569520056248, 0.007108092308044434, -0.002664715750142932, -0.014452029019594193, 0.016233965754508972, -0.006364527158439159, -0.028956469148397446, -0.032048653811216354, -0.0015215248567983508, 0.0009916935814544559, 0.006659332662820816, 0.005647166632115841, 0.0037866150960326195, -0.012028072029352188, -0.01276180986315012, -0.005165650509297848, -0.004766025114804506, -0.03705379739403725, -0.04137761518359184, -0.01117641106247902, -0.0013470981502905488, -0.030712200328707695, 0.00279246480204165, 0.005175477359443903, 0.007854933850467205, -0.0024501627776771784, -0.02553672343492508, -0.0068198381923139095, -0.01711183227598667, -0.017373880371451378, 0.014124467968940735, 0.015827789902687073, 0.010049598291516304, 0.00537856575101614, 0.008234905079007149, 0.018684128299355507, 0.02548431232571602, -0.01301075704395771, -0.032258290797472, 0.02340102009475231, -0.002147167921066284, 0.02683386765420437, -0.0011464664712548256, -0.011241923086345196, -0.0013945946702733636, -0.0292185191065073, -0.03178660199046135, -0.0034492264967411757, -0.013561061583459377, -0.0027335037011653185, 0.07541784644126892, 0.006754325702786446, -0.02248384617269039, 0.008064572699368, 0.009217591024935246, 0.014661668799817562, 0.0014298075111582875, -0.0031560584902763367, -0.046382758766412735, -0.01650911755859852, 0.03550770506262779, 0.023951323702931404, -0.01030509639531374, -0.02055778168141842, -0.030843224376440048, 0.0019735603127628565, -0.016836680471897125, -0.008346276357769966, 0.000770998711232096, -0.005774915684014559, 0.010108559392392635, 0.023060355335474014, -0.030292920768260956, -0.022785203531384468, -0.009591011330485344, 0.02420026995241642, 0.020937753841280937, -0.007717357482761145, -0.0035311169922351837, -0.016705654561519623, 0.011903597973287106, -0.0035704243928194046, -0.040539056062698364, -0.012774912640452385, -0.012041173875331879, -0.027043508365750313, -0.016364989802241325, -0.011104347184300423, 0.022654177621006966, 0.02510434202849865, 0.013161435723304749, 0.029716411605477333, 0.007003272417932749, -0.018107619136571884, -0.014072057791054249, 0.0013823111075907946, 0.026991097256541252, -0.004415533971041441, -0.026335973292589188]","[0.005818042438477278, -0.008963202126324177, 0.014992261305451393, -0.02821599878370762, -0.006042457185685635, -0.014844884164631367, -0.045418914407491684, -0.006089350208640099, -0.04233739525079727, -0.02630009688436985, 0.007476033642888069, 0.006960214115679264, -0.016171276569366455, -0.01882406324148178, -0.022200336679816246, -0.0046524242497980595, 0.00882252398878336, -0.00021154043497517705, 0.008795727975666523, -0.00434762192890048, 0.027224553748965263, -0.00791146606206894, -0.01398741826415062, 0.000897659978363663, -0.03421826288104057, -0.004900285508483648, 0.02264246717095375, -0.025214865803718567, 0.006765944417566061, -0.010115422308444977, 0.01390703022480011, -0.02877870947122574, -0.01731009967625141, -0.014014213345944881, -0.03411107882857323, -0.003064771881327033, 0.015541575849056244, -0.013042865321040154, 0.009083783254027367, -0.023982258513569832, 0.012172001414000988, 0.005854886490851641, -0.0030681213829666376, -0.01651962287724018, 0.02837677299976349, 0.009351741522550583, 0.00275996932759881, -0.011930839158594608, -0.01542099379003048, 0.015407596714794636, 0.019172409549355507, 0.015233423560857773, -0.033012449741363525, 0.037139005959033966, -0.01780582219362259, -0.006290318910032511, -0.018703483045101166, 0.018783869221806526, -0.0019644685089588165, 0.016975151374936104, 0.0042035942897200584, 0.025643600150942802, -0.015166433528065681, 0.027197757735848427, -0.018971439450979233, 0.010349885560572147, -0.012285883538424969, 0.03242294117808342, 0.011267642490565777, -0.0008566288743168116, 0.024437787011265755, 0.013371113687753677, -0.01481808815151453, 0.021785002201795578, 0.040408097207546234, -0.01386683713644743, -0.019761916249990463, 0.013002671301364899, 0.014523333869874477, 0.008668447844684124, 0.013022768311202526, -0.01481808815151453, 0.007295161951333284, 0.004156701732426882, -0.0040327706374228, -0.011897344142198563, -7.238011312438175e-05, 0.008078939281404018, -0.0028671526815742254, -0.0016194724012166262, 0.013223737478256226, 0.006487937644124031, 0.04260535165667534, 0.021115105599164963, -0.0016219844110310078, 0.0038719959557056427, -0.012205495499074459, -0.02273625321686268, -0.012567239813506603, -0.018020188435912132, -0.023540128022432327, -0.0013615626376122236, -0.03558484837412834, -0.018475716933608055, -0.033253613859415054, -0.013572082854807377, -0.003667677752673626, 0.011542299762368202, 0.005834789946675301, -0.008199520409107208, -0.019132215529680252, 0.010751822963356972, 0.0033779479563236237, -0.005694111809134483, 0.019279591739177704, -0.012915585190057755, 0.0020046622958034277, -0.024531573057174683, -0.00470936531201005, -0.004662472754716873, 0.04201584681868553, -0.004163400270044804, -0.0005271240370348096, 0.02273625321686268, 0.028564343228936195, 0.010309691540896893, -0.011321233585476875, -8.986020111478865e-05, -0.027130767703056335, -0.006789390929043293, 0.03837161511182785, 0.006873127538710833, -0.012975875288248062, 0.027304939925670624, -0.01787281222641468, 0.006015661638230085, 0.011904043145477772, 0.013196941465139389, -0.021637624129652977, -0.0010383380576968193, -0.008782329969108105, 0.02232091873884201, -0.028859097510576248, 0.008514371700584888, -0.02177160419523716, 0.03981858864426613, 0.00838709156960249, 0.015072648413479328, -0.012935682199895382, -0.00551993865519762, -0.014885078184306622, -0.007275064941495657, -0.011327932588756084, 0.006806138437241316, -0.005590277723968029, 0.005312271416187286, -0.02027103677392006, 0.008688544854521751, -0.018100576475262642, -0.02216014266014099, 0.0129490802064538, 0.0406760536134243, -0.02739872597157955, 0.005020866636186838, 0.009117277339100838, 0.0188374612480402, 0.04075644165277481, -0.008909610100090504, 0.01501905731856823, 0.006926719564944506, -0.004026072099804878, 0.010436971671879292, -0.031083151698112488, 0.029368218034505844, 0.019507355988025665, 0.012332775630056858, -0.024665551260113716, -0.0065750242210924625, -0.004682569298893213, -0.0033678996842354536, -0.026554657146334648, -0.016506224870681763, 0.025549814105033875, 0.021892184391617775, -0.010912597179412842, 0.006749196909368038, 0.02240130491554737, 0.013732858002185822, 0.008567963726818562, -0.006759245414286852, 0.010376681573688984, 0.01756465993821621, -0.03649590536952019, -0.013464899733662605, -0.6220917701721191, -0.014670711010694504, -0.01796659640967846, 0.0007075770990923047, -0.0040763141587376595, 0.01692155934870243, 0.009331644512712955, 0.016787581145763397, -0.029502198100090027, 0.011569094844162464, -0.000931154761929065, 0.014737701043486595, 0.02765328623354435, -0.025603406131267548, 0.006424297578632832, -0.010597746819257736, 0.004538542125374079, -0.0038820444606244564, -0.01882406324148178, -0.006732449866831303, 0.003496854566037655, -0.004518445115536451, -0.024893317371606827, -0.0046289777383208275, -0.0014988911570981145, 0.018087178468704224, 0.006193183828145266, 0.003208799520507455, -0.01818096451461315, 0.016573214903473854, -0.012339474633336067, -0.0013498393818736076, 0.035236503928899765, -0.010316390544176102, 0.04614240303635597, -0.03408428281545639, -0.038585979491472244, 0.008112434297800064, 0.01906522549688816, 0.03901471197605133, -0.01081211306154728, -0.017591455951333046, 0.026420678943395615, 0.0019761917646974325, -0.0032406195532530546, 0.007154483813792467, 0.025536416098475456, 0.003120038192719221, -0.01275481004267931, -0.004970624577254057, -0.00965319387614727, 0.0261527206748724, 0.01834173873066902, 0.014643915928900242, -0.0008624904439784586, -0.003758113831281662, 0.01481808815151453, 0.007663604337722063, -0.017457475885748863, -0.009793872013688087, -0.015702350065112114, 0.00905698724091053, -0.03553125634789467, -0.01986910030245781, -0.010282895527780056, 0.008567963726818562, -0.009740280918776989, -0.0319674126803875, 0.012192098423838615, -0.00551993865519762, -0.004216992296278477, 0.017779026180505753, 0.01219879649579525, -0.03995256870985031, -0.0026058934163302183, 0.01732349768280983, 0.031002763658761978, -0.011937537230551243, -0.010490563698112965, -0.007717195898294449, -0.020525597035884857, 0.00024597725132480264, 0.012701218947768211, -0.017819220200181007, 0.009438827633857727, -0.004146653227508068, 0.0080655412748456, -0.011796860024333, 0.0059553710743784904, 0.006926719564944506, -0.0059989141300320625, 0.029689768329262733, -0.01779242418706417, -0.04975983873009682, 0.012332775630056858, 0.030172092840075493, -0.017430679872632027, -0.018475716933608055, -0.013257231563329697, -0.013471598736941814, -0.02471914328634739, -0.010282895527780056, 0.011937537230551243, 0.008119133301079273, 0.07626090198755264, -0.015461187809705734, -0.02636708691716194, 6.620451313210651e-05, 0.03791608661413193, -0.007656905334442854, 0.021436655893921852, -0.007489431649446487, 0.02304440550506115, 0.0007624247809872031, 0.012761509045958519, -0.033575162291526794, 0.032128188759088516, 0.01635884866118431, 0.013538587838411331, -0.006122844759374857, 0.03590639680624008, 0.010416874662041664, -0.0037648126017302275, -0.018529308959841728, 0.019373377785086632, 0.0005882519762963057, 0.004732811823487282, -0.01637224666774273, -0.025777578353881836, -0.007717195898294449, -0.025375641882419586, 0.007630109786987305, 0.034459423273801804, -0.029662972316145897, 0.041989050805568695, 0.016090890392661095, -0.005529987160116434, 0.00897659920156002, 0.03735337406396866, -0.04298049584031105, -0.02717096172273159, 0.0014386005932465196, 0.012721315026283264, -0.019721724092960358, 0.0027666683308780193, -0.01493866927921772, -0.004424659535288811, -0.012366270646452904, -0.0010425248183310032, 0.015621962957084179, -0.002155388705432415, 0.004314126912504435, 0.003918888512998819, -0.00200633704662323, -0.02011026255786419, -0.0074291410855948925, -0.021409859880805016, -0.03370914235711098, -0.006407550536096096, -0.01410799939185381, -0.00906368624418974, 0.008722038939595222, -0.025295253843069077, 0.028725119307637215, -0.01378644909709692, 0.00446820305660367, 0.0060826512053608894, 0.02002987451851368, -0.0006183972582221031, -0.04225700721144676, -0.009070385247468948, 0.004377766977995634, 0.026273300871253014, 0.01021590642631054, -0.021396461874246597, -0.008581360802054405, -0.000534660357516259, -0.005057711154222488, -0.02186538837850094, 0.004655773751437664, 0.014737701043486595, 0.02175820618867874, -0.022280724719166756, -0.0064711906015872955, 0.04407912492752075, 0.02336595393717289, -0.0038385011721402407, -0.0056773643009364605, 0.011535600759088993, 0.01548798382282257, -0.007342054508626461, 0.00758991576731205, -0.019051827490329742, 0.001601887634024024, 0.013799847103655338, 0.0049069845117628574, 0.019011633470654488, -0.010497262701392174, 0.02422342076897621, -0.0028788759373128414, 0.009438827633857727, -0.008326800540089607, 4.040307248942554e-05, -0.0016177976503968239, -0.005081157200038433, -0.02875191532075405, 0.010115422308444977, -0.019507355988025665, -0.009800571016967297, -0.007194677367806435, -0.003292536363005638, -0.02257547900080681, -0.013732858002185822, -0.025938352569937706, 0.0030731456354260445, 0.027760468423366547, 0.006775992922484875, 0.012299281544983387, 0.00016726453031878918, -0.017738832160830498, 0.01076522096991539, 0.006668809801340103, 0.044936589896678925, 0.01032978855073452, -0.016492826864123344, 0.011636084876954556, 0.02431720681488514, 0.014885078184306622, 0.0043744174763560295, -0.014724303036928177, -0.031994208693504333, -0.022441498935222626, 0.0174842718988657, 0.017899608239531517, 0.039604220539331436, 0.024437787011265755, 0.011904043145477772, -0.002195582492277026, 0.007757389917969704, -0.015863126143813133, 0.01898483745753765, 0.007837777025997639, 0.0003303422126919031, -0.021905582398176193, 0.016224868595600128, 0.007415743079036474, 0.02692979946732521, 0.01433576364070177, -0.010517358779907227, -0.013062962330877781, 0.001230095629580319, 0.005024216137826443, -0.021034717559814453, 0.005523288156837225, -0.008407188579440117, 0.00510795321315527, 0.0029626127798110247, 0.0012661025393754244, 0.02883230149745941, 0.024089442566037178, 0.020632781088352203, 0.035959988832473755, 0.0035839409101754427, -0.00838709156960249, 0.0014009189326316118, -0.012841896153986454, -0.006146291270852089, -0.014295569621026516, -0.0019929390400648117, -0.013639071956276894, -0.0011262617772445083, -0.0038820444606244564, -0.026568055152893066, -0.002565699629485607, 0.004086362663656473, 0.025871364399790764, 0.005687412805855274, 0.013531888835132122, 0.019132215529680252, 0.006879826541990042, -0.04863441362977028, -0.019011633470654488, 0.006199882831424475, 0.015273617580533028, -0.004230389837175608, -0.005315620917826891, -0.00929814949631691, 0.004387815482914448, 0.023794688284397125, -0.009787173010408878, 0.002229077275842428, 0.006682207342237234, 0.0025456028524786234, -0.017042141407728195, -0.019413571804761887, -0.031190333887934685, 0.012795004062354565, -0.007797583471983671, -0.011971032246947289, -2.499024230928626e-05, 0.015032455325126648, 0.00022546169930137694, -0.02686280943453312, -0.007100892253220081, 0.03392350673675537, 0.010952791199088097, -0.011548998765647411, -0.009720183908939362, 0.02098112739622593, -0.01560856495052576, 0.017269905656576157, -0.038023266941308975, -0.0038251031655818224, -0.011468610726296902, 0.021490247920155525, 0.017578057944774628, 0.006487937644124031, 0.029823746532201767, 0.03247653320431709, 0.027130767703056335, -0.016559816896915436, -0.028644731268286705, -0.028001632541418076, 0.007094193249940872, 0.007529625203460455, 0.008608156815171242, 0.0016588286962360144, -0.0006837120745331049, -0.02065957710146904, -0.0034667092841118574, 0.0012049744836986065, -0.005174942780286074, 0.014081203378736973, 0.001524012302979827, -0.018864257261157036, -0.020525597035884857, -0.0395774245262146, -0.015769340097904205, -0.0018204409861937165, -0.0036643282510340214, 0.0063204639591276646, -0.0027248000260442495, -0.015715748071670532, -0.024531573057174683, 0.016867969185113907, 0.007978455163538456, -0.00029852217994630337, 0.031753044575452805, 0.023057803511619568, -0.0023262121248990297, -0.018864257261157036, 0.009324945509433746, 0.014308967627584934, -0.015273617580533028, -0.018690085038542747, 0.016827775165438652, 0.004421310033649206, 0.016800979152321815, -0.02104811556637287, 0.020860545337200165, 0.011341330595314503, -0.020445210859179497, 0.017832618206739426, -0.010463767684996128, -0.015501381829380989, 0.016988549381494522, 0.008755533955991268, 0.027787264436483383, 0.023580322042107582, -0.03941665217280388, -0.006461142096668482, 0.0371658019721508, -0.0027532705571502447, -0.008440683595836163, 0.04710705205798149, 0.017336895689368248, -0.030493643134832382, 0.0028855749405920506, 0.0043375734239816666, 0.009954647161066532, -0.00568406330421567, 0.008306704461574554, -0.026675239205360413, -0.04432028532028198, -0.020458608865737915, -0.015126240439713001, 0.019359979778528214, -0.008601457811892033, 0.009465623646974564, 0.003352826926857233, 0.006802788935601711, 0.002969311783090234, -0.03314642980694771, 0.01676078513264656, -0.02193237841129303, -0.03997936472296715, -0.049947407096624374, 0.03320002183318138, 0.03263730928301811, -0.013344318605959415, 0.008634952828288078, -0.0033511521760374308, -0.001966143259778619, 0.007871272042393684, -0.02853754721581936, -0.013263930566608906, -0.0028504054062068462, -0.011528901755809784, 0.011301136575639248, -0.01526021957397461, 0.03218178078532219, 0.009204364381730556, 0.003573892405256629, -0.0024970355443656445, 0.02773367427289486, -0.008454080671072006, 0.04520454630255699, -0.028082018718123436, 0.024518175050616264, 0.00528547540307045, 0.011703073978424072, 0.02757289819419384, 0.019668132066726685, -0.03700502589344978, -0.0016144481487572193, -0.0161310825496912, -0.01819436252117157, -0.01804698444902897, -0.005231883842498064, 0.006116145756095648, -0.017377089709043503, -0.0070473006926476955, -0.006477889604866505, -0.018060382455587387, 0.03807685896754265, -0.011200652457773685, 0.00791146606206894, 0.01542099379003048, 0.00178359670098871, 0.0039925770834088326, 0.015434391796588898, 0.022763049229979515, 0.012185399420559406, 0.004947178065776825, 0.015514779835939407, -0.00973358191549778, 0.02676902338862419, 0.02146345190703869, -0.011421717703342438, 0.009077084250748158, 0.016238266602158546, -0.027948040515184402, -0.007328656502068043, 0.014362559653818607, -0.012131807394325733, 0.027425521984696388, -0.00780428247526288, -0.009030191227793694, -0.009566107764840126, -0.03207459673285484, -0.021262483671307564, 0.010986286215484142, -0.02033802680671215, 0.02883230149745941, -0.001657153945416212, 0.010946092195808887, -0.009693387895822525, -0.0016479429323226213, -0.012861993163824081, -0.02455836907029152, 0.0060592046938836575, 0.010497262701392174, 0.015367402695119381, 0.04316806420683861, 0.0005547571927309036, 0.006377405021339655, -0.0011706423247233033, 0.024678949266672134, -0.003019553842023015, 0.002810211619362235, -0.005282125901430845, -0.02120889164507389, 0.0185829009860754, 0.013062962330877781, 0.05214466527104378, -0.0050644101575016975, 0.004853392951190472, 0.010966189205646515, -0.007770787924528122, -0.003213823540136218, -0.020043272525072098, 0.02153044193983078, -0.018368534743785858, 0.008407188579440117, 0.04632997140288353, 0.0016822750912979245, 0.0033092836383730173, -0.01580953411757946, 0.01378644909709692, 0.032530125230550766, 0.00014873773034196347, 0.016720591112971306, -0.02899307757616043, -0.03060082532465458, 0.0029626127798110247, -0.024357400834560394, 0.002877201186493039, 0.020324628800153732, -0.008105735294520855, -0.02773367427289486, 0.012352872639894485, -0.029850542545318604, 0.033092837780714035, 0.009378536604344845, -0.006973612122237682, -0.026032138615846634, 0.015581768937408924, 0.006099398247897625, 0.03081519342958927, -0.01298927329480648, -0.015501381829380989, -0.007281763944774866, 0.027519306167960167, -0.01013551838696003, -0.011287739500403404, 0.019105419516563416, 0.013974020257592201, 0.017738832160830498, -0.020753363147377968, 0.01692155934870243, -0.025804374366998672, -0.025295253843069077, 0.02979695238173008, -0.015528177842497826, -0.009097181260585785, -0.021570634096860886, -0.0023262121248990297, 0.003131761448457837, -0.004471552558243275, 0.01994948834180832, 0.011435115709900856, 0.014483140781521797, -0.022548682987689972, 0.0033678996842354536, -0.011629385873675346, 0.01701534539461136, 0.02313818968832493, 0.011059974320232868, -0.004139954224228859, 0.032851673662662506, -0.02138306386768818, -0.027278143912553787, 0.0020147108007222414, 0.031109945848584175, 0.02829638496041298, 0.041131582111120224, 0.030949171632528305, -0.01756465993821621, -0.027130767703056335, -0.030386459082365036, -0.0057443538680672646, 0.009807270020246506, -0.02813561074435711, 0.014978863298892975, -0.0014536732342094183, 0.01962793804705143, -0.0044347080402076244, 0.008480876684188843, -0.017846016213297844, -0.0053189704194664955, -0.029904134571552277, 0.010236003436148167, 0.0012342823902145028, 0.0028470559045672417, -0.010939393192529678, 0.028430365025997162, -0.015876522287726402, 0.016707193106412888, -0.0032104740384966135, 0.012051420286297798, -0.005489793606102467, -0.02686280943453312, -0.02430380880832672, 0.0005091205821372569, -0.0019711675122380257, 0.03298565372824669, -0.0015968633815646172, -0.01493866927921772, 0.016345450654625893, 0.003307608887553215, 0.02233431488275528, -0.017738832160830498, -0.018636493012309074, 0.028939485549926758, -0.018569502979516983, 7.536324119428173e-05, 0.0016119360225275159, 0.019038429483771324, 0.006564975716173649, -0.020753363147377968, -0.012446658685803413, -0.006052505690604448, -0.007268365938216448, -0.02383488230407238, 0.026179516687989235, 0.020954331383109093, -0.006136242765933275, -0.015916716307401657, -0.017350293695926666, -0.019292989745736122, -0.030252480879426003, -0.009572806768119335, 0.030949171632528305, -0.02907346375286579, 0.0018355136271566153, 0.0010961164953187108, 0.005429503042250872, 0.025616804137825966, -0.0046959673054516315, -0.011287739500403404, 0.007924864068627357, 0.03520970791578293, -0.028939485549926758, 0.019359979778528214, 0.01124084647744894, 0.017430679872632027, -0.042873311787843704, 0.014469742774963379, -0.01112026534974575, -0.025456028059124947, -0.012058119289577007, -0.03649590536952019, -0.016988549381494522, -0.004484950099140406, 0.016559816896915436, -0.011234147474169731, 0.017832618206739426, -0.00013125764962751418, 0.03169945627450943, 0.02487991936504841, 0.007295161951333284, -0.020364822819828987, -0.0040763141587376595, 0.017444077879190445, -0.026179516687989235, -0.02670203521847725, 0.03566523641347885, 0.014483140781521797, 0.007067397236824036, -0.013518490828573704, -0.007268365938216448, 0.028323180973529816, -0.026594851166009903, -0.016238266602158546, 0.006213280837982893, -0.007743991911411285, -0.02623310685157776, -0.008708641864359379, -0.019761916249990463, -0.019882498309016228, -0.011877247132360935, -0.002140316180884838, -0.013974020257592201, -0.013920428231358528, -0.024370798841118813, 0.0036174356937408447, -0.01282849907875061, -0.00048399949446320534, -0.011301136575639248, -0.006464491598308086, 0.0023697554133832455, -0.01588992029428482, -0.03344118222594261, -0.015796136111021042, -0.04204264283180237, 0.024611961096525192, 0.004625628236681223, 0.00689322454854846, -0.0030547233764082193, 0.01227248553186655, -0.02525505982339382, -0.038344819098711014, -0.012861993163824081, 0.025844568386673927, -0.0034332145005464554, -0.0003449961659498513, -0.0014386005932465196, 0.02765328623354435, 0.014322365634143353, 0.008440683595836163, -0.006755895912647247, 0.0026678587310016155, 0.0005865772254765034, 0.019279591739177704, 0.01311655342578888, 0.0055500841699540615, -0.03044005110859871, -0.020994525402784348, 0.020686373114585876, 0.0199360903352499, -0.00591852655634284, 0.008052144199609756, -0.0043074279092252254, -0.008869416080415249, 0.018529308959841728, 0.013089758343994617, 0.0007955008768476546, -0.017055539414286613, 0.013759653083980083, -0.05085846409201622, 0.011307835578918457, 0.03338759019970894, 0.0015709049766883254, -0.052412621676921844, -0.001954420004040003, -0.0119241401553154, -0.019011633470654488, -0.004417960997670889, -0.026166118681430817, -0.00862155482172966, 0.015863126143813133, -0.022843435406684875, 0.023459739983081818, -0.004806500393897295, -0.0178862102329731, 0.020954331383109093, 0.03453981131315231, 0.0007992690661922097, 0.007784185465425253, 0.001291223568841815, -0.025563212111592293, 0.011729869991540909, 0.011589191854000092, -0.011729869991540909, -0.021490247920155525, 0.029207443818449974, 0.017028743401169777, -0.021034717559814453, 0.004391164984554052, -0.017430679872632027, -0.033896710723638535, -0.021195493638515472, -0.0015658807242289186, 0.015568370930850506, -0.0004446431412361562, -0.013826643116772175, -0.007757389917969704, 0.006564975716173649, 0.0014528358587995172, -0.01318354345858097, -0.0052519808523356915, -0.009867561049759388, 0.00910387933254242, 0.01530041266232729, -0.009787173010408878, -0.033414386212825775, -0.01493866927921772, -0.017671843990683556, 0.011636084876954556, 0.014429548755288124, 0.1993608921766281, -0.01834173873066902, 0.010430272668600082, 0.01684117317199707, -0.016345450654625893, 0.0008277395972982049, -0.021155299618840218, -0.002810211619362235, -0.02565699815750122, 0.015956910327076912, -0.040649257600307465, -0.004967275075614452, 0.007476033642888069, -0.002327886875718832, -0.006866429001092911, -0.009981443174183369, -0.014402752742171288, -0.021195493638515472, -0.04884877800941467, 0.01714932546019554, 0.00713438680395484, 0.008748834952712059, -0.015313810668885708, -0.003784909611567855, 0.03518291190266609, 0.0013833341654390097, -0.0019209253368899226, -0.006926719564944506, 0.013692663982510567, 0.008433984592556953, -0.008521070703864098, -0.004578735679388046, -0.005958720576018095, -0.023406147956848145, -0.01772543415427208, -0.02193237841129303, 0.017671843990683556, 0.0015432717045769095, 0.03432544320821762, -0.013531888835132122, -0.009264654479920864, 0.0002740291238296777, 0.008038746193051338, -0.011910742148756981, 0.004953877069056034, 0.0220931526273489, -0.014375957660377026, -0.022937221452593803, -0.02162422612309456, 0.039282672107219696, -0.02027103677392006, -0.02544263005256653, 0.017122529447078705, 0.0005212624091655016, -0.005308921914547682, -0.033655550330877304, 0.022066356614232063, 0.011381524614989758, 0.003506902838125825, 0.036040376871824265, -0.0013004345819354057, 0.02749251015484333, -0.018797267228364944, 0.023821484297513962, -0.024022452533245087, 0.03893432766199112, -0.028108814731240273, 0.01196433324366808, -0.011388223618268967, 0.008393790572881699, -0.004853392951190472, 0.0003378785331733525, 0.0003429027565289289, -0.0008641651947982609, 0.007891369052231312, -0.022749651223421097, -0.018247952684760094, 0.000942040525842458, 0.022039562463760376, 0.03290526568889618, -0.003153532976284623, -0.040086545050144196, 0.0034834565594792366, -0.008112434297800064, -0.005864934995770454, -0.02701018564403057, 0.018958043307065964, 0.020405016839504242, -0.005148146767169237, -0.02726474590599537, 0.006457792595028877, -0.016385644674301147, -0.0008047119481489062, -0.032208576798439026, 0.0165330208837986, 0.00894310511648655, 0.005965419579297304, 0.0045016976073384285, -0.01740388572216034, -0.01410799939185381, -0.04204264283180237, 0.04590123891830444, 0.018167566508054733, -0.009110578335821629, -0.01945376582443714, -0.008253112435340881, 0.009860862046480179, 0.008494274690747261, -0.014228580519557, -0.013103155419230461, -0.012774907052516937, -0.02193237841129303, 0.005114652216434479, 0.003540397621691227, 0.009452225640416145, 0.020445210859179497, 0.00023844093084335327, -0.024290410801768303, 0.022602273151278496, -0.010195809416472912, -0.025630202144384384, 0.002116869669407606, 0.014764497056603432, -0.024585165083408356, -0.006554927211254835, -0.022709457203745842, -0.03880034759640694, 0.016077492386102676, 0.003113339189440012, -0.032851673662662506, 0.003307608887553215, -0.006390803027898073, -0.010731725953519344, -0.016867969185113907, -0.03695143386721611, -0.009800571016967297, -0.019279591739177704, -0.03328040987253189, -0.028189202770590782, 0.0002449305320624262, 0.005854886490851641, -0.017042141407728195, 0.007891369052231312, 0.0019326484762132168, 0.013639071956276894, 0.009981443174183369, 0.007335355505347252, 0.032932061702013016, -0.025054091587662697, -0.004146653227508068, -0.028269588947296143, -0.02518806979060173, -0.007884670048952103, 0.008460779674351215, -0.001052573323249817, -0.010269497521221638, -0.03239614516496658, -0.035156115889549255, 0.01286869216710329, 0.005730955861508846, -0.014536731876432896, -0.018328340724110603, 0.0012510297819972038, -0.007636808790266514, -0.03164586424827576, -0.03352157026529312, -0.16859929263591766, 0.002815235871821642, 0.021195493638515472, 0.0021302676759660244, 0.031243925914168358, 0.017511067911982536, 0.012681121937930584, 0.03081519342958927, -0.027599694207310677, -0.016546418890357018, 0.003374598454684019, 0.02867152728140354, 0.0023044405970722437, -0.014911873266100883, 0.005402707029134035, 0.01045036967843771, 0.017752230167388916, 0.006213280837982893, 0.028242794796824455, 0.016479428857564926, 0.034754179418087006, -0.040890421718358994, -0.009586204774677753, -0.01469750702381134, 0.011334631592035294, -0.0033394289202988148, 0.006554927211254835, -0.002220703521743417, 0.03132431209087372, -0.04391834884881973, -0.01590331830084324, 0.016573214903473854, 0.03440583124756813, -0.007060698699206114, 0.031351108103990555, 0.013880234211683273, -0.0165330208837986, 0.012902187183499336, -0.006940117105841637, -0.005958720576018095, 0.03558484837412834, 0.023741096258163452, -0.0017266556387767196, -0.0013649120228365064, 0.026032138615846634, 0.013391210697591305, -0.002455167006701231, -0.026581453159451485, -0.0038150548934936523, -0.013418006710708141, 0.020324628800153732, 0.01457692589610815, -0.003701172536239028, -7.405485666822642e-05, -0.0027733673341572285, -0.009016793221235275, -0.009499117732048035, 0.005325668957084417, 0.0036777262575924397, 0.014724303036928177, -0.024451185017824173, -0.019092021510004997, 0.023808086290955544, 0.0019041779451072216, 0.0014134794473648071, -0.0008683520136401057, -0.0008725388906896114, 0.031913820654153824, -0.02487991936504841, -0.00019228094606660306, -0.0026293396949768066, -0.020780157297849655, 0.016894765198230743, 0.005958720576018095, 0.0038117053918540478, 0.0140276113525033, -0.029341422021389008, -0.01080541405826807, 0.010343186557292938, 0.0011044902494177222, -0.024692347273230553, 0.015997104346752167, 0.02542923204600811, -0.002193907741457224, -0.026983389630913734, -0.012138506397604942, -0.005727606359869242, -0.006719051860272884, -0.007898068055510521, -0.029770156368613243, 0.029127055779099464, 0.004317476414144039, 0.01306966133415699, -0.00985416304320097, 0.014590323902666569, 0.0067023043520748615, 0.022937221452593803, -0.007522926200181246, -0.00020850497821811587, -0.03027927689254284, -0.009566107764840126, -0.012305980548262596, -0.028349976986646652, -0.00012037184933433309, 0.018850859254598618, -0.01013551838696003, -0.028162406757473946, 0.00494382856413722, 0.04466862976551056, 0.011200652457773685, -0.005325668957084417, 0.012714616023004055, 0.016104288399219513, 0.01481808815151453, -0.008748834952712059, 0.0002966380852740258, 0.05980826914310455, -0.03314642980694771, 0.010229304432868958, 0.007603313773870468, 0.04884877800941467, -0.004672521259635687, 0.010055131278932095, 0.01835513673722744, 0.012888789176940918, -0.04555289447307587, -0.09024832397699356, -0.003026252845302224, -0.003064771881327033, 0.01851591095328331, -0.0008017811924219131, 0.02709057368338108, -0.002309464616701007, 0.003439913270995021, -0.03279808163642883, 0.008641651831567287, 0.013773051090538502, -0.026125924661755562, -0.02072656713426113, 0.008554565720260143, -0.0022307520266622305, 0.027840856462717056, -0.02518806979060173, -0.0007733106031082571, 0.0013640746474266052, 0.016747387126088142, 0.012446658685803413, -0.031753044575452805, 0.02621970884501934, 0.006611868739128113, -0.0052050878293812275, -0.0076234107837080956, -0.0039490340277552605, -0.013639071956276894, 0.023392749950289726, -0.008722038939595222, 0.008058843202888966, -0.010637940838932991, -0.006806138437241316, -0.02399565652012825, 0.012533744797110558, -0.005623772740364075, -0.019587744027376175, 0.0074961306527256966, 0.023231975734233856, 0.0022257277742028236, -0.02064617909491062, -0.006109446752816439, 0.03180663660168648, 0.012654325924813747, -0.018797267228364944, 0.02082035131752491, -0.019172409549355507, 0.013618974946439266, -0.002394876442849636, -0.021476849913597107, -0.02217354066669941, 0.004170099273324013, -0.018609696999192238, -0.011287739500403404, 0.04185507073998451, 0.00446820305660367, 0.0314582921564579, 0.02041841484606266, -0.013203640468418598, 0.010336487554013729, -0.016720591112971306, 0.0162784606218338, -0.008413887582719326, 0.0002600032021291554, 0.023566924035549164, -0.018234554678201675, 0.0016420813044533134, -0.009070385247468948, 0.011857150122523308, 0.02059258706867695, -0.0018572852713987231, -0.0030815191566944122, -0.0349685437977314, 0.008541167713701725, -0.008172725327312946, 0.029341422021389008, -0.03384311869740486, -0.020217446610331535, 0.01445634476840496, 0.029582584276795387, -0.013022768311202526, 0.005724256858229637, -0.019252795726060867, -0.01252034679055214, -0.004216992296278477, 0.0007661929703317583, 0.008467478677630424, -0.004381116479635239, -0.009706785902380943, -0.04332884028553963, -0.02367410622537136, 0.007127688266336918, 0.0064745401032269, 0.015581768937408924, -0.01708233542740345, 0.017591455951333046, -0.009519214741885662, 0.012855294160544872, 0.0024685647804290056, 0.005710858851671219, -0.05075128376483917, 0.013123252429068089, -0.0371658019721508, 0.02734513394534588, 0.017068937420845032, 0.0007414905703626573, -0.020565791055560112, 0.006300366949290037, 0.036817457526922226, -0.020672975108027458, -0.0022307520266622305, 0.0025958451442420483, -0.029609380289912224, -0.005637170746922493, -0.010838909074664116, -0.0026477619539946318, -0.03815724700689316, -0.002887249691411853, -0.000908545742277056, 0.001395894680172205, 0.014469742774963379, -0.003170280484482646, 0.002964287530630827, 0.008923008106648922, -0.006729100365191698, 0.0094187306240201, -0.01390703022480011, 0.0006255148909986019, -0.0017534514190629125, -8.666772919241339e-05, -0.0018472367664799094, 0.0016479429323226213, -0.003130086697638035, 0.003473408054560423, 0.019252795726060867, -4.00367243855726e-05, -0.015407596714794636, 0.0016110986471176147, -0.024531573057174683, -0.0008892862824723125, 0.03204780071973801, 0.0002606312045827508, 0.012446658685803413, -0.014831486158072948, -0.022870231419801712, -0.03845200315117836, -0.0037447158247232437, -0.0009160820627585053, -0.0001371192338410765, 0.011937537230551243, -0.007053999695926905, 0.027867652475833893, 0.0238482803106308, 0.002128592925146222, -0.014925271272659302, -0.02765328623354435, -0.027680082246661186, -0.016707193106412888, 0.009619698859751225, 0.015621962957084179, 0.0063807545229792595, -0.017283303663134575, 0.03228896111249924, 0.0023262121248990297, 0.02232091873884201, -0.018690085038542747, 0.013505092822015285, 0.016090890392661095, -0.0006121170008555055, 0.01239306665956974, 0.025951750576496124, -0.030172092840075493, -0.01827474869787693, 0.0006853868253529072, 0.002992758061736822, 0.0003711639728862792, 0.008480876684188843, -0.012105011381208897, -0.00701380567625165, 0.022709457203745842, -0.03764812648296356, 0.019761916249990463, -0.004826596938073635, 0.001053410698659718, -0.021959174424409866, -0.017591455951333046, 0.032315757125616074, -0.003064771881327033, -0.0013113204622641206, 0.02201276645064354, 0.003429864998906851, 0.024893317371606827, -0.026192914694547653, -0.009278052486479282, 0.0017768978141248226, -0.007656905334442854, 0.019011633470654488, -0.004361019469797611, -0.021396461874246597, 0.03282487764954567, 0.024089442566037178, 0.0014436248457059264, 0.009264654479920864, -0.0016554791945964098, -0.01227918453514576, -0.05026895925402641, -0.0065381801687181, -0.026916401460766792, 0.0027532705571502447, 0.004528493620455265, 0.007656905334442854, 0.016251664608716965, 0.005372561980038881, 0.016466030851006508, -0.008480876684188843, 0.0119241401553154, -0.010189110413193703, 0.03161906823515892, 0.004183497279882431, 0.011173856444656849, 0.011522202752530575, 0.02757289819419384, 0.014295569621026516, -0.001850586268119514, 0.00965989287942648, 0.008641651831567287, 0.026005342602729797, 0.006588422227650881, 0.013257231563329697, -0.011763365007936954, 0.028082018718123436, 0.020672975108027458, 0.00434762192890048, -0.007455936633050442, -0.004330874420702457, -0.019668132066726685, 0.011810257099568844, -0.024839725345373154, 0.01251364778727293, 0.020284434780478477, 0.012004527263343334, 0.06902603060007095, 0.017189517617225647, -0.016573214903473854, -0.006467841099947691, 0.0034834565594792366, 0.01611768640577793, 0.013960622251033783, -0.004116507712751627, 0.014121397398412228, -0.02130267582833767, 0.02694319747388363, -0.004166749771684408, 0.016171276569366455, -0.0019025031942874193, 0.017779026180505753, 0.02043181285262108, -0.009713484905660152, 0.015836330130696297, -0.01938677579164505, 0.01093269418925047, 0.06666799634695053, -0.024571767076849937, 0.02734513394534588, 0.014188386499881744, 0.01032308954745531, 0.0025238313246518373, 0.043114472180604935, 0.0028554294258356094, 0.009224461391568184, -0.011736568994820118, 0.005429503042250872, 0.02146345190703869, -0.005215136334300041, -0.005801294930279255, -0.0003012436209246516, 0.013317522592842579, -0.008038746193051338, 0.028430365025997162, 0.010698230937123299, -0.007308559957891703, -0.0009328294545412064, -0.010162314400076866, -0.011662880890071392, -0.030574031174182892, 0.0037112210411578417, -0.023968860507011414, -0.010503961704671383, -0.001346489996649325, -0.0076837013475596905]"
19109,"How to create interconnected schemas in MongoDB with Mongoose?<p>I am creating an web app for users to store their daily expenses. The app is in NodeJS and using Express. The schema for collecting users and users' data is as follows:</p>
<pre><code>const dataSchema = new mongoose.Schema({
  email:String,
  date:String,
  amount: Number
})
 

const userSchema = new mongoose.Schema({
  email: String,
  password: String,
  data: {dataSchema}
})
const User = new mongoose.model(&quot;User&quot;, userSchema);
const UserData = new mongoose.model(&quot;UserData&quot;, dataSchema);
</code></pre>
<p>What I want to do is to connect  <code>dataSchema</code> to <code>userSchema</code>.</p>
<p>I wish to create a new <code>dataSchema</code> for each different day for every User. I wish to connect these Schemas so that <code>userData</code> can be seen in a consolidated form and not be scattered around in the data base for different users.
Is it possible to do so because currently no data is shown in &quot;data&quot; field
<a href=""https://i.stack.imgur.com/2d3b9.png"" rel=""nofollow noreferrer""><img src=""https://i.stack.imgur.com/2d3b9.png"" alt=""Pic From DB of userSchema"" /></a></p>
","Agreed, but just imagine a date with missing of any of dd, mm, yy. Imagined ? And now tell me, can that be correct anyway ?","Embed Field: How to create interconnected schemas in MongoDB with Mongoose?<p>I am creating an web app for users to store their daily expenses. The app is in NodeJS and using Express. The schema for collecting users and users' data is as follows:</p>
<pre><code>const dataSchema = new mongoose.Schema({
  email:String,
  date:String,
  amount: Number
})
 

const userSchema = new mongoose.Schema({
  email: String,
  password: String,
  data: {dataSchema}
})
const User = new mongoose.model(&quot;User&quot;, userSchema);
const UserData = new mongoose.model(&quot;UserData&quot;, dataSchema);
</code></pre>
<p>What I want to do is to connect  <code>dataSchema</code> to <code>userSchema</code>.</p>
<p>I wish to create a new <code>dataSchema</code> for each different day for every User. I wish to connect these Schemas so that <code>userData</code> can be seen in a consolidated form and not be scattered around in the data base for different users.
Is it possible to do so because currently no data is shown in &quot;data&quot; field
<a href=""https://i.stack.imgur.com/2d3b9.png"" rel=""nofollow noreferrer""><img src=""https://i.stack.imgur.com/2d3b9.png"" alt=""Pic From DB of userSchema"" /></a></p>; Answer: Agreed, but just imagine a date with missing of any of dd, mm, yy. Imagined ? And now tell me, can that be correct anyway ?","[-0.00391418905928731, 0.019452333450317383, 0.02233855240046978, -0.030918138101696968, -0.024460386484861374, 0.011386731639504433, 0.001148227951489389, -0.02460535615682602, -0.02193000167608261, -0.020243078470230103, 0.020994285121560097, 0.003868062049150467, 0.017277782782912254, -0.002566627226769924, -0.01642114296555519, 0.0025583903770893812, 0.006134864874184132, 0.008059011772274971, 0.0005914115463383496, -0.022470343858003616, -0.001436520484276116, 0.006009663920849562, 0.0018351878970861435, -0.00031568031408824027, -0.014391562901437283, 0.0025583903770893812, 0.013969832099974155, -0.01210499182343483, 0.0051760864444077015, -0.0011811756994575262, 0.01928100548684597, 0.006912431214004755, -0.004840019624680281, -0.03516180440783501, -0.009752524085342884, -0.004388635978102684, 0.0021761967800557613, -0.02077024057507515, 0.015063696540892124, 0.0019768630154430866, 0.021007465198636055, 0.0058943466283380985, -0.007861325517296791, -0.011123149655759335, -0.015379995107650757, 0.03334309160709381, 0.0026522912085056305, -0.038535650819540024, -0.010306046344339848, 0.009423047304153442, 0.013007759116590023, 0.01928100548684597, -0.042173080146312714, 0.013758966699242592, -0.015287741087377071, 0.0014628786593675613, 0.0004312032542657107, 0.02666129358112812, 0.0016844520578160882, 0.00440510967746377, 0.00855322740972042, 0.02714891918003559, -0.0064939954318106174, 0.002138306852430105, -0.021099718287587166, -0.02370917797088623, -0.02195635996758938, 0.0013261456042528152, -0.0014455810887739062, -0.010385120287537575, 0.015327278524637222, 0.02428905852138996, 0.0006025314214639366, -0.0012240076903253794, -0.0004447941901162267, -0.004915799479931593, -0.010609164834022522, -0.013890758156776428, -0.01870112493634224, 0.003275003284215927, -0.00732757244259119, -0.02754429168999195, -0.02127104625105858, 0.022022254765033722, 0.00573290279135108, 0.0032321710605174303, 0.018055349588394165, 0.02854590304195881, 0.01801581308245659, -0.015182308852672577, -0.00871137622743845, 0.0003004420141223818, 0.006879483349621296, -0.0065533011220395565, 0.00822375062853098, 0.02529066801071167, -0.018951527774333954, 0.023458775132894516, -0.0036044802982360125, 0.004642333369702101, -0.015274561941623688, 0.017488649114966393, -0.026107771322131157, -0.0190964974462986, -0.013251571916043758, -0.00904744304716587, 0.032921358942985535, -0.01603894867002964, 0.024776684120297432, -0.02399911731481552, 0.0014546418096870184, 0.0470229834318161, 0.0010164370760321617, -0.013653534464538097, -0.017659977078437805, 0.002851624973118305, -0.001017260830849409, -0.03247326985001564, -0.01130765676498413, 0.01791037991642952, 0.013930295594036579, 0.028572261333465576, 0.029389364644885063, -0.026410890743136406, 0.008909063413739204, -0.0005036882357671857, 0.00772294495254755, 0.0018154192948713899, 0.01057621743530035, -0.014088444411754608, 0.032921358942985535, 0.010371942073106766, 0.02323473058640957, 0.037138666957616806, -0.019531406462192535, 0.0095482487231493, -0.010602575726807117, 0.025013906881213188, -0.009330794215202332, -0.024170445278286934, 0.01830575242638588, 0.0030773167964071035, 0.006138159893453121, -0.012329036369919777, -0.028282321989536285, 0.03597890958189964, 0.007874504663050175, 0.013983011245727539, 0.013317467644810677, -0.00447759497910738, 0.020612092688679695, 0.018028991296887398, -0.014668324030935764, -0.014945085160434246, -0.005956947337836027, 0.010398299433290958, -0.010892516002058983, 0.0046983445063233376, 0.009877725504338741, -0.00016123789828270674, 0.007769071962684393, 0.006919020786881447, -0.001619380316697061, 0.0008846462005749345, -0.00440510967746377, 0.03039097599685192, -0.007545027416199446, -0.028018739074468613, -0.011439447291195393, -0.020032212138175964, -0.007637280970811844, 0.03800848871469498, -0.03495093807578087, 0.023788252845406532, 0.0045171319507062435, -0.002672059927135706, 0.010708007961511612, 0.02243080735206604, -0.04507247731089592, -0.03531995415687561, -0.0025056740269064903, -0.013244982808828354, 0.005492384545505047, 0.033026792109012604, -0.034081120043992996, -0.012829841114580631, -4.4685340981232e-05, -0.005489089991897345, -0.010226971469819546, 0.005011348053812981, 0.0050179376266896725, 0.005861399229615927, 0.0025221477262675762, -0.015472248196601868, -0.6292223334312439, 0.0030427216552197933, 0.025106161832809448, -0.03128715232014656, -0.023551028221845627, 0.0013483853545039892, -0.024275878444314003, -0.005953652784228325, -0.007914042100310326, 0.012882557697594166, -0.021205151453614235, 0.018173960968852043, 0.015182308852672577, 0.004513837397098541, -0.012717818841338158, 0.001186117879115045, 0.034397415816783905, -0.03563625365495682, -0.008210571482777596, 0.014404742047190666, -0.012770535424351692, 0.025699220597743988, -0.001957094529643655, 0.01798945479094982, -0.017145993188023567, -0.01535363681614399, 0.006385267712175846, 0.0007713884697295725, 0.0023145771119743586, 0.030812706798315048, -0.0342392697930336, 0.023182014003396034, 0.016183918341994286, -0.011953432112932205, 0.05084491893649101, -0.00032412318978458643, -0.017264604568481445, 0.026318637654185295, -0.0058350409381091595, 0.04652217775583267, 0.011103381402790546, 0.008203981444239616, 0.010108360089361668, 0.01068165060132742, -0.0015641929348930717, 0.004134938586503267, 0.039220962673425674, -0.0322624072432518, 0.011459216475486755, -0.0023689409717917442, -0.013317467644810677, 0.005495679564774036, -0.01564357616007328, 0.03358031436800957, 0.00865866057574749, -0.014048906974494457, 0.022984327748417854, -0.007558206561952829, 0.006210644729435444, 0.011729387566447258, 0.01830575242638588, 6.682208913844079e-05, -0.030549123883247375, 0.003765924135223031, -0.020585734397172928, -0.0009909026557579637, -0.011735977604985237, -0.017673155292868614, -0.003275003284215927, -0.02136330120265484, 0.010806851089000702, 0.00796675868332386, -0.01692194864153862, -0.0010131422895938158, -0.014272951520979404, 0.021771851927042007, 0.022391268983483315, -0.009594375267624855, -0.016118023544549942, 0.009653680957853794, 0.008157854899764061, -0.012454237788915634, -0.018477080389857292, -0.001262721256352961, 0.012487185187637806, -0.008862935937941074, -0.026331815868616104, -0.02656904049217701, 0.017488649114966393, 0.00934397242963314, 0.019070139154791832, 0.016605649143457413, 0.003158038714900613, -0.013495385646820068, 0.0014595838729292154, 0.041382335126399994, 0.013014348223805428, 0.008342362008988857, 0.025369742885231972, -0.019070139154791832, -0.019228288903832436, -0.009792061522603035, 0.010530090890824795, 0.0017528185853734612, 0.024842578917741776, 0.01731732115149498, -0.010134718380868435, 0.025817831978201866, 0.018028991296887398, -0.038324784487485886, -0.015182308852672577, 0.0049190944992005825, -0.00948894303292036, 0.01323180366307497, -0.016974665224552155, -0.03126079589128494, 0.03550446033477783, 0.0063720885664224625, 0.0018401300767436624, 0.010984769091010094, 0.001504887011833489, 0.02074388414621353, 0.008428025990724564, -0.0289149172604084, -0.03236783668398857, 0.016473859548568726, -0.008770682848989964, -0.009798651561141014, -0.0017001022351905704, 0.012902325950562954, -0.0017330499831587076, -0.013297699391841888, 0.016170740127563477, -0.005673597101122141, 0.023590566590428352, 0.021495090797543526, 0.022865716367959976, 0.0014768814435228705, 0.006220529321581125, -0.011729387566447258, 0.013693071901798248, 0.01850343868136406, 0.019663197919726372, -0.003564943093806505, 0.009416458196938038, -0.005811977665871382, -0.0308917798101902, 0.006319372449070215, -0.00929125677794218, -0.015617218799889088, -0.01949186995625496, -0.022364910691976547, 0.0038548829033970833, 0.0036604914348572493, -0.01116927620023489, -0.0022453870624303818, -0.005370478145778179, -0.02086249552667141, -0.027623366564512253, -0.018424363806843758, -0.020414406433701515, 0.03592619299888611, -0.025738757103681564, -0.021587345749139786, -0.009067212231457233, -0.017449110746383667, -0.01740957424044609, -0.014299309812486172, 0.005294698290526867, -0.021969538182020187, -0.021613702178001404, -0.02224629931151867, -0.018055349588394165, 0.009620733559131622, 0.020019033923745155, 0.013106602244079113, -0.02775515802204609, -0.019794989377260208, 0.005024527199566364, -0.03070727363228798, -0.00851368997246027, -0.010655292309820652, 0.00974593497812748, -0.00905403308570385, 0.025330206379294395, 0.015893978998064995, 0.0397217683494091, 0.010451016016304493, 0.005185971036553383, 0.028255963698029518, 0.027227994054555893, 0.012770535424351692, -0.025317026302218437, -0.00846097432076931, -0.017752230167388916, 0.006774050649255514, 0.016104845330119133, -0.009106749668717384, 0.0025139108765870333, 0.01740957424044609, 0.015221845358610153, -0.006800408940762281, 0.012869378551840782, -0.019939959049224854, 0.03218333050608635, -0.01713281311094761, -0.0006680149817839265, -0.015999412164092064, 0.021218329668045044, 0.016065306961536407, 0.008829988539218903, -0.015867620706558228, 0.006721334531903267, -0.02430223673582077, 0.0039207786321640015, 0.022114507853984833, -0.007498900406062603, -0.008909063413739204, -0.024130908772349358, 0.020124467089772224, -0.014035727828741074, -0.008408257737755775, 0.014523354358971119, 0.0008175152470357716, -0.0055352165363729, 0.04544149339199066, -0.012236782349646091, 0.015129592269659042, -0.003950431477278471, -0.03611069917678833, 0.01342948991805315, 0.01986088417470455, 0.0010123186511918902, 0.023261088877916336, 0.028414111584424973, 0.006036021746695042, -0.006381973158568144, -0.004836725071072578, 0.01564357616007328, -0.006332551594823599, 0.010128128342330456, 0.02923121489584446, 0.026239562779664993, -0.007788840681314468, 0.009100159630179405, 0.014879189431667328, 0.011735977604985237, 0.016381604596972466, 0.0014118097024038434, 0.024552639573812485, -0.013106602244079113, 0.017435932531952858, 0.0057361978106200695, -0.01792355813086033, 0.01939961686730385, -0.015037338249385357, -0.004899325780570507, 0.025857368484139442, -0.006484110839664936, 0.014272951520979404, 0.0025452112313359976, -0.013574459590017796, 0.003525405889376998, -0.007788840681314468, 0.004780713934451342, 0.014866010285913944, -0.023537850007414818, -0.017053738236427307, -0.016711082309484482, -0.01515595056116581, -0.01219724491238594, -0.02666129358112812, -0.01851661689579487, -0.03231512010097504, 0.0025369743816554546, -0.010147897526621819, 0.0029372889548540115, -0.002479315735399723, 0.012717818841338158, 0.019531406462192535, -0.04538877680897713, -0.0037758084945380688, -0.009376920759677887, -0.004731292370706797, 0.015024159103631973, -0.0006054143304936588, -0.01897788606584072, 0.011419679038226604, 0.020440764725208282, 0.007465953007340431, 0.011894126422703266, 0.015261382795870304, 0.01027968805283308, -0.040407080203294754, -0.0025962800718843937, 0.02923121489584446, 0.040697019547224045, 0.00988431554287672, 0.014892368577420712, 0.002902694046497345, -0.0017725871875882149, 0.04923706874251366, -0.0076504601165652275, -0.04675940051674843, 0.049632441252470016, -0.004062453750520945, -0.007762482389807701, -0.027201635763049126, 0.002861509332433343, -0.01027968805283308, -0.0031152067240327597, -0.012526722624897957, -0.025422459468245506, 0.008816809393465519, -0.006339141167700291, -0.0045171319507062435, -0.023340163752436638, 0.005897641647607088, 0.020295795053243637, -0.00398337934166193, 0.005920704919844866, -0.04741835594177246, -0.031023571267724037, 0.02055937610566616, 0.04341191425919533, 0.0067114499397575855, -0.016790157184004784, 0.018055349588394165, 0.0022157339844852686, -0.010424657724797726, -0.013772145844995975, -0.01978180930018425, 0.006741103250533342, -0.002527090022340417, -0.010747545398771763, 0.0190964974462986, 0.008190802298486233, 0.01476057805120945, 0.001266016042791307, 0.003090495942160487, -0.0030163635965436697, -0.02392004244029522, -0.003518816316500306, -0.013014348223805428, -0.014707861468195915, -0.016500217840075493, 0.017580902203917503, 0.05703908950090408, 0.02646360732614994, 0.011643723584711552, 0.025461995974183083, -0.01083320938050747, 0.02301068603992462, -0.039300039410591125, 0.023551028221845627, 0.024341773241758347, 0.041962213814258575, -0.00919241365045309, -0.029837453737854958, 0.04011714085936546, 0.009475763887166977, 0.017884021624922752, 0.007861325517296791, 0.025106161832809448, 0.0003294771886430681, 0.024961190298199654, -0.011294477619230747, -0.00732757244259119, 0.0009933736873790622, -0.011083612218499184, -0.021376479417085648, -0.009258308447897434, 0.024381311610341072, 0.00865866057574749, -0.0011902363039553165, -0.0017890611197799444, -0.0006622491055168211, -0.008072190918028355, 0.00925171934068203, -0.014207055792212486, 0.009080391377210617, -0.02714891918003559, -0.021903643384575844, -0.033896613866090775, -0.03247326985001564, 0.005818567238748074, 0.03384389728307724, -0.007834967225790024, -0.006055790465325117, -0.01156464871019125, -0.016197098419070244, 0.019557764753699303, -0.016842873767018318, 0.012322446331381798, -0.008197392337024212, -0.03194610774517059, -0.016262993216514587, 0.008724555373191833, 0.025541070848703384, 0.019729092717170715, 0.020045392215251923, 0.013185677118599415, 0.009996337816119194, -0.017080096527934074, -0.02183774672448635, -0.01897788606584072, -0.029204856604337692, 0.016197098419070244, -0.03344852477312088, -0.000124583559227176, 0.001953799743205309, 0.003475984325632453, -0.009607554413378239, 0.027913305908441544, 0.023551028221845627, -0.008045832626521587, 0.010655292309820652, -0.00899472739547491, 0.005815272219479084, 0.00816444493830204, -0.002716539427638054, 0.018569333478808403, -0.005314467009156942, -0.004372162278741598, -0.007689997553825378, 0.0025056740269064903, -0.011584417894482613, -0.033685747534036636, 0.002532032085582614, 0.006012958474457264, 6.363027932820842e-05, 0.010319225490093231, 0.004767534788697958, -0.019544586539268494, 0.004398520570248365, -0.011749155819416046, 0.03278956934809685, 0.004840019624680281, 0.007307803723961115, 0.01485283114016056, 0.01068165060132742, 0.01839800551533699, -0.005848220083862543, -0.005377067718654871, 0.013758966699242592, -0.016183918341994286, 0.03740224987268448, -0.007505489978939295, -0.03692780062556267, 0.003762629348784685, 0.008184213191270828, -0.012711229734122753, 0.009950211271643639, -0.025738757103681564, 0.004685165360569954, 0.017343679443001747, -0.00782178808003664, -0.01769951358437538, -0.019346900284290314, -0.0017857663333415985, -0.0016885705990716815, -0.0026127540040761232, -0.011439447291195393, 0.030680915340781212, 0.010246740654110909, -0.013679892756044865, -0.006938789505511522, -0.035082731395959854, -0.003344193333759904, -0.027992380782961845, -0.024447206407785416, -0.003769218921661377, 0.029204856604337692, 0.026779904961586, 0.021508270874619484, 0.019610481336712837, -0.01740957424044609, -0.00434909900650382, -0.011129738762974739, -0.03139258548617363, -0.01313296053558588, 0.00400973716750741, 0.03745496645569801, 0.020295795053243637, 0.014773757196962833, -0.0002876747748814523, 0.05316443741321564, -0.0018664882518351078, 0.012052275240421295, 0.006095327902585268, 0.012236782349646091, -0.026845799759030342, 0.0022338551934808493, -0.003095438005402684, -0.0036506070755422115, 0.013640355318784714, 0.025844190269708633, 0.025541070848703384, -0.0011358725605532527, 0.01968955621123314, -0.026055054739117622, -0.002098769648000598, -0.01938643679022789, -0.05118757486343384, -0.008434616029262543, 0.04262116923928261, -0.0016424437053501606, -0.003475984325632453, -0.041856780648231506, 0.006938789505511522, 0.012757356278598309, 0.005153023172169924, 0.010325814597308636, -0.01594669558107853, 0.016711082309484482, -0.001256131799891591, 0.011768925003707409, -0.025251131504774094, 0.0037000286392867565, -0.021521449089050293, -0.015142771415412426, -0.029468439519405365, -0.02439448982477188, 0.021112898364663124, -0.003591301152482629, 0.02116561494767666, -0.0015131239779293537, -0.0006787229795008898, -0.014523354358971119, 0.010938642546534538, -0.020783420652151108, -0.005284814164042473, -0.004609385970979929, -0.03070727363228798, -0.011887536384165287, -0.015973053872585297, -0.005459436681121588, -0.011584417894482613, 0.007044222205877304, 0.034476492553949356, -0.0014529944164678454, 0.011828230693936348, -0.025554250925779343, -0.010385120287537575, -0.002919167745858431, -0.021429196000099182, 0.02616048790514469, 0.014773757196962833, 0.015432710759341717, 0.025659682229161263, 0.024051833897829056, -0.03297407552599907, -0.008540048263967037, 0.007195781450718641, -0.004322740714997053, 0.019702736288309097, 0.023155655711889267, -0.011716208420693874, -0.04061794653534889, 0.0054396684281528, -0.020401226356625557, -0.008540048263967037, -0.014997800812125206, 0.014628786593675613, 0.02981109544634819, -0.011182455345988274, -0.005749376956373453, 0.014167518354952335, -0.007894272916018963, 0.013297699391841888, -0.013613997027277946, 0.007841557264328003, -0.018819736316800117, -0.012170886620879173, -0.020822957158088684, 0.018846094608306885, 0.002141601638868451, 0.037929411977529526, 0.008731145411729813, -0.004533606115728617, -0.03160345181822777, 0.00036839666427113116, 0.008428025990724564, 0.0161312036216259, 0.0181080661714077, 0.03060184046626091, -0.03265777975320816, 0.02007175050675869, 0.010714598000049591, 0.020585734397172928, 0.0011012774193659425, -0.010075411759316921, 0.01798945479094982, 0.032921358942985535, 0.002991652814671397, -0.011492163874208927, 0.00865866057574749, 0.012355394661426544, 0.0016342068556696177, 0.0030723747331649065, -0.015300920233130455, -0.03858836740255356, -0.014589249156415462, -0.010424657724797726, 0.02635817416012287, -0.02253623865544796, 0.013100013136863708, -0.016302531585097313, 0.002340935403481126, 0.0076504601165652275, -0.02224629931151867, -0.00020962985581718385, -0.00041843601502478123, -0.02635817416012287, -0.016895590350031853, 0.0033310141880065203, -0.004273319151252508, 0.022457163780927658, -0.02973202057182789, -0.00732757244259119, -0.01250036433339119, 0.011090202257037163, -0.021600523963570595, 0.008105138316750526, 0.011841409839689732, 0.005960242357105017, -0.005410015117377043, 0.016170740127563477, -0.019465511664748192, -0.020533017814159393, -0.0008368720300495625, -0.008942010812461376, -0.032605063170194626, 0.001970273442566395, 0.01652657613158226, 0.005696660373359919, -0.02449992299079895, -0.04272660240530968, 0.023366522043943405, -0.00811831746250391, 0.026055054739117622, -0.025013906881213188, -0.02529066801071167, 0.01760726049542427, -0.004164591431617737, -0.01791037991642952, -0.04204128682613373, 0.003927368205040693, 0.00712988618761301, -0.00022939848713576794, 0.018253035843372345, -0.017739051952958107, -0.02725435234606266, -0.004952041897922754, -0.0038812411949038506, -0.002146543934941292, -0.00030105977202765644, 0.00033874373184517026, -0.01441792119294405, -0.009864546358585358, -0.017831305041909218, 0.00895518995821476, -0.00884975679218769, 0.003393614897504449, 0.017752230167388916, 0.010628934018313885, 0.025725578889250755, 0.005146433599293232, -0.017884021624922752, -0.013653534464538097, -0.024473564699292183, -0.05374431610107422, -0.024170445278286934, -0.013436079025268555, -0.007848146371543407, 0.04913163557648659, 0.012671692296862602, -0.008988137356936932, -0.015221845358610153, -0.0011828230926766992, -0.053665243089199066, -0.027728799730539322, 0.008144675754010677, -0.010510321706533432, 0.04892077296972275, 0.03002195991575718, 0.005531921982765198, 0.03531995415687561, 0.003976789768785238, 0.025646504014730453, -0.02577829547226429, 0.004441352561116219, 0.005426489282399416, -0.0248821172863245, 0.004167886450886726, -0.00636879401281476, -0.02500072866678238, -0.006704860832542181, 0.012506953440606594, -0.028414111584424973, 0.022470343858003616, 0.02567286230623722, 0.0038779464084655046, -0.024921653792262077, -0.0023112823255360126, 0.0020065160933882, -0.015814904123544693, -0.027096202597022057, 0.033290375024080276, -0.007960168644785881, -0.010806851089000702, 0.011795283295214176, -0.014786935411393642, -0.0035122267436236143, -0.010721187107264996, 0.012586028315126896, -0.01555132307112217, 0.00914628617465496, -0.010945231653749943, -0.00379887199960649, 0.0029257573187351227, -0.02460535615682602, 0.027623366564512253, 0.01682969368994236, 0.015893978998064995, 0.042752958834171295, -0.0005115133244544268, 0.0004711523652076721, -0.004876262042671442, 0.024855758994817734, 0.01014130748808384, -0.011156097054481506, 0.0032651189249008894, -0.030944496393203735, 0.011426269076764584, -0.029547514393925667, 0.03574168309569359, -0.008928831666707993, -0.003154743928462267, -0.0024200098123401403, -0.024855758994817734, -0.012032506987452507, -0.0031646282877773046, 0.006517058704048395, -0.00929125677794218, -0.02054619789123535, 0.010464195162057877, -3.9279857446672395e-05, -0.008138086646795273, -0.016842873767018318, 0.012546490877866745, -0.0055055636912584305, -0.02793966419994831, -0.0025221477262675762, 0.003917483612895012, -0.015683114528656006, -0.00600307434797287, 0.03060184046626091, 0.012770535424351692, 0.014496996067464352, 0.21676962077617645, 0.006919020786881447, -0.0048202513717114925, 0.01593351736664772, 0.0035517639480531216, -0.01721188798546791, 0.009067212231457233, 0.0001383804192300886, -0.011208813637495041, 0.012889147736132145, -0.046601250767707825, 0.0018829620676115155, 0.009930442087352276, -0.006358909420669079, 0.01891198940575123, -0.026213204488158226, -0.052610915154218674, -0.015709472820162773, -0.004187655169516802, -0.01476057805120945, 0.03584711626172066, 0.017778588458895683, 0.002197612775489688, -0.0019686261657625437, 0.001641620066948235, -0.0062732454389333725, 0.02735978551208973, 0.011742566712200642, 0.016473859548568726, 0.024921653792262077, -0.014404742047190666, -0.015287741087377071, 0.009798651561141014, -0.008605943992733955, -0.03582075983285904, -0.013244982808828354, 0.016170740127563477, -0.020612092688679695, 0.010740956291556358, 0.015564502216875553, -0.008329182863235474, 0.0011235171696171165, 0.0387992337346077, 0.0018285983242094517, -0.0074198259972035885, -0.018081707879900932, -0.002289866330102086, -0.007716355379670858, 0.003013068810105324, 0.014101623557507992, -0.02165324054658413, 0.015722651034593582, 0.023880505934357643, 0.02854590304195881, -0.003370551625266671, -0.019215108826756477, 0.0018846094608306885, 0.007156244479119778, -0.0023112823255360126, 0.018424363806843758, 0.00599977932870388, 0.01495826430618763, 0.019056960940361023, 0.022457163780927658, -0.005469321273267269, -0.0041283490136265755, -0.00885634683072567, -0.0046390388160943985, 0.011360373347997665, 0.0029850632417947054, -0.01150534301996231, -0.012427879497408867, -0.01313296053558588, 0.007657049689441919, -0.009172644466161728, -0.01733049936592579, 0.026450427249073982, 0.026252740994095802, -0.0038417039904743433, 0.018819736316800117, -0.031814318150281906, -0.014483816921710968, -0.01839800551533699, 0.0059931897558271885, -0.009179234504699707, -0.012915505096316338, -0.000357482727849856, -0.023247910663485527, -0.004889441188424826, -0.026489965617656708, 0.003335956484079361, 0.0181080661714077, -0.0019010832766070962, -0.010431247763335705, -0.015169129706919193, -0.020691167563199997, 0.014576070010662079, 0.00925171934068203, 0.001859898678958416, -0.00666532339528203, -0.026410890743136406, 0.05435055494308472, 0.03160345181822777, 0.010114949196577072, -0.028809484094381332, 0.012513543479144573, 0.010661881417036057, 0.023854147642850876, 0.002902694046497345, -0.010661881417036057, 0.008928831666707993, -0.03518816456198692, -0.008157854899764061, -0.028756767511367798, 0.0025501532945781946, 0.020414406433701515, 0.02146873250603676, -0.004622564651072025, -0.012467416934669018, 0.011920484714210033, 0.007195781450718641, -0.04072337970137596, 0.0072287293151021, 0.009086980484426022, 0.01186117809265852, -0.02469760924577713, -0.01146580558270216, 0.020519839599728584, 0.0016523280646651983, -0.010859567672014236, 0.029073067009449005, -0.00536718312650919, 0.0005543453735299408, -0.02372235618531704, -0.005251866299659014, 0.02460535615682602, -0.002144896425306797, -0.02007175050675869, 0.026819443330168724, 0.0027231290005147457, -0.008704787120223045, -0.03326401486992836, 0.02714891918003559, 0.010121539235115051, 0.018569333478808403, -0.014826472848653793, -0.0034100888296961784, -0.0021663124207407236, -0.01858251355588436, -0.026055054739117622, -0.004840019624680281, 0.012421289458870888, 0.010088590905070305, -0.027992380782961845, -0.014602428302168846, -0.010530090890824795, 0.011623955331742764, -0.03078634850680828, 0.0010617402149364352, -0.017936738207936287, -0.011478984728455544, 0.005110191181302071, -0.0034133836161345243, -0.0020246373023837805, -0.018173960968852043, -0.012269729748368263, -0.16552934050559998, 0.02647678554058075, 0.03002195991575718, -0.030628198757767677, -0.01501097995787859, 0.03800848871469498, 0.019953137263655663, -0.01303411740809679, -0.030443690717220306, -0.0059931897558271885, 0.0014480522368103266, -0.013693071901798248, -0.052505481988191605, -0.022206762805581093, -0.004487479105591774, 0.03344852477312088, 0.016262993216514587, -0.006754282396286726, 0.028967633843421936, 0.01957094483077526, 0.024829400703310966, -0.028888558968901634, -0.00504100089892745, -0.033105868846178055, 0.004853198770433664, 0.015814904123544693, 0.009172644466161728, 0.0016325594624504447, -0.010892516002058983, 0.007808609399944544, -0.03289500251412392, -0.0005160436267033219, 0.03785033896565437, 0.00391089404001832, -0.001264368649572134, 0.0017659977311268449, 0.03297407552599907, -0.019122855737805367, -0.02154780738055706, -0.011525112204253674, 0.002571569290012121, -0.0029372889548540115, -0.012223603203892708, 0.02283935807645321, 0.012361983768641949, 0.000929949339479208, -0.0027313658501952887, -0.00021436609677039087, 0.008981548249721527, -0.022391268983483315, 0.013119781389832497, -0.03982720151543617, 0.004866377916187048, 0.002237149979919195, 0.01900424435734749, 0.02862497791647911, 0.009067212231457233, 0.013363594189286232, -0.007373699452728033, -0.038931023329496384, 0.0013772145612165332, -0.02873040921986103, -0.01739639602601528, -0.012269729748368263, -0.02804509736597538, -0.0030773167964071035, -0.011821641586720943, 0.003253587055951357, -0.036954160779714584, 0.011340604163706303, -0.003917483612895012, 0.013877579011023045, 0.002729718340560794, -0.015709472820162773, 0.0042107184417545795, 0.021824568510055542, -0.01515595056116581, -0.006853125523775816, 0.010404889471828938, 0.02717527747154236, 0.0015436005778610706, 0.02638453245162964, -0.0027824346907436848, 0.03669057786464691, -0.010951821692287922, 0.009752524085342884, 0.0004657983663491905, -0.01731732115149498, -0.008434616029262543, 0.008111728355288506, 0.015063696540892124, -0.04623223841190338, -0.0018203614745289087, -0.004253550432622433, 0.007643870543688536, -0.022061791270971298, 0.012164297513663769, 3.688599827000871e-05, 0.013903937302529812, 0.006507174111902714, 0.020308973267674446, 0.003525405889376998, -0.019425975158810616, 0.015524964779615402, 0.026503143832087517, -0.0019834525883197784, 0.02941572293639183, -0.01150534301996231, 0.033422164618968964, 0.011650312691926956, -0.030232826247811317, -0.0048696729354560375, 0.009133107028901577, 0.02704348787665367, 0.0257914736866951, 0.04164591431617737, 0.01495826430618763, 0.011683261021971703, 0.011208813637495041, -0.013943474739789963, 0.05084491893649101, -0.024065013974905014, 0.003423267975449562, -0.00016659189714118838, -0.008177624084055424, 0.013146139681339264, -0.09030310809612274, -0.02576511539518833, 0.0032684137113392353, 0.027992380782961845, -0.02460535615682602, -0.009455994702875614, 0.002329403767362237, 0.04238394275307655, -0.001957094529643655, 0.01889881119132042, -0.05661735683679581, -0.035267237573862076, -0.012526722624897957, 0.010708007961511612, -0.007367109879851341, -0.0020674692932516336, -0.0174227524548769, 0.019544586539268494, -0.0059734215028584, 0.022219941020011902, -0.021033823490142822, -0.007406646851450205, -0.001993336947634816, -0.025461995974183083, -0.008777271956205368, 0.018529796972870827, -0.017053738236427307, 0.0074198259972035885, 0.02783423289656639, -0.0068333568051457405, -0.019650019705295563, -0.021587345749139786, 0.014154339209198952, -0.01692194864153862, -0.019425975158810616, -0.024565817788243294, 0.009469173848628998, 0.004322740714997053, 0.01851661689579487, -0.038825590163469315, -0.003719797357916832, 0.011815051548182964, 0.019992675632238388, -0.006520353257656097, 0.002003221306949854, -0.007110117468982935, -0.03785033896565437, 0.0289149172604084, 0.01348879560828209, -0.026911696419119835, -0.0017841189401224256, -0.011841409839689732, -0.006826767232269049, -0.023471955209970474, 0.03874651715159416, 0.02028261497616768, -0.009199002757668495, 0.013205445371568203, 0.02658221870660782, 0.023063402622938156, -0.005301287863403559, -0.02026943676173687, -0.010800261981785297, 0.0025962800718843937, 0.021679598838090897, 0.012256551533937454, -0.019557764753699303, -0.008091959170997143, -0.003298066556453705, 0.016487037762999535, -0.027807874605059624, -0.0003799283877015114, -0.02754429168999195, -0.013930295594036579, -0.01585444249212742, 0.009917262941598892, -0.013758966699242592, -0.011452626436948776, 0.004840019624680281, -0.017040560021996498, 0.005284814164042473, -0.009080391377210617, -0.006800408940762281, -0.007241908460855484, 0.024434028193354607, -0.0014002780662849545, 0.0048696729354560375, 0.011538290418684483, 0.006230413448065519, -0.04227851331233978, 0.01150534301996231, -0.0018203614745289087, 0.003294771770015359, -0.014391562901437283, 0.004533606115728617, 0.019109675660729408, -0.012605796568095684, 0.0008035124628804624, 0.0037329765036702156, -0.0001016745954984799, -0.013706251047551632, -0.02783423289656639, -0.03721774369478226, 0.025896906852722168, 0.017198707908391953, 0.0040789274498820305, -0.00792063120752573, 0.0033013613428920507, -0.014641965739428997, -0.029600229114294052, 0.012427879497408867, 0.011992969550192356, -0.007643870543688536, 0.013653534464538097, -0.012269729748368263, -0.004283203277736902, 0.004273319151252508, -0.002756076632067561, 0.02113925665616989, 0.0211524348706007, 0.004905915353447199, 0.021995896473526955, 0.0011622307356446981, -0.0119468430057168, 0.0014851184096187353, 0.025554250925779343, -0.02556742914021015, -0.00420742342248559, -0.0009604259976185858, 0.00026728835655376315, -0.010233561508357525, -0.02106018178164959, 0.013996190391480923, -0.023840969428420067, 0.0069651477970182896, 0.023972759023308754, 0.026793085038661957, -0.025606965646147728, 0.017172351479530334, 0.0241177286952734, 0.03416019305586815, 0.023656461387872696, -0.009502122178673744, -0.013758966699242592, 0.004889441188424826, -0.01107702311128378, -0.01644750125706196, -0.006332551594823599, -0.0023656461853533983, -0.008039243519306183, 0.009640502743422985, -0.009673450142145157, 0.05661735683679581, 0.017936738207936287, -0.00418106559664011, -0.017383215948939323, -0.018371647223830223, -0.04074973613023758, 0.008059011772274971, 0.016289351508021355, 0.008909063413739204, 0.006240297574549913, 0.04847268387675285, -0.027280710637569427, -0.02145555429160595, -0.019926778972148895, -0.005202444735914469, -0.026002338156104088, -0.013218624517321587, 0.013370184227824211, 0.008171034045517445, -0.020019033923745155, -0.018147602677345276, 0.02303704433143139, 0.0020279320888221264, 0.017752230167388916, -0.0016086723189800978, -0.005980010610073805, -0.016407962888479233, -0.011202224530279636, 0.00533753028139472, 0.025936443358659744, 0.023946400731801987, -0.01721188798546791, -0.015485427342355251, 0.02714891918003559, 0.020717525854706764, 0.0013714487431570888, 0.003821935271844268, 0.023498311638832092, 0.00964709185063839, 0.0020147529430687428, -0.0241968035697937, 0.022061791270971298, -0.017752230167388916, 0.0032156973611563444, 0.021916821599006653, -0.01603894867002964, -0.0238146111369133, -0.00019058195175603032, 0.006971737369894981, 0.008566406555473804, 0.021323762834072113, 0.007940400391817093, 0.003108617151156068, -0.03323765844106674, -0.007255087606608868, 0.00779543025419116, -0.031208079308271408, -0.018068527802824974, -0.010266508907079697, 0.01939961686730385, -0.020704345777630806, 0.005940473638474941, -0.01978180930018425, -0.006447868421673775, 0.0032733557745814323, 0.009278077632188797, 0.026529502123594284, -0.008816809393465519, -0.007670228835195303, 0.0075516169890761375, 0.021587345749139786, 0.009330794215202332, 0.01303411740809679, -0.017765410244464874, 0.0289149172604084, 0.016961485147476196, -0.020519839599728584, -0.0342392697930336, 0.026397712528705597, -0.012480595149099827, 0.002090532798320055, 0.0032222869340330362, -0.004148117732256651, -0.0042271921411156654, -0.00299988966435194, -0.017277782782912254, -0.015472248196601868, 0.007604333106428385, -0.003973494749516249, 0.06868940591812134, 0.015221845358610153, -0.0006284777191467583, 0.019017422571778297, 0.002713244641199708, 0.02025625668466091, 0.011347194202244282, 0.0030657851602882147, 0.0036571966484189034, -0.023089760914444923, 0.017963096499443054, 0.014444279484450817, -0.007215550169348717, -0.009416458196938038, -0.016869232058525085, 0.01623663492500782, 0.010431247763335705, 0.013205445371568203, -0.016684724017977715, -0.0034957528114318848, -0.0008994726813398302, -0.0014859420480206609, 0.02558060921728611, 0.0009933736873790622, -0.0037560397759079933, 0.003013068810105324, 0.028862200677394867, 0.024183625355362892, -0.01279689371585846, -0.023933222517371178, 0.01097158994525671, 0.007755892816931009, -0.010945231653749943, -0.005192560143768787, -0.01792355813086033, -0.001119398744776845, -0.0030344848055392504, -0.009271487593650818, -0.004312856122851372, 0.015103233978152275, -0.0027033602818846703, -0.0015584271168336272, -0.026648113504052162, 0.0033491356298327446, -0.019412795081734657, -0.0018005927558988333, 0.00464562838897109, -0.024144086986780167, -0.04209400340914726]","[-0.0025763886515051126, 0.02527802437543869, 0.02752554789185524, -0.031015818938612938, -0.020465681329369545, 0.0077407341450452805, -0.00020770997798535973, -0.024881403893232346, -0.013095127418637276, -0.02853032387793064, 0.024048497900366783, -0.005387444980442524, 0.021708428859710693, -0.0010403057094663382, -0.012830712832510471, 0.003239077515900135, 0.0070069837383925915, 0.008210069499909878, 0.0027664366643875837, -0.016684554517269135, 0.0017781874630600214, -0.008560419082641602, 0.005556009244173765, -0.0013022413477301598, -0.01080133207142353, -0.005638638976961374, 0.01209696289151907, -0.006144331768155098, 0.01300258282572031, -0.007674630731344223, 0.017305929213762283, 0.0060319555923342705, -0.0034869660157710314, -0.03643631562590599, 0.002229344565421343, 0.0022276921663433313, 0.005337867420166731, -0.014397368766367435, 0.0150716258212924, -0.007370553910732269, 0.013161230832338333, -0.0038505359552800655, -0.010279113426804543, -0.006739264354109764, -0.019037842750549316, 0.03635699301958084, -0.0036918872501701117, -0.03265519067645073, -0.006735959090292454, 0.006299674976617098, 0.01682998239994049, 0.024616988375782967, -0.04000591114163399, 0.015269936993718147, -0.016856424510478973, -0.00042079086415469646, -0.0007246609311550856, 0.023731200024485588, 0.000245203118538484, 0.0040686777792871, 0.015375702641904354, 0.028371674939990044, -0.0081373555585742, 0.0032638662960380316, -0.016116062179207802, -0.02338746190071106, -0.02016160450875759, -0.004805733449757099, 0.0026557131204754114, -0.010669124312698841, 0.023083385080099106, 0.02205216884613037, 0.009994867257773876, -0.0012427481124177575, -0.00692765973508358, 0.004908193834125996, -0.014093291945755482, -0.014093291945755482, -0.024405457079410553, -0.008401770144701004, -0.005440328270196915, -0.015402143821120262, -0.02013516239821911, 0.01030555460602045, -0.001419575302861631, 0.0033266646787524223, 0.026124151423573494, 0.015574013814330101, 0.006640108767896891, -0.024127822369337082, 0.0025020220782607794, 0.0004300866858102381, 0.0026391870342195034, -0.008064641617238522, 0.013154621236026287, 0.027208250015974045, -0.024154262617230415, 0.02148367650806904, -0.0037282442208379507, -0.003939775750041008, -0.0058072032406926155, 0.01425194088369608, -0.029535098001360893, -0.013670229353010654, -0.017940523102879524, -0.009300779551267624, 0.026890954002738, -0.015415364876389503, 0.032443657517433167, -0.032522983849048615, 0.0028209721203893423, 0.04532064497470856, -0.0018955214181914926, -0.014820432290434837, -0.011131850071251392, 0.001648459117859602, 3.17349040415138e-05, -0.028583206236362457, -0.005539483390748501, 0.013425645418465137, 0.012791050598025322, 0.028450999408960342, 0.02850388176739216, -0.020531784743070602, 0.0054998211562633514, -0.009247897192835808, 0.0024656651075929403, 7.147454016376287e-05, 0.0029614423401653767, -0.012625792063772678, 0.03633055090904236, 0.012176287360489368, 0.025846516713500023, 0.03556374832987785, -0.00913552101701498, 0.009069416671991348, -0.00672604376450181, 0.024445120245218277, 0.004280209541320801, -0.024405457079410553, 0.014793990179896355, -0.003101912559941411, 0.010206399485468864, -0.00858686026185751, -0.022713204845786095, 0.05277713015675545, 0.0111582912504673, 0.013604125007987022, 0.012275442481040955, -0.009267727844417095, 0.004779291804879904, 0.014860094524919987, -0.014318044297397137, -0.015177391469478607, -0.011310329660773277, -0.0018244599923491478, -0.01043776236474514, 0.0033365802373737097, 0.00783327966928482, -0.010774889960885048, -0.002202903153374791, 0.006375694181770086, 0.01327360700815916, 0.002746605547145009, -0.008110914379358292, 0.03228500857949257, -0.0003104804491158575, -0.027419783174991608, -0.010933538898825645, -0.016235049813985825, -0.011779665015637875, 0.03643631562590599, -0.032972488552331924, 0.024273250252008438, -0.0065442584455013275, -0.0011502030538395047, 0.006921049207448959, 0.016592008993029594, -0.034215234220027924, -0.03202059492468834, 0.0048222593031823635, -0.0018525540363043547, 0.006339337211102247, 0.02537056989967823, -0.02617703378200531, -0.0062765390612185, 0.004511572420597076, 0.00038340099854394794, -0.003966217394918203, 0.0019070894923061132, 0.004554539453238249, 0.010417930781841278, -0.0078266691416502, -0.019672438502311707, -0.6295180320739746, 0.0047627659514546394, 0.011792886070907116, -0.024035276845097542, -0.018416469916701317, 0.009796557016670704, -0.02392951212823391, -0.00155839289072901, -0.012857154943048954, 0.01552113052457571, -0.01827104203402996, 0.007482930086553097, 0.017305929213762283, -0.004266988951712847, -0.013161230832338333, -0.009188403375446796, 0.03741465136408806, -0.029825953766703606, -0.0042868200689554214, 0.003827399807050824, -0.010080802254378796, 0.018746986985206604, -0.010821162723004818, 0.014582458883523941, -0.010060971602797508, -0.013908201828598976, 0.015613675117492676, -0.0016608535079285502, 0.008871106430888176, 0.02850388176739216, -0.02842455729842186, 0.021087056025862694, 0.022329803556203842, -0.02662653848528862, 0.050238754600286484, -0.0001524514809716493, -0.010503865778446198, 0.022012505680322647, 0.0020839166827499866, 0.03759973868727684, -0.0012146540684625506, 0.007509371265769005, 0.01380243618041277, 0.01672421582043171, 0.0007907645776867867, -0.00029519398231059313, 0.04135442525148392, -0.03775838762521744, 0.01471466664224863, 0.002999451942741871, -0.0062930649146437645, -0.006940880324691534, -0.017041513696312904, 0.024326132610440254, 0.013214114122092724, -0.014013967476785183, 0.017847977578639984, -0.008414991199970245, 0.0003741051768884063, 0.016763878986239433, 0.019500568509101868, -0.004306651186197996, -0.03339555114507675, -0.004706577863544226, -0.020822640508413315, 0.01389498170465231, -0.013551242649555206, -0.01726626604795456, -0.00688138697296381, -0.020981289446353912, 0.00899670273065567, -0.000974202121142298, -0.01915683038532734, 0.0005899748066440225, -0.01214984618127346, 0.025066493079066277, 0.021523339673876762, -0.01608962193131447, -0.011449147015810013, 0.007853110320866108, 0.007555644027888775, -0.015217053703963757, -0.025397012010216713, -0.018244599923491478, 0.02240912802517414, -0.010920318774878979, -0.02022770792245865, -0.03209991753101349, 0.022065389901399612, 0.011125239543616772, 0.02301728166639805, 0.013247165828943253, 0.0057708462700247765, -0.020095501095056534, 0.00940654519945383, 0.038181453943252563, 0.009651129133999348, 0.0010336954146623611, 0.015534351579844952, -0.01664489135146141, -0.018469352275133133, -0.0018161970656365156, 0.001723651890642941, -0.0073044500313699245, 0.023149488493800163, 0.01210357341915369, -0.01173339318484068, 0.015230274759232998, 0.027102485299110413, -0.04019100219011307, -0.011984586715698242, 0.0007601916440762579, -0.001550129964016378, 0.01817849650979042, -0.020399577915668488, -0.02816014364361763, 0.03894825279712677, 0.005979072768241167, -0.004207495599985123, 0.004243852570652962, 0.008441432379186153, 0.020465681329369545, 0.016406919807195663, -0.02554243989288807, -0.022647101432085037, 0.007099528796970844, -0.005103199742734432, -0.003972827922552824, 0.0031911523547023535, 0.01254646759480238, -0.012672064825892448, -0.019222933799028397, 0.00391663983464241, -0.0023417207412421703, 0.032681629061698914, 0.010490644723176956, 0.006141026504337788, -0.007337502203881741, 0.009717232547700405, -0.01299597229808569, 0.018244599923491478, 0.014727886766195297, 0.005939410533756018, -0.002549947239458561, 0.006954100914299488, 0.008857885375618935, -0.015494689345359802, 0.00256482046097517, -0.009842829778790474, -0.017319148406386375, -0.02905915305018425, -0.022990839555859566, -0.004504961892962456, -0.002673891605809331, -0.003447303781285882, 0.00033093124511651695, -0.010232840664684772, -0.011105408892035484, -0.024603767320513725, -0.013921422883868217, -0.03112158551812172, 0.030804287642240524, -0.013035634532570839, -0.02490784414112568, -0.02285863272845745, -0.015336040407419205, -0.01763644628226757, -0.015137729234993458, -0.0006275712512433529, -0.021893519908189774, -0.03284027799963951, -0.017147280275821686, -0.012553078122437, 0.01250680536031723, 0.02707604318857193, 0.008553808555006981, -0.022091830149292946, -0.02519869990646839, 0.011303719133138657, -0.027763521298766136, 0.004984213039278984, -0.002721816534176469, 0.008976872079074383, -0.0072780088521540165, 0.041063569486141205, 0.02132502943277359, 0.03976793959736824, 0.00863313302397728, -0.007449878379702568, 0.03524645045399666, 0.020188046619296074, 0.007542423438280821, -0.020928407087922096, -0.017662888392806053, -0.010484034195542336, 0.008600081317126751, 0.008395159617066383, -0.007912603206932545, 0.01602351851761341, 0.013432255946099758, 0.021351469680666924, -0.010874046012759209, 0.013200893066823483, -0.014040409587323666, 0.035325776785612106, -0.019289037212729454, 0.004875142127275467, -0.012896816246211529, 0.012579519301652908, 0.008963651023805141, 0.01381565723568201, -0.019302258267998695, 0.004475215449929237, -0.0223959069699049, 0.008844664320349693, 0.010655904188752174, -0.0030903443694114685, -0.009862660430371761, -0.022699983790516853, 0.02834523282945156, -0.00366544583812356, -0.0043000406585633755, 0.019408022984862328, -0.0017666192725300789, -0.010021309368312359, 0.03823433443903923, -0.009783335961401463, 0.012440701946616173, 0.0027350373566150665, -0.028715413063764572, 0.010153516195714474, 0.017517460510134697, -0.009955205954611301, 0.020095501095056534, 0.03220568597316742, 0.014132954180240631, -0.013590904884040356, -0.014357706531882286, 0.0012691895244643092, -0.007641578558832407, 0.011832548305392265, 0.01753067970275879, 0.019817866384983063, -0.01546824723482132, 0.005942715797573328, 0.01593097299337387, 0.010226230137050152, 0.014106513001024723, 0.0060451761819422245, 0.02563498541712761, -0.016327595338225365, 0.014199057593941689, -0.0038141789846122265, -0.021100277081131935, 0.023242034018039703, -0.019302258267998695, -0.0023384157102555037, 0.03077784739434719, -0.003956301603466272, 0.01133016124367714, 0.0032489930745214224, -0.017120838165283203, 0.012645622715353966, -0.006352558266371489, 0.0020541700068861246, 0.01475432887673378, -0.02014838345348835, -0.01762322522699833, -0.02292473614215851, -0.014767549000680447, -0.007324281148612499, -0.02582007460296154, -0.009829608723521233, -0.03247009962797165, 0.009234676137566566, -0.010655904188752174, 0.0006511206738650799, -0.001958319917321205, 0.02140435203909874, 0.012559688650071621, -0.047012895345687866, -0.0045875911600887775, -0.01835036464035511, 0.0002666868094820529, 0.022647101432085037, -0.010120464488863945, -0.012222560122609138, 0.0018079340225085616, 0.025106156244874, 0.00854719802737236, 0.014238719828426838, 0.003629088867455721, 0.006574005354195833, -0.039715055376291275, -0.01610284298658371, 0.025687867775559425, 0.042412083595991135, 0.010252672247588634, 0.014331265352666378, 0.007747344672679901, 0.011548303067684174, 0.036304108798503876, -0.006223656237125397, -0.051957447081804276, 0.04775325581431389, -0.0029531794134527445, -0.010940149426460266, -0.030434107407927513, 0.009049586020410061, -0.025066493079066277, -0.008910768665373325, -0.009565194137394428, -0.026851290836930275, 0.004260378424078226, -0.005965851712971926, -0.00899009220302105, -0.02221081778407097, 0.006286454387009144, 0.03294604644179344, -0.0011981280986219645, 0.000657317868899554, -0.0536232590675354, -0.02295117825269699, 0.026864511892199516, 0.030196134001016617, -0.0014476693468168378, -0.021919962018728256, 0.013458697125315666, 0.005460159387439489, -0.009307390078902245, -0.007026814855635166, -0.016116062179207802, 0.007152412086725235, 0.005010654684156179, 0.0011345033999532461, 0.021430794149637222, 0.003959606867283583, 0.01718694157898426, -0.0026656286790966988, -0.0023384157102555037, -0.003847230924293399, -0.03625122457742691, -0.012863764539361, -0.018218157812952995, -0.005919579416513443, -0.008520756848156452, 0.027314016595482826, 0.06160857528448105, 0.02285863272845745, 0.021298587322235107, 0.028847619891166687, -0.0103452168405056, 0.01861478015780449, -0.0404554158449173, 0.014503134414553642, 0.02771063894033432, 0.029614422470331192, -0.003962912131100893, -0.017253044992685318, 0.03966217488050461, 0.011587965302169323, 0.01961955428123474, 0.0021169683896005154, 0.02329491637647152, -0.003168016206473112, 0.015415364876389503, -0.007073087617754936, -0.016129283234477043, -0.005850170738995075, -0.021364690735936165, -0.026018384844064713, -0.001731914933770895, 0.025251584127545357, 0.006626888178288937, -0.004881752654910088, -0.0016906001837924123, 0.0033878106623888016, -0.002490453887730837, 0.019275816157460213, -0.021100277081131935, 0.012513415887951851, -0.029376449063420296, -0.012830712832510471, -0.035325776785612106, -0.032866720110177994, 0.010457593016326427, 0.027816403657197952, -0.008487705141305923, -0.006312896031886339, -0.00521888118237257, -0.016935747116804123, 0.021457236260175705, -0.03085717000067234, 0.0031399221625179052, -0.01718694157898426, -0.031359557062387466, -0.012328325770795345, 0.01564011722803116, 0.03537865728139877, 0.02474919706583023, 0.01791408099234104, 0.013630567118525505, 0.0009642865625210106, -0.007284619379788637, -0.02653399482369423, -0.02698349766433239, -0.029640864580869675, 0.017253044992685318, -0.021020952612161636, -0.008024979382753372, 0.005265153478831053, 0.004485130775719881, -0.01242087036371231, 0.03067208081483841, 0.022078609094023705, -0.017927302047610283, 0.019923631101846695, -0.01870732568204403, 0.002098789904266596, 0.006686381530016661, -0.000787872530054301, 0.022964397445321083, -0.0048123435117304325, -0.014992301352322102, -0.00607161782681942, 0.004984213039278984, -0.0029614423401653767, -0.03474406525492668, -0.008494315668940544, 0.0016782056773081422, 0.004914804361760616, 0.010173347778618336, -0.004759460687637329, -0.017517460510134697, 0.009300779551267624, -0.012645622715353966, 0.03635699301958084, 0.003500186838209629, -0.003333275206387043, 0.022528113797307014, 0.014767549000680447, 0.03231145069003105, -0.007211904972791672, -0.006613667588680983, 0.010979811660945415, -0.02177453227341175, 0.043311093002557755, 0.0017666192725300789, -0.03984726220369339, 0.004445468541234732, 0.00953875295817852, -0.013987526297569275, 0.016843203455209732, -0.025582101196050644, 0.0117400037124753, 0.020624330267310143, -0.015256715938448906, -0.02059788815677166, -0.011587965302169323, 0.009644518606364727, -0.006907828617841005, 0.0006998720928095281, -0.014053629711270332, 0.029720189049839973, 0.007555644027888775, -0.009770114906132221, -0.007773785851895809, -0.030883612111210823, -0.002526810858398676, -0.027287574484944344, -0.026229918003082275, -0.018680883571505547, 0.02682485058903694, 0.031623974442481995, 0.02789572812616825, 0.021351469680666924, -0.025079714134335518, -0.011640847660601139, -0.00912891048938036, -0.02985239587724209, -0.010695566423237324, 0.006197214592248201, 0.03572239726781845, 0.02653399482369423, 0.020399577915668488, -0.005225491244345903, 0.052142538130283356, 0.0068285041488707066, 0.010715397074818611, -0.0011419401271268725, 0.006954100914299488, -0.018469352275133133, -0.004174443893134594, -0.002029381226748228, 0.003731549484655261, 0.01647302322089672, 0.021800974383950233, 0.015692999586462975, -0.00041831197449937463, 0.020981289446353912, -0.013577683828771114, -0.002454096917062998, -0.025397012010216713, -0.054204970598220825, -0.01762322522699833, 0.04378703981637955, 0.0028292350471019745, -0.0008192717796191573, -0.04180392995476723, 0.00985604990273714, 0.01254646759480238, 0.00872567854821682, 0.01304224506020546, -0.014357706531882286, 0.021734870970249176, -0.005208965390920639, 0.013577683828771114, -0.02079620026051998, 0.009274338372051716, -0.013379373587667942, -0.01335293147712946, -0.036039695143699646, -0.022105051204562187, 0.009829608723521233, -0.008018369786441326, 0.02905915305018425, 0.0038802826311439276, 0.001543519552797079, -0.006848335266113281, 0.012090352363884449, -0.01872054487466812, -0.016988631337881088, 0.0015269936993718147, -0.022871853783726692, -0.021206041797995567, -0.017874419689178467, -0.009479259140789509, -0.001155987149104476, 0.0037679064553231, 0.031809061765670776, -0.0024243502411991358, 0.013908201828598976, -0.024537663906812668, -0.017755432054400444, 0.0010394795099273324, -0.016525905579328537, 0.017966965213418007, 0.009624687023460865, 0.02726113423705101, 0.01827104203402996, 0.023268474265933037, -0.03149176388978958, -0.004452079068869352, 0.002310321666300297, -0.014410589821636677, 0.022065389901399612, 0.022990839555859566, -0.011475589126348495, -0.039529964327812195, 0.010450982488691807, -0.010213010013103485, -0.014833652414381504, -0.019037842750549316, 0.00900331325829029, 0.024048497900366783, -0.008262952789664268, -0.011984586715698242, 0.011012863367795944, -0.007244957145303488, 0.0095321424305439, -0.0077539547346532345, 0.003906724043190479, -0.016618451103568077, -0.008950430899858475, -0.01417261641472578, 0.018218157812952995, 0.002303711138665676, 0.03717667609453201, 0.0025482946075499058, -0.001434448640793562, -0.02411460131406784, 0.0028507187962532043, 0.0006973932031542063, 0.01129049900919199, 0.021814195439219475, 0.03133311867713928, -0.032073479145765305, 0.01977820321917534, 0.008646354079246521, 0.021748092025518417, 0.0012948047369718552, -0.010636072605848312, 0.023334579542279243, 0.025489557534456253, 0.010060971602797508, -0.015904530882835388, 0.006349253002554178, 0.008877716027200222, -0.0010915360180661082, 0.003500186838209629, -0.016327595338225365, -0.037837713956832886, -0.018680883571505547, -0.0003249406290706247, 0.020478902384638786, -0.018469352275133133, 0.016327595338225365, -0.011098798364400864, 0.0003937296860385686, 0.00024127821961883456, -0.02771063894033432, 0.008461263962090015, 0.0007246609311550856, -0.015851648524403572, -0.018416469916701317, 0.01290342677384615, -0.006372389383614063, 0.023546110838651657, -0.025330908596515656, -0.0021169683896005154, -0.009366882964968681, 0.01700185239315033, -0.019130388274788857, 0.01889241486787796, 0.014278382062911987, 0.0018261125078424811, -0.017662888392806053, 0.022422349080443382, -0.017847977578639984, -0.023532889783382416, 0.0010270850034430623, -0.021206041797995567, -0.03400370478630066, -0.0009700706577859819, 0.032337892800569534, -0.00036873426870442927, -0.019474126398563385, -0.03418879210948944, 0.027922170236706734, -0.0038736723363399506, 0.028213026002049446, -0.023797303438186646, -0.015547571703791618, 0.016525905579328537, -0.0072317360900342464, -0.021708428859710693, -0.04265005886554718, 0.010325386188924313, 0.00908924825489521, -0.007106139324605465, 0.025727529078722, -0.008573640137910843, -0.019130388274788857, -0.015177391469478607, -0.010265892371535301, 0.004138086922466755, 0.006104669533669949, 0.0058204238303005695, -0.003410946810618043, -0.009611466899514198, -0.00782005861401558, 0.0032836974132806063, 0.0019500568741932511, -0.00041108191362582147, 0.015415364876389503, 0.004643779247999191, 0.028450999408960342, 0.00985604990273714, -0.018839532509446144, -0.006332727149128914, -0.014503134414553642, -0.047435957938432693, -0.034691181033849716, -0.01582520641386509, -0.0016815109411254525, 0.044765371829271317, 0.010649293661117554, -0.013141400180757046, -0.004243852570652962, -0.001355124288238585, -0.044130779802799225, -0.02355933003127575, -0.002229344565421343, 0.0027680890634655952, 0.045928794890642166, 0.030539873987436295, 0.0012229169951751828, 0.024630209431052208, -0.000974202121142298, 0.01737203262746334, -0.030275458469986916, 0.0055824508890509605, 0.007456488441675901, -0.03384505584836006, 0.00623026629909873, -0.002591261873021722, -0.030962936580181122, -0.008652964606881142, 0.013577683828771114, -0.026877732947468758, 0.028133701533079147, 0.02032025344669819, 0.0038439256604760885, -0.014185837469995022, -0.013789215125143528, 0.006643414031714201, -0.01924937404692173, -0.03077784739434719, 0.04399856925010681, -0.008567029610276222, -0.01466178335249424, 0.015944194048643112, -0.005433717742562294, -0.0010601368267089128, -0.013987526297569275, 0.008163797669112682, -0.015851648524403572, 3.6641031329054385e-05, -0.008243122138082981, -0.0018608169630169868, -5.5619999329792336e-05, -0.019645996391773224, 0.024669872596859932, 0.014476693235337734, 0.021285366266965866, 0.03942419961094856, -0.005361003801226616, 0.00017021682288032025, -9.450752258999273e-05, 0.032681629061698914, 0.0077407341450452805, -0.004356228746473789, 0.013709891587495804, -0.023876627907156944, 0.012222560122609138, -0.02168198861181736, 0.028583206236362457, -0.0156533382833004, -0.0036984975449740887, 0.002356594195589423, -0.026838069781661034, -0.005526262801140547, -0.005936105269938707, 0.010193178430199623, -0.014410589821636677, -0.02096806839108467, 0.008851274847984314, -0.0022937955800443888, -0.009181792847812176, -0.01926259510219097, 0.011316940188407898, -0.01709439605474472, -0.02816014364361763, -0.0078266691416502, 0.006203825119882822, -0.017570342868566513, -0.0157326627522707, 0.015336040407419205, 0.025872956961393356, 0.016221828758716583, 0.21576222777366638, 0.017768653109669685, -0.0055593145079910755, 0.01552113052457571, 0.010959981009364128, -0.013577683828771114, 0.005965851712971926, 0.00786633137613535, -0.008752119727432728, 0.015600454993546009, -0.05452226847410202, 0.002209513681009412, 0.014503134414553642, -0.006689686793833971, 0.00994198489934206, -0.025952281430363655, -0.05039739981293678, -0.02330813743174076, -0.006874776910990477, -0.021827416494488716, 0.030566314235329628, 0.017028292641043663, 0.002738342620432377, -0.001969887875020504, -0.0031547953840345144, 0.0024954117834568024, 0.029561540111899376, 0.010470814071595669, 0.024498002603650093, 0.01681676134467125, -0.014053629711270332, -0.0051726084202528, -0.005000738892704248, -0.004181053955107927, -0.022422349080443382, -0.02529124543070793, 0.02484174072742462, -0.02645467035472393, 0.02285863272845745, 0.009737063199281693, -0.011363212950527668, 0.009551973082125187, 0.03617190197110176, 9.409437188878655e-05, -0.013789215125143528, -0.014688224531710148, -0.01381565723568201, -0.004878447391092777, 0.014542796649038792, 0.01330665871500969, -0.025159038603305817, 0.021827416494488716, 0.023255255073308945, 0.02437901496887207, -0.0023797303438186646, -0.016142504289746284, 0.004243852570652962, 0.010920318774878979, -0.002796183107420802, 0.01969887875020504, -0.0030027569737285376, 0.005645249504595995, 0.02563498541712761, 0.02058466710150242, 0.003708413103595376, -0.00468013621866703, -0.0021979454904794693, -0.008884326554834843, 0.013775995001196861, 0.005585756152868271, -0.00431987177580595, -0.014767549000680447, -0.0017550511984154582, 0.015150950290262699, -0.010331995785236359, -0.00859347078949213, 0.023056942969560623, 0.026137372478842735, -0.003943081013858318, 0.011786275543272495, -0.021364690735936165, -0.011819327250123024, -0.012222560122609138, 0.010768280364573002, 0.0008882674155756831, -0.004908193834125996, 0.0037051080726087093, -0.026771966367959976, -0.003325012279674411, -0.029006268829107285, -0.004250463098287582, 0.007601916324347258, -0.0011369823478162289, -0.02104739286005497, -0.004676831420511007, -0.01128388848155737, 0.005483295302838087, 0.008441432379186153, 0.007939045317471027, -0.014860094524919987, -0.02977307140827179, 0.05261848494410515, 0.027869287878274918, 0.009545363485813141, -0.02726113423705101, -0.0070069837383925915, 0.012282053008675575, 0.01664489135146141, -0.004590896423906088, -6.733015197823988e-06, 0.012315104715526104, -0.030962936580181122, -0.012229169718921185, -0.031253792345523834, 0.003543154103681445, 0.029984602704644203, 0.007106139324605465, -0.010001477785408497, -0.015415364876389503, 0.007357333321124315, 0.011191342957317829, -0.03950352594256401, -0.009241286665201187, -0.0017352200811728835, 0.013372763060033321, -0.018323924392461777, 0.000637899967841804, 0.016975410282611847, 0.011303719133138657, -0.0207697581499815, 0.035933930426836014, -0.003731549484655261, 0.007410216145217419, -0.0301432516425848, -0.01002791989594698, 0.015045184642076492, -0.007701071910560131, -0.020492123439908028, 0.030830729752779007, -0.005886527709662914, -0.005430412478744984, -0.018654441460967064, 0.0241013802587986, 0.0010865782387554646, 0.009426376782357693, -0.010133685544133186, -0.003794347867369652, -0.014463472180068493, -0.026943836361169815, -0.024141043424606323, 0.0015385617734864354, 0.009366882964968681, 0.010450982488691807, -0.031148027628660202, -0.003354758722707629, -0.0004961903323419392, 0.011389654129743576, -0.03122735023498535, 0.001933530904352665, -0.009730453602969646, -0.013009192422032356, 0.004590896423906088, 0.009168572723865509, 0.006388915237039328, -0.012652233242988586, -0.015441806055605412, -0.16605229675769806, 0.022686762735247612, 0.027234692126512527, -0.033421989530324936, -0.017398472875356674, 0.03804924339056015, 0.024815300479531288, -0.005909663625061512, -0.02112671732902527, -0.011911872774362564, 0.006524427328258753, -0.011938313953578472, -0.05166659131646156, -0.02149689756333828, -0.0024425287265330553, 0.024722754955291748, 0.022699983790516853, -0.012407650239765644, 0.03302536904811859, 0.018694104626774788, 0.022726425901055336, -0.031095143407583237, -0.01511128805577755, -0.03165041282773018, 0.010649293661117554, 0.007892772555351257, 0.00235989922657609, -0.004352923482656479, -0.0047627659514546394, 0.003995963837951422, -0.03852519020438194, 0.002832540310919285, 0.026243137195706367, 0.0020888743456453085, -0.002515242900699377, 0.011594574898481369, 0.03183550387620926, -0.010603020898997784, -0.024947507306933403, -0.00998164713382721, -0.0022987534757703543, 0.001355124288238585, -0.0028986437246203423, 0.019685659557580948, 0.015098067000508308, 0.006702907383441925, -0.0007031772984191775, -0.0011634237598627806, 0.00407198304310441, -0.020571447908878326, 0.015600454993546009, -0.03003748506307602, 0.005549399182200432, 0.0026656286790966988, 0.023625435307621956, 0.020716875791549683, 0.012678674422204494, 0.018019847571849823, 0.0036323941312730312, -0.033977262675762177, 0.008388550020754337, -0.031200909987092018, -0.0070664770901203156, -0.0058204238303005695, -0.018138833343982697, 0.00476937647908926, -0.014741107821464539, -0.004600812215358019, -0.04204190522432327, 0.008395159617066383, -0.011535082012414932, 0.02365187555551529, 0.001905436860397458, -0.013062075711786747, 0.0016021865885704756, 0.031967710703611374, -0.012665454298257828, -0.012520026415586472, 0.014291603118181229, 0.029350008815526962, 0.0037679064553231, 0.02942933328449726, -0.007311060559004545, 0.029535098001360893, -0.0156533382833004, 0.003939775750041008, 0.0037414650432765484, -0.018773429095745087, -0.011495419777929783, -0.003556374926120043, 0.014503134414553642, -0.04383992403745651, -0.00014346551324706525, -0.007469709496945143, 0.0018211548449471593, -0.025436673313379288, 0.014291603118181229, 0.0017781874630600214, 0.005645249504595995, 0.005030485801398754, 0.022078609094023705, 0.011687120422720909, -0.031809061765670776, 0.017147280275821686, 0.02682485058903694, 0.0008634785772301257, 0.03167685493826866, -0.0048222593031823635, 0.024973947554826736, 0.00783327966928482, -0.02385018765926361, 0.008533977903425694, 0.014516355469822884, 0.032893162220716476, 0.030381225049495697, 0.0345589742064476, 0.01960633508861065, 0.007925824262201786, 0.013921422883868217, -0.0034175573382526636, 0.03852519020438194, -0.005741099361330271, -0.004673526156693697, -0.0018575118156149983, 0.005139556713402271, 0.019764982163906097, -0.09503056854009628, -0.02222403697669506, 0.005886527709662914, 0.027816403657197952, -0.0336335226893425, -0.007013594266027212, 0.010642683133482933, 0.04362839087843895, -0.007879551500082016, 0.01701507158577442, -0.0561087541282177, -0.03112158551812172, -0.01038487907499075, 0.0013964390382170677, -0.0030176304280757904, -0.0078266691416502, -0.019500568509101868, 0.014159396290779114, 0.002464012475684285, 0.021020952612161636, -0.018125612288713455, -0.007370553910732269, -0.0027631314005702734, -0.01997651532292366, -0.01074844878166914, 0.010034529492259026, -0.016869643703103065, 0.006177383475005627, 0.01647302322089672, -4.769273073179647e-05, -0.017041513696312904, -0.01426516193896532, 0.006342642474919558, -0.01340581476688385, -0.010285723954439163, -0.018323924392461777, 0.006385609973222017, 0.012123404070734978, 0.02860964834690094, -0.035034921020269394, -0.008844664320349693, 0.014423809945583344, 0.02203894779086113, 0.0030341562815010548, -0.006405441090464592, -0.0173588115721941, -0.0367271713912487, 0.02583329565823078, 0.0027565211057662964, -0.0240220557898283, 0.012202728539705276, -0.011753223836421967, -0.00447852024808526, -0.02789572812616825, 0.05111132189631462, 0.01566655933856964, -0.007357333321124315, 0.02698349766433239, 0.021629104390740395, 0.0258068535476923, -0.0007977880886755884, -0.01897173933684826, -0.010021309368312359, 0.008104303851723671, 0.01700185239315033, 0.0056055872701108456, -0.020108722150325775, -0.0067458744160830975, -0.012705116532742977, 0.007337502203881741, -0.025264805182814598, -0.004035626072436571, -0.03247009962797165, -0.014939418993890285, -0.023612214252352715, 0.017411693930625916, -0.0026408396661281586, -0.011977976188063622, -0.0009692443418316543, -0.023955952376127243, 0.002189682563766837, -0.011535082012414932, -0.014807211235165596, -0.002594567136839032, 0.02203894779086113, -0.0043132612481713295, 0.012130014598369598, 0.01542858500033617, -0.0024425287265330553, -0.04048185795545578, 0.007714292500168085, -0.009221455082297325, -0.00018302440003026277, -0.019817866384983063, 0.0075622545555233955, 0.003586121601983905, -0.010417930781841278, 0.003794347867369652, 0.004250463098287582, -0.0062798443250358105, -0.014965860173106194, -0.025846516713500023, -0.02897982858121395, 0.018839532509446144, 0.022633880376815796, 0.014595679938793182, -0.003543154103681445, 0.00476937647908926, -0.006160857621580362, -0.025515997782349586, 0.007112749852240086, 0.0037546856328845024, -0.011323550716042519, 0.01753067970275879, -0.01771577075123787, -0.014080071821808815, -0.0034803557209670544, 0.003440693486481905, 0.021986065432429314, 0.019474126398563385, -0.0038769773673266172, 0.015322819352149963, -8.898167288862169e-05, -0.016750657930970192, 0.004085203632712364, 0.017054734751582146, -0.025621764361858368, 0.0003635699104052037, -0.006802062503993511, 0.019685659557580948, -0.013511580415070057, -0.02276608720421791, 0.014000747352838516, -0.017292708158493042, 0.002006244845688343, 0.02385018765926361, 0.023334579542279243, -0.032602306455373764, 0.018760208040475845, 0.020994510501623154, 0.03707091137766838, 0.01709439605474472, -0.013148010708391666, -0.017411693930625916, 0.007991927675902843, -0.009525531902909279, -0.015481468290090561, -0.002513590268790722, 0.0006131110712885857, -0.00913552101701498, 0.010781500488519669, -0.0050701480358839035, 0.06007497012615204, 0.02958798035979271, 0.00048049070755951107, -0.016168946400284767, -0.02132502943277359, -0.05031807720661163, 0.000586669659242034, 0.01133016124367714, 0.012334936298429966, 0.0025119376368820667, 0.0468013659119606, -0.03445320948958397, -0.021364690735936165, -0.01653912663459778, -0.00039104424649849534, -0.02157622203230858, -0.015415364876389503, 0.0062567079439759254, 0.0045975069515407085, -0.02079620026051998, -0.012539857067167759, 0.02022770792245865, 0.008567029610276222, 0.017213383689522743, -0.0048123435117304325, -0.01462212111800909, -0.014807211235165596, -0.00713258096948266, -0.005460159387439489, 0.02940289117395878, 0.026692641898989677, -0.020663991570472717, -0.014833652414381504, 0.031359557062387466, 0.030354782938957214, 0.007297839969396591, 0.01125083677470684, 0.029614422470331192, 0.009618077427148819, 0.005040401127189398, -0.022977618500590324, 0.017570342868566513, -0.006692991591989994, -0.010807942599058151, 0.023440344259142876, -0.006012124475091696, -0.02842455729842186, 0.005080063361674547, 0.0019153524190187454, 0.016935747116804123, 0.018786650151014328, 0.002029381226748228, 0.0047264089807868, -0.03384505584836006, -0.004025710746645927, 0.0016682901186868548, -0.03093649446964264, -0.017332369461655617, -0.02447156049311161, 0.013551242649555206, -0.025568880140781403, 0.006514512002468109, -0.014027188532054424, -0.004531403072178364, 0.008613302372395992, 0.014886535704135895, 0.035325776785612106, -0.010523696430027485, -0.0028936860617250204, 0.006193909328430891, 0.015045184642076492, 0.01201102789491415, 0.011363212950527668, -0.021986065432429314, 0.019302258267998695, 0.027922170236706734, -0.012751388363540173, -0.03625122457742691, 0.024154262617230415, -0.007430047262459993, 0.011178122833371162, 0.0022805749904364347, -0.012480364181101322, -0.020359914749860764, -0.005403971299529076, -0.024537663906812668, -0.017491018399596214, 0.009631297551095486, -0.0036687511019408703, 0.07382452487945557, 0.01380243618041277, -0.008038200438022614, 0.011277277953922749, 0.007886162027716637, 0.023361019790172577, 0.008157187141478062, 0.0052717640064656734, 0.0025168952997773886, -0.023281695321202278, 0.030724963173270226, 0.020994510501623154, -0.006412051152437925, -0.017438136041164398, -0.01709439605474472, 0.03249654173851013, -0.0007779570296406746, 0.010074191726744175, -0.004901583772152662, -0.0030011043418198824, -0.005268458742648363, 0.0021037477999925613, 0.015811987221240997, 0.0010758364805951715, 0.0008283610222861171, -0.005460159387439489, 0.02887406200170517, 0.027551990002393723, -0.00998825766146183, -0.03365996479988098, 0.008857885375618935, 0.006078227888792753, -0.008210069499909878, -0.007443267852067947, -0.02464343048632145, -0.0007915908936411142, -0.0036390044260770082, -0.016512684524059296, -0.0029316956643015146, 0.017504239454865456, -0.004650389775633812, 0.00018013236694969237, -0.024260029196739197, -0.00602865032851696, -0.014080071821808815, -0.006564089562743902, 0.00652112253010273, -0.021734870970249176, -0.03902757912874222]","[-0.014190166257321835, -0.005360577721148729, -0.002284220652654767, -0.023627515882253647, -0.03990728408098221, 0.0013435588916763663, -0.00464355805888772, -0.020213134586811066, -0.030893316492438316, -0.025539567694067955, 0.0031395230907946825, 0.032832685858011246, -0.022534912452101707, -0.006022967863827944, -0.003151473356410861, 0.009539780206978321, 0.027000922709703445, -0.00010173787450185046, 0.03600123152136803, -0.03736698254942894, 0.008706671185791492, -0.003067821031436324, -0.00047033093869686127, -0.013732639141380787, 0.0008937141392379999, 0.007033624220639467, 0.008180856704711914, -0.025170814245939255, -0.008822759613394737, 0.01358240656554699, 0.025211786851286888, -0.008064767345786095, -0.006719501223415136, -0.030674796551465988, -0.028489593416452408, -0.018847381696105003, -0.020226791501045227, -0.01797330006957054, 0.012086908333003521, -0.009184684604406357, 0.01879275217652321, 0.011895702220499516, -0.0006384892039932311, -0.017181163653731346, -0.0035372984129935503, 0.03119378350675106, -0.013186338357627392, -0.036574847996234894, -0.010495806112885475, 0.020295079797506332, 0.02731504663825035, 0.013964816927909851, -0.011602065525949001, -0.025758087635040283, -0.012168853543698788, 0.0064736660569906235, -0.023955294862389565, 0.0192707646638155, -0.01819182001054287, 0.004937194753438234, -0.0037216751370579004, -0.0012069835793226957, -0.0009748057345859706, -0.004821105860173702, -0.03193128854036331, -0.026905320584774017, -0.015501288697123528, -0.015706151723861694, 0.006671700160950422, -0.0036431443877518177, 0.012004963122308254, -0.0002793390303850174, -0.00682534696534276, -0.010420690290629864, 0.019243450835347176, -0.01700361631810665, 0.01268101017922163, -0.008631554432213306, -0.008098911494016647, 0.00561324181035161, 0.015077905729413033, -0.019571229815483093, -0.016948986798524857, 0.0042952909134328365, 0.022371022030711174, 0.014832070097327232, 0.005353749264031649, 0.0156515222042799, 0.015255453065037727, -0.009389546699821949, 0.013630207628011703, 0.020677490159869194, -0.0008284141076728702, 0.026604855433106422, 0.010864559561014175, 0.019748779013752937, 0.01894298382103443, 0.02368214540183544, 0.015856385231018066, 0.0073340898379683495, 0.004435280803591013, 0.011704497039318085, -0.02208421565592289, -0.004636729136109352, 0.01116502471268177, -0.020172161981463432, 0.024542568251490593, -0.022862693294882774, -0.006217587273567915, -0.009587581269443035, -0.012018620036542416, 0.05763474851846695, 0.03157619386911392, -0.018765436485409737, -0.010823586955666542, -0.01700361631810665, -0.012872215360403061, -0.005514224991202354, -0.038022544234991074, -0.022166160866618156, 0.018956642597913742, 0.0041860309429466724, 0.025935636833310127, -0.0006615362945012748, 0.022958295419812202, 0.009457834996283054, 0.007074596825987101, -0.001272710389457643, -0.012817585840821266, -0.010215827263891697, 0.06255145370960236, 0.014954987913370132, -0.00032671354711055756, 0.03359750658273697, 0.0038104490377008915, 0.021742776036262512, -0.02487034909427166, 0.031985919922590256, -0.027328703552484512, -0.007497980259358883, 0.00560982758179307, 0.031248413026332855, -0.022958295419812202, -0.0030370918102562428, -0.007108740974217653, 0.03266879543662071, 0.023927981033921242, -0.014995960518717766, 0.005251317750662565, -0.026413649320602417, 0.027137499302625656, 0.010646039620041847, 0.009847073815762997, 0.0011728397803381085, 0.04007117450237274, 0.03594660013914108, 0.003755818819627166, 0.01831473782658577, 0.0016320740105584264, 0.0014673301484435797, -0.004991824738681316, 0.005271804053336382, 0.005463009234517813, -0.008392548188567162, 0.020295079797506332, 0.016771437600255013, 0.0010337037965655327, -0.011253799311816692, 0.0024173816200345755, -0.0340072326362133, -0.0065590254962444305, 0.0150369331240654, -0.022275419905781746, 1.6511732610524632e-05, 0.0013435588916763663, 0.027574539184570312, 0.016908014193177223, 0.005852248519659042, -0.03619243577122688, -0.0027861346025019884, -0.02620878629386425, 0.008966163732111454, 0.012810756452381611, 0.019967298954725266, -0.02110087312757969, -0.007422863971441984, -0.0022142259404063225, -0.010666525922715664, -0.0017003616085276008, -0.011260627768933773, -0.012025449424982071, -0.008454007096588612, 0.0056610433384776115, -0.013637037016451359, -0.6494425535202026, -0.03370676562190056, 0.016948986798524857, -0.008283288218080997, 0.011752299033105373, 0.027000922709703445, 0.007743815425783396, 0.022179817780852318, -0.011622551828622818, 0.03460816293954849, -0.022603200748562813, 0.034280382096767426, -0.015842726454138756, -0.004923536907881498, 0.004885978996753693, -0.0062449024990201, 0.011520120315253735, 0.008174027316272259, -0.017782095819711685, 0.027205785736441612, -0.00923248566687107, 0.02280806377530098, -0.002921002684161067, 0.0157744400203228, -0.03859616070985794, -0.011875215917825699, -0.009532950818538666, -0.007716500665992498, -0.007689185440540314, -0.0019444898935034871, -0.02865348383784294, 0.005913707427680492, 0.01600661687552929, 0.0013264869339764118, 0.05006847903132439, -0.018273765221238136, -0.012844900600612164, 0.019011272117495537, 0.00010365846537752077, 0.034034546464681625, -0.006094669457525015, 0.01785038225352764, 0.0025061555206775665, 0.018232792615890503, 0.004698188044130802, 0.02136036567389965, 0.004001654218882322, -0.00770967174321413, -0.004636729136109352, -0.012121051549911499, -0.007497980259358883, 0.01177961379289627, -0.012592236511409283, 0.013432173989713192, -0.02024044841527939, 0.009382718242704868, 0.0011719862231984735, 0.0028117424808442593, 0.003998239990323782, -0.010352402925491333, -0.005712259095162153, 0.009205170907080173, -0.00046520939213223755, -0.018833724781870842, -0.018861038610339165, 0.010598237626254559, 0.0051625436171889305, 0.004370407201349735, 0.008713499642908573, -0.028790058568120003, -0.013240968808531761, 0.022002270445227623, -0.010017793625593185, -0.00406994204968214, -0.008208171464502811, 0.012947332113981247, 0.042666103690862656, 0.008658869192004204, -0.012052764184772968, 0.008378890343010426, -0.01517350785434246, -0.011629381217062473, 0.002195446752011776, -0.009539780206978321, 0.023354364559054375, -0.012544434517621994, -0.029445620253682137, 0.000795123924035579, -0.012762955389916897, 0.0004075916949659586, -0.009587581269443035, 0.012967818416655064, 0.0036021717824041843, -0.014791097491979599, 0.0010678475955501199, 0.019093217328190804, -0.006920950021594763, -0.00014351069694384933, 0.02960951067507267, -0.03236832842230797, -0.012646866030991077, 0.004452352412045002, 0.05353749170899391, 0.020062901079654694, -0.0013427052181214094, 0.03455353528261185, 0.000957733835093677, 0.026044895872473717, 0.043485552072525024, -0.001362337963655591, 0.0126127228140831, -0.003933366853743792, -0.006378063466399908, 0.013206824660301208, -0.007422863971441984, -0.025676144286990166, 0.018150847405195236, 0.019748779013752937, 0.001621830859221518, 0.010775785893201828, 0.02233004942536354, 0.0061288136057555676, 0.0191478468477726, -0.03870541974902153, -0.011417689733207226, 0.011643038131296635, -0.007593582849949598, -0.007101912051439285, 0.007696014363318682, -0.0043328492902219296, 0.011233313009142876, -0.03337898477911949, -0.002427624771371484, -0.037312354892492294, -0.0011412567691877484, 0.027342360466718674, 0.020431654527783394, -0.01255126390606165, 0.002629073103889823, -0.002287635114043951, -0.015009617432951927, 0.0004289315838832408, -0.012838072143495083, -0.008822759613394737, 0.015269110910594463, -0.029199784621596336, -0.011608894914388657, 0.006658042315393686, -0.003841178258880973, 0.009587581269443035, -0.014599892310798168, -0.02376409061253071, -0.010987477377057076, 0.023245103657245636, -0.018137190490961075, -0.007218000944703817, 0.006791203282773495, -0.025143500417470932, -0.022903665900230408, 0.001997412648051977, 0.01906590163707733, 0.03288731724023819, -0.008597411215305328, -0.012175682000815868, 0.03146693482995033, -0.010147539898753166, 0.017153849825263023, 0.0001506595581304282, -0.008706671185791492, -0.018287423998117447, 0.01031825877726078, -0.02706921100616455, 0.007136055734008551, 0.009293944574892521, -0.012059592641890049, 0.018287423998117447, -0.01724945195019245, -0.010263628326356411, 0.0010012671118602157, -0.019735120236873627, 0.008249144069850445, -0.00928711611777544, -0.017768437042832375, 0.014627207070589066, 0.005582512356340885, -0.0017601132858544588, -0.009082253091037273, -0.017645519226789474, -0.015965644270181656, 0.011233313009142876, -0.00663755601271987, -0.0015782974660396576, -0.009184684604406357, -0.01882006600499153, 0.004035797901451588, 0.015951987355947495, 0.017044588923454285, 0.008037452585995197, -0.011069422587752342, 0.03406186401844025, -0.0029312458354979753, 0.013193167746067047, 0.035017888993024826, -0.005828347988426685, 0.020814064890146255, 0.0010465077357366681, 0.025771746411919594, -0.011424518190324306, 0.026618512347340584, 0.018478628247976303, -0.020964298397302628, -0.011267456226050854, -0.015091562643647194, -0.00446259556338191, -0.004097256809473038, 0.01498230267316103, -0.0007801860338076949, 0.004602585453540087, 0.005524468142539263, 0.015992959961295128, 0.011547436006367207, -0.011042107827961445, 0.017276767641305923, -0.001645731506869197, 0.0027451622299849987, 0.014722810126841068, 0.029882660135626793, 0.009007136337459087, 0.012059592641890049, -0.030019234865903854, 0.008515466004610062, 0.024556227028369904, -0.027629168704152107, 0.04343092441558838, 0.0037489901296794415, 0.00700630946084857, 0.02014484629034996, -0.0033751153387129307, 0.046408262103796005, 0.01541934348642826, -0.0005010603927075863, 0.018710806965827942, 0.0392790362238884, -0.00917102675884962, 0.005104499403387308, -0.0016414636047556996, 0.01734505407512188, 0.0051693725399672985, -0.005521053913980722, -0.00682193273678422, -0.004407965578138828, -0.014640864916145802, -0.026878004893660545, 0.013937502168118954, 0.01413553673774004, -0.00024220763589255512, 0.0035680278670042753, -0.0024668900296092033, 0.00878861639648676, 0.025908321142196655, 0.013118050992488861, 0.004483081866055727, 0.0025812718085944653, -0.016470972448587418, 0.011499634012579918, -0.011875215917825699, 0.02704189531505108, -0.020090216770768166, 0.008283288218080997, 0.004674287047237158, -0.02329973503947258, -0.02865348383784294, -0.03236832842230797, -0.0028458863962441683, 0.003561199177056551, -0.024201130494475365, 0.009662698023021221, -0.01591101475059986, 0.009068595245480537, -0.006832175888121128, -0.02523910254240036, -0.047500863671302795, 0.00891153421252966, 0.02525275945663452, 0.01311122253537178, -0.005367406643927097, 0.0011924725258722901, 0.010768956504762173, 0.016211479902267456, 0.0051318141631782055, 0.005025968421250582, 0.010707498528063297, -0.004442109260708094, -0.013213654048740864, 0.017399683594703674, 0.017017273232340813, 0.013309256173670292, -0.007491151336580515, 0.00031604361720383167, 0.027711113914847374, -0.006070768926292658, 0.01820547878742218, -0.01637537032365799, -0.015091562643647194, 0.02379140444099903, -0.004681115970015526, -0.01977609284222126, -0.008576924912631512, 0.007272630929946899, 0.0013794098049402237, 0.024119185283780098, 0.0046777017414569855, -0.020199475809931755, 0.022015927359461784, 0.02754722349345684, 0.013240968808531761, -0.03083868697285652, -0.005565440747886896, 0.0017720636678859591, -0.0013409981038421392, 0.005237659905105829, -0.030183125287294388, -0.018027929589152336, -0.007504808716475964, 0.08800908178091049, 0.007279459852725267, -0.013001961633563042, 0.0019188820151612163, 0.00353388418443501, 0.011547436006367207, -0.019721463322639465, -0.014381371438503265, 0.020786751061677933, 0.0036055860109627247, 0.009198341518640518, 0.010755299590528011, 0.02159254439175129, 0.0023917737416923046, -0.004879150073975325, 0.0017327982932329178, 0.019735120236873627, 0.003270976711064577, -0.005896635819226503, 0.012776613235473633, -0.03602854534983635, 0.009744642302393913, 0.0038958084769546986, 0.026509251445531845, 0.00413140095770359, 0.008174027316272259, 0.009812930598855019, 0.013759954832494259, 0.01834205351769924, -0.031221097335219383, -0.02816181257367134, 0.029664140194654465, 0.003615829162299633, -0.016484631225466728, -0.028107183054089546, -0.0015236673643812537, 0.006876562722027302, -0.00534350611269474, 0.008494979701936245, -0.006279046181589365, 0.0009440762805752456, 0.018833724781870842, -0.00046691656461916864, -0.009423690848052502, 0.014777439646422863, 0.0028732013888657093, -0.0035236410330981016, 0.005329848267138004, 0.0005582512822002172, 0.0046777017414569855, 0.030620167031884193, 0.009567094966769218, -0.028708113357424736, -0.007375062443315983, -0.00015610121772624552, 0.02400992624461651, -0.01819182001054287, -0.015747124329209328, -0.022739775478839874, 0.017194822430610657, -0.009382718242704868, -0.003591928631067276, 0.013227310962975025, -0.00024391482293140143, 0.00490987952798605, -0.030428960919380188, -0.01602027378976345, -0.001388799399137497, -0.02622244507074356, 0.01510522048920393, -0.0051318141631782055, -0.009744642302393913, -0.013445831835269928, 0.020103873685002327, -0.0033512148074805737, 0.011246969923377037, 0.003735332516953349, -0.016662178561091423, 0.022958295419812202, 0.006265388801693916, -0.02306755632162094, -0.024351364001631737, -0.002666631480678916, 0.009942676872015, -0.01153377816081047, 0.02620878629386425, -0.005183029919862747, -0.020786751061677933, -0.019967298954725266, 0.022043243050575256, 0.03578270971775055, 0.028325702995061874, 0.02511618472635746, -0.015747124329209328, -0.007177028339356184, -0.004428451880812645, -0.005432279780507088, 0.016457315534353256, -0.005340091418474913, 0.021141845732927322, 0.0077779595740139484, 0.004804033786058426, -0.02668680064380169, -0.022644173353910446, 0.0020059486851096153, 0.018396683037281036, -0.030428960919380188, 0.005947851110249758, 0.0029944118577986956, -0.028243757784366608, 0.01389652956277132, -0.013056592084467411, 0.015433001331984997, 0.004752818029373884, 0.011117223650217056, 0.020226791501045227, 0.031111838296055794, 0.02545762248337269, 0.02269880287349224, -0.016675835475325584, -0.00445918133482337, -0.01614319160580635, 0.018970299512147903, -0.0009611481800675392, 0.0015800046967342496, 0.008030623197555542, -0.019557572901248932, -0.016102219000458717, -0.030756741762161255, -0.004305534064769745, 0.02060920186340809, 0.004073356278240681, -0.00561324181035161, -0.018478628247976303, -0.030265070497989655, -0.01663486286997795, 0.00167475373018533, -0.017413342371582985, -0.0021271591540426016, 0.007914534769952297, 0.00226202723570168, -0.004230417776852846, -0.006753645371645689, -0.01122648362070322, -0.008119397796690464, -0.02679605968296528, 0.009505636058747768, -0.014162851497530937, 0.017304081469774246, 0.017768437042832375, -0.005452766083180904, 0.002371287439018488, -0.03654753044247627, -0.005807861685752869, 0.00618344359099865, -0.05214442312717438, -0.02112818881869316, -0.009075423702597618, 0.027574539184570312, 0.01674412377178669, 0.02767014130949974, -0.010031450539827347, 0.031139152124524117, -0.010208998806774616, -0.006606827024370432, -0.01249663345515728, 0.010796272195875645, 0.010693840682506561, -0.011704497039318085, 0.014927673153579235, 0.0014809876447543502, -0.02425576187670231, 0.021210134029388428, -0.0032624409068375826, 0.0015859798295423388, 0.015583233907818794, -0.005165958311408758, 0.005261560901999474, -0.0051454720087349415, -0.02123744785785675, 0.018997615203261375, -0.02437867783010006, -0.005404964555054903, 0.004879150073975325, 0.0009329795720987022, -0.014162851497530937, 0.028079867362976074, -0.005025968421250582, 0.005585927050560713, -0.024487938731908798, 0.00013497474719770253, -0.008351575583219528, 0.015583233907818794, -0.003356336383149028, 0.0009748057345859706, -0.040207747370004654, -0.018505943939089775, 0.01857423223555088, -0.002052042866125703, 0.028926633298397064, 0.02258954383432865, 0.010960162617266178, -0.008180856704711914, 0.004517225548624992, -0.026277074590325356, -0.01625245250761509, -0.021442310884594917, 0.0202541071921587, 0.01457257755100727, -0.03231370076537132, 0.00630636140704155, -0.0023610442876815796, -0.012885873205959797, -0.012756126932799816, -0.01842399872839451, -0.0007823199848644435, -0.016566576436161995, 0.021633516997098923, -0.027492593973875046, -0.03908783197402954, -0.025785403326153755, -0.01785038225352764, 0.029172468930482864, 0.011704497039318085, 0.02450159564614296, 0.009874389506876469, -0.0030729426071047783, -0.014586234465241432, -0.0069585079327225685, 0.017058245837688446, 0.0152827687561512, -0.002808328252285719, 0.0019018100574612617, -0.0065521965734660625, -0.020650174468755722, -0.006920950021594763, 0.02403724007308483, -0.01473646704107523, -0.01735871098935604, 0.0004788669175468385, 0.01382824219763279, 0.01978975161910057, 0.01903858780860901, 0.008494979701936245, -0.00433967774733901, 0.024187473580241203, -0.004623071756213903, -0.005394721403717995, -0.025662485510110855, -0.022630516439676285, 0.002168131759390235, 0.02291732467710972, -0.03772207722067833, 0.01559689175337553, 0.0017396269831806421, 0.0037489901296794415, -0.0001009909829008393, -0.016648519784212112, 0.014340398833155632, 0.01782306842505932, -0.01603393256664276, -0.0033409716561436653, -0.0022142259404063225, 0.017153849825263023, -0.012571750208735466, -0.0019615618512034416, 0.001391360186971724, -0.027724772691726685, -0.00032265897607430816, 0.02194763906300068, -0.0078872200101614, -0.0017012151656672359, 0.024105528369545937, 0.0007328114588744938, 0.009690012782812119, 0.015200823545455933, -0.012257627211511135, -0.00807842519134283, -0.019120533019304276, -0.01274929754436016, 0.017058245837688446, 0.024788403883576393, 0.008228657767176628, -0.03583734109997749, -0.017768437042832375, -0.020814064890146255, -0.007812103256583214, -0.012059592641890049, 0.017153849825263023, -0.007258973550051451, -0.014900357462465763, 0.003358043497428298, 0.011110395193099976, 0.031248413026332855, -0.016088562086224556, -0.003156594932079315, 0.0006308068404905498, 0.0029892902821302414, -0.023108528926968575, 0.014941330067813396, 0.009655868634581566, 0.006063940469175577, -0.012059592641890049, -0.006019553169608116, -0.019079560413956642, -0.01977609284222126, 0.0006205636891536415, -0.009874389506876469, -0.031002577394247055, -0.01625245250761509, 0.022985611110925674, -0.0028458863962441683, 0.0029961192049086094, -0.02390066534280777, 0.0007515905890613794, -0.0052308314479887486, -0.0033443858847022057, -0.0197624359279871, -0.032477591186761856, -0.005900050047785044, -0.014791097491979599, 0.001249663415364921, -0.01649828813970089, -0.01109673734754324, 0.0016132949385792017, -0.00861106812953949, 0.004944023210555315, -0.0020913081243634224, -0.019967298954725266, 0.01311122253537178, 0.001391360186971724, 0.028462277725338936, -0.02233004942536354, -0.018369369208812714, -0.011998133733868599, -0.01770015060901642, -0.014613550156354904, 0.03193128854036331, 0.006757059600204229, -0.017932327464222908, 0.03081137128174305, 0.011424518190324306, -0.011356230825185776, 0.02403724007308483, 0.005080598406493664, -0.02317681722342968, -0.008904704824090004, -0.024802062660455704, -0.01190253160893917, -0.0055995844304561615, -0.00065257353708148, 0.026277074590325356, 0.008877390064299107, 0.0013094149762764573, -0.047145769000053406, -0.027000922709703445, -0.013377543538808823, -0.00975830014795065, -0.007361405063420534, -0.0005825787084177136, 0.03242295980453491, 0.007798445876687765, -0.013439002446830273, 0.044468894600868225, 0.012708324939012527, 0.03389797359704971, 0.003477546852082014, -0.011643038131296635, 0.0007042160141281784, 0.010263628326356411, 0.01602027378976345, 0.01576078124344349, -0.027752086520195007, -0.014900357462465763, 0.015747124329209328, 0.0007345186895690858, 0.031084522604942322, 0.0051762014627456665, -0.011055764742195606, -0.036110490560531616, 0.01674412377178669, -0.02827107347548008, -3.152967110509053e-05, 0.006132227834314108, 0.003299999050796032, -0.01177278533577919, -0.021319393068552017, 0.006203929893672466, 0.006180029362440109, -0.016826068982481956, -0.02280806377530098, 0.009847073815762997, 0.003329021157696843, -0.0074638365767896175, -0.012715154327452183, -0.013077078387141228, 0.009403204545378685, -0.0432124026119709, 0.014299426227807999, 0.008467664010822773, -0.0015740295639261603, 0.03250490501523018, 0.004636729136109352, 0.005910293199121952, -0.01649828813970089, 0.01649828813970089, -0.016771437600255013, -0.012025449424982071, 0.021305736154317856, -0.01383507065474987, 0.009089081548154354, -0.004356749821454287, 0.01358923502266407, -0.01869714818894863, -0.009969991631805897, -0.004988410510122776, -0.011786442250013351, -0.014067248441278934, 0.016771437600255013, 0.008214999921619892, -0.02694629319012165, 0.01389652956277132, 0.0011993012158200145, -0.0021595959551632404, 0.006033211015164852, -0.011117223650217056, 0.017563574016094208, -0.013486804440617561, -0.03359750658273697, 0.007675528060644865, -0.029937291517853737, -0.020568229258060455, 0.008904704824090004, 0.03507252037525177, 0.0001136348582804203, -0.016662178561091423, 0.22682414948940277, -0.01662120595574379, 0.002111794427037239, 0.03794059902429581, -0.01735871098935604, 0.00010573910549283028, 0.018027929589152336, -0.013213654048740864, 0.002695653587579727, 0.012776613235473633, -0.02051359973847866, 0.011076251044869423, -0.004947437904775143, 0.009341745637357235, 0.004220174625515938, -0.02560785599052906, -0.03638364002108574, -0.021524256095290184, -0.010905532166361809, -0.02073211967945099, -0.007853075861930847, 0.008174027316272259, -0.02342265285551548, -0.015815412625670433, 0.03824106603860855, -0.007716500665992498, 0.02585369162261486, 0.004093842580914497, 0.013118050992488861, 0.008713499642908573, -0.009553437121212482, -0.029281729832291603, -0.010885045863687992, 0.005555197596549988, -0.021155502647161484, -0.004257733002305031, 0.025758087635040283, -0.007054110523313284, 0.0036090004723519087, -0.0010473612928763032, -0.008344746194779873, -0.028216442093253136, 0.01286538690328598, -0.02097795531153679, -0.007101912051439285, 0.022671489045023918, 0.011670353822410107, -0.01408090628683567, -1.9859426174662076e-05, 0.014108221046626568, -0.03938829526305199, -0.033816028386354446, 0.026386335492134094, 0.019830724224448204, 0.019366368651390076, -0.020677490159869194, 0.01541934348642826, 0.003878736635670066, -0.027028238400816917, 0.002282513538375497, -0.015951987355947495, -0.010611895471811295, 9.84835423878394e-05, 0.013152195140719414, -0.0191478468477726, 0.038159120827913284, -0.017563574016094208, 0.012585407122969627, 0.009396376088261604, -0.023477282375097275, 0.007491151336580515, -0.013029277324676514, -0.012844900600612164, 0.01510522048920393, -0.017672834917902946, -0.012960989028215408, 0.028216442093253136, 0.023818720132112503, 0.007252144627273083, 0.018260108307003975, -0.02597660943865776, -0.012360058724880219, 0.007743815425783396, -0.02911783941090107, -0.013985303230583668, -0.009580752812325954, 0.007702842820435762, 0.01413553673774004, -0.019871696829795837, -0.009792444296181202, -0.00012099711602786556, -0.012503462843596935, -0.0014408687129616737, -0.00585907744243741, -0.009143711999058723, 0.01371215283870697, 0.01906590163707733, 0.01918881945312023, 0.005165958311408758, 0.01697630062699318, -0.00312415836378932, -0.008467664010822773, -0.003735332516953349, 0.015433001331984997, -0.01352094765752554, -0.005886392667889595, -0.0037250893656164408, -0.008146712556481361, 0.007566267624497414, -0.02377774752676487, -0.01663486286997795, -0.026003923267126083, 0.013780441135168076, 0.004390893504023552, 0.002233005128800869, 0.007573096547275782, 0.003919709008187056, -0.01566517911851406, -0.015077905729413033, 0.011636209674179554, 0.02679605968296528, -0.004513811320066452, 0.01612953469157219, 0.03070211224257946, 0.008317431434988976, -0.02679605968296528, -0.011335744522511959, -0.013240968808531761, -0.01866983436048031, -0.03070211224257946, 0.008481321856379509, -0.0100655946880579, 0.04225637763738632, -0.013678009621798992, -0.009594409726560116, -0.003091721795499325, 0.026113184168934822, -0.01663486286997795, 0.0008424984407611191, -0.010024622082710266, 0.007928192615509033, -0.007866733707487583, -0.008761300705373287, 0.005019139964133501, 0.02851690910756588, -0.025402992963790894, 0.0152827687561512, -0.0017421877710148692, -0.01989901065826416, -0.00028958218172192574, -0.04599853605031967, -0.03021044097840786, 0.001883030985482037, -0.005442522931843996, 0.005616656504571438, -0.0014237967552617192, -0.04487862065434456, -0.019229792058467865, -0.01242834609001875, 0.018587889149785042, -0.007320432458072901, 0.002902223728597164, 0.02914515510201454, -0.005493738688528538, -0.014517947100102901, 0.01772746443748474, -0.17569038271903992, 0.011042107827961445, 0.005702015943825245, -0.018123533576726913, 0.006859491113573313, 0.020295079797506332, 0.032969262450933456, -0.027601854875683784, -0.01989901065826416, -0.0103114303201437, 0.018137190490961075, -0.016648519784212112, -0.017167506739497185, 0.02645462192595005, -0.010120224207639694, 0.02283537946641445, -0.02122379094362259, 0.01929808035492897, 0.029800714924931526, 0.007163370959460735, 0.01600661687552929, 0.006477080285549164, 0.01615685038268566, -0.010366059839725494, -0.011506463401019573, -0.0007861611666157842, -0.002915881108492613, 0.01370532438158989, -0.009478321298956871, -0.0050771841779351234, -0.0065351249650120735, -0.0036602162290364504, 0.02596295066177845, 0.010966991074383259, 0.005418622400611639, -0.004957681056112051, -0.00031711062183603644, 0.0019444898935034871, 0.0032334185671061277, 0.02911783941090107, 0.013022447936236858, -0.009655868634581566, 0.015501288697123528, -0.02097795531153679, -0.013903358951210976, 0.023012926802039146, 0.02922710031270981, 0.009013964794576168, -0.00015962230099830776, -0.017891354858875275, 0.0028493008576333523, -0.027861347422003746, 0.011369887739419937, -0.012537606060504913, -0.004882564302533865, 0.033078521490097046, 0.021619858220219612, 0.004141644109040499, -0.02388700842857361, -0.043021198362112045, -0.013138537295162678, -0.031630825251340866, 0.01485938485711813, -0.018383026123046875, -0.03703920170664787, -0.010086080990731716, -0.0015876870602369308, 0.009157368913292885, -0.0434582382440567, 0.015965644270181656, 0.003960681613534689, -0.029172468930482864, 0.01918881945312023, -0.015501288697123528, 0.014722810126841068, 0.002627365989610553, -0.02646827884018421, 0.00016164958651643246, -0.010236313566565514, 0.005787375383079052, -0.009662698023021221, 0.0202541071921587, -0.00515912938863039, 0.030538221821188927, 0.0007806128123775125, 0.009239314123988152, 0.018628861755132675, 0.0018727878341451287, -0.0002725102531258017, -0.0011318671749904752, 0.03275074064731598, -0.021442310884594917, -0.0029397818725556135, -0.009143711999058723, -0.01819182001054287, 0.002866372698917985, 0.0011480855755507946, -0.0037763051223009825, 0.027082867920398712, -0.04031700640916824, 0.020841380581259727, 0.011957161128520966, 0.00975830014795065, 0.007156542036682367, 0.0015526897041127086, 0.004100671503692865, 0.0021920325234532356, -0.018710806965827942, 0.029582194983959198, 0.013322914019227028, -0.011909360066056252, -0.01547397393733263, 0.013008791022002697, 0.02073211967945099, -0.019325396046042442, 0.028571538627147675, -0.017276767641305923, -0.012455660849809647, 0.01675778068602085, -0.006261974107474089, 0.05443888530135155, -0.02413284406065941, -0.007074596825987101, 0.017549917101860046, -0.006224416196346283, -0.013725810684263706, -0.12149732559919357, -0.018601546064019203, 0.005756645929068327, 0.02594929374754429, -0.013910187408328056, -0.004107499960809946, 0.0004946584231220186, -0.012353229336440563, -0.013671180233359337, 0.006193686742335558, -0.02790232002735138, -0.024706458672881126, -0.028052551671862602, 0.003272684058174491, 0.006931193172931671, -0.010994305834174156, 0.004705016501247883, -0.035618819296360016, -0.023750431835651398, 0.02791597694158554, 0.0011122345458716154, -0.0016602426767349243, 0.0015509824734181166, -0.0029312458354979753, -0.002953439485281706, -0.01432674191892147, -0.019994614645838737, 0.011547436006367207, 0.031603507697582245, 0.019817065447568893, -0.03141230344772339, -0.02594929374754429, -0.002190325176343322, -0.00923248566687107, -0.04225637763738632, -0.0018386440351605415, -0.034389644861221313, 0.005886392667889595, -0.005124985706061125, -0.04916708171367645, 0.006224416196346283, 0.00801696628332138, 0.01333657093346119, -0.018601546064019203, 0.023245103657245636, -0.002946610562503338, -0.005934193730354309, 0.041901279240846634, 0.01663486286997795, -0.004926951602101326, -0.0200082715600729, 0.011554264463484287, -0.022357365116477013, 0.0016679250402376056, 0.006630727555602789, 0.002173253335058689, 0.013971646316349506, 0.004862077999860048, 0.02329973503947258, -0.010926018469035625, 0.0015996374422684312, -0.02950024977326393, -0.016443658620119095, 0.0034041376784443855, -0.0023200716823339462, 0.01274246908724308, 0.001562932855449617, -0.00011310136324027553, 0.021305736154317856, -0.010570922866463661, 0.0032026891130954027, 0.012537606060504913, -0.0032248825300484896, -0.017317738384008408, -0.03176739811897278, -0.00024562200997024775, -0.012073250487446785, -0.0030234341975301504, 0.0009969992097467184, -0.011520120315253735, 0.004892807453870773, -0.010434347204864025, -0.0028800300788134336, -0.001563786412589252, -0.004148472566157579, -0.004298705607652664, -0.005923950579017401, -0.0016431707190349698, 0.023081213235855103, 0.011670353822410107, -0.02499326691031456, 0.01025679986923933, 0.00021393228962551802, 0.008884218521416187, -0.016662178561091423, -0.007286288775503635, 0.000984195270575583, -0.021087216213345528, 0.01640268601477146, -0.03540030121803284, -0.01432674191892147, -0.007743815425783396, -0.023122185841202736, 0.02788866125047207, 0.005142057314515114, -0.022534912452101707, -0.009307602420449257, -0.00421334570273757, 0.01942099817097187, -0.00854960922151804, -0.0027810130268335342, 0.026850691065192223, -0.02545762248337269, 0.008037452585995197, -0.03436232730746269, -0.009833416901528835, -0.02656388282775879, -0.024214789271354675, 0.016566576436161995, -0.004667458590120077, 0.026727773249149323, -0.012353229336440563, -0.01965317502617836, -0.0157744400203228, 0.005073769949376583, 0.032696109265089035, -0.004493325017392635, 0.019502943381667137, -0.01965317502617836, 0.011260627768933773, -0.002885151654481888, -0.0050703552551567554, 0.05129765719175339, -0.03884199634194374, 0.014026275835931301, -0.021797407418489456, -0.024597199633717537, 0.010168026201426983, 0.005838591139763594, 0.03266879543662071, 0.014395029284060001, 0.015337398275732994, 0.0031753741204738617, -0.010413860902190208, -0.0013657523086294532, -0.001508302753791213, -0.00879544485360384, 0.014900357462465763, -0.03288731724023819, 0.001072115614078939, 0.025334704667329788, -0.019024929031729698, 0.01225079782307148, 0.014490632340312004, -0.023600200191140175, 0.0005083159194327891, 0.003622658085078001, -0.02246662601828575, 0.002840764820575714, 0.004117743112146854, 0.001588540617376566, 0.0047937906347215176, 0.049931906163692474, 0.024679144844412804, 0.00982658751308918, -0.010905532166361809, 0.011608894914388657, -0.012879043817520142, -0.016293425112962723, 0.03171277046203613, 0.013425345532596111, -0.011738641187548637, -0.002921002684161067, 0.0038377640303224325, 0.0025915149599313736, 0.013800927437841892, 0.0352364107966423, 0.018956642597913742, 0.00663755601271987, -0.003100257832556963, 0.009300773032009602, 0.02428307570517063, 0.004745989106595516, 0.010229485109448433, -0.04646289348602295, -0.011520120315253735, 0.004629900213330984, -0.00813988409936428, 0.0001568481238791719, 0.010946504771709442, -0.012332743033766747, 0.016593890264630318, 0.0022091043647378683, -0.005944436881691217, -0.02060920186340809, -0.0006935460842214525, 0.007607240229845047, 0.004015311598777771, 0.0059990668669342995, -0.013848728500306606, -0.003329021157696843, 0.01242834609001875, 0.010482149198651314, -0.009136882610619068, -0.019434655085206032, -0.03275074064731598, -0.014886700548231602, 0.033570192754268646, -0.031985919922590256, -0.008098911494016647, 0.031849343329668045, 0.03070211224257946, 0.0005987970507703722, 0.008372061885893345, -0.0034007232170552015, 0.014381371438503265, 0.010939676314592361, -0.005363992415368557, -0.00879544485360384, -0.01401261892169714, -0.019380025565624237, 0.03119378350675106, -0.0010098031489178538, 0.004903050605207682, 0.039989229291677475, -0.016703151166439056, 0.042911939322948456, 0.012899530120193958, 0.021018927916884422, -0.012715154327452183, 0.013029277324676514, -7.586327410535887e-05, -0.00415188679471612, -0.01377361174672842, 0.020896010100841522, -0.007197514642030001, -0.014558919705450535, -0.015610548667609692, 0.011315258219838142, 0.04501519724726677, -0.014067248441278934, 0.05583195388317108, 0.027492593973875046, 0.006118570454418659, 0.016102219000458717, -0.002654680982232094, 0.022753434255719185, 0.021442310884594917, -0.01134257297962904, -0.015979301184415817, 0.0005979434354230762, 0.024324048310518265, -0.029281729832291603, 0.0073272609151899815, -0.01578809693455696, 0.007136055734008551, 0.007313603535294533, -0.007088254671543837, 0.018861038610339165, -0.022657830268144608, 0.003981167916208506, 0.005992238409817219, -0.012202996760606766, 0.021797407418489456, -0.00842669140547514, -0.014900357462465763, -0.0021476454567164183, 0.014750124886631966, -0.0073955487459897995, -0.010946504771709442, -0.008529122918844223, 0.031384989619255066, 0.006852662190794945, -0.006972165312618017, -0.016962643712759018, 0.015678836032748222, 0.0019257107051089406, -0.003235125681385398, -0.0002919295511674136, -0.0021920325234532356, 0.021674489602446556, -0.01184107270091772, 0.00706776836887002, -0.021647173911333084, 0.006132227834314108, -0.03182202950119972, -0.022657830268144608, 0.00014265709614846855, 0.0013495340244844556, -0.01866983436048031]"
19110,"Mongoose adding url slug to the returned JSON object<p>Sorry in advance if my formatting is off! I'm building a project using MongoDB, Mongoose, and Express. Right now I'm trying to use Mongoose to read a document from the MongoDB database. For some reason it's prepending the word &quot;slug&quot; to the document I'm fetching from the database.
The result I'm getting is this:
[{&quot;slug&quot;:&quot;&quot;,&quot;title&quot;:&quot;test&quot;,&quot;id&quot;:&quot;62002ba44b05edb74c1a9cd8&quot;}]</p>
<p>When the result I should be getting is this: [{&quot;title&quot;:&quot;test&quot;,&quot;id&quot;:&quot;62002ba44b05edb74c1a9cd8&quot;}]</p>
<p>I'm thinking there's an unexpected side effect from one of the libraries I'm using but I can't figure out what's causing it. It's like this before I call res.render(&quot;Test&quot;, testRes) so it might even be coming from the database like this somehow? I've been stumped on this for hours now.</p>
<pre><code>const express = require('express');

const router = express.Router();

const mongoose = require('mongoose');

const Test = mongoose.model('Test');


const sanitize = require('mongo-sanitize');

router.get('/test/:testSlug', async function(req, res) {
    const testSlug = req.params.testSlug;

    const testSearchParam = {
        slug: sanitize(testSlug)
    };

    console.log(&quot;search param&quot;, testSearchParam.slug);

    const testRes = await Test.find(
        {
            title: testSearchParam.slug
        }
    );
    
    res.render(&quot;Test&quot;, testRes);
});
  
module.exports = router;


and here is my schema for the Test data format:



const mongoose = require('mongoose');

const URLSlugs = require('mongoose-url-slugs');

const { toJSON } = require('../plugins');


const TestSchema = new mongoose.Schema({

  title: {
    type: String,
    required: true
  }},
  {
    collection: 'test'
  }
);

TestSchema.plugin(URLSlugs('title'));

TestSchema.plugin(toJSON);


/**
 * @typedef Test
 */

const Test = mongoose.model('Test', TestSchema);

module.exports = Test;
</code></pre>
",@SergeBallesta I dont see any getUID method in message,"Embed Field: Mongoose adding url slug to the returned JSON object<p>Sorry in advance if my formatting is off! I'm building a project using MongoDB, Mongoose, and Express. Right now I'm trying to use Mongoose to read a document from the MongoDB database. For some reason it's prepending the word &quot;slug&quot; to the document I'm fetching from the database.
The result I'm getting is this:
[{&quot;slug&quot;:&quot;&quot;,&quot;title&quot;:&quot;test&quot;,&quot;id&quot;:&quot;62002ba44b05edb74c1a9cd8&quot;}]</p>
<p>When the result I should be getting is this: [{&quot;title&quot;:&quot;test&quot;,&quot;id&quot;:&quot;62002ba44b05edb74c1a9cd8&quot;}]</p>
<p>I'm thinking there's an unexpected side effect from one of the libraries I'm using but I can't figure out what's causing it. It's like this before I call res.render(&quot;Test&quot;, testRes) so it might even be coming from the database like this somehow? I've been stumped on this for hours now.</p>
<pre><code>const express = require('express');

const router = express.Router();

const mongoose = require('mongoose');

const Test = mongoose.model('Test');


const sanitize = require('mongo-sanitize');

router.get('/test/:testSlug', async function(req, res) {
    const testSlug = req.params.testSlug;

    const testSearchParam = {
        slug: sanitize(testSlug)
    };

    console.log(&quot;search param&quot;, testSearchParam.slug);

    const testRes = await Test.find(
        {
            title: testSearchParam.slug
        }
    );
    
    res.render(&quot;Test&quot;, testRes);
});
  
module.exports = router;


and here is my schema for the Test data format:



const mongoose = require('mongoose');

const URLSlugs = require('mongoose-url-slugs');

const { toJSON } = require('../plugins');


const TestSchema = new mongoose.Schema({

  title: {
    type: String,
    required: true
  }},
  {
    collection: 'test'
  }
);

TestSchema.plugin(URLSlugs('title'));

TestSchema.plugin(toJSON);


/**
 * @typedef Test
 */

const Test = mongoose.model('Test', TestSchema);

module.exports = Test;
</code></pre>; Answer: @SergeBallesta I dont see any getUID method in message","[-0.0002532373182475567, 0.024682508781552315, 0.00653897225856781, -0.0037949695251882076, -0.029278375208377838, 0.010327182710170746, 0.0013542600208893418, -0.005900281947106123, -0.01202359888702631, -0.027061544358730316, 0.01954595185816288, 0.011050356552004814, -0.003609107108786702, 0.018072569742798805, -0.023411886766552925, -0.007508835289627314, 0.010915183462202549, -0.0037645555566996336, 0.022560298442840576, -0.00034363396116532385, 0.002333416137844324, -0.009583733975887299, -0.00040784094016999006, 0.006312558427453041, -0.0076575251296162605, -0.0041058664210140705, 0.017099328339099884, -0.022600850090384483, 0.0041193836368620396, 0.008076559752225876, -0.0022725884336978197, 0.006302420515567064, -0.018099604174494743, -0.03557741641998291, -0.029494650661945343, -0.004595866892486811, 0.005852971691638231, -0.02685878612101078, 0.019194502383470535, 0.00463979784399271, 0.021140987053513527, -0.01703174225986004, -0.024412162601947784, -0.02715616673231125, -0.015652982518076897, 0.02673713117837906, 0.002433106070384383, -0.03695617616176605, -0.0002766813267953694, 0.010002768598496914, 0.03738872706890106, 0.030413825064897537, -0.022046644240617752, -0.003754417644813657, -0.014112014323472977, 0.013618635013699532, 0.02055974490940571, 0.021330228075385094, 0.033279482275247574, -0.001100811525247991, 0.031549274921417236, 0.013469944708049297, -0.007745387498289347, -0.016072016209363937, -0.00984732061624527, 0.0011295356089249253, 0.004511383827775717, 0.015517809428274632, -0.007535869721323252, -0.02293878234922886, 0.02406071498990059, 0.018518639728426933, 0.0004515608015935868, -0.018451053649187088, 0.012564288452267647, -0.009732424281537533, -0.03906486928462982, -0.005623178090900183, 0.011949253268539906, 0.006434213370084763, 0.018788984045386314, -0.013172565028071404, -0.026088302955031395, 0.032711759209632874, 0.012922496534883976, -0.007711593993008137, 0.004812142811715603, 0.028088856488466263, -0.0051703499630093575, -0.024668991565704346, -0.021289676427841187, 0.013895738869905472, 0.019789261743426323, -0.013084703125059605, 0.007508835289627314, 0.0001416143641108647, -0.02304692007601261, 0.04498542472720146, -0.017099328339099884, -0.0047817290760576725, -0.02995423786342144, 0.00886731967329979, -0.0168965682387352, -0.02700747549533844, -0.004572211764752865, 0.017342638224363327, -0.011307183653116226, 0.004528280347585678, 0.006045592483133078, -0.0032204859890043736, 0.0018079328583553433, 0.03398238122463226, -0.011009804904460907, 0.0026916235219687223, -0.0033032791689038277, 0.0007776645943522453, 0.0007683715084567666, -0.03519893437623978, -0.018667329102754593, -0.005565729923546314, 0.01643698289990425, 0.0265884418040514, 0.024317542091012, -0.01590980961918831, 0.01786981150507927, 0.00843476690351963, -0.018086086958646774, 0.0029349341057240963, -0.02065436542034149, -0.010861114598810673, 0.029035065323114395, 0.017220983281731606, 0.004568832460790873, 0.028494374826550484, -0.009489113464951515, 0.02660195901989937, -0.010861114598810673, 0.009529665112495422, -0.03598293289542198, -0.029224306344985962, 0.028764719143509865, 0.024777129292488098, 0.006883662194013596, 0.008387456648051739, -0.024385128170251846, 0.03292803466320038, 0.0004302288871258497, 0.014693256467580795, 0.030278651043772697, 0.006207799538969994, 0.011097666807472706, -0.011611321941018105, -0.008238767273724079, -1.9483855794533156e-05, -0.00748855946585536, 0.01573408581316471, -0.010482631623744965, 0.0028115890454500914, 0.0006538972374983132, -0.007738628890365362, 0.023398369550704956, 0.020316435024142265, -2.1028308765380643e-05, -0.01869436353445053, 0.022154781967401505, 0.02178981527686119, 0.014436428435146809, -0.01618015393614769, -0.010631320998072624, -0.023398369550704956, -0.016856016591191292, 0.0019464847864583135, -0.041822388768196106, 0.020329952239990234, -0.008657801896333694, -0.0012368288589641452, -0.006028695963323116, 0.008745663799345493, -0.010252838023006916, -0.008961940184235573, -0.03236030787229538, -0.00907683651894331, -0.0011548805050551891, 0.04187645763158798, -0.024979887530207634, -0.0029518306255340576, 0.013564566150307655, -0.014206635765731335, -0.023452438414096832, -0.017815742641687393, 0.016856016591191292, -0.010306906886398792, -0.004132900852710009, -0.011969530023634434, -0.609898567199707, -0.02065436542034149, 0.030278651043772697, -0.001505484338849783, -0.018924158066511154, 0.007299317978322506, -0.014733808115124702, 0.00794814620167017, -0.014017393812537193, 0.0362803116440773, -0.024371610954403877, 0.02798071876168251, 0.0035989691969007254, -0.007752146106213331, 0.014517532661557198, 0.0023655197583138943, 0.03598293289542198, -0.018910640850663185, 0.008847043849527836, -5.961320857750252e-05, -0.005873247515410185, 0.0017023293767124414, 0.00344521040096879, 0.016396431252360344, -0.01814015582203865, 0.020924711599946022, 0.011699184775352478, -0.01911339908838272, 0.002659519901499152, 0.032441411167383194, -0.031873688101768494, 0.02320912666618824, 0.007752146106213331, -0.003212037729099393, 0.05628585070371628, -0.01757243275642395, -0.01799146644771099, 0.013422634452581406, -0.0019211398903280497, 0.03160334378480911, -0.0025125197134912014, 0.004274832084774971, -0.0033015895169228315, -0.004994625691324472, -0.008522629737854004, -0.007170903962105513, 0.05355536565184593, 0.00829959474503994, -0.0008921388653106987, -0.012415599077939987, 0.016531603410840034, 8.353241719305515e-05, 0.0027473820373415947, 0.02293878234922886, 0.014801394194364548, -0.0205191932618618, 0.03630734607577324, -0.004298487212508917, 0.01742374151945114, -0.0010948976268991828, -0.0002327502443222329, 0.0170047078281641, -0.0351448655128479, -0.007941387593746185, -0.026912854984402657, 0.022614367306232452, 0.020884159952402115, -0.010117665864527225, -0.012124978005886078, -0.007279042154550552, 0.01243587490171194, 0.019072847440838814, -0.0039808317087590694, -0.00151984638068825, -0.0017961052944883704, 0.02349299006164074, 0.01462567038834095, -0.009935182519257069, -0.003431693185120821, 0.006893800105899572, 0.023857954889535904, 0.0011498115491122007, -0.03203589469194412, -0.005531936883926392, 0.017220983281731606, -0.01110442541539669, -0.043390389531850815, -0.010631320998072624, 0.024993404746055603, 0.0035617968533188105, 0.01673436164855957, 0.0028588995337486267, -0.02908913418650627, -0.002750761341303587, 0.0010627942392602563, 0.02518264576792717, -0.006481524091213942, 0.01554484385997057, 0.008400973863899708, -0.018532156944274902, -0.029224306344985962, 0.015071739442646503, 0.004633039236068726, 0.02308747172355652, 0.04866211861371994, 0.02941354736685753, -0.01770760491490364, 0.00656938599422574, 0.0015857430407777429, -0.037767212837934494, -0.015382636338472366, 0.0225062295794487, -0.01657215505838394, -0.018356433138251305, -0.029008029028773308, -0.03314431011676788, 0.027061544358730316, -0.007860284298658371, 0.025493543595075607, 0.004460694268345833, 0.004342418164014816, 0.02334430068731308, 0.017977949231863022, -0.021695194765925407, -0.018491605296730995, -0.009401250630617142, 0.0005711040575988591, -0.026628993451595306, 0.0056671095080673695, 0.0303867906332016, 0.020019054412841797, -0.013165806420147419, 0.03330651670694351, -0.02954871952533722, 0.01237504743039608, -0.003377624088898301, 0.027034509927034378, 0.030981549993157387, 0.02095174603164196, -0.005653591826558113, -0.005386626347899437, 5.9203994169365615e-06, -0.0018687605625018477, -0.010739459656178951, -0.0035753140691667795, 0.0020816572941839695, -0.02168167755007744, -0.005707661155611277, -0.009752700105309486, 0.0016491051064804196, -0.012307461351156235, -0.009171457961201668, -0.006562627386301756, -0.0034604172687977552, -0.019167467951774597, 0.0019143812824040651, -0.000800052541308105, -0.041416868567466736, -0.001368622062727809, -0.015355601906776428, 0.006228075362741947, 0.03928114473819733, -0.021911470219492912, 0.011597804725170135, -0.025493543595075607, -0.01554484385997057, -0.02093822881579399, 0.018653811886906624, -0.01532856747508049, -0.014598635956645012, -0.022736024111509323, 0.005227798596024513, -0.02196553908288479, -0.011705943383276463, 0.003663176205009222, 0.03782128170132637, -0.039010800421237946, -0.028305131942033768, -0.002836934057995677, -0.011557253077626228, 0.009266078472137451, 0.011780288070440292, 0.0060827648267149925, 0.0025682784616947174, 0.014436428435146809, 0.019343191757798195, 0.034550104290246964, 0.027926649898290634, -0.009184975177049637, 0.021627608686685562, 0.008630767464637756, -0.0151933953166008, -0.046066805720329285, -0.007022214122116566, -0.03895673155784607, 0.020573262125253677, 0.004139659460633993, 0.01882953755557537, -0.016977673396468163, 0.003990969620645046, -0.013659186661243439, 0.01645050011575222, 0.009928423911333084, -0.022411609068512917, -0.006299040745943785, -0.03306320682168007, 0.003012658329680562, -0.01830236427485943, 0.013233392499387264, 0.012719737365841866, 0.03163037821650505, -0.013118496164679527, 0.013726772740483284, -0.022411609068512917, -0.012483185157179832, 0.01631532795727253, -0.016801947727799416, -0.008786216378211975, -0.011293666437268257, 0.010523183271288872, -0.02110043540596962, -0.019478365778923035, 0.007231731433421373, 0.005890144035220146, -0.015504292212426662, 0.036902107298374176, -0.01659918949007988, 0.013179323635995388, -0.024533817544579506, -0.035361140966415405, 0.00029780203476548195, 0.01759946718811989, 0.007718352600932121, 0.013111737556755543, 0.006819455418735743, 0.021032849326729774, 0.007812973111867905, -0.00512979831546545, 0.05644805729389191, -0.024817680940032005, -0.0038186246529221535, 0.017342638224363327, 0.015693534165620804, -0.011003045365214348, 0.016139602288603783, 0.027061544358730316, 0.02462843991816044, 0.01590980961918831, 0.0010002768831327558, 0.02771037258207798, -0.0064071789383888245, 0.020465124398469925, 0.01713987998664379, -0.020032571628689766, 0.030008306726813316, -0.0017116224626079202, 0.00027879339177161455, 0.017329121008515358, 0.012753530405461788, 0.031549274921417236, 0.010489390231668949, -0.019045813009142876, 0.02627754397690296, -0.021438367664813995, 0.010293389670550823, 0.027453545480966568, -0.015693534165620804, -0.02223588526248932, -0.006488282699137926, -0.024804163724184036, -0.001397346262820065, -0.027791477739810944, -0.00045240562758408487, -0.005690764635801315, 0.010617803782224655, 0.005717799067497253, 0.016261257231235504, 0.0076575251296162605, 0.024925818666815758, 0.021276159211993217, -0.014693256467580795, -0.0028166580013930798, 0.007076282985508442, 0.008029249496757984, 0.010516424663364887, -0.023966094478964806, 0.01202359888702631, 0.02784554660320282, -0.006363247986882925, 0.008428008295595646, -0.007042489945888519, 0.021059883758425713, 0.0043187630362808704, -0.02502043917775154, -0.007434490602463484, 0.024222921580076218, 0.03533410653471947, 0.013564566150307655, 0.0036665555089712143, -0.009806768968701363, -0.005092625971883535, 0.047607772052288055, -0.017220983281731606, 0.005261591635644436, 0.03884859010577202, 0.007569662760943174, -0.007454766426235437, -0.02446623146533966, 0.040578801184892654, 0.0027321751695126295, -0.022330505773425102, -0.01759946718811989, -0.008279318921267986, 0.01055021770298481, -0.020181262865662575, 0.005656971130520105, -0.018059052526950836, -0.007454766426235437, 0.013321255333721638, 0.012496702373027802, -0.01759946718811989, -0.02827809751033783, -0.023884989321231842, 0.013807876035571098, 0.037064313888549805, 0.020776022225618362, -0.005227798596024513, -0.006278764922171831, 0.007981939241290092, 0.0050554536283016205, -0.032414376735687256, -0.0236416794359684, 0.0007464059162884951, -0.007252007257193327, -0.019153950735926628, 0.01138152927160263, 0.006038833875209093, 0.006011799443513155, 0.01427422184497118, -0.025831473991274834, 0.023871472105383873, -0.01659918949007988, 0.0073195938020944595, -0.02138429880142212, 0.0018096225103363395, -0.011090908199548721, 0.010232562199234962, 0.021154504269361496, 0.026047751307487488, 0.007001938298344612, -0.0051061431877315044, 0.02308747172355652, 0.010894907638430595, -0.03444196656346321, 0.01588277518749237, 0.0007413369603455067, 0.02603423409163952, 0.010861114598810673, -0.011591046117246151, 0.05558295547962189, 0.016004430130124092, -0.005852971691638231, -0.00374427973292768, 0.027372442185878754, 0.0006581213674508035, 0.01153021864593029, -0.00290114083327353, 0.02618292346596718, 0.021992573514580727, -0.0251691285520792, -0.010300148278474808, -0.008259043097496033, 0.04122762754559517, 0.011577528901398182, -0.006174006499350071, -0.007123593706637621, -0.03414458781480789, -0.009029526263475418, 0.030035341158509254, -0.0016600879607722163, 0.010948976501822472, -0.00664711045101285, -0.022560298442840576, -0.017356155440211296, -0.01125311478972435, -0.011942494660615921, 0.014395876787602901, -0.0030346238054335117, 0.010955735109746456, -0.01843753643333912, -0.017491327598690987, 0.02307395450770855, -0.02168167755007744, 0.017964432016015053, -0.005565729923546314, -0.03181961923837662, -0.021465402096509933, -0.000719371426384896, 0.0035212449729442596, 0.016491051763296127, 0.014936567284166813, -0.015369119122624397, 0.016639741137623787, 0.01477435976266861, -0.04209273308515549, -0.010455597192049026, -0.021843884140253067, -0.002676416654139757, -0.008137388154864311, -0.016680292785167694, 0.01195601187646389, 0.013557806611061096, -0.028088856488466263, 0.00828607752919197, -0.0007992077153176069, 0.0009825355373322964, -0.019302640110254288, 0.009448561817407608, 0.03641548752784729, -0.011374770663678646, 0.002412830013781786, 0.028872856870293617, 0.007400697097182274, 0.00463979784399271, 0.0037138659972697496, -0.010104148648679256, -0.010050078853964806, 0.019167467951774597, 0.012030357494950294, 0.01588277518749237, 0.009272837080061436, 0.017275052145123482, -0.011922218836843967, 0.003223865292966366, -0.0015789844328537583, -0.010617803782224655, 0.008759181015193462, 0.004440418444573879, 0.0062314546667039394, 0.01713987998664379, 0.010969252325594425, 0.020019054412841797, -0.0062922821380198, -0.009698630310595036, 0.0012993462150916457, -0.02684526890516281, 0.045499082654714584, -0.0005009832675568759, -0.009604009799659252, 0.01939726062119007, -0.0005115436506457627, -0.013699738308787346, -0.021154504269361496, -0.014030911028385162, -0.021059883758425713, 0.010388011112809181, -0.011205804534256458, 0.010360975749790668, -0.017342638224363327, -0.022046644240617752, 0.02193850465118885, -0.01202359888702631, -0.004305245820432901, 0.01643698289990425, -0.0039673144929111, -0.009124147705733776, -0.024101266637444496, -0.0024854852817952633, 0.007616973482072353, -0.0351448655128479, -0.030332721769809723, -0.00012408418115228415, 0.035955898463726044, 0.025520578026771545, -3.210348222637549e-05, 0.013057668693363667, -0.021019332110881805, -0.007461525034159422, -0.007387179881334305, -0.029170237481594086, -0.026128854602575302, 0.010279872454702854, 0.024520300328731537, 0.0234659556299448, 0.019572986289858818, -0.008671319112181664, 0.038902658969163895, 0.009840562008321285, 0.0015088636428117752, 0.0102595966309309, -0.0012089494848623872, -0.011057115159928799, -0.015274498611688614, 0.015585395507514477, 0.021870918571949005, 0.01392277330160141, 0.03544224426150322, 0.008826768025755882, -0.016923604533076286, 0.023736299946904182, -0.029224306344985962, 0.005011522211134434, -0.008110352791845798, -0.06699151545763016, 0.0020275881979614496, 0.027507614344358444, -0.017342638224363327, -0.006843110546469688, -0.039443351328372955, -0.006417316850274801, 0.024222921580076218, -0.006059109698981047, 0.017937397584319115, 0.001558708492666483, 0.02054622769355774, -8.897099905880168e-05, 0.012794082053005695, -0.01688305102288723, 0.00041840129415504634, 0.0006091213435865939, -0.025777405127882957, -0.016072016209363937, -0.03582072630524635, -0.0011607942869886756, -0.01828884705901146, 0.02558816410601139, 0.002179657341912389, 0.023425403982400894, -0.015260981395840645, 0.0323062390089035, -0.01857270859181881, -0.002117140218615532, -0.011422080919146538, -0.004761453252285719, -0.02798071876168251, -0.037415761500597, -0.01082732155919075, -0.02362816222012043, -0.009164699353277683, 0.02361464500427246, 0.00534607470035553, 0.006667386274784803, -0.03460417315363884, -0.006609937641769648, -0.010698908008635044, -0.012483185157179832, 0.02868361584842205, -0.0012021908769384027, 0.015031187795102596, 0.037469830363988876, -0.0038084867410361767, -0.03955148905515671, 0.005264970939606428, 0.01854567416012287, 0.002466899110004306, 0.037740178406238556, 0.03306320682168007, -0.008833526633679867, -0.04401218146085739, 0.008110352791845798, -0.02557464689016342, -0.00921876821666956, -0.007975180633366108, 0.013233392499387264, 0.007880560122430325, -0.019910916686058044, -0.010117665864527225, 0.015247464179992676, -0.011090908199548721, 0.011611321941018105, -0.014801394194364548, 0.003365796525031328, -0.005805660970509052, -0.017964432016015053, -0.0036834520287811756, 0.0024077610578387976, 0.006248351186513901, 0.05298764258623123, 0.018194226548075676, 0.004011245444417, -0.019937951117753983, -0.0014167773770168424, -0.012138495221734047, 0.031711481511592865, 0.030278651043772697, 0.03668583184480667, -0.030981549993157387, 0.020992297679185867, 0.016910085454583168, 0.011016563512384892, 0.010192010551691055, 0.007265524938702583, 0.008569939993321896, 0.033820170909166336, -0.010117665864527225, 0.009827044792473316, 0.007900835946202278, 0.010313665494322777, -0.024520300328731537, 0.012915736995637417, -0.00404165918007493, -0.04093024879693985, -0.006555868778377771, -0.012442633509635925, 0.02979203127324581, 0.0042207627557218075, -0.0036935899406671524, -0.007758904714137316, -0.009901389479637146, -0.008833526633679867, -0.00990814808756113, -0.006045592483133078, -0.009928423911333084, -0.020924711599946022, -0.013098220340907574, -0.010435321368277073, 0.013449668884277344, 0.02881878800690174, -0.02854844368994236, -0.0028403133619576693, 0.00030477187829092145, 0.021776298061013222, -0.03625327721238136, -0.004301866516470909, -0.011266632005572319, -0.026412716135382652, 0.009739182889461517, 0.006255109794437885, 0.008907871320843697, -0.009036284871399403, 0.005883385427296162, -0.0030177272856235504, -0.03671286627650261, 0.0052446951158344746, 0.004595866892486811, 0.00404165918007493, -0.0002411985187791288, -0.01855919137597084, 0.03879452124238014, -0.02406071498990059, 0.004261314868927002, -0.026656027883291245, -0.021614091470837593, 0.060395095497369766, -0.0025463129859417677, -0.022844161838293076, -0.02898099459707737, -0.0061807651072740555, -0.018505122512578964, -0.007346628233790398, 0.011584287509322166, 0.004883108660578728, -0.03160334378480911, -0.02981906570494175, 0.008340146392583847, 0.012057391926646233, -0.003676693420857191, -0.02631809562444687, -0.025696301832795143, -0.014936567284166813, -0.023574093356728554, 0.011462632566690445, 0.0019278984982520342, 0.014639187604188919, -0.001112639089114964, -0.009935182519257069, 0.009800010360777378, 0.02039753831923008, -0.04433659836649895, -0.004305245820432901, -0.04390404373407364, -0.045796461403369904, -0.0198433306068182, -0.01476084254682064, -0.025899061933159828, 0.039605557918548584, 0.019018778577446938, -0.024439197033643723, -0.016977673396468163, -0.007900835946202278, -0.04877025634050369, -0.014490497298538685, -0.005352833308279514, -0.017910363152623177, 0.04909466952085495, 0.01350373774766922, -0.0011768460972234607, 0.010671872645616531, 0.007988697849214077, 0.02320912666618824, -0.023303749039769173, -0.0008177939453162253, 0.0106853898614645, 0.010658355429768562, 0.020911194384098053, 0.0027980718296021223, -0.02771037258207798, -0.013186082243919373, 0.008090076968073845, -0.010651596821844578, 0.03657769411802292, 0.037496864795684814, -0.006616696249693632, -0.01701822504401207, -0.0038997281808406115, -0.0010687080211937428, -0.0003487029462121427, -0.015828706324100494, 0.01885657198727131, -0.022114230319857597, -0.028169959783554077, 0.014558084309101105, 0.004065314307808876, 0.021695194765925407, -0.000264220085227862, 0.027318373322486877, -0.001926208846271038, 0.029981272295117378, -0.00640042033046484, 0.00877945777028799, -0.01084083877503872, -0.015071739442646503, 0.04744556546211243, -0.025939613580703735, 0.014923050068318844, 0.02954871952533722, -0.0012985013891011477, -0.004744556732475758, -0.005339315626770258, 0.03984886780381203, 0.0006348885945044458, 1.4599691894545685e-05, 0.008975457400083542, -0.014260704629123211, -0.019059330224990845, -0.01814015582203865, 0.028332166373729706, -0.021614091470837593, -0.001748794922605157, -0.009090353734791279, 0.004913522396236658, -0.023168575018644333, -0.010016285814344883, 0.01703174225986004, -0.017491327598690987, -0.018356433138251305, 0.005978005938231945, -0.007785939145833254, 0.0021086917258799076, -0.014720290899276733, 0.010428562760353088, 0.0025023818016052246, -0.007346628233790398, 0.0018772088224068284, -0.011868149973452091, -0.02660195901989937, 0.012077667750418186, 0.000664879975374788, -0.0020123813301324844, -0.013557806611061096, 0.19486474990844727, -0.009887872263789177, 0.0020444849506020546, 0.014395876787602901, 0.0022320367861539125, -0.026791200041770935, 0.005116281099617481, 0.009901389479637146, -0.032684724777936935, 0.020735468715429306, -0.0036834520287811756, 0.016234222799539566, 0.017910363152623177, -0.009178216569125652, 0.009604009799659252, -0.001424380810931325, -0.04931094869971275, -0.008624008856713772, 0.0022168299183249474, -0.016112567856907845, 0.03625327721238136, 0.00920525100082159, -0.017815742641687393, -0.009901389479637146, 0.0079346289858222, -0.0043187630362808704, 0.010746218264102936, 0.011239597573876381, 0.004825660027563572, 0.003558417549356818, -0.01730208657681942, -0.016666775569319725, 0.021316710859537125, -0.002363830106332898, -0.023722782731056213, -0.00014742257189936936, 0.01484194677323103, 0.011618080548942089, -0.0015206912066787481, 0.01703174225986004, 0.012395323254168034, -0.019099881872534752, 0.03081934154033661, -0.008975457400083542, -0.009725664742290974, -0.009928423911333084, -0.011584287509322166, -0.002659519901499152, 0.031414102762937546, 0.02627754397690296, 0.0007303542224690318, 0.008015732280910015, 0.03292803466320038, 0.016139602288603783, 0.014139048755168915, -0.027264304459095, 0.0026020717341452837, -0.003990969620645046, -0.002128967782482505, 0.01534208469092846, 0.005400143563747406, 0.025777405127882957, 0.006214558146893978, 0.04201162979006767, -0.008982216008007526, -0.004143038764595985, -0.02126264199614525, -0.020316435024142265, 0.004497866611927748, -0.005234557203948498, -0.014368842355906963, -0.008988974615931511, 0.008211732842028141, 0.012740013189613819, 0.00393690075725317, -0.025520578026771545, 0.007941387593746185, 0.0011675528949126601, 0.03181961923837662, 0.02995423786342144, -0.03906486928462982, -0.013807876035571098, -0.011780288070440292, -0.016964156180620193, -0.017531879246234894, -0.011131459847092628, 0.020924711599946022, 0.003433382837101817, 0.011293666437268257, -0.002433106070384383, -0.007252007257193327, 0.016085533425211906, -0.021762780845165253, 0.022952299565076828, -0.012956289574503899, 0.005640074610710144, -0.003639521077275276, 0.022898230701684952, -0.0018349674064666033, -0.00970538891851902, -0.03519893437623978, 0.029927203431725502, 0.024304024875164032, -0.011057115159928799, -0.024858232587575912, 0.0015046395128592849, 0.006599799729883671, 0.007616973482072353, -0.01857270859181881, 0.0059070405550301075, 0.00013950229913461953, -0.05931371450424194, -0.0035617968533188105, -0.007745387498289347, 0.005278488155454397, -0.004072073381394148, 0.012260150164365768, -0.014504014514386654, 0.008556422777473927, 0.010110907256603241, 0.009387733414769173, -0.005954350810497999, 0.002061381470412016, 0.002919727237895131, 0.006201040931046009, -0.005852971691638231, -0.02727782167494297, 0.010543459095060825, 0.01069214940071106, -0.01379435881972313, 0.01018525194376707, -0.0024381750263273716, -0.017396707087755203, -0.006174006499350071, 0.0013322944287210703, 0.024155335500836372, 0.006782283075153828, -0.020154228433966637, 0.004785108380019665, 0.0039031074848026037, 0.003119106637313962, -0.013057668693363667, 0.035496313124895096, -0.027791477739810944, 0.004545176867395639, -0.03814569488167763, -0.005592764355242252, -0.009867596440017223, -0.001286673708818853, -0.01576112024486065, -0.018369950354099274, 0.007840008474886417, 0.0014142427826300263, -0.027169683948159218, -0.008394215255975723, -0.01111794263124466, 0.0035043484531342983, -0.05834047496318817, -0.012050633318722248, -0.007245248649269342, -0.026669545099139214, 0.020086640492081642, -0.006670765578746796, 0.005859730299562216, -0.031981825828552246, -0.025628715753555298, -0.1703174114227295, 0.03222513571381569, 0.03203589469194412, -0.03598293289542198, -0.020586779341101646, 0.014233670197427273, 0.021614091470837593, 0.005150074139237404, -0.008319870568811893, -0.00773186981678009, 0.01512580830603838, -0.02561519853770733, -0.040011074393987656, -0.032684724777936935, -0.018113121390342712, 0.0070830415934324265, -0.014125531539320946, -0.0018755191704258323, 0.019059330224990845, 0.019586503505706787, 0.03641548752784729, -0.03898376598954201, 0.006664006970822811, -0.010171734727919102, -0.0055691092275083065, -0.0003375089727342129, 0.007941387593746185, 0.00871187075972557, -0.009637802839279175, -0.005494764074683189, -0.014679739251732826, 0.012165529653429985, 0.014639187604188919, -0.01812663860619068, 0.01364566944539547, 0.010192010551691055, 0.008049525320529938, -5.8134759456152096e-05, -0.018032018095254898, 0.022411609068512917, 0.002911278745159507, 0.0004023495421279222, -0.012854909524321556, 0.025655750185251236, 0.004636418540030718, 0.021330228075385094, 0.007961663417518139, 0.028359200805425644, 0.028764719143509865, -0.009225526824593544, 0.00998249277472496, -0.026520855724811554, -0.009860837832093239, 0.005146694835275412, -0.006579523906111717, 0.014179600402712822, 0.005950971506536007, 0.0027642787899821997, -0.006653869058936834, -0.019613537937402725, 0.006603179033845663, -0.026615476235747337, 0.002433106070384383, -0.002063071122393012, -0.019627055153250694, -0.016491051763296127, -0.03081934154033661, 0.007001938298344612, -0.039578523486852646, 0.007414214313030243, -0.021127469837665558, 0.023979611694812775, 0.010698908008635044, 0.02223588526248932, 0.013436151668429375, 0.014963601715862751, -0.01096249371767044, 0.0094958720728755, -0.006072626914829016, 0.01075297687202692, -0.017964432016015053, -0.001043363125063479, -0.02374981716275215, 0.02881878800690174, -0.011246356181800365, 0.005329177714884281, 0.009178216569125652, -0.002830175217241049, 0.0002743580553214997, 0.0027423130813986063, 0.008204974234104156, -0.016856016591191292, -0.009745941497385502, -0.015707051381468773, 0.003012658329680562, 0.015247464179992676, 0.010516424663364887, 0.024074232205748558, -0.01773463934659958, -0.013145530596375465, 0.00948235485702753, -0.027953684329986572, -0.03792941942811012, -0.004437039140611887, 0.021735746413469315, 0.020505676046013832, 0.013841669075191021, 0.01104359794408083, 0.05150074139237404, -0.011584287509322166, -0.012503460980951786, 0.013071185909211636, 0.0007012076093815267, 0.01686953380703926, -0.0062922821380198, 0.019640572369098663, 0.011259873397648335, -0.0011050356552004814, 0.028359200805425644, -0.004927039612084627, 0.04658045992255211, -0.001953243277966976, 0.004558694548904896, 0.0037746934685856104, 0.005923937074840069, -0.005521798972040415, -0.08196863532066345, -0.02656140737235546, 0.0006357334204949439, 0.027399476617574692, -0.02164112590253353, -0.0075966976583004, 0.012902219779789448, 0.039875902235507965, 0.020275883376598358, 0.01995146833360195, -0.04179535433650017, -0.027467062696814537, -0.012334495782852173, 0.018059052526950836, -0.020640848204493523, 0.003304968820884824, -0.010834080167114735, -0.004190349020063877, -0.021776298061013222, 0.038767486810684204, -0.020316435024142265, -0.015720568597316742, -0.00955669954419136, -0.00615710997954011, -0.024844715371727943, 0.011246356181800365, -0.01742374151945114, 0.0034840726293623447, 0.010671872645616531, -0.01816719025373459, 0.005562350619584322, -0.014112014323472977, 0.024993404746055603, -0.005156832747161388, -0.022316988557577133, -0.0071573867462575436, -0.020275883376598358, 0.014260704629123211, 0.04320114850997925, -0.012611599639058113, 0.0014590187929570675, -0.0010357596911489964, 0.007880560122430325, -0.014855463989078999, -0.013165806420147419, -0.0035415207967162132, -0.0315222404897213, 0.05990847572684288, 0.0008803112432360649, -0.029197271913290024, -0.01927560567855835, -0.0031697964295744896, -0.0007916042814031243, -0.03506375849246979, 0.06991124153137207, 0.021059883758425713, -0.002968727145344019, 0.024655474349856377, -0.006579523906111717, 0.02952168509364128, -0.034387897700071335, -0.012469667941331863, -0.001559553318656981, -0.014139048755168915, 0.033117275685071945, 0.0023351057898253202, -0.010732701048254967, -0.02841327153146267, -0.016207188367843628, -0.014044428244233131, -0.01131394226104021, -0.009326905943453312, -0.030413825064897537, -0.005356212612241507, -0.01062456239014864, 0.013787600211799145, 0.008157663978636265, 0.002265829825773835, -0.018951192498207092, -0.030630100518465042, 0.021884435787796974, 0.015098773874342442, -0.008556422777473927, -0.014206635765731335, 0.02011367678642273, 0.02881878800690174, 0.007076282985508442, 0.010009527206420898, -0.014098497107625008, -0.049851637333631516, 0.0021627608221024275, 0.008110352791845798, 0.02234402298927307, -0.011584287509322166, -0.010442079976201057, 0.0170047078281641, -0.015585395507514477, 0.003916624933481216, -0.005974626634269953, -0.0009284664993174374, -0.023601127788424492, -0.02219533361494541, -0.037632036954164505, 0.01954595185816288, -0.009509389288723469, -0.01673436164855957, -0.00767104234546423, -0.001966760726645589, -0.040146246552467346, -0.031846653670072556, 0.01645050011575222, 0.030765272676944733, 0.006059109698981047, -0.006008420139551163, -0.00209010555408895, -0.004734418820589781, -0.004136280156672001, 0.011246356181800365, 0.01885657198727131, 0.011280149221420288, 0.00026907786377705634, 0.0070965588092803955, -0.004785108380019665, 0.0034350724890828133, -0.009232285432517529, 0.017626501619815826, -0.01758594997227192, 0.007745387498289347, -0.010381252504885197, -0.005102763883769512, -0.02376333437860012, -0.024236438795924187, 0.012672427110373974, -0.033712033182382584, -0.01631532795727253, 0.017342638224363327, 0.008684836328029633, -0.01799146644771099, 0.01370649691671133, 0.020478641614317894, 0.023884989321231842, 0.028169959783554077, -0.03108968771994114, -0.02871065028011799, -0.013348289765417576, -0.025412440299987793, -0.0042680734768509865, -0.015774637460708618, -0.01911339908838272, 0.009380974806845188, 0.015774637460708618, 0.004839177243411541, 0.045228734612464905, 0.01826181262731552, -0.03844307363033295, -0.018451053649187088, -0.011928977444767952, -0.03309024125337601, 0.012625116854906082, 0.031549274921417236, -0.017329121008515358, 0.012963048182427883, 0.05612364411354065, -0.014044428244233131, -0.0060320752672851086, -0.016112567856907845, 0.0254529919475317, -0.0014362083747982979, -0.024844715371727943, 0.010570493526756763, 0.0009402940631844103, 0.0003761598782148212, -0.002497312845662236, 0.005565729923546314, 0.008610491640865803, 0.0362803116440773, 0.00404165918007493, 0.006552489474415779, -0.020167745649814606, -0.006403799634426832, -0.014233670197427273, 0.003394520841538906, 0.02123560756444931, -0.008529388345777988, 0.007218214217573404, 0.009347181767225266, 0.020600296556949615, 0.009090353734791279, 0.003304968820884824, 0.02462843991816044, 0.024560851976275444, -0.0031157273333519697, -0.04809439554810524, 0.010320424102246761, -0.023803886026144028, 0.02293878234922886, 0.008738905191421509, -0.0216546431183815, -0.02403368055820465, -0.0061942823231220245, 0.03130596503615379, 0.01251021958887577, 0.0064071789383888245, 0.0010889838449656963, -0.000678819662425667, -0.011307183653116226, -0.023533541709184647, -0.004805384203791618, -0.04909466952085495, -0.03825383260846138, 0.0034637965727597475, 0.02193850465118885, 0.00023634075478184968, -0.014882498420774937, -0.018667329102754593, 0.0004027719551231712, -0.02546650916337967, 0.021059883758425713, -0.02543947473168373, 0.016545120626688004, -0.010178493335843086, 0.014882498420774937, 0.026372164487838745, -0.0015249153366312385, 0.022262919694185257, -0.02530430257320404, 0.022668438032269478, -0.005329177714884281, -0.002117140218615532, -0.039145972579717636, 0.008015732280910015, -0.013064427301287651, 0.0028149683494120836, 0.008211732842028141, -0.005700902547687292, -0.0008469405001960695, -0.011989805847406387, -0.008569939993321896, 0.01674787886440754, 0.0012233116431161761, 0.0005740609485656023, 0.07964366674423218, 0.004437039140611887, 0.0065186964347958565, 0.0014700015308335423, 0.003869314445182681, 0.030576031655073166, -0.010164976119995117, 0.012212839908897877, 0.00822525005787611, -0.020600296556949615, 0.026777682825922966, -0.003293141257017851, 0.005863109603524208, -0.01223311573266983, -0.0349285863339901, 0.006089523434638977, 0.009637802839279175, 0.01713987998664379, 0.007224972825497389, -0.002576726721599698, -0.0055826264433562756, 0.016545120626688004, 0.024249956011772156, 0.007610214874148369, -0.010097390040755272, 0.003974073100835085, 0.011793805286288261, -0.010834080167114735, -0.009198492392897606, -0.027088578790426254, 0.010293389670550823, 0.027507614344358444, -0.023263195529580116, -0.011111184023320675, -0.01090166624635458, -0.008624008856713772, 0.006410558242350817, -0.0051838671788573265, 0.008259043097496033, 0.004088969901204109, 0.011280149221420288, -0.011401805095374584, -0.023601127788424492, -0.020194780081510544, 0.005403522867709398, -0.015220429748296738, 0.007062765769660473, -0.00906331930309534, -0.03768610954284668]","[0.005339890252798796, 0.025719473138451576, 0.012893068604171276, -0.0025549475103616714, -0.02535947971045971, 0.012173083610832691, 0.0010491451248526573, -0.0028232752811163664, -0.0007737341220490634, -0.027919426560401917, 0.023639515042304993, 0.0030599371530115604, -0.006873192265629768, 0.015146356076002121, -0.022826198488473892, -0.010199790820479393, 0.011119771748781204, -0.00391658628359437, 0.025226149708032608, -0.003364930860698223, 0.00935314130038023, -0.021892884746193886, -0.0035465939436107874, 0.0067031956277787685, -0.008406493812799454, -0.011766425333917141, 0.007859839126467705, -0.019852925091981888, 0.007839838974177837, 0.001387471565976739, -0.0009283142862841487, -0.0011433098698034883, -0.019586265087127686, -0.03303932026028633, -0.021999549120664597, -0.0010449785040691495, 0.004096582531929016, -0.022172877565026283, 0.012959733605384827, -0.006626530550420284, 0.013733051717281342, -0.018012963235378265, -0.02261286973953247, -0.019119607284665108, -0.02095956914126873, 0.024932822212576866, -0.004489907994866371, -0.03613259270787239, -0.0018766281427815557, 0.008179832249879837, 0.03626592084765434, 0.026586120948195457, -0.02533281408250332, -0.009026481769979, -0.013159729540348053, 0.01789296604692936, 0.0062932041473686695, 0.02237287349998951, 0.029679391533136368, -0.008226498030126095, 0.03749256581068039, 0.013513055630028248, -0.005996543448418379, -0.01650632731616497, -0.0164263304322958, 0.0003491594980005175, 0.0056132180616259575, 0.015546347945928574, -0.008219831623136997, -0.018999610096216202, 0.02527948096394539, 0.018772948533296585, -0.008113167248666286, -0.02035958133637905, 0.014853028580546379, -0.010513117536902428, -0.04514573886990547, -0.009679801762104034, 0.009619802236557007, 0.006216539070010185, 0.021212898194789886, -0.014773029834032059, -0.02095956914126873, 0.029039403423666954, 0.010393120348453522, -0.018319623544812202, 0.012479743920266628, 0.027866095304489136, -0.002336618723347783, -0.023252855986356735, -0.020052921026945114, 0.018172960728406906, 0.011526430025696754, -0.01797296479344368, 0.009153145365417004, 0.0005999876884743571, -0.03138602152466774, 0.0371992364525795, -0.02381284534931183, -0.0077998400665819645, -0.01770630292594433, 0.003223267151042819, -0.01873294822871685, -0.02418616972863674, 0.0011099772527813911, 0.01862628385424614, -0.018292957916855812, 0.003256599884480238, 0.004703236743807793, -0.011373099870979786, -0.007386514917016029, 0.03122602589428425, -0.00791317131370306, 0.0005429055308923125, 0.0012474744580686092, -0.0020449580624699593, 0.006593198049813509, -0.026612786576151848, -0.0130997309461236, -0.001240807818248868, 0.008253163658082485, 0.027519434690475464, 0.027652766555547714, -0.009273143485188484, 0.02074624039232731, 0.005729882512241602, -0.023746179416775703, -0.00472990283742547, -0.023679513484239578, -0.010393120348453522, 0.03018604777753353, 0.025719473138451576, 0.009793132543563843, 0.03239933401346207, 0.003459929022938013, 0.023306189104914665, -0.01417304202914238, 0.010233123786747456, -0.030906032770872116, -0.033652644604444504, 0.029092736542224884, 0.022999528795480728, 0.007299850229173899, 0.008353161625564098, -0.015293019823729992, 0.02685278281569481, 0.0014024712145328522, 0.01061311550438404, 0.023479517549276352, 0.009119812399148941, -7.192560588009655e-05, -0.01889294572174549, -0.0024066173937171698, -0.007306516636162996, -0.00231161923147738, 0.013246394693851471, -0.003943252377212048, -0.0053432234562933445, 0.009573136456310749, -0.012593074701726437, 0.024506162852048874, 0.02166622132062912, 0.00815983209758997, -0.020266251638531685, 0.01943960040807724, 0.02158622443675995, 0.020186252892017365, -0.022106213495135307, -0.011219769716262817, -0.029386064037680626, -0.019986256957054138, -0.005723216105252504, -0.041359152644872665, 0.021892884746193886, -0.020559577271342278, 0.0045432401821017265, -0.004763235803693533, 0.011706426739692688, -0.005233225878328085, -0.007246518041938543, -0.030772702768445015, -0.0035165944136679173, -0.0010366453789174557, 0.03903919830918312, -0.017932964488863945, 0.0023932841140776873, 0.0150663573294878, -0.0039232526905834675, -0.02323952317237854, -0.023066192865371704, 0.010819777846336365, -0.0071798525750637054, -0.01422637514770031, -0.007593177724629641, -0.6246271729469299, -0.022172877565026283, 0.027546102181077003, -0.0015424683224409819, -0.017852967604994774, 0.00982646457850933, -0.009886464104056358, 0.009126479737460613, -0.015093023888766766, 0.04183914139866829, -0.01710631512105465, 0.02609279751777649, 0.0008420660742558539, -0.005503220483660698, 0.01563967950642109, -0.0014474702766165137, 0.03866587206721306, -0.006603197660297155, 0.008359828032553196, -0.004803234711289406, 0.0019982922822237015, -0.0033249317202717066, -0.006326536647975445, 0.00751317897811532, -0.011813091114163399, 0.027706097811460495, 0.021466225385665894, -0.017986297607421875, 0.008626489900052547, 0.03271932899951935, -0.026106130331754684, 0.02271953411400318, 0.010626448318362236, -0.004079916048794985, 0.054718878120183945, -0.015973005443811417, -0.024266168475151062, 0.011939754709601402, 0.001019145711325109, 0.033839304000139236, -0.010566449724137783, 0.009573136456310749, -0.009493138641119003, 0.005213226191699505, -0.01303306594491005, -0.01187975611537695, 0.06149207055568695, 0.009806465357542038, -0.002051624469459057, -0.010473118163645267, 0.017492974177002907, -0.00714652007445693, -0.00163746636826545, 0.01358638796955347, 0.013746384531259537, -0.013986379839479923, 0.03418596461415291, -0.010106459259986877, 0.01634633168578148, -0.004246579483151436, 0.0006016543484292924, 0.005146561190485954, -0.03239933401346207, -0.015973005443811417, -0.021332895383238792, 0.033732641488313675, 0.026746118441224098, -0.014039712026715279, -0.01209308486431837, -0.00270827766507864, 0.01084644440561533, 0.020266251638531685, -0.0017216313863173127, -0.005703216418623924, 0.004909899085760117, 0.023626182228326797, 0.020999569445848465, -0.002053291304036975, 0.0033615976572036743, 0.002378284465521574, 0.023439519107341766, 0.004313244950026274, -0.035119280219078064, -0.01431970577687025, 0.02533281408250332, -0.02090623788535595, -0.04306578263640404, -0.011633094400167465, 0.03010604903101921, 0.00447324151173234, 0.011373099870979786, -0.010593116283416748, -0.03546593710780144, -0.011119771748781204, 0.0007845672080293298, 0.02478615753352642, -0.0031366022303700447, 0.015533014200627804, 0.00012135167344240472, -0.022852864116430283, -0.02641279064118862, 0.019039608538150787, 0.007226518355309963, 0.018279625102877617, 0.044025763869285583, 0.029706057161092758, -0.015293019823729992, 0.0005504053551703691, 0.006273204460740089, -0.03863920643925667, -0.01862628385424614, 0.014013045467436314, -0.012126417830586433, -0.01666632480919361, -0.027732763439416885, -0.023332854732871056, 0.030906032770872116, -0.014573033899068832, 0.02038624882698059, -0.0015541347675025463, 0.01035978738218546, 0.02190621756017208, 0.02229287661612034, -0.020866237580776215, -0.019132940098643303, -0.013326393440365791, 0.006933190859854221, -0.022706201300024986, 0.005403222516179085, 0.032266005873680115, 0.01579967513680458, -0.01418637577444315, 0.029412729665637016, -0.027652766555547714, 0.018946276977658272, -0.007993169128894806, 0.020946236327290535, 0.030239379033446312, 0.016359664499759674, -0.012859736569225788, -0.012526409700512886, -0.0038565874565392733, -0.020519578829407692, -0.004969898145645857, -0.0037865890190005302, 0.015093023888766766, -0.010433118790388107, -0.007499846164137125, -0.006373202428221703, 0.008753153495490551, -0.00979979895055294, -0.004409909714013338, -0.013339726254343987, -0.00586321298032999, -0.01626633293926716, -0.00035124277928844094, -0.003129935823380947, -0.03173268213868141, -0.004053249955177307, -0.01878628134727478, 0.0011708092642948031, 0.03778589144349098, -0.016839655116200447, 0.006599864456802607, -0.03255933150649071, -0.01350638922303915, -0.014773029834032059, 0.025919467210769653, -0.02150622569024563, -0.020546244457364082, -0.031012697145342827, 0.0036932574585080147, -0.015359684824943542, -0.003383263945579529, 0.0063965353183448315, 0.03863920643925667, -0.032372668385505676, -0.026399457827210426, 0.007066521793603897, -0.0122864143922925, 0.003909919876605272, 0.020759573206305504, 0.004576572682708502, 7.1613112595514394e-06, 0.022652868181467056, 0.02174622006714344, 0.038372546434402466, 0.016839655116200447, -0.013313059695065022, 0.015399684198200703, 0.007806506473571062, -0.009619802236557007, -0.04309244826436043, -0.013066398911178112, -0.03301265463232994, 0.015266353264451027, -0.003823254955932498, 0.025812802836298943, -0.014093044213950634, 0.00010520617797737941, -0.014866361394524574, 0.02462616190314293, 0.001085811061784625, -0.018012963235378265, -0.009453139267861843, -0.030692704021930695, 0.008153165690600872, -0.020346248522400856, 0.011039773002266884, 0.011406432837247849, 0.032452668994665146, -0.015613012947142124, 0.00319993426091969, -0.02025291696190834, -0.005003230646252632, 0.017252979800105095, -0.01012645848095417, -0.007693175692111254, -0.007986502721905708, 0.011433098465204239, -0.012086418457329273, -0.007733174599707127, 0.009546470828354359, 0.005419888999313116, -0.02019958570599556, 0.03858587518334389, -0.018239624798297882, 0.012273081578314304, -0.02989272028207779, -0.03431929647922516, 0.0013999713119119406, 0.009073147550225258, -0.004613238852471113, 0.011339766904711723, 0.004869900178164244, 0.020972903817892075, -0.0004237412940710783, -0.00575654860585928, 0.04325244575738907, -0.02095956914126873, -0.0005658217123709619, 0.006546532269567251, 0.006933190859854221, -0.02098623663187027, 0.008639822714030743, 0.025092817842960358, 0.027439437806606293, 0.01933293603360653, 0.0014574701199308038, 0.019639596343040466, -0.010299788787961006, 0.0196795966476202, 0.013326393440365791, -0.021332895383238792, 0.033785972744226456, -0.003576593240723014, -0.0001065603137249127, 0.013119731098413467, 0.02345285192131996, 0.03181267902255058, 0.00945980567485094, -0.01897294446825981, 0.03189267963171005, -0.019666263833642006, 0.00744651397690177, 0.02489282190799713, -0.013539722189307213, -0.025372812524437904, -0.003496594959869981, -0.018932944163680077, 0.002288286341354251, -0.028132755309343338, 0.00019614180200733244, -0.007993169128894806, 0.013079731725156307, 0.007499846164137125, 0.023359520360827446, 0.006886525545269251, 0.02834608405828476, 0.01558634638786316, -0.02093290351331234, -0.005206559784710407, -9.812298958422616e-05, 0.0058832126669585705, 0.012893068604171276, -0.02489282190799713, 0.01859961822628975, 0.018826279789209366, 0.002931606490164995, 0.011466431431472301, -0.005493220407515764, 0.019586265087127686, 0.0012249748688191175, -0.02826608717441559, -0.008473159745335579, 0.019132940098643303, 0.030639370903372765, 0.012379745952785015, 0.006003210321068764, -0.00779317319393158, 0.005066562909632921, 0.03426596522331238, -0.018052963539958, 0.0024416164960712194, 0.04077249765396118, 0.012593074701726437, -0.0027432770002633333, -0.02261286973953247, 0.04042583703994751, -0.0027482770383358, -0.023772845044732094, -0.015426349826157093, -0.00943314004689455, 0.008439826779067516, -0.01571967825293541, 0.0052398922853171825, -0.013693052344024181, -0.001595800626091659, 0.012159750796854496, 0.0157463438808918, -0.012879735790193081, -0.02685278281569481, -0.019012942910194397, 0.012526409700512886, 0.030799368396401405, 0.009186478331685066, 0.0010574782500043511, -0.010113125666975975, 0.008779820054769516, 0.00216162228025496, -0.028132755309343338, -0.011933088302612305, 0.005116561893373728, 0.0007879004697315395, -0.012699739076197147, 0.015839675441384315, -0.00751317897811532, 0.009599803015589714, 0.015346352010965347, -0.029439395293593407, 0.022919530048966408, -0.016852987930178642, -0.005006563849747181, -0.020106254145503044, 0.008399827405810356, -0.010419785976409912, 0.010739780031144619, 0.020626243203878403, 0.021239563822746277, 0.008373161777853966, -0.012319747358560562, 0.02318619005382061, 0.010239790193736553, -0.03431929647922516, 0.011679760180413723, -0.0039665852673351765, 0.013573055155575275, 0.015493015758693218, -0.0002560364082455635, 0.045652396976947784, 0.020626243203878403, 0.0011433098698034883, -0.003506594803184271, 0.028026090934872627, -0.0034899283200502396, 0.008353161625564098, -0.0022399539593607187, 0.017252979800105095, 0.015386351384222507, -0.03130602464079857, -0.0062132058665156364, -0.002751610241830349, 0.04637238010764122, 0.009339808486402035, -0.0014083044370636344, -3.95825227315072e-05, -0.03767922520637512, -0.0049165659584105015, 0.03263932839035988, -0.002826608717441559, 0.012306414544582367, 0.0004824901116080582, -0.02454616315662861, -0.017679637297987938, -0.003113269340246916, -0.0053265574388206005, 0.0037065905053168535, -0.00031145193497650325, 0.015346352010965347, -0.013366392813622952, -0.018239624798297882, 0.01810629479587078, -0.027732763439416885, 0.00939314067363739, -0.0061898729763925076, -0.0371992364525795, -0.02223954349756241, 0.003846587846055627, 0.005293224938213825, 0.021346228197216988, 0.004339911043643951, -0.012686406262218952, 0.0181862935423851, 0.02614613063633442, -0.047252364456653595, -0.0056132180616259575, -0.02831941843032837, -0.011399766430258751, -0.0014616366242989898, -0.02481282502412796, 0.02030625008046627, 0.008419827558100224, -0.028852742165327072, 0.01083311066031456, -0.0005466554430313408, 0.007079854607582092, -0.012646406888961792, 0.006446534302085638, 0.033865973353385925, -0.00586321298032999, 0.008466493338346481, 0.029172735288739204, 0.0005479053943417966, 0.0022299543488770723, 0.007726508192718029, -0.0005691549740731716, -0.009739800356328487, 0.019786261022090912, 0.006356536410748959, 0.010219790041446686, 0.010673114098608494, 0.015226353891193867, -0.011459765024483204, -0.0004091582668479532, 0.0026916114147752523, -0.01429304014891386, 0.003401596797630191, 0.002339951926842332, 0.0066231973469257355, 0.01789296604692936, 0.01080644503235817, 0.02467949315905571, -0.0036499251145869493, -0.012719739228487015, -0.011333100497722626, -0.02079957351088524, 0.04058583453297615, 0.005053229629993439, -0.005653217434883118, 0.02079957351088524, -0.008926483802497387, -0.008226498030126095, -0.01742630824446678, -0.012053086422383785, -0.015266353264451027, 0.014986359514296055, -0.01429304014891386, 0.01210641860961914, -0.012253081426024437, -0.016173001378774643, 0.015333018265664577, -0.011779758147895336, -0.009226477704942226, 0.012819737195968628, -0.0044799079187214375, -0.005766548216342926, -0.01927960477769375, 0.008106499910354614, 0.00945980567485094, -0.033839304000139236, -0.02478615753352642, -0.009726466611027718, 0.03165268525481224, 0.022679533809423447, 0.003903253236785531, 0.012873069383203983, -0.026919446885585785, 6.59882280160673e-05, -0.00014551784261129797, -0.031092695891857147, -0.013959713280200958, 0.00971980020403862, 0.013973047025501728, 0.023559516295790672, 0.02090623788535595, -0.012079752050340176, 0.04159914702177048, 0.01321972906589508, 0.00033978468854911625, 0.009646468795835972, -0.006456534378230572, -0.0003441596054472029, -0.021959548816084862, 0.0157463438808918, 0.02415950410068035, 0.01307306531816721, 0.032026007771492004, 0.01195975486189127, -0.019372936338186264, 0.023799512535333633, -0.020639576017856598, 0.002741610398516059, -0.01114643830806017, -0.0624520517885685, 0.005273225251585245, 0.03151935338973999, -0.01206641923636198, 0.011559762991964817, -0.03621258959174156, -0.011559762991964817, 0.027439437806606293, -0.00067706941626966, 0.01710631512105465, 0.0008478992385789752, 0.017506306990981102, -0.004249912686645985, -2.7265065000392497e-05, -0.00945980567485094, 0.006536532659083605, -0.0004541573580354452, -0.032212670892477036, -0.019266271963715553, -0.03999917954206467, -0.009319808334112167, -0.017906298860907555, 0.02866607904434204, 0.005689883138984442, 0.025266148149967194, -0.016972985118627548, 0.026492789387702942, -0.019239604473114014, -0.0042732455767691135, -0.013346392661333084, 0.0024982821196317673, -0.02831941843032837, -0.03770589455962181, -0.018146295100450516, -0.015013025142252445, -0.012573075480759144, 0.01123976893723011, 0.006389868911355734, 0.002586613642051816, -0.038159217685461044, -0.011906422674655914, -0.010093126446008682, -0.0064765335991978645, 0.027239441871643066, -0.0009133145795203745, 0.01650632731616497, 0.026399457827210426, -0.01198642048984766, -0.037999220192432404, 0.007159852888435125, 0.009199811145663261, 0.0012633074074983597, 0.03250600025057793, 0.03711923956871033, -0.006229872349649668, -0.047225698828697205, 0.0010674780933186412, -0.021892884746193886, -0.011399766430258751, -0.009833131916821003, 0.013799716718494892, 0.00263327918946743, -0.01854628697037697, -0.003078270237892866, 0.008119833655655384, -0.006463200785219669, 0.01563967950642109, -0.01821295917034149, 0.003836588002741337, -0.0018466287292540073, -0.010673114098608494, -0.005483220797032118, -0.0042365798726677895, 0.0011141437571495771, 0.05229226127266884, 0.015479682013392448, 0.006086541805416346, -0.008913150057196617, 0.0015083024045452476, -0.020212918519973755, 0.027079444378614426, 0.03261266276240349, 0.03722590208053589, -0.02714611031115055, 0.014506368897855282, 0.01626633293926716, 0.016093002632260323, 0.005896545480936766, 0.012459744699299335, 3.2212879887083545e-05, 0.02866607904434204, -0.004073249641805887, 0.005479887593537569, 0.0002133289526682347, 0.013906381092965603, -0.026399457827210426, 0.008599823340773582, -0.0028716076631098986, -0.03450595960021019, -0.011873089708387852, -0.0047499025240540504, 0.027599433436989784, 0.014573033899068832, -0.008153165690600872, -0.007519845850765705, -0.007619843818247318, -0.015093023888766766, -0.015479682013392448, -0.004293245263397694, -0.01084644440561533, -0.024692825973033905, -0.01566634513437748, -0.0037365900352597237, 0.01016645785421133, 0.02046624757349491, -0.022812865674495697, -0.004816567990928888, -0.008973149582743645, 0.015159688889980316, -0.03845254331827164, 0.009639802388846874, -0.015813007950782776, -0.02603946626186371, 0.00941980630159378, 0.01020645722746849, 0.010346454568207264, -0.0045432401821017265, 0.003086603246629238, -0.0065631987527012825, -0.03413263335824013, 0.002089957008138299, 0.011666427366435528, 0.004636571742594242, 0.003699924098327756, -0.010173124261200428, 0.04199913889169693, -0.027466103434562683, 0.00032895157346501946, -0.016306331381201744, -0.027999425306916237, 0.05722549185156822, -0.011406432837247849, -0.024532830342650414, -0.03293265774846077, -0.006573198363184929, -0.014399704523384571, -0.003596592927351594, 0.010593116283416748, 0.009619802236557007, -0.02973272278904915, -0.03586592897772789, 0.0024716160260140896, 0.013046398758888245, -0.000604154251050204, -0.020812906324863434, -0.018306290730834007, -0.01351972296833992, -0.01674632355570793, 0.01631966419517994, 0.013919713906943798, 0.017639638856053352, -0.00280327582731843, -0.01563967950642109, 0.006243205163627863, 0.017546307295560837, -0.03487928584218025, -0.0027066110633313656, -0.03143935650587082, -0.04543906822800636, -0.028772743418812752, -0.016572993248701096, -0.02598613314330578, 0.04338577762246132, 0.019479600712656975, -0.02046624757349491, -0.010066459886729717, -0.012459744699299335, -0.0464257150888443, -0.011393099091947079, -0.011506430804729462, -0.015333018265664577, 0.05215892940759659, 0.003959918860346079, 0.0002674944989848882, -0.0010974775068461895, 0.006406535394489765, 0.014013045467436314, -0.014093044213950634, 0.000863315595779568, 0.027679432183504105, 0.004979897756129503, 0.013346392661333084, 0.004626571666449308, -0.029039403423666954, -0.012279747985303402, 0.0020882904063910246, -0.010979774408042431, 0.039919182658195496, 0.035252608358860016, 0.003436596132814884, -0.013679719530045986, -0.014573033899068832, -0.0056932163424789906, 0.005493220407515764, -0.0149330273270607, 0.01502635795623064, -0.020159585401415825, -0.0286394115537405, 0.020186252892017365, 0.009633135981857777, 0.014079711399972439, 0.0026599455159157515, 0.02711944282054901, 0.0015091357054188848, 0.019852925091981888, -0.00744651397690177, 0.0013749718200415373, -0.012659740634262562, -0.012739738449454308, 0.0496789813041687, -0.0371992364525795, 0.013166396878659725, 0.02239954099059105, -0.0051598940044641495, -0.011479764245450497, 0.005316557362675667, 0.03565260022878647, -0.010673114098608494, 0.007193185854703188, 0.010633114725351334, -0.008486492559313774, -0.021399561315774918, -0.011093106120824814, 0.02989272028207779, -0.023092860355973244, 0.0008037335355766118, -0.014039712026715279, 0.007706508506089449, -0.027892760932445526, -0.0023799510672688484, 0.021732887253165245, -0.016239667311310768, -0.019252939149737358, 0.006649863440543413, -0.003949918784201145, 0.008193165063858032, -0.018119627609848976, 0.013253061100840569, 0.001104144030250609, -0.006763194687664509, 9.890422370517626e-05, -0.007339849602431059, -0.03442595899105072, 0.006659863516688347, -0.0006433201488107443, 0.0004954065079800785, -0.013959713280200958, 0.197115957736969, -0.009073147550225258, 0.0031499352771788836, 0.014426371082663536, -0.0012566408840939403, -0.021426226943731308, 0.0013766384217888117, 0.014279707334935665, -0.0298660546541214, 0.02413283847272396, -0.010386453941464424, 0.021652888506650925, 0.020866237580776215, -0.0071798525750637054, 0.004656570963561535, -0.004753235727548599, -0.04375910386443138, -0.00603320961818099, -0.007959837093949318, -0.021159565076231956, 0.036612581461668015, 0.007439847104251385, -0.01770630292594433, -0.007666509132832289, 0.004169914405792952, 0.0028299419209361076, 0.011933088302612305, 0.000924981024581939, 0.009333142079412937, 0.0056132180616259575, -0.005899879150092602, -0.018172960728406906, 0.01726631261408329, 0.0022632868494838476, -0.018319623544812202, -0.001529135275632143, 0.01745297573506832, 0.011779758147895336, 0.003223267151042819, 0.0119464211165905, 0.002198288217186928, -0.017826300114393234, 0.026559455320239067, -0.010946442373096943, -0.010859777219593525, -0.010393120348453522, -0.011219769716262817, -0.006349869538098574, 0.03573260083794594, 0.027732763439416885, -0.0059198783710598946, 0.008413161151111126, 0.030746035277843475, 0.011346434243023396, 0.01224641501903534, -0.018746282905340195, 0.005689883138984442, -0.0036465919110924006, -0.0039865849539637566, 0.018319623544812202, 0.010633114725351334, 0.01718631386756897, 0.00673986179754138, 0.04770568758249283, -0.001312473090365529, -0.009266476146876812, -0.013246394693851471, -0.025092817842960358, 0.003723256988450885, -0.006553198676556349, -0.01198642048984766, -0.010433118790388107, 0.012779737822711468, 0.01053311675786972, 0.007773173972964287, -0.01881294697523117, 0.0017549640033394098, 0.009546470828354359, 0.036799244582653046, 0.03589259833097458, -0.030452707782387733, -0.009586470201611519, -0.004719903226941824, -0.013666385784745216, -0.020346248522400856, -0.016039671376347542, 0.019906258210539818, -0.005909878760576248, 0.012533076107501984, 0.0037032573018223047, -0.007473180070519447, 0.014506368897855282, -0.01781296730041504, 0.01487969420850277, -0.003813255112618208, 0.018012963235378265, -0.012573075480759144, 0.02119956538081169, 0.00620320625603199, -0.015333018265664577, -0.03890586644411087, 0.026679452508687973, 0.019346268847584724, -0.014586367644369602, -0.015386351384222507, -0.014733031392097473, 0.010839777998626232, 0.0009808131726458669, -0.02093290351331234, 0.012946400791406631, 0.0018466287292540073, -0.05415888875722885, -0.007093187887221575, -0.0060065435245633125, 6.489449879154563e-05, -0.007593177724629641, 0.0027016112580895424, -0.01639966294169426, 0.0004620738618541509, 0.014266373589634895, 0.011199770495295525, -0.012713072821497917, -0.002929939888417721, -0.00334993121214211, 0.001963292947039008, 0.0032582664862275124, -0.032319337129592896, 0.006423201411962509, 0.00891981739550829, -0.020692909136414528, 0.010353120975196362, -0.009606469422578812, -0.013366392813622952, 0.006089875008910894, -0.005733215715736151, 0.018639616668224335, 0.005366556346416473, -0.022759532555937767, 0.008106499910354614, -0.0022399539593607187, 0.011853090487420559, -0.0023349521216005087, 0.028799409046769142, -0.03709257394075394, 0.0011441431706771255, -0.03653258457779884, -0.00943314004689455, -0.008719821460545063, -0.0026299459859728813, -0.01699965074658394, -0.01821295917034149, 0.01003312785178423, 0.0061265407130122185, -0.026572788134217262, -0.006769861094653606, -0.015306352637708187, 0.003393263788893819, -0.06234538555145264, -0.0009041480952873826, 0.0007270684000104666, -0.033705975860357285, 0.016519660130143166, 0.0021882883738726377, 0.011839756742119789, -0.030612705275416374, -0.033572643995285034, -0.16767655313014984, 0.020399581640958786, 0.03629259020090103, -0.038345880806446075, -0.020972903817892075, 0.018559619784355164, 0.03263932839035988, 0.017599638551473618, 0.0011766424868255854, -0.006113207899034023, 0.012853069230914116, -0.027226107195019722, -0.03559926897287369, -0.0285060815513134, -0.01569301076233387, 0.005813213996589184, -0.010433118790388107, -0.009119812399148941, 0.012746404856443405, 0.01577300950884819, 0.039679184556007385, -0.04202580451965332, 0.009793132543563843, -0.012219749391078949, -0.007253184448927641, 0.003779922379180789, 0.006696529220789671, 0.011759758926928043, -0.007926504127681255, -0.007339849602431059, -0.01421304140239954, 0.013619720935821533, 0.012579741887748241, -0.011446432210505009, 0.014639699831604958, 0.011379766277968884, 0.00928647629916668, 0.007213185541331768, -0.02331952191889286, 0.027626099064946175, -0.0012549742823466659, 0.007779840379953384, -0.005216559395194054, 0.019999589771032333, 0.002429950051009655, 0.035279277712106705, 0.005929878447204828, 0.032106008380651474, 0.021839551627635956, -0.011333100497722626, 0.013093064539134502, -0.010579782538115978, -0.0027166109066456556, 0.0072598508559167385, -0.008113167248666286, 0.009586470201611519, 0.006376535631716251, 0.005833213683217764, -0.003883253550156951, -0.01577300950884819, 0.004023250658065081, -0.023466184735298157, 0.0027449436020106077, 0.00044207426253706217, -0.012139750644564629, -0.02161289006471634, -0.029012737795710564, -0.004006584640592337, -0.04191913828253746, 0.006713195703923702, -0.021919550374150276, 0.02551947720348835, 0.0048132347874343395, 0.01930627040565014, 0.008313163183629513, 0.02415950410068035, -0.007053188513964415, 0.007193185854703188, -0.0019832926336675882, 0.009753133170306683, -0.011346434243023396, -0.00019822509784717113, -0.02725277468562126, 0.021292896941304207, -0.014346372336149216, 0.005749882198870182, 0.015573013573884964, -0.0004056166799273342, -0.0068065267987549305, -0.001793296542018652, 0.005313224159181118, -0.012659740634262562, -0.0067465282045304775, -0.020639576017856598, -0.0002874940983019769, 0.017172981053590775, 0.014053044840693474, 0.024252835661172867, -0.012339746579527855, -0.01658632606267929, 0.0067465282045304775, -0.02997271902859211, -0.04319911450147629, -0.003656591521576047, 0.019119607284665108, 0.029466062784194946, 0.017546307295560837, 0.009953129105269909, 0.04671904072165489, -0.017172981053590775, -0.007366515696048737, 0.01849295385181904, 0.006689862813800573, 0.019719595089554787, -0.007966503500938416, 0.006726528517901897, 0.014093044213950634, -0.003609925974160433, 0.029226066544651985, 0.004776568617671728, 0.038159217685461044, 0.006799860391765833, 0.0051598940044641495, -0.0003908253274857998, 0.012546408921480179, -0.004319911357015371, -0.08997149020433426, -0.024666160345077515, 0.0029849386774003506, 0.02329285442829132, -0.0298660546541214, -0.0029466061387211084, 0.01721297949552536, 0.03621258959174156, 0.018359623849391937, 0.01487969420850277, -0.04063916578888893, -0.02187955193221569, -0.008333162404596806, 0.011886422522366047, -0.025052819401025772, 0.003323265118524432, -0.0006379035767167807, -0.005603218451142311, -0.019159607589244843, 0.03767922520637512, -0.013333059847354889, -0.0119464211165905, -0.002486615674570203, 0.000948313856497407, -0.02603946626186371, 0.013106397353112698, -0.010693114250898361, 0.0024982821196317673, 0.005043230019509792, -0.011439764872193336, 0.00430324487388134, -0.006539865862578154, 0.021346228197216988, -0.006093208212405443, -0.02326618880033493, -0.002068290952593088, -0.020599577575922012, 0.02329285442829132, 0.04666570946574211, -0.005793214309960604, -0.003313265275210142, -0.004423242527991533, 0.008286496624350548, -0.01243307814002037, -0.01647966168820858, 0.0001937460183398798, -0.0268794484436512, 0.07093187421560287, -0.005003230646252632, -0.026652786880731583, -0.01569301076233387, 0.004113249015063047, -6.192581349750981e-05, -0.027386104688048363, 0.07541178911924362, 0.01951959915459156, -0.0009691467857919633, 0.03943919017910957, -0.003699924098327756, 0.03951919078826904, -0.02994605153799057, -0.010526450350880623, 8.114417141769081e-05, -0.01849295385181904, 0.030319377779960632, 0.0077998400665819645, -0.010686446912586689, -0.024532830342650414, -0.017826300114393234, -0.0301327146589756, -0.008366495370864868, -0.0060065435245633125, -0.02391950972378254, -0.00744651397690177, -0.013826383277773857, 0.017559640109539032, 0.014826362021267414, 0.0036032593343406916, -0.017986297607421875, -0.03634592145681381, 0.024746159091591835, 0.013539722189307213, -0.008993148803710938, -0.01810629479587078, 0.006246538367122412, 0.02038624882698059, 0.01281307078897953, 0.016359664499759674, -0.016466328874230385, -0.04775901883840561, 0.014986359514296055, 0.00891981739550829, 0.02122623100876808, -0.0063965353183448315, -0.0026682785246521235, 0.011193104088306427, -0.008293163031339645, -0.005336557049304247, -0.005163227207958698, -0.0025166149716824293, -0.021026235073804855, -0.02861274592578411, -0.03575926646590233, 0.009866463951766491, -0.004239913076162338, -0.020266251638531685, -0.0034065968357026577, -0.0012116418220102787, -0.031146027147769928, -0.02467949315905571, 0.010353120975196362, 0.025266148149967194, 0.001906627556309104, -0.007279850542545319, -0.006559865549206734, -0.007379848510026932, -0.010879776440560818, 0.01705298386514187, 0.018279625102877617, 0.011713093146681786, -0.005309890955686569, -0.0023099526297301054, -0.008819819428026676, 0.0015416350215673447, -0.010693114250898361, 0.014399704523384571, -0.016053004190325737, 0.01350638922303915, -0.007826506160199642, 0.00408658292144537, -0.024039506912231445, -0.019986256957054138, 0.01563967950642109, -0.028079424053430557, -0.013433057814836502, 0.013759717345237732, 0.0025782804004848003, -0.011366433463990688, 0.016772989183664322, 0.016866320744156837, 0.018879612907767296, 0.025559475645422935, -0.04351910576224327, -0.030932698398828506, -0.0048732333816587925, -0.01941293478012085, 0.003993251360952854, -0.015279686078429222, -0.019892925396561623, 0.008206497877836227, 0.014639699831604958, 0.011746425181627274, 0.04066583141684532, 0.018612951040267944, -0.03346598148345947, -0.02617279626429081, -0.006376535631716251, -0.03157268464565277, 0.016826322302222252, 0.025399478152394295, -0.01061311550438404, 0.003039937699213624, 0.05098561942577362, -0.017506306990981102, -0.004319911357015371, -0.010213123634457588, 0.022359540686011314, -0.00395658565685153, -0.022092880681157112, 0.007133186794817448, 0.007586510851979256, 0.002316619036719203, -0.0011124771554023027, 0.0037365900352597237, 0.010026460513472557, 0.038372546434402466, 0.004159914795309305, 0.0013241395354270935, -0.01702631637454033, -0.013526389375329018, -0.01713298261165619, -0.005859879776835442, 0.022999528795480728, -0.001788296620361507, 0.008773153647780418, 0.014853028580546379, 0.024172836914658546, 0.004539906978607178, 0.009033148176968098, 0.020266251638531685, 0.029652724042534828, -0.00044665750465355814, -0.044105760753154755, -0.00224662059918046, -0.014693032018840313, 0.013653052970767021, 0.018946276977658272, -0.01046645175665617, -0.025012820959091187, -0.002789942780509591, 0.027679432183504105, 0.011673093773424625, 0.0026066130958497524, 0.00043249112786725163, 0.000967480125837028, -0.009846464730799198, -0.019292937591671944, -0.00040769996121525764, -0.0507722906768322, -0.04205247014760971, -0.0024932820815593004, 0.0211728997528553, -0.002364951418712735, -0.00961313582956791, -0.01153976283967495, 0.0006287370924837887, -0.018826279789209366, 0.021999549120664597, -0.029412729665637016, 0.021266229450702667, -0.009886464104056358, 0.016106335446238518, 0.02685278281569481, 0.007186518982052803, 0.021519558504223824, -0.027812762185931206, 0.018426287919282913, 0.002648279070854187, -0.002068290952593088, -0.03626592084765434, -0.002033291617408395, -0.006493200082331896, -0.0004583239206112921, 0.005523220170289278, -0.013799716718494892, -0.0002554114325903356, -0.014719697646796703, -0.016199667006731033, 0.019266271963715553, 0.005536552984267473, -0.009379807859659195, 0.06511866301298141, 0.0027816095389425755, 0.002416617004200816, 0.004409909714013338, 0.02119956538081169, 0.029306065291166306, -0.01433303952217102, 0.010526450350880623, 0.0018049629870802164, -0.012006420642137527, 0.02350618503987789, 0.00034249297459609807, 0.00545655470341444, -0.01489302795380354, -0.027412770316004753, 0.013106397353112698, -0.0017516306834295392, 0.008666489273309708, 0.015253020450472832, -0.004213246982544661, -0.005066562909632921, 0.019399601966142654, 0.016359664499759674, 0.00584321329370141, -0.01005979347974062, 0.0018582951743155718, 0.01629299856722355, -0.0059198783710598946, -0.01311306469142437, -0.032239340245723724, 0.004736569244414568, 0.025639474391937256, -0.03437262773513794, -0.019426267594099045, -0.011019773781299591, -0.004606571979820728, 0.002831608522683382, -0.008433160372078419, 0.007946503348648548, 0.005059896036982536, 0.014599700458347797, -0.016626326367259026, -0.025372812524437904, -0.022519538179039955, 0.002861608052626252, -0.016026338562369347, 0.005903212353587151, -0.007959837093949318, -0.036959242075681686]","[-0.019016465172171593, 0.00648565823212266, -0.009203264489769936, -0.01336438674479723, 0.011812437325716019, 0.00032381698838435113, -0.013493150472640991, 0.002326230052858591, -0.020588746294379234, -0.023394454270601273, 0.017633941024541855, -0.00205514719709754, -0.0042390585877001286, 0.013743902556598186, 0.0021771343890577555, 0.01489600446075201, 0.019761942327022552, 0.001250369823537767, 0.0362979993224144, 0.013215291313827038, 0.011324487626552582, 0.025847753509879112, 0.014204743318259716, -0.004286498297005892, 0.0049811480566859245, -0.021198682487010956, 0.023502886295318604, -0.021727293729782104, 0.0027989307418465614, -0.0021788286976516247, 0.015261966735124588, -0.00450336467474699, -0.0037883834447711706, -0.02270319126546383, -0.03285524621605873, -0.017999904230237007, 0.02348933182656765, -0.03421065956354141, 0.027284493669867516, -0.013892997987568378, -0.002382140839472413, -0.007122702896595001, -0.00859332736581564, -0.0387919619679451, -0.02876189537346363, 0.030117308720946312, 0.010348589159548283, -0.01897580176591873, -0.009372690692543983, 0.02156464383006096, 0.013710017316043377, -0.010402806103229523, -0.03865642100572586, -0.0013588030124083161, -0.0013308475026860833, -0.00010938617924693972, 0.012232615612447262, 0.01154813077300787, 0.008376461453735828, 0.014191188849508762, 0.009515009820461273, -0.008966066874563694, -0.027555575594305992, -0.015031546354293823, -0.019924592226743698, 0.0005985001916997135, -7.571260357508436e-05, -0.020439649000763893, 0.006871951278299093, 0.00194840831682086, 0.011541354469954967, 0.01893514022231102, -0.0021347778383642435, -0.016102323308587074, 0.0330992192029953, 0.008207034319639206, -0.021158019080758095, 0.00818670354783535, 0.01325595285743475, -0.018623394891619682, 0.02933116815984249, -0.021022478118538857, -0.019734835252165794, 0.03014441765844822, 0.004242447204887867, 0.013432157225906849, 0.003890039399266243, 0.016034552827477455, -0.004381377249956131, -0.028978761285543442, 0.0025176822673529387, 0.009264257736504078, 0.02605106495320797, 0.027216721326112747, -0.01026726420968771, -0.0013774399412795901, 0.001709516509436071, 0.02506161294877529, 0.026525460183620453, -0.010978857055306435, -0.012625685892999172, 0.0145029341802001, -0.031337182968854904, -0.009454015642404556, -0.028951652348041534, -0.016522502526640892, 0.004642294254153967, 0.011893761344254017, -0.012557914480566978, -0.009867417626082897, -0.0005985001916997135, 0.06115629896521568, -0.017674604430794716, 0.0011190640507265925, -0.013052641414105892, 0.001992459176108241, -0.016915572807192802, -0.010951749049127102, -0.029032977297902107, -0.020480312407016754, 0.03410222753882408, 0.00864754430949688, 0.008457786403596401, -0.01126349437981844, 0.04540638253092766, 0.01489600446075201, -0.018487853929400444, -0.021523982286453247, -0.019423089921474457, -0.007915620692074299, 0.038276903331279755, -0.012273278087377548, -0.007468333467841148, 0.00515057472512126, -0.014990883879363537, 0.03402090445160866, -0.003984918352216482, 0.008498448878526688, -0.021266452968120575, -0.015424616634845734, 0.018840260803699493, 0.02773177996277809, 0.004818498156964779, 0.007841072976589203, -0.014841788448393345, 0.017024004831910133, 0.007027823943644762, 0.003300434211269021, 0.010470576584339142, -0.015045099891722202, 0.0003687150892801583, 0.0026803321670740843, -0.005076027009636164, -0.001514675677753985, 0.0037375553511083126, 0.02160530537366867, -0.034535959362983704, 0.010816207155585289, -0.003998472820967436, -0.02887032739818096, -0.01847429946064949, 0.011968309991061687, 0.006831288803368807, -0.03136429190635681, 0.016807138919830322, 0.05063828453421593, -0.006966830231249332, 0.006092587951570749, -0.005709683522582054, 0.008776308968663216, -0.016644489020109177, 0.021266452968120575, 0.006553428713232279, 0.015993891283869743, 0.02591552399098873, 0.006278957240283489, -0.010023290291428566, -0.01926044002175331, -0.0088982954621315, 0.0018264210084453225, -0.003757886588573456, 0.01915200613439083, 0.024722758680582047, 0.022405000403523445, -0.01943664252758026, 0.024546556174755096, -0.005353887099772692, -0.002765045501291752, 0.012171621434390545, 0.004828664008527994, 0.017525508999824524, 0.01672581396996975, 0.011487137526273727, -0.021185128018260002, -0.6228400468826294, -0.03228597342967987, 0.016468284651637077, -0.0049811480566859245, 0.023895956575870514, 0.02245921827852726, -0.005652078427374363, 0.01786436326801777, 0.002444828860461712, 0.013377940282225609, -0.028165511786937714, 0.03318054601550102, 0.009081277064979076, -0.011588793247938156, 0.026417028158903122, -0.0005053154309280217, 0.0009894525865092874, -0.0448371097445488, -0.007454779464751482, 0.020344771444797516, -0.039063043892383575, 0.0036291221622377634, -0.002841287525370717, 0.001501121441833675, -0.008207034319639206, -0.01598033681511879, 0.020873382687568665, -0.009508232586085796, 0.005852001719176769, 0.013838781043887138, -0.04329193755984306, -0.01546527910977602, 0.005987543147057295, -0.028517920523881912, 0.052942488342523575, 0.004222115967422724, -0.012036080472171307, 0.003602013923227787, 0.009027060121297836, 0.004886269103735685, -0.013161074370145798, -0.020873382687568665, 0.018216770142316818, -0.020886937156319618, -0.00026854148018173873, 0.006434829905629158, 0.012835774570703506, -0.00302935135550797, 0.0033072112128138542, -0.011365150101482868, 0.020670069381594658, 0.010091060772538185, 0.0077394163236021996, 0.023055600002408028, -0.001941631198860705, 0.004764281678944826, 0.01240204181522131, -0.0009547200752422214, 0.006875339895486832, 0.018243879079818726, -0.020195676013827324, 0.024505892768502235, 0.0023025101982057095, 0.016780029982328415, -0.005004867911338806, 0.0055843074806034565, -0.01904357224702835, -0.0010800958843901753, -0.005411492194980383, -0.020019471645355225, 0.0090744998306036, 0.015451724641025066, -0.0017620387952774763, 0.012591800652444363, -0.01786436326801777, 0.002998854499310255, 0.006492435000836849, -0.0498250350356102, -0.018054120242595673, -0.00043309727334417403, -0.014109864830970764, -0.005933326669037342, -0.017200209200382233, -0.00663814228028059, 0.016739368438720703, 0.011981863528490067, 0.002934472169727087, -0.008112155832350254, -0.009596333838999271, -0.019843267276883125, 0.006973607465624809, 0.0423431470990181, 0.0026295040734112263, -0.0016180259408429265, 0.01672581396996975, 0.011500691995024681, -0.01650894805788994, -0.003984918352216482, 0.00843745470046997, -0.01772882044315338, -0.011371927335858345, -0.0007971531013026834, 0.0009869111236184835, 0.011920870281755924, 0.0377347394824028, 0.006505989469587803, -0.030659474432468414, 0.00536405248567462, 0.0352407768368721, 0.006160358432680368, -0.0008517932728864253, 0.007319238036870956, 0.001385064097121358, -0.004147568251937628, -0.014408055692911148, -0.04204495623707771, 0.035999808460474014, 0.01626497320830822, 0.026430582627654076, -0.0033461793791502714, -0.00048625492490828037, -0.005025199148803949, 0.0020280389580875635, -0.002394000766798854, 0.008037608116865158, 0.019450196996331215, -0.02239144593477249, -0.015099316835403442, 0.005164129193872213, -0.004865937866270542, 0.022405000403523445, -0.032584164291620255, 0.01211740542203188, -0.02121223695576191, 0.033478736877441406, -0.023746861144900322, 0.019341764971613884, 0.01501799188554287, 0.017918579280376434, -0.003430892713367939, -0.0037511095870286226, 0.016075216233730316, 0.0059739891439676285, 0.002111057983711362, -0.02263542078435421, -0.018677610903978348, -0.011853099800646305, -0.007617429364472628, -0.015370399691164494, 0.0060044857673347, -0.007502219174057245, -0.0019568796269595623, 0.0020280389580875635, 0.0012978093000128865, -6.41174556221813e-05, -0.022540541365742683, -0.008478117175400257, -0.02213391847908497, 0.015519495122134686, 0.00633656233549118, 0.016224311664700508, 0.03182513266801834, -0.003173364093527198, 0.01978905126452446, -0.028409486636519432, -0.005208179820328951, -0.004977759439498186, 0.007332792039960623, -0.020412541925907135, 0.0002825192059390247, -0.02031766250729561, 0.00402219220995903, 0.006095976568758488, -0.02352999523282051, 0.026742327958345413, 0.008085046894848347, -0.022161025553941727, -0.01083653885871172, -0.016807138919830322, 0.0025058225728571415, 0.0156550370156765, 0.02274385467171669, -0.018067674711346626, 0.0049811480566859245, 0.00191113434266299, -0.011554908007383347, -0.02042609639465809, 0.03141850605607033, 0.00490321172401309, 0.04218049719929695, -0.019030019640922546, -0.008966066874563694, -0.012774781323969364, 0.028138404712080956, 0.0056588551960885525, 0.02854502759873867, 0.01694267988204956, -0.00022830262605566531, -6.951793329790235e-05, 0.019490860402584076, 0.010802652686834335, 0.0049066003412008286, -0.0032597717363387346, -0.021917050704360008, 0.0025464848149567842, -0.034508850425481796, 0.005767288617789745, -0.017539063468575478, 0.0480358861386776, 0.0013554143952205777, 0.005076027009636164, -0.009338805451989174, 0.017945686355233192, 0.011622678488492966, -0.003744332352653146, -0.012300386093556881, -0.01672581396996975, 0.00557075347751379, 0.0007941881776787341, -9.932646207744256e-05, -0.0006569524412043393, -0.016115877777338028, 0.021483318880200386, -0.020277000963687897, 0.003964587114751339, -0.007149811368435621, 0.02648479864001274, -0.0025735932867974043, 0.006719467230141163, 0.0065026008524000645, -0.01553304959088564, 0.024817638099193573, -0.009298142977058887, -0.0022398224100470543, 0.015397507697343826, 0.03513234108686447, 0.026078173890709877, -0.0034156444016844034, 0.012944207526743412, -0.022825179621577263, -0.007895288988947868, -0.003571517067030072, 0.035782940685749054, -0.010131723247468472, 0.056602105498313904, -0.004035746678709984, 0.012991647236049175, -0.03036128357052803, 0.002771822502836585, 0.02808418683707714, 0.021334223449230194, -0.027216721326112747, -0.012530806474387646, 0.0002092421054840088, 0.006194244138896465, 0.006953276228159666, -0.011832768097519875, 0.03627089038491249, 0.005235288292169571, 0.015926118940114975, 0.03442752733826637, 0.010138500481843948, 0.005452154669910669, -0.008478117175400257, 0.04654493182897568, 0.018880922347307205, -0.012984870001673698, 0.0038121030665934086, -0.027203168720006943, -0.0290058683604002, -0.013560921885073185, 0.0024431345518678427, 0.014597813598811626, -0.010775544680655003, 0.0434274785220623, 0.002770128194242716, 0.0031767527107149363, 0.007176919374614954, 0.018094783648848534, 0.007380231749266386, -0.01996525563299656, -0.010497684590518475, 0.01126349437981844, 0.0272302757948637, -0.01455715112388134, -0.029710683971643448, -0.02409926801919937, 0.012361379340291023, -0.03342451900243759, -0.00727857556194067, -0.0044898102059960365, 0.011351595632731915, -0.016319189220666885, 0.0202905535697937, -0.004245835822075605, 0.009691213257610798, 0.008552664890885353, -0.02042609639465809, -0.01416408084332943, 0.015492387115955353, 0.0031513385474681854, 0.021469764411449432, -0.004333937540650368, 0.017945686355233192, 0.014475826174020767, 0.006583925802260637, -0.0035749056842178106, -0.033045005053281784, 0.020697178319096565, -0.013479596935212612, -0.004757504910230637, -0.011365150101482868, -0.02024989202618599, -0.01858273148536682, -0.007190473843365908, 0.0019450196996331215, -0.043508805334568024, -0.019761942327022552, 0.055436450988054276, 0.017959240823984146, -0.036460649222135544, -0.02270319126546383, -0.022689638659358025, 0.0017518731765449047, 0.009738652966916561, 0.04150278866291046, 0.0024854913353919983, -2.806131487886887e-05, -0.014868896454572678, 0.015261966735124588, -0.008769531734287739, -0.03743654862046242, 0.005533479619771242, -0.017240872606635094, -0.041557006537914276, 0.008261251263320446, 0.03572872653603554, -0.004340714775025845, 0.001169044990092516, -0.0010894143488258123, 0.043264828622341156, -0.005123466718941927, 0.0090744998306036, -0.02541402168571949, -0.02235078439116478, 0.0004858313768636435, -0.0041374024003744125, 0.03228597342967987, 0.026118837296962738, 0.029141411185264587, 0.007095594424754381, 0.0026057842187583447, -0.00645177299156785, -0.02534624934196472, -0.00027044754824601114, 0.02399083599448204, 0.0204667579382658, 0.000904739135876298, -0.008810194209218025, 0.03857509419322014, 0.001366427168250084, 0.006926167756319046, -0.001303739263676107, 0.01281544379889965, 0.013133966363966465, 0.00937946792691946, 0.005665632430464029, 0.008125709369778633, 0.003646064782515168, -0.02060229890048504, -0.03494258597493172, 0.0012495226692408323, 0.017200209200382233, -0.02267608419060707, 0.009691213257610798, -0.0240179430693388, -0.01843363605439663, -0.004642294254153967, -0.004242447204887867, 0.018840260803699493, -0.033722709864377975, 0.010585786774754524, -0.008674652315676212, -0.029548034071922302, -0.031770914793014526, 0.0025481791235506535, 0.01633274368941784, -0.01122960913926363, -0.01580413244664669, -0.024871855974197388, -0.005726626142859459, -0.00324282911606133, -0.021930605173110962, -0.0008200257434509695, 0.006655084900557995, 0.007746193557977676, -0.024438122287392616, 0.029276952147483826, -0.00216188607737422, 0.021401993930339813, 0.026498353108763695, 0.004066243302077055, 0.006695747375488281, -0.002129694912582636, -0.011046627536416054, -0.043942537158727646, 0.038737744092941284, -0.0030632365960627794, 0.009515009820461273, -0.0037511095870286226, 0.004967594053596258, -0.004496587440371513, -0.01915200613439083, 0.006871951278299093, 0.015790577977895737, 0.0044152624905109406, 0.030659474432468414, -0.018203215673565865, 0.013445711694657803, -0.01153457723557949, 0.0013969240244477987, 0.028924543410539627, -0.004577912390232086, 0.013405049219727516, 0.004855772480368614, -0.006905836518853903, -0.009630220010876656, -0.0007675034576095641, 0.0033902304712682962, 0.017593279480934143, 0.009616665542125702, 0.03263837844133377, -0.05698162317276001, 0.014299622736871243, 0.02338089980185032, -0.01722731813788414, 0.004577912390232086, -0.0008742423378862441, -0.01733575016260147, 0.020439649000763893, 0.0010258792899549007, 0.04231603816151619, 0.00886441022157669, -0.019775496795773506, 0.0013257648097351193, -0.04228892922401428, 0.017986349761486053, 0.02081916667521, -0.030957665294408798, 0.011161837726831436, 0.00932525098323822, -0.03103899024426937, -0.012191953137516975, -0.008911849930882454, 0.010463799349963665, 0.010226601734757423, 0.004920154344290495, -0.030307067558169365, -0.03686727210879326, -0.023286020383238792, 0.022906504571437836, -0.008823747746646404, 0.010097838006913662, -0.012219061143696308, -0.03876485303044319, -0.018176108598709106, -0.02946671098470688, -0.02231012098491192, -0.008376461453735828, -0.03705703094601631, -0.014977329410612583, 0.02081916667521, -0.006939721759408712, 0.028599245473742485, -0.018027011305093765, 0.00904061459004879, 0.015045099891722202, -0.04125881567597389, -0.00019854704441968352, -0.010558678768575191, -0.02160530537366867, 0.007461556699126959, 0.039279911667108536, 0.005414880812168121, 0.026322148740291595, -0.00014994271623436362, 0.011507468298077583, 0.013472819700837135, -0.002038204576820135, 0.0029581920243799686, 0.011378704570233822, -0.02554956264793873, -0.014814679510891438, 0.04467445984482765, 0.013147519901394844, -0.0073395692743361, 0.019517967477440834, -0.011466805823147297, 0.00030285041430033743, 0.006282345857471228, -0.01208352018147707, -0.009576003067195415, -0.014868896454572678, -0.05115333944559097, 0.0008996563265100121, -0.03060525842010975, -0.021239344030618668, -0.03328897804021835, -0.03128296509385109, -0.008762754499912262, 0.021090248599648476, -0.0008725480292923748, 0.021808618679642677, 0.003595236921682954, 0.04060821607708931, -0.01333050150424242, 0.04106905683875084, -0.020222783088684082, 0.031906455755233765, -0.0006988855893723667, -0.004279721062630415, 0.00487610325217247, 0.029710683971643448, 0.02217458002269268, -0.0009598028264008462, 0.013621915131807327, 0.0077394163236021996, -0.011026296764612198, -0.000647210399620235, 0.02979200892150402, -0.03217753767967224, -0.005377606954425573, -0.0009428601479157805, -0.019599292427301407, -0.03206910565495491, -0.014882450923323631, -0.021578198298811913, -0.012537583708763123, -0.0029310837853699923, 0.018338756635785103, -0.011764997616410255, 0.003388536162674427, -0.009914856404066086, -0.04879492148756981, -0.01035536639392376, -0.01190731581300497, 0.010341811925172806, 0.010050398297607899, 0.023502886295318604, 0.028111295774579048, 0.003458001185208559, -0.03437330946326256, 0.005628358572721481, 0.023218249902129173, 0.0026345867663621902, 0.014326730743050575, 0.017715265974402428, -0.00648565823212266, -0.02178150974214077, 0.016969788819551468, 0.005994320381432772, -0.02156464383006096, -0.02484474703669548, -0.0048693264834582806, 0.007271798327565193, 0.0037985490635037422, -0.020520973950624466, 0.01701045222580433, -0.027948645874857903, 0.003186918329447508, -0.0007963060052134097, -0.018420081585645676, -0.02388240210711956, 0.024261917918920517, 0.007319238036870956, 0.030876340344548225, 0.00246854848228395, 0.034508850425481796, 0.01199541799724102, -0.008884741924703121, 0.006760129705071449, -0.03277392312884331, 0.0016070132842287421, 0.012625685892999172, -0.013838781043887138, 0.0072446903213858604, -0.014475826174020767, 0.009508232586085796, -1.4480697245744523e-05, -0.007536104414612055, -0.007610652130097151, -0.04207206517457962, 0.020371878519654274, 0.02808418683707714, -0.00984030868858099, 0.0021076693665236235, 0.008972843177616596, -0.024356797337532043, 0.002553262049332261, 0.00843745470046997, -0.013438934460282326, 0.008349353447556496, 0.010097838006913662, -0.008396792225539684, 0.021293560042977333, 0.00216188607737422, 0.007054932415485382, -0.012842551805078983, -0.021293560042977333, 0.0052590081468224525, -0.02138843946158886, -0.01715954765677452, -0.022052593529224396, 0.016644489020109177, 0.013730348087847233, -0.010226601734757423, -0.004391542635858059, 0.04537927731871605, -0.009880971163511276, -0.006655084900557995, 0.012557914480566978, 0.04424072802066803, -0.027840211987495422, -0.016495393589138985, 0.011595570482313633, -0.014570705592632294, -0.037572089582681656, -0.019301101565361023, 0.005692740902304649, -0.02887032739818096, 0.030442608520388603, -0.01965351030230522, -0.015207749791443348, -0.005804562475532293, 0.026972748339176178, 0.012835774570703506, 0.02878900244832039, -0.008322244510054588, 0.016644489020109177, 0.0017501788679510355, 0.01489600446075201, -0.028626352548599243, 0.021022478118538857, 0.01310008019208908, -0.015858348459005356, -0.008925404399633408, 0.02352999523282051, 0.013574475422501564, 0.010531569831073284, -0.02729804627597332, 0.01698334328830242, 0.01965351030230522, -0.02819262072443962, -0.024329688400030136, 0.018555624410510063, -0.002892115619033575, -0.028138404712080956, -0.041448574513196945, -0.022093255072832108, -0.029060086235404015, -0.009081277064979076, 0.019694171845912933, -0.01562792807817459, -0.020100796595215797, 0.003256383119150996, -0.006736409850418568, -0.004882880486547947, 0.022147472947835922, -0.006936333607882261, -0.010457022115588188, -0.019490860402584076, 0.005198014434427023, -0.01744418404996395, -0.01718665473163128, 0.009149047546088696, 0.01836586557328701, 0.012754449620842934, -0.022947166115045547, 0.004496587440371513, -0.00847133994102478, -0.0014333507278934121, -0.0037172241136431694, 0.0034901921171694994, -0.0029022812377661467, -0.004167899489402771, 0.012076742947101593, -0.00365623040124774, 0.017810145393013954, -0.0009733570041134953, 0.017606833949685097, -0.014462271705269814, -0.02968357689678669, -0.017566170543432236, 0.004764281678944826, 0.03296367824077606, -0.024858301505446434, -0.027840211987495422, -0.013249176554381847, 0.019951701164245605, -0.002820956287905574, -0.012171621434390545, 0.017783038318157196, -0.024221256375312805, 0.010965302586555481, -0.005746957380324602, -0.02469565160572529, -0.009298142977058887, -0.015668591484427452, 0.026105282828211784, -0.02716250531375408, -0.01946375146508217, -0.011731112375855446, -0.00025710518821142614, -0.011615902185440063, -0.007190473843365908, -0.004330549389123917, -0.03250283747911453, 0.014489380642771721, -0.013391494750976562, 0.0012215672759339213, 0.02075139433145523, -0.01612943224608898, 0.023963727056980133, 0.03141850605607033, -0.002748102881014347, 0.0183252040296793, -0.006960052996873856, 0.024709206074476242, -0.0019958477932959795, 0.03545764088630676, -0.002124612219631672, 0.005950269289314747, 0.013947214931249619, -0.023651981726288795, -0.005716460291296244, -0.013960768468677998, -0.02274385467171669, -0.021944159641861916, 0.0056114159524440765, 0.006241683382540941, -0.0005608026986010373, -0.029846226796507835, -0.02202548459172249, 0.01690201833844185, -0.00539116095751524, -0.00958955753594637, 0.0011046627769246697, 0.007508995942771435, -0.0036799502559006214, 0.006583925802260637, -0.009691213257610798, -0.009996181353926659, 0.013086526654660702, -0.009067722596228123, -0.013432157225906849, -0.0062518492341041565, 0.023448670282959938, -0.002449911553412676, 0.018460744991898537, 0.00782751850783825, 0.2170831710100174, -0.0059265499003231525, 0.02235078439116478, 0.007393785752356052, -0.010822984389960766, -0.009697990491986275, -0.00533016724511981, -0.0033851475454866886, -0.0004705829487647861, 0.027447141706943512, 0.00599770899862051, -0.021862834692001343, -0.007441225461661816, 0.008268028497695923, -0.009277812205255032, -0.018569177016615868, -0.02099536918103695, -0.019870376214385033, -0.02267608419060707, -0.020629407837986946, 0.01715954765677452, -0.013947214931249619, -0.007685199845582247, -0.0034224214032292366, 0.018216770142316818, -0.009352359920740128, -0.011466805823147297, 0.012022526003420353, 0.00365623040124774, -0.003734166733920574, -0.03025284968316555, -0.004208561964333057, -0.002992077497765422, -0.006692358758300543, -0.005743568763136864, -0.024221256375312805, 0.026132389903068542, -0.005665632430464029, 0.02256765030324459, 0.013262730091810226, 0.03141850605607033, 0.005059084389358759, -0.005320001859217882, -0.013201736845076084, 0.025603778660297394, 0.0004650765913538635, -0.012286831624805927, -0.009101607836782932, 0.00725146709010005, 0.0033715935423970222, -0.0015858348924666643, 0.0004174252972006798, 0.009454015642404556, -0.005062473006546497, 0.010585786774754524, 0.003437669947743416, 0.001354567357338965, 0.016861354932188988, -0.006631365045905113, 0.013872667215764523, -0.04716842249035835, 0.026118837296962738, 0.0016663126880303025, -0.007603874895721674, -0.0179727952927351, 0.03846666216850281, -0.026349257677793503, 0.013947214931249619, 0.008051161654293537, 0.000513786799274385, 0.003951033111661673, 0.001589223393239081, 0.004821886774152517, 0.02968357689678669, -0.025332696735858917, -0.011026296764612198, 0.00895251240581274, 0.0019382426980882883, 0.009914856404066086, 0.01249014399945736, -0.013960768468677998, -0.01764749549329281, 0.0005569906206801534, -0.028111295774579048, -0.005201403051614761, -0.02637636475265026, 0.01122960913926363, 0.01284932903945446, -0.025495346635580063, -0.004283109679818153, -0.004306829534471035, -0.020155012607574463, -0.01331016980111599, 0.008640767075121403, 0.014258960261940956, 0.01818966120481491, 0.021930605173110962, 0.025454683229327202, -0.02252698875963688, 0.00767842261120677, -0.025847753509879112, 0.033939577639102936, 0.03846666216850281, -0.00402219220995903, -0.03730100393295288, 0.014868896454572678, -0.008430677466094494, -0.012950984761118889, 0.007122702896595001, -0.006285734474658966, -0.009420130401849747, -0.03841244429349899, -0.0062247407622635365, -0.007685199845582247, 0.0025430964305996895, 0.009365913458168507, -0.016414068639278412, -0.022120364010334015, 0.03160826489329338, -0.013689685612916946, 0.009359137155115604, -0.025725767016410828, -0.0028802556917071342, 0.027596239000558853, 0.007624206133186817, -0.023963727056980133, -0.004279721062630415, -0.018094783648848534, -0.02416704036295414, -0.030117308720946312, 0.007149811368435621, 0.008301913738250732, 0.0032394404988735914, -0.030415499582886696, -0.010077506303787231, -0.0006675416370853782, -0.00648565823212266, 0.03158115595579147, -0.01604810729622841, 0.013798119500279427, 0.007495441939681768, 0.0005929938051849604, 0.0013935355236753821, 0.013411825522780418, 0.003595236921682954, -0.02843659557402134, 0.028002861887216568, -0.015546604059636593, -0.014652030542492867, -0.011392258107662201, -0.017254425212740898, -0.0249125175178051, 0.01790502481162548, 0.007048155181109905, 0.015899011865258217, -0.013079749420285225, -0.024682097136974335, -0.048144321888685226, -0.021984823048114777, -0.004320383537560701, -0.004713453818112612, 0.005275950767099857, 0.016224311664700508, 0.0014113252982497215, -0.02399083599448204, -0.016292082145810127, -0.17305931448936462, 0.017796590924263, 0.004191619344055653, -0.028301052749156952, 0.004042523447424173, 0.0020466758869588375, -0.007082040421664715, 0.012266500853002071, -0.001549408189021051, 0.001656147069297731, 0.028246836736798286, 0.027596239000558853, -0.01562792807817459, 0.0009513315162621439, -0.018067674711346626, 0.005072638392448425, -0.00618407828733325, 0.011392258107662201, 0.04939130321145058, 0.01740352064371109, 0.0380871444940567, -0.0183252040296793, -0.00807826966047287, 0.01293743122369051, 0.020832719281315804, -0.005387772340327501, 0.005580918863415718, -0.007820741273462772, -0.028382377699017525, -0.03494258597493172, -0.02239144593477249, 0.004835441242903471, 0.004821886774152517, -0.02377397008240223, -0.0018264210084453225, 0.03339741379022598, -0.00986064039170742, 0.009216818027198315, 0.01072810497134924, 0.006987161468714476, 0.009372690692543983, 0.010084283538162708, 0.003317376831546426, 0.02598329447209835, 0.012950984761118889, 0.022608313709497452, 0.01762038841843605, 0.022513434290885925, 0.03225886449217796, -0.018392974510788918, 0.006014651618897915, -0.016468284651637077, -0.02434324286878109, -0.008417123928666115, 0.02281162515282631, 0.004462702199816704, -0.004035746678709984, 0.005052307154983282, -0.0015121342148631811, 0.00857977382838726, 0.011073736473917961, -0.04434916004538536, 0.008288359269499779, -0.008999952115118504, 0.008850856684148312, 0.011988640762865543, -0.01694267988204956, 0.01840652897953987, -0.039523884654045105, -0.0059265499003231525, -0.019057126715779305, -0.008464563637971878, 0.01683424785733223, 1.553961556055583e-05, 0.035647399723529816, 0.006414498668164015, -0.01057223230600357, 1.3779164873994887e-05, -0.0022991218138486147, -0.026891423389315605, -0.0014867201680317521, 0.01633274368941784, -0.0029056696221232414, 0.055680423974990845, -0.025048058480024338, 0.009738652966916561, 0.012788334861397743, -0.01569569855928421, -0.005892664194107056, -0.0048422180116176605, 0.01900291070342064, -0.0015350069152191281, -0.012158067896962166, -0.013072972185909748, 0.019016465172171593, -0.004920154344290495, 0.009393022395670414, -0.010700996965169907, 0.005469097290188074, -0.026308594271540642, -0.0125443609431386, -0.006973607465624809, -0.012551138177514076, 0.004300052300095558, 0.011846322566270828, -0.001046210527420044, -0.023286020383238792, -0.005567364860326052, 0.024139931425452232, -0.02865346148610115, -0.013777787797152996, 0.0067160786129534245, 0.00426277844235301, 0.04993346706032753, -0.011222831904888153, 0.02427547238767147, -0.007922396995127201, -0.002131389221176505, 0.013147519901394844, -0.014760463498532772, 0.04822564497590065, -0.0161972027271986, 0.013540590181946754, 0.024749867618083954, -0.007359900511801243, -0.0020653128158301115, -0.06321652978658676, -0.02530558779835701, 0.010687442496418953, 0.026295039802789688, -0.006888893898576498, 0.00989452563226223, 0.00017779225890990347, 0.016061661764979362, -0.02110380306839943, -0.008755977265536785, 0.004059466067701578, -0.04006605222821236, -0.023286020383238792, 8.524286386091262e-05, 0.024993842467665672, -0.008762754499912262, -0.021334223449230194, -0.012300386093556881, -0.011243162676692009, 0.03448174521327019, -0.009508232586085796, -0.029846226796507835, 0.012090296484529972, 0.010314703918993473, -0.017457738518714905, -0.017308643087744713, -0.03182513266801834, 0.019585737958550453, 0.0047405618242919445, -0.013140742667019367, 0.01339827198535204, -0.0240179430693388, 0.009867417626082897, -0.029981767758727074, -0.03499680012464523, 0.007488664705306292, -0.021767955273389816, -0.015831241384148598, 0.026986300945281982, -0.028409486636519432, 0.02217458002269268, -0.009955518878996372, -0.0025363191962242126, -0.015953227877616882, -0.01850140653550625, 0.006722855847328901, -0.0030073258094489574, -0.0008979620761238039, 0.0061501930467784405, -0.022716745734214783, -0.023326681926846504, -0.012022526003420353, -0.02605106495320797, -0.00950145535171032, 0.015112871304154396, -0.009284588508307934, -0.005387772340327501, -0.0005912995547987521, -0.03936123475432396, -0.034291986376047134, 0.02245921827852726, -0.010362143628299236, 0.006204409524798393, 0.0006573760183528066, -0.02384174056351185, -0.016468284651637077, 0.0030767908319830894, -0.007759747561067343, 0.020832719281315804, 0.01598033681511879, 0.014936666935682297, 0.015926118940114975, -0.036433540284633636, -0.0046287402510643005, -0.015085762366652489, -8.120573511405382e-06, 0.0034868037328124046, 0.0031259246170520782, -0.0054352120496332645, -0.013466042466461658, -0.01911134459078312, -0.009182932786643505, 0.013906552456319332, 0.008932181634008884, 0.03898172080516815, 0.022161025553941727, 0.003507134970277548, 0.01718665473163128, 0.008877964690327644, -0.0016502171056345105, -0.009684436023235321, 0.015126424841582775, 0.016752922907471657, -0.03231307864189148, -0.03789738938212395, 0.0044525363482534885, 0.009257480502128601, 0.02648479864001274, 0.018270986154675484, -0.0031631984747946262, -0.01580413244664669, 0.012103850953280926, -0.05527380108833313, 0.04738529026508331, -0.0017222234746441245, -3.23234562529251e-05, -0.00825447402894497, -0.02765045501291752, -0.01507220882922411, -0.020263446494936943, -0.005184460431337357, 0.014191188849508762, 0.009115162305533886, 0.008850856684148312, 0.0023838351480662823, 0.002300816122442484, -0.0020636185072362423, -0.01153457723557949, 0.022445663809776306, 0.0036935042589902878, 0.014380947686731815, -0.003483415115624666, -0.007976613938808441, -0.021293560042977333, 0.017986349761486053, 0.018420081585645676, -0.018948694691061974, 0.024614326655864716, -0.029602251946926117, 0.0034037844743579626, 0.0010758602293208241, -0.010023290291428566, 0.004913377575576305, -0.03789738938212395, -0.014787571504712105, 0.03271970525383949, 0.014286068268120289, -0.024438122287392616, 0.007637760601937771, 0.019667062908411026, 0.03057814948260784, 0.014475826174020767, 0.01165656466037035, -0.015207749791443348, -0.02648479864001274, -0.0224185548722744, 0.0003903169999830425, 0.011893761344254017, 0.001917911460623145, 0.0061501930467784405, 0.016278527677059174, -0.004682956729084253, 0.028029970824718475, 0.014286068268120289, -0.024465231224894524, -0.029873333871364594, -0.01900291070342064, -0.04312928766012192, -0.02103603258728981, 0.002412637695670128, -0.019992362707853317, -0.026742327958345413, 0.046897340565919876, -0.003544408828020096, 0.024926071986556053, -0.019450196996331215, 0.019667062908411026, 0.007691977079957724, -0.046816013753414154, 0.03356005996465683, 0.011432920582592487, -0.017999904230237007, 0.014990883879363537, -0.02085982821881771, -0.004310218151658773, 0.010965302586555481, 0.009636996313929558, 0.014055647887289524, -0.0057605113834142685, 0.02287939563393593, 0.003778217826038599, 0.059638235718011856, -0.004743950441479683, -0.013445711694657803, -0.012056411243975163, -0.019246885553002357, 0.03445463627576828, 0.016386961564421654, 0.0024024720769375563, 0.0137032400816679, 0.00898639764636755, 0.0026193384546786547, -0.026891423389315605, 0.025251371785998344, -0.0163734070956707, -0.007576766889542341, -0.01762038841843605, -0.006783849094063044, -0.004835441242903471, 0.01026726420968771, 0.00024037428374867886, 0.011798882856965065, -0.001706975046545267, 0.009054168127477169, 0.013079749420285225, 0.004808332771062851, -0.017078222706913948, 0.016237864270806313, -0.03285524621605873, -0.017105329781770706, 0.03591848164796829, 0.0025295421946793795, -0.007983391173183918, 0.015194196254014969, 0.0021584974601864815, 0.022906504571437836, 0.0014282679185271263, 0.021984823048114777, -0.001853529247455299, -0.02024989202618599, -0.02716250531375408, 0.01804056577384472, 0.033478736877441406, -0.004584689158946276, 0.01377101056277752, -0.012225838378071785, 0.02306915447115898, -0.010551901534199715, 0.027921536937355995, -0.02620016038417816, 0.03979496657848358, 0.004696511197835207, 0.022513434290885925, -0.014014985412359238, 0.0020856440532952547, -0.008410346694290638, 0.01199541799724102, 0.001062306109815836, -0.005906218662858009, 0.0027819881215691566, 0.001206318847835064, 0.0697767361998558, -0.0013698156690225005, 0.006475492380559444, 0.0014570705825462937, -0.01996525563299656, 0.0014392806915566325, 0.013777787797152996, 0.02213391847908497, 0.017484845593571663, -0.010389251634478569, 0.020168567076325417, 0.0020771727431565523, 0.023801077157258987, -0.032231755554676056, -0.007502219174057245, 0.008213811554014683, -0.014136972837150097, 0.012774781323969364, -0.03925280272960663, -0.00904061459004879, 0.02000591717660427, 0.009542117826640606, 0.024858301505446434, -0.009060945361852646, -0.01535684522241354, 0.00011891643953276798, 0.015438170172274113, 0.00012198730109957978, -0.009176155552268028, -0.018921585753560066, 0.024221256375312805, 0.029602251946926117, 0.012130958959460258, -0.011005965061485767, -0.00779363326728344, -0.02000591717660427, -0.006871951278299093, -2.6446465199114755e-05, 0.023448670282959938, -0.014665584079921246, 0.0003560080658644438, 0.009365913458168507, -0.016075216233730316, -0.02007368765771389, 0.024424567818641663, -0.02594263292849064, -0.0137032400816679, 0.01153457723557949, -0.029195627197623253]"
19111,"set field value based on other fields mongoose schema<p>I am trying to set a value based on the value of two other fields in my schema but im getting the following error</p>
<p>ReferenceError: Cannot access 'isPending' before initialization</p>
<p>here is the model</p>
<pre><code>const mongoose = require('mongoose');

const bookingSchema = new mongoose.Schema({
  userId: {
    type: mongoose.Schema.Types.ObjectId,
    required: true,
    ref: 'User',
  },
  sitterId: {
    type: mongoose.Schema.Types.ObjectId,
    required: true,
    ref: 'Sitter',
  },

  start: {
    type: Date,
    required: true,
  },
  end: {
    type: Date,
    required: true,
    min: this.start,
  },
  accepted: {
    type: Boolean,
    default: false,
  },
  declined: {
    type: Boolean,
    default: false,
  },
  paid: {
    type: Boolean,
    default: false,
  },
  pending: {
    type: Boolean,
    default: true,
    set: isPending,
  },
});

const isPending = (accepted, declined) =&gt; {
  !accepted &amp;&amp; !declined ? true : false;
};
</code></pre>
<p>any ideas? is it possible to do</p>
","@WiktorStribiżew: And depending on how you use them, you can only use JavaScript regexes sometimes. Which would explain why the lookbehind regex isn't working for him. To OP: That's why you're supposed to always provide a [Minimal, Complete, and Verifiable example](http://stackoverflow.com/help/mcve).","Embed Field: set field value based on other fields mongoose schema<p>I am trying to set a value based on the value of two other fields in my schema but im getting the following error</p>
<p>ReferenceError: Cannot access 'isPending' before initialization</p>
<p>here is the model</p>
<pre><code>const mongoose = require('mongoose');

const bookingSchema = new mongoose.Schema({
  userId: {
    type: mongoose.Schema.Types.ObjectId,
    required: true,
    ref: 'User',
  },
  sitterId: {
    type: mongoose.Schema.Types.ObjectId,
    required: true,
    ref: 'Sitter',
  },

  start: {
    type: Date,
    required: true,
  },
  end: {
    type: Date,
    required: true,
    min: this.start,
  },
  accepted: {
    type: Boolean,
    default: false,
  },
  declined: {
    type: Boolean,
    default: false,
  },
  paid: {
    type: Boolean,
    default: false,
  },
  pending: {
    type: Boolean,
    default: true,
    set: isPending,
  },
});

const isPending = (accepted, declined) =&gt; {
  !accepted &amp;&amp; !declined ? true : false;
};
</code></pre>
<p>any ideas? is it possible to do</p>; Answer: @WiktorStribiżew: And depending on how you use them, you can only use JavaScript regexes sometimes. Which would explain why the lookbehind regex isn't working for him. To OP: That's why you're supposed to always provide a [Minimal, Complete, and Verifiable example](http://stackoverflow.com/help/mcve).","[-0.0077209086157381535, 0.0064625851809978485, -0.001315597677603364, -0.01924414187669754, -0.04625706374645233, 0.031266603618860245, -0.011701040901243687, -0.016809560358524323, -0.038324154913425446, -0.025043372064828873, 0.035643380135297775, 0.00023572193458676338, 0.016166720539331436, -0.005905230063945055, -0.006996004842221737, -0.00730374688282609, 0.013520138338208199, 0.008869812823832035, 0.0009471619268879294, -0.02466040477156639, -0.013868913054466248, 0.001942194881848991, -0.006158262491226196, -0.011085555888712406, -0.037612929940223694, 0.009102328680455685, 0.008897167630493641, -0.015332398004829884, -0.0008864683913998306, 0.008869812823832035, 0.0012899525463581085, 0.0022909692488610744, -0.016672786325216293, -0.035588670521974564, -0.007420005276799202, -0.030828924849629402, -0.018710723146796227, -0.007679876405745745, 0.03331821784377098, 0.02249937132000923, 0.017561819404363632, 0.0038501962553709745, -0.006483101285994053, -0.016125688329339027, -0.0037441961467266083, 0.04426015913486481, 0.017069431021809578, -0.026192275807261467, -0.019298851490020752, 0.005310261622071266, 0.012726848013699055, 0.03006298840045929, -0.040676672011613846, -0.007782456930726767, -0.0129388477653265, -0.0033372926991432905, 0.012391750700771809, 0.031786344945430756, 0.012672137469053268, -0.0055872295051813126, 0.0053068422712385654, -0.0023029372096061707, 0.005871036555618048, 0.0013908235123381019, -0.003515099175274372, -0.007529424503445625, -0.0006680568912997842, 0.002318324288353324, -0.023415759205818176, -0.014976784586906433, 0.013007234781980515, 0.00696181133389473, -0.015592268668115139, -0.002650001784786582, 0.040676672011613846, -0.019326206296682358, -0.026547890156507492, 0.01319871935993433, 0.01627613976597786, 0.008343231864273548, -0.010743620805442333, -0.030227117240428925, -0.03301731497049332, 0.031211892142891884, 0.02290969341993332, 0.014935752376914024, 0.0013745815958827734, 0.014457042329013348, 0.023320015519857407, -0.00271667935885489, 0.003320195944979787, 0.009464780800044537, 0.004934132564812899, -0.004294712562114, 0.018054205924272537, 0.005375229753553867, -0.02306014485657215, 0.031649570912122726, 0.005026455037295818, 0.027642084285616875, -0.020119497552514076, 0.003311647567898035, -0.0178763996809721, -0.027737826108932495, -0.015017816796898842, 0.005211100447922945, 0.00696523068472743, -0.024865565821528435, 0.026930857449769974, -0.02724543772637844, 0.008767232298851013, 0.029816795140504837, 0.0029560343828052282, 0.019080013036727905, 0.002807292388752103, -0.00903394166380167, 0.002014001365751028, -0.036573443561792374, -0.03353705629706383, -0.010046071372926235, 0.010832523927092552, 0.012699493207037449, 0.01303458958864212, -0.027984019368886948, 0.00013698800466954708, -0.0015976947033777833, -0.011352266184985638, 0.0027235180605202913, -0.006493359338492155, -0.017958464100956917, 0.040485188364982605, -0.01613936573266983, 0.006195875350385904, 0.037202607840299606, -0.02559047006070614, -0.0027149696834385395, -0.017493432387709618, -0.004328906070441008, -0.0381053164601326, -0.02375769428908825, 0.00804232805967331, 0.02296440303325653, -3.3605869248276576e-05, -0.001340388087555766, -0.00651729479432106, 0.020926466211676598, -0.017438722774386406, -0.0022824208717793226, 0.015838462859392166, -0.012029298581182957, 0.018190979957580566, -0.0055120037868618965, 0.0038160027470439672, 0.0007018230971880257, -0.0006321536493487656, 0.004732390400022268, -0.017425045371055603, -0.004219486843794584, 0.013909945264458656, -0.01473059132695198, 0.004759745206683874, 0.024879243224859238, -0.019845949485898018, 0.004609293770045042, 0.029297051951289177, 0.021227369084954262, 0.010367491282522678, -0.00023636306286789477, -0.011913040652871132, -0.0037989059928804636, -0.022280531004071236, 0.022198466584086418, -0.026055501773953438, 0.0228139515966177, -0.008480005897581577, -0.027354858815670013, 0.010982975363731384, -0.0007377263391390443, -0.029351763427257538, -0.0011523234425112605, -0.025795631110668182, 0.008657812140882015, 0.011830976232886314, 0.04789835587143898, -0.02940647304058075, -0.015373430214822292, -0.005364971701055765, -0.01581110805273056, -0.013273945078253746, 0.004414390306919813, 0.010052910074591637, -0.011482201516628265, 0.001928517478518188, -0.005269229412078857, -0.6210647225379944, -0.024126984179019928, 0.022690854966640472, -0.01914840005338192, -0.01886117458343506, 0.008418457582592964, -0.009875103831291199, 0.005994133185595274, -0.023552533239126205, 0.04084080457687378, -0.008644134737551212, 0.02535795420408249, 0.013362848199903965, 0.00973832979798317, 0.02639743871986866, -0.005689810495823622, 0.025809308513998985, -0.02568621188402176, 0.010312781669199467, 0.007618328090757132, -0.006859230808913708, 0.02319691888988018, -0.007919231429696083, 0.018751755356788635, -0.014498074539005756, 0.007871360518038273, 0.011119749397039413, 0.003761292900890112, 0.00508116465061903, 0.043548934161663055, -0.01721988245844841, 0.05181010067462921, -0.005741100758314133, 0.006999424193054438, 0.0526854544878006, -0.035780154168605804, -0.029050858691334724, 0.008548392914235592, -0.015181946568191051, 0.056952815502882004, -0.0074883922934532166, 0.004605874419212341, 0.0028568729758262634, -0.006165101192891598, 0.007727747317403555, -0.004701616242527962, 0.020529821515083313, -0.004992261528968811, -0.013472267426550388, -0.004513551481068134, -0.004082712344825268, 0.010572652332484722, 0.0033475507516413927, 0.025440018624067307, 0.017247237265110016, -0.016864269971847534, 0.016166720539331436, 0.002318324288353324, -0.013827880844473839, -0.01650865748524666, -0.002046485198661685, 0.0027953244280070066, -0.020967498421669006, -0.0035971638280898333, 0.016727495938539505, 0.014333945699036121, 0.01985962688922882, 0.004236583597958088, -0.005871036555618048, -0.01957240141928196, 0.018806464970111847, 0.012849944643676281, -0.03091098926961422, 0.0015891463262960315, -0.010449555702507496, 0.028777310624718666, 0.013485944829881191, -0.018642336130142212, -0.026096533983945847, 0.0060761976055800915, 0.014224526472389698, 0.004920455161482096, -0.01604362390935421, -0.015250333584845066, 0.00612748833373189, -0.022198466584086418, -0.032962605357170105, 0.013027750886976719, 0.017794335260987282, 0.0016472754068672657, 0.005847101099789143, 0.02055717632174492, -0.015305043198168278, -0.0031235828064382076, -0.008220135234296322, 0.03181369975209236, -0.011311233974993229, 0.026178598403930664, 0.027956664562225342, -0.029132923111319542, -0.0015840171836316586, 0.0018447432667016983, -0.020242594182491302, 0.008281683549284935, 0.030664796009659767, 0.008083360269665718, -0.021801821887493134, 0.010586329735815525, 0.024920275434851646, -0.03252492472529411, 0.007098585832864046, -0.014169815927743912, -0.011140265502035618, -0.005477810278534889, -0.012111363001167774, -0.03370118513703346, 0.016248784959316254, -0.003662131493911147, -0.00969729758799076, 0.007871360518038273, -0.008144908584654331, 0.03454918414354324, 0.012644782662391663, -0.02037936821579933, -0.03594428300857544, -0.0029577440582215786, -0.021145304664969444, -0.00725587597116828, -0.005040132440626621, 0.02747795544564724, -0.011721557006239891, -0.028914084658026695, 0.03627254068851471, -0.011208653450012207, 0.02013317495584488, -0.010292265564203262, 0.03077421523630619, 0.01319871935993433, 0.009163876995444298, -0.005522261839359999, -0.011789944022893906, 0.030418602749705315, 0.01924414187669754, 0.0058607785031199455, 0.017206205055117607, -0.0202289167791605, -0.022321563214063644, 0.0066438112407922745, -0.036491379141807556, 0.01159845944494009, -0.020584531128406525, -0.01685059256851673, -0.012692654505372047, -0.0023593564983457327, -0.03536983206868172, -0.007837167009711266, -0.015428139828145504, -0.003448421834036708, -0.03402944281697273, -0.013759493827819824, 0.008733038790524006, 0.017370333895087242, -0.025658857077360153, -0.011024007573723793, -0.017753303050994873, -0.016864269971847534, -0.007392650470137596, -0.00691735977306962, -0.023114854469895363, -0.025905050337314606, 0.012658460065722466, 0.00263974373228848, -0.022472016513347626, -0.025057049468159676, -0.014908397570252419, 0.027395891025662422, -0.03914480283856392, 0.002877389080822468, -0.016631754115223885, -0.0024294534232467413, -0.007132779341191053, -0.019230464473366737, 0.015893172472715378, -0.0016942914808169007, 0.01887485198676586, 0.014539106748998165, 0.03312673419713974, 0.0028055827133357525, 0.0033646475058048964, 0.03216931223869324, 0.002545711351558566, 0.02009214274585247, -0.007755102124065161, 0.00484864879399538, -0.010907749645411968, -0.0013309847563505173, 0.006660907994955778, 0.013137170113623142, -0.008883490227162838, 0.0042160674929618835, -0.005648778285831213, 0.009122844785451889, 0.030993053689599037, -0.045108161866664886, -0.005296584218740463, -0.032716408371925354, 0.004038260784000158, -0.010381168685853481, 0.01633084937930107, 0.01694633439183235, 0.008486844599246979, -0.0019644207786768675, -0.005323939025402069, -0.02869524620473385, 0.01727459207177162, 0.024154338985681534, -0.010613684542477131, 0.002807292388752103, -0.009116006083786488, 0.018054205924272537, -0.020953821018338203, -0.023702984675765038, 0.026370083913207054, 0.022923370823264122, -0.031129827722907066, 0.038187380880117416, -0.014306590892374516, -0.00631555262953043, 0.005980455782264471, -0.01698736660182476, 0.003665550844743848, 0.010258072055876255, -0.00849368330091238, 0.010647878050804138, 0.001187371788546443, 0.021678725257515907, 0.018245689570903778, 0.004469099920243025, 0.032306086272001266, -0.03805060684680939, 0.012084008194506168, 0.027601052075624466, 0.009252781048417091, -0.016440270468592644, 0.023607242852449417, 0.004992261528968811, 0.03378324955701828, 0.027163373306393623, -0.008144908584654331, 0.022089047357439995, -0.012227621860802174, 0.007768779527395964, -0.00016786907508503646, -0.005258971359580755, 0.0216513704508543, -0.004660584032535553, 0.01393046136945486, 0.019558724015951157, 0.00022760096180718392, 0.01447071973234415, -0.007618328090757132, -0.00325864739716053, 0.015236656181514263, -0.036819640547037125, 0.011837814934551716, -0.007912392728030682, -0.04393190145492554, -0.021582983434200287, -0.01721988245844841, -0.007960263639688492, 0.013410719111561775, -0.024687759578227997, -0.015865817666053772, -0.024441566318273544, 0.0041408417746424675, -0.011263363063335419, 0.0045614223927259445, 0.006230068858712912, 0.024496275931596756, 0.016536012291908264, -0.034850090742111206, -0.00849368330091238, 0.01735665649175644, 0.0034244863782078028, -0.010305942967534065, -0.0030039052944630384, -0.02869524620473385, 0.012993557378649712, 0.004595615901052952, 0.0005372664891183376, 0.019175754860043526, 0.0053991652093827724, 0.009136522188782692, -0.012651621364057064, -0.012747364118695259, -0.0033287443220615387, 0.02182917669415474, 0.008527876809239388, -0.004640067927539349, 0.004759745206683874, 0.010340136475861073, 0.04814454913139343, -0.02591872774064541, -0.02460569515824318, 0.01980491727590561, 0.0005496616940945387, -0.0005817181663587689, -0.01313033141195774, 0.00333558302372694, 0.009074973873794079, 0.01122233085334301, -0.010723104700446129, -0.007816650904715061, -0.013260267674922943, -0.008904006332159042, 0.00271667935885489, -0.017753303050994873, -0.004790519364178181, -0.003539034631103277, -0.002460227580741048, -0.019093690440058708, -0.019640788435935974, -0.014128783717751503, 0.004718712996691465, 0.024455243721604347, 0.016317171975970268, 0.006876327563077211, 0.014033041894435883, 0.012849944643676281, -0.0016541141085326672, -0.012104524299502373, -0.03750351071357727, 0.01110607199370861, -0.016125688329339027, -0.03216931223869324, 0.024810856208205223, 0.022335240617394447, 0.012111363001167774, 0.020310981199145317, 0.006264262367039919, 0.014388655312359333, -0.023634597659111023, 0.017384011298418045, -0.017520787194371223, -0.012323363684117794, -0.013260267674922943, 0.021145304664969444, 0.03870712220668793, 0.012569556944072247, 0.009300651960074902, 0.026178598403930664, 0.01392362266778946, 0.009505813010036945, -0.0018379045650362968, -0.007420005276799202, -0.0026158082764595747, 0.02616492100059986, 0.012172911316156387, -0.010052910074591637, 0.05618687719106674, -0.004879422951489687, 0.006466004531830549, 0.019230464473366737, 0.008685166947543621, 0.012029298581182957, 0.03430299088358879, -0.016440270468592644, 0.020242594182491302, 0.005570132751017809, -0.014853687956929207, -0.01994169130921364, -0.024879243224859238, 0.0044861966744065285, 0.014716913923621178, -0.008931361138820648, 0.005409423261880875, -0.00656516570597887, -0.005505165085196495, 0.012651621364057064, -0.008336393162608147, 0.007536263205111027, -0.017616529017686844, -0.008247490040957928, -0.0446978360414505, -0.02626066282391548, -0.038652412593364716, 0.03370118513703346, -0.005676133092492819, -0.0020430658478289843, -0.02817550301551819, -0.03742144629359245, -0.02051614411175251, -0.011687363497912884, 0.011653169058263302, 0.0014797268668189645, -0.028667891398072243, -0.011024007573723793, -0.0002511090424377471, 0.032306086272001266, 0.003082550596445799, 0.015920527279376984, -0.003060324816033244, 0.0006471133674494922, -0.00032740345341153443, -0.02018788456916809, -0.01698736660182476, -0.022472016513347626, 0.011256524361670017, -0.015879495069384575, -0.005084584001451731, 0.023210596293210983, 0.006729295011609793, 0.01953136920928955, 0.017178850248456, 0.022075369954109192, 0.007878199219703674, -0.01745240017771721, -0.008288522250950336, 0.022089047357439995, 0.0038912284653633833, -0.01397149357944727, 0.03744880110025406, 0.01802685111761093, -0.00844581238925457, -0.0013968073762953281, 0.0069002630189061165, -0.0003244115214329213, -0.01887485198676586, -0.018697045743465424, 0.022649822756648064, -0.0019695498049259186, 0.008999748155474663, -0.0023012275341898203, 0.00047571808681823313, -0.015660656616091728, -0.0092938132584095, 0.00884245801717043, 0.02676672860980034, 0.004602455068379641, 0.016440270468592644, -0.004407551605254412, 0.021856531500816345, 0.0033509701024740934, 0.006342907901853323, 0.015140913426876068, -0.008692005649209023, 0.039637189358472824, -0.00997084565460682, -0.004821293521672487, -0.02215743437409401, 0.011345427483320236, -0.011755750514566898, 0.02422272600233555, -0.010593168437480927, 0.006828456185758114, 0.018806464970111847, 0.01334233209490776, -0.019914336502552032, -0.027122341096401215, -0.008726200088858604, -0.0009420329006388783, 0.0010582910617813468, -0.02375769428908825, 0.017288269475102425, -0.0019866465590894222, -0.009868265129625797, 0.007146456744521856, -0.03039124794304371, -0.000223326773266308, -0.0240038875490427, -0.0160025916993618, 0.01613936573266983, 0.009806716814637184, 0.048719000071287155, 0.01096245925873518, 0.019914336502552032, -0.005091422703117132, -0.01853291690349579, -0.015592268668115139, -0.03988338261842728, -0.01972285285592079, 0.007932908833026886, 0.04932080954313278, 0.029379118233919144, 0.008343231864273548, -0.015469172038137913, 0.02978944033384323, -0.018464529886841774, 0.0037886477075517178, 0.000778758607339114, 0.013868913054466248, 0.014894720166921616, -0.013602202758193016, 0.012097685597836971, 0.024537308141589165, 0.017849044874310493, 0.04286506399512291, 0.011174459010362625, 0.009382716380059719, 0.03189576417207718, -0.015482849441468716, -0.013267106376588345, -0.034138862043619156, -0.059633590281009674, 0.0014378397027030587, 0.028202857822179794, 0.005501745734363794, -0.005149552132934332, -0.026985567063093185, -0.0014780171914026141, 0.0013754364335909486, -0.005939423572272062, 0.0209401436150074, -0.01136594358831644, 0.016809560358524323, -0.0117625892162323, 0.004458841867744923, -0.01854659430682659, 0.011639491654932499, -0.018382463604211807, -0.007276392076164484, -0.003925422206521034, -0.009225426241755486, 0.004763164557516575, -0.007809811737388372, 0.03104776330292225, -0.009909297339618206, 0.007016520947217941, -0.03184105455875397, 0.02418169379234314, 0.004506712779402733, -0.017288269475102425, 0.0013258557301014662, -0.023497823625802994, -0.0018498722929507494, -0.025344274938106537, -0.016481302678585052, -0.0228276289999485, 0.008206457830965519, 0.042837709188461304, -0.015250333584845066, -0.0066814240999519825, -0.02055717632174492, 0.0002637179277371615, -0.0032842925284057856, -0.01887485198676586, 0.03364647552371025, -0.00025730664492584765, 0.03922686725854874, 0.020010078325867653, 0.021665047854185104, -0.02973473072052002, -0.021801821887493134, 0.013191880658268929, 0.027136018499732018, 0.021815499290823936, 0.03383795917034149, -0.002954324707388878, -0.03567073494195938, -0.001795162563212216, -0.008521038107573986, -0.018929561600089073, -0.022554080933332443, 0.012405428104102612, 0.011400137096643448, 0.001230113790370524, -0.007043875753879547, 0.03170428052544594, -0.02483821101486683, 0.004510132130235434, 0.006113810930401087, 0.015086203813552856, -0.017862722277641296, -0.02691718004643917, -0.02601446956396103, 4.934025491820648e-05, -0.006746391765773296, 0.01910736784338951, 0.03772234916687012, 0.01545549463480711, -0.015605946071445942, -0.0046674227342009544, 0.013561170548200607, 0.03195047378540039, 0.01801317371428013, 0.024455243721604347, -0.03443976491689682, 0.014566461555659771, 0.01957240141928196, 0.009635748341679573, -0.007844005711376667, -0.011461685411632061, 0.020160529762506485, 0.03651873394846916, 0.0023593564983457327, 0.008521038107573986, 0.019517691805958748, 0.004889681003987789, -0.010367491282522678, -0.0022499370388686657, -0.023456791415810585, -0.022567758336663246, -0.011037684977054596, 0.009328006766736507, 0.03104776330292225, 0.009307490661740303, -0.01928517408668995, -0.0019729691557586193, -0.0009249361464753747, 0.018656013533473015, 0.0027525825425982475, -0.005980455782264471, -0.01171471830457449, -0.015031494200229645, -0.015893172472715378, -0.020639240741729736, 0.006766907870769501, 0.026192275807261467, -0.023470468819141388, 0.02182917669415474, -0.0035219378769397736, 0.02940647304058075, -0.017301946878433228, 0.012808912433683872, -0.022034337744116783, 0.0020054529886692762, -0.015441817231476307, 0.011071878485381603, -0.018888529390096664, -0.03203253820538521, 0.012678977102041245, -0.010791491717100143, -0.02422272600233555, 0.013014073483645916, 0.019886981695890427, -0.008999748155474663, -0.010032393969595432, -0.048062484711408615, 0.007871360518038273, -0.016016269102692604, 0.02460569515824318, -0.03646402433514595, -0.024824533611536026, 0.031977828592061996, 0.0033150669187307358, -0.012234460562467575, -0.006031746044754982, -0.006507036741822958, -0.014498074539005756, -0.006442069076001644, 0.011817298829555511, 0.003229582915082574, -0.018437175080180168, -4.9660822696750984e-05, 0.017766980454325676, -0.0023217436391860247, 0.011140265502035618, -0.014443364925682545, -0.00919807143509388, -0.0037681316025555134, -0.013759493827819824, 0.008527876809239388, -0.013472267426550388, -0.009533167816698551, 0.011639491654932499, 0.016918979585170746, -0.00209948536939919, 0.017534464597702026, -0.014306590892374516, -0.014238203875720501, -0.0064625851809978485, -0.025385309010744095, -0.017288269475102425, 0.0035663896705955267, -0.03640931472182274, 0.04475254938006401, 0.015660656616091728, -0.00033018167596310377, -0.028503762558102608, -0.01618039794266224, -0.0338653139770031, -0.010258072055876255, 0.0005372664891183376, 0.00804232805967331, 0.04426015913486481, 0.014156138524413109, -0.009601554833352566, 0.0409228689968586, -0.00037377848639152944, 0.025617824867367744, -0.01985962688922882, 0.000869371579028666, 0.005648778285831213, -0.013137170113623142, 0.007864521816372871, 0.036245185881853104, -0.026329049840569496, -0.004021164029836655, 0.023087499663233757, -0.00039557687705382705, 0.03580750897526741, 0.021377820521593094, -0.010059748776257038, -0.03356441110372543, 0.0023490984458476305, -0.004824712872505188, 0.007084907963871956, -0.011776266619563103, 0.027163373306393623, -0.01806788332760334, -0.004930713213980198, -0.0005740245687775314, 0.0006449762731790543, 0.0047050355933606625, 0.016686463728547096, 0.014074074104428291, -0.01708310842514038, 0.0043972935527563095, -0.001210452406667173, 0.006346327252686024, -0.007844005711376667, -0.035506606101989746, 0.020297303795814514, 0.007734586019068956, 0.01531872060149908, 0.028832020238041878, 0.016494980081915855, -0.00247048563323915, -0.019490336999297142, 0.02103588543832302, -0.007837167009711266, -0.036764927208423615, 0.00459903571754694, -0.03397473320364952, -0.009020264260470867, 0.0006825891905464232, 0.025864018127322197, -0.019818594679236412, -0.011844653636217117, -0.01319871935993433, -0.006212972104549408, -0.016741173341870308, 0.008904006332159042, 0.0021029047202318907, -0.02381240390241146, -0.02013317495584488, 0.029160277917981148, 0.02591872774064541, -0.02902350388467312, -0.03783176839351654, 0.010770975612103939, -0.004807616118341684, -0.018478207290172577, -0.002284130547195673, -0.022882338613271713, -0.020297303795814514, 0.0027525825425982475, 0.012186589650809765, -0.01065471675246954, 0.01072994340211153, 0.20899111032485962, -0.006558327004313469, -0.009444264695048332, 0.008281683549284935, 0.005559874698519707, -0.009218587540090084, -0.002732066437602043, -0.012897815555334091, -0.012863622047007084, 0.011167620308697224, -0.020119497552514076, 0.006859230808913708, -0.0021576143335551023, -0.016768528148531914, -0.0006958391750231385, 0.0008881780668161809, -0.0465853214263916, -0.023265305906534195, -0.029379118233919144, -0.008425296284258366, 0.01037432998418808, 0.018669690936803818, -0.011844653636217117, -0.024947630241513252, 0.024906598031520844, -0.002077259588986635, 0.0289414394646883, 0.014566461555659771, 0.020570853725075722, 0.01994169130921364, -0.015975236892700195, -0.010148651897907257, 0.01496310718357563, 0.014757946133613586, -0.04710506647825241, -0.009211748838424683, 0.009163876995444298, 0.009820394217967987, 0.01675485074520111, 0.020680272951722145, -0.020926466211676598, -0.02450995333492756, 0.03123924694955349, -0.00884245801717043, -0.004650325980037451, -0.004609293770045042, 0.004506712779402733, -0.004636648576706648, 0.019271496683359146, 0.035260412842035294, -0.015113558620214462, -0.0031081957276910543, 0.04160673916339874, 0.009054457768797874, 0.002911582589149475, -0.012008782476186752, 0.0329352505505085, -0.010750459507107735, -0.018902206793427467, 0.03627254068851471, -0.015496526844799519, 0.011126588098704815, 0.012316524982452393, 0.0011480491375550628, -0.007467876188457012, -0.0038878091145306826, -0.013862074352800846, -0.026028146967291832, -0.001942194881848991, 0.008322715759277344, -0.008616779930889606, -0.02560414746403694, -0.0022242919076234102, 0.010435878299176693, -0.011283879168331623, -0.024920275434851646, 0.007768779527395964, 0.0013557751663029194, 0.010887233540415764, 0.03096569888293743, -0.02803872898221016, 0.003792067291215062, -0.0003799760597757995, 0.006992585491389036, -0.005211100447922945, -0.02678040601313114, 0.01604362390935421, 0.0013326944317668676, -0.011564265936613083, -0.010346975177526474, -0.013629557564854622, -0.0075020696967840195, -0.004356261342763901, -0.015838462859392166, -0.019257819280028343, -0.014593816362321377, 0.017384011298418045, 0.03383795917034149, -0.013109815306961536, -0.0029252602253109217, -0.019271496683359146, 0.036436669528484344, 0.016809560358524323, 0.00454090628772974, -0.014648525975644588, 0.015605946071445942, 0.017069431021809578, 0.004657164681702852, -0.009218587540090084, -0.010709427297115326, -0.0031475182622671127, -0.037804413586854935, 0.009998200461268425, -0.022854983806610107, -0.0004906777758151293, 0.00508116465061903, 0.021200014278292656, -0.0012608879478648305, 0.019367238506674767, 0.005891552660614252, 0.005901810713112354, -0.021801821887493134, -0.0034877443686127663, 0.006100133527070284, 0.013219235464930534, -0.018929561600089073, -0.020256271585822105, 0.021842854097485542, 0.0026465824339538813, -0.004920455161482096, 0.015400785021483898, 0.0010745329782366753, 0.0033988410141319036, -0.022239498794078827, -0.025959759950637817, -0.021008530631661415, 0.0015113558620214462, -0.019791239872574806, 0.012097685597836971, 0.02375769428908825, 0.010271749459207058, -0.03736673668026924, 0.032825831323862076, 0.011666846461594105, 0.015195623971521854, -0.020625563338398933, -0.012747364118695259, 0.004226325545459986, -0.03660079836845398, -0.03599899262189865, -0.017301946878433228, 0.005990713834762573, 0.012836267240345478, -0.044725190848112106, -0.001952452934347093, -0.013089299201965332, 0.01679588295519352, -0.03301731497049332, 0.02150091901421547, 0.0061753592453897, -0.020570853725075722, 0.02682143822312355, -0.01652233488857746, -0.013362848199903965, -0.023607242852449417, -0.002598711522296071, -0.17353922128677368, 0.022841306403279305, 0.03268905356526375, -0.030856279656291008, 0.0010540168732404709, 0.019818594679236412, 0.0026465824339538813, 0.005700068548321724, -0.016303494572639465, -0.03039124794304371, 0.02790195494890213, -0.02695821225643158, -0.04103228822350502, -0.016960011795163155, -0.009375877678394318, 0.01447071973234415, 0.0006847262848168612, -0.011817298829555511, 0.03266169875860214, 0.022526726126670837, 0.022923370823264122, -0.03588957339525223, 0.004219486843794584, -0.01535975281149149, -0.003079131245613098, 0.00790555402636528, 0.0085825864225626, -0.012460137717425823, -0.016713818535208702, 0.005559874698519707, -0.03222402185201645, 0.007761940825730562, 0.017329301685094833, 0.012569556944072247, 0.018519239500164986, -0.008616779930889606, 0.02630169503390789, 0.008117553777992725, -0.005676133092492819, -0.0016028237296268344, 0.0183414313942194, -0.01802685111761093, -0.013595364056527615, 0.019681820645928383, -0.00035689541255123913, 0.007645682897418737, 0.002745743840932846, 0.002978260163217783, 0.005300003569573164, -0.017712270841002464, -0.004858906846493483, -0.015168269164860249, -0.0034894540440291166, 0.010764136910438538, 0.029707375913858414, 0.01918943226337433, -0.012897815555334091, 0.0014626301126554608, -0.015400785021483898, 0.009109167382121086, 0.0038023253437131643, -0.02155562862753868, -0.000997597468085587, 0.003614260582253337, -0.028722601011395454, 0.01081884652376175, 3.6811517929891124e-05, 0.027409568428993225, -0.06340856105089188, 0.0044485838152468204, 0.020953821018338203, 0.016248784959316254, -0.00667116604745388, 0.0033458410762250423, 0.02121369168162346, -0.0011907911393791437, -0.02888672985136509, 0.012966202571988106, -0.013451751321554184, 0.015783753246068954, -0.00818594079464674, 0.04833603277802467, -0.014265558682382107, 0.04836338758468628, 0.00667116604745388, -0.00532735837623477, 0.0028004536870867014, -0.009116006083786488, 0.0005718874745070934, -0.009964006952941418, 0.00912968348711729, -0.023470468819141388, 0.002817550441250205, -0.003472357289865613, 0.008603102527558804, -0.012658460065722466, 0.010887233540415764, 0.0047802613116800785, 0.0033133572433143854, -0.010620523244142532, -0.002232840284705162, -0.017821690067648888, -0.018943239003419876, 0.0034706476144492626, 0.023019112646579742, 0.025289565324783325, -1.0204644240729976e-05, -0.0005812907475046813, 0.02441421151161194, 0.023497823625802994, -0.013697945512831211, -0.010189684107899666, -0.018218334764242172, 0.024168016389012337, -0.012569556944072247, 0.024728791788220406, 0.004410970956087112, -0.001696001156233251, -0.015004139393568039, -0.014922074973583221, 0.0550653301179409, -0.011742073111236095, 0.014552784152328968, 0.009649425745010376, -0.006520714145153761, -0.0055120037868618965, -0.10072058439254761, -0.02682143822312355, 0.01230284757912159, 0.02649318054318428, -0.028449052944779396, -0.014552784152328968, -0.017397688701748848, 0.01760285161435604, -0.02616492100059986, 0.027587374672293663, -0.05640571564435959, -0.014128783717751503, 0.0017849045107141137, 0.024974985048174858, -0.006647230591624975, 0.01689162477850914, -0.03334557265043259, 0.0251664686948061, 0.004069034941494465, 0.04157938435673714, -0.0204614344984293, -0.016973689198493958, 0.00637710141018033, -0.005645358934998512, -0.017247237265110016, -0.0019062916981056333, -0.01731562428176403, -0.00903394166380167, 0.008856135420501232, 0.01891588419675827, 0.0047802613116800785, -0.03167692571878433, 0.009690457955002785, -0.005310261622071266, -0.008951877243816853, -0.038597702980041504, -0.023402081802487373, 0.006968650035560131, 0.01947665959596634, -0.014716913923621178, 0.00043682288378477097, 0.026506857946515083, 0.021774467080831528, -0.0003795486409217119, 0.008343231864273548, -0.0008441538084298372, -0.022745564579963684, 0.044150739908218384, 0.016809560358524323, -0.020297303795814514, -0.009717813692986965, -0.005724004004150629, -0.002446550177410245, -0.023470468819141388, 0.035260412842035294, -0.002451679203659296, 0.01914840005338192, 0.022239498794078827, 0.01496310718357563, 0.017042076215147972, -0.015988914296030998, -0.013821042142808437, -0.017055753618478775, 0.001548113999888301, 0.026794083416461945, 0.007891876623034477, -0.005426520016044378, -0.025303242728114128, -0.004903358407318592, 0.020338336005806923, -0.03323615342378616, -0.0040109059773385525, -0.019298851490020752, 0.015250333584845066, -0.007242198567837477, 0.018136270344257355, -0.0092938132584095, -0.030336538329720497, 0.0141151063144207, -0.012425944209098816, 0.02342943660914898, 0.0020105820149183273, -0.004185293335467577, -0.02662995457649231, 0.04978584125638008, -0.004253680352121592, 0.0015498236753046513, 0.008233812637627125, 0.0009249361464753747, -0.0399928018450737, -0.00646942388266325, 0.021678725257515907, 0.012808912433683872, -0.019517691805958748, 0.014443364925682545, 0.020352013409137726, -0.012651621364057064, -0.011359104886651039, 0.006418133620172739, -0.005429939366877079, -0.017384011298418045, -0.012425944209098816, -0.030746860429644585, 0.029351763427257538, 0.013944138772785664, -0.016577044501900673, -0.012357557192444801, 0.0024585179053246975, -0.0009710974409244955, -0.01999640092253685, -0.0050743259489536285, 0.00563510088250041, 0.0018515819683670998, 0.002412356436252594, -0.020953821018338203, -0.023593565449118614, 0.002877389080822468, -0.011660007759928703, 0.011379620991647243, 0.00978620070964098, 0.02375769428908825, -0.004120325669646263, 0.013048266991972923, -0.0009950329549610615, -0.0025918728206306696, 0.020529821515083313, -0.027368536219000816, -0.0016378720756620169, 0.026930857449769974, 0.0045750997960567474, -0.0017934528877958655, -0.0006590810953639448, 0.013048266991972923, -0.022950725629925728, 0.036491379141807556, 0.020693950355052948, 0.031075118109583855, -0.012979879975318909, 0.012501169927418232, 0.019969046115875244, 0.04122377187013626, -0.0007851698901504278, 0.005607746075838804, -0.030692150816321373, 0.008821941912174225, -0.03569808974862099, -0.028722601011395454, 0.015045171603560448, -0.028202857822179794, 0.017342979088425636, 0.005501745734363794, 0.0055120037868618965, 0.03331821784377098, 0.017096785828471184, -0.008897167630493641, -0.015045171603560448, -0.020926466211676598, -0.026329049840569496, 0.012419105507433414, 0.02926969714462757, 0.005672713741660118, 0.010805169120430946, 0.03430299088358879, 0.00018411102064419538, 0.006773746572434902, -0.008172263391315937, 0.016207752749323845, -0.01627613976597786, 0.002850034274160862, 0.010900910943746567, 0.020119497552514076, -0.016412915661931038, -0.01920310966670513, 0.00627110106870532, 5.994560706312768e-05, 0.006695101503282785, 0.009027102962136269, -0.020543498918414116, -0.004414390306919813, -0.010538458824157715, -0.011844653636217117, 0.034357700496912, 0.014429687522351742, -0.02771047130227089, -0.007775618229061365, -0.009683619253337383, 0.0183551087975502, 0.010770975612103939, -0.0052042617462575436, 0.024209048599004745, 0.007543101906776428, 0.003392002312466502, -0.012049814686179161, 0.009498974308371544, 0.0014617752749472857, 0.005296584218740463, 0.022978080436587334, -0.018669690936803818, -0.006855811458081007, 0.02117265947163105, 0.028859375044703484, -0.0015968398656696081, 0.03449447453022003, 0.001097613712772727, 0.004123745020478964, -0.02263614535331726, -0.024304790422320366, -0.005197423044592142, -0.03876183182001114, -0.02714969590306282, 0.0046161324717104435, -0.0036040025297552347, -0.011892524547874928, -0.004776841960847378, -0.02065291814506054, -0.00024405661679338664, -0.002289259573444724, 0.010976136662065983, -0.00597703643143177, -0.009512651711702347, -0.02267717756330967, 0.01679588295519352, 0.011263363063335419, -0.01660439930856228, 0.01980491727590561, -0.014908397570252419, 0.022130079567432404, 0.013793687336146832, -0.026971889659762383, -0.013349170796573162, 0.014320268295705318, 0.0018686787225306034, 0.013451751321554184, -0.004920455161482096, -0.004681100137531757, -0.0017310496186837554, -0.016672786325216293, -0.009909297339618206, -0.008712522685527802, 0.002150775631889701, -0.007727747317403555, 0.07467876374721527, 0.013725300319492817, -0.0037134219892323017, 0.013793687336146832, -0.008767232298851013, 0.020570853725075722, 0.01590684987604618, 0.0018909045029431581, -0.007221682462841272, -0.028640536591410637, 0.020762337371706963, -0.010552136227488518, 0.0017028398578986526, 0.005535939242690802, -0.01303458958864212, 0.0017378883203491569, 0.012453299015760422, 0.022472016513347626, -0.0008078231476247311, -0.0030859699472784996, -0.0035595509689301252, -0.0038399382028728724, 0.009635748341679573, 0.009013425558805466, -0.006407875567674637, -0.014128783717751503, 0.014798978343605995, 0.0036758091300725937, -0.015879495069384575, -0.03156750649213791, 0.004763164557516575, 0.0141151063144207, -0.010141813196241856, -0.01594788208603859, -0.009211748838424683, -0.024619372561573982, 0.0036552927922457457, 0.015004139393568039, 0.013185041956603527, 0.012296008877456188, 0.0013173073530197144, 0.0027474535163491964, -0.02202066034078598, -0.00043725030263885856, -0.026233308017253876, -0.007891876623034477, 0.01652233488857746, -0.005884713958948851, -0.03867976740002632]","[-0.0022715164814144373, 0.006057377438992262, 0.0031848240178078413, -0.022778961807489395, -0.042603105306625366, 0.03706953674554825, -0.007608656771481037, -0.023678839206695557, -0.043006036430597305, -0.022228291258215904, 0.03731129691004753, -0.0006921158055774868, 0.02118067443370819, -0.006802797317504883, 0.005221297964453697, -0.01015383005142212, 0.00985163263976574, 0.0030874493531882763, 0.009267384186387062, -0.01970326527953148, -0.012947476468980312, -0.008877885527908802, -0.008307068608701229, -0.0063763633370399475, -0.026969432830810547, 0.0023504237178713083, 0.010261277668178082, -0.01699020527303219, 0.006503957789391279, 0.014545764774084091, 0.0072795976884663105, 0.006628194358199835, -0.00785041507333517, -0.03790225833654404, -0.0070647019892930984, -0.03043462708592415, -0.02028079889714718, -0.00662147905677557, 0.02530398964881897, 0.008918178267776966, 0.007689242716878653, -0.012947476468980312, -0.009596443735063076, -0.008817446418106556, -0.002842333633452654, 0.04287172481417656, 0.01194686722010374, -0.02452499233186245, -0.014720367267727852, 0.0021355277858674526, 0.01478752214461565, 0.03038090467453003, -0.05264949053525925, -0.0082936380058527, -0.025263696908950806, 0.0015143443597480655, 0.020186781883239746, 0.03320141136646271, 0.012651994824409485, -0.0007395439897663891, 0.0019273473881185055, -0.010771655477583408, -0.006020442117005587, 0.003248621243983507, -0.0033678212203085423, -0.007756398059427738, 0.004798221867531538, -0.0007525552646256983, -0.013699611648917198, -0.01102012861520052, 0.01849447563290596, 0.004445658531039953, -0.014545764774084091, -0.0015386879676952958, 0.03470568358898163, -0.009965796023607254, -0.03395354747772217, 0.00901891104876995, 0.01823928765952587, 0.0103888725861907, -0.004025939851999283, -0.031347934156656265, -0.039487116038799286, 0.029467595741152763, 0.027144035324454308, 0.014559195376932621, 0.002138885436579585, 0.012981053441762924, 0.020012177526950836, -0.011879712343215942, 0.010220984928309917, 0.008286922238767147, 0.005372396670281887, -0.0019592458847910166, 0.017433427274227142, 0.008575688116252422, -0.01852133870124817, 0.031240487471222878, 0.016426103189587593, 0.017634892836213112, -0.0082936380058527, 0.006584543734788895, -0.019354060292243958, -0.02807077392935753, -0.023584822192788124, 0.004778075497597456, -0.0027734998147934675, -0.017097651958465576, 0.02429666370153427, -0.033631205558776855, 0.011456635780632496, 0.021704483777284622, 0.002498164540156722, 0.01555308885872364, 0.01690961979329586, -0.018977992236614227, -0.010946258902549744, -0.03739188238978386, -0.024766748771071434, -0.005318672861903906, 0.006373005919158459, 0.004972824826836586, 0.012719149701297283, -0.01613062061369419, -0.0034282607957720757, -0.006238695699721575, -0.015539657324552536, -0.0010778370779007673, -0.012618416920304298, -0.012269211001694202, 0.034437064081430435, -0.008441378362476826, -0.003005184466019273, 0.03269103541970253, -0.021247830241918564, -0.013195949606597424, -0.009912071749567986, 0.00933453906327486, -0.031240487471222878, -0.027157464995980263, 0.004573252983391285, 0.03220751881599426, -0.004959393758326769, 0.0010988230351358652, 0.002723133657127619, 0.02357139065861702, -0.0181721318513155, 0.004019224550575018, 0.005896205548197031, -0.010825379751622677, 0.0034685537684708834, -0.007017693482339382, 0.002791967475786805, -0.000630417198408395, -0.003690165001899004, 0.006789366248995066, -0.026015831157565117, -0.014586057513952255, 0.007957862690091133, -0.013666034676134586, -0.007400476839393377, 0.01690961979329586, -0.01148349791765213, 0.011376050300896168, 0.030166007578372955, 0.01950179971754551, 0.017473720014095306, 0.002249691169708967, -0.012504253536462784, -0.002311809454113245, -0.027855876833200455, 0.020321091637015343, -0.01099326740950346, 0.023584822192788124, -0.018749665468931198, -0.02922583930194378, 0.015324762091040611, -0.0029934323392808437, -0.021704483777284622, 8.387812158616725e-06, -0.02115381322801113, 0.013565301895141602, 0.010409018956124783, 0.05369710549712181, -0.021717913448810577, -0.017419995740056038, -0.005657805595546961, -0.012510969303548336, -0.008125750347971916, 0.004845230374485254, 0.009253953583538532, -0.021744776517152786, 0.003481984604150057, -0.00962330587208271, -0.6189001202583313, -0.02412206120789051, 0.013605594635009766, -0.01345785427838564, -0.015271037817001343, 0.023437080904841423, -0.006480453535914421, 0.006030515301972628, -0.034437064081430435, 0.037929121404886246, -0.005419405177235603, 0.03916477411985397, 0.00992550328373909, 0.0056007239036262035, 0.019407782703638077, -0.005003044381737709, 0.019931592047214508, -0.029467595741152763, 0.011617807671427727, 0.00019926135428249836, 0.011033560149371624, 0.01501584891229868, -0.015996310859918594, 0.009381547570228577, -0.0045195287093520164, 0.003925207536667585, 0.011033560149371624, 0.0074340542778372765, 0.003485342487692833, 0.040239252150058746, -0.016372378915548325, 0.03999749571084976, 0.00650060037150979, 0.005674594081938267, 0.0525151789188385, -0.03535037115216255, -0.027560396119952202, 0.015485933981835842, -0.0063830791041255, 0.05893519148230553, -0.015230745077133179, 0.0078638456761837, 0.004284486640244722, -0.005949929356575012, 0.01422342099249363, -0.010885818861424923, 0.024565285071730614, -0.009905356913805008, -0.019004853442311287, -0.0138473529368639, 0.0091599365696311, 0.010664207860827446, -0.00848167110234499, 0.013598879799246788, 0.005916351918131113, -0.028688598424196243, 0.01670815423130989, 0.008387654088437557, -0.021073225885629654, -0.0026509419549256563, 0.0007626285078004003, 0.0007999834488146007, -0.01754087582230568, -0.011355903930962086, 0.012860175222158432, 0.023061012849211693, 0.01345785427838564, 0.001009842730127275, -0.005960002541542053, -0.020012177526950836, 0.011523791588842869, 0.0037942552007734776, -0.03234183043241501, 0.009468849748373032, -0.00219260947778821, 0.039540842175483704, 0.013296682387590408, -0.020374814048409462, -0.025142816826701164, 0.009180082939565182, -0.00038698044954799116, 0.000254978978773579, -0.025747211650013924, -0.011570800095796585, 0.0033392803743481636, -0.01699020527303219, -0.01912573352456093, 0.009186798706650734, 0.01177226472645998, 0.0028826266061514616, 0.003680091816931963, 0.01224906463176012, -0.018185563385486603, -0.008072026073932648, 0.0072795976884663105, 0.03215379640460014, -0.015297899954020977, 0.017984097823500633, 0.018158700317144394, -0.025774072855710983, -0.0016704796580597758, 0.011752118356525898, -0.016896188259124756, 0.008582403883337975, 0.03414158150553703, 0.015150158666074276, -0.023061012849211693, 0.009045773185789585, 0.020710589364171028, -0.033631205558776855, 0.013095216825604439, -0.02590838447213173, -0.015109865926206112, -0.0022614432964473963, -0.009656882844865322, -0.03341630846261978, 0.030166007578372955, 0.0046773431822657585, -0.011302179656922817, 0.02045540139079094, -0.007964578457176685, 0.03118676319718361, 0.012302788905799389, -0.029279561713337898, -0.03510861471295357, 0.0057921153493225574, -0.019206319004297256, -0.0027751787565648556, -0.007823552936315536, 0.0276947058737278, -0.014586057513952255, -0.027560396119952202, 0.028930356726050377, -0.00653417780995369, 0.024632439017295837, -0.013887645676732063, 0.01570083014667034, 0.013981662690639496, 0.008898031897842884, -0.0028591223526746035, -0.012806450948119164, 0.022953566163778305, 0.004257624503225088, 0.012423668056726456, 0.01872280240058899, -0.013598879799246788, -0.010032950900495052, 0.0026240800507366657, -0.03940653055906296, 0.0003246522683184594, -0.024014614522457123, -0.022295447066426277, -0.022926703095436096, -0.014814384281635284, -0.03228810429573059, -0.0036532299127429724, -0.01439802348613739, 0.00908606592565775, -0.03038090467453003, -0.019367489963769913, -0.002830581506714225, 0.011120861396193504, -0.03115990199148655, -0.01423685159534216, -0.019367489963769913, -0.01441145408898592, -0.009683744981884956, -0.004855303559452295, -0.024283234030008316, -0.02379971742630005, 0.0018165416549891233, 0.013901077210903168, -0.019743558019399643, -0.0320194847881794, -0.003636441193521023, 0.036827780306339264, -0.03140166029334068, 0.0003049254883080721, -0.017097651958465576, 0.007024408783763647, 0.0016679613618180156, -0.01324295811355114, 0.018588492646813393, 0.0033308861311525106, 0.026620225980877876, 0.011973729357123375, 0.03508175164461136, 0.0012465639738366008, -0.010382156819105148, 0.033631205558776855, -0.005889489781111479, 0.01621120795607567, -0.0025871447287499905, -0.0017712120898067951, -0.0138473529368639, -0.006628194358199835, 0.008266775868833065, 0.006208476144820452, 0.001237330143339932, 0.007098279427736998, -0.0006421693251468241, 0.008307068608701229, 0.03266417235136032, -0.02801704965531826, 0.0006526622455567122, -0.02377285622060299, 0.008615981787443161, -0.011799126863479614, 0.01693648099899292, 0.013981662690639496, -0.0011659780284389853, -0.0043382104486227036, -0.004620261490345001, -0.02809763513505459, 0.026244157925248146, 0.024511560797691345, -0.014586057513952255, 0.005956645123660564, -0.0031579621136188507, 0.01746029034256935, -0.0163052249699831, -0.02507566288113594, 0.027197759598493576, 0.019313765689730644, -0.025975538417696953, 0.0354846827685833, -0.007246020250022411, -0.008548825979232788, 0.007467631716281176, -0.0038614103104919195, -0.005956645123660564, 0.006111101247370243, -0.022805824875831604, 0.007917569950222969, -0.0037472466938197613, 0.028527427464723587, 0.008656274527311325, 0.005889489781111479, 0.03529664874076843, -0.0326104499399662, 0.01944807730615139, 0.021623896434903145, 0.011335757561028004, -0.025223402306437492, 0.01982414349913597, 0.0059801493771374226, 0.023786287754774094, 0.029521320015192032, -0.003972216043621302, 0.03191203624010086, -0.019488370046019554, 0.0047042048536241055, 0.0006232819869183004, -0.00845480989664793, 0.03040776588022709, -0.01052989810705185, 0.022470049560070038, 0.02233573980629444, 0.011799126863479614, 0.011107430793344975, -0.011926720850169659, -0.000521290407050401, 0.014263713732361794, -0.04287172481417656, 0.005912994034588337, -0.00427777087315917, -0.04198528081178665, -0.02198653481900692, -0.013148941099643707, -0.012302788905799389, 0.0061614676378667355, -0.020992640405893326, -0.02007933333516121, -0.01306835561990738, 0.010281424038112164, 9.726975986268371e-05, 0.020159918814897537, 0.010892534628510475, 0.02126125991344452, 0.004022581968456507, -0.03650543466210365, -0.011926720850169659, 0.016855895519256592, 0.005499991122633219, 0.0033930044155567884, -0.0054328362457454205, -0.02709031105041504, 0.010758224874734879, 0.007219158113002777, 0.0021993250120431185, 0.016600705683231354, 0.0012289357837289572, 0.003646514378488064, -0.012403520755469799, -0.017097651958465576, -0.010811948217451572, 0.022550635039806366, 0.016090327873826027, 0.002498164540156722, 0.013478000648319721, 0.012746011838316917, 0.03478626906871796, -0.024565285071730614, -0.027170896530151367, 0.017970668151974678, -0.00375396222807467, 0.006678560748696327, -0.007601941470056772, 0.011355903930962086, -0.008804014883935452, 0.013551871292293072, -0.011893143877387047, -0.002410863060504198, -0.0178900808095932, -0.006027157884091139, 9.999793110182509e-05, -0.022174566984176636, -0.006641625426709652, -0.009757615625858307, -0.007158718537539244, -0.010214269161224365, -0.02671424299478531, -0.021301552653312683, 0.008824162185192108, 0.02163732796907425, 0.026150140911340714, 0.0029111674521118402, 0.01087910309433937, 0.020146487280726433, 0.0057350336574018, -0.015687398612499237, -0.022147705778479576, 0.02158360369503498, -0.019380921497941017, -0.024565285071730614, 0.02342364937067032, 0.01854819990694523, 0.016452964395284653, 0.01607689820230007, 0.004351641517132521, 0.013941369950771332, -0.02213427424430847, 0.010180692188441753, -0.02334306389093399, -0.010570190846920013, -0.014290575869381428, 0.02253720536828041, 0.040292974561452866, 0.01754087582230568, 0.008199620991945267, 0.027855876833200455, 0.005876059178262949, 0.004825084004551172, -0.0004956875345669687, -0.016439534723758698, 0.0061513944528996944, 0.016775308176875114, 0.0041535343043506145, -0.0034013986587524414, 0.05796816200017929, 0.007917569950222969, 0.006064092740416527, 0.009253953583538532, 0.015512796118855476, 0.011967013590037823, 0.030918143689632416, -0.006178256124258041, 0.002464587101712823, 0.006789366248995066, -0.013370553031563759, -0.005684667266905308, -0.025747211650013924, 0.011778979562222958, 0.02017335034906864, 0.0020784460939466953, 0.004798221867531538, -0.008609266020357609, 0.0026643730234354734, 0.02030766010284424, -0.004751213360577822, -0.008434662595391273, -0.023383356630802155, -0.005818977486342192, -0.03814401850104332, -0.030300317332148552, -0.04354327544569969, 0.03706953674554825, -0.006158109754323959, 0.001192839932627976, -0.024242941290140152, -0.0372307114303112, -0.015606813132762909, -0.017205100506544113, 0.012222202494740486, -0.001942457165569067, -0.026244157925248146, 0.0008150933426804841, -0.0001818430464481935, 0.026606794446706772, 0.015257607214152813, 0.004200542811304331, 0.003287235274910927, -0.005896205548197031, 0.006060735322535038, -0.0249547827988863, -0.024820473045110703, -0.022228291258215904, 0.016923049464821815, -0.00816604308784008, -0.008085457608103752, 0.025666626170277596, 0.009327824227511883, 0.016842463985085487, 0.022120844572782516, 0.023249046877026558, 0.004590041469782591, -0.017043929547071457, -0.01575455442070961, 0.016063466668128967, -0.0026156858075410128, -0.013007915578782558, 0.03301337733864784, 0.009347970597445965, -0.006477096118032932, 0.007460915949195623, 0.01892426796257496, 0.005493275821208954, -0.024605577811598778, -0.023826580494642258, 0.020159918814897537, -0.004395292140543461, 0.009670314379036427, -0.009703891351819038, 0.0002509916666895151, -0.0035558552481234074, -0.011275317519903183, 0.012457245029509068, 0.025814367458224297, -0.006775935646146536, 0.027829015627503395, -0.014492040500044823, 0.019179455935955048, -0.009683744981884956, 0.016291793435811996, 0.011517075821757317, -0.008877885527908802, 0.03916477411985397, -0.005187720526009798, -0.011523791588842869, -0.02492792159318924, 0.00947556458413601, -0.011194732040166855, 0.035565268248319626, -0.007924285717308521, 0.008045163936913013, 0.0249547827988863, 0.010194122791290283, -0.023826580494642258, -0.03620995581150055, -0.002887663198634982, 0.006883383262902498, -0.00657782843336463, -0.023450512439012527, 0.016896188259124756, -0.009542719461023808, -0.008421231992542744, 0.01061719935387373, -0.024981645867228508, 0.0009183440706692636, -0.027560396119952202, -0.0223626010119915, -0.0026626940816640854, 0.016063466668128967, 0.05732347443699837, 0.01647982746362686, 0.01563367433845997, -0.0012709075817838311, -0.021704483777284622, -0.017809495329856873, -0.03774108737707138, -0.014975556172430515, 0.004643765278160572, 0.050393082201480865, 0.031213626265525818, -0.004200542811304331, -0.011778979562222958, 0.024229509755969048, -0.010274709202349186, 0.0033695001620799303, -0.004919101018458605, 0.009509142488241196, 0.02065686509013176, -0.017594600096344948, 0.019555523991584778, 0.028930356726050377, 0.018427321687340736, 0.04037356376647949, 0.015365054830908775, 0.014559195376932621, 0.029789939522743225, -0.01071793120354414, -0.02140900120139122, -0.04091080278158188, -0.06758475303649902, 0.013464569114148617, 0.022510342299938202, 0.011765548959374428, -0.006184971891343594, -0.02995111234486103, 0.000176281770109199, -0.002550209639593959, -0.013941369950771332, 0.016318654641509056, -0.010751509107649326, 0.02080460637807846, -0.014048817567527294, 0.001900485367514193, -0.013766766525804996, 0.008125750347971916, -0.014062249101698399, -0.007675812114030123, -0.0074340542778372765, -0.009287530556321144, 0.009885210543870926, -0.013444422744214535, 0.034060996025800705, 0.007816837169229984, -0.0032519788946956396, -0.036827780306339264, 0.019407782703638077, 0.00504333758726716, -0.016278361901640892, -8.703912317287177e-05, -0.018749665468931198, -0.005177647341042757, -0.024619007483124733, -0.017930373549461365, -0.01746029034256935, 0.004482593387365341, 0.03921849653124809, -0.01814527064561844, -0.007071417290717363, -0.012954192236065865, 0.00442886957898736, 0.005912994034588337, -0.018534768372774124, 0.029494458809494972, 0.0010039666667580605, 0.04198528081178665, 0.021046364679932594, 0.025760643184185028, -0.037553053349256516, -0.02299385890364647, 0.0030673027504235506, 0.03435647860169411, 0.021046364679932594, 0.035968195647001266, -0.007595226168632507, -0.04566537216305733, 0.008488386869430542, 0.005775326397269964, -0.020818037912249565, -0.030139146372675896, 0.003915134351700544, 0.01169839408248663, 0.007742966990917921, -0.007823552936315536, 0.039863184094429016, -0.01716480776667595, 0.003787539666518569, 0.0157276913523674, 0.013054924085736275, -0.012108039110898972, -0.026244157925248146, -0.021247830241918564, -0.001563871162943542, -0.015123297460377216, 0.013726473785936832, 0.03653229773044586, 0.01736627332866192, -0.012960907071828842, -0.006678560748696327, 0.005738391540944576, 0.023061012849211693, 0.01635894738137722, 0.016197776421904564, -0.04668612778186798, -0.0010887497337535024, 0.017205100506544113, 0.00588613236322999, -0.008535395376384258, -0.011799126863479614, 0.02319532260298729, 0.030058560892939568, -0.010738078504800797, -0.0059700761921703815, 0.0276947058737278, 0.002464587101712823, -0.007709389552474022, -0.0072795976884663105, -0.02392059750854969, -0.02801704965531826, -0.019891299307346344, 0.015418779104948044, 0.03164341673254967, 0.011443205177783966, -0.021314984187483788, -0.00992550328373909, 0.0056107970885932446, 0.007957862690091133, -0.0030958435963839293, 0.00258210813626647, -0.01673501543700695, -0.0017225247574970126, -0.01263856329023838, -0.017017066478729248, 0.003117669140920043, 0.022429756820201874, -0.02417578548192978, 0.01811840757727623, -0.007467631716281176, 0.03970201313495636, -0.023611683398485184, 0.018225856125354767, -0.03142851963639259, -0.008051879703998566, -0.025223402306437492, 0.006000295747071505, -0.018655648455023766, -0.0249547827988863, 0.012336365878582, -0.014706936664879322, -0.016144052147865295, 0.011423058807849884, 0.03301337733864784, -0.012987769208848476, -0.012081176973879337, -0.030891282483935356, 0.024430975317955017, -0.019837575033307076, 0.01964954100549221, -0.03306710347533226, -0.02397431991994381, 0.028661737218499184, 0.004499382339417934, -0.013780198059976101, -0.008286922238767147, -0.0078638456761837, -0.004257624503225088, -0.011268602684140205, 0.018561631441116333, -0.007951146923005581, -0.020052470266819, -0.007931000553071499, 0.0207777451723814, -0.0067054228857159615, 0.018655648455023766, -0.00839436985552311, -0.006671845447272062, -0.009764331392943859, -0.003841263707727194, 0.00750792445614934, -0.016614137217402458, -0.00933453906327486, 0.008401085622608662, 0.01607689820230007, -0.010348578914999962, 0.023625114932656288, -0.01194686722010374, -0.009663598611950874, -0.002474660286679864, -0.028205083683133125, -0.02879604697227478, -0.000651403097435832, -0.027882739901542664, 0.030139146372675896, 0.019945023581385612, 0.00481836823746562, -0.025841228663921356, -0.02186565473675728, -0.02379971742630005, -0.00877043791115284, -0.006483811419457197, 0.010610483586788177, 0.047733746469020844, 0.020374814048409462, -0.012007307261228561, 0.028500564396381378, 0.0039386386051774025, 0.017755771055817604, -0.03226124122738838, 0.002190930536016822, 0.003297308459877968, -0.022671515122056007, 0.009408409707248211, 0.03543095663189888, -0.033308859914541245, 0.0018501192098483443, 0.02492792159318924, 0.003072339342907071, 0.04198528081178665, 0.012443814426660538, -0.004989613313227892, -0.026177003979682922, 0.00999937392771244, 0.0063864365220069885, 0.010832095518708229, -0.010093390941619873, 0.02400118298828602, -0.016627568751573563, -0.0026005757972598076, -0.006453591864556074, 0.002093555871397257, 0.0052783796563744545, 0.011114145629107952, 0.012457245029509068, -0.015056141652166843, -0.005711529403924942, -0.0002723973011597991, 0.013075070455670357, -0.007239304482936859, -0.03690836578607559, 0.023853441700339317, 0.009253953583538532, 0.008951756171882153, 0.03263730928301811, 0.013189233839511871, -0.002093555871397257, -0.006352859083563089, 0.0291452519595623, -0.013095216825604439, -0.0323149673640728, -0.0012188624823465943, -0.024793611839413643, -0.008736860007047653, 0.012322935275733471, 0.021503018215298653, -0.02570691891014576, -0.011463351547718048, -0.007487778086215258, -0.0043449257500469685, -0.02002560906112194, 0.013672749511897564, 0.005771968979388475, -0.023813148960471153, -0.020213643088936806, 0.027721567079424858, 0.018776526674628258, -0.03161655366420746, -0.03672033175826073, 0.017419995740056038, -0.0165872760117054, -0.011053706519305706, -0.0020112909842282534, -0.02518310956656933, -0.022496910765767097, -0.012410236522555351, 0.013578732497990131, 0.0007517158519476652, 0.01849447563290596, 0.20930857956409454, 0.0014816062757745385, -0.005859270226210356, 0.014706936664879322, 0.0010383835760876536, -0.001508468296378851, 0.0016536909388378263, -0.014424885623157024, -0.005090346094220877, 0.012860175222158432, -0.02799018658697605, 0.015459071844816208, 0.0034584803506731987, -0.01921974867582321, -0.01178569532930851, 0.004452373832464218, -0.047706883400678635, -0.024444404989480972, -0.023651976138353348, -0.006137963384389877, 0.013565301895141602, 0.022402895614504814, -0.008978618308901787, -0.024887628853321075, 0.023611683398485184, 0.010079959407448769, 0.03736501932144165, 0.008159327320754528, 0.017299117520451546, 0.02512938529253006, -0.017796063795685768, -0.01200059149414301, 0.008676420897245407, 0.015378485433757305, -0.039863184094429016, -0.016452964395284653, 0.016170915216207504, 0.004247551318258047, 0.01676187850534916, 0.008273490704596043, -0.027170896530151367, -0.01889740489423275, 0.030166007578372955, -0.012813166715204716, -0.01063062995672226, 0.003945353906601667, -0.0031428521033376455, 0.004005793482065201, 0.02273866906762123, 0.02965562976896763, -0.017849788069725037, -0.0007135214400477707, 0.034839991480112076, 0.01079180184751749, -0.0002472141932230443, -0.01286689005792141, 0.030971867963671684, -0.007642234675586224, -0.015365054830908775, 0.024229509755969048, -0.025800935924053192, -0.0008965187007561326, 0.0015789810568094254, -0.0038446213584393263, 0.004532959777861834, -0.015096435323357582, -0.02844684198498726, -0.02631131373345852, -0.00119367940351367, 0.00932110846042633, -0.0019709980115294456, -0.024028044193983078, -0.001454744371585548, 0.020468831062316895, -0.00907263532280922, -0.026203865185379982, 0.004905669949948788, 0.009441987611353397, 0.01852133870124817, 0.018682509660720825, -0.020562848076224327, 0.012067746371030807, 0.007057986222207546, 0.010684354230761528, -0.008192905224859715, -0.02492792159318924, 0.013323544524610043, 0.0027651055715978146, -0.010503035970032215, -0.0014497076626867056, -0.013296682387590408, -0.006527462042868137, 0.0001825775543693453, -0.019434645771980286, -0.023840010166168213, -0.0089450404047966, 0.017634892836213112, 0.03529664874076843, -0.009918787516653538, -0.006957253906875849, -0.007548217661678791, 0.019206319004297256, 0.018857112154364586, 0.007420623209327459, -0.012544546276330948, -0.004096452612429857, 0.013054924085736275, 0.001920631853863597, -0.01322952751070261, -0.01904514618217945, -0.001977713545784354, -0.03142851963639259, 0.004700847435742617, -0.014881539158523083, -0.0018064684700220823, 0.008810730651021004, 0.012947476468980312, -0.0052414448000490665, 0.021140381693840027, 0.0043079908937215805, 0.010120252147316933, -0.025572609156370163, -0.0048989541828632355, 0.013034777715802193, 0.013491431251168251, -0.014908401295542717, -0.013981662690639496, 0.021623896434903145, -0.0006325157592073083, -0.012611701153218746, 0.02253720536828041, -0.002575392834842205, 0.0012885357718914747, -0.019609248265624046, -0.029091529548168182, -0.026365038007497787, -0.012578124180436134, -0.01575455442070961, 0.012222202494740486, 0.013054924085736275, 0.003723742440342903, -0.023638546466827393, 0.023665407672524452, 0.0014413133030757308, 0.013551871292293072, -0.03236868977546692, -0.016546981409192085, -0.00711842579767108, -0.03153596818447113, -0.03153596818447113, -0.018830250948667526, 0.0039017032831907272, 0.015794847160577774, -0.04477892816066742, 0.010261277668178082, -0.009206945076584816, 0.024565285071730614, -0.03320141136646271, 0.027076879516243935, 0.028984081000089645, -0.022872978821396828, 0.028930356726050377, -0.001532812020741403, -0.0039688581600785255, -0.02530398964881897, 0.00438521895557642, -0.16901560127735138, 0.018937699496746063, 0.03588761016726494, -0.025438299402594566, 0.003179787425324321, 0.015687398612499237, 0.008145896717905998, 0.015969449654221535, -0.014062249101698399, -0.03269103541970253, 0.024793611839413643, -0.021301552653312683, -0.032932791858911514, -0.011604377068579197, -0.0029883957467973232, 0.016520120203495026, -0.00011500286927912384, -0.010523182339966297, 0.024444404989480972, 0.02316846139729023, 0.006295777391642332, -0.03690836578607559, 0.0061715408228337765, -0.02339678816497326, 0.0012423667358234525, 0.008360792882740498, 0.0015672289300709963, -0.01786321960389614, -0.01844075135886669, 0.007689242716878653, -0.031213626265525818, 0.00999937392771244, 0.004351641517132521, 0.020750882104039192, 0.032556723803281784, -0.010597052983939648, 0.02030766010284424, 0.02060314267873764, -0.004348283633589745, -0.0012885357718914747, 0.01869594119489193, -0.016170915216207504, -0.0024578715674579144, 0.01353172492235899, -0.00612453231588006, 0.011940152384340763, 0.0022648009471595287, 0.01402195543050766, 0.0012398484395816922, -0.01950179971754551, 0.00017638670396991074, -0.009482280351221561, -0.0025451730471104383, 0.00043818610720336437, 0.029521320015192032, 0.0181721318513155, -0.013968232087790966, 4.0843857277650386e-05, -0.00588613236322999, 0.006628194358199835, 0.0074542006477713585, -0.01517702080309391, 0.0028406549245119095, 0.01324295811355114, -0.013518293388187885, 0.01887054368853569, -0.006631552241742611, 0.012396805919706821, -0.059042640030384064, 0.004630334675312042, 0.01592915691435337, 0.016144052147865295, -0.010120252147316933, -0.0014723724452778697, 0.015902293846011162, -0.003485342487692833, -0.03741874545812607, 0.012208771891891956, -0.02311473712325096, 0.00846824049949646, -0.0024679447524249554, 0.04389248043298721, -0.014344299212098122, 0.03827832639217377, 0.007467631716281176, -0.006228622514754534, 0.006742358207702637, -0.015069573186337948, -0.0007823552587069571, -0.010207554325461388, 0.011120861396193504, -0.03336258605122566, 0.002117060124874115, -0.011013413779437542, 0.006503957789391279, -0.007716104853898287, 0.009703891351819038, 0.005355608183890581, 0.004932531621307135, -0.018360165879130363, -0.015472502447664738, -0.014599488116800785, -0.01967640407383442, -0.0005405974225141108, 0.0207777451723814, 0.027197759598493576, 0.0034987733233720064, -0.008387654088437557, 0.0252502653747797, 0.023463943973183632, -0.013397414237260818, -0.008320499211549759, -0.012282642535865307, 0.025115955621004105, -0.013498147018253803, 0.017796063795685768, -0.005587292835116386, -0.0025787504855543375, -0.004388576839119196, 0.0008507694001309574, 0.04700847342610359, -0.004237478133291006, 0.007608656771481037, 0.0056007239036262035, -0.0028003619518131018, 0.00025875645224004984, -0.08977275341749191, -0.025035368278622627, 0.017433427274227142, 0.02605612389743328, -0.03395354747772217, -0.01477409154176712, -0.005714887287467718, 0.02334306389093399, -0.028339393436908722, 0.026754535734653473, -0.04467147961258888, -0.015915725380182266, 0.008938325569033623, 0.024054907262325287, 0.0013842316111549735, 0.011725256219506264, -0.0421195924282074, 0.019058577716350555, 0.01478752214461565, 0.03569957613945007, -0.018158700317144394, -0.022752100601792336, 0.010751509107649326, -0.005392543505877256, -0.033308859914541245, -0.0015395274385809898, -0.01187299657613039, -0.007534786593168974, 0.006154751870781183, 0.026244157925248146, -0.004072948358952999, -0.028581151738762856, 0.01656041294336319, -0.003344316966831684, -0.0015009134076535702, -0.02703658677637577, -0.015794847160577774, 0.0043180640786886215, 0.02181193046271801, -0.015673967078328133, -0.006819586269557476, 0.030649524182081223, 0.021288122981786728, 0.002734885783866048, 0.010200838558375835, -0.01216176338493824, -0.02799018658697605, 0.03852008655667305, 0.01438459288328886, -0.02596210688352585, -0.0007697637192904949, -0.014196558855473995, 0.010899250395596027, -0.03360434249043465, 0.0412600077688694, -0.003345995908603072, 0.023061012849211693, 0.03191203624010086, 0.015593381598591805, 0.02397431991994381, 0.0026878772769123316, -0.018413890153169632, -0.016439534723758698, 0.006205118261277676, 0.014908401295542717, -0.005550357513129711, -0.01140962727367878, -0.02766784280538559, -0.0045027402229607105, 0.016869325190782547, -0.03070324845612049, -0.009898641146719456, -0.02487419731914997, 0.014559195376932621, -0.013887645676732063, 0.02691570855677128, -0.012228918261826038, -0.025572609156370163, 0.01728568598628044, -0.014129403978586197, 0.015418779104948044, 0.0016587275313213468, -0.010563475079834461, -0.029279561713337898, 0.058183059096336365, -0.005405974108725786, 0.0028473702259361744, 0.01154393795877695, -0.005291810724884272, -0.033711791038513184, 0.003356069093570113, 0.018507907167077065, 0.018400458618998528, -0.01653355173766613, 0.01962267979979515, 0.008065310306847095, -0.009166652336716652, -0.007172149606049061, 0.006483811419457197, -0.012269211001694202, -0.01889740489423275, -0.014465178363025188, -0.026593364775180817, 0.030622661113739014, 0.019971884787082672, -0.009952365420758724, -0.008676420897245407, 0.006373005919158459, -0.002216113731265068, -0.019582387059926987, -0.002669409615918994, 0.005053410772234201, 0.008387654088437557, 0.004408723209053278, -0.021100088953971863, -0.02876918576657772, 0.00878386851400137, -0.012571408413350582, 0.010321717709302902, 0.012020737864077091, 0.025639763101935387, -0.00986506324261427, 0.006876667961478233, -0.0032284746412187815, -0.0021590320393443108, 0.02562633343040943, -0.028715461492538452, 0.0033023450523614883, 0.032556723803281784, 0.014304006472229958, -0.0022731954231858253, 0.002333634765818715, 0.015432209707796574, -0.013397414237260818, 0.03473254665732384, 0.02596210688352585, 0.02530398964881897, -0.015714259818196297, 0.008898031897842884, 0.029709354043006897, 0.03532350808382034, -0.01478752214461565, 0.008172758854925632, -0.028339393436908722, 0.006420013960450888, -0.03588761016726494, -0.023007288575172424, 0.012719149701297283, -0.02917211502790451, 0.030891282483935356, 0.00306226615794003, 0.013478000648319721, 0.03295965492725372, 0.021731344982981682, -0.004751213360577822, -0.012712433934211731, -0.022604359313845634, -0.0377948097884655, 0.015217313542962074, 0.03215379640460014, -0.00719229644164443, -0.0007999834488146007, 0.03884242847561836, -0.010684354230761528, -0.002007933333516121, -0.0022614432964473963, 0.01423685159534216, -0.026203865185379982, 0.007004262413829565, 0.010355294682085514, 0.026418760418891907, -0.022805824875831604, -0.012302788905799389, 0.005654447712004185, -0.0023487447760999203, -0.0037069537211209536, 0.0165872760117054, -0.025021938607096672, -0.0048720925115048885, -0.013995093293488026, -0.0033678212203085423, 0.03666660934686661, 0.020912054926156998, -0.028339393436908722, -0.008904747664928436, -0.008401085622608662, 0.013639172539114952, 0.015230745077133179, -0.0022110771387815475, 0.0226446520537138, 0.008797300048172474, 0.0001313718967139721, -0.021449293941259384, 0.0078034065663814545, 0.0006413298542611301, 0.012349797412753105, 0.027506671845912933, -0.002681161742657423, -5.440600943984464e-05, 0.027909601107239723, 0.027721567079424858, 0.0022748743649572134, 0.03736501932144165, -0.0033896465320140123, 0.011490213684737682, -0.020898623391985893, -0.024242941290140152, -0.0038479792419821024, -0.04050787165760994, -0.029064666479825974, -0.0043449257500469685, -0.009441987611353397, -0.011658101342618465, -0.0005246481159701943, -0.014035386964678764, 0.0068900990299880505, -0.0006119495956227183, 0.0047243512235581875, -0.0047142780385911465, -0.0025552462320774794, -0.028124498203396797, 0.01091939676553011, 0.012692287564277649, -0.019609248265624046, 0.01256469264626503, -0.012893752194941044, 0.011389480903744698, 0.018333304673433304, -0.03379237651824951, -0.008401085622608662, 0.01441145408898592, 0.010664207860827446, 0.023463943973183632, -0.010106821544468403, -0.005862628109753132, -0.011302179656922817, -0.010832095518708229, -0.015203882940113544, -0.011644669808447361, 0.003418187377974391, -0.011799126863479614, 0.07548217475414276, 0.011920005083084106, 0.0016402598703280091, 0.01461291965097189, -0.007145287934690714, 0.02807077392935753, 0.010623915120959282, 0.0011005018604919314, -0.004922458436340094, -0.031025592237710953, 0.02417578548192978, -0.008145896717905998, 0.001900485367514193, 0.00022391982201952487, -0.0052414448000490665, 0.009280815720558167, 0.015445641241967678, 0.01904514618217945, 0.010006088763475418, -0.007897423580288887, -0.012907183729112148, -0.0012079498264938593, 0.007286312989890575, 0.01690961979329586, -0.007420623209327459, -0.028285669162869453, 0.015942588448524475, 0.005355608183890581, -0.01461291965097189, -0.029118390753865242, 0.005476486869156361, 0.016694722697138786, -0.008246629498898983, -0.02412206120789051, -0.0033191340044140816, -0.02224172279238701, 0.004244193434715271, 0.0074542006477713585, 0.013135510496795177, 0.013383983634412289, -0.0032200803980231285, -0.00020083530398551375, -0.024417543783783913, -0.0004008311661891639, -0.025008507072925568, -0.006299135275185108, 0.011517075821757317, -0.008461524732410908, -0.044940099120140076]","[-0.009735665284097195, 0.026410507038235664, 0.024189969524741173, -0.02473122626543045, -0.005128051619976759, 0.021220002323389053, -0.02706279046833515, -0.009985475800931454, -0.018832925707101822, -0.020401179790496826, 0.02759016677737236, 0.01694547012448311, 0.01378120481967926, -0.021469812840223312, -0.015724174678325653, 0.0002821209200192243, 0.014697176404297352, -0.00345744495280087, 0.006026674993336201, -0.04491035267710686, -0.012802781537175179, 0.00010582244431134313, -0.02757628820836544, -0.006054431665688753, -0.017847562208771706, 0.002985580824315548, 0.0011787926778197289, -0.01965174823999405, 0.008576822467148304, -0.02174738049507141, 0.010498974472284317, -0.003837364725768566, -0.03561185672879219, -0.02764568105340004, -0.008757241070270538, -0.016001742333173752, -0.002197984140366316, -0.01382977981120348, 0.026216210797429085, 0.004735988099128008, 0.01530782412737608, 0.031004242599010468, 0.0028762887232005596, -0.028228571638464928, -0.01949908770620823, 0.023843010887503624, 0.001098992070183158, -0.011505154892802238, -0.009055625647306442, 0.02217760868370533, 0.017195280641317368, 0.008104958571493626, -0.00945115927606821, -0.012740328907966614, 0.014489001594483852, -0.02491164393723011, -0.006606096401810646, 0.017639387398958206, -0.0014667684445157647, -0.023038066923618317, -0.0063840425573289394, 0.009201348759233952, -0.0028225101996213198, -0.013954684138298035, 0.007161230314522982, -0.01890231855213642, -0.020845286548137665, 0.005076007917523384, -0.01104716956615448, -0.01392692793160677, 0.007966174744069576, 0.0031885516364127398, -0.008368647657334805, 0.0030410941690206528, 0.043022897094488144, -0.018083494156599045, -0.00765391206368804, 0.006172397639602423, -0.0010642962297424674, -0.018319426104426384, 0.01700098253786564, -0.003063646610826254, -0.007869026623666286, 0.024287119507789612, 0.002152879722416401, 0.0003068417136091739, 0.017694901674985886, 0.018069615587592125, 0.0014294703723862767, 0.0024356511421501637, 0.008243742398917675, 0.01677892915904522, 0.021136732771992683, 0.008438038639724255, 0.005766456015408039, 0.004239837173372507, -0.020040342584252357, 0.017209159210324287, -0.0031035467982292175, 0.01684832200407982, -0.026535412296652794, 0.0015803974820300937, -0.013066469691693783, -0.009867509827017784, 0.0041565666906535625, -0.015946228057146072, 0.020095856860280037, -0.009839752689003944, 0.0038824693765491247, -0.0030983423348516226, -0.0037367467302829027, 0.029394352808594704, 0.01089450716972351, -0.0056935944594442844, -0.011435762979090214, 0.006359755527228117, 0.01541885081678629, -0.029144542291760445, -0.020498327910900116, -0.03219778090715408, 0.0041184015572071075, 0.023260120302438736, 0.011886809952557087, -0.03872060775756836, 0.002315950347110629, 0.01670953817665577, -0.02263559401035309, 0.013607725501060486, 0.002853736514225602, -0.037221744656562805, 0.06417350471019745, -0.0023974855430424213, 0.017278550192713737, 0.014738811179995537, -0.003896347712725401, 0.023038066923618317, -0.02484225295484066, -0.023232363164424896, -0.018055738881230354, -0.01496086549013853, 0.011616181582212448, 0.0016385131748393178, 0.014391852542757988, 0.017139766365289688, -0.014391852542757988, 0.018666384741663933, 0.02239966206252575, 0.0034175445325672626, 0.005756047088652849, -0.011532912030816078, -0.004735988099128008, -0.0033412135671824217, 0.0013089022831991315, 0.012823598459362984, 0.03069891780614853, 0.018180644139647484, 0.000634500989690423, 0.01665402390062809, -0.005041311960667372, -0.03575063869357109, -0.006040553562343121, 0.020304031670093536, 0.007161230314522982, -0.023565445095300674, 0.013510577380657196, 0.024328753352165222, 0.012011715210974216, 0.001975930528715253, 0.017750414088368416, 0.001457227161154151, 0.01516904029995203, 0.010769602842628956, -0.03522326052188873, 0.006515887100249529, 0.003145181806758046, 0.003924104385077953, 0.0137742655351758, -0.0008678308222442865, -0.017486725002527237, 0.003148651449009776, -0.007549824193120003, -0.008202106691896915, 0.01392692793160677, 0.018819047138094902, -0.009041747078299522, 0.014711054973304272, 0.017250793054699898, -0.004968450404703617, 0.005894830916076899, -0.018305547535419464, 0.00944421999156475, 0.025411264970898628, -0.004049009643495083, -0.004201671574264765, -0.634185254573822, -0.03350234404206276, 0.01094308216124773, -0.014766568318009377, 0.022760499268770218, 0.014891473576426506, 0.0123309176415205, 0.015849079936742783, -0.01662626676261425, 0.056401629000902176, -0.00040095430449582636, 0.015529877506196499, 0.0030116026755422354, -0.019970951601862907, 0.015446607954800129, -0.021442055702209473, 0.014239191077649593, -0.009409523569047451, 0.010387947782874107, 0.014433487318456173, -0.0331137515604496, 0.014808203093707561, -0.00627648551017046, 0.01941581629216671, -0.004284941591322422, -0.0035736761055886745, 0.029755190014839172, -0.01652911864221096, 0.028297962620854378, 0.03266964480280876, -0.03044910728931427, 0.03622250258922577, -0.0216363538056612, -0.007060612551867962, 0.04629818722605705, -0.0140171367675066, -0.010783480480313301, -0.00838252529501915, -0.012462761253118515, 0.01972114108502865, -0.010436521843075752, -0.0001838881871663034, 0.005551341455429792, 0.01508577074855566, -0.0020383831579238176, -0.008118837140500546, 0.02804815210402012, 0.014933108352124691, -0.017653265967965126, 0.020331788808107376, -0.00827149860560894, -0.014239191077649593, 0.023496052250266075, 0.022982554510235786, 0.026105182245373726, 0.003429688047617674, 0.015862958505749702, -0.021386543288826942, 0.0013514047022908926, -0.008778058923780918, -0.01711200922727585, -0.013024834915995598, -0.01658463291823864, -0.014780446887016296, -0.015682538971304893, 0.02195555530488491, -0.008972355164587498, -0.006037083920091391, -0.01626542955636978, -0.009000112302601337, 0.03344683349132538, 0.005828908644616604, -0.006758758332580328, -0.02462019957602024, -0.006214032880961895, 0.013413428328931332, 0.011782722547650337, -0.01890231855213642, 0.0028658800292760134, 0.004753336310386658, 0.02992173098027706, 0.01519679743796587, -0.009090322069823742, -0.020068099722266197, 0.05026739835739136, -0.009617699310183525, -0.037388283759355545, -0.0037020507734268904, 0.01949908770620823, 0.002367994049564004, 0.018513724207878113, 0.013850596733391285, -0.0034123403020203114, -0.018388818949460983, 0.005575628485530615, 0.026396628469228745, -0.007709425408393145, 0.04710313305258751, 0.026354992762207985, -0.02743750438094139, -0.022704986855387688, -0.004867832642048597, -0.005898300092667341, 0.013482820242643356, -0.006432617083191872, 0.002756587928161025, -0.0030150723177939653, 0.004971920046955347, 0.04205141216516495, -0.028422867879271507, 0.008569883182644844, 0.0036430677864700556, 0.0003172504948452115, -0.010304677300155163, -0.005884421989321709, -0.031947970390319824, -0.010381008498370647, -0.0030428289901465178, -0.026285601779818535, -0.0275485310703516, 0.031725917011499405, 0.007577580865472555, 0.010436521843075752, -0.01924927718937397, -0.012053349986672401, -0.01672341674566269, 0.013337098062038422, -0.01252521388232708, -0.009700968861579895, 0.001464166329242289, 0.012948503717780113, -0.017292428761720657, 0.01924927718937397, -0.015252310782670975, 0.03058789111673832, -0.015849079936742783, 0.03691641986370087, -0.01115819625556469, 0.002274315105751157, -0.006224441807717085, -0.010290799662470818, 0.00851436983793974, 0.024259362369775772, -0.010360190644860268, -0.013739570043981075, -0.01912437193095684, -0.014530636370182037, 0.00017987647152040154, 0.018027981743216515, 0.034668128937482834, 0.012809720821678638, -0.01672341674566269, 0.013364854268729687, 0.03389094024896622, -0.01227540336549282, -0.011317797005176544, -0.015335580334067345, -0.02484225295484066, -0.026951761916279793, -0.0015561104519292712, 0.005738699343055487, 0.018097372725605965, -0.0072167436592280865, -0.004076766315847635, 0.0072167436592280865, 0.0011293509742245078, 0.006075249519199133, 0.028894731774926186, -0.020664868876338005, -0.012768085114657879, -0.00489558931440115, -0.006956524681299925, -0.011997836641967297, -0.001373957027681172, -0.025591684505343437, 0.018208399415016174, -0.04144076257944107, 0.011595364660024643, 0.0031607949640601873, -0.021039584651589394, 0.0018163295462727547, -0.012462761253118515, 0.0029769069515168667, 0.009381767362356186, 0.005034372676163912, 0.017611630260944366, -0.0026559699326753616, -0.0051037645898759365, 0.01644584909081459, 0.005596445873379707, 0.013149740174412727, 0.004649248439818621, 0.0032492694444954395, 0.013149740174412727, 0.007494310848414898, 0.020470570772886276, -0.007778817322105169, 0.03341907635331154, -0.014433487318456173, 0.030976485460996628, 0.015765810385346413, 0.009201348759233952, 0.0243842676281929, -0.05631835758686066, 0.0009489324293099344, -0.0496012344956398, 0.003545919433236122, -0.005454192869365215, 0.017819806933403015, 0.0027253616135567427, 0.0018753125332295895, -0.025744346901774406, -0.014253068715333939, 0.0012906868942081928, 0.006959994323551655, 0.026882370933890343, 0.020151369273662567, 0.01630706526339054, 0.002834653714671731, 0.017250793054699898, 0.017195280641317368, -0.002616069745272398, 0.04182935878634453, -0.0167650505900383, -0.023065824061632156, 0.022663351148366928, 0.005787273403257132, 0.010700210928916931, -0.008986233733594418, -0.03661109507083893, -0.002990785287693143, 0.00014756593736819923, 0.02514757588505745, 0.01090144645422697, 0.013566090725362301, 0.025466779246926308, 0.013052591122686863, -0.01970726251602173, 0.011428824625909328, -0.02446753717958927, -0.012483579106628895, 0.023731984198093414, 0.0038651213981211185, 0.008805815130472183, 0.03286394104361534, 0.01959623582661152, 0.07422143220901489, 0.00804944522678852, -0.023190729320049286, -0.005922587588429451, 0.003526836633682251, 0.0034158097114413977, -0.011782722547650337, 0.02452305145561695, 0.0026542351115494967, 0.0073208315297961235, 0.010290799662470818, 0.01936030387878418, 0.018652508035302162, 0.018319426104426384, 0.0030289506539702415, -0.020484449341893196, 0.018208399415016174, 0.004749866668134928, 0.019970951601862907, -0.010061806067824364, -0.018305547535419464, 0.004926815629005432, -0.017264671623706818, -0.01623767428100109, -0.012011715210974216, -0.032058995217084885, -0.01694547012448311, -0.02456468529999256, 0.018416576087474823, -0.003296108916401863, -0.005998918320983648, -0.014162859879434109, 0.02739587053656578, 0.02471734769642353, -0.018666384741663933, -0.01404489390552044, 0.011699452064931393, 0.009576063603162766, -0.0009359214454889297, -0.01977665349841118, -0.026008034124970436, 0.007709425408393145, -0.018819047138094902, -0.005436845123767853, 0.011872931383550167, 0.023246241733431816, 0.00830619502812624, -0.007605338003486395, 0.0074734934605658054, 0.016973227262496948, 0.024051187559962273, -0.023079702630639076, -0.0014676358550786972, -0.025619441643357277, 0.022746620699763298, 0.010172832757234573, -0.017139766365289688, 0.00015331243048422039, 0.018166765570640564, 0.0073208315297961235, -0.028270205482840538, -0.0328361839056015, -0.010610001161694527, 0.007147352211177349, -0.011963141150772572, -0.004739457741379738, -0.012511336244642735, 0.008021688088774681, 0.013739570043981075, 0.004465360194444656, -0.012879111804068089, 0.00476374477148056, 0.014142042025923729, 0.01357996929436922, -0.02242741920053959, -0.002779140369966626, 0.012226829305291176, -0.0034799971617758274, 0.05062823370099068, -0.00830619502812624, 0.008972355164587498, 0.0003213706368114799, -0.022580081596970558, 0.0003335141809657216, -0.006606096401810646, -0.03011602722108364, 0.004725579638034105, -0.01947133056819439, 0.002985580824315548, 0.017930833622813225, 0.015682538971304893, -0.001270736800506711, 0.02244129776954651, -0.010533669963479042, 0.007223682943731546, -0.007223682943731546, -0.005471541080623865, 0.0031694690696895123, -0.015474364161491394, 0.007952296175062656, 0.017084253951907158, 0.025674954056739807, 0.004281471949070692, 0.021525327116250992, -0.001760816085152328, 0.011720269918441772, 0.007487371563911438, -0.023634836077690125, 0.008854389190673828, -0.01915212720632553, 0.01644584909081459, 0.03597269207239151, -0.01115819625556469, 0.051349908113479614, -0.01645972765982151, 0.009416462853550911, 0.00838252529501915, 0.004687414038926363, 0.010852872394025326, 0.009076443500816822, 0.0030220116022974253, 0.01898558810353279, -0.002702809404581785, -0.013489759527146816, -0.01496086549013853, 0.03877611830830574, -0.012497457675635815, -0.009354010224342346, -0.01942969486117363, -0.010790419764816761, -0.01675117202103138, -0.02191391959786415, -0.017375698313117027, -0.008451917208731174, 0.023273998871445656, 0.0030202767811715603, -0.00551664549857378, -0.034668128937482834, -0.008028627373278141, 0.002125122817233205, -0.005572158843278885, 0.008042505942285061, -0.031004242599010468, -0.026063548400998116, -0.020900800824165344, -0.015640905126929283, -0.03533428907394409, -0.0221220962703228, -0.011428824625909328, -0.013094226829707623, -0.031864698976278305, 0.037332769483327866, 0.01908273622393608, -0.0010512853041291237, 0.0220527034252882, -0.017334064468741417, -0.006453434471040964, 0.009166652336716652, -0.007084899581968784, -0.014849838800728321, -0.01976277492940426, -0.014266947284340858, -0.003944922238588333, 0.002315950347110629, -0.007223682943731546, -0.007480432745069265, -0.012157437391579151, 0.02531411685049534, 0.005270304623991251, 0.0137742655351758, 0.008840511552989483, -0.027132181450724602, 0.014683297835290432, 0.00022877598530612886, -0.00207307911477983, 0.04343924671411514, 0.0057976823300123215, -0.03092097118496895, -0.004732518456876278, 0.004822727758437395, -0.000517402368132025, -0.006658140104264021, 0.0005893963389098644, 0.00615504989400506, 0.005495828110724688, 0.005457662511616945, -0.020248517394065857, -1.0944111636490561e-05, 0.017306307330727577, -0.01911049336194992, 0.01919376291334629, 0.010547548532485962, 0.020748138427734375, -0.006127293221652508, 0.017139766365289688, 0.025855373591184616, 0.03067116066813469, -0.04307841137051582, -0.006349346600472927, -0.028353476896882057, 0.01970726251602173, 0.00541602773591876, -0.01219213381409645, -0.0062383199110627174, 0.008847450837492943, -0.029644163325428963, -0.02162247523665428, -0.014322460629045963, -0.00122129509691149, 0.010152015835046768, -0.0161405261605978, -0.023218486458063126, -0.01905497908592224, -0.026354992762207985, -0.01647360622882843, 0.028950246050953865, -0.013489759527146816, -0.003544184612110257, 0.000671799061819911, -0.005717881489545107, -0.010075684636831284, -0.014974743127822876, -0.020650990307331085, -0.03075443208217621, 0.0023437070194631815, 0.03849855437874794, -0.015030257403850555, 0.007005099207162857, -0.011539851315319538, 0.013170558027923107, -0.03280842676758766, -0.017569996416568756, -0.003986557014286518, -0.034584857523441315, 0.001920417184010148, 0.0008283642237074673, 0.025647196918725967, 0.018361061811447144, 0.03561185672879219, -0.0038061384111642838, 0.0015751931350678205, -0.0195823572576046, 0.007209804840385914, -0.0038581823464483023, -0.0023263590410351753, 0.018083494156599045, -0.01662626676261425, -0.010221407748758793, 0.017236914485692978, 0.0031607949640601873, 0.007091838866472244, -0.004524343181401491, 0.00690795062109828, 0.023662593215703964, -0.02188616432249546, 0.0011970079503953457, -0.015890715643763542, -0.029533136636018753, 0.0012143559288233519, 0.012615423649549484, 0.011539851315319538, 0.014107346534729004, -0.014197555370628834, -0.01620991714298725, 0.01911049336194992, 0.01242806576192379, 0.028950246050953865, 0.015585390850901604, 0.007508189417421818, 0.008444977924227715, -0.0054021491669118404, 0.000537786225322634, 0.02230251394212246, -0.05054496228694916, -0.0029699676670134068, 0.0007845606887713075, 0.010283860377967358, 0.005762986373156309, 0.025508413091301918, 0.02174738049507141, -0.01890231855213642, -0.003292639506980777, -0.011616181582212448, 0.03075443208217621, -0.005270304623991251, -0.007501250132918358, 0.025785980746150017, -0.012143559753894806, -0.007563702762126923, -0.01391998864710331, -0.00031117870821617544, 0.00953442882746458, -0.015613147988915443, 0.020886922255158424, 0.013732630759477615, 0.018194520846009254, -0.03050462156534195, -0.05221036449074745, -0.01695934869349003, -0.005828908644616604, 0.04138525202870369, 0.009222165681421757, 0.010505913756787777, 0.018499845638871193, 0.008229863829910755, -0.005825439002364874, 0.002383607206866145, 0.00752206752076745, -0.0012629302218556404, 0.00478456262499094, 0.026674196124076843, 0.0015457016415894032, -0.008313133381307125, -0.017972467467188835, -0.005030903033912182, -0.034140750765800476, -0.029866216704249382, 0.029671920463442802, -0.023398904129862785, 0.00413227966055274, -0.017223037779331207, -0.010734906420111656, -0.05828908458352089, 0.026826856657862663, -0.023509930819272995, 0.02153920568525791, -0.008528248406946659, 0.008528248406946659, -0.02474510483443737, 0.02731259912252426, -0.020526085048913956, 0.014655541628599167, 0.028978003188967705, 0.018180644139647484, -0.015946228057146072, -0.006942646577954292, -0.006748349405825138, 0.007813513278961182, -0.00382001674734056, 0.006224441807717085, 0.015016378834843636, 0.013087287545204163, 0.00550970621407032, 0.026618681848049164, -0.009714847430586815, -0.017236914485692978, -0.004101053345948458, 0.029588649049401283, 0.014502879232168198, 0.015349458903074265, -0.0003296108916401863, -0.02169186621904373, 0.001482381601817906, 0.0037991993594914675, -0.012164376676082611, -0.018277792260050774, -0.009465036913752556, -0.0056554293259978294, 0.03591717779636383, 0.01265705842524767, 0.008778058923780918, 0.0026264784391969442, -0.01382977981120348, 0.015793565660715103, 0.007112656254321337, -0.028950246050953865, 0.023246241733431816, -0.04729742929339409, -0.011303919367492199, -0.012157437391579151, 0.008694788441061974, 0.034362804144620895, -0.008368647657334805, 0.011560668237507343, 0.018846804276108742, 0.009000112302601337, -0.022774377837777138, 0.01669565960764885, 0.001714844023808837, 0.009229104965925217, -0.013267706148326397, 0.00028580735670402646, -0.009985475800931454, -0.057067789137363434, 0.002832918893545866, -0.019929315894842148, -0.0248700100928545, -0.01633482240140438, -0.006290363613516092, 0.00042740991921164095, -0.004087175242602825, -0.018846804276108742, -0.016085011884570122, 0.002780875191092491, 0.021039584651589394, -0.034945692867040634, -0.02203882485628128, 0.02520309016108513, -0.023898525163531303, 0.005974631290882826, 0.01947133056819439, -0.005426436197012663, -0.04724191501736641, -0.005329287610948086, -0.008840511552989483, 0.02745138294994831, -0.007577580865472555, -0.009291557595133781, -0.002524125622585416, 0.017722656950354576, -0.0048574237152934074, -0.039941903203725815, -0.01622379571199417, 0.0047568054869771, -0.017098132520914078, 0.012969321571290493, 0.026174575090408325, -0.006658140104264021, -0.0009107669466175139, 0.00138089619576931, -0.008361708372831345, -0.0010712353978306055, -0.017389576882123947, -0.002706279046833515, -0.028922488912940025, -0.0045659784227609634, -0.012136620469391346, 0.007959235459566116, -0.040469277650117874, 0.045298945158720016, 0.010221407748758793, 0.002274315105751157, -0.03613923117518425, 0.009832813404500484, -0.04399438202381134, 0.010256103239953518, -0.0074665541760623455, -0.00011352059664204717, 0.024134457111358643, -0.007709425408393145, 0.017375698313117027, 0.0450768917798996, 0.015876837074756622, 0.023398904129862785, 0.018596993759274483, -0.008077201433479786, 0.010304677300155163, 0.015321702696383, 0.0036985811311751604, 0.030948728322982788, -0.01251827459782362, -0.025744346901774406, 0.032114509493112564, -0.0035597977694123983, 0.007917600683867931, 0.013496698811650276, 0.005995448678731918, -0.008556004613637924, -0.014336339198052883, -0.0069218287244439125, 0.015557634644210339, -0.005842786747962236, 0.014072651043534279, -0.03225329518318176, -0.0122962212190032, 0.01381590124219656, -0.012261525727808475, -0.005440314766019583, 0.02452305145561695, 0.002161553595215082, -0.01623767428100109, 0.008479674346745014, -0.013288524001836777, -0.013226071372628212, -0.008757241070270538, -0.015807444229722023, 0.008556004613637924, -0.007105716969817877, 0.0012291016755625606, 0.02496715821325779, -0.0013427307130768895, -0.002964763203635812, -0.007459614891558886, 0.015002500265836716, -0.017389576882123947, 0.0042745331302285194, 0.01666790246963501, -0.028103666380047798, -0.014336339198052883, 0.002930067479610443, 0.020276274532079697, 0.00988832674920559, 0.003292639506980777, -0.028242450207471848, -0.010061806067824364, -0.0055374628864228725, 0.008327011950314045, 0.003204164793714881, 0.0037887904327362776, -0.00122476473916322, 0.010283860377967358, 0.005384801421314478, -0.031864698976278305, -0.01966562680900097, -0.010582244955003262, 0.0034175445325672626, -0.004538221750408411, 0.010193650610744953, -0.011206770315766335, -0.034335047006607056, 0.026674196124076843, 0.005093355663120747, -0.01922152005136013, -0.01670953817665577, 0.2077312022447586, -0.02473122626543045, -0.008028627373278141, 0.026285601779818535, -0.017805928364396095, -0.017347941175103188, 0.004097583703696728, -0.009416462853550911, -0.01640421338379383, 0.013732630759477615, 0.026812979951500893, 0.004951102659106255, -0.012691754847764969, 0.0016688720788806677, 0.01652911864221096, -0.026951761916279793, -0.017486725002527237, -0.010256103239953518, -0.04071908816695213, -0.023135215044021606, 0.007730242796242237, 0.007362466771155596, -0.017847562208771706, -0.02199719101190567, 0.018749656155705452, -0.012691754847764969, -0.010838993825018406, 0.026396628469228745, 0.021192245185375214, -0.00010116018529515713, -0.010554487816989422, -0.007508189417421818, -0.0012499191798269749, 0.029893973842263222, -0.024287119507789612, -0.023620957508683205, 0.023343391716480255, 0.018541481345891953, 0.034362804144620895, 0.006661609746515751, 0.011588425375521183, -0.014683297835290432, 0.00837558601051569, -0.023995673283934593, -0.01255297102034092, -0.0008535187225788832, -0.0011787926778197289, -0.014544514939188957, 0.013142800889909267, 0.018596993759274483, -0.02187228575348854, -0.013142800889909267, 0.039775360375642776, -0.008909903466701508, 0.018069615587592125, 0.007057142909616232, 0.023468295112252235, 0.0008882146212272346, -0.003958800341933966, 0.053792499005794525, -0.013468942604959011, 0.004323107190430164, 0.007688608020544052, 0.01515516173094511, -0.03788790479302406, 0.028561651706695557, 0.031226295977830887, 0.007077960297465324, 0.014461244456470013, -0.012733389623463154, 0.005710942670702934, -0.03092097118496895, 0.02228863537311554, 0.00837558601051569, -0.008215985260903835, -0.02722932957112789, 0.009027869440615177, 0.023704228922724724, 0.026688074693083763, 0.025744346901774406, -0.025924764573574066, -0.01515516173094511, -0.007313892245292664, 0.0006809066981077194, -0.004236367531120777, -0.020179126411676407, 0.020942436531186104, -0.0038789997342973948, -0.018652508035302162, -0.02251068875193596, -0.01394774578511715, -0.007091838866472244, -0.02242741920053959, -0.004735988099128008, 0.010637758299708366, 0.015918470919132233, -0.0223302710801363, 0.020026464015245438, -0.008118837140500546, -0.012081107124686241, -0.0379156619310379, 0.04085787385702133, -0.007785756606608629, 0.01228234264999628, 0.0060440232045948505, 0.009860570542514324, 0.025702711194753647, -0.004798440728336573, -0.0010677658719941974, 0.003056707326322794, -0.0020938965026289225, -0.014419609680771828, 0.020054221153259277, -0.0018891908694058657, 0.0007450940902344882, 0.0009125017677433789, -0.006731001660227776, -0.014738811179995537, 0.003145181806758046, -0.007279196288436651, 0.007300014141947031, -0.014114285819232464, 0.004284941591322422, -0.012101924046874046, -0.0017391311703249812, -0.020928557962179184, -0.020359544083476067, -0.0013505372917279601, -0.010797359049320221, -0.02770119346678257, 0.005429905839264393, -0.0015378950629383326, 0.01240724790841341, -0.023343391716480255, -0.017084253951907158, -0.03125405311584473, 0.00818822905421257, -0.03377991169691086, -0.0015526408096775413, 0.009971597231924534, 0.008687849156558514, -0.013843657448887825, 0.023579323664307594, 0.01378814410418272, 0.015099648386240005, 0.00816741120070219, -0.007438797503709793, 0.02731259912252426, -0.03305823728442192, -0.009097260423004627, -0.018694141879677773, 0.0016281043644994497, -0.011977018788456917, -0.031809184700250626, -0.010006292723119259, -0.01255297102034092, -0.006949585396796465, -0.04241224750876427, -0.0006045757909305394, -0.02498103678226471, -0.03619474545121193, 0.019832167774438858, 0.0070744906552135944, -0.0037124597001820803, -0.023190729320049286, -0.029449867084622383, -0.17819805443286896, 0.020206883549690247, 0.020886922255158424, -0.031115269288420677, 0.02231639251112938, 0.026216210797429085, 0.001977665349841118, -2.8407255740603432e-05, -0.020026464015245438, -0.006519356742501259, 0.013517516665160656, -0.026785222813487053, -0.03625025972723961, 0.014808203093707561, -0.020428936928510666, -0.009090322069823742, 0.005214791279286146, 0.020234638825058937, 0.04596510902047157, 0.012455821968615055, 0.06617198884487152, -0.017625508829951286, 0.010179772041738033, -0.00382348638959229, -0.0010122524108737707, 0.004951102659106255, -0.005051720887422562, 0.011088804341852665, -0.005183564964681864, -0.026160696521401405, -0.01104716956615448, -0.009506672620773315, 0.0041184015572071075, -0.01117901410907507, -0.013066469691693783, 0.018319426104426384, 0.012108863331377506, 0.010186711326241493, -0.01967950537800789, 0.01508577074855566, 0.021261638030409813, 0.011789661832153797, -0.021372664719820023, 0.004094114527106285, 0.0016463197534903884, 0.010582244955003262, 0.010165894404053688, -0.03069891780614853, 0.002447794657200575, 0.012844416312873363, 0.007910661399364471, -0.014391852542757988, 0.0014346748357638717, 0.009735665284097195, 0.017986346036195755, -0.005450723227113485, -0.011560668237507343, 0.006099536549299955, -0.01371181383728981, 0.0025033080019056797, 0.001679280772805214, -0.05182177200913429, -0.0024963689502328634, -0.01227540336549282, -0.01650136336684227, -0.0021546143107116222, -0.003218043362721801, 0.022885404527187347, -0.019735019654035568, 0.0016012151027098298, 0.009360949508845806, -0.012691754847764969, 0.004225958604365587, -0.00804944522678852, 0.045798566192388535, 0.007265318185091019, -0.008243742398917675, 0.01955460011959076, 0.008632335811853409, 0.005849726032465696, 0.008618457242846489, 0.026271723210811615, -0.0022430887911468744, 0.04685332253575325, -0.021206123754382133, 0.008590701036155224, 0.0013496698811650276, -0.0015994802815839648, -0.0061897458508610725, -0.00488518038764596, 0.03525101765990257, -0.009166652336716652, -0.030643405392766, -0.025369631126523018, 0.01357303000986576, 0.00414615822955966, 0.0020696094725281, 0.0082784378901124, 0.003204164793714881, -0.003931043669581413, 0.005048251245170832, -0.01911049336194992, -0.01877741329371929, 0.023051945492625237, 0.01659851148724556, 0.025661075487732887, -0.022607838734984398, -0.0016749438364058733, 0.0168344434350729, 0.012983200140297413, -0.020331788808107376, 0.01647360622882843, -0.007438797503709793, 0.005044781602919102, -0.012053349986672401, 9.183566726278514e-05, 0.024342631921172142, -0.013378732837736607, -0.009756482206285, -0.01368405669927597, 0.03386318311095238, -0.007306952960789204, -0.0022639064118266106, -0.003278760937973857, -0.0041392189450562, -0.012344795279204845, -0.12512724101543427, -0.02539738640189171, 0.015363337472081184, -0.008944598957896233, -0.0053986795246601105, 0.010443461127579212, -0.020720381289720535, 8.771553257247433e-05, -0.020512206479907036, 0.023246241733431816, -0.03225329518318176, 0.014752689749002457, -0.012691754847764969, -0.006571400444954634, -0.020179126411676407, -0.011643938720226288, 0.0040212529711425304, 0.002532799495384097, -0.020456694066524506, 0.03658334165811539, -0.008035566657781601, 0.017264671623706818, -0.017597751691937447, 0.0011970079503953457, 0.015030257403850555, 0.0032614131923764944, -0.012865234166383743, -0.007046733982861042, 0.01391304936259985, 0.007986992597579956, 0.010179772041738033, -0.018125129863619804, -0.008854389190673828, -0.024661835283041, -0.0055305240675807, -0.01688995584845543, -0.02460632100701332, -0.01382284052670002, 0.023121336475014687, -0.014933108352124691, 0.0006826415192335844, -0.02263559401035309, -0.0018822517013177276, -0.022968675941228867, 0.00552011514082551, -0.0028832280077040195, -0.001116340048611164, 0.03669436648488045, 0.004791501443833113, -0.0024339163210242987, -0.022663351148366928, 0.015849079936742783, -0.040025170892477036, -0.03516774624586105, 0.03080994449555874, 0.005325818434357643, -0.00840334314852953, 0.009700968861579895, -0.010117319412529469, -0.017361819744110107, -0.002376668155193329, -0.02206658199429512, -0.02764568105340004, 0.01644584909081459, 0.023884646594524384, 0.02770119346678257, -0.003584084799513221, -0.004593735095113516, -0.0165568757802248, -0.02796488255262375, 0.010672453790903091, 0.014100407250225544, -0.006328529212623835, 0.028922488912940025, -0.026396628469228745, -0.010436521843075752, 0.013281584717333317, -0.01390611007809639, -0.013455064035952091, -0.00424677599221468, 0.01940193772315979, -0.0014103876892477274, -0.008118837140500546, 0.005818499717861414, -0.00011590593931032345, -0.009749543853104115, 0.021011827513575554, 0.011435762979090214, 0.009367888793349266, -0.04138525202870369, -0.01659851148724556, 0.02760404534637928, -0.011997836641967297, -0.011352493427693844, -0.006751819048076868, 0.008673970587551594, 0.0067761060781776905, -0.01645972765982151, 0.017556117847561836, 0.010970838367938995, -0.009978536516427994, -0.01630706526339054, -0.03316926583647728, 0.017653265967965126, -0.03541755676269531, -0.01231703907251358, -0.004493116866797209, -0.008333951234817505, 0.00414962787181139, -0.011512094177305698, -0.008660092949867249, 0.0023454418405890465, -0.03039359487593174, -0.00029122858541086316, -0.03033808059990406, -0.009367888793349266, -0.023815255612134933, -0.002369728870689869, 0.001153638120740652, -0.0002719289914239198, 0.010360190644860268, 0.0010495504830032587, 0.004649248439818621, -0.012768085114657879, 0.0067344713024795055, 0.002760057570412755, -0.01920764148235321, 0.015765810385346413, -0.015654783695936203, 0.0057907430455088615, -0.014121225103735924, -0.0035702064633369446, 0.015099648386240005, -0.03863733634352684, 0.015224553644657135, -0.01367017813026905, 0.021372664719820023, -0.017223037779331207, -0.00172351801302284, 0.0028467972297221422, 0.025910886004567146, 0.036999691277742386, -0.007577580865472555, -0.03400196507573128, -0.0006249595899134874, -0.022829892113804817, -0.018277792260050774, 0.009936900809407234, -0.04132973775267601, 0.00968015193939209, 0.006453434471040964, 0.0011432294268161058, 0.019859924912452698, 0.012212950736284256, -0.007102247327566147, -0.03056013397872448, 0.009742604568600655, -0.018250035122036934, -0.005998918320983648, 0.020956313237547874, 0.026354992762207985, -0.012990139424800873, 0.03600044921040535, 0.0168344434350729, 0.034446075558662415, -0.020470570772886276, 0.018125129863619804, 0.017403455451130867, -0.004680474754422903, 0.04099665582180023, 0.01601562090218067, -0.004198201932013035, -0.014142042025923729, 0.0034852016251534224, 0.012185194529592991, 0.02788161300122738, 0.0150441350415349, -0.002222271403297782, 0.0034973451402038336, 0.00840334314852953, -0.01691771298646927, 0.0064916000701487064, -0.006467312574386597, -0.006477721501141787, -0.014135102741420269, 0.014877595007419586, 0.025633318349719048, -0.012705632485449314, -0.01089450716972351, 0.00541602773591876, 0.009013990871608257, 0.009832813404500484, -0.018721899017691612, 0.005204382818192244, -0.02170574478805065, 0.006932237651199102, 0.0010209264000877738, -0.029338840395212173, -0.0017200484871864319, 0.01658463291823864, 0.0019533783197402954, -0.007313892245292664, 0.008819693699479103, -0.0056935944594442844, -0.02251068875193596, -0.015724174678325653, -0.017236914485692978, 0.005134990904480219, -0.020609354600310326, -0.002288193441927433, 0.008528248406946659, 0.037693608552217484, 0.013316280208528042, -0.000668329477775842, 0.0009706173441372812, 0.0014216637937352061, 0.009694029577076435, 0.03330804780125618, 0.003910226281732321, -0.02452305145561695, -0.011491277255117893, 0.028200814500451088, -0.005429905839264393, 0.00414962787181139, 0.04701986163854599, -0.027035033330321312, 0.032058995217084885, 0.01128310151398182, 0.026271723210811615, -0.05182177200913429, 0.012837477028369904, 0.005197443533688784, -0.0020626704208552837, -0.014683297835290432, -0.010748784989118576, -0.0023263590410351753, -0.042551033198833466, 0.0027149529196321964, 0.006096066907048225, 0.031753674149513245, -0.0018215338932350278, 0.059732433408498764, 0.02502267248928547, -0.009624638594686985, 0.005717881489545107, 0.003368970239534974, 0.01242806576192379, 0.023329513147473335, 0.007605338003486395, -0.002688931068405509, 0.0018753125332295895, 0.028256328776478767, -0.01682056486606598, 0.004656187724322081, -0.020817531272768974, -0.020026464015245438, -0.006300772540271282, -0.006429147440940142, 0.037499312311410904, 0.008764180354773998, 0.0029751721303910017, 0.02445365861058235, 0.02475898340344429, -0.0007485636742785573, 0.0027982229366898537, 0.0020973661448806524, 0.008889085613191128, 0.01657075434923172, -0.010665514506399632, -0.0008435436757281423, -0.02770119346678257, -0.011366371996700764, -0.013156679458916187, -0.02786773443222046, 0.003004663623869419, 0.0070293862372636795, -0.007952296175062656, 0.008847450837492943, 0.01908273622393608, 0.03286394104361534, 0.017597751691937447, 0.009090322069823742, 0.007126534357666969, -0.006113414652645588, -0.017986346036195755, -0.0071820481680333614, -0.007591459434479475, -0.004909467417746782, 0.014794324524700642, -0.01643197052180767]"
19112,"Want to cast pandas column data type to string, if its having objectid - dynamically<p>I have a scenario all my Mongodb collections are having an objectId column. I am reading collections using pymongo and converting them into pandas dataframe.</p>
<p>When I try to write as parquet using
AWS lambda wrangler library or Pyarrow is failing with
<code>with type ObjectId: did not recognize Python value type when inferring an Arrow data type&quot;</code></p>
<p>Is there a way to convert objectId to string dynamically, if the column type is Objectid?</p>
<pre><code>myresult = collection.find(query)
 wr.s3.to_parquet(df1,path=&quot;s3://abcd/parquet.parquet&quot;)
</code></pre>
<p>Sample mongo data  Schema</p>
<pre><code>_id:objectID
id:string
createTimestamp: timestamp
updateTimestamp:timestamp
deleteTimestamp:timestamp
</code></pre>
<p>save as Parquet to Schema</p>
<pre><code>_id:String
id:string
createTimestamp: timestamp
updateTimestamp:timestamp
deleteTimestamp:timestamp
</code></pre>
",I love when people get there answer and don't mark any of answers as right :),"Embed Field: Want to cast pandas column data type to string, if its having objectid - dynamically<p>I have a scenario all my Mongodb collections are having an objectId column. I am reading collections using pymongo and converting them into pandas dataframe.</p>
<p>When I try to write as parquet using
AWS lambda wrangler library or Pyarrow is failing with
<code>with type ObjectId: did not recognize Python value type when inferring an Arrow data type&quot;</code></p>
<p>Is there a way to convert objectId to string dynamically, if the column type is Objectid?</p>
<pre><code>myresult = collection.find(query)
 wr.s3.to_parquet(df1,path=&quot;s3://abcd/parquet.parquet&quot;)
</code></pre>
<p>Sample mongo data  Schema</p>
<pre><code>_id:objectID
id:string
createTimestamp: timestamp
updateTimestamp:timestamp
deleteTimestamp:timestamp
</code></pre>
<p>save as Parquet to Schema</p>
<pre><code>_id:String
id:string
createTimestamp: timestamp
updateTimestamp:timestamp
deleteTimestamp:timestamp
</code></pre>; Answer: I love when people get there answer and don't mark any of answers as right :)","[-0.012434032745659351, 0.00907123927026987, 0.012302565388381481, 0.001849190448410809, -0.02619657665491104, 0.018170155584812164, -0.0015992297558113933, -0.02514483779668808, -0.012226453050971031, -0.013008336536586285, 0.00463249022141099, 0.0005224092747084796, 0.0011408241698518395, -0.007701212074607611, -0.020993242040276527, -0.0010223307181149721, 0.0026846993714571, -0.005006134044378996, 0.006967763416469097, -0.029725434258580208, -0.017409030348062515, 0.010704200714826584, -0.016398807987570763, 0.0037606547120958567, -0.03600818291306496, 0.022958330810070038, 0.01689699850976467, -0.022543171420693398, 0.0020550403278321028, 0.02128385379910469, 0.015942132100462914, 0.006739425472915173, -0.004445668309926987, -0.04190345108509064, -0.042097192257642746, -0.028479954227805138, -0.007068093866109848, -0.009299577213823795, 0.023982390761375427, -0.018723702058196068, 0.011015570722520351, -0.01927724853157997, -0.002883629873394966, -0.021007079631090164, -0.01053121779114008, 0.04110080748796463, -0.013665673322975636, -0.01370718888938427, -0.007721970323473215, -0.016730936244130135, 0.03149678185582161, 0.012980659492313862, -0.043840862810611725, 0.011347698047757149, -0.00457367580384016, -0.006213556509464979, 0.00368108251132071, 0.030389688909053802, -0.0024667405523359776, -0.004269225522875786, 0.020093727856874466, 0.036423344165086746, -0.002475389512255788, 0.0010681712301447988, -0.025283224880695343, -0.0027348643634468317, 0.01942947320640087, 0.008413903415203094, 0.02377481199800968, -0.004646328743547201, 0.025739900767803192, 0.01970624551177025, -0.009742413647472858, 0.02464664727449417, 0.008379306644201279, -0.01591445505619049, -0.023954713717103004, 0.013568802736699581, 0.004511401988565922, 0.0016234474023804069, 0.00352539774030447, -0.026819314807653427, -0.022252559661865234, 0.02881208248436451, 0.026722444221377373, 0.019678568467497826, -0.013112126849591732, 0.02741437777876854, -0.0005418699001893401, 0.003464853623881936, 0.012800756841897964, -0.002494417829439044, 0.02230791375041008, -0.010676523670554161, 0.026860831305384636, 0.032078005373477936, 0.005521623883396387, 0.02774650603532791, 0.007369084283709526, -0.03086020238697529, -0.02944866009056568, -0.006583740469068289, -0.03182891011238098, -0.010828748345375061, -0.017741156741976738, 0.0046394094824790955, 0.02412077784538269, 0.007092311512678862, 0.020550403743982315, 0.013831736519932747, -0.008649160154163837, 0.036727793514728546, -0.0053382618352770805, -0.030334334820508957, -0.003165592672303319, -0.014738168567419052, -0.018571477383375168, -0.013215916231274605, -0.015056458301842213, -0.00922346394509077, 0.021228497847914696, 0.011838970705866814, 0.021657496690750122, -0.037419725209474564, 0.015540811233222485, -0.016440322622656822, 0.0060025169514119625, -0.0204120185226202, 0.011333859525620937, -0.0036914616357535124, 0.02658405900001526, 0.015859099105000496, 0.02453593723475933, -0.0022193745244294405, -0.001411542878486216, 0.019872309640049934, -0.030389688909053802, -0.007341407239437103, -0.029863819479942322, -0.02392703667283058, 0.023885520175099373, 0.015056458301842213, -0.0015637681353837252, -0.02169901318848133, -0.035260897129774094, 0.008842901326715946, 0.014807362109422684, -0.011133198626339436, 0.02317974902689457, -0.00027439460973255336, 0.01156911626458168, 0.0027988681104034185, -0.009410286322236061, 0.014987264759838581, -0.007369084283709526, 0.007189182098954916, 0.01720144972205162, 0.004175814334303141, 0.010448185727000237, -0.030943235382437706, 0.025905964896082878, 0.014025477692484856, -0.011984276585280895, -0.015540811233222485, -0.0027037274558097124, 0.030804848298430443, -0.004303822293877602, -0.0033454950898885727, -0.023082878440618515, -0.017575092613697052, 0.011735180392861366, 0.020785661414265633, -0.014876555651426315, 0.015942132100462914, 0.03246548771858215, 0.012184936553239822, 0.017602771520614624, 0.020218277350068092, -0.013485770672559738, -0.01826702617108822, -0.02268155664205551, 0.016288097947835922, 0.004504482727497816, 0.05073251202702522, -0.012219533324241638, -0.03653405234217644, -0.007452116347849369, -0.008967448957264423, 0.0033749022986739874, 0.01901431381702423, 0.02060575969517231, 0.02265387959778309, -0.002368140034377575, -0.005995597690343857, -0.5880875587463379, -0.026072029024362564, -0.0033783619292080402, -0.020052213221788406, -0.008766788989305496, -0.016315774992108345, -0.030334334820508957, 0.001632096478715539, -0.03431986644864082, 0.030112916603684425, -0.020785661414265633, 0.0041342987678945065, -0.004462966695427895, -0.013935526832938194, 0.0014513290952891111, -0.001671882695518434, 0.026680929586291313, -0.015222521498799324, -0.03271458297967911, 0.0007126908167265356, 0.006379620637744665, 0.0262380912899971, 0.008102533407509327, 0.009292657487094402, -0.011631390079855919, -0.008642240427434444, 0.002293757162988186, 0.00960402749478817, 0.0319119393825531, 0.037419725209474564, -0.03271458297967911, 0.01833621971309185, 0.003950936254113913, -0.00399937154725194, 0.05812235549092293, -0.0015897155972197652, -0.02095172554254532, 0.03149678185582161, -0.000658201111946255, 0.029254918918013573, -0.0025255547370761633, 0.0014746817760169506, -0.0042104111053049564, -0.0019408714724704623, -0.002143261954188347, -0.008476177230477333, -0.01739519089460373, -0.0037295178044587374, 0.015360908582806587, -0.022280236706137657, -0.013264351524412632, 0.03631263226270676, 0.007721970323473215, -0.0018561097094789147, 0.02117314375936985, -0.013188239187002182, 0.041765064001083374, -0.009278818964958191, 0.03451360762119293, 0.0004008885589428246, 0.007417519576847553, 0.00907815806567669, -0.010884103365242481, 0.004978456534445286, -0.012261049821972847, 0.02881208248436451, 0.012565500102937222, -0.0028109769336879253, -0.003836767515167594, -0.04068564996123314, 0.018806733191013336, 0.004770876839756966, -0.016343452036380768, -0.010787232778966427, -0.006569901946932077, 0.023055201396346092, 0.02503412961959839, -0.007715050596743822, -0.03946784883737564, 0.015831422060728073, 0.013866333290934563, -0.0031154274474829435, -0.03276993706822395, -0.0028507632669061422, -0.0005388426943682134, 0.004231169354170561, -0.0013224566355347633, -0.00901588425040245, 0.021754367277026176, -0.01128542423248291, 0.007853437215089798, 0.02196194790303707, 0.0017454004846513271, -0.036423344165086746, 0.01223337184637785, -0.004843529779464006, 0.004341878462582827, -0.01242019422352314, -0.004231169354170561, -0.009783930145204067, -0.041682031005620956, 0.00968013983219862, -0.02257084846496582, -0.013146723620593548, 0.032271746546030045, 0.010129895992577076, -0.023982390761375427, -0.007479793857783079, 0.024702001363039017, -0.010468943044543266, -0.026058189570903778, -0.004684384912252426, -0.00029882846865803003, 0.026722444221377373, -0.009832365438342094, -0.03398773819208145, 0.0328252911567688, -0.001480736187659204, 0.011603713035583496, 0.018045607954263687, 0.02064727433025837, 0.018253186717629433, 0.010745716281235218, -0.017146095633506775, 0.0013665673322975636, 0.013395818881690502, 0.0037952514830976725, -0.01028212159872055, -0.016135873273015022, 0.007708131335675716, -0.0030548833310604095, -0.008746030740439892, -0.00913351308554411, -0.01081490982323885, 0.002598207676783204, 0.020398179069161415, 0.009175028651952744, 0.004099701996892691, 0.03149678185582161, 0.017519738525152206, -0.02639031782746315, -0.007140746805816889, 0.016426485031843185, -0.028950469568371773, 0.00792263075709343, -0.023885520175099373, -0.03783488646149635, 0.014876555651426315, -0.018917443230748177, -0.03271458297967911, -0.024978773668408394, -0.02881208248436451, 0.0107387974858284, 0.011389213614165783, -0.019609374925494194, -0.002459821058437228, -0.0014911151956766844, -0.01689699850976467, -0.003750275820493698, -0.01996918022632599, -0.020024536177515984, 0.021726690232753754, -0.011693664826452732, 0.0017471302999183536, -0.00136829714756459, -0.03598050773143768, -0.011001731269061565, 0.015374747104942799, -0.011596794240176678, -0.026708606630563736, -0.012413274496793747, -0.039716944098472595, 0.007320648990571499, -0.004615191835910082, 0.0029510934837162495, 0.02824469655752182, -0.024660484865307808, -0.023830166086554527, -0.00036304848617874086, -0.006690990179777145, -0.01580374501645565, 0.023235103115439415, 0.004822771530598402, -0.008981287479400635, 0.023567231371998787, 0.010116057470440865, -0.002923416206613183, 0.022792266681790352, 0.003975153900682926, 0.02442522905766964, 0.012904547154903412, 0.030611107125878334, -0.005286366678774357, -0.014032397419214249, -0.008455418981611729, -0.001094983657822013, 0.012108824215829372, 0.017561255022883415, 0.01848844438791275, 0.028729049488902092, -0.0008995126700028777, 0.03171819821000099, 0.03924642875790596, 0.003926718607544899, 0.020619597285985947, -0.0029856900218874216, 0.007265294436365366, -0.001333700492978096, 0.023622585460543633, 0.00725837517529726, 0.018087124451994896, -0.00867683719843626, -0.03182891011238098, -0.031109299510717392, -0.0017159933922812343, 0.03985533118247986, -0.03473502770066261, 0.02333197370171547, -0.026141220703721046, 0.023110555484890938, -0.024397550150752068, 0.004466426093131304, 0.012510145083069801, 0.03296367824077606, 0.006805159151554108, -0.0038506060373038054, -0.006341564003378153, 0.02075798436999321, 0.018100962042808533, -0.01376254390925169, -0.009437963366508484, -0.007832678966224194, 0.01081490982323885, -0.006902029737830162, 0.03047272004187107, 0.006258532404899597, 0.051894959062337875, -0.014295332133769989, 0.02597515843808651, -0.018875926733016968, -0.010095300152897835, 0.0180317685008049, 0.021795883774757385, -0.015250199474394321, -0.004691304638981819, 0.030528075993061066, 0.0032278664875775576, 0.05729203671216965, -0.008662998676300049, 0.022183366119861603, -0.008725272491574287, -0.007805001921951771, -0.012745402753353119, -0.003407769137993455, 0.015153328888118267, -0.03957855701446533, 0.012115743942558765, 0.022169526666402817, 0.009617866016924381, 0.0022280237171798944, 0.013824817724525928, -0.025587676092982292, 0.03470734879374504, 0.012392516247928143, 0.019387956708669662, 0.01497342623770237, 0.00402704905718565, -0.0006179824704304338, -0.008642240427434444, 0.005819154903292656, -0.027206797152757645, -0.04563988745212555, 0.00033796593197621405, -0.022958330810070038, 0.010801071301102638, 0.011409971863031387, -0.005895267706364393, 0.026750123128294945, 0.007078472524881363, 0.0016433404525741935, -0.00544551108032465, -0.01317440066486597, 0.012005033902823925, -0.002983960323035717, 0.010496621020138264, -0.026971541345119476, -0.03686618059873581, 0.010046863928437233, -0.0005319233750924468, 0.01844692789018154, 0.009299577213823795, 0.022141849622130394, 0.016730936244130135, -0.0034873413387686014, 0.00723069766536355, 0.024826548993587494, 0.041682031005620956, 0.0026431833393871784, 0.023345813155174255, 0.0021017459221184254, -0.013167480938136578, 0.026528703048825264, -0.004279604647308588, 0.001247208914719522, 0.05449662730097771, -0.0036949212662875652, -0.008490015752613544, -0.026362640783190727, 0.0005691147525794804, -0.02748357132077217, -0.002188237616792321, -0.024854226037859917, -0.0216298196464777, 0.01584526151418686, -0.029393306002020836, 0.012600096873939037, -0.008725272491574287, 0.006967763416469097, 0.028784405440092087, 0.00473628006875515, -0.012302565388381481, -0.019484827294945717, -0.01875137910246849, 0.022335590794682503, 0.03354490175843239, 0.006836296059191227, 0.005241391249001026, 0.0003118022286798805, -0.0316074900329113, 0.01942947320640087, -0.01988614909350872, -0.04613807797431946, 0.016232743859291077, -0.004168895073235035, -0.025573836639523506, 0.006863973569124937, 0.020024536177515984, -0.0010456835152581334, -0.006850134581327438, 0.024632807821035385, -0.0025757199618965387, -0.032382454723119736, -0.004933481104671955, -0.011181633919477463, -0.021380724385380745, -0.004635949619114399, 0.02095172554254532, 0.030500398948788643, 0.015554649755358696, 0.018779056146740913, 0.011451488360762596, 0.011693664826452732, 0.0035703734029084444, -0.03354490175843239, -0.013810979202389717, 0.0005790612776763737, 0.015014941804111004, 0.005435132421553135, -0.013831736519932747, 0.025587676092982292, 0.025089483708143234, -0.0069054896011948586, 0.014198461547493935, 0.02922724187374115, 0.010295960120856762, 0.020854854956269264, 0.016232743859291077, 0.011160876601934433, 0.00045018878881819546, 0.0026449132710695267, 0.01833621971309185, 0.005653091240674257, -0.007196101360023022, 0.011382294818758965, 0.004037427715957165, -0.01999685727059841, -0.014433718286454678, 0.0021986165083944798, 0.02536625601351261, -0.006732506211847067, -0.013132885098457336, -0.028217019513249397, -0.009569430723786354, -0.0014392202720046043, -0.01962321437895298, 0.006383080035448074, 0.015886778011918068, 0.008683756925165653, -0.0026293445844203234, 0.0028940089978277683, -0.023581070825457573, 0.00954867247492075, -0.006057871971279383, 0.006725586950778961, 0.00833779014647007, -0.023082878440618515, -0.009299577213823795, -3.132617712253705e-05, 0.016163550317287445, 0.001520522404462099, 0.04007674753665924, 0.001034439541399479, -0.0009237303165718913, -0.018322380259633064, -0.01988614909350872, -0.030085237696766853, -0.004217330366373062, -0.02782953716814518, -0.027026895433664322, 0.0012307754950597882, -0.007701212074607611, 0.00544551108032465, -0.04503098875284195, 0.0313030406832695, 0.008586886338889599, 0.00920962542295456, 0.020356662571430206, 0.011562197469174862, 0.037447404116392136, 0.014087752439081669, -0.008932852186262608, 0.01852996088564396, -0.006791320629417896, -0.005334801971912384, 0.01451675035059452, -0.016052840277552605, -0.0271514430642128, -0.012399435974657536, 0.0039301784709095955, 0.019083507359027863, -0.005583897698670626, 0.016122033819556236, -0.015776067972183228, -0.005314044188708067, 0.012191856279969215, -0.013008336536586285, 0.007376003544777632, -0.01450291182845831, 0.035676054656505585, -0.008614563383162022, -0.01698003150522709, 0.030417365953326225, 0.007894953712821007, 0.01316056214272976, 0.004376475233584642, -0.02038434147834778, 0.028673695400357246, 0.0036741632502526045, -0.003646485973149538, 0.0061305249109864235, -0.007299891207367182, -0.017796512693166733, 0.013610318303108215, -0.005653091240674257, -0.007078472524881363, 0.013471932150423527, 0.003534046933054924, 0.012337162159383297, -0.04245699569582939, 0.021602142602205276, 0.00528290681540966, -0.009126593358814716, -0.009348012506961823, 0.01450291182845831, -0.019899986684322357, -0.01632961444556713, 0.020315147936344147, -0.02903350070118904, -0.004511401988565922, -0.01942947320640087, -0.03055575303733349, 0.031053943559527397, 0.023110555484890938, 0.01208114717155695, 0.009880800731480122, 0.0041342987678945065, 0.0052552297711372375, -0.02102091908454895, -0.009168109856545925, -0.018986636772751808, 0.008289354853332043, 0.02457745373249054, 0.03016827069222927, 0.0004151596804149449, 0.04605504870414734, -0.03326813131570816, 0.020854854956269264, -0.006732506211847067, 0.017478222027420998, 0.012959901243448257, -0.009161190129816532, -0.0289227906614542, -0.009154271334409714, 0.0014703571796417236, -0.0040062908083200455, -0.006217016372829676, 0.00907123927026987, 0.02544928900897503, 0.026362640783190727, 0.01818399503827095, -0.0232489425688982, 0.0027089170180261135, -0.032991357147693634, -0.03036201186478138, -0.017021548002958298, 0.022806106135249138, -0.01981695555150509, -0.006583740469068289, -0.043121252208948135, -0.0014582483563572168, 0.057790227234363556, -0.013492689467966557, 0.02136688493192196, -0.008476177230477333, 0.003255543764680624, 0.008794466033577919, 0.010247524827718735, -0.01291146595031023, -0.0032797614112496376, -0.008621483109891415, -0.020176760852336884, -0.01671709679067135, -0.008441580459475517, 0.00018303784599993378, 0.001030979910865426, 0.013658753596246243, 0.017215289175510406, -0.007950307801365852, -0.040519583970308304, 0.028646018356084824, 0.0029856900218874216, 0.0012662369990721345, 0.0161081962287426, -0.04505866393446922, -0.03481806069612503, -0.03683850169181824, -0.02215568907558918, -0.0656505823135376, -0.007742728106677532, 0.004106621257960796, 0.00654914416372776, 0.01472433004528284, -0.02442522905766964, -0.02405158430337906, 0.03365561366081238, -0.023221265524625778, 0.05823306366801262, 0.018170155584812164, 0.030500398948788643, 0.009085077792406082, -0.03077717125415802, -0.030389688909053802, -0.003096399363130331, 0.013824817724525928, -0.02252933196723461, 0.01754741556942463, 0.035593025386333466, -0.005791477393358946, -0.03293600305914879, -0.0028732509817928076, -0.022930653765797615, -0.0006897705025039613, -0.010572733357548714, 0.034126125276088715, -0.01573455147445202, -0.018087124451994896, 0.0009548672824166715, 0.0036222683265805244, -0.03418147936463356, 0.025809094309806824, 0.0022833782713860273, 0.00831703282892704, -0.01689699850976467, -0.020633436739444733, -0.04007674753665924, 0.010787232778966427, -0.007424438837915659, 0.017713479697704315, 0.014419879764318466, 0.002791948849335313, -0.027649635449051857, -0.018889766186475754, -0.01936027966439724, 0.023110555484890938, -0.001970278564840555, 0.011845889501273632, -0.026667090132832527, 0.00736216502264142, 0.01678629033267498, 0.016606386750936508, -0.02506180666387081, -0.006127065047621727, 0.007645857520401478, 0.04018745571374893, -0.02113162726163864, 0.01569303683936596, 0.0002274729049531743, 0.0014971696073189378, -0.00826167780905962, -0.01120931189507246, -0.02257084846496582, -0.023719456046819687, -0.009327254258096218, -0.00994307454675436, 0.02488190308213234, 0.004926561377942562, 0.0075697447173297405, -0.011728260666131973, -0.019235732033848763, 0.002304136287420988, 0.0016952353762462735, -0.021159306168556213, 0.002437333343550563, -0.012579338625073433, -0.014053155668079853, 0.008579966612160206, -0.005078786984086037, 0.016952354460954666, 0.011728260666131973, 0.013990881852805614, 0.020439695566892624, 0.013769462704658508, 0.001242019352503121, -0.004473345819860697, 0.02461897023022175, -0.0041723549365997314, -0.030085237696766853, 0.004200031980872154, 0.012129582464694977, -0.014668975956737995, -0.005379777401685715, 0.006282750051468611, -0.045086342841386795, -0.009687059558928013, 0.014239977113902569, 0.009873881004750729, -0.02639031782746315, -0.013817897997796535, 0.0012143420754000545, 0.03276993706822395, 0.024702001363039017, -0.012959901243448257, -0.02778802253305912, 0.006798239890486002, -0.006265451665967703, 0.01924957148730755, -0.01190816331654787, -0.020010696724057198, -0.021602142602205276, -0.0029632023070007563, 0.014419879764318466, -0.004608272574841976, -0.028895113617181778, -0.003502909792587161, -0.023650262504816055, -0.006265451665967703, -0.007694292813539505, 0.00476395757868886, -0.02219720371067524, -0.01595596969127655, -0.010233686305582523, -0.0108910221606493, -0.038997333496809006, 0.0005656550638377666, 0.020135244354605675, 0.017865704372525215, 0.02003837376832962, 0.008628401905298233, -0.029559370130300522, -0.05067715793848038, -0.029891496524214745, -0.039827652275562286, -0.021186983212828636, -0.006531845778226852, -0.014350686222314835, 0.03368328884243965, 0.018170155584812164, -0.02370561845600605, -0.03935713693499565, -0.007936469279229641, -0.036921534687280655, -0.024148454889655113, -0.009064319543540478, -0.003988992422819138, 0.03539928421378136, 0.014585943892598152, -0.00728605268523097, 0.01389401126652956, 0.01047586277127266, 0.03885894641280174, -0.008725272491574287, -0.0065145473927259445, -0.01667558029294014, 0.00368108251132071, -0.006646014750003815, 0.0005777638871222734, -0.03908036649227142, 0.005753421224653721, 0.033600255846977234, 0.006500708870589733, 0.03813933581113815, 0.0180317685008049, 0.02067495323717594, -0.014011639170348644, -0.012434032745659351, 0.0009505426860414445, -0.0016130683943629265, -0.011423810385167599, 0.01621890440583229, -0.027497410774230957, -0.009098916314542294, 0.01988614909350872, 0.008005662821233273, 0.02933795191347599, -0.01715993322432041, 0.006331185344606638, -0.012018873356282711, 0.034541286528110504, -0.0028732509817928076, -0.014987264759838581, -0.0037606547120958567, -0.03213335946202278, 0.009493318386375904, -0.0051064640283584595, 0.03108162246644497, 0.047992460429668427, -0.0322163924574852, 0.004974996671080589, -0.02488190308213234, 0.026487188413739204, 0.003463123692199588, -0.0036534052342176437, 0.010967135429382324, -0.012849192135035992, 0.014945748262107372, 0.02117314375936985, 0.01580374501645565, -0.02348420023918152, -0.008102533407509327, -0.017478222027420998, 0.0022159148938953876, -0.026528703048825264, 0.009970751591026783, -0.032576195895671844, -0.024549776688218117, -0.021463755518198013, 0.002975311130285263, -0.01109860185533762, 0.00920962542295456, -0.028839759528636932, 0.01194967981427908, -0.02639031782746315, -0.027884893119335175, -0.005144520662724972, -0.013437335379421711, -0.009797768667340279, 0.0027123766485601664, 0.023844005540013313, 0.01262777391821146, 0.002234942978248, 0.1824488490819931, 0.0012195315212011337, 0.03437522053718567, 0.0204120185226202, -0.0025843691546469927, 0.03285297006368637, 0.014087752439081669, -0.00652146665379405, -0.05350024625658989, 0.019443312659859657, 0.025020290166139603, 0.01389401126652956, 0.007057714741677046, 0.00015265768161043525, 0.011375375092029572, 0.009022803977131844, -0.024106938391923904, -0.027428217232227325, -0.019899986684322357, -0.01829470321536064, 0.034956444054841995, 0.0005418699001893401, 0.001857839641161263, -0.02196194790303707, -0.004608272574841976, -0.022446300834417343, 0.024522099643945694, -0.01228872686624527, 0.01728448085486889, 0.006137444172054529, -0.0295316930860281, 0.003099858993664384, 0.009853122755885124, -0.01807328499853611, -0.04793710634112358, -0.008704515174031258, 0.0018215131713077426, 0.018280865624547005, 0.016703257337212563, 0.05142444744706154, 0.003073911415413022, -0.008199403993785381, 0.007040416356176138, -0.0005120302666909993, -0.015817584469914436, 0.00015081973106134683, -0.01837773621082306, 0.019346442073583603, -0.02464664727449417, 0.048988841474056244, -0.0014954397920519114, 0.004452587570995092, 0.024065423756837845, -0.006587200332432985, 0.016966192051768303, -0.016135873273015022, 0.027345184236764908, -0.0025047967210412025, -0.01397012360394001, 0.02741437777876854, 0.0023283539339900017, 0.023276619613170624, 0.020550403743982315, 0.013727947138249874, 0.009707816876471043, -0.004279604647308588, -0.008579966612160206, -0.015817584469914436, 0.012987579219043255, 0.0036776228807866573, -0.009908477775752544, 0.004362636245787144, 0.0012930494267493486, -0.008607644587755203, -0.030749494209885597, -0.027649635449051857, 0.03157981485128403, 0.007632018998265266, 0.022778427228331566, 0.021532949060201645, -0.0041550565510988235, -0.04339802637696266, -0.01471049152314663, 0.007777324877679348, -0.0468023344874382, -0.02536625601351261, 0.005570059176534414, 0.00021330990421120077, -0.02575373835861683, -7.719375571468845e-05, 0.006452273577451706, 0.01457210537046194, 0.0012143420754000545, -0.011603713035583496, -0.03957855701446533, -0.003719138912856579, -0.012461709789931774, 0.0034008496440947056, 0.003636106848716736, -0.026750123128294945, -0.04392389580607414, 0.020010696724057198, 0.012973739765584469, 0.002350841648876667, -0.02461897023022175, 0.019720084965229034, -0.0063657816499471664, 0.000969570828601718, 0.01109860185533762, 0.008323951624333858, -0.00015211710706353188, -0.027967924252152443, -0.0037087597884237766, -0.013741785660386086, 0.01864066906273365, 0.0010154113406315446, 0.03016827069222927, -0.014323009178042412, 0.011873566545546055, 0.0003485611523501575, 0.023940876126289368, -0.03542695939540863, -0.008822143077850342, -0.013721027411520481, -0.020841015502810478, -0.008234000764787197, -0.017229126766324043, 0.029254918918013573, -0.006857054308056831, 0.012240291573107243, -0.005967920646071434, 0.001935682026669383, -0.01210190448909998, -0.034347545355558395, -0.0069608441554009914, 0.035067155957221985, -0.0039301784709095955, -0.02241862379014492, 0.026293447241187096, -0.0003083425690419972, -0.009908477775752544, -0.007625099737197161, 0.03390470892190933, 0.008559209294617176, 0.007957227528095245, -0.0030808309093117714, 0.004964618012309074, -0.028106311336159706, 0.016357291489839554, -0.022335590794682503, -0.022584686055779457, 0.013354303315281868, 0.012530903331935406, -0.006334644742310047, 0.007908792234957218, -0.012593177147209644, -0.0031223467085510492, -0.051784250885248184, -0.012537822127342224, 0.009036642499268055, -0.016966192051768303, 0.014447556808590889, 0.0257814172655344, 0.002567070769146085, -0.012184936553239822, -0.021228497847914696, -0.17469920217990875, 0.026680929586291313, 0.02942098304629326, -0.04533543810248375, 0.021380724385380745, 0.0107387974858284, 0.02468816190958023, -0.006798239890486002, -0.005137600935995579, -0.003912880085408688, 0.0037225985433906317, 0.004507942125201225, -0.05446895211935043, -0.0008804845274426043, -0.033517226576805115, 0.010635007172822952, 0.000318072852678597, 0.0057015265338122845, -0.003082560608163476, 0.019291086122393608, 0.008455418981611729, -0.029254918918013573, 0.022363267838954926, 0.013333545066416264, -0.00547318859025836, 0.003559994278475642, -0.007749647367745638, 0.015097973868250847, -0.005244850646704435, -0.02616889961063862, 0.01047586277127266, 0.004566756542772055, 0.012731563299894333, -0.023733295500278473, 0.010586571879684925, 0.014336847700178623, -0.018087124451994896, -0.009119674563407898, 0.00136829714756459, 0.01682780683040619, 0.021906591951847076, 0.00994307454675436, -0.004905803594738245, -0.0037260581739246845, 0.014143106527626514, 0.021311530843377113, 0.0018561097094789147, -0.0032019191421568394, 0.012482468038797379, -0.018585314974188805, 0.027469731867313385, -0.03274226188659668, -0.00047181168338283896, 0.0030012584757059813, -0.00017438869690522552, 0.01841925084590912, 0.009444883093237877, 0.02789873071014881, -0.02495109662413597, -0.025850608944892883, 0.004310741554945707, -0.022736912593245506, -0.007805001921951771, -0.030112916603684425, -0.04350873455405235, 0.01591445505619049, -0.00846925750374794, 0.006293128710240126, -0.01739519089460373, 0.013478850945830345, 0.0063727013766765594, 0.024937259033322334, 0.012724644504487514, 0.012461709789931774, 0.009700898081064224, 0.0033316565677523613, -0.024702001363039017, 0.019747762009501457, 0.011070924811065197, 0.011403053067624569, -0.03694921359419823, 0.026791637763381004, -0.03379399701952934, 0.03894197940826416, -0.004168895073235035, 0.03036201186478138, 0.03664476051926613, -0.013935526832938194, -0.014779685065150261, 0.0037952514830976725, 0.03088788129389286, -0.02239094488322735, -0.02691618539392948, 0.001208287663757801, 0.01936027966439724, 0.0032157576642930508, -0.012939143925905228, 0.015582326799631119, 0.012178017757833004, -0.008483096025884151, 0.005355559755116701, -0.009237303398549557, -0.021339207887649536, 0.023235103115439415, 0.012918385677039623, 0.028064794838428497, 0.0007702077273279428, -0.010295960120856762, 0.04123919457197189, 0.011984276585280895, -0.010987892746925354, 0.018723702058196068, -0.005639252252876759, 0.039716944098472595, 0.007728889584541321, 0.04057494178414345, -0.015001103281974792, 0.005158359184861183, 0.00880830455571413, -0.005199875216931105, 0.033600255846977234, -0.025241708382964134, -0.015776067972183228, -0.0061305249109864235, -0.010026106610894203, 0.0039025009609758854, -0.07816073298454285, -0.03811166062951088, -0.0012636423343792558, 0.010026106610894203, -0.027774183079600334, -0.014281493611633778, -0.002580909291282296, 0.022944491356611252, -0.019595537334680557, 0.003516748547554016, -0.011458407156169415, -0.03498412296175957, 0.005999057553708553, 0.02468816190958023, 0.0055354624055325985, -0.022058818489313126, -0.026376478374004364, 0.01497342623770237, -0.000675499381031841, 0.033323485404253006, 0.0006132254493422806, 0.0017419408541172743, 0.011250827461481094, 0.0065526035614311695, 0.009763171896338463, 0.018612992018461227, -0.024259164929389954, 0.013804059475660324, 0.007839598692953587, -0.009590188972651958, -0.003508099354803562, -0.01776883378624916, 0.030389688909053802, -0.00886365957558155, -0.019484827294945717, 0.008614563383162022, -0.03628495708107948, -0.010842586867511272, 0.018100962042808533, -0.024369873106479645, 0.0065975794568657875, 0.011783615685999393, -0.014558265917003155, 0.008967448957264423, 0.02053656615316868, -0.0010067622642964125, -0.028424600139260292, 0.026556381955742836, 0.032078005373477936, -0.05646171793341637, -0.031967297196388245, 0.021491432562470436, -0.020633436739444733, -0.010420507751405239, 0.03520554304122925, -0.008503854274749756, 0.007092311512678862, -0.0006231719744391739, 0.018696025013923645, 0.03169052302837372, -0.015111812390387058, 0.004220790229737759, -0.01591445505619049, 0.009091997519135475, 0.015623843297362328, 0.018128639087080956, -0.00884982105344534, -0.022335590794682503, -0.014011639170348644, 0.013748705387115479, -0.0180317685008049, 0.003523667808622122, -0.01637113094329834, 0.003364523174241185, -0.00813021045178175, -0.0030375849455595016, -0.007092311512678862, -0.0019114643801003695, -0.004936940502375364, 0.0016511246794834733, 0.004328039940446615, -0.01053121779114008, -0.019720084965229034, -0.03243780881166458, 0.04060261696577072, 0.009624785743653774, 0.015042618848383427, -0.02377481199800968, 0.025615353137254715, -0.03753043711185455, -0.023124394938349724, -0.00523793138563633, 0.002309325849637389, -0.05372166261076927, -0.003857525298371911, 0.013437335379421711, -0.016495678573846817, 0.011064006015658379, 0.017671963199973106, 0.006199717987328768, -0.02464664727449417, -0.01102248951792717, -0.05524391680955887, 0.02555999718606472, 0.0014556536916643381, 0.004255387000739574, -0.006933166645467281, -0.008835981599986553, -0.0060094366781413555, -0.009216545149683952, 0.02351187728345394, 0.019263409078121185, -0.009977671317756176, 0.001978927757591009, -0.016122033819556236, 0.0018561097094789147, 0.010967135429382324, -0.0064764912240207195, 0.026307284832000732, -0.002909577451646328, 0.023041361942887306, -0.00083550886483863, 0.015485456213355064, 0.0022245640866458416, 0.005141060799360275, -0.0005544111481867731, -0.03808398172259331, 0.008455418981611729, -0.005933323875069618, 0.038360755890607834, -0.0036534052342176437, -0.022432461380958557, 0.021712850779294968, -0.023359650745987892, 0.001992766512557864, 0.015969809144735336, 0.023802489042282104, -0.011264665983617306, 0.03346187248826027, 0.028424600139260292, 0.019387956708669662, 0.043425701558589935, -0.0187928956001997, -0.01678629033267498, 0.022404784336686134, -0.010648845694959164, 0.004106621257960796, 0.008725272491574287, -0.0012325053103268147, 0.00988771952688694, 0.024356035515666008, -0.016246581450104713, 0.021048596128821373, 0.025836771354079247, -0.03492876887321472, -0.006670232396572828, -0.027359023690223694, -0.02914421074092388, 0.017644286155700684, 0.01728448085486889, -0.004514861386269331, 0.013824817724525928, 0.048379942774772644, -0.036810826510190964, 0.004352257587015629, -0.01559616532176733, -0.0004947319393977523, -0.027428217232227325, -0.008586886338889599, 0.011403053067624569, 0.00025688004097901285, -0.019083507359027863, -0.021754367277026176, -0.013125965371727943, 0.0337386429309845, 0.015776067972183228, 0.025878287851810455, 0.02942098304629326, -0.015706874430179596, -0.0013259162660688162, 0.009202706627547741, 0.007687373552471399, -0.00019168700964655727, -0.010718039236962795, -0.01924957148730755, 0.01194967981427908, 0.03467967361211777, 0.026708606630563736, -0.015665357932448387, -0.01559616532176733, 0.026722444221377373, -0.006040573585778475, -0.02632112428545952, -0.005832993425428867, -0.014295332133769989, -0.008462338708341122, 0.00205158069729805, -0.018709862604737282, -0.027248313650488853, -0.0012748861918225884, 0.01875137910246849, 0.02612738311290741, 0.023525714874267578, -0.0036568648647516966, -0.0013925147941336036, -0.014108509756624699, -0.029725434258580208, -0.02374713309109211, -0.03357258066534996, -0.016039002686738968, -0.022487815469503403, 0.019983019679784775, -0.02377481199800968, -0.012344080954790115, -0.014060074463486671, -0.0028421140741556883, 0.003649945603683591, -0.00423462875187397, -0.001666693133302033, -0.004950779024511576, -0.02484038844704628, 0.024702001363039017, 0.020591920241713524, -0.00039159072912298143, -0.007279132958501577, -0.01826702617108822, 0.0391080416738987, 0.038969654589891434, -0.02759428136050701, -0.003013367298990488, 0.03387703001499176, -0.0025186354760080576, 0.03108162246644497, -0.008697595447301865, -0.03271458297967911, -0.0017004248220473528, 0.011382294818758965, -0.006604498717933893, 0.0028611421585083008, 0.010545056313276291, 0.023760972544550896, 0.06172040477395058, 0.00011816914775408804, -0.0024788493756204844, -0.010365153662860394, -0.018433090299367905, 0.016606386750936508, 0.030195947736501694, -0.007977984845638275, 0.021532949060201645, -0.024494420737028122, 0.00691932812333107, -0.017588932067155838, -0.032797615975141525, -0.03169052302837372, -0.007209939882159233, -0.011306182481348515, 0.011977356858551502, 0.009541753679513931, -0.006950465030968189, -0.0024511718656867743, 0.011984276585280895, 0.02942098304629326, 0.01591445505619049, 0.011444568634033203, -0.009804687462747097, -0.008116371929645538, 0.017035385593771935, -0.012337162159383297, -0.01309828832745552, -0.028729049488902092, -0.009956913068890572, -0.013921688310801983, -0.010635007172822952, -0.007645857520401478, -0.00019147078273817897, -0.008095613680779934, -0.015347070060670376, 0.000461000221548602, 0.005767259746789932, 0.0063554029911756516, 0.005729203578084707, -0.003165592672303319, -0.0298361424356699, -0.03501180186867714, 0.014931909739971161, -0.00668407091870904, 0.021117789670825005, -0.03218871355056763, -0.02914421074092388]","[-0.008969704620540142, 0.014184330590069294, 0.006602223496884108, -0.0004788067890331149, -0.023393865674734116, 0.023996872827410698, 0.0011272088158875704, -0.021242232993245125, -0.00263129617087543, -0.01477363146841526, 0.004755519330501556, -0.003088689409196377, -0.00026167347095906734, -0.009332878515124321, -0.019953995943069458, -0.005087857600301504, 0.006571387872099876, -0.0037242432590574026, 0.010114043951034546, -0.029574671760201454, -0.021187415346503258, 0.0021207972895354033, -0.018460186198353767, 0.0031212379690259695, -0.030068039894104004, 0.016788216307759285, 0.011539329774677753, -0.019337285310029984, 0.008065196685492992, 0.01625373587012291, 0.0172541756182909, -0.0012008714256808162, -0.004094269126653671, -0.0471714623272419, -0.040456175804138184, -0.02475062943994999, -0.005632617976516485, -0.006146543193608522, 0.021105187013745308, -0.022598996758461, 0.006290442310273647, -0.022174151614308357, -0.0023212279193103313, -0.021310757845640182, -0.01386227086186409, 0.04843229427933693, -0.014718811959028244, -0.01212863065302372, -0.006739269942045212, -0.020282907411456108, 0.027491562068462372, 0.01385541819036007, -0.042045917361974716, 0.0018980964086949825, -0.0012394158402457833, -0.006496012210845947, 0.008154276758432388, 0.03604327514767647, -0.007414225023239851, -0.007325144484639168, 0.028697572648525238, 0.03604327514767647, -0.0004175640642642975, -0.0030064613092690706, -0.02598404884338379, -0.0016548385610803962, 0.01634966768324375, 0.0050912839360535145, 0.026545939967036247, 0.002847144613042474, 0.036262549459934235, 0.02343497984111309, -0.01607557386159897, 0.024805447086691856, 0.014869563281536102, -0.014759926125407219, -0.03206891939043999, 0.014013022184371948, 0.0018912440864369273, 6.09215276199393e-05, 0.009524744004011154, -0.03086291067302227, -0.014252853579819202, 0.022914202883839607, 0.030643634498119354, 0.019433217123150826, -0.009442515671253204, 0.02401057630777359, 0.004632177297025919, -0.0018912440864369273, 0.011957322247326374, 0.0012959475861862302, 0.019666196778416634, -0.012484951876103878, 0.02359943650662899, 0.03132886812090874, 0.00039272435242310166, 0.031246641650795937, 0.007976116612553596, -0.03360384330153465, -0.0238324161618948, -0.005098136141896248, -0.03744114935398102, -0.00626988522708416, -0.015417749993503094, 0.0032702761236578226, 0.024051690474152565, 0.0074964528903365135, 0.018213503062725067, 0.01469140313565731, -0.008675054647028446, 0.04177182540297508, -0.006602223496884108, -0.029190940782427788, 0.003044149139896035, -0.01378689520061016, -0.018926145508885384, -0.009538448415696621, -0.017117129638791084, -0.009702904149889946, 0.021557440981268883, 0.011676376685500145, 0.01600705087184906, -0.03752337768673897, 0.022571586072444916, -0.024654695764183998, 0.007941854186356068, -0.02542215771973133, 0.013416868634521961, -0.0023914643097668886, 0.031657781451940536, 0.012279381975531578, 0.0178297720849514, -0.006742696277797222, 0.004985072650015354, 0.013841713778674603, -0.02894425578415394, -0.004748667124658823, -0.02640889398753643, -0.01880280300974846, 0.021831534802913666, 0.01551368273794651, -0.00043191114673390985, -0.017130833119153976, -0.03130146116018295, 0.012649407610297203, 0.016322258859872818, -0.014102102257311344, 0.013382607139647007, -0.004440312273800373, 0.004282708279788494, -0.0020128730684518814, -0.00801037810742855, 0.01724047027528286, -0.00577651709318161, 0.006509716622531414, 0.01615780219435692, 0.0016539819771423936, 0.011463954113423824, -0.03069845400750637, 0.02402428165078163, 0.016198916360735893, -0.007345701567828655, -0.012580884620547295, 0.0017833197489380836, 0.02856052666902542, -0.0008942295098677278, -0.0036248844116926193, -0.02839607000350952, -0.010388137772679329, 0.00807890109717846, 0.01972101628780365, -0.0011589009081944823, 0.009586414322257042, 0.02946503460407257, 0.011285793036222458, 0.018679460510611534, 0.017679020762443542, -0.0022304344456642866, -0.012368462048470974, -0.01972101628780365, 0.022722337394952774, 0.009641232900321484, 0.045417267829179764, -0.012731635943055153, -0.03365866094827652, -0.010292205028235912, -0.008181686513125896, 0.0030904023442417383, 0.018994668498635292, 0.01996769942343235, 0.023407571017742157, -0.00748960068449378, -0.013355198316276073, -0.5902873873710632, -0.02954726293683052, -0.010100339539349079, -0.01855611987411976, -0.00748960068449378, -0.013231855817139149, -0.02672410011291504, 0.0008120015263557434, -0.0351661741733551, 0.0354950875043869, -0.013560768216848373, 0.00821594800800085, -0.005591504275798798, -0.015157361514866352, -0.0014903824776411057, -0.0027375072240829468, 0.021571146324276924, -0.015362931415438652, -0.02729969657957554, -0.0007880183402448893, 0.013896532356739044, 0.022708633914589882, 0.0031383687164634466, 0.0031726304441690445, -0.008976557292044163, -0.009099898859858513, 0.004334100987762213, 0.007887035608291626, 0.029766537249088287, 0.04031912982463837, -0.032288193702697754, 0.00981939397752285, 0.0006856616237200797, -0.009394548833370209, 0.049720533192157745, -0.00044111895840615034, -0.01970731094479561, 0.030068039894104004, 0.004070286173373461, 0.030890319496393204, -0.005122119095176458, 0.0010775293922051787, -0.008901181630790234, 9.068634972209111e-05, 0.0036420151591300964, -0.009106751531362534, -0.013245560228824615, -0.006711860653012991, 0.01566443406045437, -0.02433948777616024, -0.010120896622538567, 0.026765214279294014, 0.01077186781913042, -0.011162451468408108, 0.02459987811744213, -0.007325144484639168, 0.039743535220623016, -0.009922178462147713, 0.034453533589839935, -0.005906711332499981, 0.010963733308017254, 0.006430915091186762, -0.013396311551332474, 0.0006980814505368471, -0.016541533172130585, 0.0358240008354187, 0.02011845074594021, -0.010340170934796333, -0.00465958658605814, -0.04514317214488983, 0.01873428001999855, 0.0029721995815634727, -0.013005728833377361, -0.008483189158141613, -0.002927659545093775, 0.019488036632537842, 0.022831974551081657, -0.008229652419686317, -0.03045177087187767, 0.014129512012004852, 0.012114925310015678, -0.006961971055716276, -0.03908570855855942, -0.0001128493677242659, 0.0016368511132895947, 0.005218051839619875, 0.0031041069887578487, -0.011854536831378937, 0.02276345156133175, -0.013190741650760174, 0.002480544615536928, 0.011237827129662037, 0.0014030153397470713, -0.04314229264855385, 0.012779601849615574, -0.005923842079937458, -0.0024479960557073355, -0.012841273099184036, -0.013423721306025982, -0.01315648015588522, -0.04612990841269493, 0.012526066042482853, -0.02031031623482704, -0.021160006523132324, 0.028094567358493805, 0.005916989874094725, -0.026628168299794197, -0.0113406116142869, 0.028916846960783005, -0.00647545512765646, -0.025559203699231148, -0.004001762717962265, 0.005320836789906025, 0.028505707159638405, -0.003823602106422186, -0.031822238117456436, 0.03686555474996567, -0.00014860997907817364, 0.01114189438521862, 0.018282026052474976, 0.026422597467899323, 0.014013022184371948, 0.013135923072695732, -0.011443397030234337, 0.003468993818387389, 0.009511038661003113, 0.002865988528355956, -0.0065302737057209015, -0.01315648015588522, 0.004097695462405682, -0.00769517058506608, -0.014787335880100727, -0.017596792429685593, -0.007544419262558222, 0.006739269942045212, 0.014458423480391502, 0.0021790419705212116, 0.004906270653009415, 0.02905389480292797, 0.015225885435938835, -0.026792623102664948, -0.011957322247326374, 0.011936765164136887, -0.022311197593808174, 0.005762812681496143, -0.022133037447929382, -0.03426166623830795, 0.017953114584088326, -0.020145859569311142, -0.02624443732202053, -0.02805345319211483, -0.02292790822684765, 0.006557682994753122, 0.01183397974818945, -0.012916648760437965, -0.0009190692217089236, -0.005485292989760637, -0.011573591269552708, 0.0004976507043465972, -0.021324461326003075, -0.023544616997241974, 0.022420834749937057, -0.008681906387209892, -0.005351672414690256, -0.0069688232615590096, -0.03988058120012283, -0.011114484630525112, 0.015787776559591293, -0.016938967630267143, -0.02507954090833664, -0.016226325184106827, -0.03735892102122307, 0.018747985363006592, -0.0006616784376092255, 0.01238216646015644, 0.030725862830877304, -0.021255938336253166, -0.017034901306033134, 0.0017576235113665462, -0.004491704516112804, -0.01914541982114315, 0.029190940782427788, 0.008058344013988972, -0.00940140150487423, 0.02623073197901249, 0.008435222320258617, -0.007517009973526001, 0.014293967746198177, -0.0036762768868356943, 0.031822238117456436, 0.011107632890343666, 0.029327986761927605, -0.006386374589055777, -0.01740492694079876, -0.0032993985805660486, -0.001381601789034903, 0.008147424086928368, 0.01978953927755356, 0.018597234040498734, 0.02276345156133175, 0.008167981170117855, 0.036838144063949585, 0.038921255618333817, 0.0034415845293551683, 0.016555238515138626, -0.002749498700723052, 0.007153836078941822, 0.0026912540197372437, 0.020008813589811325, 0.007859626784920692, 0.02358573116362095, -0.00619108323007822, -0.03250747174024582, -0.029985811561346054, 0.0015614754520356655, 0.03459057956933975, -0.03522099554538727, 0.02565513737499714, -0.020419953390955925, 0.026929670944809914, -0.016294848173856735, 0.011457101441919804, 0.019268762320280075, 0.027765655890107155, 0.004481425974518061, -0.010799277573823929, -0.00486858282238245, 0.019104305654764175, 0.02353091351687908, -0.002824874594807625, -0.01419803500175476, -0.005889580585062504, 0.0034313059877604246, -0.01448583323508501, 0.02665557712316513, 0.012594589032232761, 0.0456913597881794, -0.014938087202608585, 0.016637464985251427, -0.021995989605784416, -0.01518477126955986, 0.014321376569569111, 0.014883268624544144, -0.015417749993503094, -0.009209536015987396, 0.03004062920808792, 0.0018090159865096211, 0.05339338257908821, -0.0028694146312773228, 0.022297494113445282, -0.014088397845625877, -0.010717049241065979, -0.016801921650767326, -0.002583329798653722, 0.019364694133400917, -0.047007009387016296, 0.011230974458158016, 0.022557882592082024, 0.018350549042224884, 0.0015743236290290952, 0.008928590454161167, -0.03061622567474842, 0.04448534920811653, 0.01175860408693552, 0.022475654259324074, 0.013149628415703773, 0.01440360490232706, 0.00587930204346776, -0.007811660412698984, 0.006492585875093937, -0.02762860804796219, -0.04218296334147453, 0.008400960825383663, -0.02665557712316513, 0.015321817249059677, 0.0119162080809474, -0.003594049019739032, 0.027820473536849022, 0.011196712963283062, -0.000785020471084863, -0.007469043601304293, -0.01448583323508501, 0.0010466938838362694, -0.0033028246834874153, 0.013601882383227348, -0.036427006125450134, -0.04289560765028, 0.008517450653016567, 0.005392786581069231, 0.01765161193907261, 0.008928590454161167, 0.016048165038228035, 0.01733640395104885, -0.0011015125783160329, 0.0010526897385716438, 0.0218589436262846, 0.038893844932317734, 0.00023340761254075915, 0.025463271886110306, 0.005594930145889521, -0.008113162592053413, 0.01954285427927971, 0.00238289893604815, 0.009449368342757225, 0.054078616201877594, 7.853416900616139e-05, -0.0067940885201096535, -0.02211933210492134, 0.004032598342746496, -0.030917728319764137, -0.004618472885340452, -0.02402428165078163, -0.024380601942539215, 0.020077336579561234, -0.026436302810907364, 0.012992024421691895, -0.0010158584918826818, 0.00862708780914545, 0.029684308916330338, 0.004587637260556221, -0.010292205028235912, -0.023887233808636665, -0.021680783480405807, 0.015787776559591293, 0.012628850527107716, 0.006249328143894672, 0.0018175814766436815, -0.006345260888338089, -0.03127405047416687, 0.019611379131674767, -0.01539034117013216, -0.04544467478990555, 0.023311639204621315, 0.00042698602192103863, -0.019186533987522125, 0.0035118209198117256, 0.017117129638791084, 0.004200480412691832, -0.008065196685492992, 0.023544616997241974, -0.0016034460859373212, -0.036509234458208084, -0.011230974458158016, -0.011354316957294941, -0.017281584441661835, -0.009079341776669025, 0.024133918806910515, 0.028259024024009705, 0.01469140313565731, 0.023051250725984573, 0.012861830182373524, 0.009778279811143875, 0.0032993985805660486, -0.034371305257081985, -0.017774952575564384, 0.003445010632276535, 0.007887035608291626, 0.008188538253307343, -0.011018551886081696, 0.027861587703227997, 0.026874851435422897, -0.007948706857860088, 0.01477363146841526, 0.02756008505821228, 0.010532036423683167, 0.017514564096927643, 0.01921394281089306, 0.0025936083402484655, -0.00045910634798929095, 0.00564974918961525, 0.017377518117427826, 0.00808575376868248, -0.0034895509015768766, 0.012032697908580303, 0.0034655677154660225, -0.021680783480405807, -0.01566443406045437, 0.011306350119411945, 0.02979394607245922, -0.004632177297025919, -0.01699378713965416, -0.02607998065650463, -0.011827128008008003, -0.0020813962910324335, -0.0194743312895298, 0.012628850527107716, 0.008305028080940247, 0.013677258044481277, -0.0026775493752211332, 0.002871127799153328, -0.021488917991518974, 0.01345113106071949, -0.015116247348487377, 0.000668959051836282, 0.008140572346746922, -0.017459746450185776, -0.013190741650760174, 0.0075375670567154884, 0.01847389154136181, 0.011744899675250053, 0.038647159934043884, 0.0034552891738712788, -0.00406685983762145, -0.009853655472397804, -0.023722779005765915, -0.033137883991003036, 0.001122926129028201, -0.03086291067302227, -0.026861147955060005, 0.001481817103922367, 0.00012623282964341342, 0.0007558980141766369, -0.04900788888335228, 0.035604726523160934, 0.009469924494624138, 0.010504627600312233, 0.019515445455908775, 0.007839069701731205, 0.0354950875043869, 0.02078997902572155, -0.007462191395461559, 0.014568060636520386, -0.013026285916566849, -0.00709901750087738, 0.013608734123408794, -0.016870444640517235, -0.028834618628025055, -0.012717930600047112, -0.0019991681911051273, 0.017144538462162018, -0.01238216646015644, 0.015623320825397968, -0.01898096315562725, -0.0006809506448917091, 0.016061870381236076, -0.01607557386159897, 0.0071606882847845554, -0.017185652628540993, 0.028615344315767288, -0.005742255598306656, -0.01896725967526436, 0.03472762554883957, 0.007982968352735043, 0.011950469575822353, 0.0006573957507498562, -0.022324902936816216, 0.02921834960579872, 0.010895210318267345, -0.005930694751441479, 0.004683570004999638, -0.006670746486634016, -0.014992905780673027, 0.013272969983518124, -0.005170085467398167, -0.0015520534943789244, 0.022133037447929382, 0.006129412446171045, 0.010833539068698883, -0.04232001304626465, 0.029848765581846237, 0.007092165295034647, -0.008791543543338776, -0.00940140150487423, 0.004262151662260294, -0.010696492157876492, -0.011196712963283062, 0.02831384167075157, -0.023064954206347466, -0.008613383397459984, -0.017596792429685593, -0.030917728319764137, 0.023037545382976532, 0.02011845074594021, 0.011587295681238174, 0.011443397030234337, 0.004395771771669388, 0.00012719644291792065, -0.026011457666754723, -0.010607412084937096, -0.017213061451911926, 0.009250650182366371, 0.0216122604906559, 0.02897166647017002, 0.00039914841181598604, 0.04961089417338371, -0.0330282486975193, 0.020981844514608383, -0.0021036663092672825, 0.015486273914575577, 0.016459304839372635, -0.007866478525102139, -0.022790860384702682, -0.01282756868749857, -0.0003706684219650924, -0.000976457551587373, -0.010758163407444954, -0.0007212081109173596, 0.015088838525116444, 0.02343497984111309, 0.017130833119153976, -0.015541092492640018, 0.0019152271561324596, -0.032808974385261536, -0.02894425578415394, -0.02327052503824234, 0.018501300364732742, -0.013005728833377361, -0.005098136141896248, -0.043032653629779816, -0.0016685432055965066, 0.06364447623491287, -0.010196272283792496, 0.023736482486128807, -0.0019837506115436554, 0.0011640401789918542, 0.007441634312272072, 0.012909796088933945, -0.005591504275798798, 0.0006578240427188575, -0.00657824007794261, -0.018090160563588142, -0.023777596652507782, -0.006125986110419035, -0.006639911327511072, -0.0041833496652543545, 0.017857180908322334, 0.018789097666740417, -0.006698155775666237, -0.036098092794418335, 0.027491562068462372, 0.007126426789909601, -0.0020180121064186096, 0.018364254385232925, -0.03777006268501282, -0.037907108664512634, -0.0391131192445755, -0.018501300364732742, -0.06583721935749054, -0.0012436985271051526, 0.003905830206349492, 0.007688318379223347, 0.01607557386159897, -0.023051250725984573, -0.032562289386987686, 0.031904466450214386, -0.021310757845640182, 0.06243846192955971, 0.017596792429685593, 0.031383685767650604, 0.0007931576110422611, -0.041799236088991165, -0.027820473536849022, -0.010449809022247791, 0.009559005498886108, -0.02665557712316513, 0.01052518468350172, 0.03193187341094017, -0.0074964528903365135, -0.033384568989276886, -0.007338849361985922, -0.0228456798940897, 0.0021327887661755085, -0.011395430192351341, 0.02803974784910679, -0.0216122604906559, -0.021598555147647858, 0.0017387795960530639, 0.0027306547854095697, -0.0396064892411232, 0.026600759476423264, 0.005608635023236275, 0.012861830182373524, -0.014307672157883644, -0.020241793245077133, -0.03705741837620735, 0.010675936006009579, -0.015171065926551819, 0.011799718253314495, 0.005964956246316433, 0.005769664887338877, -0.025285109877586365, -0.017459746450185776, -0.031054776161909103, 0.018583528697490692, -0.0073799630627036095, 0.01142283994704485, -0.025956640020012856, 0.0023280803579837084, 0.011511920019984245, 0.019200239330530167, -0.030177677050232887, -0.00384758529253304, 0.004923401400446892, 0.03883902728557587, -0.02170819230377674, 0.014006169512867928, 0.0028745539020746946, 0.004680143669247627, -0.008729873225092888, -0.006153395399451256, -0.021571146324276924, -0.025792183354496956, -0.014595470391213894, 0.0016865305369719863, 0.01872057467699051, 0.011203565634787083, 0.006016348954290152, -0.005509275943040848, -0.01913171447813511, -0.00365229370072484, -0.004570506513118744, -0.009929031133651733, 0.003169204341247678, -0.006728991400450468, -0.010956881567835808, 0.014458423480391502, -0.005800500512123108, 0.018926145508885384, 0.009757722727954388, 0.01426655799150467, 0.026285551488399506, 0.016226325184106827, 0.0007117861532606184, 0.0034056096337735653, 0.02706671692430973, -0.01426655799150467, -0.036920372396707535, -0.0023109493777155876, 0.012779601849615574, -0.01530811283737421, -0.0006060032173991203, -0.0035666394978761673, -0.05035094544291496, -0.010758163407444954, 0.019844356924295425, 0.012436985038220882, -0.02812197618186474, -0.010319613851606846, -0.0007871618145145476, 0.030917728319764137, 0.021584849804639816, -0.013581325300037861, -0.027409333735704422, 0.004909696988761425, -0.009428811259567738, 0.018953554332256317, -0.013629291206598282, -0.01896725967526436, -0.023722779005765915, -0.00878469180315733, 0.0184875950217247, 0.0038373067509382963, -0.024819152429699898, -0.006574814207851887, -0.03193187341094017, -0.0057388292625546455, -0.0021841812413185835, 0.00738681573420763, -0.015828890725970268, -0.016527827829122543, -0.008812100626528263, -0.010689640417695045, -0.030917728319764137, 0.0009541874169372022, 0.014513242058455944, 0.01481474470347166, 0.020241793245077133, 0.008126867935061455, -0.025134358555078506, -0.054654210805892944, -0.02623073197901249, -0.039907991886138916, -0.022050809115171432, -0.007037346716970205, -0.011868241243064404, 0.029245760291814804, 0.019104305654764175, -0.017774952575564384, -0.035769179463386536, -0.0028214482590556145, -0.03645441308617592, -0.015157361514866352, -0.008633940480649471, 0.0031452211551368237, 0.029766537249088287, 0.021338166669011116, -0.002418873831629753, 0.008202243596315384, 0.013759485445916653, 0.03360384330153465, -0.006389800924807787, -0.0075992378406226635, -0.0162674393504858, -0.00016863163909874856, -0.00799667276442051, 0.0014201460871845484, -0.039907991886138916, 0.01287553459405899, 0.03217855840921402, 0.001906661782413721, 0.037742651998996735, 0.02425726130604744, 0.026121094822883606, -0.012731635943055153, -0.019995108246803284, 0.001315648085437715, 0.004789781291037798, -0.013677258044481277, 0.013108514249324799, -0.028999075293540955, -0.01898096315562725, 0.021721897646784782, 0.009490481577813625, 0.029190940782427788, -0.015294408425688744, -0.00052120559848845, -0.011354316957294941, 0.027285991236567497, -0.0017987375613301992, -0.014705107547342777, 0.0017182226292788982, -0.027039308100938797, 0.015623320825397968, -0.007427929434925318, 0.030725862830877304, 0.0442112572491169, -0.04053840413689613, 0.008798396214842796, -0.02516176924109459, 0.026765214279294014, 0.0020300038158893585, 0.0001564259291626513, 0.01617150753736496, -0.013334641233086586, 0.01477363146841526, 0.027875293046236038, 0.0162674393504858, -0.026367779821157455, -0.00940825417637825, -0.01633596234023571, 0.006752974819391966, -0.028862029314041138, 0.012430133298039436, -0.03110959380865097, -0.029684308916330338, -0.022873088717460632, 0.00505359610542655, -0.009730313904583454, 0.01477363146841526, -0.027751950547099113, 0.014013022184371948, -0.034124620258808136, -0.034124620258808136, -0.005142676178365946, -0.008695610798895359, -0.006331556010991335, -0.003071558428928256, 0.02285938523709774, 0.016856741160154343, 0.0026775493752211332, 0.16785475611686707, 0.0014004457043483853, 0.03834565728902817, 0.01245754212141037, -0.004450590815395117, 0.034206848591566086, 0.006304146721959114, -0.0064720287919044495, -0.04884343221783638, 0.026381483301520348, 0.01937839947640896, 0.017679020762443542, 0.013225004076957703, 0.004697274416685104, 0.0076609086245298386, 0.02080368436872959, -0.02351720817387104, -0.030671045184135437, -0.019871767610311508, -0.015486273914575577, 0.03130146116018295, -0.004255298990756273, 0.0031023940537124872, -0.018747985363006592, -0.012560327537357807, -0.016610056161880493, 0.031740009784698486, -0.015541092492640018, 0.016856741160154343, -0.0016060157213360071, -0.025559203699231148, 0.01126523595303297, 0.008051492273807526, -0.01724047027528286, -0.0402643121778965, -0.011813422664999962, 0.009209536015987396, 0.015335522592067719, 0.01806275174021721, 0.04111400246620178, -0.007242916617542505, -0.005721698515117168, -0.0002719519834499806, -0.005471588112413883, -0.014458423480391502, 0.0038098974619060755, -0.023791301995515823, 0.02285938523709774, -0.024202441796660423, 0.05065244808793068, -0.0069688232615590096, 0.004306691698729992, 0.021804125979542732, -0.008723020553588867, 0.017541972920298576, -0.013629291206598282, 0.023366456851363182, -0.0057970741763710976, -0.016390781849622726, 0.0244902390986681, 0.003450149903073907, 0.01724047027528286, 0.02072145603597164, 0.005851892754435539, 0.01175860408693552, -0.009682347066700459, -0.0008098601829260588, -0.01937839947640896, 0.010141453705728054, 0.004419755190610886, -0.008099458180367947, 0.007517009973526001, 0.003256571479141712, -0.004813764244318008, -0.029163531959056854, -0.023887233808636665, 0.028670163825154305, 0.007414225023239851, 0.027491562068462372, 0.019940290600061417, 0.003164065070450306, -0.03842788562178612, -0.00948362983763218, 0.011861389502882957, -0.043114881962537766, -0.0220234002918005, 0.007551271468400955, -0.0059581040404737, -0.030424360185861588, 0.007400520145893097, 0.0054750144481658936, 0.009236945770680904, 0.0035358041059225798, -0.017391221597790718, -0.033795710653066635, -0.0030116005800664425, -0.021338166669011116, -0.002944790292531252, 0.008942294865846634, -0.026504825800657272, -0.04686995968222618, 0.018049046397209167, 0.01469140313565731, 0.002204738324508071, -0.022969022393226624, 0.0117106381803751, -0.00927805993705988, -0.002497675595805049, 0.012601441703736782, 0.006958544719964266, 0.002985904226079583, -0.028450889512896538, -0.00639665313065052, -0.00911360327154398, 0.023503504693508148, 0.0011203564936295152, 0.02484656125307083, -0.022667519748210907, 0.006711860653012991, 0.008640792220830917, 0.02516176924109459, -0.0369751900434494, -0.016980081796646118, -0.016445599496364594, -0.022461948916316032, -0.008195390924811363, -0.015623320825397968, 0.027340810745954514, -0.0008865206618793309, 0.012944057583808899, -0.006420636549592018, -0.006557682994753122, -0.008592826314270496, -0.03327492997050285, -0.01323870848864317, 0.02798493020236492, -0.009682347066700459, -0.022174151614308357, 0.024545058608055115, -0.0105183320119977, -0.006814645603299141, 0.00010690710769267753, 0.027697132900357246, -0.0041422354988753796, 0.0024599877651780844, -0.0039777797646820545, 0.009045080281794071, -0.03522099554538727, 0.019734719768166542, -0.026025163009762764, -0.019693605601787567, 0.013437425717711449, 0.013848566450178623, 0.0013027999084442854, 0.01155303418636322, -0.009380844421684742, -0.003381626680493355, -0.051365092396736145, -0.017596792429685593, 0.016568941995501518, -0.014225444756448269, 0.01196417398750782, 0.03554990515112877, 0.011683228425681591, -0.005361950956285, -0.02450394444167614, -0.1719113439321518, 0.01832314021885395, 0.03053399734199047, -0.049802761524915695, 0.0222700834274292, 0.01287553459405899, 0.027902701869606972, -0.004916549194604158, 0.000617566576693207, -0.006605649366974831, 0.004926827736198902, 0.008298175409436226, -0.05640840902924538, -0.00011905929568456486, -0.03735892102122307, 0.007736284751445055, 0.0010655379155650735, 0.0021156580187380314, -0.00091307342518121, 0.01915912516415119, 0.008894328959286213, -0.02872498147189617, 0.021886352449655533, 0.016130393370985985, -0.004652734380215406, 0.002763203578069806, -0.010655378922820091, 0.017350109294056892, -0.010203124955296516, -0.026710396632552147, 0.010449809022247791, 0.00699623255059123, 0.013101661577820778, -0.020776275545358658, 0.012560327537357807, 0.018789097666740417, -0.01756938360631466, -0.006156821735203266, 0.0019614803604781628, 0.022571586072444916, 0.022475654259324074, 0.012854977510869503, 0.0005083574797026813, -0.009593266993761063, 0.01015515811741352, 0.03661886975169182, 0.003342225681990385, -0.004693848546594381, 0.018926145508885384, -0.008949147537350655, 0.0326993353664875, -0.024627286940813065, -0.0012128630187362432, -0.0049713677726686, -0.0018895309185609221, 0.014554356224834919, 0.011929912492632866, 0.025709955021739006, -0.02285938523709774, -0.025216586887836456, 0.005348246078938246, -0.023640550673007965, 0.0023760467302054167, -0.019734719768166542, -0.03851011395454407, 0.017843475565314293, -0.011313202790915966, 0.0003770924813579768, -0.023380162194371223, 0.015774071216583252, 0.004416328854858875, 0.0351661741733551, 0.0038612899370491505, 0.013629291206598282, 0.011258384212851524, 0.0040805647149682045, -0.020515887066721916, 0.02361314184963703, 0.01064167357981205, 0.013279822655022144, -0.028752392157912254, 0.02688855677843094, -0.03903089091181755, 0.03637218475341797, 0.0002918665704783052, 0.027094125747680664, 0.038647159934043884, -0.011642114259302616, -0.022557882592082024, -0.0013225004076957703, 0.02880720980465412, -0.021557440981268883, -0.02136557549238205, -0.006441193632781506, 0.018830211833119392, 0.004536244552582502, -0.022146742790937424, 0.013978760689496994, 0.020324021577835083, -0.012711078859865665, 0.004275856073945761, -0.008997113443911076, -0.02721746824681759, 0.02153003215789795, 0.015129952691495419, 0.031904466450214386, 0.002895110985264182, -0.009305468760430813, 0.03914052993059158, 0.005848466418683529, -0.002710097935050726, 0.016610056161880493, -0.004628751426935196, 0.0438823439180851, 0.008284470997750759, 0.036509234458208084, -0.017857180908322334, 0.006667320616543293, 0.009250650182366371, 0.004919975530356169, 0.032288193702697754, -0.025148063898086548, -0.01448583323508501, -0.005176938138902187, -0.002473692409694195, 0.00016177931684069335, -0.07877442240715027, -0.034700218588113785, -0.0001523573591839522, 0.00903822761029005, -0.02647741697728634, -0.01617150753736496, -0.0005850179586559534, 0.022790860384702682, -0.024476535618305206, -0.006276737432926893, -0.003450149903073907, -0.033384568989276886, 0.007009936962276697, 0.019323579967021942, 0.008517450653016567, -0.019364694133400917, -0.025970343500375748, 0.003059566952288151, 0.005324263125658035, 0.026121094822883606, 0.002883119275793433, 0.0032719892915338278, 0.011566738598048687, 0.007866478525102139, 0.00528314895927906, 0.01634966768324375, -0.022489357739686966, 0.00751015730202198, 0.004488278646022081, -0.0077157276682555676, -0.007236063946038485, -0.012265676632523537, 0.030917728319764137, -0.005550390109419823, -0.015266998670995235, 0.01122412271797657, -0.0361529104411602, -0.011162451468408108, 0.02276345156133175, -0.012834420427680016, 0.0070716082118451595, 0.015294408425688744, -0.013115365989506245, 0.015294408425688744, 0.01996769942343235, -0.0036146058700978756, -0.017870886251330376, 0.030725862830877304, 0.029355397447943687, -0.05322892591357231, -0.028341250494122505, 0.022146742790937424, -0.017062310129404068, -0.015911119058728218, 0.0318770557641983, -0.0111350417137146, 0.005098136141896248, 0.005495571531355381, 0.01428026333451271, 0.02647741697728634, -0.010285352356731892, 0.001430424628779292, -0.017103424295783043, 0.004032598342746496, 0.007763694040477276, 0.020748866721987724, -0.011436544358730316, -0.027697132900357246, -0.018007932230830193, 0.007475895807147026, -0.015787776559591293, 0.008736724965274334, -0.02170819230377674, -0.0020471345633268356, -0.011450249701738358, 0.004498556721955538, -0.003179482650011778, 0.006821497809141874, -0.00911360327154398, -0.0016745389439165592, 0.0032754153944551945, -0.009648085571825504, -0.02177671529352665, -0.03069845400750637, 0.03705741837620735, 0.006937987636774778, 0.021160006523132324, -0.021516326814889908, 0.016322258859872818, -0.030972547829151154, -0.02055700123310089, -0.007085312623530626, -0.007941854186356068, -0.05196809768676758, -0.0006025770562700927, 0.00883265770971775, -0.01489697303622961, 0.013629291206598282, 0.012087516486644745, 0.004923401400446892, -0.02072145603597164, -0.012690521776676178, -0.054654210805892944, 0.02003622241318226, 0.0056189135648310184, 0.010045520961284637, -0.003256571479141712, -0.008860067464411259, 0.0007764550391584635, -0.00616710027679801, 0.0224345400929451, 0.018172388896346092, -0.014746221713721752, -0.0014920956455171108, -0.01574666239321232, -0.006108855362981558, 0.011594148352742195, -0.00567373214289546, 0.03045177087187767, -0.008825805969536304, 0.017267880961298943, -0.012478099204599857, 0.009593266993761063, 0.00374480034224689, 0.008873771876096725, 0.006670746486634016, -0.040373947471380234, 0.014335081912577152, -0.009373992681503296, 0.05018648877739906, -0.00384758529253304, -0.0224345400929451, 0.020228087902069092, -0.021571146324276924, 0.004094269126653671, 0.008976557292044163, 0.023969462141394615, -0.01163526251912117, 0.03851011395454407, 0.02575106918811798, 0.01815868355333805, 0.04577358812093735, -0.013595029711723328, -0.01674710214138031, 0.027820473536849022, -0.013547062873840332, 0.006879742722958326, 0.016980081796646118, 0.003105820156633854, 0.013814304023981094, 0.024613581597805023, -0.01634966768324375, 0.017021195963025093, 0.028094567358493805, -0.03201410174369812, -0.009956440888345242, -0.028423478826880455, -0.03132886812090874, 0.013403164222836494, 0.007654056418687105, -0.0028111697174608707, 0.010874653235077858, 0.04711664468050003, -0.041470322757959366, 0.005629192106425762, -0.007523862179368734, -0.0018484169850125909, -0.0384552963078022, -0.009127308614552021, 0.005324263125658035, -0.0003156356106046587, -0.025271406397223473, -0.015582206659018993, -0.019515445455908775, 0.036838144063949585, 0.01774754375219345, 0.024531353265047073, 0.022215265780687332, -0.014047283679246902, 0.0016257161041721702, 0.006804367061704397, 0.013471687212586403, -0.003898977767676115, -0.011724342592060566, -0.018186092376708984, 0.014047283679246902, 0.041634779423475266, 0.02803974784910679, -0.006197935435920954, -0.010607412084937096, 0.03357643261551857, -0.007016789633780718, -0.026751510798931122, -0.010997994802892208, -0.012704226188361645, -0.0170074924826622, 0.006067741196602583, -0.016130393370985985, -0.02525770105421543, 0.00748960068449378, 0.01666487567126751, 0.031548142433166504, 0.023160887882113457, -0.006711860653012991, 7.328784704441205e-05, -0.013074252754449844, -0.03086291067302227, -0.024366898462176323, -0.029190940782427788, -0.013608734123408794, -0.02713523991405964, 0.028094567358493805, -0.024956198409199715, -0.01559591107070446, -0.005793647840619087, -0.002280113985762, 0.014170625247061253, -0.004275856073945761, 0.002561059547588229, -0.00759238563477993, -0.02144780382514, 0.024969903752207756, 0.01567813940346241, 0.007146983873099089, -0.01126523595303297, -0.015129952691495419, 0.03689296171069145, 0.045006126165390015, -0.028341250494122505, -0.005146102514117956, 0.0382908396422863, 0.00021852519421372563, 0.03045177087187767, -0.013547062873840332, -0.03300083801150322, -0.006177378818392754, 0.013834861107170582, -0.011923059821128845, -0.001274534035474062, 0.009572709910571575, 0.02351720817387104, 0.060026440769433975, -0.00134048773907125, -0.00799667276442051, -0.0160207562148571, -0.012272529304027557, 0.00890803337097168, 0.03184964507818222, -0.005200921092182398, 0.013101661577820778, -0.026340369135141373, 0.015116247348487377, -0.015061428770422935, -0.03760560601949692, -0.037633016705513, -0.0010732467053458095, -0.0045088352635502815, 0.0037927664816379547, 0.008167981170117855, -0.000865535403136164, -0.0041251047514379025, 0.009264354594051838, 0.02739563025534153, 0.014540651813149452, 0.011744899675250053, -0.008030935190618038, -0.014554356224834919, 0.016527827829122543, -0.015499978326261044, -0.010915767401456833, -0.03505653887987137, -0.007105869706720114, -0.013183889910578728, -0.017377518117427826, -0.013252412900328636, 0.001289095263928175, -0.014348786324262619, -0.017802363261580467, -0.0005910137551836669, 0.007311440072953701, 0.015280704014003277, 0.0006334125646390021, 0.0007194950012490153, -0.02938280627131462, -0.03703001141548157, 0.019323579967021942, -0.007612942717969418, 0.025641432031989098, -0.027340810745954514, -0.027587493881583214]","[-0.003712784731760621, -0.00041489346767775714, 0.00241850595921278, -0.028089940547943115, -0.031087879091501236, 0.00441818218678236, 0.00650603324174881, -0.026931073516607285, -0.02399611473083496, -0.020053446292877197, 0.009107186459004879, 0.02084701880812645, -0.028593795374035835, 0.004953528754413128, -0.013201012276113033, 0.016425687819719315, 0.032271940261125565, 0.017760904505848885, 0.0021256401669234037, -0.03202001377940178, 0.0016705956077203155, 0.021212313324213028, -0.004909441340714693, -0.020784037187695503, -0.010562069714069366, -0.0013462387723848224, 0.01090847048908472, -0.021590204909443855, -0.006184825208038092, -0.01852928288280964, 0.016904350370168686, 0.03471563756465912, -0.016866561025381088, -0.03149096295237541, -0.04789146035909653, 0.0005518791731446981, -0.022056272253394127, -0.01400718092918396, 0.006065159570425749, 0.01283571682870388, -0.007790864445269108, 0.0072366236709058285, -0.00917646661400795, -0.003407322335988283, -0.019637765362858772, -0.0008636396960355341, 0.018894579261541367, -0.03451409563422203, -0.021779151633381844, 0.01360409613698721, 0.024273235350847244, 0.01648866944015026, -0.013024662621319294, 0.009037906304001808, -0.012407439760863781, -0.02268609032034874, -0.015354993753135204, 0.0023633968085050583, 0.006241509225219488, 0.017105892300605774, -0.017546765506267548, -0.0021949203219264746, -0.021212313324213028, 0.016072988510131836, 0.01425910834223032, -0.015909235924482346, 0.009749602526426315, 0.0015595899894833565, 0.01735781878232956, -0.005917152389883995, -0.0037978102918714285, -0.004068632610142231, 0.011991758830845356, 0.030130553990602493, 0.018642650917172432, -0.00021768128499388695, -0.006030519492924213, -0.016387898474931717, -0.004358349367976189, 0.0008589160279370844, 0.0055109187960624695, -0.012061038985848427, -0.0048936959356069565, 0.022245217114686966, 0.01685396395623684, 0.007740478962659836, 0.010625051334500313, 0.021804343909025192, -0.02803955413401127, -0.020632879808545113, -0.0023523750714957714, 0.01900794543325901, -0.0007561767706647515, 0.01784907840192318, 0.003687591990455985, -0.010303843766450882, -0.0050952378660440445, 0.007475954946130514, 0.015606922097504139, -0.026250867173075676, 0.007658602669835091, 0.02198069356381893, 0.008282124064862728, -0.011903584934771061, -0.006990993861109018, -0.007507445756345987, -0.008414385840296745, -0.0158084649592638, 0.007060274016112089, -0.001299002324230969, -0.0021350872702896595, 0.020708458498120308, 0.010385720059275627, -0.01700512133538723, 0.008666313253343105, -0.0028766996692866087, 0.007104361429810524, -0.010316439904272556, -0.024814879521727562, 0.0066949790343642235, -0.004978721495717764, 0.009019012562930584, 0.03622720390558243, 0.008798575028777122, 0.02851821668446064, 0.009907057508826256, -0.04403696581721306, -0.008294720202684402, -0.030306903645396233, -0.0029632996302098036, 0.03816704824566841, 0.04103902354836464, -0.014725174754858017, 0.011481605470180511, -0.012936487793922424, 0.01509047020226717, -0.012860910035669804, 0.02902207337319851, -0.0028058448806405067, -0.01818918064236641, 0.017735710367560387, 0.030584024265408516, 0.011456413194537163, -0.0006388729671016335, -0.01249561458826065, 0.02320254221558571, 0.018302548676729202, -0.004704750142991543, -0.0023019895888864994, -0.0010754164541140199, 0.013478132896125317, 0.022547530010342598, 0.014737770892679691, 0.01681617461144924, -0.010480192489922047, 0.011469009332358837, 0.017710518091917038, 0.011972865089774132, 0.002698775613680482, -0.02685549482703209, -0.008256930857896805, -0.020267585292458534, 0.022975808009505272, -0.029475541785359383, 0.030458061024546623, 0.0333552286028862, 0.009573252871632576, 0.009781093336641788, -0.013856024481356144, -0.012451527640223503, -0.001487160800024867, 0.052300192415714264, -0.02315215766429901, 0.02768685668706894, 0.0003093987179454416, 0.004884248599410057, 0.006474542431533337, 0.005630584433674812, -0.024550355970859528, 0.0037600211799144745, 0.012287774123251438, 0.005240096244961023, 0.03532026708126068, 0.02952592819929123, -0.003712784731760621, -0.011399729177355766, 0.036428745836019516, -0.003172714728862047, -0.002802695846185088, 0.019902288913726807, 0.0036403555423021317, 0.02370639704167843, 0.01870563253760338, 0.019751133397221565, -0.6413071751594543, -0.04975572228431702, -0.0014241788303479552, 0.0011517819948494434, 0.013856024481356144, 0.04187038540840149, 0.006030519492924213, 0.012533403933048248, -0.014485843479633331, 0.02902207337319851, -0.03428736329078674, 0.016665019094944, -0.007450762204825878, 0.00678945193067193, -0.001972908852621913, -0.0048181177116930485, 0.01443545799702406, -0.001184060238301754, -0.024739300832152367, 0.006909117568284273, -0.010902171954512596, 0.02286243997514248, 0.0016115501057356596, -0.001985505223274231, 0.0024153569247573614, 0.005504620727151632, 0.028568603098392487, 0.0031223290134221315, -0.02448737435042858, 0.0016957884654402733, -0.0008455323986709118, 0.007066572550684214, -0.0025082554202526808, 0.016904350370168686, 0.06116804853081703, 0.003265612991526723, -0.015783270820975304, 0.014939313754439354, -0.015493554063141346, 0.010108599439263344, -0.040434397757053375, -0.018554477021098137, 0.0045504444278776646, -0.014636999927461147, -0.04768991470336914, 0.008256930857896805, -0.01075731310993433, 0.02970227785408497, 0.014901524409651756, -0.004112720023840666, 0.009126081131398678, 0.023479662835597992, -0.044288892298936844, 0.020431337878108025, 0.009031608700752258, -0.009875566698610783, 0.034942373633384705, -0.014233916066586971, 0.00824433472007513, 0.01918429508805275, -0.03413620591163635, -0.023441873490810394, -0.020217198878526688, -0.014611807651817799, -0.014032374136149883, 0.011594973504543304, 0.012363352812826633, -0.014725174754858017, -0.013049855828285217, -0.016803579404950142, 0.007305903825908899, 0.0011565056629478931, -0.015921831130981445, 0.007142150774598122, -0.01952439732849598, 0.018239567056298256, 0.03149096295237541, -0.004600829910486937, -0.001623359159566462, 0.021313084289431572, -0.009088292717933655, 0.0005495173390954733, -0.0018469450296834111, -0.017975041642785072, 0.04587603732943535, -0.005492024123668671, -0.0026783065404742956, 0.0012242111843079329, 0.014233916066586971, 0.017622344195842743, 0.013427747413516045, 0.029576312750577927, 0.026301253587007523, 0.004928336013108492, -0.00899381935596466, 0.018075812608003616, -0.0057596974074840546, -0.02151462621986866, 0.012911295518279076, -0.006405262276530266, -0.030080169439315796, -0.018138796091079712, 0.012779033742845058, 0.0068713282234966755, 0.007847548462450504, 0.0005778591730631888, -0.0031805874314159155, 0.007249219808727503, 0.026074517518281937, -0.015732886269688606, 0.007305903825908899, -0.01242633443325758, -0.010083407163619995, -0.0068461354821920395, 0.009403201751410961, -0.024311024695634842, 0.0216909758746624, 0.0032561656553298235, 0.005110983736813068, -0.011922478675842285, 0.025721820071339607, -0.012501913122832775, 0.019763728603720665, -0.018239567056298256, 0.01718147099018097, 0.00816245749592781, 0.009787391871213913, 0.008905644528567791, -0.004194596316665411, -0.0016910647973418236, 0.00142654066439718, 0.01601000688970089, 0.02565883845090866, -0.009737006388604641, -0.012974277138710022, -0.013805638998746872, 0.002616899088025093, -0.039603035897016525, 0.0004330007650423795, -0.039577845484018326, -0.00791053008288145, -0.011298958212137222, -0.0030640708282589912, -0.01583365723490715, 0.0133269764482975, -0.022799458354711533, 0.0025177025236189365, 0.010001529939472675, -0.007381482049822807, 0.016047796234488487, -0.005073194392025471, -0.009938548319041729, -0.012911295518279076, 0.009894461371004581, -0.006389516871422529, -0.006474542431533337, -0.0137552535161376, 0.011273765005171299, -0.0050196596421301365, -0.014511036686599255, 0.015947023406624794, 0.003413620637729764, 0.016740595921874046, 0.0137552535161376, 0.008238036185503006, -0.027762433513998985, -0.039603035897016525, 0.006928012240678072, -0.024210253730416298, -0.02414727210998535, 0.0018390723271295428, -0.0021287892013788223, 0.017937254160642624, 0.0007565704290755093, -0.03446371108293533, 0.009768497198820114, -0.013654482550919056, -0.014145741239190102, 0.007683795411139727, -0.006392665673047304, 0.001324195065535605, 0.00013039227633271366, -0.0038481957744807005, -0.010706927627325058, 0.019373241811990738, -0.009100888855755329, 0.007847548462450504, 0.003120754612609744, 0.017622344195842743, -0.030231324955821037, 0.009214255958795547, 0.004657513462007046, 0.011147801764309406, -0.006137588992714882, 0.0022138147614896297, -0.001451733405701816, 0.025129789486527443, -0.010140090249478817, 0.017962446436285973, 0.03753722831606865, -0.02432361990213394, -0.0037159337662160397, 0.025079403072595596, -0.0010297545231878757, 0.024915650486946106, -0.03101230226457119, 0.006984695792198181, -0.005233798176050186, 0.016375301405787468, 0.010631349869072437, -0.00876708421856165, -0.011380834504961967, -0.008641120977699757, -0.014322090893983841, 0.0022169637959450483, 0.03451409563422203, -0.007545235101133585, -0.005847872234880924, -0.010795102454721928, 0.011141503229737282, -0.007419271394610405, -0.01786167547106743, 0.010958855971693993, 0.0032813583966344595, 0.02414727210998535, 0.0021035964600741863, 0.0112548703327775, 0.007551533170044422, 0.004956677556037903, -0.009774795733392239, -0.012911295518279076, 0.012451527640223503, 0.009535463526844978, 0.004651215393096209, 0.023227734491229057, 0.02200588583946228, 0.03652951866388321, -0.00712955417111516, 0.024046501144766808, 0.024122077971696854, 0.0037348284386098385, -0.001947716111317277, -0.00043103256030008197, -0.013566307723522186, 0.01669021137058735, 0.008502560667693615, 0.021753957495093346, -0.016891753301024437, -0.004591382574290037, -0.010316439904272556, -0.007759373635053635, -0.007721584290266037, -0.0087418919429183, -0.005416445899754763, -0.022635705769062042, -0.02215704321861267, 0.00974330399185419, 0.027787627652287483, 0.017773499712347984, 0.031717699021101, -0.007633409928530455, 0.02366860955953598, 0.004437076859176159, 0.0013926879037171602, -0.00023165540187619627, 0.01865524798631668, -0.030911531299352646, -0.029047265648841858, -0.019776325672864914, -0.01836553029716015, 0.018378127366304398, -0.01635010913014412, -0.005844722967594862, 0.005731355398893356, 0.013541114516556263, -0.010732120834290981, -0.0011100565316155553, -0.003495496930554509, 0.024134675040841103, 0.003068794496357441, 0.012527105398476124, -0.005504620727151632, 0.031944435089826584, 0.02683030068874359, -0.0019524397794157267, -0.00849626213312149, -0.002605877351015806, 0.020721053704619408, -0.01598481275141239, 0.020544705912470818, 0.010883277282118797, 0.024285832419991493, -0.015581728890538216, -0.010272352956235409, -0.0018138795858249068, -0.011223379522562027, 0.06434233486652374, 0.004761433694511652, 0.023467065766453743, 0.0024011859204620123, 0.013793041929602623, -0.02102336846292019, -0.023870151489973068, -0.019801517948508263, 0.02753569930791855, -0.01267196424305439, 0.009497675113379955, -0.02414727210998535, -0.01417093351483345, -0.014208722859621048, 0.005444787908345461, -0.0074633583426475525, -0.019587378948926926, -0.024235446006059647, -0.024109482765197754, 0.02184213325381279, -0.03101230226457119, -0.014888928271830082, 0.04134133830666542, 0.0023350550327450037, -0.02286243997514248, 0.0007140575908124447, 0.0027712048031389713, 0.002605877351015806, 0.09714332967996597, 0.01986449956893921, 0.006613102275878191, 0.013679674826562405, -0.010429807007312775, 0.012508210726082325, -0.013553710654377937, 0.01034163311123848, -0.011330449022352695, -0.010240861214697361, -0.02082182466983795, 0.00571560999378562, 0.026376832276582718, -0.004522102419286966, 0.014712578617036343, 0.003763170214369893, 0.012061038985848427, -0.015506151132285595, -0.007935723289847374, -0.0014847989659756422, -0.0009407925535924733, 0.026452409103512764, -0.0025759609416127205, 0.004333156626671553, 0.027485312893986702, -0.002527149859815836, 0.00031825556652620435, 0.009088292717933655, -0.0116642527282238, -0.035597387701272964, -0.008168756030499935, 0.0074633583426475525, -0.007022485136985779, 0.004323709290474653, -0.014233916066586971, 0.010700630024075508, 0.008634822443127632, -0.006858732085675001, 0.0020532109774649143, -0.029299193993210793, 0.028417445719242096, 0.016274530440568924, 0.028770145028829575, -0.012451527640223503, 0.007771969772875309, -0.02368120476603508, -0.011506798677146435, 0.047614339739084244, 0.0004770881205331534, -0.005148772615939379, -0.003514391602948308, -0.02937477082014084, -0.02882053144276142, -0.009862969629466534, -0.008949732407927513, 0.02237118035554886, -0.03879686817526817, -0.013515922240912914, -0.007425569463521242, 0.010354229249060154, -0.021741362288594246, -0.013226204551756382, -0.0030451761558651924, -0.00826952699571848, -0.0014084334252402186, -0.04020766168832779, -0.02718299999833107, -0.026276061311364174, -0.014246512204408646, -0.006392665673047304, -0.02215704321861267, -0.03882206231355667, -0.01951180212199688, 0.009982635267078876, 0.015732886269688606, 0.004071781877428293, -0.005048001650720835, -0.005110983736813068, 0.012659368105232716, 0.030558831989765167, -0.012111424468457699, -0.001401347923092544, -0.0014367752010002732, -0.01526681985706091, 0.022081464529037476, 0.004607127979397774, -0.027560891583561897, -0.0029318088199943304, -0.006858732085675001, 0.0003735615755431354, -0.0014068587915971875, -0.009144975803792477, 0.015317205339670181, 0.00392062496393919, 0.002769630402326584, 0.017282241955399513, -0.007066572550684214, 0.016400493681430817, 0.006890222895890474, -0.01326399389654398, 0.011935075744986534, -0.022245217114686966, -0.005060597788542509, -0.001395049737766385, -9.585062070982531e-05, -0.0030262817163020372, 0.01251450926065445, 0.03181847184896469, -0.0039363703690469265, -0.022421566769480705, -0.0012013802770525217, -0.007419271394610405, 0.005847872234880924, 0.00034817197592929006, 0.011494201608002186, 0.019889693707227707, -0.004159956239163876, 0.05915262550115585, 0.007268114481121302, 0.0020784037187695503, -0.03204520419239998, 0.000727834936697036, 0.004119018092751503, -0.0021555565763264894, -0.003482900559902191, -0.010001529939472675, 0.004282771144062281, 0.0002379536017542705, 0.0015674626920372248, 0.0087607866153121, 0.00421349098905921, -0.01117929257452488, -0.01276643667370081, -0.043255988508462906, -0.002646815497428179, 0.00678945193067193, 0.021401260048151016, -0.015480957925319672, -0.015417976304888725, 0.006688680965453386, -0.01360409613698721, 0.016551651060581207, -0.020721053704619408, -0.03355677053332329, -0.02801436185836792, -0.038091469556093216, 0.005772293545305729, 0.007734180893748999, -0.003182161832228303, 0.013780445791780949, 0.004641768056899309, -0.007583023980259895, -0.008956030011177063, 0.00892453920096159, 0.01899535022675991, -0.010549472644925117, 0.015632115304470062, -0.004320560488849878, 0.0073122018948197365, 0.003750573843717575, 0.0024342515971511602, 0.004037141799926758, 0.020544705912470818, -0.0025869826786220074, -0.010234563611447811, -0.002317734993994236, -0.012986873276531696, -0.024588145315647125, -0.030886337161064148, 0.05602872371673584, 0.005514068063348532, 0.003948966972529888, 0.00508264172822237, 0.022585319355130196, 0.0233662948012352, 0.03489198908209801, -0.013793041929602623, -0.03756242245435715, -0.0018217522883787751, -0.016866561025381088, -0.010089704766869545, -0.012949084863066673, -0.013654482550919056, -0.0010966728441417217, 0.004666960798203945, 0.004701600875705481, 0.003942668903619051, -0.017269644886255264, 0.022068867459893227, -0.0018721377709880471, 0.027737241238355637, -0.014221319928765297, -0.022081464529037476, 0.0016863411292433739, 0.0007014612201601267, -0.02786320447921753, -0.0037789156194776297, 0.00044717168202623725, 0.00026255592820234597, 0.0007542085950262845, 0.026276061311364174, 0.012791629880666733, -0.0013108113780617714, -0.001328131416812539, -0.033783506602048874, 0.004981870763003826, -0.04622873663902283, -0.012810524553060532, 0.000993539928458631, -0.036101240664720535, 0.013024662621319294, -0.027611277997493744, -0.006021072156727314, 0.002070531016215682, -0.012571193277835846, 0.013629289343953133, 0.012483018450438976, 0.006446200422942638, -0.009944846853613853, -0.021602801978588104, 0.007658602669835091, 0.0042764730751514435, 0.02470151148736477, 0.01602260209619999, 0.01383083127439022, 0.0029129141476005316, 0.01233815960586071, -0.013226204551756382, 0.02020460180938244, -0.02049431949853897, -0.005110983736813068, 0.029929012060165405, 0.023252928629517555, 0.014044970273971558, -0.03657990321516991, 0.025041615590453148, -0.010694331489503384, -0.02766166254878044, -0.012697156518697739, 0.00026708273799158633, 0.008905644528567791, -0.006187974475324154, -0.018781211227178574, 7.976070628501475e-05, -0.02985343337059021, 0.0062005710788071156, -0.014775560237467289, 0.009201659820973873, -4.7328703658422455e-06, 0.012212196364998817, -0.022610511630773544, 0.05083901435136795, 0.003024707082659006, 0.03413620591163635, -0.007419271394610405, -0.0039332215674221516, -0.0233285054564476, -0.026603566482663155, 0.0010825019562616944, 0.012136617675423622, 0.02700665034353733, 0.024109482765197754, -0.0008872579201124609, 0.015531343407928944, 0.01898275315761566, 0.010927364230155945, -0.00867261178791523, 0.004981870763003826, -0.01750897616147995, 0.019461415708065033, -0.015367590822279453, -0.009988933801651001, -0.025117192417383194, -0.0087418919429183, 0.014574018307030201, 0.001474564429372549, -0.008729294873774052, -0.006159632466733456, -0.0035112425684928894, -0.0050952378660440445, 0.025306139141321182, -0.0033884276635944843, -0.02384495735168457, -0.009503972716629505, -0.010398316197097301, 0.010637647472321987, -0.0003184523666277528, -0.025898169726133347, 0.004597680643200874, -0.0009722835384309292, -0.011897286400198936, -0.027812819927930832, 0.0133269764482975, 0.015770675614476204, 0.015480957925319672, -0.01360409613698721, 0.010562069714069366, 0.028316674754023552, -0.008792277425527573, 0.022887632250785828, -0.015745481476187706, 0.013138030655682087, -0.012823120690882206, 0.0022720731794834137, 0.017975041642785072, -0.01534239761531353, -0.01017158105969429, 0.028064748272299767, 0.007242921739816666, -0.02703184448182583, 0.03715933859348297, -0.002750735729932785, -0.0017965595470741391, -0.022119253873825073, 0.01764753647148609, 0.010442404076457024, 0.011569780297577381, -0.015770675614476204, -0.04116498678922653, 0.01801283098757267, -0.010820295661687851, 0.0037096356973052025, 0.029122844338417053, -0.005372358486056328, -0.015619518235325813, 0.006383218336850405, 0.01317581906914711, 0.005258990917354822, -0.032775796949863434, -0.0015013316879048944, -0.004191447515040636, 0.03552180901169777, -0.023567838594317436, -0.019108716398477554, -0.01883159577846527, -0.014246512204408646, -0.013150626793503761, 0.006065159570425749, 0.0029192124493420124, -0.006329684052616358, 0.03433774784207344, 0.0333804227411747, 0.0036686973180621862, 0.029777856543660164, -0.011141503229737282, -0.00023421405057888478, 0.020544705912470818, -0.020960384979844093, -0.02137606590986252, -0.01632491499185562, -0.017282241955399513, 0.03350638598203659, 0.019373241811990738, -0.0065438225865364075, -0.0014722025953233242, -0.02568403072655201, -0.014825945720076561, -0.027712048962712288, -0.008502560667693615, -0.0037190828006714582, 0.052451349794864655, -0.007570427842438221, -0.027888398617506027, 0.01599740982055664, 0.0011439092922955751, 0.015405380167067051, -0.027737241238355637, -0.007916828617453575, 0.005057448986917734, 0.005529813468456268, 0.02819071151316166, -0.007066572550684214, -0.020796632394194603, -0.004399287514388561, 0.026074517518281937, 0.00579433748498559, -0.0019004796631634235, -0.010247159749269485, -0.020922597497701645, 0.021451644599437714, 0.0002863709523808211, 0.006358025595545769, 0.013591499999165535, 0.007475954946130514, 0.013402554206550121, -0.03491717949509621, -0.003545882645994425, 0.005891959648579359, 0.027283770963549614, -0.012697156518697739, -0.028946494683623314, -0.0036561009474098682, 0.01601000688970089, 0.018768614158034325, 0.004188298247754574, -0.003870239481329918, -0.038595326244831085, -0.015770675614476204, 0.0009738580556586385, 0.0045032077468931675, -0.018957560881972313, 0.002568088239058852, 0.013553710654377937, 0.010637647472321987, 0.03315368667244911, 0.035269878804683685, 0.003646653611212969, 0.017899464815855026, 0.01140602771192789, -0.0016186356078833342, 0.010732120834290981, -0.003382129594683647, 0.015581728890538216, -0.015103066340088844, 0.02301359735429287, -0.018907174468040466, -0.016211548820137978, -0.02967708557844162, -0.004739390220493078, 0.006776855327188969, -0.002788524841889739, 0.01768532581627369, -0.013377361930906773, -0.018113601952791214, -0.01983930729329586, -0.019398434087634087, -0.007085466757416725, -0.020280180498957634, 0.00321365287527442, 0.014800753444433212, -0.0029806196689605713, -0.021124139428138733, -0.0010998218785971403, -0.0011076946975663304, -0.01850409060716629, 0.004644917324185371, 0.22915345430374146, -0.02320254221558571, -0.016047796234488487, 0.020217198878526688, -0.013125433586537838, -0.014775560237467289, 0.024802284315228462, -0.015581728890538216, 0.005350315012037754, -0.00784124992787838, 0.006764259189367294, -0.012319264933466911, -0.014851138927042484, 0.003265612991526723, 0.013389958068728447, -0.015065276995301247, -0.01059356052428484, -0.004695302806794643, -0.0017225557239726186, -0.0275105070322752, 0.019574783742427826, 0.016979927197098732, -0.027913590893149376, -0.007885337807238102, 0.03753722831606865, -0.004827565047889948, -0.013452939689159393, -0.007148448843508959, 0.015216434374451637, 0.0032435692846775055, -0.011607569642364979, -0.00932762399315834, 0.009107186459004879, 0.0061281416565179825, -0.02035575918853283, -0.01836553029716015, -0.008439578115940094, -0.016287127509713173, 0.020632879808545113, 0.037587616592645645, -0.008149861358106136, 0.0024783387780189514, 0.01283571682870388, -0.0074129728600382805, 0.0015013316879048944, 0.027913590893149376, 0.003514391602948308, -0.010883277282118797, 0.017597150057554245, 0.0022437311708927155, -0.0030656454619020224, -0.01284831389784813, 0.039099182933568954, 0.0045000589452683926, 0.007513744290918112, -0.013692270964384079, 0.00824433472007513, -0.0014966081362217665, -0.03612643480300903, 0.02334110252559185, 0.008981223218142986, 0.020758843049407005, -0.017068102955818176, 0.0049692741595208645, -0.016967331990599632, 0.011708340607583523, -0.019801517948508263, 0.0007790077361278236, 0.031213844195008278, -0.01249561458826065, 0.01516604796051979, -0.0045252516865730286, -0.00951027125120163, 0.004704750142991543, -0.020758843049407005, -0.011469009332358837, 0.014989699237048626, 0.019423626363277435, 0.019776325672864914, -0.0003408897027838975, -0.015581728890538216, -0.010026723146438599, -0.008061686530709267, -0.02783801220357418, -0.04700971022248268, -0.05703643336892128, 0.004119018092751503, 0.022383777424693108, 0.011399729177355766, -0.012873506173491478, -0.00136355881113559, -0.0004944081301800907, -0.01681617461144924, -0.007967214100062847, -0.011078521609306335, 0.026653952896595, 0.005328271072357893, 0.0010769909713417292, -0.0100078284740448, 0.018239567056298256, -0.014208722859621048, -0.025646241381764412, -0.01967555470764637, -0.0010029872646555305, -0.005416445899754763, 0.0027932485099881887, -0.00570616265758872, 0.012275177985429764, 0.0011706765508279204, -0.00437094597145915, 0.005378656554967165, 0.004928336013108492, 0.012401142157614231, -0.002259476576000452, -0.00035132106859236956, 0.005258990917354822, 0.00011691020336002111, -0.012974277138710022, -0.004289069212973118, -0.011607569642364979, 0.007935723289847374, -0.018088409677147865, 0.014133145101368427, 0.010297545231878757, 0.01768532581627369, 0.004547295160591602, -0.027384541928768158, 0.010026723146438599, -0.002470466075465083, -0.021577607840299606, -0.0019004796631634235, -0.002598004648461938, -0.008112072013318539, -0.011374535970389843, 0.0018863087752833962, 0.01917169988155365, -0.0016768937930464745, -0.0191591028124094, -0.028593795374035835, 0.01443545799702406, -0.008005003444850445, 0.019549591466784477, 0.006613102275878191, 0.018302548676729202, 0.013515922240912914, -0.007173641584813595, -0.003356936853379011, 0.006074606906622648, -0.03511872515082359, -0.014145741239190102, -0.016589440405368805, 0.004726793617010117, -0.010366825386881828, -0.01881900057196617, 0.037234917283058167, -0.037587616592645645, -0.009768497198820114, -0.022471951320767403, 0.00899381935596466, -0.0019052033312618732, -0.02033056691288948, 0.01885678991675377, 0.016740595921874046, -0.017055505886673927, -0.015380186960101128, 0.001315535046160221, -0.1565982699394226, 0.019411031156778336, 0.004512655083090067, -0.020569898188114166, -0.006776855327188969, 0.007866443134844303, 0.04202154278755188, -0.002672008238732815, -0.01817658543586731, -0.006273000035434961, 0.010455000214278698, -0.0005538473487831652, -0.021250102669000626, 0.019725939258933067, 0.007469656877219677, 0.008785978890955448, -0.031768083572387695, 0.03141538426280022, 0.0017792395083233714, 0.013730060309171677, 0.02569662779569626, -0.02667914517223835, 0.04413773491978645, -0.0015745481941848993, 0.014271705411374569, 0.01217440702021122, 0.003939519636332989, 0.009522867389023304, -0.00038537068758159876, -0.00876708421856165, -0.01849149353802204, -0.010158984921872616, 0.011557184159755707, 0.010952557437121868, -0.0074381656013429165, 0.01016528345644474, -0.002079978119581938, -0.002845208626240492, 0.0034104713704437017, 0.0030089616775512695, 0.02553287334740162, 0.002609026385471225, 0.008036494255065918, 0.013541114516556263, -0.021905114874243736, 0.01226258184760809, 0.002769630402326584, 0.01400718092918396, -0.016299722716212273, -0.024273235350847244, -0.011475306935608387, 0.0050448523834347725, -0.0007668049656786025, -0.005567602347582579, -0.005753399338573217, 0.0035112425684928894, 0.013490729033946991, 0.05051150545477867, -0.021439049392938614, -0.019612573087215424, 0.019448818638920784, -0.03249867632985115, 0.006827241275459528, -0.01783648133277893, -0.0014218169962987304, -0.0019146506674587727, -0.0015800591791048646, 0.003700188361108303, -0.006449349690228701, 0.011821707710623741, -0.02783801220357418, -0.03899841010570526, 0.025079403072595596, -0.003108158241957426, 0.007683795411139727, 0.01652645878493786, -0.01032273843884468, -0.000566837377846241, 0.007797162979841232, -0.014246512204408646, 0.008307316340506077, 0.019965270534157753, 0.0007664113654755056, 0.031768083572387695, -0.028921302407979965, 0.031138265505433083, -0.005173965357244015, 0.003923774231225252, -0.008855259045958519, 0.014523632824420929, 0.03249867632985115, -0.027586083859205246, -0.056784506887197495, 0.006257254630327225, 0.010618752799928188, 0.0241724643856287, 0.013629289343953133, -0.010971452109515667, -0.005488874856382608, -0.013856024481356144, -0.005482576787471771, 0.0028105685487389565, -0.012124021537601948, 0.00951027125120163, 0.02985343337059021, 0.01784907840192318, 0.006499735172837973, -0.023227734491229057, 0.025948554277420044, 0.013692270964384079, -0.043432336300611496, 0.0175215732306242, 0.0063517275266349316, 0.0011746130185201764, -0.004770881030708551, 0.0015257372288033366, -0.0023397787008434534, -0.045296601951122284, 0.007154746912419796, 0.004626022651791573, 0.05597833916544914, -0.004430778790265322, -0.014498439617455006, 0.011720936745405197, 0.0034419624134898186, 0.0073373946361243725, -0.10213149338960648, -0.052300192415714264, 0.02703184448182583, 0.003024707082659006, -0.02152722328901291, 0.016413090750575066, 0.011223379522562027, 0.008313614875078201, -0.026578374207019806, 0.044112544506788254, -0.01936064474284649, -0.011903584934771061, 0.017282241955399513, -0.006833539344370365, 0.0015422699507325888, -0.02432361990213394, -0.004383542109280825, -0.015317205339670181, -0.005214903503656387, 0.01936064474284649, -0.014044970273971558, -0.016425687819719315, 0.0011691020336002111, 0.016602035611867905, 0.007085466757416725, -0.019398434087634087, -0.037461649626493454, 0.023807169869542122, 0.008414385840296745, -0.013906409963965416, 0.0067705572582781315, -0.023252928629517555, 0.024613337591290474, -0.04091306030750275, -0.01703031361103058, 0.000891194271389395, -0.020884808152914047, -0.011544587090611458, 0.007167343515902758, -0.012029548175632954, 0.0013060877099633217, -0.012753840535879135, -0.0037348284386098385, -0.02350485511124134, 0.012407439760863781, -0.0015391209162771702, 0.004796073772013187, 0.01732003130018711, 0.0031302019488066435, -0.0316421203315258, -0.028316674754023552, 0.0028310376219451427, -0.03748684376478195, -0.023794572800397873, 0.02952592819929123, 0.002240582136437297, 0.020418740808963776, -0.004257578402757645, -0.022220024839043617, 0.008502560667693615, -0.0013737933477386832, -0.0001694607490208, -0.021779151633381844, 0.022459356114268303, 0.01966295763850212, 0.009661427699029446, -0.019877096638083458, -0.001219487632624805, 0.008420683443546295, 0.014120548032224178, 0.004137912765145302, -0.005665224511176348, -0.005514068063348532, 0.03703337535262108, -0.019461415708065033, -0.005133027210831642, -0.019070927053689957, -0.03186885640025139, 0.017584554851055145, -0.0033065511379390955, -0.01068803295493126, -0.0008715124567970634, -0.014044970273971558, -0.016098180785775185, 0.008042791858315468, 0.004182000178843737, 0.0015359717654064298, -0.003756872145459056, 0.021136734634637833, -0.00616593100130558, -0.004988168831914663, 0.027963975444436073, 0.023618223145604134, -0.008332509547472, -0.02766166254878044, 0.006109246984124184, 0.0068965209648013115, -0.025255752727389336, 0.039275530725717545, -0.032750602811574936, -0.02067066915333271, -0.006909117568284273, -0.014775560237467289, 0.0026326447259634733, 0.0007420058245770633, 0.001961887115612626, 0.030231324955821037, -0.03068479523062706, -0.0037159337662160397, 0.01800023578107357, -0.0003627365513239056, -0.014284301549196243, 0.0174963790923357, 0.032775796949863434, -0.027812819927930832, -0.009409500285983086, -0.014107951894402504, -0.027913590893149376, 0.0108454879373312, -0.012035846710205078, -0.008023898117244244, 0.0014194551622495055, 0.012023250572383404, -0.02652798779308796, 0.013289187103509903, -0.018630053848028183, 0.008067985065281391, 0.01635010913014412, -0.030105361714959145, 0.002908190479502082, -0.021930307149887085, -0.008168756030499935, -0.007469656877219677, -0.016576843336224556, -0.011267467401921749, 0.029929012060165405, -0.019133910536766052, -0.019763728603720665, -0.009415797889232635, 0.028241096064448357, 0.008899346925318241, -0.00028223777189850807, -0.031138265505433083, -0.027762433513998985, -0.0038104066625237465, -0.006011625286191702, -0.0007971150334924459, -0.018718229606747627, -0.03229713439941406, 0.007457060273736715, 0.004575637169182301, 0.008376596495509148, -0.0012021675938740373, 0.01032273843884468, -0.0014816498151049018, -0.030432868748903275, -0.0175341684371233, -0.0367310605943203, -0.013893813826143742, 0.019058331847190857, 0.0017540467670187354, -0.0350179523229599, 0.05285443365573883, 0.014800753444433212, 0.014334687031805515, -0.02632644586265087, 0.021124139428138733, 0.044465240091085434, -0.02937477082014084, 0.037461649626493454, 0.026653952896595, 0.006575313396751881, -0.020418740808963776, -0.00976219866424799, 0.00985037349164486, 0.03882206231355667, 0.05151921883225441, -0.002169727347791195, 0.010121195577085018, -0.006650891620665789, -0.01224998477846384, -0.006606804206967354, 0.02281205542385578, 0.0051172818057239056, -0.029954204335808754, 0.011846900917589664, -0.0037285301368683577, -0.021766554564237595, -0.0055864970199763775, -0.00013177000801078975, 3.6749709124705987e-06, 0.031289421021938324, -0.0048181177116930485, -0.004931484814733267, -0.012363352812826633, 0.00935281626880169, -0.005249543581157923, -0.0034230677410960197, -0.004613426048308611, -0.009302430786192417, -0.0037064864300191402, 0.029929012060165405, 0.01025975588709116, 0.001521013560704887, -0.002577535342425108, -0.00951027125120163, -0.0010517982300370932, 0.01417093351483345, -0.030987108126282692, -0.032775796949863434, 0.0026893282774835825, -0.0067453645169734955, 0.02587297558784485, -0.006814644671976566, 0.008439578115940094, 0.013062451966106892, -0.02035575918853283, -0.013717464171350002, 0.013805638998746872, -0.0158210601657629, -0.025255752727389336, 0.00818135216832161, -0.0003989511460531503, -0.014233916066586971, 0.03796550631523132, -0.028140325099229813, 0.014523632824420929, 0.01566990464925766, 0.04129095375537872, -0.005721908062696457, 0.0044496734626591206, -0.01970074698328972, -0.0008943433640524745, 0.006358025595545769, -0.012886102311313152, -0.0062509565614163876, -0.013389958068728447, 0.01631231978535652, 0.011487904004752636, 0.029752662405371666, -0.004626022651791573, 0.044918712228536606, 0.022761669009923935, 0.0011557183461263776, 0.03471563756465912, -0.0174963790923357, 0.037915121763944626, 0.022131849080324173, 0.004040290601551533, 0.0005597518756985664, 0.002005974529311061, 0.00013216363731771708, -0.011947671882808208, 0.005022808909416199, -0.016665019094944, -0.01617375947535038, -0.022220024839043617, -0.009207958355545998, -0.010379421524703503, 0.004748837556689978, -9.201266220770776e-05, 0.024285832419991493, -0.0039363703690469265, 0.03285137563943863, 0.0018721377709880471, -0.009573252871632576, -0.004679557401686907, 0.017962446436285973, -0.014737770892679691, -0.011853198520839214, -0.0038607921451330185, -0.0014981826534494758, -0.005784890148788691, -0.03549661487340927, 0.0030325797852128744, 0.017773499712347984, 0.005806933622807264, 0.010486491024494171, 0.0023665460757911205, 0.013805638998746872, -0.005293630994856358, 0.01798763871192932, 0.0036561009474098682, -0.015720289200544357, -0.029651891440153122, 0.03617681935429573, 0.025545470416545868, -0.032120782881975174, -0.02031796984374523, -0.02766166254878044]"
19113,"how to match _id and perticular array element in mongodb without using unwind<p>user data includes :</p>
<pre><code>&quot;_id&quot; : 4
&quot;username&quot; : &quot;smith&quot;
likedVideos :[
           &quot;videoId&quot; : 10
           &quot;title&quot; : &quot;something&quot;
           &quot;speaker&quot; : &quot;something&quot;
           &quot;description&quot; : &quot;something&quot;
         ]
</code></pre>
<p>i have a collection with userId and a array of liked videos lists.liked videos(Array) includes videoId and video details. so i need to check that is the user is already liked this video or not. so how i match userId and videoId from the collection without using unwind ?</p>
<p>i tried :</p>
<ol>
<li><p><code>const data = await userModel.findOne({ _id : userId,likedVideos: { $elemMatch: { videoId : videoId } } })</code>
but it returns all the data of that user.</p>
</li>
<li><p>const alreadyLiked = await userModel.aggregate([
{
$match: {
'_id' : userId,
'likedVideos.videoId' : videoId,
},
},
]);</p>
</li>
</ol>
<p>this also not working as expected.</p>
<p>I need a perfect solution to match a element inside array without using unwind (My boss said that unwind is a costly operation it will effect the app performance). can you please help me to solve this.</p>
",`int rnd = /*random integer*/; foreach(var spawnPoint in spawnPositions.OrderBy(g => rnd).Take(3)) { /*your instantiate code*/ }`,"Embed Field: how to match _id and perticular array element in mongodb without using unwind<p>user data includes :</p>
<pre><code>&quot;_id&quot; : 4
&quot;username&quot; : &quot;smith&quot;
likedVideos :[
           &quot;videoId&quot; : 10
           &quot;title&quot; : &quot;something&quot;
           &quot;speaker&quot; : &quot;something&quot;
           &quot;description&quot; : &quot;something&quot;
         ]
</code></pre>
<p>i have a collection with userId and a array of liked videos lists.liked videos(Array) includes videoId and video details. so i need to check that is the user is already liked this video or not. so how i match userId and videoId from the collection without using unwind ?</p>
<p>i tried :</p>
<ol>
<li><p><code>const data = await userModel.findOne({ _id : userId,likedVideos: { $elemMatch: { videoId : videoId } } })</code>
but it returns all the data of that user.</p>
</li>
<li><p>const alreadyLiked = await userModel.aggregate([
{
$match: {
'_id' : userId,
'likedVideos.videoId' : videoId,
},
},
]);</p>
</li>
</ol>
<p>this also not working as expected.</p>
<p>I need a perfect solution to match a element inside array without using unwind (My boss said that unwind is a costly operation it will effect the app performance). can you please help me to solve this.</p>; Answer: `int rnd = /*random integer*/; foreach(var spawnPoint in spawnPositions.OrderBy(g => rnd).Take(3)) { /*your instantiate code*/ }`","[-0.029492435976862907, 0.021671008318662643, -7.015747542027384e-05, -0.021353738382458687, -0.0242367684841156, 0.007111015263944864, -0.007904193364083767, -0.04805970564484596, -0.024333328008651733, -0.02318839356303215, 0.025685179978609085, -0.004721134901046753, -0.007904193364083767, -0.017298182472586632, -0.0007121360977180302, 0.0173533596098423, 0.007076529320329428, 0.003264100756496191, 0.009821616113185883, -0.007145501207560301, -0.026981854811310768, 0.01998809166252613, 0.00042482453864067793, -0.027243947610259056, -0.039893414825201035, -0.005472929682582617, 0.02608521841466427, -0.023078037425875664, -0.011525224894285202, -0.007200678810477257, 0.02495407685637474, -0.0004530599690042436, -0.009683671407401562, -0.041962578892707825, -0.02142271026968956, -0.020470894873142242, -0.007159295957535505, -0.02013983018696308, 0.037327658385038376, -0.004279714077711105, 0.02139512076973915, -0.005786752328276634, -0.010311316698789597, -0.03567232936620712, -0.0060212574899196625, 0.035561975091695786, -0.007145501207560301, -0.015449732542037964, -0.0005444478592835367, 0.004283162299543619, -0.004645265638828278, 0.02285732701420784, -0.04858389124274254, 0.006317837163805962, -0.02103646658360958, -0.011801112443208694, 0.03227890655398369, 0.03219613805413246, 0.014580684714019299, 0.004448695108294487, 0.00520738773047924, 0.021312354132533073, -0.002098473720252514, 0.012704646214842796, -0.032030604779720306, 0.013008123263716698, -0.009228456765413284, -0.01589115336537361, 0.0012173561844974756, -0.011497635394334793, 0.008621502667665482, 0.018470706418156624, -0.015160050243139267, 0.00962159689515829, 0.029989033937454224, -0.014484124258160591, 0.020981289446353912, -0.0014087535673752427, 0.0013656460214406252, 0.0022640065290033817, -0.0048797703348100185, -0.02713359333574772, -0.018208613619208336, 0.0279750507324934, -0.003464119741693139, 0.019919119775295258, 0.002120889723300934, 0.022360729053616524, 0.023464281111955643, -0.01382199302315712, -0.008842213079333305, 0.01053202711045742, 0.020029474049806595, -0.011256233789026737, -0.0013190899044275284, 0.032030604779720306, -0.020953699946403503, 0.021864131093025208, -0.015008311718702316, -0.004448695108294487, -0.020484689623117447, 0.012332197278738022, -0.028830304741859436, -0.004259022418409586, -0.01819481886923313, -0.00930432602763176, 0.005262565333396196, -0.012201150879263878, 0.012628776952624321, 0.0029054463375359774, -0.011083804070949554, 0.0018622445641085505, -0.007304137106984854, -0.01947769895195961, -0.01473242323845625, -0.016236012801527977, -0.013573694042861462, -0.025974862277507782, -0.036030981689691544, 0.009773335419595242, 0.010387185961008072, 0.02585071325302124, 0.01663605123758316, -0.039865829050540924, 0.036637935787439346, -0.0018984548514708877, -0.0023743617348372936, 0.0009992321720346808, 0.01962943747639656, -0.01687055639922619, 0.05239114537835121, 0.01283569261431694, 0.016580874100327492, 0.010738943703472614, -0.04135562479496002, -0.0008651677635498345, 0.0013854755088686943, -0.013380572199821472, -0.02534032054245472, -0.04072108119726181, 0.018029285594820976, 0.02449886128306389, -0.00036447402089834213, 0.00038301025051623583, -0.026430077850818634, 0.024278150871396065, 0.0031778858974575996, 0.0029554511420428753, 0.0035796479787677526, 0.0026571471244096756, 0.016801584511995316, 0.0013656460214406252, 0.006942033767700195, 0.018650034442543983, -0.008538736030459404, -0.009373297914862633, -0.006973071489483118, -0.003990031313151121, 0.023643609136343002, -0.024940282106399536, 0.02641628310084343, 0.0013440923066809773, -0.011394177563488483, -0.018181024119257927, 0.029547613114118576, 0.03357557952404022, 0.001387199736200273, -0.019036278128623962, 0.0012863281881436706, -0.006052294746041298, 0.011242439039051533, 0.04113491252064705, -0.06323354691267014, 0.01776719279587269, 0.002564034890383482, -0.020801961421966553, 0.00855942815542221, 0.020801961421966553, -0.03078911080956459, -0.020319156348705292, -0.011435560882091522, 0.009731952100992203, 0.007711071986705065, 0.04027966037392616, -0.02979591302573681, -0.006876510567963123, -0.009007745422422886, 0.003976237028837204, -0.004183153156191111, -0.01358059048652649, 0.007255856413394213, 0.0028899277094751596, -0.004103835206478834, -0.01538076065480709, -0.5764957070350647, 0.009159483946859837, 0.030899465084075928, -0.014897956512868404, -0.00616264995187521, -0.0009087063954211771, -0.007200678810477257, -0.008593914099037647, -0.0052763596177101135, 0.043728262186050415, -0.010911373421549797, -0.0007573990151286125, 0.005893659312278032, 0.0027950911317020655, 0.005993668455630541, -8.055716170929372e-05, 0.02585071325302124, -0.035589560866355896, 0.005593630950897932, 0.0048797703348100185, -0.036334458738565445, 0.035617150366306305, 0.0070627350360155106, 0.016801584511995316, -0.000971643312368542, -0.00699376268312335, -0.005403957795351744, -0.006742015015333891, 0.00673856632784009, 0.03283068165183067, -0.02360222488641739, 0.027919873595237732, -0.014346180483698845, 0.010228550992906094, 0.058322738856077194, -0.012001131661236286, -0.0179465189576149, 0.020360540598630905, 0.001617393922060728, 0.04712168499827385, -0.008931877091526985, -0.004662508610635996, 0.007179987151175737, -0.019615642726421356, -0.0003864588506985456, 0.01888453960418701, 0.03192025050520897, -0.016236012801527977, -0.0019984643440693617, -0.022567644715309143, 0.01177352387458086, -0.00047978662769310176, 0.010504438541829586, 0.022429700940847397, 0.0017018845537677407, -0.019077660515904427, 0.019160427153110504, -0.0026536984369158745, 0.021864131093025208, -0.007648997008800507, -0.021160615608096123, 0.0015691134613007307, -0.02180895209312439, -0.011987336911261082, -0.03329969197511673, 0.021533064544200897, -0.001750165014527738, 0.008083520457148552, 0.013249524869024754, -0.015091078355908394, 0.02190551348030567, 0.016318779438734055, 0.0040659005753695965, 0.009228456765413284, -0.0013604731066152453, 0.020512279123067856, 0.01371853519231081, -0.013801300898194313, -0.01863623969256878, 0.01935354806482792, 0.0071179126389324665, 0.004345237277448177, -0.020843343809247017, 0.016801584511995316, 0.0008013686747290194, -0.0018346557626500726, -0.030264923349022865, -0.010442364029586315, 0.014773806557059288, 0.02546446956694126, 0.007890399545431137, 0.026457667350769043, 0.012890870682895184, -0.010911373421549797, -0.0029778669122606516, 0.008897390216588974, -0.023616019636392593, 0.010200961492955685, 0.03476189821958542, -0.018650034442543983, 0.008435278199613094, -0.0056177712976932526, -0.004403863567858934, 0.020098445937037468, 0.03782425448298454, 0.0170498825609684, 0.004083143547177315, 0.0005263427156023681, 0.002532997401431203, -0.023629814386367798, -0.005904004909098148, 0.002308838302269578, -0.007745557930320501, 0.005324639845639467, -0.016801584511995316, -0.03934163972735405, 0.00867667980492115, -0.000600918720010668, 0.008380100131034851, 0.002391604706645012, 0.009490549564361572, 0.009042232297360897, -0.0026571471244096756, -0.01311847846955061, 0.0012837417889386415, 0.018001697957515717, 0.012290813960134983, -8.643056207802147e-05, 0.02354704774916172, 0.005269462242722511, 0.020967494696378708, -0.023947086185216904, 0.031340885907411575, -0.009897485375404358, 0.013008123263716698, -0.0028347501065582037, -0.007255856413394213, 0.003831395646557212, 0.02160203643143177, -0.014304797165095806, 0.0025847265496850014, 0.0008466315339319408, 0.02078816667199135, -0.013470235280692577, 0.0005017714574933052, -0.008049034513533115, -0.05128759518265724, 0.0004909946001134813, -0.025712769478559494, -0.011373486369848251, -0.029492435976862907, -0.0025761050637811422, 0.004465938545763493, 0.02162962593138218, 0.00260369386523962, 0.006348874419927597, -0.0004690097412094474, -0.020001886412501335, -0.009773335419595242, -0.016718817874789238, -0.0034813627135008574, 0.024098824709653854, -0.015118666924536228, -0.003350315848365426, -0.010387185961008072, -0.04701133072376251, -0.002331254305317998, 0.01081481296569109, 0.005366023164242506, -0.01607048138976097, -0.003652068553492427, 0.005745369475334883, -0.017656836658716202, -0.005955733824521303, -0.01618083566427231, 0.015808386728167534, -0.03506537526845932, -0.004976331256330013, -0.007104117888957262, -0.005476378370076418, -0.0020915765780955553, 0.011097597889602184, 0.004252125043421984, -0.0075248475186526775, 0.00761451106518507, 0.01702229492366314, 0.006155753042548895, 0.03625169396400452, -0.00028838927391916513, 0.016746407374739647, 0.018898334354162216, 0.003277895273640752, -0.013690945692360401, 0.006100575439631939, -0.001096655149012804, 0.016939528286457062, 0.029492435976862907, 0.008821521885693073, 0.006486818660050631, 0.012228739447891712, 0.007683482952415943, -0.0027588808443397284, 0.01699470542371273, 0.004848733078688383, 0.01714644394814968, -0.04436280205845833, -0.018167229369282722, -0.019394932314753532, 0.035203319042921066, 0.015132461674511433, 0.00693513685837388, -0.016953323036432266, 0.012711543589830399, -0.005883313249796629, 0.0036072367802262306, 0.029575202614068985, -0.00036598279257304966, 3.0309969588415697e-05, -0.011739037930965424, 0.018539678305387497, -0.03051322139799595, -0.012173561379313469, 0.021381326019763947, 0.011380383744835854, -0.006817884277552366, 0.00022696105588693172, -3.796155215241015e-05, 0.0069006504490971565, 0.015049695037305355, -0.036610350012779236, 0.005121172405779362, 0.02357463724911213, 0.0017268869560211897, 0.019753586500883102, 0.010883784852921963, 0.004962536972016096, 0.030651165172457695, -0.02139512076973915, 0.021822746843099594, -0.041245266795158386, -0.0021588243544101715, 0.04027966037392616, 0.015546292997896671, -0.03048563376069069, 0.04491458088159561, -0.013304702937602997, 0.014608274213969707, 0.027878491207957268, 0.027368098497390747, 0.03390664607286453, -0.010801018215715885, 0.007345519959926605, -0.006924790795892477, -0.007731763646006584, 0.006448884028941393, -0.024609217420220375, 0.01127692498266697, 0.028609594330191612, 0.013070197775959969, 0.026857703924179077, -0.006010911427438259, -0.03674829378724098, 0.012663262896239758, -0.026940470561385155, 0.0028899277094751596, 0.016346368938684464, -0.021077848970890045, -0.015160050243139267, -0.010332008823752403, -0.006238519214093685, 0.00826974492520094, -0.04455592483282089, -0.006938585080206394, -0.01117346715182066, 0.018870744854211807, 0.008242156356573105, 0.026250751689076424, 0.00260369386523962, 0.02114682085812092, 0.009731952100992203, -0.0294648464769125, -0.016677435487508774, -0.0030468390323221684, 0.025836918503046036, -0.0029054463375359774, -0.011635580100119114, -0.018498295918107033, 0.017394743859767914, 0.01842932403087616, 0.005821238737553358, -0.00413487246260047, 0.0007595543866045773, 0.0018898333655670285, -0.014387563802301884, -0.008083520457148552, 0.015063488855957985, 0.03994859382510185, -0.007035146001726389, 0.007945576682686806, -0.01699470542371273, 0.0028468200471252203, 0.024167796596884727, -0.03567232936620712, -0.018112052232027054, 0.024512656033039093, -0.015477321110665798, 0.001650155638344586, -0.04643196240067482, -0.012318402528762817, 0.002184688812121749, -0.01711885631084442, 0.004752172157168388, -0.01783616468310356, 0.005186696071177721, -0.029133781790733337, -0.007711071986705065, -0.019463904201984406, 0.0048625273630023, 0.018981099128723145, 0.015201433561742306, -0.016470517963171005, -0.018870744854211807, -0.02022259682416916, 0.018705211579799652, 0.030292510986328125, 0.03192025050520897, -0.019974296912550926, 0.01242875773459673, -0.007835221476852894, 0.007924885489046574, -0.014111675322055817, -0.020112240687012672, -0.0015811835182830691, -0.005393612198531628, -0.025588620454072952, -0.014897956512868404, 0.011511430144309998, -0.005959182512015104, 0.01096655149012804, -0.014594479463994503, 0.006476472597569227, -0.013456441462039948, -0.007642100099474192, -0.0022157260682433844, -0.006235070526599884, -0.014939339831471443, 0.004545256029814482, 0.044417981058359146, 0.002217450411990285, 0.011994234286248684, 0.01809825748205185, 0.017036089673638344, -0.012104589492082596, -0.02103646658360958, 0.009449167177081108, 0.00015152290870901197, 0.03462395444512367, 0.009449167177081108, -0.002229520585387945, 0.0628473088145256, 0.03045804426074028, 0.01776719279587269, 0.015063488855957985, 0.0017846510745584965, -0.0031968532130122185, 0.04963226616382599, -0.009807821363210678, 0.0037141432985663414, 0.011945953592658043, -0.021615831181406975, -0.015463527292013168, -0.0115183275192976, 0.02076057903468609, 0.01848450116813183, -0.004965985659509897, -0.004707340616732836, -0.012290813960134983, -0.01809825748205185, 0.00300718005746603, -0.002372637391090393, -0.00543844373896718, -0.024664394557476044, -0.019905325025320053, -0.02226416766643524, -0.0021553756669163704, -0.016318779438734055, 0.017849959433078766, 0.017105061560869217, -0.008262848481535912, -0.008097315207123756, -0.025229964405298233, 0.018677623942494392, -0.001357024535536766, 0.01927078329026699, -0.019105250015854836, -0.004997022915631533, -0.02605762891471386, 0.002793366787955165, 0.02196069061756134, 0.022208990529179573, 0.01669122837483883, 0.011835598386824131, 0.0014173750532791018, -0.012801206670701504, -0.02111923322081566, -0.005221182014793158, 0.0047659664414823055, -0.0040555549785494804, -0.005338434595614672, -0.010752738453447819, -0.01036649476736784, -0.009849204681813717, -0.03536885231733322, 0.02938207983970642, 0.028250940144062042, -0.004090040922164917, 0.0008388722199015319, -0.013263319618999958, 0.018650034442543983, 0.019491493701934814, -0.007276548072695732, 0.05277739092707634, 0.011483841575682163, -0.01316675916314125, 0.0053901635110378265, -0.01557388249784708, -0.03856915235519409, 0.0036865544971078634, -0.007435183972120285, -0.014304797165095806, 0.0013949591666460037, 0.028885481879115105, -0.013953039422631264, -0.012408066540956497, -0.015629060566425323, -0.002262282185256481, 0.014346180483698845, 0.008938773535192013, 0.04681820794939995, 0.0023795347660779953, -0.013449544087052345, 0.015629060566425323, 0.00045650856918655336, 0.0009742297697812319, 0.003969339653849602, -0.026623200625181198, 0.03426529839634895, 0.007538641802966595, -0.01337367482483387, -0.016194630414247513, 0.0020088101737201214, -0.03572750836610794, 0.013049506582319736, -0.009000848978757858, 0.0036900031846016645, 0.016939528286457062, 0.0024122963659465313, -0.024071235209703445, -0.03087187558412552, -0.0009561246261000633, 0.001226839842274785, -0.0071730902418494225, -0.003488259855657816, 0.01983635313808918, 0.012532216496765614, -0.020457101985812187, -0.010463055223226547, -0.03581027314066887, -0.004438349511474371, -0.028830304741859436, -0.019615642726421356, 0.008759446442127228, 0.003103740978986025, 0.01881556771695614, 0.0034123908262699842, -0.0013992699095979333, 0.005904004909098148, -0.008290437050163746, -0.011304514482617378, -0.017339566722512245, -0.011656271293759346, 0.014359974302351475, 0.050184041261672974, 0.005945388227701187, 0.04146597906947136, -0.03374111279845238, 0.017808575183153152, -0.025616208091378212, 0.007711071986705065, 0.005076340865343809, 0.02067781239748001, 0.007221370469778776, 0.001387199736200273, 0.009718157351016998, 0.03658276051282883, 0.007269651163369417, 0.02438850700855255, 0.01876038871705532, 0.005255667958408594, 0.035948216915130615, -0.03779666870832443, -0.0033434187062084675, -0.01371853519231081, -0.045190468430519104, -0.01858106255531311, 0.02979591302573681, -0.02106405422091484, -0.04356272891163826, -0.04182463139295578, 0.020443307235836983, 0.0024071235675364733, 0.010952756740152836, 0.0297683235257864, -0.012021822854876518, 0.013663357123732567, -0.019670819863677025, -0.017132649198174477, -0.02231934666633606, 0.0059177991934120655, -0.01753268763422966, -0.01573941484093666, -0.01666364073753357, -0.006545444950461388, 0.017656836658716202, -0.013511618599295616, 0.015132461674511433, 0.03796219825744629, -0.002093300921842456, -0.01564285345375538, 0.023078037425875664, -0.022609028965234756, -0.018360352143645287, 0.0031778858974575996, -0.03931405022740364, -0.0022864225320518017, -0.02306424453854561, -0.005924696568399668, -0.01507728360593319, 0.006779949646443129, 0.028913071379065514, 0.02465059980750084, 0.011180364526808262, -0.017270594835281372, -0.0048142471350729465, 0.01591874286532402, -0.019463904201984406, 0.038044966757297516, 0.011339000426232815, 0.02282973937690258, 0.004665957298129797, 0.022774560377001762, -0.035258498042821884, 0.008911184966564178, 0.007373108994215727, 0.01807066984474659, 0.029630379751324654, 0.03180989623069763, -0.03854156658053398, -0.03906575217843056, -0.004210741724818945, -0.021643420681357384, -0.010890682227909565, -0.02608521841466427, 0.017036089673638344, 0.007993857376277447, -0.023119421675801277, -0.020305363461375237, 0.01858106255531311, -0.04469386860728264, 0.011870084330439568, -0.0034813627135008574, 0.0082283616065979, -0.010214756242930889, -0.0004414209397509694, -0.02626454457640648, 0.020608840510249138, 0.005662602838128805, 0.0314236544072628, 0.01313227228820324, 0.00359344226308167, -0.029961446300148964, 0.009325017221271992, 0.004138321150094271, 0.033051393926143646, 0.022691795602440834, 0.01714644394814968, -0.03164436295628548, 0.005548798944801092, 0.018870744854211807, 0.0022829738445580006, -0.0009621597127988935, -0.005948836915194988, 0.0021467541810125113, 0.03473430871963501, -0.008780138567090034, 0.02070540003478527, 0.010545821860432625, -0.01177352387458086, 0.016042891889810562, 0.011897673830389977, -0.022250372916460037, -0.02142271026968956, 0.00895946566015482, -0.01051823329180479, 0.030016623437404633, -0.00460733100771904, 0.04775622859597206, -0.004890116397291422, -0.011994234286248684, 0.009973353706300259, -0.012966739945113659, -0.010945859365165234, -0.015284200198948383, -0.03484466299414635, -0.004321096930652857, 0.0009104306809604168, 0.0030727034900337458, 0.020801961421966553, -5.0570499297464266e-05, 0.01431859191507101, 0.026995649561285973, 0.009076718240976334, -0.021022671833634377, 0.016773995012044907, 0.002536446088925004, 0.010200961492955685, -0.01989153027534485, -0.000686702667735517, 0.003458946943283081, -0.018001697957515717, 0.017367154359817505, -0.027395686134696007, -0.03936922922730446, -0.010476849973201752, 0.009518139064311981, 0.0034710168838500977, -0.026554228737950325, -0.00599021976813674, -0.004476284142583609, -0.005169453099370003, 0.014939339831471443, -0.027009442448616028, -0.04036242514848709, 0.019436314702033997, -0.015297994017601013, -0.0048625273630023, -0.010063017718493938, -0.007793838158249855, -0.014090984128415585, -0.029161369428038597, 0.010228550992906094, -0.028554417192935944, -0.032720327377319336, -0.02118820510804653, 0.012345992028713226, -0.0009225007961504161, -0.0060591921210289, -0.031009821221232414, -0.02871994860470295, -0.01950528658926487, -0.005190144758671522, 0.02013983018696308, -0.0038831247948110104, -0.0182499960064888, 0.024940282106399536, 0.010849298909306526, 0.0033485915046185255, 0.014125470072031021, -0.038458798080682755, -0.02833370678126812, -0.0053970604203641415, -0.02582312375307083, -0.005535004660487175, -0.005317742936313152, -0.02495407685637474, 0.043755851686000824, 0.01126313116401434, -0.016470517963171005, -0.007311034016311169, 0.007890399545431137, -0.05531556159257889, -0.013332291506230831, 0.0012561528710648417, 0.016167040914297104, 0.009669877588748932, 0.007628305349498987, -0.02249867282807827, 0.03652758151292801, 0.009462960995733738, 0.00045176674029789865, -0.0067213233560323715, 0.006804089993238449, 0.004572845064103603, -0.014925545081496239, 0.023671196773648262, 0.004807349760085344, -0.014291002415120602, -0.008352511562407017, -0.023353926837444305, 0.0023502216208726168, 0.023988468572497368, 0.0010544097749516368, -0.013746123760938644, 0.00215365132316947, 0.016263602301478386, -0.007138604298233986, -0.001969151198863983, -0.0344032421708107, 0.03581027314066887, -0.01311847846955061, -0.029244136065244675, 0.01196664571762085, -0.004148667212575674, 0.007559333462268114, 0.009449167177081108, 0.014842778444290161, 0.00443490082398057, 0.003519297344610095, -0.03329969197511673, 0.010035429149866104, -0.014511712826788425, -0.030209744349122047, 0.0368034690618515, 0.00812490377575159, 0.006093678064644337, 0.0502668097615242, -0.008021445944905281, -0.000736707414034754, -0.007497258484363556, 0.02582312375307083, 0.005466032773256302, -0.002517478773370385, 0.018594857305288315, -0.00693513685837388, 0.023409103974699974, -0.005893659312278032, 0.01740853860974312, -0.0130150206387043, -5.711745416192571e-06, -0.000902671308722347, -0.005486724432557821, -0.01307709515094757, 0.019905325025320053, -0.026526639237999916, 0.0091249980032444, -0.012614982202649117, -0.01507728360593319, 0.012704646214842796, -0.04632160812616348, -0.00895946566015482, 0.008793932385742664, -0.007221370469778776, -0.0010156129719689488, -0.005403957795351744, -0.013021917082369328, -0.038100145757198334, 0.0014932441990822554, 0.02052607387304306, 0.002403674880042672, 0.013070197775959969, 0.22821462154388428, 0.009538830257952213, -0.002622661180794239, 0.01819481886923313, 0.0003709401353262365, 0.0038417414762079716, 0.010345802642405033, -0.0007263615843839943, -0.017849959433078766, -0.004421106539666653, 0.001969151198863983, 0.0075248475186526775, -0.007380006369203329, -0.008497352711856365, -0.01283569261431694, -0.01171144936233759, -0.0427902415394783, -0.03302380442619324, -0.02820955589413643, -6.945698260096833e-05, 0.020815756171941757, 0.007011005654931068, 0.0036762086674571037, -0.020815756171941757, 0.035948216915130615, -0.024222973734140396, 0.015160050243139267, -0.0005603976896964014, -0.013187450356781483, 0.00015432489453814924, -0.023864319548010826, -0.024664394557476044, 0.010600999929010868, 0.0022312449291348457, -0.022609028965234756, -0.004893565084785223, -0.00011779127817135304, -0.0009612975409254432, 0.01660846173763275, 0.034541189670562744, -0.01358059048652649, -0.024098824709653854, 0.018829362466931343, -0.02477475069463253, -0.009628494270145893, -0.006997211370617151, -0.00699376268312335, -0.009869895875453949, 0.0070144543424248695, 0.044114504009485245, -0.02902342565357685, 0.007028249092400074, 0.027575014159083366, 0.010656177066266537, -0.004855630453675985, -0.013725431635975838, 0.02554723620414734, -0.0012113210977986455, -0.00976643804460764, 0.04706650599837303, -0.009152587503194809, 0.026885293424129486, 0.02172618731856346, -0.00614195829257369, -0.01863623969256878, 0.02587830275297165, 0.0030140771996229887, -0.026816321536898613, 0.02618177980184555, -0.007890399545431137, 0.012897768057882786, -0.0062592108733952045, 0.003748629242181778, 0.013766814954578876, -0.015932537615299225, -0.028830304741859436, 0.018774183467030525, 0.009897485375404358, 0.005869518965482712, 0.02193310298025608, -0.01929837092757225, -0.021491682156920433, -0.013966834172606468, -0.009511241689324379, -0.015546292997896671, 0.004886667709797621, -0.016594668850302696, -0.020484689623117447, -0.023271160200238228, -0.010780327022075653, -0.020995082333683968, 0.006455780938267708, -0.005303948186337948, 0.0012639123015105724, -0.008697371929883957, -0.019215604290366173, 0.015670442953705788, 0.006517855916172266, -0.017670631408691406, -0.011987336911261082, -0.03214096277952194, 0.012559805065393448, 0.03368593379855156, -0.0085249412804842, -0.013849581591784954, 0.017960313707590103, 0.0043038539588451385, 0.011787318624556065, 0.0008897390798665583, -0.017298182472586632, 0.013877170160412788, -0.021464092656970024, -0.00034119596239179373, -0.016001509502530098, 0.01201492641121149, 0.01771201565861702, 0.03153400868177414, -0.005479827057570219, 0.0055108643136918545, -0.008883596397936344, 0.016760200262069702, -0.03705177083611488, 0.011904571205377579, 0.02402985282242298, 0.011801112443208694, -0.020305363461375237, -0.03801737725734711, 0.023657403886318207, -0.015284200198948383, -0.009842307306826115, 0.026912882924079895, -0.0014027184806764126, 0.004959088284522295, -0.016911938786506653, -0.007573127746582031, 0.006928239483386278, 0.01228391658514738, -0.03189266100525856, 0.0007267926703207195, -0.0026381798088550568, 0.025395497679710388, -0.02899583801627159, 0.039921004325151443, 0.03553438559174538, 0.003222717670723796, -0.023105626925826073, -0.016567079350352287, 0.02444368414580822, -0.006273005157709122, -0.0350101962685585, 0.0043038539588451385, -0.00041189228068105876, -0.006983417086303234, -0.0139875253662467, 0.0032140961848199368, -0.006831678561866283, 0.011849393136799335, -0.06659938395023346, -0.0023019411601126194, -0.02229175716638565, -0.022609028965234756, 0.014608274213969707, 0.0024209178518503904, 0.012711543589830399, -0.01807066984474659, -0.014925545081496239, -0.1738094985485077, 0.025754151865839958, 0.032003019005060196, -0.03481707721948624, -0.002234693383798003, 0.026885293424129486, 0.02351945824921131, 0.01082860678434372, -0.029520025476813316, -0.0218365415930748, -0.0004483181401155889, -0.009945765137672424, -0.041272856295108795, -0.029657969251275063, -0.01804308034479618, 0.01012509223073721, 0.0400865375995636, 0.008442175574600697, 0.03746560215950012, 0.022002074867486954, 0.03363075852394104, -0.023174598813056946, -0.011842495761811733, -0.0037451807875186205, -0.001378578250296414, 0.008393894881010056, -0.0013363328762352467, 0.006169547326862812, 0.011614887975156307, -0.004196947440505028, 0.004165910184383392, -0.015215227380394936, 0.02567138522863388, -0.01302881445735693, 0.000844476162455976, 0.02196069061756134, 0.015449732542037964, -0.002989937085658312, -0.013518515974283218, 0.009290531277656555, 0.028444061055779457, 0.009228456765413284, -0.01740853860974312, 0.03357557952404022, 0.031230531632900238, 0.039479583501815796, -0.001501003629527986, 0.0035865451209247112, 0.02689908817410469, -0.029520025476813316, 0.01911904476583004, -0.04466627910733223, 0.0014337558532133698, 0.016939528286457062, 0.008780138567090034, 0.005800547078251839, 0.019574260339140892, 0.017656836658716202, -0.019946707412600517, -0.02874753810465336, -0.007035146001726389, -0.02534032054245472, -0.014222030527889729, -0.02536791004240513, -0.027864696457982063, 0.00812490377575159, -0.03283068165183067, 0.017394743859767914, -0.03746560215950012, -0.01071135513484478, -0.02078816667199135, 0.022333139553666115, 0.013780609704554081, 0.006421294994652271, 0.007393800653517246, 0.032803092151880264, -0.014263413846492767, -0.002733016386628151, -0.009594008326530457, 0.025243759155273438, -0.004241779446601868, 0.02106405422091484, -0.018360352143645287, 0.049742620438337326, -0.005476378370076418, -0.006779949646443129, 0.004790106788277626, 0.005052200518548489, 0.0016734336968511343, 0.008924979716539383, 0.027630191296339035, -0.030375277623534203, -0.03754836693406105, 0.007207576185464859, 0.018415529280900955, 0.008207670412957668, 0.0077593522146344185, 0.0005172901437617838, -0.0035727506037801504, -0.0055039674043655396, 0.005179798696190119, -0.033520400524139404, -0.0006310939788818359, 0.040252070873975754, 0.030347688123583794, -0.007607613690197468, 0.03818291053175926, -0.003258927958086133, 0.04599054157733917, 0.019560465589165688, -0.011614887975156307, -0.0016777444398030639, -0.004997022915631533, 0.03219613805413246, 0.018305175006389618, 0.04044519364833832, -0.015629060566425323, -0.002838198561221361, 0.004603882320225239, 0.002658871468156576, 0.05360505357384682, -0.010325111448764801, -0.002686460269615054, 0.006728220731019974, -0.008566324599087238, -0.004162461496889591, -0.09203626215457916, -0.0018122398760169744, 0.03045804426074028, 0.006838575936853886, -0.025229964405298233, -0.002893376164138317, -0.015629060566425323, 0.027575014159083366, -0.0179465189576149, 0.0358930379152298, -0.0415763333439827, -0.031037408858537674, -0.0046418169513344765, 0.029933856800198555, 0.006904099136590958, -0.0062005845829844475, -0.015132461674511433, 0.01612565852701664, -0.01740853860974312, 0.05992289260029793, -0.014828984625637531, -0.02713359333574772, 0.024333328008651733, -0.00015475596592295915, -0.018332762643694878, 0.020457101985812187, -0.019077660515904427, 0.008980156853795052, 0.025602413341403008, -0.020539868623018265, 0.002082955092191696, -0.004803901072591543, 0.026968060061335564, -0.011904571205377579, -0.029657969251275063, -0.035313673317432404, -0.026250751689076424, -0.015394555404782295, 0.013408160768449306, -0.02175377495586872, -0.0059660798870027065, 0.02812678925693035, 0.0073524173349142075, 0.0065488931722939014, 0.021312354132533073, -0.009049128741025925, -0.02940966933965683, 0.032085783779621124, 0.031009821221232414, -0.021491682156920433, -0.004172807093709707, -0.016373958438634872, -0.022126223891973495, -0.01082860678434372, 0.016401546075940132, 0.017298182472586632, 0.03114776499569416, -0.011525224894285202, 0.016856761649250984, 0.01277361810207367, -0.039838239550590515, -0.023202188313007355, 0.0022329692728817463, 0.007828324101865292, 0.028195761144161224, 0.01256670244038105, -0.00526601355522871, -0.012083898298442364, -0.008980156853795052, 0.019767381250858307, -0.041300445795059204, 0.0036451711785048246, -0.027988845482468605, 0.004659059923142195, -0.014008217491209507, 0.00023278057051356882, -0.01046995259821415, 0.00359344226308167, 0.019974296912550926, -0.016139453276991844, -0.0053901635110378265, -0.006214378867298365, 0.0031330541241914034, -0.004500424489378929, 0.03426529839634895, 0.0019484595395624638, 0.014608274213969707, 0.008076624013483524, -0.011690757237374783, -0.046294018626213074, -0.0021277868654578924, 0.009966457262635231, 0.0014492745976895094, -0.02411261759698391, -0.014966928400099277, 0.02723015286028385, -0.029851090162992477, -0.015049695037305355, -0.008828418329358101, -0.0018708660500124097, 0.0055591450072824955, -0.014925545081496239, -0.04703891649842262, 0.040141716599464417, 0.0024916143156588078, -0.0033244513906538486, -0.005000471603125334, 0.005300499964505434, -0.012883973307907581, -0.014125470072031021, 0.03743801265954971, 0.019008688628673553, 0.0024002264253795147, 0.024843722581863403, -0.026968060061335564, -0.00926294270902872, -0.00473492918536067, -0.0068247816525399685, 0.011345897801220417, 0.016718817874789238, 0.0045866393484175205, 0.03252720460295677, -0.00028127653058618307, -0.00733862305060029, -0.005083237774670124, -0.000736707414034754, -0.01311847846955061, -0.0030520118307322264, 0.007345519959926605, 0.01027683075517416, -0.011828701943159103, -0.014428947120904922, 0.02390570193529129, -0.028499238193035126, 0.0019622540567070246, 0.01893971674144268, 0.021326148882508278, -0.019698409363627434, 0.027381891384720802, 0.011656271293759346, 0.03012697771191597, -0.00018450015340931714, -0.007980062626302242, -0.030733931809663773, -0.025602413341403008, -0.01017337292432785, -0.0033313485328108072, 0.013511618599295616, -0.01684296689927578, -0.002229520585387945, 0.0003228752757422626, 0.023478075861930847, 0.027933668345212936, 0.018346557393670082, -0.024898899719119072, -0.03724488988518715, -0.03746560215950012, -0.028223350644111633, 0.0070696319453418255, 0.009090512059628963, -0.006352323107421398, 0.0024209178518503904, 0.04243158549070358, -0.016746407374739647, -0.006052294746041298, -0.020664017647504807, -0.006348874419927597, -0.016029097139835358, -0.006728220731019974, 0.030927054584026337, 0.01983635313808918, -0.01322193630039692, -0.007235164754092693, -0.0048211440443992615, -0.0034037691075354815, 0.02369878627359867, -0.008366306312382221, -0.00855942815542221, 0.0016691229538992047, 0.01758786477148533, -0.007966268807649612, 0.017132649198174477, 0.018567267805337906, -0.018470706418156624, -1.3208411473897286e-05, 0.0011708000674843788, 0.017753398045897484, 0.03156159818172455, -0.004797004163265228, 0.005952285602688789, 0.00526601355522871, -0.004931499250233173, -0.027892285957932472, 0.01126313116401434, -0.02142271026968956, -0.005069443490356207, 0.023712581023573875, -0.019946707412600517, -0.029823502525687218, -0.00806282926350832, 0.007607613690197468, 0.01202872022986412, 0.031064998358488083, -0.006421294994652271, -0.013235731050372124, -0.011463149450719357, -0.007045492064207792, -0.002783020958304405, -0.038762275129556656, -0.019312165677547455, -0.0057384721003472805, 0.01072514895349741, 0.0035796479787677526, -0.010097503662109375, -0.03782425448298454, 0.008462866768240929, 0.014635862782597542, 0.0015889429487287998, 0.02160203643143177, -0.012421861290931702, -0.025574825704097748, 0.03600339591503143, 0.02058125101029873, 0.006097126752138138, 0.015698032453656197, -0.013408160768449306, 0.040169306099414825, 0.02229175716638565, -0.03713453561067581, -0.009345708414912224, 0.03713453561067581, -0.0007254994125105441, 0.009794026613235474, 0.003391699166968465, -0.003541713347658515, -0.01053202711045742, -0.014387563802301884, -0.030320100486278534, 0.0016398098086938262, 0.005545350257307291, -0.0011414869222790003, 0.07796597480773926, 0.02298147790133953, 0.0001174679709947668, 0.004672854207456112, -0.009414681233465672, 0.008131801150739193, 0.020388130098581314, 0.0006470437510870397, -0.02767157554626465, -0.03967270627617836, 0.006107472348958254, 0.0031658157240599394, 0.005000471603125334, -0.0300718005746603, -0.015242816880345345, -0.009697466157376766, -0.002733016386628151, 0.02836129441857338, -0.029271725565195084, -0.034210123121738434, 0.011821804568171501, 0.005348780192434788, 0.02669217251241207, -0.011014831252396107, -0.0045969849452376366, 0.0082283616065979, 0.008249053731560707, -0.0008104212465696037, -0.012352888472378254, -0.028237145394086838, -0.0025312730576843023, 0.0038141526747494936, -0.0115183275192976, -0.014153058640658855, 0.005545350257307291, -0.022512467578053474, -0.0029692454263567924, 0.02659561112523079, 0.013325394131243229, 0.014966928400099277, 0.012277019210159779, 0.0004250400816090405, -0.03478948771953583, -0.020457101985812187, -0.0034572225995361805, 0.012904665432870388, 0.002334702992811799, -0.017780987545847893, -0.033851467072963715]","[-0.022341914474964142, 0.02629409357905388, 0.0030347094871103764, -0.02621343731880188, -0.020459923893213272, 0.015970032662153244, -0.002560851164162159, -0.033929597586393356, -0.009201589040458202, -0.020217953249812126, 0.01937105879187584, -0.0046512046828866005, -0.0038446374237537384, -0.017825137823820114, 0.005074652843177319, 0.008361414074897766, 0.0018097354331985116, 0.009544380009174347, 0.021468132734298706, -0.015432321466505527, -0.03255843371152878, 0.0025306048337370157, -0.002518842462450266, -0.025971466675400734, -0.03669881075620651, -0.0155801922082901, 0.025931138545274734, -0.02672426402568817, -0.009893892332911491, -0.008986503817141056, 0.014760181307792664, -0.007084349635988474, -0.002105476800352335, -0.03850014507770538, -0.019034989178180695, -0.02243601344525814, -0.008731091395020485, -0.021333705633878708, 0.04293626546859741, -0.011520469561219215, 0.006670983973890543, -0.011070135980844498, -0.006741558201611042, -0.031563665717840195, -0.012730320915579796, 0.036456841975450516, -0.003288442036136985, -0.017220212146639824, 0.0007162485853768885, 0.001478706719353795, -0.000649874797090888, 0.012824419885873795, -0.04594745114445686, 0.0007028057589195669, -0.017704151570796967, -0.008354692719876766, 0.04237166792154312, 0.03852703049778938, 0.005659413989633322, 0.0014257756993174553, 0.0063046677969396114, 0.01927695795893669, 0.0006897830753587186, 0.011641454882919788, -0.03425222635269165, 0.01119784265756607, -0.008858797140419483, -0.013846072368323803, 0.01375197246670723, -0.00719189178198576, 0.008226986974477768, 0.02568916790187359, -0.017233654856681824, 0.013254589401185513, 0.03255843371152878, -0.01618511788547039, 0.01189014595001936, -0.011036529205739498, -0.007138120476156473, 0.004486530553549528, -0.008818469010293484, -0.02739640325307846, -0.018443506211042404, 0.02058090828359127, 0.0027624929789453745, 0.017986450344324112, 0.014733295887708664, 0.018900560215115547, 0.022247815504670143, -0.02304093912243843, -0.01305294781923294, 0.011433091945946217, 0.015741504728794098, -0.012091788463294506, -0.0033388526644557714, 0.03325745835900307, -0.017139555886387825, 0.01242113672196865, -0.014733295887708664, 0.004190789069980383, -0.014518211595714092, 0.009604872204363346, -0.03253154829144478, -0.00529645849019289, -0.012219495140016079, -0.014827395789325237, -0.005373754538595676, -0.013449509628117085, 0.00904699694365263, -0.005340147763490677, -0.014921494759619236, 0.011688504368066788, -0.0059854015707969666, -0.013913285918533802, -0.005887941457331181, -0.019639912992715836, -0.014908052049577236, -0.01676315627992153, -0.0373171791434288, 0.002881797729060054, 0.006768444087356329, 0.020123854279518127, 0.011775882914662361, -0.034736163914203644, 0.037128981202840805, -0.010297175496816635, -0.009396509267389774, -0.004268085118383169, 0.018604818731546402, -0.01494838111102581, 0.05662102624773979, 0.012831141240894794, 0.016521187499165535, 0.008126165717840195, -0.03110661171376705, -0.010061927139759064, 0.010391275398433208, -0.009100767783820629, -0.012125395238399506, -0.03602667152881622, 0.008892404846847057, 0.023444222286343575, -0.0023440863005816936, -0.001117431791499257, -0.035972900688648224, 0.02992364764213562, -0.0009309130837209523, 0.012239659205079079, -0.002021459396928549, -0.000986364553682506, 0.005114980973303318, 0.0021273212041705847, -0.00030519330175593495, 0.013577216304838657, -0.00296581513248384, -0.010545867495238781, -0.0044630058109760284, -0.01817465014755726, 0.021387476474046707, -0.02814919874072075, 0.012938683852553368, -0.005135145038366318, -0.004916700068861246, -0.01994909718632698, 0.029170850291848183, 0.03175186738371849, 0.0014652638928964734, -0.01121128536760807, -0.00011678422742988914, 0.0046512046828866005, 0.014168699271976948, 0.04441497474908829, -0.04782944172620773, 0.015230678953230381, -0.00018347306468058378, -0.02798788622021675, 0.018241863697767258, 0.0156742911785841, -0.030084960162639618, -0.01679004356265068, -0.017690708860754967, 0.01929040066897869, 0.005118341650813818, 0.028928881511092186, -0.030165616422891617, 0.0015442402800545096, -0.009483886882662773, 0.0060862223617732525, 0.004775550682097673, -0.02179075963795185, 0.005807284731417894, -0.004022754263132811, -0.008052229881286621, -0.022046172991394997, -0.5957843661308289, 0.007783374283462763, 0.019048431888222694, -0.005787120200693607, -0.005155309569090605, 0.011527190916240215, -0.0035623388830572367, -0.005686299409717321, -0.014101484790444374, 0.046512048691511154, -0.01875269040465355, 0.007568289991468191, 0.004624319262802601, 0.001071222242899239, 0.00966536533087492, -0.007359926588833332, 0.028525596484541893, -0.03169809654355049, 0.012642942368984222, -0.003629552898928523, -0.02927839383482933, 0.027261974290013313, -0.0004013932484667748, 0.016574958339333534, -0.003360697068274021, -0.01808055117726326, 0.01055931020528078, -0.01677660085260868, 0.007279269862920046, 0.045248426496982574, -0.020809436216950417, 0.027853457257151604, -0.012663106434047222, 0.0066104913130402565, 0.05495411902666092, -0.007695996202528477, -0.021669775247573853, 0.01869891956448555, 0.011285221204161644, 0.04438808560371399, -0.0003766081063076854, -0.004012672230601311, 0.007601896766573191, -0.008516006171703339, -0.004573908634483814, 0.014195584692060947, 0.040167052298784256, -0.025393428280949593, -0.0009729217854328454, -0.021602561697363853, 0.009141095913946629, -0.008852075785398483, 0.005494739860296249, 0.014424111694097519, 0.005535067990422249, -0.023336680606007576, 0.02625376544892788, -0.003965622745454311, 0.016359873116016388, -0.007702717557549477, -0.0156877338886261, -0.0030195864383131266, -0.01754283905029297, -0.012905077077448368, -0.03911851346492767, 0.02798788622021675, 0.005457771942019463, 0.0019844917114824057, 0.010451767593622208, -0.017072340473532677, 0.021454690024256706, 0.0025776547845453024, 0.002908683381974697, 0.014222470112144947, -0.0003215766919311136, 0.024586860090494156, 0.016682500019669533, -0.012414415366947651, -0.007527961395680904, 0.015970032662153244, 0.00908060371875763, 0.010048484429717064, -0.023914720863103867, 0.009618314914405346, 0.006990250200033188, -0.005884580779820681, -0.020433038473129272, -0.011486862786114216, 0.01754283905029297, 0.02567572519183159, 0.008805026300251484, 0.017905794084072113, 0.012078345753252506, -0.01494838111102581, 0.003369098762050271, 0.022919954732060432, -0.032719746232032776, 0.004523498471826315, 0.025299327448010445, -0.01248162891715765, 0.009557822719216347, -0.006452538538724184, -0.00785730965435505, 0.021521903574466705, 0.03425222635269165, 0.012864748947322369, -0.007931245490908623, -0.008213543333113194, 0.008542891591787338, -0.015741504728794098, 0.0011107104364782572, -0.0093292947858572, -0.0032497940119355917, 0.004079886246472597, -0.015109694562852383, -0.03309614583849907, 0.01315376814454794, 0.0053670331835746765, -0.0033859023824334145, 0.007037299685180187, 0.008529448881745338, -0.004637761972844601, -0.003985786810517311, -0.009537658654153347, 0.0009233515593223274, 0.012226216495037079, 0.008368135429918766, 0.001611454295925796, 0.025097686797380447, 0.012992454692721367, 0.016749713569879532, -0.0314023531973362, 0.016978241503238678, -0.005830809473991394, 0.009174702689051628, -0.01242785807698965, -0.017623495310544968, 0.0037471773102879524, 0.012985733337700367, -0.015297893434762955, 0.0034816821571439505, -0.008126165717840195, 0.013456230983138084, -0.009900613687932491, -0.0009720816160552204, -0.002912044059485197, -0.0437428317964077, 0.003266597632318735, -0.03250466287136078, -0.00547121511772275, -0.03688701242208481, -0.007050742395222187, 0.0035085678100585938, 0.01693791337311268, 0.008576499298214912, 0.013456230983138084, 0.0025843761395663023, -0.008926011621952057, -0.005635889247059822, -0.012333758175373077, -0.012051459401845932, 0.019760899245738983, -0.009806513786315918, -0.003548896173015237, -0.01312016136944294, -0.045813024044036865, 0.008206821978092194, 0.010868494398891926, -0.0005057849339209497, -0.017798252403736115, -0.013570494949817657, 0.008576499298214912, -0.013456230983138084, 0.0015938106225803494, -0.0031220875680446625, 0.01930384337902069, -0.02941282093524933, -0.002599499188363552, -0.007709439378231764, -0.009228474460542202, 0.008213543333113194, 0.010545867495238781, 0.0056762173771858215, -0.009772907011210918, 0.012649663724005222, 0.02235535718500614, -0.00654999865218997, 0.02677803486585617, -0.011634733527898788, 0.022126829251646996, 0.02005664072930813, 0.0031691372860223055, -0.011023086495697498, -0.00844207126647234, -9.331185719929636e-05, 0.016494302079081535, 0.028955766931176186, 0.011359156109392643, 0.018914002925157547, -0.0016853895504027605, 0.007312877103686333, -0.006170239765197039, 0.015741504728794098, 0.009154538623988628, 0.011480141431093216, -0.03868834674358368, -0.014504768885672092, -0.018833346664905548, 0.03048824332654476, 0.011439813300967216, 0.0034682394471019506, -0.026441965252161026, 0.016655614599585533, -0.013456230983138084, 0.01368475891649723, 0.031563665717840195, -0.0031556945759803057, 0.007454026024788618, -0.026052124798297882, 0.005575396586209536, -0.02117239125072956, -0.015459206886589527, 0.01738152466714382, 0.003317008027806878, -0.011419649235904217, 0.002255027648061514, 0.01031061913818121, 0.012091788463294506, 0.01997598446905613, -0.02863314002752304, 0.003995868843048811, 0.026522621512413025, -0.011755718849599361, 0.016440529376268387, 0.003501846455037594, 0.014666082337498665, 0.03167121112346649, -0.02693934738636017, 0.011023086495697498, -0.047184187918901443, -0.009154538623988628, 0.045248426496982574, 0.01938450150191784, -0.02693934738636017, 0.035381417721509933, -0.014101484790444374, 0.02184453047811985, 0.027087219059467316, 0.026455407962203026, 0.02997741848230362, -0.007695996202528477, 0.004993996117264032, -0.0066138519905507565, -0.011459977366030216, 0.014276240952312946, -0.027772800996899605, 0.018860232084989548, 0.03911851346492767, 0.022718312218785286, 0.02239568531513214, -0.0069163148291409016, -0.03368762880563736, 0.01881990395486355, -0.031563665717840195, 0.00178957125172019, 0.016064131632447243, -0.01621200330555439, -0.027140989899635315, -0.010821444913744926, -0.004631040617823601, 0.010082091204822063, -0.05135145038366318, -0.003901769407093525, -0.020312054082751274, 0.02755771577358246, 0.009826678782701492, 0.03169809654355049, 0.007312877103686333, 0.02613278105854988, 0.010626524686813354, -0.03449419513344765, -0.006996971555054188, -0.006163518410176039, 0.026536064222455025, 0.005437607876956463, -0.015526420436799526, -0.016655614599585533, 0.01752939634025097, 0.018201535567641258, 0.008126165717840195, -0.004920060746371746, -0.0020836321637034416, 0.0033506150357425213, -0.018483834341168404, -0.008260593749582767, 0.012595892883837223, 0.045194655656814575, -0.008280757814645767, 0.017610052600502968, -0.010639967396855354, 0.005726628005504608, 0.011964081786572933, -0.03933360055088997, -0.018416620790958405, 0.032182034105062485, -0.013214261271059513, 0.006465981248766184, -0.032101377844810486, 0.0021256408654153347, -0.010088812559843063, -0.015055922791361809, 0.007279269862920046, -0.014074599370360374, -0.00018987938528880477, -0.031025955453515053, -0.0018719083163887262, -0.021884860470891, 0.007400255184620619, 0.028525596484541893, 0.02309470996260643, -0.011049971915781498, -0.029735447838902473, -0.016091017052531242, 0.013496560044586658, 0.022651098668575287, 0.023941606283187866, -0.017005126923322678, 0.014101484790444374, -0.010189633816480637, 0.006264339201152325, -0.02441210299730301, -0.016749713569879532, 0.006348357070237398, -0.003229629946872592, -0.021468132734298706, -0.007091070991009474, 0.005609003361314535, -0.00121405185200274, 0.020150739699602127, -0.01989532634615898, 0.01307983323931694, -0.011964081786572933, -0.018940888345241547, 0.00034405136830173433, -0.0023608896881341934, -0.0186317041516304, 0.02066156640648842, 0.043796606361866, -0.0008653795230202377, 0.014652639627456665, 0.023511437699198723, 0.024479318410158157, -0.016749713569879532, -0.01933073066174984, 0.010445046238601208, -0.002500358736142516, 0.02548752725124359, 0.010290454141795635, 0.0016374996630474925, 0.057104963809251785, 0.03481682389974594, 0.029789218679070473, 0.014733295887708664, 0.006718033459037542, -0.0033069259952753782, 0.05102882534265518, -0.00785730965435505, -0.009436837397515774, 0.007756488863378763, -0.01747562550008297, -0.008233708329498768, -0.006855822168290615, 0.02306782454252243, 0.022194042801856995, -0.000156902548042126, -0.008126165717840195, -0.014840838499367237, -0.018994659185409546, 0.008684040978550911, -0.009577986784279346, -0.004254642408341169, -0.02749050222337246, -0.01615823246538639, -0.02866002544760704, 0.006429013796150684, -0.006499588023871183, 0.00593835161998868, 0.014450997114181519, 0.002191174542531371, -0.014800510369241238, -0.031563665717840195, 0.016117902472615242, -0.005000717472285032, 0.017757924273610115, -0.014477883465588093, 0.0013636028161272407, -0.02860625460743904, -0.0004982233513146639, 0.01501559466123581, 0.031079726293683052, 0.014061156660318375, 0.009147817268967628, 0.005034324247390032, -0.0033741400111466646, -0.030837757512927055, -0.003362377407029271, 0.005027602892369032, -0.0017089145258069038, -0.0010241724085062742, -0.02052713744342327, -0.015875933691859245, -0.010424882173538208, -0.0375860370695591, 0.03441353887319565, 0.03360697254538536, -0.0036127492785453796, 0.008677319623529911, -0.015190350823104382, 0.020392710343003273, 0.02122616209089756, -0.011285221204161644, 0.049657661467790604, -0.000536871375516057, -0.015875933691859245, 0.009927499108016491, -0.0023524879943579435, -0.026562949642539024, 0.01371164433658123, -0.014222470112144947, -0.01680348627269268, -0.0012686632107943296, 0.030273159965872765, -0.017018569633364677, -0.009127653203904629, -0.01061980240046978, -0.006311389151960611, 0.015271008014678955, 0.0009166301460936666, 0.03250466287136078, 0.008589942008256912, -0.014598867855966091, 0.02860625460743904, 0.00994094181805849, -0.0022583885584026575, 0.0032094656489789486, -0.03366074338555336, 0.029762333258986473, 0.006963364314287901, -0.01189686730504036, -0.021374033764004707, 0.002928847447037697, -0.038285061717033386, 0.02692590467631817, -0.010162748396396637, 0.010841608978807926, 0.015996918082237244, -0.0011123907752335072, -0.02235535718500614, -0.02567572519183159, 0.014733295887708664, 0.003264917293563485, -0.005689660087227821, -0.0016492621507495642, 0.015862490981817245, 0.0156742911785841, -0.02058090828359127, -0.005313262343406677, -0.03919916972517967, -0.004886453505605459, -0.02935905009508133, -0.02379373461008072, 0.006744918879121542, 0.0020399431232362986, 0.011990967206656933, 0.004580629989504814, 0.0016383398324251175, -0.003283401019871235, -0.016507744789123535, -0.016695942729711533, -0.01868547685444355, -0.008791583590209484, 0.017327753826975822, 0.054631493985652924, 0.009013389237225056, 0.03546207770705223, -0.039602454751729965, 0.009510773234069347, -0.025783268734812737, 0.0044630058109760284, 0.00359594589099288, 0.01247490756213665, 0.014222470112144947, 0.0026616721879690886, 0.014114927500486374, 0.045167770236730576, -0.00783714558929205, 0.019034989178180695, 0.022745197638869286, 0.003545535495504737, 0.03320368751883507, -0.026643605902791023, -0.009376345202326775, -0.020070083439350128, -0.038365717977285385, -0.017663823440670967, 0.026468850672245026, -0.008220264688134193, -0.038446374237537384, -0.04059722274541855, 0.019142530858516693, 0.008805026300251484, 0.01125833485275507, 0.03237023577094078, -0.0065163918770849705, 0.013832629658281803, -0.024667516350746155, -0.013194097205996513, -0.015983475372195244, 0.01494838111102581, -0.024438990280032158, -0.02618655189871788, -0.02243601344525814, -0.00047427837853319943, 0.005017520859837532, -0.01631954498589039, 0.018483834341168404, 0.040220823138952255, -0.010021599009633064, -0.022933397442102432, 0.023175368085503578, -0.02369963563978672, -0.026616720482707024, -0.0018231781432405114, -0.029143964871764183, -0.004042918793857098, -0.026549506932497025, -0.008872240781784058, -0.00015753267507534474, 0.01246146485209465, 0.023807179182767868, 0.022073058411478996, 0.011594405397772789, -0.015768390148878098, -0.011439813300967216, 0.012111952528357506, -0.01626577414572239, 0.038419488817453384, 0.006486145313829184, 0.04003262519836426, -0.002105476800352335, 0.01818809285759926, -0.03484370931982994, 0.005662774667143822, 0.005699742119759321, 0.019142530858516693, 0.02173698879778385, 0.020338939502835274, -0.03871523216366768, -0.03882277384400368, -0.00902683287858963, -0.022772083058953285, -0.014276240952312946, -0.022556999698281288, 0.012091788463294506, 0.007716160733252764, -0.015929704532027245, -0.009725857526063919, 0.022677984088659286, -0.04554416611790657, 0.01812087930738926, -0.0009830038761720061, 0.010814723558723927, -0.00908060371875763, -0.0029422903899103403, -0.020473366603255272, 0.015970032662153244, -0.0043420204892754555, 0.028256740421056747, 0.017973007634282112, -0.0002069979382213205, -0.022812411189079285, 0.014262798242270947, -0.0025776547845453024, 0.028982652351260185, 0.018430063501000404, 0.009564544074237347, -0.04237166792154312, 0.0027221646159887314, 0.01740841194987297, -0.0009460362489335239, -0.006150075700134039, -0.004614237230271101, 0.004331938456743956, 0.032800402492284775, -0.0037942270282655954, 0.013617544434964657, 0.015741504728794098, -0.018577933311462402, 0.015875933691859245, 0.019639912992715836, -0.018470391631126404, -0.03301548957824707, 0.004977192264050245, -0.003145612543448806, 0.0312141552567482, -0.00719189178198576, 0.04487202689051628, -0.0011485182913020253, -0.010102255269885063, 0.01182293239980936, -0.0156877338886261, -0.0007864031358622015, -0.016695942729711533, -0.023390451446175575, -0.011271778494119644, 0.0038244733586907387, 0.0015753267798572779, 0.022637655958533287, 0.00042932905489578843, 0.018362848088145256, 0.015418878756463528, 0.015217236243188381, -0.013543609529733658, 0.03306926041841507, 0.002570933196693659, 0.00995438452810049, -0.028471825644373894, -0.007763210218399763, 0.003952179569751024, -0.029735447838902473, 0.024129806086421013, -0.03261220455169678, -0.042828723788261414, -0.012884913012385368, 0.02111862041056156, 0.002105476800352335, -0.0249498151242733, -0.0030347094871103764, 0.0037774236407130957, -0.0064895059913396835, 0.017152998596429825, -0.030219389125704765, -0.032827287912368774, 0.015297893434762955, -0.02113206312060356, -0.006412209942936897, -0.010740787722170353, -0.012656385079026222, -0.011123907752335072, -0.0249094869941473, 0.007044021040201187, -0.028579367324709892, -0.034709278494119644, -0.03497813642024994, 0.0013543609529733658, 0.006818854250013828, 0.005232605617493391, -0.03696766868233681, -0.020204510539770126, -0.018403178080916405, -0.005047766957432032, 0.021011078730225563, -0.0013762054732069373, -0.01626577414572239, 0.020701894536614418, 0.007218777202069759, 0.008307643234729767, 0.018604818731546402, -0.042748067528009415, -0.0312141552567482, -0.0038849657867103815, -0.022019287571310997, -0.011990967206656933, -0.014733295887708664, -0.025796711444854736, 0.03484370931982994, 0.01305294781923294, -0.012831141240894794, -0.00779681745916605, 0.010350947268307209, -0.05527674779295921, -0.006818854250013828, -0.0004860408080276102, 0.019155973568558693, 0.003895048052072525, 0.0077296034432947636, -0.025393428280949593, 0.029143964871764183, 0.007890916429460049, -0.000896465964615345, -0.007097792346030474, 0.00241802167147398, 0.0016669058240950108, -0.021468132734298706, 0.029735447838902473, 0.008858797140419483, -0.016574958339333534, -0.008818469010293484, -0.02125304937362671, -0.00783714558929205, 0.02796100080013275, 0.012327036820352077, -0.018591376021504402, 0.007541404105722904, 0.007917802780866623, -0.0069163148291409016, -0.0020096967928111553, -0.02301405370235443, 0.02734263241291046, -0.01307311188429594, -0.02736951783299446, 0.0071112350560724735, 0.008200100623071194, 0.0012779050739482045, 0.018887117505073547, 0.007010414265096188, 0.006308028474450111, -0.0035220105201005936, -0.021454690024256706, 0.009167981334030628, -0.012582450173795223, -0.03301548957824707, 0.028848223388195038, -0.0006204686942510307, 0.012629499658942223, 0.038285061717033386, -0.011056693270802498, -0.0023087989538908005, -0.00421095360070467, 0.03823129087686539, 0.0043420204892754555, 0.004415955860167742, 0.020298611372709274, -0.004278167616575956, 0.014249355532228947, -0.0014207346830517054, 0.01750251092016697, -0.012905077077448368, 0.006650819443166256, -0.006506309378892183, -0.0007271708454936743, -0.018470391631126404, 0.019465157762169838, -0.02253011427819729, 0.003895048052072525, -0.022207487374544144, -0.005783759523183107, 0.006654180120676756, -0.04382349178195, -0.009490608237683773, 0.00784386694431305, -0.01438378356397152, -0.0027305663097649813, -0.008630270138382912, -0.009880449622869492, -0.0436352901160717, -0.00966536533087492, 0.015190350823104382, 0.006294585764408112, 0.00838830042630434, 0.2188486009836197, 0.01743529736995697, 0.006637376733124256, 0.017179884016513824, -0.00011867461580550298, 0.0034329521004110575, -0.0006360119441524148, -0.0017677267314866185, -0.01941138692200184, -0.0020466644782572985, 0.0008855437044985592, 0.006728115491569042, -0.002286954317241907, -0.008939454331994057, -0.014088042080402374, -0.010855051688849926, -0.04866289347410202, -0.037075210362672806, -0.02688557654619217, 0.001655143336392939, 0.015405435115098953, 0.005387197248637676, 0.009383066557347775, -0.020110411569476128, 0.03858080133795738, -0.022556999698281288, 0.023928163573145866, -0.0031640962697565556, -0.012676549144089222, -0.0014921495458111167, -0.02809542790055275, -0.020984193310141563, 0.004725140053778887, 0.009887170977890491, -0.022610770538449287, -0.011668340303003788, 0.008737812750041485, -0.003140571527183056, 0.018443506211042404, 0.022597327828407288, -0.02629409357905388, -0.019613027572631836, 0.013288196176290512, -0.022691426798701286, -0.007541404105722904, -0.00038816052256152034, -0.01119784265756607, -0.0017727677477523685, 0.018241863697767258, 0.044065460562705994, -0.03180563822388649, 0.019639912992715836, 0.024559974670410156, 0.006005565635859966, -0.003217867575585842, -0.010169469751417637, 0.025151457637548447, 0.005091456230729818, -0.013859515078365803, 0.040785420686006546, -0.0156474057585001, 0.01752939634025097, 0.0313754677772522, -0.006482784636318684, -0.015862490981817245, 0.017905794084072113, -0.0017341197235509753, -0.03253154829144478, 0.03314991667866707, -0.005824088118970394, 0.022785525768995285, -0.007581732701510191, 0.009826678782701492, 0.020473366603255272, -0.007393533829599619, -0.02058090828359127, 0.020191067829728127, 0.011009643785655499, 0.005340147763490677, 0.01685725711286068, -0.009860285557806492, -0.01814776472747326, -0.017784809693694115, -0.009457001462578773, -0.012582450173795223, 0.014881166629493237, -0.008583220653235912, -0.023928163573145866, -0.019034989178180695, -0.008878962136805058, -0.02426423318684101, 0.008744534105062485, -0.0057770381681621075, -0.006455899216234684, -0.0060862223617732525, -0.009604872204363346, 0.004583990667015314, 0.007978294976055622, -0.003982426133006811, -0.01058619562536478, -0.03000430390238762, 0.003673241939395666, 0.027665259316563606, -0.011110465042293072, -0.013570494949817657, 0.0033489346969872713, 0.008099280297756195, 0.0065869661048054695, -0.0008599183638580143, -0.007783374283462763, 0.01688414253294468, -0.014114927500486374, -0.007030578330159187, -0.01869891956448555, 0.004873010795563459, 0.03245089203119278, 0.02429111860692501, -0.013859515078365803, 0.00027284660609439015, -0.013651151210069656, 0.032235804945230484, -0.032854173332452774, 0.005088095553219318, 0.01986844092607498, 0.011486862786114216, -0.017704151570796967, -0.027665259316563606, 0.02185797318816185, -0.014235912822186947, -0.018873674795031548, 0.03301548957824707, -0.008038787171244621, 0.008005180396139622, -0.01633298769593239, -0.015943147242069244, 0.0016349791549146175, 0.012804255820810795, -0.030461357906460762, 0.0009325934224762022, -0.0034716001246124506, 0.02547408454120159, -0.02615966647863388, 0.03298860415816307, 0.03172498196363449, 0.006983528379350901, -0.02378029190003872, -0.014813953079283237, 0.01880646124482155, -0.0010880257468670607, -0.028391169384121895, 0.010290454141795635, -0.0009468764183111489, -0.00037198717473074794, -0.015445764176547527, 0.0030397505033761263, 0.007595175411552191, 0.01873924769461155, -0.06683754175901413, 0.0011594404932111502, -0.01746218279004097, -0.01496182382106781, 0.014800510369241238, 0.015781832858920097, 0.018940888345241547, -0.014612311497330666, -0.012824419885873795, -0.1683037132024765, 0.021360591053962708, 0.031025955453515053, -0.028444940224289894, -0.011695225723087788, 0.024170134216547012, 0.030084960162639618, 0.005703102797269821, -0.02378029190003872, -0.019532371312379837, -0.0012779050739482045, -0.018470391631126404, -0.03815063461661339, -0.023229138925671577, -0.03003118932247162, 0.004499973263591528, 0.0375860370695591, -0.005820727441459894, 0.029036423191428185, 0.016440529376268387, 0.03419845551252365, -0.02004319801926613, -0.012770649045705795, -0.01684381440281868, 0.008858797140419483, 0.0033775006886571646, -0.007501075975596905, 0.00358586385846138, 0.011695225723087788, -0.003184260567650199, -0.0011493584606796503, -0.009853564202785492, 0.025890810415148735, -0.003310286672785878, -0.001209851005114615, 0.025756383314728737, 0.0026683935429900885, 6.0860125813633204e-05, -0.009490608237683773, 0.01997598446905613, 0.015539863146841526, 0.00840846449136734, -0.014531654305756092, 0.03669881075620651, 0.03312303125858307, 0.04180707037448883, 0.006166879087686539, 0.017663823440670967, 0.026643605902791023, -0.02316192537546158, 0.020916977897286415, -0.04495268315076828, 0.005360311828553677, 0.015956589952111244, 0.0065163918770849705, -0.0027288859710097313, 0.024116363376379013, 0.01679004356265068, -0.01756972447037697, -0.03425222635269165, 0.0027591323014348745, -0.01684381440281868, -0.008663876913487911, -0.01314032543450594, -0.02251666970551014, 0.008778140880167484, -0.0313216969370842, 0.015271008014678955, -0.04129624739289284, -0.010297175496816635, -0.019707128405570984, 0.02755771577358246, 0.013294917531311512, 0.0017593249212950468, 0.0042445603758096695, 0.032155148684978485, -0.021011078730225563, -0.0007914441521279514, -0.013657873496413231, 0.02062123827636242, 0.004184067714959383, 0.00844879262149334, -0.016346430405974388, 0.05371738225221634, 0.0015324779087677598, -0.0033506150357425213, 0.008038787171244621, -0.0008821829687803984, -0.006126550957560539, 0.0007364127668552101, 0.029439706355333328, -0.024801945313811302, -0.0435546338558197, 0.0005746792303398252, 0.014908052049577236, 0.0011838055215775967, 0.004940224811434746, 0.0019928934052586555, -0.0035589782055467367, -0.009215031750500202, 0.005803924053907394, -0.02625376544892788, -0.00528973713517189, 0.039629340171813965, 0.027611486613750458, 0.008724370039999485, 0.037102095782756805, -0.00590474484488368, 0.037693578749895096, 0.01805366575717926, -0.0014190543442964554, 0.0029406100511550903, 0.00148290756624192, 0.028955766931176186, 0.021078292280435562, 0.03602667152881622, -0.013899843208491802, -0.0027070415671914816, 0.003545535495504737, 0.005266212392598391, 0.04108116030693054, -0.0012871469371020794, -0.007595175411552191, 0.012286708690226078, -0.005168752279132605, -0.0027725750114768744, -0.08866862952709198, -0.005854334216564894, 0.04304380714893341, 0.008643712848424911, -0.029547249898314476, -0.009739300236105919, -0.004923421423882246, 0.0313754677772522, -0.014276240952312946, 0.03427911177277565, -0.032101377844810486, -0.0312948115170002, -0.0026263848412781954, 0.01933073066174984, -0.0035320925526320934, -0.007581732701510191, -0.018994659185409546, 0.006650819443166256, -0.018241863697767258, 0.0497920885682106, -0.01627921685576439, -0.0312948115170002, 0.024129806086421013, 0.011164235882461071, -0.02441210299730301, 0.006220650393515825, -0.016615286469459534, 0.018255306407809258, 0.025863924995064735, -0.011728832498192787, -0.006193764973431826, 0.003004463156685233, 0.022933397442102432, -0.010485375300049782, -0.026025237515568733, -0.035892244428396225, -0.02115894854068756, -0.01746218279004097, 0.027692144736647606, -0.01748906821012497, -0.0032061049714684486, 0.02176387421786785, 0.003545535495504737, -0.0019189580343663692, 0.021481575444340706, -0.017166441306471825, -0.016480859369039536, 0.030461357906460762, 0.017636938020586967, -0.01430312730371952, 0.007870752364397049, -0.005598921328783035, -0.015055922791361809, -0.015150022692978382, 0.027261974290013313, 0.011587684042751789, 0.022651098668575287, -0.00046881724847480655, 0.016561515629291534, 0.022570442408323288, -0.031617436558008194, -0.02804165706038475, -0.0017710874089971185, 0.015889376401901245, 0.03481682389974594, 0.01633298769593239, 0.0006574363796971738, -0.006408849265426397, -0.011164235882461071, 0.012629499658942223, -0.020863207057118416, 0.00148458790499717, -0.034682393074035645, 0.004449563100934029, -0.016037246212363243, 0.008966339752078056, -0.013792300596833229, 0.004019393585622311, 0.016642171889543533, -0.012279987335205078, -0.006728115491569042, -0.0026163028087466955, -0.005138505715876818, 0.0009678807691670954, 0.02868691086769104, -0.010774394497275352, 0.011762440204620361, 0.0109625943005085, -0.006623934023082256, -0.042075928300619125, 0.009544380009174347, 0.012548843398690224, 0.0026381472125649452, -0.019720571115612984, -0.009114210493862629, 0.019707128405570984, -0.02306782454252243, -0.021400919184088707, -0.012622778303921223, -0.012770649045705795, -0.0007872433052398264, -0.012979011982679367, -0.04411923140287399, 0.03390271216630936, 0.012817698530852795, 0.012676549144089222, -0.0010871854610741138, 0.01305294781923294, -0.0057770381681621075, -0.02376684918999672, 0.03543518856167793, 0.012965569272637367, -0.0036161101888865232, 0.024600302800536156, -0.02933216467499733, -0.013429345563054085, -0.004187428392469883, -0.004802436102181673, 0.02246289886534214, 0.012232937850058079, 0.0013476395979523659, 0.02122616209089756, 0.009188146330416203, -0.01252195704728365, -0.0065096705220639706, -0.00012991194671485573, -0.011406205594539642, -0.0034447144716978073, 0.006308028474450111, 0.02248978428542614, -0.011009643785655499, -0.01808055117726326, 0.026697378605604172, -0.024680959060788155, 0.007527961395680904, 0.013543609529733658, 0.022261258214712143, -0.023928163573145866, 0.02672426402568817, 0.014101484790444374, 0.027584601193666458, -0.006217289716005325, -0.005666135344654322, -0.0376129224896431, -0.027692144736647606, -0.002517162123695016, -0.007769931573420763, 0.013368853367865086, -0.025796711444854736, 0.0037034882698208094, 0.003221228253096342, 0.01871236227452755, 0.030434472486376762, 0.02117239125072956, -0.014276240952312946, -0.04661959037184715, -0.02866002544760704, -0.03247777745127678, 0.009860285557806492, -0.0005116661195643246, -0.004694893956184387, -0.007447304669767618, 0.04299003630876541, -0.02736951783299446, 8.102430729195476e-05, -0.01747562550008297, 0.004083246923983097, -0.017932679504156113, -0.014477883465588093, 0.020204510539770126, 0.015365106984972954, -0.011970803141593933, 0.006079501006752253, -0.01061308104544878, -0.0022617492359131575, 0.021992402151226997, -0.0001573226327309385, -0.012125395238399506, 0.003311967011541128, 0.025272442027926445, -0.013429345563054085, 0.015983475372195244, 0.02122616209089756, -0.023269467055797577, 8.963609434431419e-05, 0.008495842106640339, 0.010108976624906063, 0.02933216467499733, -0.005235966295003891, 0.014652639627456665, 0.014598867855966091, 3.4919743484351784e-05, -0.02679147757589817, 0.002520522801205516, -0.017314311116933823, -0.015996918082237244, 0.02672426402568817, -0.01498870924115181, -0.025151457637548447, -0.0060862223617732525, 0.0023659307043999434, 0.019734013825654984, 0.030999070033431053, -0.009463722817599773, -0.00904699694365263, -0.0038916871417313814, -0.00839502178132534, 0.0010241724085062742, -0.04497956857085228, -0.023887835443019867, -0.021427804604172707, 0.015835605561733246, 0.0002669653622433543, -0.012548843398690224, -0.032155148684978485, 0.008778140880167484, 0.018860232084989548, 0.0040563615038990974, 0.021400919184088707, -0.002883478067815304, -0.0249229297041893, 0.03815063461661339, 0.01988188363611698, 0.006956642959266901, 0.021481575444340706, -0.009517494589090347, 0.037128981202840805, 0.025433756411075592, -0.03062267228960991, -0.008522727526724339, 0.026697378605604172, -0.006126550957560539, 0.018456948921084404, -0.0009275524062104523, 0.0023911360185593367, -0.017099227756261826, -0.01371836569160223, -0.031509894877672195, -0.002880117390304804, 0.00528637645766139, -0.006264339201152325, 0.06597720831632614, 0.01693791337311268, -0.005686299409717321, -0.0046612867154181, 0.010478653945028782, 0.008139608427882195, 0.01617167517542839, -0.0007763210451230407, -0.0312679260969162, -0.02243601344525814, 0.0059887622483074665, -0.002930527785792947, -0.0004009731637779623, -0.032182034105062485, -0.0156877338886261, 0.00781698152422905, -0.011164235882461071, 0.027907228097319603, -0.013247868046164513, -0.036456841975450516, -0.002379373647272587, 0.017973007634282112, 0.010855051688849926, -0.012132116593420506, 0.002465071389451623, -0.001619015820324421, 0.010028320364654064, 0.005548510700464249, -0.019801227375864983, -0.02804165706038475, 0.0009191506542265415, 0.004926782101392746, -0.010263568721711636, -0.020352382212877274, 0.0023978573735803366, -0.02750394493341446, -0.00029553129570558667, 0.026562949642539024, 0.01248835027217865, 0.018456948921084404, 0.013657873496413231, 0.010404718108475208, -0.039548683911561966, -0.021911745890975, -0.014101484790444374, 0.0014198945136740804, -0.00089394545648247, -0.015297893434762955, -0.031025955453515053]","[-0.013517056591808796, 0.00549341831356287, -0.023475568741559982, -0.0025674288626760244, -0.0039001915138214827, 0.021987203508615494, -0.03942812979221344, -0.04153890162706375, -0.032825201749801636, -0.030876798555254936, 0.027264133095741272, 0.000781391398049891, -0.01454538106918335, -0.008043933659791946, 0.014978359453380108, 0.012874353677034378, 0.0102967768907547, 0.005419000051915646, 0.018158046528697014, -0.009769083932042122, -0.00010718761768657714, 0.0050604394637048244, 0.019078128039836884, -0.025789298117160797, -0.0035923707764595747, 0.01043208222836256, 0.007949220016598701, -0.006281574722379446, 0.022569019347429276, -0.009356400929391384, 0.046599339693784714, -0.023367322981357574, -0.010959775187075138, -0.033285241574048996, -0.030957981944084167, 0.012711985968053341, 0.0022274728398770094, -0.004042262677103281, -0.02385442517697811, -0.0013750458601862192, 0.025545747950673103, 0.014640094712376595, -0.00195686100050807, -0.02097241021692753, 0.016602030023932457, -0.0036329624708741903, -0.02446330152451992, -0.005026612896472216, -0.0061902436427772045, 0.0005957686225883663, -0.0023695440031588078, 0.03287932649254799, -0.033014632761478424, -0.00391372200101614, 0.00024947020574472845, -0.003666789038106799, -0.005202510394155979, 0.0044109714217484, 0.009234625846147537, 0.011054489761590958, 0.001946713193319738, -0.012644333764910698, -0.027697110548615456, -0.0012930167140439153, -0.008470146916806698, 0.007685373071581125, -0.008483678102493286, -0.01297583244740963, -0.005818152334541082, -0.0030815911013633013, 0.026777030900120735, 0.010858295485377312, 0.0036228145472705364, 0.00916697271168232, 0.019876431673765182, 0.0030951218213886023, 0.03507127985358238, 0.012732282280921936, -0.007117088418453932, -0.011744549497961998, 0.025329258292913437, -0.01990349218249321, -0.0072862207889556885, 0.028035376220941544, -0.0027162653859704733, -0.01309084240347147, 0.004072706680744886, 0.030037902295589447, -0.0023086564615368843, -0.020945347845554352, 0.011798671446740627, 0.02071532793343067, 0.023110242560505867, 0.006308636162430048, -0.01376060675829649, -0.013618535362184048, -0.025829890742897987, 0.044732119888067245, -0.013922973535954952, -0.04359554871916771, -0.026316991075873375, 0.03214867413043976, -0.01925402507185936, 0.00048202715697698295, -0.040754128247499466, -0.0225419569760561, 0.007773322053253651, 0.005073970183730125, 0.018252762034535408, 0.01940286159515381, 0.0007543301908299327, 0.019281085580587387, 0.009572889655828476, -0.03674907237291336, -0.011061254888772964, 0.013442638330161572, 0.0056253415532410145, -0.03515246510505676, -0.008869299665093422, -0.001750519615598023, 0.022596079856157303, 0.046112239360809326, 0.016169050708413124, -0.017210906371474266, 0.030335575342178345, 0.008010107092559338, 0.012921710498631, 0.0007171211182139814, -0.005476505029946566, -0.009863797575235367, 0.04221542924642563, 0.025207482278347015, 0.010716225020587444, 0.007069731596857309, -0.05006317049264908, 0.015303093940019608, -0.009978807531297207, -0.015154257416725159, -0.030525004491209984, -0.013584708794951439, 0.01295553706586361, 0.022366059944033623, 0.009505237452685833, 0.008740759454667568, 0.05214688181877136, 0.01546546071767807, 0.0044312672689557076, -0.015627827495336533, -0.026019318029284477, -0.017319150269031525, 0.007908628322184086, -0.010154705494642258, 0.03212161362171173, 0.011548356153070927, -0.01514072623103857, -0.00029217611881904304, -0.009349635802209377, 0.01454538106918335, 0.020011737942695618, -0.035693686455488205, 0.015722541138529778, 0.029496679082512856, -0.013625300489366055, 0.0030798998195677996, 0.020011737942695618, 0.026195215061306953, 0.011473937891423702, 0.003917105030268431, 0.006379671860486269, 0.0006118362070992589, -0.019010474905371666, 0.020701797679066658, -0.055258914828300476, 0.006169947329908609, 0.0011780067579820752, 0.01883457601070404, -0.017007946968078613, 0.01826629228889942, 0.007502710446715355, 0.004918368067592382, 0.0043027265928685665, -0.010262950323522091, 0.031715694814920425, 0.037642091512680054, -0.023475568741559982, -0.012732282280921936, 0.003548396285623312, 0.012353425845503807, 0.0061327386647462845, 0.007583893835544586, 0.00481350626796484, 0.01041178684681654, 0.007854505442082882, -0.01860455609858036, -0.6018404960632324, -0.014301829971373081, -0.0026350817643105984, -0.0529857762157917, 0.04099767655134201, 0.03187806159257889, 0.001194074284285307, -0.004745853133499622, 0.0014731426490470767, 0.05060439556837082, 0.0111221419647336, 0.02610050141811371, -0.002555589657276869, -0.01868573948740959, -0.010357663966715336, -0.02097241021692753, 0.015681950375437737, -0.027954192832112312, 0.008321310393512249, -0.0009640543139539659, -0.02928018942475319, 0.0033961771987378597, -0.003076517255976796, -0.013807963579893112, 0.001802950631827116, 0.03112034872174263, -0.01910518854856491, 0.013652361929416656, -0.003585605416446924, -0.016169050708413124, -0.018482781946659088, -0.000621138489805162, -0.004096385091543198, 0.013178791850805283, 0.053770553320646286, -0.03980698436498642, -0.025748707354068756, 0.015330154448747635, -0.018239231780171394, 0.029983779415488243, -0.04497567191720009, -0.01783331297338009, 0.014274769462645054, -0.008449851535260677, 0.009396992623806, 0.010418551973998547, 0.0023915311321616173, -0.021838366985321045, -0.026235807687044144, 0.0003938669105991721, 0.015073074027895927, -0.0012253638124093413, 0.019646411761641502, 0.0028448058292269707, -0.004732322879135609, 0.0032659454736858606, 0.0027703875675797462, 0.01043208222836256, 0.01757623255252838, -0.00893695279955864, -0.026249337941408157, 0.008544565178453922, -0.04329787939786911, -0.026425234973430634, -0.013699718751013279, 0.018401598557829857, 0.0003498925070744008, 0.004684965591877699, 0.0028701757546514273, -0.016859110444784164, 0.006565717048943043, 0.04337906092405319, -0.015276032499969006, -0.01787390559911728, -0.0021987203508615494, 0.0005708216340281069, 0.013199087232351303, -0.02427387237548828, -0.00794245395809412, 0.019849371165037155, -0.0114468764513731, -0.03607254475355148, -0.040943555533885956, -0.01020206231623888, 0.013882381841540337, 0.004461710806936026, -0.014504789374768734, -0.010574153624475002, -0.005716673098504543, -0.005111179314553738, 0.01190691627562046, 0.008794881403446198, 0.01917284168303013, -0.007225333247333765, 0.005297224503010511, -0.021107714623212814, 0.010885356925427914, -0.0020346620585769415, 0.005114561878144741, -0.03815625607967377, -0.01741386577486992, -0.0011027428554371, -0.029848475009202957, -0.007800383027642965, 0.016642620787024498, 0.00594331044703722, 0.006640135310590267, 0.030768554657697678, 0.018902229145169258, -0.021608347073197365, -0.010675633326172829, -0.00042769339052028954, -0.013469698838889599, 0.013564413413405418, -0.002733178436756134, -0.03055206499993801, 0.00543591333553195, -0.01326674036681652, -0.00037103405338712037, -0.014491258189082146, 0.016277296468615532, 0.0213918574154377, 0.03474654629826546, -0.011548356153070927, 0.008145413361489773, 0.02526160515844822, 0.038183316588401794, 0.00257926806807518, -0.010560623370110989, 0.0010486204409971833, 0.009024901315569878, 0.0009547520312480628, 0.005073970183730125, -0.023177895694971085, 0.03187806159257889, -0.0042891958728432655, 0.016561437398195267, 4.7039931814651936e-05, 0.035504259169101715, -0.02737237699329853, -0.024909811094403267, 0.013584708794951439, 0.0036464931908994913, -0.012739047408103943, 0.0023120390251278877, -0.0014731426490470767, -0.03637021780014038, -0.002560663502663374, -0.008524269796907902, -0.0070629664696753025, 0.007468883879482746, -0.014355952851474285, 0.008429555222392082, 0.005875657312572002, -0.023069649934768677, -0.017467986792325974, 0.0035213353112339973, -0.022041326388716698, -0.007374169770628214, -0.029875535517930984, 0.02155422419309616, 0.02771064080297947, 0.003599136136472225, -0.01580372452735901, -0.0022511514835059643, -0.031093288213014603, -0.018536902964115143, 0.004586868919432163, -0.007847740314900875, -0.0018722949316725135, 0.0016744100721552968, -0.007604189682751894, -0.00583844818174839, -0.0008038014057092369, -0.029117822647094727, 0.02327260933816433, -0.027155887335538864, -0.0015018951380625367, 0.02427387237548828, 0.003211823059245944, -0.00594331044703722, 0.01179190631955862, -0.018144516274333, -0.004251986742019653, 0.03055206499993801, 0.016372010111808777, 0.01711619272828102, 0.032094553112983704, 0.005635489244014025, 0.0064270286820828915, 0.001371663180179894, 0.013023189269006252, 0.005868892185389996, 0.018117455765604973, 0.01806333288550377, 0.009769083932042122, -0.0046680523082613945, 0.006264661438763142, -0.02833304926753044, 0.02067473717033863, 0.04949488490819931, 0.007590658962726593, 0.010865061543881893, -0.04386616125702858, 0.012759343720972538, -0.03750678524374962, -0.005006317049264908, -0.01634494960308075, 0.01852337270975113, -0.004329787567257881, 0.0020228226203471422, 0.002335717435926199, -0.01272551715373993, 0.006339079700410366, 0.00583844818174839, 0.027237070724368095, -0.016128459945321083, 0.0021293761674314737, 0.05312108248472214, 0.029983779415488243, 0.008781351149082184, -0.0015847699251025915, 0.05144328996539116, 0.012569915503263474, -0.01240078266710043, -0.015993153676390648, 0.00962701253592968, 0.0169944167137146, 0.003308228449895978, -0.016683213412761688, -0.027426499873399734, -0.005926397163420916, 0.01902400515973568, 0.012624037452042103, 0.022609610110521317, 0.002695969305932522, -0.020850634202361107, -0.0010435464791953564, 0.010675633326172829, -0.023259079083800316, 0.0287930890917778, 0.0006820261478424072, -0.004299344029277563, -0.02587048150599003, 0.0143965445458889, -0.016696743667125702, 0.01240078266710043, 0.0070359050296247005, 0.012312834151089191, 0.03672201186418533, -0.021716590970754623, 0.01003293041139841, -0.02281256951391697, 0.015763133764266968, -0.013489995151758194, -0.011988099664449692, 0.015303093940019608, 0.0046951137483119965, 0.020607084035873413, 0.03444887325167656, -0.004438032396137714, -0.02074239030480385, 0.020268818363547325, 0.0053750257939100266, 0.007698903791606426, -0.015587235800921917, -0.011034193448722363, 0.015857847407460213, 0.015303093940019608, -0.025884011760354042, -0.010330602526664734, 0.0003723025438375771, 0.0026536863297224045, 0.007949220016598701, 0.004475241526961327, -0.006667196750640869, 0.0004909065901301801, 0.00504352618008852, -0.0026097118388861418, -0.004038880113512278, -0.0029564332216978073, -0.026939397677779198, -0.0037615031469613314, 0.03447593376040459, -0.014572441577911377, -0.01757623255252838, 0.0015788503224030137, 0.0037479724269360304, 0.009410522878170013, 0.012935240752995014, 0.014558911323547363, 0.005736968945711851, 0.003365733427926898, 0.024747442454099655, -0.014694217592477798, 0.0016744100721552968, 0.01791449636220932, -0.020458247512578964, -0.014748339541256428, -0.019687004387378693, 0.008409259840846062, 0.018212169408798218, 0.0021598199382424355, 0.004573338199406862, -0.004556424915790558, 0.00549341831356287, -0.031066227704286575, -0.016290826722979546, -0.012042222544550896, 0.008077760227024555, -0.027007050812244415, -0.021946610882878304, -0.025978727266192436, 0.014193585142493248, 0.015127195976674557, -0.023746179416775703, -0.011013898067176342, -0.017440926283597946, 0.01110184658318758, 0.02201426401734352, -0.020187634974718094, -0.002190263709053397, -0.00826718844473362, 0.00476614898070693, 0.015221909619867802, 0.01546546071767807, -0.002824509982019663, 0.0008634205441921949, -0.008808411657810211, -0.01121685653924942, 0.012008395977318287, 0.005314137786626816, -0.0015923809260129929, -0.017670946195721626, -0.01718384586274624, -0.011379223316907883, 0.028035376220941544, -0.0269935205578804, -0.02231193706393242, 0.0077800871804356575, -0.004522598814219236, -0.017752129584550858, 0.014328891411423683, -0.016087867319583893, 0.0019720830023288727, 0.025545747950673103, -0.00537840835750103, 0.0035754574928432703, 0.011379223316907883, 0.008057464845478535, 0.008537800051271915, 0.010445613414049149, 0.01546546071767807, -0.002095549600198865, -0.012718751095235348, 0.014491258189082146, 0.010452378541231155, 0.02955080196261406, 0.006616456899791956, 0.03174275532364845, -0.0006985165528021753, 0.010689163580536842, -0.0013784285401925445, -0.004965725354850292, 0.007901862263679504, 0.011839263141155243, 0.01286082249134779, -0.004444797523319721, 0.00980291049927473, -0.008828707970678806, -0.03442181274294853, 0.003490891307592392, -0.0069479565136134624, -0.017102662473917007, 0.011643069796264172, -0.007150914985686541, -0.006088763941079378, -0.006447324529290199, -0.009139911271631718, 0.027128826826810837, -0.010574153624475002, -0.010114113800227642, -0.00953229796141386, -0.04143065586686134, -0.022650202736258507, -0.029388435184955597, 0.003260871395468712, 0.03672201186418533, -0.029036639258265495, -0.00974202249199152, -0.0280894972383976, 0.010114113800227642, -0.024409178644418716, 0.0176438856869936, -0.03028145246207714, -0.0009141602786257863, -0.022460773587226868, -0.006744997575879097, 0.03710087016224861, 0.026357583701610565, -0.005527244880795479, 0.008273953571915627, -0.007421527057886124, 0.017062069848179817, 0.006988548208028078, -0.04692407324910164, 0.009430819191038609, -0.01634494960308075, 0.022190162912011147, 0.014613033272325993, 0.03304169327020645, 0.012590210884809494, 0.00803716853260994, 0.009728492237627506, 0.0020414271857589483, 0.011521294713020325, 0.012684925459325314, -0.029388435184955597, 0.005297224503010511, 0.00928198266774416, -0.0013209235621616244, 0.009085789322853088, 0.00815217848867178, -0.0055543058551847935, 0.010736520402133465, -0.01986290141940117, -0.033555854111909866, -0.02798125334084034, -0.007881566882133484, -0.007387700490653515, 0.024679789319634438, 0.012826995924115181, -0.027467090636491776, -0.0056253415532410145, 0.014247708022594452, 0.0005205047782510519, 0.015451930463314056, 0.010614745318889618, 0.027399437502026558, 0.0026333904825150967, -0.009674369357526302, -0.02603284828364849, -0.02205485664308071, 0.010560623370110989, -0.003957696724683046, -0.03187806159257889, 0.023719118908047676, 0.01393650472164154, -0.01069592870771885, 0.002425357699394226, -0.006396584678441286, -0.011487468145787716, -0.025735175237059593, 0.0074282921850681305, -0.014653625898063183, 0.011758079752326012, -0.009457879699766636, -0.018252762034535408, -0.028468353673815727, -0.02779182605445385, 0.010574153624475002, -0.0022646819707006216, 0.009119615890085697, -0.004786444827914238, -0.015939030796289444, 0.024558015167713165, -0.017197376117110252, -0.008233361877501011, -0.011920446529984474, -0.02484215795993805, -0.009545829147100449, -0.011149203404784203, 0.012407547794282436, 0.03415120020508766, -0.00010692334763007239, -0.0070629664696753025, -0.028657782822847366, -0.01228577271103859, 2.8656700123974588e-06, -0.04616636037826538, 0.014031218364834785, 0.00034207015414722264, 0.017062069848179817, 0.003595753340050578, 0.03401589393615723, 0.017062069848179817, 0.028495416045188904, 0.0005547540495172143, -0.006897216662764549, -0.00413359422236681, 0.01917284168303013, 0.00962701253592968, -0.029388435184955597, 0.005591514986008406, 0.009965277276933193, 0.03028145246207714, 0.023827362805604935, -0.027927130460739136, 0.023056119680404663, 0.03626197203993797, -0.03802094981074333, -0.0006443941965699196, 0.0030274686869233847, -0.05436589568853378, -0.0020211313385516405, -0.004475241526961327, -0.006765293423086405, -0.0055407751351594925, -0.010127644054591656, -0.015668420121073723, 0.009897624142467976, 0.0018756776116788387, 0.017941558733582497, 0.007523006293922663, 0.03028145246207714, -0.022596079856157303, 0.011967804282903671, -0.020850634202361107, 0.009038431569933891, -0.006328932009637356, 0.014342421665787697, -0.005138240288943052, -0.000978430500254035, 0.01393650472164154, 0.010729755274951458, 0.02722354047000408, 0.01309084240347147, 0.02526160515844822, -0.009038431569933891, 0.006477768532931805, -0.018158046528697014, 0.014721278101205826, -0.004979256074875593, -0.017616823315620422, -0.0011526368325576186, 0.0013319171266630292, 0.007658312097191811, -0.00930227804929018, 0.012468435801565647, 0.021797774359583855, -0.003920487593859434, 0.0007703977753408253, -0.03382646664977074, -0.019132249057292938, 0.01514072623103857, 0.007218568120151758, 0.03231104090809822, 0.018902229145169258, -0.010492970235645771, -0.004069324117153883, 0.0014613033272325993, -0.016128459945321083, -0.009572889655828476, -0.04405559226870537, 0.007374169770628214, 0.02695292793214321, 0.031986307352781296, -0.005036761052906513, 0.005084117874503136, 0.007624485529959202, -0.007719199638813734, -0.005686229094862938, -0.048791296780109406, 0.017481518909335136, 0.006826180964708328, -0.011453641578555107, -0.04822301119565964, -0.013686188496649265, -0.0199440848082304, 0.002104006242007017, 0.0027737703640013933, 0.010499735362827778, -0.006995313335210085, 0.002597872633486986, -0.024828625842928886, 0.0030223948415368795, 0.009058727882802486, 0.04394734650850296, 0.022406650707125664, 0.02890133298933506, -0.015424869023263454, 0.0056557850912213326, -0.01069592870771885, -0.011832498013973236, 0.024097975343465805, 0.021405387669801712, 0.015668420121073723, -0.026749970391392708, 0.008043933659791946, 0.009234625846147537, 0.0006329777534119785, -0.011609243229031563, -0.007935688830912113, 0.03306875377893448, -0.037587970495224, -0.00317292264662683, -0.005591514986008406, 0.01952463574707508, 0.002545441733673215, -0.008571626618504524, -0.0313909612596035, -0.0067923543974757195, -0.0021750417072325945, 0.012908179312944412, 0.021811306476593018, -0.002364469924941659, 0.022420182824134827, -0.010587683878839016, -0.007252394687384367, -0.011967804282903671, -0.0210941843688488, -0.006900599226355553, -0.00928198266774416, -0.05241749435663223, -0.010932713747024536, -0.009620247408747673, -0.012799935415387154, 0.017292089760303497, 0.026898806914687157, -0.0015619371552020311, 0.027210010215640068, 0.0164937861263752, -0.034584179520606995, 0.011068020015954971, -0.012854057364165783, 0.0021936462726444006, -0.018861638382077217, 0.0236920565366745, -0.006707788445055485, 0.0009699739166535437, -0.006545421201735735, 0.005923014134168625, -0.010059990920126438, -0.007976280525326729, -0.0007205037400126457, 0.003920487593859434, 0.0020617232657969, 0.0037513552233576775, 0.00104523787740618, 0.0034401516895741224, 0.014301829971373081, -0.025978727266192436, -0.012224884703755379, 0.007245629094541073, 0.0005314983427524567, 0.0019027387024834752, 0.006474385969340801, 0.010405020788311958, 0.00669087516143918, -0.036965563893318176, 0.018509842455387115, 0.03526071086525917, -0.008172474801540375, 0.007577128708362579, 0.007435057312250137, -0.001236357376910746, -0.04134947434067726, -0.01228577271103859, 0.012820230796933174, -0.01454538106918335, -0.007306516636162996, 0.015451930463314056, 0.005050291307270527, -0.04524628072977066, 0.017670946195721626, 0.03379940614104271, -0.022190162912011147, 0.0030596039723604918, 0.027007050812244415, 0.0007120470982044935, -0.00017251497774850577, -0.030146148055791855, -0.009498472325503826, 0.009092554450035095, 0.01753563992679119, 0.028684843331575394, 0.015871377661824226, -0.008646044880151749, -0.008849003352224827, -0.002009292133152485, -0.018712801858782768, -0.004749236162751913, 0.01921343244612217, -0.014328891411423683, 0.025789298117160797, 0.011426580138504505, 2.1379384634201415e-05, 0.03526071086525917, 0.007374169770628214, -0.022406650707125664, -0.014815992675721645, 0.017156783491373062, 0.003639727830886841, -0.004268900025635958, -0.004228308331221342, 0.004143742378801107, -0.013178791850805283, 0.00027293729363009334, 0.0038663651794195175, 0.03323112055659294, -0.01852337270975113, 0.003078208537772298, -0.002203794429078698, -0.011575416661798954, -0.03260871395468712, -0.02231193706393242, 0.0023492481559515, -0.012211354449391365, 0.023177895694971085, -0.0339888334274292, -0.013117903843522072, 0.011419815011322498, -0.0016025288496166468, -0.0018519990844652057, -0.004556424915790558, 0.010418551973998547, -0.01274581253528595, -0.003551779082044959, -0.03647846356034279, -0.008618983440101147, -0.0020109834149479866, 0.0056828465312719345, 0.03885984420776367, 0.03038969822227955, -0.014383013360202312, 0.05366230756044388, -0.00407608924433589, 0.012177527882158756, 0.012177527882158756, -0.00334543758071959, -0.02270432375371456, 0.00867310632020235, 0.005544157698750496, -0.012590210884809494, 0.017102662473917007, 0.0032388842664659023, 0.004461710806936026, -0.007353873923420906, -0.017779190093278885, 0.0033234504517167807, -0.0031898359302431345, -0.014748339541256428, 0.017102662473917007, 0.011636304669082165, -0.00047822168562561274, 0.02917194552719593, -0.028603659942746162, -0.00980291049927473, -0.012150466442108154, -0.023286139592528343, -3.974609717261046e-05, -0.015194849111139774, 0.007671842817217112, -0.01737327314913273, 0.0010731446091085672, -0.029767291620373726, 0.008409259840846062, 0.022298406809568405, 0.005486652720719576, 0.011325101368129253, 0.22049443423748016, -0.01818510890007019, -0.024909811094403267, 0.021716590970754623, 0.002482862677425146, 0.009579655714333057, 0.019957615062594414, -0.007002078462392092, 0.007326812949031591, 0.028224803507328033, 0.009809675626456738, 0.0236920565366745, -0.01200163085013628, 0.001707390882074833, -0.008321310393512249, -0.02392207644879818, -0.021337734535336494, -0.012752577662467957, -0.029253128916025162, 0.014193585142493248, 0.011758079752326012, -0.007725965231657028, -0.02182483673095703, -0.008639279752969742, -0.0024760973174124956, -0.008280718699097633, -0.030416758731007576, -0.000731074542272836, 0.01803627237677574, 0.018361005932092667, -0.01960582099854946, 0.011703957803547382, 0.0005361494841054082, -0.002244386123493314, 0.013726780191063881, -0.021987203508615494, 0.007523006293922663, -0.02580282837152481, 0.025965195149183273, 0.031066227704286575, 0.014788931235671043, -0.009396992623806, -0.003105269744992256, -0.0021733504254370928, 0.0023035823833197355, -0.0018942821770906448, -0.014843054115772247, -0.007901862263679504, 0.0076650772243738174, 0.033285241574048996, -0.02963198535144329, -0.009031666442751884, 0.025505155324935913, 0.004319639876484871, 0.006738231983035803, 0.0029648898635059595, 0.017156783491373062, 0.009572889655828476, 0.009559359401464462, 0.01445066649466753, -0.015343685634434223, 0.02752121351659298, -0.033853527158498764, -0.010939479805529118, 0.006227452773600817, 0.03312287479639053, 0.020119981840252876, 0.016710273921489716, -0.0009437584085389972, -0.016859110444784164, -0.002667216816917062, 0.015587235800921917, -0.0039374008774757385, 0.0064608552493155, -0.03572075068950653, -0.022041326388716698, 0.024395648390054703, -0.0018790601752698421, 0.029009578749537468, 0.013354688882827759, -0.0031374047975987196, 0.008551331236958504, 0.028305986896157265, 0.002166585298255086, -0.0006925968918949366, -0.036234911531209946, -0.02480156533420086, -0.003977992571890354, -0.027818886563181877, 0.0044820066541433334, -0.004390675574541092, -0.051199741661548615, 0.0202958807349205, -0.014342421665787697, 0.008991074748337269, -0.006657048594206572, 0.051199741661548615, -0.0018097159918397665, -0.021148307248950005, -0.01330056693404913, 0.0005864663398824632, 0.014937767758965492, 0.033555854111909866, -0.008226596750319004, -0.010053225792944431, 0.010418551973998547, -0.0038190081249922514, 0.005040143616497517, 0.0075568328611552715, -0.016087867319583893, -0.01845571957528591, -0.020931817591190338, 0.022974936291575432, 0.011785141192376614, 0.020701797679066658, -0.03388058766722679, 0.024395648390054703, -0.00985703244805336, -0.00020084464631509036, -0.006085381377488375, -0.0014934384962543845, -0.040591761469841, -0.0158443171530962, 0.026127563789486885, 0.01069592870771885, -0.01069592870771885, -0.03923870250582695, 0.004434649832546711, 0.004492154810577631, 0.005652402527630329, 0.01592550054192543, -0.008686636574566364, 0.011812202632427216, 0.015303093940019608, -0.002937828656286001, -0.018306883051991463, 0.008551331236958504, -0.031093288213014603, -0.030903860926628113, -0.00046426826156675816, 0.0155195826664567, 0.013672658242285252, 0.01081093866378069, 0.0025775767862796783, -0.012799935415387154, 0.004576720762997866, -0.010513265617191792, 0.01714325323700905, -0.02767005003988743, -0.022176630795001984, -0.011812202632427216, -0.004397440701723099, 0.002726413309574127, 0.014180054888129234, 0.005276928655803204, -0.037154991179704666, -0.017711538821458817, -0.04860186576843262, 0.00788833200931549, 0.028008313849568367, -0.019551698118448257, -0.008334841579198837, -0.03474654629826546, -0.012468435801565647, -0.010323837399482727, -0.03195924684405327, -0.17059363424777985, 0.005899335723370314, 0.02335379272699356, -0.03842686489224434, 0.03379940614104271, 0.007495944853872061, 0.025288667529821396, 0.013605005107820034, 0.008301015011966228, -0.010621510446071625, 0.012292537838220596, 0.013144965283572674, -0.014937767758965492, -0.0102967768907547, -0.00430610915645957, 0.0005932316416874528, -0.01757623255252838, 0.03685731813311577, 0.04389322176575661, 0.016737336292862892, 0.03850805014371872, -0.03582899272441864, 0.007320047356188297, 0.04835831746459007, -0.005293841939419508, -0.0004541203088592738, -0.026276400312781334, -0.0014790622517466545, 0.0009369931067340076, -0.027575336396694183, -0.01491070631891489, -0.006812650244683027, 0.00121775281149894, -0.011318336240947247, 0.005523861851543188, -0.00930227804929018, 0.03185100108385086, -0.016832049936056137, -0.007705668918788433, -0.02189248986542225, 0.026168154552578926, 0.02147304080426693, 0.0015661653596907854, -0.011298039928078651, 0.01110184658318758, 0.020431185141205788, -0.01979524828493595, -0.03664083033800125, 0.01003293041139841, -0.0015602457569912076, 0.01146717183291912, -0.02124302089214325, -0.009539064019918442, -0.0012862513540312648, 0.018212169408798218, 0.01098683662712574, 0.006186860613524914, 0.014464197680354118, -0.007705668918788433, 0.006548803765326738, -0.01146717183291912, -0.04324375465512276, 0.025708114728331566, -0.004448180552572012, -0.013618535362184048, -0.004559807945042849, -0.02258254960179329, 0.008997839875519276, -0.029144883155822754, -0.015127195976674557, -0.014017688110470772, -0.012103109620511532, 0.005645637400448322, 0.0013014733558520675, 0.015343685634434223, 0.02587048150599003, 0.010479439049959183, -0.006085381377488375, 0.00976231787353754, 0.010783877223730087, -0.011778376065194607, 0.05520479381084442, 0.0018367771990597248, 0.012299302965402603, -0.03204042837023735, -0.0032202797010540962, 0.009769083932042122, 0.02243371307849884, -0.0061056772246956825, -0.023529689759016037, 0.028116559609770775, -0.027196479961276054, -0.009024901315569878, -0.0013048559194430709, -0.008693401701748371, 0.014518319629132748, 0.017197376117110252, -0.017819782719016075, 0.0030460732523351908, -0.025924604386091232, -0.010905653238296509, -0.032554592937231064, -0.03547719866037369, 0.017251498997211456, 0.010574153624475002, -0.02411150559782982, 0.015668420121073723, 0.021418917924165726, 0.02683115378022194, 0.004441414959728718, -0.01002616435289383, 0.006014345679432154, -0.016561437398195267, 0.0280894972383976, -0.0026164771988987923, 0.008165708743035793, -0.01975465752184391, 7.293831913557369e-06, 0.015248971059918404, 0.03352879360318184, 0.04072706773877144, -0.02101300098001957, -0.0035788402892649174, 0.005801239050924778, 0.02461213804781437, 0.0005610965308733284, -0.08838178962469101, 0.0078071486204862595, 0.017819782719016075, 0.03317699953913689, -0.023976199328899384, 0.036884378641843796, -0.017048539593815804, 0.013564413413405418, -0.03618079051375389, 0.034313566982746124, -0.023150833323597908, -0.021797774359583855, -0.00452598137781024, 0.00503337848931551, 0.03296050801873207, -0.00930227804929018, -0.00272303051315248, -0.0014359335182234645, 0.019727595150470734, 0.02522101439535618, 0.004299344029277563, -0.04180951416492462, 0.02342144586145878, -0.02105359360575676, -0.018306883051991463, 0.026316991075873375, -0.013855320401489735, -0.01960582099854946, -0.00550356600433588, 0.00025327567709609866, 0.01986290141940117, -0.007746261078864336, 0.01560076605528593, -0.024260342121124268, -0.00951200257986784, 0.003399559995159507, -0.034205324947834015, -0.00962701253592968, -0.012969067320227623, -0.015018951147794724, -0.01691323332488537, 0.036965563893318176, 0.01159571297466755, 0.014531849883496761, -0.013307332061231136, 0.011095081456005573, -0.04876423627138138, 0.02342144586145878, -0.011798671446740627, -0.002795757493004203, -0.018996944651007652, -0.017129722982645035, -0.02243371307849884, -0.023827362805604935, 0.005706524942070246, 0.013828259892761707, 0.03618079051375389, 0.002244386123493314, -0.0017133106011897326, 0.0009166972595266998, -0.0068633900955319405, 0.010405020788311958, -0.009518767707049847, 0.008253658190369606, 0.0016744100721552968, 0.00042705913074314594, -0.028684843331575394, -0.01822569966316223, 0.006203773897141218, -0.016209643334150314, -0.04589575156569481, 0.010093817487359047, -0.0051314751617610455, 0.020891226828098297, -0.03812919184565544, -0.012008395977318287, 0.0006084535853005946, -0.018996944651007652, 0.025437502190470695, -0.017319150269031525, -0.022866692394018173, -0.02040412463247776, 0.0074147614650428295, -0.019267555326223373, 0.01376060675829649, 0.02955080196261406, 0.011548356153070927, 0.006420263554900885, -0.016926763579249382, -0.035585444420576096, -0.021270083263516426, 0.010668867267668247, -0.005364877637475729, -0.028305986896157265, -0.028928395360708237, 0.013259975239634514, 0.007421527057886124, 0.017589762806892395, -0.00532090337947011, 0.012847292236983776, 0.0007632096530869603, -0.0125969760119915, -0.047384113073349, 0.012339894659817219, -0.01803627237677574, -0.04297314211726189, -0.008544565178453922, -0.01822569966316223, -0.009295512922108173, 0.016710273921489716, 0.014464197680354118, 0.015032481402158737, -0.009139911271631718, 0.0033420550171285868, -0.03731735795736313, 0.005909483879804611, -0.005777560640126467, -0.025207482278347015, -0.0018198639154434204, -0.021378327161073685, 0.024165628477931023, 0.009985572658479214, -0.030146148055791855, -0.009775849059224129, 0.02128361351788044, 0.0030308514833450317, -0.007502710446715355, 0.0026367730461061, 0.013909443281590939, 0.01043208222836256, -0.024355055764317513, -3.781693158089183e-05, 0.003145861439406872, -0.01638554036617279, 0.0036904674489051104, 0.021770713850855827, -0.006616456899791956, -0.02170306071639061, -0.0011847720015794039, 0.02982141263782978, 0.022298406809568405, 0.00651836022734642, -0.025965195149183273, -0.020390594378113747, 0.02384089305996895, -0.03701968491077423, -0.006085381377488375, 0.017779190093278885, 0.01297583244740963, 0.006714553572237492, 0.0014655316481366754, 0.02955080196261406, 0.03260871395468712, 0.00968790054321289, -0.029767291620373726, -0.003734441939741373, -0.04134947434067726, -0.037723276764154434, 0.016737336292862892, 0.011325101368129253, -0.01560076605528593, -0.025965195149183273, 0.032256919890642166, 0.009958512149751186, 0.00269427802413702, 0.004894689656794071, -0.010452378541231155, -0.0028363491874188185, -0.009606716223061085, 0.03206748887896538, 0.0316886343061924, -0.020539430901408195, -0.02350262925028801, -0.012813465669751167, -0.011866324581205845, 0.023705588653683662, 0.012454905547201633, -0.000767015153542161, 0.018428659066557884, -0.0025877247098833323, -0.01753563992679119, 0.03195924684405327, 0.023299669846892357, 0.03038969822227955, -0.0023898398503661156, 0.007110323291271925, 0.022338999435305595, 0.00901813618838787, 0.013963565230369568, 0.021581286564469337, -0.023110242560505867, -0.007333578076213598, -0.023570282384753227, 0.017102662473917007, 0.001980539644137025, -0.012603741139173508, 0.010418551973998547, 0.013909443281590939, -0.018198639154434204, 0.012522557750344276, 0.0006976708536967635, 0.011588947847485542, 0.022961406037211418, 0.006146268919110298, -0.002065105829387903, -0.0391845777630806, -0.0019450217951089144, -0.023637935519218445, -0.00028287383611314, -0.01672380603849888, 0.01309084240347147, -0.0077936179004609585, 0.007279455661773682, 0.026736440137028694, -0.004143742378801107, 0.0008414333569817245, 0.0014181745937094092, 0.0041606551967561245, 0.0025775767862796783, -0.04346024617552757, -0.010344133712351322, 0.013659127056598663, -0.010865061543881893, 0.022068386897444725, -0.01528956275433302, -0.011967804282903671, 0.029009578749537468, 0.024206219241023064, -0.007455353159457445, -0.02702058106660843, 0.041322410106658936, 0.024030322209000587, -0.0045395116321742535, 0.009850267320871353, -0.016060806810855865, -0.0036431103944778442, -0.010452378541231155, -0.027615927159786224, -0.006802502553910017, 0.018320415169000626, 0.0009378388058394194, 0.05769442021846771, 0.004136976785957813, 0.017589762806892395, 0.01623670384287834, -0.02258254960179329, 0.022758446633815765, 0.01818510890007019, 0.0008338224142789841, -0.027683580294251442, -0.057099077850580215, 0.020106451585888863, 0.01297583244740963, 0.03850805014371872, -0.0026519950479269028, 0.023056119680404663, -0.023827362805604935, -0.017616823315620422, 0.019551698118448257, -0.02836010977625847, -0.020512370392680168, 0.06240306422114372, -0.008253658190369606, 0.027629457414150238, 0.015709010884165764, -0.025938134640455246, -0.007786852773278952, -0.008145413361489773, -0.007455353159457445, 0.002670599613338709, -0.023827362805604935, -0.016520846635103226, -0.0011763153597712517, -0.03214867413043976, -0.013517056591808796, -0.021378327161073685, 0.02890133298933506, 0.005029995460063219, 0.014640094712376595, 0.02055296115577221, 0.0401858426630497, -0.0011627847561612725, -0.00022325468307826668, -0.010107348673045635, -0.019971145316958427, 0.021040061488747597, 0.03038969822227955, -0.009126381017267704, 0.009505237452685833, -0.026127563789486885]"
19114,"Mongoose retrieve one document from nested array<p>I'm working on an mongo database with mongoose in Node.js.</p>
<p>I have a collection like this :</p>
<pre class=""lang-json prettyprint-override""><code>{
   cinema: 'xxx',
   account: 'yyy',
   media: {
       data: [{
           id: 1,
           name: 'zzz'
       }, {
           id: 2,
           name: 'zzz'
       },
       ...
       ]
   }
}
</code></pre>
<p>Schema:</p>
<pre class=""lang-js prettyprint-override""><code>const dataCacheSchema = new mongoose.Schema(
    {
        cinemaName: String,
        account: String
    },
    { timestamps: true, strict: false }
);
</code></pre>
<p>The list of data can be long. I would like to retrieve a single media from a findOne query :</p>
<pre class=""lang-json prettyprint-override""><code>{
   id: 1,
   name: 'zzz'
}
</code></pre>
<p>I've tried like this :</p>
<pre class=""lang-js prettyprint-override""><code>    const doc: mongoose.Document[] | null = await DataCache.findOne(
        {
            cinemaName: ci.cinema,
            account: ci.account,
            'media.data': { $exists: true, $elemMatch: { id: mediaId } }
        },
        { media: { data: { $elemMatch: { id: mediaId } } } }
    ).exec();
</code></pre>
<p>But it crashes with the error message :</p>
<p><code>MongoError: Cannot use $elemMatch projection on a nested field.</code></p>
",Program can't find 'seo'. You must make sure you define this.,"Embed Field: Mongoose retrieve one document from nested array<p>I'm working on an mongo database with mongoose in Node.js.</p>
<p>I have a collection like this :</p>
<pre class=""lang-json prettyprint-override""><code>{
   cinema: 'xxx',
   account: 'yyy',
   media: {
       data: [{
           id: 1,
           name: 'zzz'
       }, {
           id: 2,
           name: 'zzz'
       },
       ...
       ]
   }
}
</code></pre>
<p>Schema:</p>
<pre class=""lang-js prettyprint-override""><code>const dataCacheSchema = new mongoose.Schema(
    {
        cinemaName: String,
        account: String
    },
    { timestamps: true, strict: false }
);
</code></pre>
<p>The list of data can be long. I would like to retrieve a single media from a findOne query :</p>
<pre class=""lang-json prettyprint-override""><code>{
   id: 1,
   name: 'zzz'
}
</code></pre>
<p>I've tried like this :</p>
<pre class=""lang-js prettyprint-override""><code>    const doc: mongoose.Document[] | null = await DataCache.findOne(
        {
            cinemaName: ci.cinema,
            account: ci.account,
            'media.data': { $exists: true, $elemMatch: { id: mediaId } }
        },
        { media: { data: { $elemMatch: { id: mediaId } } } }
    ).exec();
</code></pre>
<p>But it crashes with the error message :</p>
<p><code>MongoError: Cannot use $elemMatch projection on a nested field.</code></p>; Answer: Program can't find 'seo'. You must make sure you define this.","[-0.01575304940342903, 0.03429947793483734, 0.006157522089779377, -0.04461349546909332, -0.013705018907785416, 0.03266105428338051, -0.0034749372862279415, -0.032446179538965225, -0.026778841391205788, -0.020936917513608932, 0.030109409242868423, 0.010461743921041489, 0.0022310104686766863, -0.024361493065953255, -0.0007705296156927943, -0.003401074092835188, -0.001525111380033195, 0.008333134464919567, 0.015591893345117569, -0.026120785623788834, 0.01187857799232006, 0.002939427737146616, -0.0013782239984720945, -0.002469387836754322, -0.027826357632875443, -0.015511314384639263, 0.02010427601635456, -0.010293872095644474, 0.0006685477565042675, -0.0059359315782785416, 0.03510526195168495, -0.00764821982011199, -0.008930756710469723, -0.031586676836013794, 0.0009367222664877772, -0.01815696805715561, -0.0007785034831613302, -0.023582570254802704, 0.012879091314971447, 0.011999445967376232, 0.025758182629942894, -0.021178651601076126, -0.008406998589634895, -0.02652367576956749, -0.012449340894818306, 0.0474068745970726, 0.015497884713113308, -0.025623885914683342, -0.004911916330456734, -0.005610261112451553, 0.007594500668346882, 0.0406651608645916, -0.044720932841300964, 0.002558359643444419, -0.02219931036233902, -0.010703478939831257, 0.01328869815915823, 0.01600821316242218, 0.041900694370269775, -0.00260704243555665, 0.0248718224465847, 0.00393154751509428, -0.002184006618335843, -0.006164236925542355, -0.01351028773933649, 0.011280955746769905, 0.0031945921946316957, -0.0030737249180674553, -0.004495595116168261, -0.024280915036797523, 0.006050084251910448, 0.020010268315672874, -0.021353239193558693, 0.0072721876204013824, 0.016518542543053627, -0.022723069414496422, 0.012066594325006008, -0.0012884127208963037, 0.024925541132688522, 0.00575127312913537, 0.008487576618790627, -0.02830982767045498, -0.020910058170557022, 0.012865661643445492, -0.0037233869079500437, 0.017955521121621132, 0.013093966990709305, 0.04821265861392021, 0.027007145807147026, 0.006949874572455883, -0.0020446733105927706, 0.0004750759690068662, 0.00783623568713665, -0.022333607077598572, 0.003981908783316612, 0.023784015327692032, -0.00967610627412796, 0.030216846615076065, -0.020601173862814903, 0.01893589086830616, -0.03327881917357445, 0.005761345382779837, -0.0283635463565588, -0.019674524664878845, -0.020923487842082977, 0.007433344144374132, -0.009535093791782856, -0.009427656419575214, 0.026537105441093445, -0.010488603264093399, 0.011468972079455853, 0.035293277353048325, 0.03231188282370567, -0.005106647033244371, 0.003135837148874998, -0.0049656350165605545, 0.026416238397359848, -0.02919618971645832, -0.010508747771382332, -0.0024878536351025105, -0.010146145708858967, 0.01831812411546707, 0.018344983458518982, -0.037522610276937485, 0.006013152655214071, -0.002046352019533515, -0.030163127928972244, -0.013073822483420372, 0.012180746532976627, -0.01056918129324913, 0.03977879881858826, 0.033063944429159164, 0.016330527141690254, 0.031667254865169525, -0.03650195151567459, 0.01182485930621624, 0.0016098864143714309, 0.017915232107043266, -0.02289765514433384, -0.031747832894325256, 0.030324283987283707, 0.018815023824572563, -0.007708653341978788, -0.004592960700392723, -0.02841726504266262, 0.021339809522032738, -0.011489116586744785, 0.009743254631757736, 0.011200377717614174, -0.008501006290316582, 0.01818382740020752, 0.015108423307538033, 0.005049570929259062, 0.011932296678423882, -0.006033297162503004, -0.00853458046913147, -0.003166054142639041, 0.004730615299195051, -0.0023686650674790144, -0.036099061369895935, 0.020936917513608932, 0.0095820976421237, -0.01220089104026556, -0.009038195013999939, 0.0028521346393972635, 0.02914246916770935, 0.009454515762627125, -0.03427261859178543, -0.005576686933636665, -0.011119799688458443, -0.0015326655702665448, 0.03201642632484436, -0.0336817130446434, 0.023273687809705734, 0.0034715798683464527, -0.0141817731782794, 0.002237725304439664, 0.030243705958127975, -0.015712760388851166, -0.0007524834363721311, -0.007755657192319632, 0.020090846344828606, 0.013154400512576103, 0.012697790749371052, -0.028551563620567322, -0.005093217361718416, -0.012999959290027618, -0.02007741667330265, -0.021850137040019035, -0.014007187448441982, 0.0002499184920452535, -0.0017240389715880156, -0.011885292828083038, -0.011233951896429062, -0.6076675057411194, 0.002615435980260372, -0.009380652569234371, -0.01158983912318945, -0.030216846615076065, 0.011690562590956688, -0.00871588196605444, 0.01572619006037712, -0.013953468762338161, 0.004045700188726187, -0.006721569690853357, 0.004418374504894018, -0.016518542543053627, 0.0005825136322528124, 0.0009619029588066041, -0.0063220360316336155, 0.01943279057741165, -0.035373855382204056, 0.005657265428453684, 0.00326341949403286, -0.028873875737190247, 0.017619779333472252, -0.02178298868238926, 0.015189001336693764, -0.015941064804792404, -0.009420941583812237, -0.015941064804792404, -0.02984081581234932, 0.006234742701053619, 0.04152466356754303, -0.028121812269091606, 0.019795391708612442, 0.006244814954698086, 0.022763358429074287, 0.05892956629395485, -0.01086463499814272, -0.022723069414496422, 0.02763834223151207, -0.016572261229157448, 0.03660938888788223, -0.01147568691521883, 0.01458466425538063, 0.011280955746769905, -0.01885531283915043, -0.009890981018543243, 0.0010659832041710615, 0.034621790051460266, 0.0030317569617182016, -0.004203499294817448, 0.00010932623263215646, 0.011596553958952427, 0.023166248574852943, -0.003887900849804282, 0.015403877012431622, -0.002842062385752797, -0.013234978541731834, 0.04383457079529762, -0.031720973551273346, 0.012691075913608074, 0.0070908865891397, 0.0017660068115219474, -0.017163168638944626, -0.03051230125129223, -0.005543112754821777, -0.02448236010968685, 0.020063987001776695, 0.035400714725255966, -0.011139944195747375, -0.0067685735411942005, -0.014933837577700615, 0.02264249138534069, 0.017955521121621132, 0.000623642117716372, 0.012516489252448082, 0.003426254726946354, 0.02197100594639778, 0.02655053697526455, 0.007191609591245651, -0.022602200508117676, 0.008843463845551014, 0.02512698620557785, -0.008501006290316582, -0.024697236716747284, 0.008783030323684216, 0.012691075913608074, -0.022078443318605423, -0.03728087246417999, -0.018841883167624474, 0.012127027846872807, 0.0005430639139376581, 0.019620805978775024, 0.014745821245014668, 0.016249949112534523, 0.0046701813116669655, -0.015283009968698025, 0.007802661508321762, -0.0004977385979145765, 0.013261837884783745, 0.03636765480041504, -0.03843582794070244, -0.0138594601303339, 0.0022142233792692423, 0.002472745254635811, 0.012778368778526783, 0.015135282650589943, 0.010112571530044079, -0.001337934867478907, -0.0013899749610573053, 0.029303627088665962, -0.01779436506330967, -0.012771653942763805, -0.005032783839851618, -0.012274754233658314, -0.006275031715631485, -0.027034005150198936, -0.03298336640000343, 0.017109449952840805, 0.01091835368424654, 0.005291305482387543, -0.0019724885933101177, 0.005768060218542814, 0.01371844857931137, 0.022602200508117676, -0.0058352090418338776, -0.002447564620524645, -0.001461320323869586, -0.006214598193764687, -0.011623413302004337, -0.007997391745448112, -0.0012246216647326946, 0.008467432111501694, -0.036716826260089874, 0.022320177406072617, -0.005825136788189411, 0.0016879466129466891, -0.004767546895891428, 0.004747402388602495, 0.011160088703036308, 0.015873916447162628, -0.010871349833905697, 0.0012111919932067394, 0.0008292845450341702, 0.03209700435400009, -0.0033087446354329586, -0.0075340671464800835, 0.003085475880652666, -0.027114583179354668, -0.002944463863968849, -0.024898681789636612, 0.009729824960231781, -0.03292964771389961, -0.005220799706876278, 0.006694710347801447, 0.013590865768492222, 0.014248921535909176, -0.008265986107289791, -0.0073594809509813786, -0.014316070824861526, -0.020252002403140068, -0.029545361176133156, 0.004210214130580425, 0.028712719678878784, -0.0273294597864151, 0.005106647033244371, -0.024442071095108986, -0.04069202020764351, -0.011912152171134949, 0.00931350328028202, -0.01737804524600506, -0.014222062192857265, 0.007829520851373672, -0.0014982520369812846, -0.0231796782463789, 0.00499920966103673, 0.0011423646938055754, -0.0026087211444973946, -0.02976023592054844, 0.0016308703925460577, -0.010448314249515533, -0.009253069758415222, -0.011314530856907368, -0.0009258106001652777, 7.947660196805373e-05, -0.014826399274170399, 0.01665283925831318, 0.023273687809705734, 0.03566930815577507, 0.02178298868238926, -0.005959433503448963, 0.04582216963171959, 0.01893589086830616, 0.008521150797605515, -0.03201642632484436, -0.011408538557589054, -0.023434843868017197, 0.012630642391741276, 0.03196270763874054, 0.011784570291638374, -0.019137335941195488, 0.004317651502788067, -0.007292332127690315, 0.0008435536292381585, 0.018479280173778534, 0.005066358018666506, 0.01013943087309599, -0.024589799344539642, -0.007453488651663065, -0.018143538385629654, 0.015417306683957577, 0.019311921671032906, 0.018344983458518982, -0.01112651452422142, 0.012879091314971447, 0.001918769790790975, 0.008783030323684216, 0.032392460852861404, 0.02465694770216942, -0.01022000890225172, -0.005392028484493494, 0.012818657793104649, -0.02227988839149475, -0.009649245999753475, -0.002751411870121956, 0.00665777875110507, -0.024052610620856285, 0.014544375240802765, -0.004263932816684246, 0.012133742682635784, -0.0008565636817365885, -0.023193107917904854, 0.011999445967376232, 0.04077259823679924, 0.009756684303283691, 0.01890903152525425, 0.016612550243735313, 0.009964844211935997, 0.012556778267025948, -0.009044909849762917, 0.02518070489168167, -0.042733337730169296, 0.00018025188182946295, 0.04496266692876816, 0.02103092521429062, -0.016881145536899567, 0.006090373266488314, 0.0138594601303339, 0.01572619006037712, 0.022911084815859795, -0.0007264633313752711, 0.02409289963543415, -0.012623927555978298, 0.02175612933933735, 0.010434884577989578, -0.008487576618790627, 0.024576367810368538, -0.001640103291720152, 0.001303521217778325, 0.01642453484237194, -0.0031929134856909513, 0.009864121675491333, 0.01077734213322401, -0.02716830186545849, -0.00035294954432174563, -0.02061460353434086, 0.007581070996820927, -0.002281371969729662, -0.0145040862262249, -0.009246354922652245, -0.012241180054843426, -0.03064659796655178, 0.0119793014600873, -0.0401548333466053, -0.0026171146892011166, -0.023972032591700554, 0.008548010140657425, -0.005395385902374983, 0.014436937868595123, 0.0058352090418338776, 0.014812969602644444, 0.023112529888749123, -0.03338625654578209, -0.010461743921041489, 0.010058852843940258, 0.009427656419575214, 0.004488880280405283, -0.031667254865169525, 0.0007197484956122935, 0.018532998859882355, -0.015256150625646114, 0.0025365364272147417, -0.00987083651125431, 0.021380098536610603, 0.01893589086830616, -0.020534025505185127, -0.025556737557053566, 0.019204484298825264, 0.019620805978775024, 0.02191728539764881, 0.02613421529531479, -0.005529683083295822, 0.01846585050225258, 0.019231343641877174, -0.035400714725255966, -0.009602242149412632, 0.05049571022391319, -0.001623316202312708, -0.0178749430924654, -0.028497843071818352, 0.027853216975927353, -0.0016652840422466397, 0.007547496818006039, -0.013765452429652214, -0.014074335806071758, 0.009837262332439423, -0.01890903152525425, -0.033923447132110596, -0.018559858202934265, -0.0033121020533144474, 0.02994825318455696, 0.008198837749660015, -0.0039281900972127914, -0.029491642490029335, -0.026953427121043205, 0.010629614815115929, 0.02403918094933033, 0.040369708091020584, -0.010737053118646145, 0.006805505603551865, 0.008514435961842537, 0.004780976567417383, -0.031747832894325256, -0.03843582794070244, 0.010005134157836437, -0.011106370016932487, -0.012321759015321732, 0.0012464448809623718, 0.03542757406830788, 0.001985918264836073, 0.029357345774769783, 0.006268316879868507, 0.00010539174400037155, 0.00354544329456985, -0.007003593724220991, 0.0014319428009912372, 0.00428071990609169, -0.009004619903862476, 0.013503572903573513, 0.03916103392839432, 0.024307774379849434, 0.0008796459878794849, 0.0028806726913899183, 0.004700398538261652, 0.008514435961842537, -0.03349369764328003, 0.008830034174025059, -0.011166803538799286, 0.016209660097956657, 0.009514949284493923, -0.003877828596159816, 0.06505351513624191, 0.02992139384150505, 0.01098550297319889, 0.01882845349609852, 0.00967610627412796, -0.009018050506711006, 0.02481810376048088, 0.001222103601321578, 0.006516766734421253, 0.023690007627010345, -0.014799539931118488, -0.026349090039730072, 0.009716395288705826, 0.019674524664878845, 0.004650036804378033, -0.005019354168325663, 0.004438519012182951, -0.007802661508321762, -0.02248133346438408, 0.03779120370745659, -0.015511314384639263, -0.00390468817204237, -0.016384245827794075, -0.023770585656166077, -0.03403088450431824, -0.005331594962626696, -0.004515740089118481, 0.018949320539832115, 0.012053164653480053, 0.025919340550899506, -0.03424575924873352, -0.02841726504266262, 0.004874984733760357, -0.009058339521288872, 0.023381125181913376, -0.006745071616023779, -0.0023737011943012476, -0.024495789781212807, 0.0010458386968821287, 0.04074573889374733, 0.020601173862814903, 0.03193584829568863, 0.019473079591989517, 0.013940039090812206, -0.0017273963894695044, -0.016223089769482613, -0.038999877870082855, -0.011703992262482643, -0.002598648890852928, -0.011777855455875397, 0.010911638848483562, 0.017109449952840805, -0.005670695099979639, -0.02916932851076126, 0.019029898568987846, 0.0249926894903183, -0.0035991622135043144, 0.019231343641877174, 0.000747866986785084, 0.030378002673387527, 0.020117705687880516, 0.007587785832583904, 0.0422230064868927, 0.00044276073458604515, -0.003296993672847748, 0.008192122913897038, 0.017002012580633163, -0.03631393611431122, 0.004378085490316153, 0.015887346118688583, -0.0025768254417926073, 0.01171070709824562, 0.014544375240802765, 0.0006702264654450119, -0.004109491128474474, 0.0029830741696059704, -0.0095820976421237, 0.01611565239727497, -0.002875636564567685, 0.007070742081850767, 0.001747541013173759, 0.0028521346393972635, 0.020399728789925575, -0.004411659669131041, -0.013557291589677334, 0.02155468426644802, -0.011939011514186859, 0.03486352786421776, 0.013503572903573513, -0.010159575380384922, 0.004643321968615055, -0.013819171115756035, -0.010669904761016369, 0.016545401886105537, -0.00067903968738392, -0.0005233390256762505, 0.011160088703036308, -0.0196879543364048, -0.01818382740020752, -0.03255361691117287, -0.009561953134834766, 0.010636329650878906, 0.01002527866512537, 0.004989136941730976, 0.012858946807682514, 0.005351739469915628, -0.033977165818214417, -0.024468930438160896, -0.016249949112534523, -0.020010268315672874, -0.02766520157456398, -0.025529878214001656, 0.011200377717614174, 0.006815577857196331, 0.005472606513649225, 0.0002581022272352129, 0.02044001780450344, 0.010038708336651325, -0.014799539931118488, -0.02119208127260208, -0.02356914058327675, 0.0008804853423498571, 0.023837734013795853, 0.023972032591700554, 0.0055229682475328445, 0.04004739597439766, -0.009897695854306221, 0.01779436506330967, -0.019795391708612442, -0.0037569613195955753, 0.019781962037086487, -0.00019557014456950128, -0.007661649491637945, -0.011777855455875397, 0.009454515762627125, 0.022682780399918556, -0.001918769790790975, 0.03566930815577507, 0.0042572179809212685, -0.013127541169524193, 0.03266105428338051, -0.029572220519185066, 0.0070640272460877895, -0.017686927691102028, -0.037549469619989395, -0.012187461368739605, 0.024361493065953255, -0.011569694615900517, -0.014168343506753445, -0.015779908746480942, 0.022629061713814735, 0.022937944158911705, 0.0053114499896764755, 0.011066081002354622, -0.010851205326616764, 0.03642137348651886, 0.001234693918377161, -0.015081563964486122, -0.017995810136198997, 0.0006093730917200446, -0.02481810376048088, -0.031586676836013794, -0.019728243350982666, -0.025838760659098625, -0.007755657192319632, 0.002135323826223612, 0.015027845278382301, 0.025113556534051895, 0.011354819871485233, -0.01492040790617466, 0.011623413302004337, 0.0016594085609540343, -0.011301100254058838, -0.0021470747888088226, -0.00786309503018856, -0.013846030458807945, -0.019003039225935936, -0.0012942883186042309, -0.023716866970062256, 0.03357427567243576, 0.028578422963619232, 0.006949874572455883, 0.004797763656824827, -0.023528851568698883, 0.006805505603551865, -0.00363945122808218, -0.041900694370269775, 0.04130978882312775, 0.01034759171307087, 0.040423426777124405, 0.01488011796027422, -2.7698775738826953e-05, -0.02256191149353981, 0.017579490318894386, 0.010958642698824406, 0.010253583081066608, 0.05020025372505188, 0.03440691530704498, -0.008675592020154, -0.04673539102077484, -0.013302127830684185, -0.026067066937685013, 0.0023434844333678484, -0.019526798278093338, 0.027101153507828712, 0.011260811239480972, -0.021769559010863304, -0.011186948046088219, 0.007131176069378853, -0.02230674773454666, 0.01572619006037712, -0.00690287072211504, 0.016491683200001717, -0.0001315691915806383, -0.016021642833948135, -0.02557016722857952, 0.008440572768449783, -0.02755776420235634, 0.03945648670196533, 0.02178298868238926, 0.02507326751947403, -0.022078443318605423, -0.008830034174025059, -0.0013899749610573053, 0.03741517290472984, 0.01706916093826294, 0.046977125108242035, -0.0388655811548233, 0.01494726724922657, 0.03043172135949135, 0.00911877304315567, -0.0037502464838325977, -0.014826399274170399, 0.023166248574852943, 0.03362799435853958, -0.004277362488210201, -0.0011029149172827601, -0.0018482637824490666, 0.02258877083659172, -0.009561953134834766, 0.010421454906463623, -0.02632223069667816, -0.02919618971645832, -0.004186712205410004, -0.019446220248937607, 0.023125959560275078, 0.0034782947041094303, 0.018143538385629654, -0.01322154887020588, -0.01955365762114525, 0.014410078525543213, -0.02038629911839962, -0.0042236438021063805, -0.018949320539832115, -0.007661649491637945, 0.008487576618790627, -0.0072721876204013824, 0.0014705532230436802, 0.03953706473112106, -0.006583915092051029, 0.006704782601445913, 0.007379625458270311, 0.018734445795416832, -0.028578422963619232, 0.0022629061713814735, -0.006234742701053619, -0.024536078795790672, -0.016276808455586433, 0.02142038755118847, 0.008648732677102089, -0.003088833298534155, -0.001021497300826013, -0.005301377736032009, -0.03660938888788223, 0.0005921662668697536, 0.005999722983688116, 0.012288183905184269, -0.01784808374941349, -0.017391474917531013, 0.023099100217223167, -0.014638383872807026, 0.00944108609110117, -0.0341920405626297, -0.01782122440636158, 0.030727175995707512, -0.020211713388562202, -0.013409565202891827, -0.01862700656056404, -0.004522454924881458, -0.016572261229157448, -0.014853258617222309, 0.014611524529755116, -0.01147568691521883, -0.014826399274170399, -0.0072386134415864944, 0.00999841932207346, 0.0026305443607270718, 0.006956589408218861, -0.02448236010968685, -0.030754035338759422, -0.009890981018543243, -0.016975153237581253, 0.024280915036797523, 0.009890981018543243, -0.008648732677102089, 0.012308329343795776, 0.0011725815711542964, 0.02632223069667816, -0.00345143536105752, -0.03564244881272316, -0.019204484298825264, -0.028202390298247337, -0.05656593665480614, -0.006923015229403973, -0.012180746532976627, -0.023112529888749123, 0.04219614714384079, 0.01647825352847576, -0.003793892916291952, -0.036072202026844025, -0.0002029145252890885, -0.049851082265377045, -0.019956547766923904, 0.0011944047873839736, 0.000215714710066095, 0.0326341949403286, 0.02183670736849308, -0.0010349269723519683, 0.04751431196928024, 0.002575146732851863, 0.02997511252760887, -0.03067345730960369, 0.007634790148586035, -0.0113346753641963, -0.009367222897708416, 0.002328375820070505, -0.007017023395746946, -0.01608879305422306, -0.008702452294528484, 0.0056404778733849525, -0.008447287604212761, 0.026792271062731743, 0.031559817492961884, 0.0055565424263477325, -0.03190898895263672, -0.0009190957644023001, -0.039671361446380615, -0.0023938457015901804, -0.00949480477720499, 0.0261610746383667, -0.038113515824079514, -0.013140970841050148, 0.0035958047956228256, 0.007433344144374132, 0.010904924012720585, 0.006308605894446373, 0.01091835368424654, 0.008292845450341702, 0.02041315846145153, -0.0174854826182127, 0.01924477331340313, -0.004472093190997839, -0.037549469619989395, 0.025234423577785492, 0.00537524139508605, 0.02774577960371971, 0.04464035481214523, -0.006442903075367212, -0.0020077417138963938, -0.015108423307538033, 0.0046030329540371895, 0.004210214130580425, -0.0038979733362793922, 0.0034212186001241207, -0.024415211752057076, -0.005308092571794987, -0.01681399717926979, 0.02973337657749653, -0.016693128272891045, 0.023300547152757645, 0.007332621607929468, 0.013617726042866707, -0.03542757406830788, -0.006745071616023779, -0.017364613711833954, -0.018532998859882355, -0.03623335808515549, 0.013087252154946327, -0.01790180243551731, -0.01002527866512537, -0.016021642833948135, -0.0033339255023747683, -0.013147685676813126, -0.0016946614487096667, 0.0034883671905845404, -0.010011848993599415, -0.04364655539393425, 0.013375991024076939, 0.02448236010968685, 0.004327723756432533, 0.015202431008219719, 0.19639606773853302, 0.01740490458905697, -0.014678672887384892, 0.0024576368741691113, -0.004371370654553175, -0.016411105170845985, 0.01124066673219204, 0.0011071116896346211, -0.01893589086830616, -0.0020530668552964926, -0.019204484298825264, 0.002999861491844058, 0.003070367267355323, -0.0038308247458189726, 0.006285103969275951, -0.012388907372951508, -0.03916103392839432, -0.014772680588066578, -0.028900735080242157, -0.004549314267933369, 0.028981313109397888, 0.002756447996944189, 0.004505667369812727, -0.03123750537633896, 0.01144882757216692, -0.0271951612085104, 0.03217758610844612, 0.004089346621185541, 0.017028871923685074, -0.005841923877596855, -0.004408302251249552, -0.024925541132688522, 0.010132716037333012, 0.0007688509067520499, -0.037576328963041306, 0.003589089959859848, -0.0024542794562876225, 0.022629061713814735, -0.006577200256288052, 0.02722202241420746, -0.009837262332439423, -0.014893547631800175, 0.022602200508117676, 0.01187857799232006, -0.003592447377741337, -0.0009174170554615557, -0.009776828810572624, 0.008037681691348553, 0.003365820972248912, 0.03518583998084068, -0.03373543173074722, 0.010609470307826996, 0.019446220248937607, 0.004609747789800167, -0.017418334260582924, -0.02758462354540825, 0.016102222725749016, 0.010508747771382332, -0.001144882757216692, 0.022266458719968796, -0.01963423565030098, 0.029652798548340797, 0.02406604029238224, 0.028121812269091606, 0.004868269897997379, 0.01453094556927681, -0.017552630975842476, -0.027490615844726562, 0.033950306475162506, -0.0016812317771837115, -0.0020530668552964926, -0.012691075913608074, -0.0016929827397689223, -0.003280206583440304, -0.0012556778965517879, -0.026281941682100296, 0.03225816413760185, 0.0060937306843698025, 0.017418334260582924, 0.019822251051664352, -0.029303627088665962, -0.014423508197069168, -0.021232370287179947, 0.02646995708346367, -0.02510012686252594, -0.013980328105390072, -0.004955562762916088, -0.016169371083378792, -0.023663148283958435, -0.024724096059799194, -0.01150254625827074, 0.0011784570524469018, -0.009004619903862476, -0.0010903246002271771, -0.0015847057802602649, 0.0023569141048938036, -0.007762372028082609, 0.031130066141486168, -0.014638383872807026, -0.007990676909685135, -0.03201642632484436, 0.0414440855383873, 0.021984435617923737, -0.009474660269916058, -0.0012640714412555099, 0.026778841391205788, -0.012590352445840836, -0.0001168804446933791, 0.0002874797210097313, -0.01492040790617466, 0.00527116097509861, -0.036099061369895935, 0.014195202849805355, -0.024160047993063927, 0.009729824960231781, 0.024898681789636612, 0.005754630547016859, -0.01532329898327589, 0.014436937868595123, -0.014490656554698944, 0.014745821245014668, -0.031747832894325256, -0.0059695057570934296, 0.01415491383522749, -0.002704407786950469, -0.028739579021930695, -0.03722715377807617, 0.02777263894677162, 0.01257692277431488, -0.03698541969060898, 0.003746889065951109, -0.018747875466942787, -0.010233438573777676, -0.006446260493248701, -0.007782516535371542, 0.02183670736849308, 0.010703478939831257, -0.01564561203122139, 0.0014730712864547968, -6.211240543052554e-05, 0.017109449952840805, -0.02595962956547737, 0.017391474917531013, 0.0030519014690071344, -0.0012590353144332767, -0.0138594601303339, 0.007265472784638405, 0.003575660288333893, -0.025503018870949745, -0.03198956698179245, 0.004005410708487034, -0.029679657891392708, 0.010011848993599415, -0.020265432074666023, 0.020225143060088158, -0.02766520157456398, 0.018761305138468742, -0.04829323664307594, -0.0031694115605205297, 0.008897182531654835, -0.027880078181624413, -0.0009350435575470328, 0.0039449771866202354, -0.0009560274775139987, -0.02323339693248272, -0.014450367540121078, -0.16910690069198608, 0.02702057547867298, 0.041900694370269775, -0.02049373649060726, -0.00764821982011199, 0.014705532230436802, 0.004633249714970589, -0.004975707270205021, -0.02663111500442028, -0.020950347185134888, 0.005267803557217121, -0.021178651601076126, -0.045580435544252396, -0.030136268585920334, -0.013953468762338161, 0.008064541034400463, 0.013201404362916946, -0.005455819424241781, 0.013570721261203289, 0.04004739597439766, 0.05248330533504486, -0.03421889990568161, 0.0002354395983275026, -0.005207370035350323, 0.008709167130291462, 0.012509774416685104, 0.006835722364485264, -0.005804991815239191, -0.007755657192319632, -0.001196083496324718, -0.02473752573132515, -0.006563770584762096, 0.034702368080616, 0.001290091429837048, 0.006342180538922548, 0.0011037542717531323, 0.028202390298247337, -0.013550576753914356, -0.02245447412133217, 0.003320495830848813, 0.005519610829651356, 0.009125487878918648, -0.002790022175759077, 0.016693128272891045, 0.005170438438653946, 0.03416518121957779, 0.011609983630478382, 0.009575382806360722, 0.03440691530704498, -0.02144724689424038, 0.009568667970597744, -0.04531184211373329, -0.010958642698824406, 0.0012145494110882282, 0.004368013236671686, 0.01369158923625946, 0.006019867490977049, 0.01171070709824562, -0.01051546260714531, -0.03580360487103462, -0.015121852979063988, -0.01681399717926979, -0.008030966855585575, 0.001623316202312708, -0.022749928757548332, 0.012120313011109829, -0.014436937868595123, 0.006540268659591675, -0.04139036685228348, 0.0052140848711133, -0.011858433485031128, 0.012509774416685104, 0.016666268929839134, 0.0037838206626474857, -0.0013446497032418847, 0.021232370287179947, -0.012858946807682514, -0.0038979733362793922, 0.0014554448425769806, 0.012771653942763805, -0.008339849300682545, 0.016719989478588104, 0.0032231302466243505, 0.02250819280743599, 0.012912665493786335, 0.003652881132438779, 0.018680725246667862, -0.006822292692959309, 0.017780935391783714, 0.02595962956547737, 0.02559702657163143, -0.03577674552798271, 0.012053164653480053, 0.0029965040739625692, -0.004703755956143141, 0.002737981965765357, 0.017552630975842476, 0.016908004879951477, -0.00409270403906703, -0.0025768254417926073, 0.018143538385629654, -0.008595013990998268, -0.02044001780450344, 0.006909585557878017, 0.037334591150283813, 0.0051771532744169235, 0.012845517136156559, 0.00780937634408474, 0.024442071095108986, 0.010072282515466213, -0.017834654077887535, 0.007607930339872837, -0.007970532402396202, 0.016746848821640015, 0.009528378956019878, 0.020090846344828606, 0.0012968063820153475, -0.013046963140368462, 0.018170397728681564, -0.014651813544332981, 0.038247812539339066, -0.026053637266159058, -0.005089859943836927, -0.01676027849316597, -0.0029092109762132168, 0.005905714817345142, -0.06763201951980591, -0.012046449817717075, 0.0028991384897381067, 0.0019708098843693733, -0.04012797400355339, -0.006335465703159571, -0.020319150760769844, 0.0156724713742733, -0.03647509217262268, 0.014356359839439392, -0.04654737561941147, -0.017552630975842476, 0.010448314249515533, 0.013577436096966267, 0.0032097005750983953, 0.014383219182491302, 0.006536911241710186, 0.006174309179186821, 0.002558359643444419, 0.033789150416851044, -0.0004859876062255353, -0.013953468762338161, 0.019983407109975815, -0.018049530684947968, -0.031667254865169525, 0.01678713783621788, -0.01753920130431652, -0.0041329930536448956, 0.025315003469586372, -0.027208592742681503, -0.01561875268816948, -0.024052610620856285, 0.037522610276937485, -0.001960737630724907, -0.015000985935330391, -0.030404862016439438, -0.02191728539764881, 0.00227297842502594, 0.02191728539764881, -0.009622386656701565, -0.005976220592856407, 0.006698067765682936, 0.015659041702747345, -0.013584150932729244, 0.004478808026760817, -0.002798415720462799, -0.03438005596399307, 0.03940276801586151, 0.02442864142358303, -0.03284906968474388, -0.014034046791493893, 0.0035857325419783592, -0.010998932644724846, -0.008131689392030239, 0.042491599917411804, 0.012086738832294941, -0.0003510609967634082, 0.007842950522899628, 0.014839828945696354, 0.004186712205410004, -0.01572619006037712, -0.01529643964022398, 0.006087015848606825, 0.0156724713742733, 0.02976023592054844, 0.01717659831047058, -0.0036293789744377136, -0.015457595698535442, -0.02100406587123871, -0.007916813716292381, -0.013228263705968857, 0.017673498019576073, -0.02833668701350689, 0.0010987181449308991, -0.024643518030643463, -0.001209513284265995, -0.030324283987283707, 0.0025365364272147417, 0.012979814782738686, -0.0026087211444973946, 0.007124460767954588, -0.0018952677492052317, -0.020252002403140068, -0.014638383872807026, 0.017579490318894386, 0.016961723566055298, 0.018425561487674713, 0.006503337062895298, -0.016505112871527672, -0.05817750096321106, 0.005492751486599445, 0.0036763830576092005, 0.0014378182822838426, -0.02655053697526455, -0.0014688745141029358, 0.02409289963543415, -0.02471066638827324, -0.004613105207681656, -0.013268552720546722, -0.01937907189130783, -0.022655921056866646, -0.02401232160627842, -0.052134133875370026, 0.02448236010968685, -0.01561875268816948, -0.0020732113625854254, 0.004713828209787607, 0.0018062959425151348, -0.027880078181624413, -0.03489038720726967, 0.018371842801570892, 0.024630088359117508, -0.007990676909685135, 0.015162141993641853, -0.0014646777417510748, 0.0029411064460873604, -0.0009065053891390562, 0.007983962073922157, 0.011495831422507763, 0.0018214043229818344, -0.00017112387286033481, 0.036797404289245605, 0.01292609516531229, 0.0018281192751601338, 0.004958920180797577, 0.012100168503820896, -0.0028135241009294987, -0.006567128002643585, 0.015779908746480942, 0.005825136788189411, -0.003975193947553635, -0.02590591087937355, 0.01270450558513403, -0.03352055698633194, -0.008749456144869328, 0.02722202241420746, 0.028659000992774963, -0.009696250781416893, 0.007245328277349472, 0.002538215136155486, 0.02906189113855362, 0.01526958029717207, -0.016827426850795746, -0.021460676565766335, 0.000820051645860076, -0.0060265823267400265, -0.012315044179558754, -0.012644072063267231, -0.015685901045799255, 0.0005350899882614613, 0.006543626077473164, 0.003861041506752372, 0.04603704437613487, 0.014087765477597713, -0.01526958029717207, -0.013396135531365871, -0.009602242149412632, -0.03061973862349987, 0.016263378784060478, 0.03201642632484436, -0.0059023573994636536, -0.006694710347801447, 0.04754117131233215, -0.025086697190999985, 0.008030966855585575, -0.02116522192955017, 0.02699371613562107, -0.03131808340549469, -0.014893547631800175, 0.030995769426226616, 0.017968950793147087, -0.016021642833948135, -0.018815023824572563, 0.001969131175428629, -0.002148753497749567, 0.022575341165065765, -0.002165540587157011, -0.004418374504894018, -0.015403877012431622, -0.02116522192955017, 0.0041162059642374516, 0.016021642833948135, 0.012932810001075268, -0.009273214265704155, 0.009991703554987907, 0.010381165891885757, 0.008494291454553604, 0.0373077318072319, -0.014369789510965347, 0.022078443318605423, 0.01124066673219204, -0.015108423307538033, -0.029330486431717873, 0.020144565030932426, -0.016934864223003387, 0.026228222995996475, 0.006214598193764687, -0.031640395522117615, -0.02761148288846016, -0.00281016668304801, 0.022091872990131378, 0.006583915092051029, 0.016719989478588104, 0.0030720459762960672, 0.004438519012182951, -0.007520637474954128, -0.007406484801322222, -0.006006437819451094, -0.03258047625422478, -0.03153295814990997, -0.01369158923625946, 0.006923015229403973, -0.021044354885816574, -0.008803174830973148, -0.00896433088928461, 0.0014638383872807026, 0.00291424710303545, -0.007339336443692446, 0.00026796467136591673, -0.007144605740904808, -0.028659000992774963, 0.024750955402851105, 0.008783030323684216, 0.0025533235166221857, 0.017109449952840805, -0.004663466475903988, 0.02230674773454666, 0.021876996383070946, -0.028632141649723053, -0.008527865633368492, 0.019311921671032906, -0.010522177442908287, 0.014262352138757706, 0.020399728789925575, -0.0008569833589717746, -0.014745821245014668, -0.024334633722901344, -0.023072240874171257, 0.003871113760396838, -0.01007899735122919, -0.020560884848237038, 0.07466918230056763, 0.006184381432831287, -0.0029209619387984276, -0.006207883358001709, 0.011482401750981808, 0.023193107917904854, 0.012221035547554493, 0.0029125683940947056, -0.01639767549932003, -0.013422994874417782, 0.029625939205288887, 0.0014932157937437296, -0.005929216742515564, -0.010669904761016369, 0.0034782947041094303, -0.005553185008466244, 0.002558359643444419, 0.014262352138757706, -0.0011457221116870642, -0.032526757568120956, -0.004028913099318743, 0.00807125587016344, 0.0052275145426392555, -0.01862700656056404, -0.0052443016320466995, 0.024576367810368538, 0.0073259067721664906, 0.009864121675491333, -0.009293358772993088, -0.03720029443502426, 0.005167081020772457, 0.0015494527760893106, -0.013872889801859856, -0.011992731131613255, -0.014960696920752525, -0.029411064460873604, -0.002712801331654191, 0.010455029085278511, 0.0012657501501962543, 0.024495789781212807, 0.001542737940326333, 0.008010821416974068, -0.004888414405286312, -0.02518070489168167, 0.000815854873508215, -0.020090846344828606, 0.020480306819081306, -0.02172926999628544, -0.05473949760198593]","[-0.013044553808867931, 0.0313444659113884, 0.008131060749292374, -0.05349205434322357, -0.013426640070974827, 0.02627679891884327, 0.004631956107914448, -0.023072637617588043, -0.013902571983635426, -0.024708235636353493, 0.035768624395132065, -0.0002524198207538575, 0.010034787468612194, -0.02086056023836136, 0.004380583763122559, -0.0012484830804169178, 0.0007738081621937454, 0.017575960606336594, 0.016624096781015396, -0.029253048822283745, 0.017334643751382828, -0.00014527232269756496, -0.00017973130161408335, -0.002134989947080612, -0.015216412022709846, -0.016034210100769997, 0.01348026655614376, -0.007333371788263321, 0.006089916452765465, -0.00884160678833723, 0.04772724583745003, -0.013768506236374378, -0.0071054608561098576, -0.029896562919020653, -0.0006518925074487925, -0.021249350160360336, 0.0032745450735092163, -0.022858133539557457, 0.012233458459377289, 0.004353770520538092, 0.019131118431687355, -0.029762497171759605, -0.013299277983605862, -0.024761861190199852, -0.015243224799633026, 0.05067668482661247, 0.01043028011918068, -0.019077492877840996, -0.004581681918352842, -0.013312684372067451, 0.011046980507671833, 0.031398095190525055, -0.054457325488328934, -0.008131060749292374, -0.02354186773300171, -0.006016180384904146, 0.016114648431539536, 0.019251776859164238, 0.040219590067863464, 0.0020444958936423063, 0.02785876952111721, 0.006291014142334461, -0.008801386691629887, -0.0004407396772876382, -0.018755735829472542, 0.012903785333037376, 0.010550939477980137, -0.006562496535480022, -0.004373880568891764, -0.020082982257008553, 0.01226697489619255, 0.015953771770000458, -0.017361456528306007, 0.010054897516965866, 0.013406530022621155, -0.018340133130550385, 0.006652990821748972, 0.0024952904786914587, 0.009632592089474201, 0.00988061260432005, 0.006448540836572647, -0.026142733171582222, -0.01638277992606163, 0.014680150896310806, 0.004534758627414703, 0.019573533907532692, 0.017696619033813477, 0.04649384692311287, 0.0234882403165102, -0.0006644611712545156, -0.0054195900447666645, -0.0026762785855680704, 0.008942156098783016, -0.02131638303399086, 0.012944004498422146, 0.016624096781015396, -0.00442750658839941, 0.027537012472748756, -0.026182953268289566, 0.009324241429567337, -0.030754581093788147, 0.013902571983635426, -0.027429761365056038, -0.016061022877693176, -0.016490032896399498, -0.0028522394131869078, -0.01302444376051426, -0.011797746643424034, 0.02726888284087181, -0.016275526955723763, 0.008124357089400291, 0.033006876707077026, 0.03936157375574112, -0.011482693254947662, 0.0009367812890559435, -0.006076509598642588, 0.02205374278128147, -0.02893129177391529, -0.005040855146944523, -0.007172493729740381, -0.011248079128563404, 0.026035482063889503, 0.01253510545939207, -0.034776538610458374, 0.005546951666474342, -0.007581392768770456, -0.027671078220009804, -0.02154429443180561, 0.007789194118231535, -0.004501242656260729, 0.040702227503061295, 0.025003178045153618, 0.010919618420302868, 0.027255475521087646, -0.02624998614192009, 0.00015553669072687626, 0.011536318808794022, 0.019238371402025223, -0.01088610291481018, -0.022683849558234215, 0.030245132744312286, 0.022295059636235237, -0.01529685128480196, -0.002409823704510927, -0.03327500820159912, 0.0313444659113884, -0.008975671604275703, 0.0069713955745100975, 0.007695348467677832, -0.014626524411141872, 0.004065530374646187, 0.017334643751382828, 0.004564923699945211, 0.018313320353627205, -0.0042264084331691265, -0.006870846729725599, -0.010597862303256989, -0.005513435695320368, -0.009156660176813602, -0.03222929686307907, 0.015685640275478363, 0.007655128836631775, -0.00903600174933672, -0.0031806991901248693, 0.005530193913727999, 0.030754581093788147, 0.002235539024695754, -0.029387114569544792, -5.8077508583664894e-05, -0.011187748983502388, -0.006984802428632975, 0.02678624726831913, -0.026156140491366386, 0.02134319581091404, -0.004762670025229454, -0.012132910080254078, 0.009639294818043709, 0.03228292614221573, -0.013956197537481785, 0.003857729025185108, -0.002733256435021758, 0.025391967967152596, 0.018876394256949425, 0.00648540910333395, -0.026156140491366386, 0.00111022824421525, -0.018970239907503128, -0.019050680100917816, -0.021557699888944626, -0.00959907565265894, -0.006723375059664249, -0.008452816866338253, -0.022348685190081596, -0.01937243528664112, -0.6143408417701721, 0.0002310531708644703, -0.013956197537481785, -0.009887316264212132, -0.015913551673293114, 0.02275088243186474, -0.008177983574569225, 0.01960034668445587, -0.016476625576615334, 0.0175357423722744, -0.00751436036080122, 0.010349840857088566, -0.006036290433257818, -0.010758740827441216, 0.0017713378183543682, -0.01274290680885315, 0.01722739078104496, -0.02704097144305706, -0.009525340050458908, -0.0024785322602838278, -0.030352383852005005, 0.01970759965479374, -0.030808206647634506, 0.010859289206564426, -0.012220052070915699, -0.00904940813779831, -0.011958625167608261, -0.026906905695796013, 0.0013481942005455494, 0.03654620051383972, -0.02517746388912201, 0.01771002635359764, 0.014023230411112309, 0.021638140082359314, 0.05370656028389931, -0.005037503782659769, -0.022281652316451073, 0.02633042447268963, -0.006579254753887653, 0.033596765249967575, -0.019721005111932755, 0.016061022877693176, 0.01012193039059639, -0.010061601176857948, -0.013044553808867931, 0.0042532216757535934, 0.033543139696121216, -0.0006803814321756363, 0.0018517769640311599, -0.004434209782630205, 0.012481479905545712, 0.022375497967004776, -0.0031237215735018253, 0.002570702228695154, -0.0017998266266658902, -0.01092632208019495, 0.041318926960229874, -0.028797226026654243, 0.0212627574801445, 0.0008207310456782579, -0.007219416555017233, -0.025418780744075775, -0.031532157212495804, 0.0043772319331765175, -0.02949436567723751, 0.0213968213647604, 0.041855186223983765, -0.010664895176887512, -0.00782271008938551, -0.016650911420583725, 0.024962959811091423, 0.02356868050992489, -0.0038108061999082565, 0.01643640547990799, 0.011817856691777706, 0.0232603307813406, 0.022657036781311035, 0.007165790535509586, -0.02111528441309929, 0.010369950905442238, 0.021530887112021446, -0.013600924983620644, -0.02842184342443943, 0.006187113467603922, 0.018179254606366158, -0.009183472953736782, -0.023957468569278717, -0.015497948974370956, 0.00661947438493371, -0.0019439469324424863, 0.01942606270313263, 0.01199884433299303, 0.013667957857251167, 0.001552643720060587, -0.008258422836661339, 0.008968968875706196, -0.013822132721543312, 0.010584455914795399, 0.03407939895987511, -0.03056688793003559, -0.01689222827553749, 0.0030516614206135273, -0.003081826027482748, 0.004776076413691044, 0.013808726333081722, 0.005074371583759785, -0.0018082057358697057, -0.008419301360845566, 0.03493741899728775, -0.008700838312506676, -0.0171737652271986, -0.014277954585850239, -0.006106674671173096, -0.005050910171121359, -0.029842935502529144, -0.030995897948741913, 0.023890437558293343, 0.011248079128563404, -0.0006288500735536218, -0.0063949148170650005, 0.005982663948088884, 0.01009511761367321, 0.01476059015840292, -0.0008622074965387583, -0.003596301656216383, -0.0013456804445013404, -0.00024089858925435692, -0.008922046050429344, -0.010765443556010723, 0.006160300690680742, 0.003613059874624014, -0.031424906104803085, 0.014318174682557583, -0.004936954937875271, 0.006870846729725599, -0.011455880478024483, -0.0015694019384682178, 0.00856006983667612, 0.011764230206608772, -0.018903207033872604, -0.0052754697389900684, -0.009619185701012611, 0.018983647227287292, -0.0006171193672344089, -0.002796937245875597, 0.0058251372538506985, -0.018755735829472542, -0.0008831551531329751, -0.03273874521255493, 0.014867842197418213, -0.03268511965870857, 0.00649881549179554, 0.007212713360786438, 0.017307830974459648, 0.02397087588906288, -0.006532331928610802, -0.002299219835549593, -0.010222479701042175, -0.01120785903185606, -0.02701415866613388, -0.0022221324034035206, 0.025164056569337845, -0.009465009905397892, 0.0072462297976017, -0.031934354454278946, -0.04539451003074646, -0.004980525933206081, 0.007413811050355434, -0.02315307781100273, -0.004719098564237356, -0.00048556775436736643, -0.004960416350513697, -0.01903727278113365, 0.011080496944487095, 0.006056400015950203, 0.004507945850491524, -0.025056805461645126, 0.0060999710112810135, -0.008828200399875641, -0.007755677681416273, -0.02057902328670025, 0.006019532214850187, 0.00834556482732296, -0.019131118431687355, 0.028555909171700478, 0.030781393870711327, 0.031532157212495804, 0.019640566781163216, -0.011308408342301846, 0.0453408844769001, 0.015162785537540913, 0.008580178953707218, -0.0348033532500267, -0.013741693459451199, -0.01909089833498001, 0.0064317830838263035, 0.03367720544338226, 0.011784340254962444, -0.001285351114347577, 0.00405212352052331, -0.006884253118187189, -0.0009996243752539158, 0.02427922561764717, 0.00712557090446353, 0.010128633119165897, -0.0334358848631382, 0.0010180583922192454, -0.014385206624865532, 0.016248714178800583, 0.009190176613628864, 0.015658827498555183, -0.008499739691615105, 0.008539959788322449, 0.009625888429582119, 0.015833111479878426, 0.0343475304543972, 0.018393758684396744, -0.005748049821704626, -9.536441939417273e-05, 0.013527189381420612, -0.013171915896236897, -0.0021483965683728456, 0.011127419769763947, 0.01535047683864832, -0.028529096394777298, 0.00984039343893528, 0.00031212077010422945, 0.014425426721572876, 0.013440046459436417, -0.015752673149108887, 0.016248714178800583, 0.04212331771850586, -0.006579254753887653, 0.014277954585850239, 0.009907425381243229, 0.009364461526274681, 0.009176770225167274, -0.007829413749277592, 0.01756255514919758, -0.037913668900728226, 0.006964692380279303, 0.03654620051383972, 0.014626524411141872, -0.016503438353538513, 0.006827275734394789, 0.009478417225182056, 0.008224906399846077, 0.030245132744312286, -0.0009325917344540358, 0.021664952859282494, -0.01750892773270607, 0.02162473276257515, 0.01064478512853384, -0.005570413079112768, 0.0212627574801445, -0.0010415198048576713, -0.0015543196350336075, 0.022791100665926933, 0.0034186651464551687, 0.012146316468715668, 0.010410171002149582, -0.03115677647292614, 0.0072663393802940845, -0.025780757889151573, 0.013419936411082745, -0.0021215833257883787, -0.02029748633503914, -0.012018954381346703, -0.0075679863803088665, -0.029869750142097473, 0.008124357089400291, -0.04587714746594429, -0.003411961952224374, -0.02111528441309929, 0.01640959270298481, -0.008110950700938702, 0.017039699479937553, 0.008714244700968266, 0.019251776859164238, 0.012233458459377289, -0.03174666315317154, -0.011201156303286552, -0.0018333429470658302, 0.010101820342242718, 0.004135914612561464, -0.037967294454574585, -0.0035694886464625597, 0.015484542585909367, -0.008955562487244606, -0.001519127399660647, -0.015135972760617733, 0.024976365268230438, 0.018956834450364113, -0.009645998477935791, -0.03265830874443054, 0.01809881627559662, 0.019573533907532692, 0.024440104141831398, 0.026692401617765427, 0.0014504189603030682, 0.02777833119034767, 0.006461947690695524, -0.034159839153289795, -0.008177983574569225, 0.048424385488033295, -0.00014192069647833705, -0.011006761342287064, -0.030218319967389107, 0.03386489674448967, -0.015712453052401543, 0.009947645477950573, -0.016798382624983788, -0.019104305654764175, 0.016315747052431107, -0.021249350160360336, -0.031987980008125305, -0.024547357112169266, -0.0032477318309247494, 0.03287281095981598, 0.006123432889580727, -0.009465009905397892, -0.030298758298158646, -0.03676070645451546, 0.005929037928581238, 0.015162785537540913, 0.04156024381518364, -0.009176770225167274, 0.0025790813378989697, -0.0011278243036940694, 0.003029875922948122, -0.020203640684485435, -0.03373083099722862, 0.01697266660630703, 0.004229760263115168, 0.0009996243752539158, 0.00019198570225853473, 0.031961169093847275, 0.00886841956526041, 0.028850853443145752, 0.005784917622804642, -0.012394336983561516, 0.00417278241366148, -0.01189829595386982, -0.006374805234372616, 0.021490667015314102, -0.008271829225122929, 0.017267610877752304, 0.038583993911743164, 0.02397087588906288, 0.0014847732381895185, 0.002265703631564975, 0.00023859433713369071, -0.002545564901083708, -0.03260468319058418, 0.00465206615626812, -0.014465645886957645, 0.005496677476912737, 0.008171279914677143, -0.002146720653399825, 0.06113377586007118, 0.034669287502765656, 0.01745530217885971, 0.023019012063741684, 0.009699624963104725, -0.006264201365411282, 0.022254839539527893, -0.0008140277350321412, -0.005851950496435165, 0.014934875071048737, -0.020176827907562256, -0.032041605561971664, 0.008285235613584518, 0.023756371811032295, 0.0002310531708644703, -0.007521063555032015, -0.0022388906218111515, -0.012749610468745232, -0.01728101819753647, 0.04046090692281723, -0.014626524411141872, -0.007802600506693125, -0.01559179462492466, -0.012856862507760525, -0.0334358848631382, -0.0018534527625888586, -0.0034521815832704306, 0.00835897121578455, 0.007903149351477623, 0.029172610491514206, -0.04638659581542015, -0.03155897185206413, 0.005650852341204882, -0.013835539110004902, 0.014371800236403942, -0.016476625576615334, 0.00037412598612718284, -0.020659463480114937, 0.011362033896148205, 0.048343949019908905, 0.02123594470322132, 0.03327500820159912, 0.023595493286848068, 0.007829413749277592, 0.007621612399816513, -0.0254858136177063, -0.03394533321261406, -0.008821496739983559, -0.005862005520612001, -0.003281248267740011, 0.007373591419309378, 0.013587518595159054, -0.011972031556069851, -0.029816122725605965, 0.022603409364819527, 0.027215255424380302, -0.011395550332963467, 0.02354186773300171, -0.0038711356464773417, 0.028582721948623657, 0.016677724197506905, 0.009478417225182056, 0.04282045736908913, -0.012407743372023106, -0.012481479905545712, 0.013768506236374378, 0.0202170480042696, -0.03558092936873436, 0.004675527568906546, 0.008385784924030304, -0.00968621764332056, 0.007936665788292885, 0.013983011245727539, -0.004631956107914448, -0.00306339212693274, -0.000830366974696517, -0.008432707749307156, 0.01556498184800148, -0.0059860157780349255, 0.0007826061919331551, 0.011140826158225536, -0.004608494695276022, 0.028234152123332024, -0.011563132517039776, -0.01663750410079956, 0.014693557284772396, -0.011422364041209221, 0.030995897948741913, 0.02596844919025898, -0.015725860372185707, 0.0014973417855799198, -0.012132910080254078, -0.009773360565304756, 0.013641144149005413, 0.00457497825846076, 0.010014678351581097, 0.01532366406172514, -0.015363883227109909, -0.022777695208787918, -0.03700202330946922, -0.003686795709654689, 0.01120785903185606, 0.010182259604334831, 0.0027801792602986097, 0.011321814730763435, 0.004598439671099186, -0.02246934548020363, -0.021329790353775024, -0.004501242656260729, -0.024011095985770226, -0.02571372501552105, -0.02783195674419403, 0.010195665992796421, 0.008499739691615105, 0.0027047675102949142, 0.0039515746757388115, 0.0053492053411901, 0.010738630779087543, -0.01557838823646307, -0.024118347093462944, -0.01748211495578289, 0.004605143330991268, 0.024480324238538742, 0.02847547084093094, 0.011388847604393959, 0.04483143612742424, -0.009820283390581608, 0.017830684781074524, -0.022522971034049988, -0.007715458050370216, 0.025365155190229416, -0.0014864490367472172, -0.003867784049361944, -0.018420573323965073, 0.014371800236403942, 0.02839503064751625, 0.0024232303258031607, 0.04812944307923317, -0.003314764704555273, -0.012602138333022594, 0.026906905695796013, -0.012199942022562027, 0.009424790740013123, -0.018728923052549362, -0.03727015480399132, -0.0129708182066679, 0.0046822307631373405, -0.0066798035986721516, -0.010584455914795399, -0.01661069132387638, 0.016168275848031044, 0.027590639889240265, -0.0009652701555751264, 0.011650274507701397, -0.014210921712219715, 0.038583993911743164, -0.0059592025354504585, -0.021182317286729813, -0.024989772588014603, 0.013245651498436928, -0.026973938569426537, -0.02831459231674671, -0.020351113751530647, -0.024158567190170288, -0.009216989390552044, -0.005376018583774567, 0.018165849149227142, 0.03332863375544548, -0.001490638591349125, -0.008881825953722, 0.0018919965950772166, 0.003619763068854809, -0.014197515323758125, -0.00914995651692152, 0.00015260401414707303, -0.016503438353538513, -0.020029356703162193, -0.012615544721484184, -0.01620849408209324, 0.034133024513721466, 0.027671078220009804, 0.006391563452780247, 0.0016674371436238289, -0.027617452666163445, -0.005305634345859289, 0.004139265976846218, -0.034615661948919296, 0.034052588045597076, 0.009082924574613571, 0.04654747247695923, 0.012132910080254078, -0.0008575989631935954, -0.026973938569426537, 0.009431494399905205, 0.006488760467618704, 0.009813579730689526, 0.04501912742853165, 0.02780514396727085, -0.003299682168290019, -0.04641340672969818, -0.016195088624954224, -0.017629588022828102, 0.0012836753157898784, -0.018514418974518776, 0.019466280937194824, 0.011295001953840256, -0.022174401208758354, -0.009947645477950573, 0.012736204080283642, -0.016784975305199623, 0.020284080877900124, -0.0024768563453108072, 0.012615544721484184, -3.39876496582292e-05, -0.014841028489172459, -0.027483386918902397, 0.0025019936729222536, -0.027108004316687584, 0.03536642715334892, 0.0016816816059872508, 0.012468073517084122, -0.0031723203137516975, -0.006844033487141132, -0.006937879603356123, 0.03008425422012806, 0.009444900788366795, 0.04102398082613945, -0.0411580465734005, 0.015122566372156143, 0.02706778421998024, 0.009324241429567337, -0.011469286866486073, -0.01323894876986742, 0.019640566781163216, 0.0334358848631382, -0.010061601176857948, -0.0062809595838189125, 0.00011385076504666358, 0.02300560660660267, -0.010973244905471802, 0.00994094181805849, -0.02494955249130726, -0.03169303759932518, -0.0028891072142869234, -0.013915978372097015, 0.02218780666589737, 0.007058538030833006, 0.013158509507775307, -0.012528402730822563, -0.02001594938337803, 0.009337647818028927, -0.028770413249731064, -0.0003967494994867593, -0.026062294840812683, -0.003991794306784868, 0.008265125565230846, -0.0023176539689302444, 0.0035761918406933546, 0.030245132744312286, -0.01119445264339447, 0.004601791501045227, 0.015712453052401543, 0.01860826462507248, -0.025753945112228394, 0.013627737760543823, -0.00035925311385653913, -0.028100086376070976, -0.01689222827553749, 0.018152441829442978, 0.012300491333007812, 0.0012484830804169178, 0.005178272258490324, -0.008620399050414562, -0.030459636822342873, -0.0011923433048650622, 0.018648482859134674, 0.014224328100681305, -0.01225356850773096, -0.01697266660630703, 0.025955041870474815, -0.00725963618606329, 0.0011504478752613068, -0.04432198777794838, -0.020230453461408615, 0.02182583138346672, -0.024882519617676735, -0.011368737556040287, -0.018702110275626183, -0.0039515746757388115, -0.008975671604275703, -0.02210736833512783, 0.021155504509806633, -0.0038543774280697107, -0.014706963673233986, -0.013714880682528019, 0.010611268691718578, 0.0031455070711672306, 0.011020167730748653, -0.01674475707113743, -0.020069574937224388, -0.007688645273447037, -0.006951285991817713, 0.02670580893754959, 0.017240798100829124, -0.0017830685246735811, 0.005305634345859289, 0.00035527304862625897, 0.013875759206712246, -0.007668535225093365, -0.03217567130923271, -0.014344987459480762, -0.016235308721661568, -0.05453776568174362, -0.010537533089518547, -0.008667321875691414, -0.01712013967335224, 0.029387114569544792, 0.019694192335009575, 0.0021433690562844276, -0.03611719235777855, 0.004913493525236845, -0.04550176486372948, -0.019694192335009575, -0.007206010166555643, 2.6603584046824835e-05, 0.026290206238627434, 0.02162473276257515, -0.00239306571893394, 0.0371628999710083, 0.005218491889536381, 0.025901416316628456, -0.034186653792858124, 0.0029226236511021852, -0.008030511438846588, -0.008968968875706196, 0.004353770520538092, -0.005379370413720608, -0.025499220937490463, -0.0038041030056774616, 0.011764230206608772, -0.009096330963075161, 0.02997700124979019, 0.033006876707077026, 0.0021132042165845633, -0.018031783401966095, -0.00560392951592803, -0.040782663971185684, 0.002684657694771886, -0.006833978928625584, 0.022509563714265823, -0.025727132335305214, -0.019922103732824326, 0.001524154911749065, 0.011576538905501366, 0.007474140729755163, -0.003985091112554073, 0.003478994593024254, 0.021249350160360336, 0.020659463480114937, -0.015390696935355663, 0.01722739078104496, -0.005831840448081493, -0.04059497267007828, 0.01863507740199566, 0.00778249092400074, 0.02788558229804039, 0.03724334016442299, -0.010906212031841278, 0.0025690263137221336, -0.00752776674926281, 0.013580814935266972, -0.001962380949407816, 0.00038857990875840187, 0.013346200808882713, -0.018139034509658813, 0.00023901330132503062, -0.0032862757798284292, 0.02241571806371212, -0.015779485926032066, 0.023903843015432358, 0.00038061977829784155, 0.00780930370092392, -0.037484657019376755, -0.008352268487215042, -0.029413927346467972, -0.027724703773856163, -0.03657301515340805, 0.022522971034049988, -0.0062608495354652405, -0.004450968001037836, -0.022281652316451073, -0.007467437535524368, -0.026357239112257957, -0.002835481194779277, -0.0024232303258031607, -0.0022238080855458975, -0.04987229406833649, -0.0007549552246928215, 0.022576596587896347, 0.006036290433257818, 0.010068303905427456, 0.19809488952159882, 0.023890437558293343, -0.004450968001037836, 0.006331233773380518, -0.008633805438876152, -0.010986651293933392, 0.010349840857088566, -0.0049637677147984505, -0.008151170797646046, 0.007085351273417473, -0.02287154085934162, 0.01584651879966259, 0.01557838823646307, -0.0014462294057011604, 0.0005626553320325911, -0.00778249092400074, -0.03407939895987511, -0.010933025740087032, -0.03509829565882683, 0.005121294409036636, 0.027108004316687584, -0.008010401390492916, 0.02019023522734642, -0.024198787286877632, 0.006777001079171896, -0.02049858495593071, 0.035205546766519547, -0.003914706874638796, 0.015953771770000458, -0.01148939598351717, -0.0031287490855902433, -0.025244496762752533, 0.0023310603573918343, -0.006736781448125839, -0.032551053911447525, -0.006827275734394789, -0.0016238659154623747, 0.01689222827553749, -0.0040923431515693665, 0.006391563452780247, -0.014452239498496056, -0.01091291569173336, 0.012836752459406853, 0.02295197919011116, -0.004896735306829214, 0.00493360310792923, -0.012106096372008324, 0.003589598461985588, 0.0013012713752686977, 0.04142617806792259, -0.03928113356232643, 0.0188093613833189, 0.014559491537511349, 0.0052486564964056015, -0.0213968213647604, -0.028689974918961525, 0.009257209487259388, 0.01855463720858097, -0.000964432256296277, 0.024091534316539764, -0.01504212711006403, 0.021490667015314102, 0.021959897130727768, 0.02241571806371212, 0.006626177579164505, 0.0175357423722744, -0.013051257468760014, -0.03161259740591049, 0.0289849191904068, -0.006341288797557354, 0.0016841953620314598, -0.01742848940193653, 0.005104536190629005, 0.0066697485744953156, 0.0025304825976490974, -0.023380989208817482, 0.03177347779273987, 0.0150823462754488, 0.020672868937253952, 0.01560520101338625, -0.018755735829472542, -0.01199884433299303, -0.011697197332978249, 0.026384051889181137, -0.03450840711593628, -0.008640509098768234, -0.003401906928047538, -0.01635596714913845, -0.022268246859312057, -0.019774632528424263, -0.014398613013327122, -0.006334585603326559, -0.010188963264226913, -0.0032158915419131517, -0.002357873599976301, 0.009914129041135311, -0.009532042779028416, 0.028207339346408844, -0.00751436036080122, -0.010745333507657051, -0.030861832201480865, 0.025646692141890526, 0.0265315230935812, -0.008499739691615105, 0.0017193874809890985, 0.012809939682483673, -0.019466280937194824, -0.007641721982508898, -0.0069713955745100975, -0.011858075857162476, 0.008258422836661339, -0.03233655169606209, 0.002649465575814247, -0.019814850762486458, 0.007963478565216064, 0.02236209250986576, -0.00014024486881680787, -0.017803872004151344, 0.014948281459510326, -0.01640959270298481, 0.02785876952111721, -0.03568818420171738, -0.0019221613183617592, 0.008687431924045086, -0.0071322740986943245, -0.03394533321261406, -0.03777960315346718, 0.030352383852005005, 0.01998913660645485, -0.040702227503061295, 0.005620687734335661, -0.022965386509895325, -0.0025807570200413465, -0.01533707045018673, -0.007561283186078072, 0.0156722329556942, 0.009967755526304245, -0.010798959992825985, 0.005376018583774567, -0.002448367653414607, 0.01886298879981041, -0.013305981643497944, 0.022938573732972145, -0.008553366176784039, -0.00046378214028663933, -0.008828200399875641, 0.005003987345844507, -0.0007901474018581212, -0.025539439171552658, -0.034749727696180344, 0.0012124531203880906, -0.035822249948978424, 0.004182837437838316, -0.014412020333111286, 0.02683987282216549, -0.029306674376130104, 0.02602207474410534, -0.05081075057387352, 0.0004671337956096977, 0.016530251130461693, -0.025700317695736885, -0.008808090351521969, 0.014532678760588169, 0.0039884429425001144, -0.018514418974518776, -0.006813868880271912, -0.1688150316476822, 0.021584514528512955, 0.03558092936873436, -0.023112857714295387, 0.002388038206845522, 0.011046980507671833, 0.003874487243592739, -0.010571048595011234, -0.021973302587866783, -0.025324935093522072, 0.005727940239012241, -0.015189598314464092, -0.04633296653628349, -0.02057902328670025, -0.012421149760484695, 0.0029377059545367956, 0.0055603585205972195, 0.0028421843890100718, 0.010691707953810692, 0.03619763255119324, 0.0558784194290638, -0.03268511965870857, 0.0020662813913077116, -0.0046889339573681355, 0.007179196923971176, 0.0038342676125466824, -0.004018607549369335, -0.008928748778998852, -0.0035560820251703262, 0.0015518058789893985, -0.024748453870415688, -0.012260272167623043, 0.02686668559908867, 0.006086564622819424, 0.013942791149020195, 0.00857347622513771, 0.017415082082152367, -0.010443687438964844, -0.026424270123243332, 0.007970182225108147, -0.0037002023309469223, 0.012642358429729939, 0.003242704551666975, 0.011248079128563404, 0.004142617806792259, 0.04196244105696678, 0.014358393847942352, 0.013346200808882713, 0.02944074012339115, -0.020820342004299164, 0.007561283186078072, -0.03812817111611366, -0.008680728264153004, 0.006716671399772167, 0.005908928345888853, 0.005664259195327759, 0.009357757866382599, 0.01425114180892706, -0.003515862626954913, -0.04359803721308708, -0.010946432128548622, -0.00994094181805849, 0.004571626894176006, 0.004370528738945723, -0.010007974691689014, 0.008915342390537262, -0.009592371992766857, 0.004393990151584148, -0.04271320626139641, 0.007206010166555643, -0.017415082082152367, 0.025003178045153618, 0.013996417634189129, 0.00482970243319869, -0.006978098768740892, 0.024212192744016647, -0.007769084069877863, -0.00482970243319869, 0.012709390372037888, 0.006807165686041117, -0.009103033691644669, 0.017321236431598663, -0.0029997110832482576, 0.023340769112110138, 0.010007974691689014, -0.0004189540632069111, 0.020029356703162193, -0.006518925540149212, 0.012595434673130512, 0.02060583606362343, 0.026746027171611786, -0.036841146647930145, 0.006984802428632975, 0.0032292979303747416, -0.0087678711861372, -0.002840508474037051, 0.018514418974518776, 0.017267610877752304, 0.0022271599154919386, -0.0045381104573607445, 0.014143889769911766, -0.012588731944561005, -0.01852782443165779, 0.007614909205585718, 0.034669287502765656, 0.009666108526289463, 0.026665588840842247, 0.007360185030847788, 0.01750892773270607, 0.0004021959030069411, -0.011328518390655518, 0.009739844128489494, -0.003360011614859104, 0.01793793775141239, 0.008251719176769257, 0.023608898743987083, -0.01068500429391861, -0.017777059227228165, 0.015135972760617733, -0.009592371992766857, 0.037511471658945084, -0.016543658450245857, -0.01425114180892706, -0.01804518885910511, 0.007152383681386709, 0.01559179462492466, -0.08167257905006409, -0.014733776450157166, 0.006904363166540861, -0.009223693050444126, -0.042418260127305984, -0.0031790235079824924, -0.02379659190773964, 0.022120775654911995, -0.04472418501973152, 0.0132657615467906, -0.04595758393406868, -0.01477399654686451, 0.006049696821719408, 0.015189598314464092, 0.001940595218911767, 0.015497948974370956, 0.010276105254888535, -0.0011253106640651822, 0.006951285991817713, 0.03753828629851341, 0.004042068962007761, -0.007366888225078583, 0.02509702369570732, -0.011965327896177769, -0.03292643651366234, 0.012917191721498966, -0.0213968213647604, 0.0010783877223730087, 0.02128957025706768, -0.023474834859371185, -0.007333371788263321, -0.018621670082211494, 0.03659982606768608, -0.011837965808808804, -0.02218780666589737, -0.028850853443145752, -0.02328714355826378, 0.00020340220362413675, 0.025324935093522072, -0.010504016652703285, -0.01065819151699543, 0.013473562896251678, 0.016288934275507927, -0.006448540836572647, 0.007454030681401491, -0.014988500624895096, -0.02478867396712303, 0.0378868542611599, 0.013983011245727539, -0.029628431424498558, -0.015524761751294136, 0.0002218361769337207, -0.011683790944516659, -0.006448540836572647, 0.04963097348809242, 0.013057960197329521, 0.005255359690636396, 0.019747819751501083, 0.01646321825683117, -0.0017629587091505527, -0.005449754651635885, -0.019493095576763153, 0.0042733317241072655, 0.026410864666104317, 0.03287281095981598, 0.017951343208551407, -0.0022506213281303644, -0.01061797235161066, -0.021705172955989838, -0.015216412022709846, -0.012508292682468891, 0.015430916100740433, -0.027590639889240265, -0.0036264664959162474, -0.028636349365115166, 0.003663334297016263, -0.027563825249671936, 0.001940595218911767, 0.006391563452780247, 0.0017763652140274644, 0.006046344991773367, -0.004497890826314688, -0.024145161733031273, -0.01720057800412178, 0.02049858495593071, 0.011328518390655518, 0.016087835654616356, 0.013714880682528019, -0.023354176431894302, -0.05005998536944389, 0.0026025427505373955, -0.005885466933250427, 3.6449004255700856e-05, -0.031532157212495804, -0.014224328100681305, 0.022402312606573105, -0.012876972556114197, -0.0024416642263531685, -0.010731927119195461, -0.015524761751294136, -0.022657036781311035, -0.016476625576615334, -0.049523722380399704, 0.02450713701546192, -0.006877549923956394, 0.001258537988178432, 0.008928748778998852, 0.0015752672916278243, -0.023622306063771248, -0.033543139696121216, 0.012132910080254078, 0.02001594938337803, -0.00805062148720026, 0.021356603130698204, -0.004782779607921839, 0.000772970262914896, -0.0007834440912120044, -0.007440624292939901, 0.017334643751382828, -0.006361398380249739, 0.0001840255717979744, 0.03566136956214905, 0.013627737760543823, 0.008714244700968266, 0.008828200399875641, 0.006733429618179798, 0.008734354749321938, -0.006150245666503906, 0.017361456528306007, 0.02128957025706768, -0.0106984106823802, -0.01742848940193653, 0.010410171002149582, -0.02847547084093094, -0.0012568621896207333, 0.02032429911196232, 0.030969085171818733, -0.014197515323758125, 0.006622825749218464, 0.006022883579134941, 0.025445593520998955, 0.012595434673130512, -0.019814850762486458, -0.024493731558322906, 0.005141404457390308, -0.008131060749292374, -0.011663680896162987, -0.014210921712219715, -0.02340780198574066, 0.007279745768755674, 0.00649881549179554, 0.013419936411082745, 0.043919794261455536, 0.01860826462507248, -0.017830684781074524, -0.02425241284072399, -0.008486333303153515, -0.035741809755563736, 0.015283443965017796, 0.025861196219921112, -0.014412020333111286, -0.010611268691718578, 0.04716417193412781, -0.02732250839471817, 0.004886680282652378, -0.008888529613614082, 0.026437677443027496, -0.03399895876646042, -0.022603409364819527, 0.018541231751441956, 0.020431552082300186, -0.025137243792414665, -0.015712453052401543, -0.007695348467677832, 0.003864432219415903, 0.029065357521176338, -9.786504961084574e-06, 0.0026209766510874033, -0.017240798100829124, -0.023246923461556435, 0.009277318604290485, 0.01533707045018673, 0.013098180294036865, -0.0051078880205750465, 0.0072931526228785515, 0.0040956949815154076, 0.01835354045033455, 0.035205546766519547, -0.013305981643497944, 0.0313444659113884, 0.004789482802152634, -0.012441259808838367, -0.019533313810825348, 0.0144924595952034, -0.011777636595070362, 0.022683849558234215, 0.014559491537511349, -0.018621670082211494, -0.03222929686307907, -0.0015844842419028282, 0.017723433673381805, 0.014680150896310806, 0.015444322489202023, -0.0036700377240777016, 0.00109598389826715, -0.0012794857611879706, -0.007996995002031326, -0.006468650884926319, -0.030835019424557686, -0.035339612513780594, -0.013929384760558605, 0.01068500429391861, -0.016530251130461693, -0.004390638787299395, -0.011650274507701397, -0.0020093037746846676, 0.0024450160562992096, -0.0031907542143017054, 0.0058083790354430676, -0.006944582797586918, -0.021437041461467743, 0.017924530431628227, 0.015256631188094616, 0.0026997399982064962, 0.01832672767341137, -0.0030164693016558886, 0.015135972760617733, 0.032014794647693634, -0.02576735056936741, -0.00961248204112053, 0.01796475052833557, 0.006019532214850187, 0.012682577595114708, 0.021731985732913017, -0.005369315389543772, -0.018433978781104088, -0.016650911420583725, -0.029226236045360565, 0.001036492409184575, -0.005037503782659769, -0.027282288298010826, 0.08033192902803421, -0.0019305403111502528, 0.0001959657674888149, -0.010510719381272793, 0.014197515323758125, 0.02078012190759182, 0.018849581480026245, 0.003522565821185708, -0.016114648431539536, -0.019211558625102043, 0.02726888284087181, 0.008875123225152493, -0.012394336983561516, -0.01804518885910511, 0.003897948656231165, 0.007976885885000229, -0.005607281345874071, 0.017053106799721718, 0.009230395779013634, -0.04209650307893753, -0.00807743426412344, 0.007360185030847788, 0.0015057208947837353, -0.02060583606362343, -0.005972609389573336, 0.025727132335305214, 0.007916555739939213, -0.0019104304956272244, -0.008774573914706707, -0.029360301792621613, 0.005811730865389109, 0.0007084513199515641, -0.016624096781015396, -0.018165849149227142, -0.013875759206712246, -0.029708871617913246, -0.007628315594047308, 0.009625888429582119, -0.0074339210987091064, 0.02571372501552105, -0.0077087548561394215, 0.009056110866367817, -0.007554579991847277, -0.01773683913052082, 0.0068373302929103374, -0.013996417634189129, 0.007641721982508898, -0.021986709907650948, -0.05684368684887886]","[-0.002925674896687269, -0.0003454624966252595, -0.0056758769787848, 0.0073496196419000626, 0.001960573485121131, 0.03539155423641205, -0.029776420444250107, -0.01847865805029869, -0.01930203102529049, -0.019922934472560883, 0.02183964103460312, -0.007693816442042589, 0.0026118482928723097, -0.020219890400767326, -0.024714699015021324, -0.02745477668941021, 0.00815274566411972, -0.012195373885333538, 0.024039801210165024, -0.006789455655962229, 0.005311432760208845, -0.024215275421738625, 0.005820979364216328, -0.024836178869009018, -0.00041569388122297823, -0.018735118210315704, 0.019275035709142685, -0.014456275850534439, -0.01939651556313038, 0.015414629131555557, 0.012553068809211254, -0.013416935689747334, -0.0073091257363557816, -0.0177092757076025, -0.017695777118206024, -0.003570200875401497, 0.014780226163566113, -0.00903685949742794, 0.022433549165725708, -0.0017530428012833, 0.0031855099368840456, -0.0010233112843707204, 0.0003667638811748475, -0.014780226163566113, -0.01519866194576025, 0.019288532435894012, 0.006320402957499027, -0.016885902732610703, -0.005584765691310167, 0.03593147173523903, -0.014834217727184296, 0.034230735152959824, -0.017749769613146782, -0.0010663359425961971, -0.010886074975132942, 0.014051338657736778, -0.030046377331018448, -0.011176280677318573, 0.0195314958691597, -0.019544992595911026, -0.007025669328868389, -0.011911917477846146, -0.011911917477846146, -0.011311260052025318, 0.00042117739212699234, -0.00012116495781810954, -0.008247231133282185, 0.008922127075493336, -0.011196527630090714, -0.010980560444295406, 0.02628045715391636, 0.013808376155793667, -0.019693471491336823, 0.0005597420386038721, 0.015387632884085178, 0.00036402212572284043, -0.011318009346723557, -0.01563059538602829, 0.01563059538602829, 0.0026624654419720173, 0.026671897619962692, -0.008976119570434093, -0.03261098265647888, 0.00935406144708395, 0.0035263325553387403, -0.0038941509556025267, 0.006937932688742876, 0.017587793990969658, 0.006880566477775574, -0.007707314565777779, 0.017790263518691063, 0.02028737962245941, -0.004204603377729654, 0.0030893373768776655, 0.0068198260851204395, 0.018505653366446495, 0.013943355530500412, 0.006971677765250206, -0.00037056018481962383, 0.012499077245593071, -0.0008491037879139185, 0.009151591919362545, -0.025349101051688194, -0.02078680321574211, -0.006425011437386274, 0.017061375081539154, -0.011135786771774292, 0.01916705071926117, 0.023175934329628944, -0.02115124650299549, -0.012465332634747028, 0.028561607003211975, 0.008031264878809452, -0.014618251472711563, 0.0022642766125500202, 0.0034352215006947517, 0.015158168040215969, -0.021731657907366753, -0.009914224967360497, -0.0038165380246937275, 0.010845582000911236, 0.010973812080919743, 0.024228772148489952, -0.019855445250868797, 0.0064688799902796745, -0.005540897604078054, -0.03736225143074989, -0.005891843698918819, -0.018141210079193115, -0.026847369968891144, 0.05825703963637352, 0.01880260743200779, 0.04335533082485199, 0.012512574903666973, -0.015414629131555557, 0.03369081765413284, -0.04200553894042969, 0.020449355244636536, -0.04457014426589012, -0.024309759959578514, 0.01939651556313038, 0.020827295258641243, -0.001715923543088138, -0.007876038551330566, 0.044408168643713, 0.006556616630405188, 0.007417108863592148, -0.0028463746421039104, 0.0028463746421039104, -0.0007647417369298637, 0.008307971991598606, -0.010906321927905083, -0.009880480356514454, -0.008618424646556377, -0.004403697792440653, -0.0038705295883119106, 0.013740886002779007, 0.012640805914998055, 0.007376615423709154, -0.01830318383872509, -0.001972384052351117, 0.030370328575372696, 0.0028092553839087486, -0.018046723678708076, 0.007822046987712383, 0.027063336223363876, 0.03247600421309471, -0.019059067592024803, -0.01857314258813858, 0.004852503538131714, -0.0007183426059782505, 0.0016070965211838484, -0.041519612073898315, 0.011054799892008305, 0.004717524163424969, 0.01939651556313038, 0.0004125302948523313, -0.007990770973265171, 0.02395881526172161, 0.0016273434739559889, 0.005557769909501076, 0.010751096531748772, 0.01707487367093563, 0.016791416332125664, -0.017182856798171997, 0.007606079801917076, 0.004434067755937576, 0.006236040499061346, 0.012019900605082512, -0.011378749273717403, 0.036903321743011475, 0.013052492402493954, 0.002868308685719967, 0.010973812080919743, -0.6491961479187012, 0.012667801231145859, -0.0010756157571449876, -0.023405399173498154, -0.027643747627735138, 0.021259229630231857, 0.006894064601510763, 0.0024566221982240677, -0.009482291527092457, 0.00969825778156519, -0.0118646752089262, -0.01087257731705904, -0.012607060372829437, 0.0034419705625623465, 0.013383191078901291, -0.011709448881447315, 0.03487863391637802, -0.04154660925269127, 0.017776764929294586, 0.00824048276990652, 0.00592221412807703, 0.011851176619529724, 0.008166244253516197, -0.0017496683867648244, 0.016885902732610703, 0.0048288824036717415, 0.008712910115718842, -0.04073673486709595, 0.01957198977470398, 0.025389594957232475, -0.026334449648857117, 0.0004876125021837652, 0.0015210473211482167, 0.01703437976539135, 0.05636733025312424, -0.0010115006007254124, -0.015738578513264656, -0.002640531398355961, -0.005567893385887146, 0.031639132648706436, -0.014510268345475197, -0.026239963248372078, -0.00407637283205986, -0.009050358086824417, 0.011533975601196289, 0.001394504215568304, 0.021029764786362648, -0.004177607595920563, -0.007383364252746105, 0.0015429813647642732, 0.022231079638004303, -0.013356195762753487, 0.0069514308124780655, 0.02451222948729992, 0.011749942786991596, -0.011264016851782799, 0.006617357023060322, -0.02143470197916031, -0.0023806963581591845, 0.022271573543548584, 0.003958266228437424, 0.01613001897931099, -0.026968851685523987, -0.03161213546991348, 0.0051460834220051765, 0.0003385026066098362, -0.0031720120459795, 0.0029003664385527372, -0.006063942331820726, 0.014010844752192497, -0.0008731469279155135, -0.006458756513893604, 0.0009153279243037105, 0.003421723609790206, -0.00969825778156519, 0.03482464328408241, 0.02555156871676445, 0.02718481793999672, -0.008226984180510044, -9.532908734399825e-05, 0.025268113240599632, 0.0050988406874239445, -0.01229660864919424, -0.02233906276524067, 0.0300733745098114, -0.048808492720127106, -0.030640287324786186, -0.024215275421738625, 0.013551915064454079, -0.015131172724068165, 0.015590101480484009, 0.011277515441179276, -0.003931270446628332, -0.009414801374077797, -0.004670281428843737, 0.010184183716773987, 0.02247404307126999, 0.016372980549931526, 0.02785971388220787, -0.05550346150994301, -0.010157187469303608, 0.005335054360330105, 0.019922934472560883, 0.015698084607720375, 0.02409379370510578, 0.004342956934124231, -0.005240568891167641, 0.012087390758097172, 0.02609148621559143, -0.01672392711043358, 0.025106137618422508, -0.018060222268104553, -0.015887055546045303, -0.008591428399085999, -0.018235694617033005, -0.028696585446596146, -0.01338994037359953, 0.0041674841195344925, 0.0014468086883425713, -0.0010081261862069368, -0.000733527762349695, 0.02885856106877327, 0.019814951345324516, -0.00704591628164053, 0.008058260194957256, 0.013052492402493954, -0.01839767023921013, 0.004420570097863674, -0.015495616011321545, -0.013889363035559654, 0.013983848504722118, -0.03166612982749939, 0.025983503088355064, -0.023837333545088768, 0.008328218944370747, 0.009610521607100964, 0.007693816442042589, 0.00542616518214345, 0.01880260743200779, -0.015522612258791924, 0.006701719015836716, -0.0009963155025616288, -0.001222405699081719, 0.0016619318630546331, -0.020219890400767326, -0.005065096076577902, -0.015698084607720375, -0.007471100892871618, 0.004130364861339331, 0.020098408684134483, 0.011709448881447315, 0.013646400533616543, -0.02613198012113571, 0.024809183552861214, -0.010157187469303608, -0.017331333830952644, -0.026604408398270607, -0.019760960713028908, -0.012451834976673126, -0.018357176333665848, 0.044138211756944656, 0.010116693563759327, -0.03128818795084953, -0.015887055546045303, -0.004643285647034645, 0.00427209259942174, -0.011027803644537926, 0.042059529572725296, -0.019990425556898117, -0.027211813256144524, 0.0031095840968191624, 0.0017496683867648244, -0.020624827593564987, 0.0018390921177342534, -0.001186129986308515, 0.004403697792440653, -0.023769844323396683, -0.011095292866230011, -0.010204430669546127, -0.01546862069517374, 0.02070581540465355, 0.011405745521187782, -0.022096101194620132, -0.005297935102134943, 0.030289340764284134, -0.004366578068584204, 0.02999238669872284, 0.0021714784670621157, -0.012391094118356705, 0.014550761319696903, -0.011264016851782799, 0.004785013850778341, -0.005264190025627613, -0.0012299983063712716, 0.004248471464961767, 0.006860319525003433, -0.017992733046412468, 0.00409999443218112, -0.03433871641755104, 0.007558837067335844, 0.03601245954632759, 0.01613001897931099, 0.015914052724838257, 0.006242789793759584, 0.0005234663258306682, -0.006188797764480114, -0.004383450839668512, -0.015549607574939728, 0.01377463061362505, 0.014469774439930916, 0.020030919462442398, -0.030046377331018448, 0.010406899265944958, -0.008092004805803299, 0.023756345734000206, 0.013329199515283108, 0.007599330972880125, 0.002186663681641221, -0.011668954975903034, 0.020908283069729805, 0.003028596518561244, -0.0277247354388237, -0.006553241983056068, -0.04008883237838745, 0.006394641473889351, 0.022231079638004303, 0.023297416046261787, 0.01289051678031683, -0.0034723407588899136, -0.021542686969041824, -0.01797923445701599, 0.0018576517468318343, 0.013173973187804222, 0.018357176333665848, 0.025200624018907547, -0.008442951366305351, 0.03528357297182083, -0.00474451994523406, 0.01526615209877491, -0.016062529757618904, -0.003951516933739185, 0.027805723249912262, 0.03474365547299385, -0.009495789185166359, 0.01708837039768696, 0.016737425699830055, 0.03973788768053055, -0.022487541660666466, -0.017371827736496925, 0.01965297758579254, -0.005989703815430403, 0.011095292866230011, -0.022959968075156212, -0.0023520132526755333, 0.010737597942352295, -0.003570200875401497, 0.00840245746076107, 0.006202295888215303, 0.026941856369376183, 0.012769035995006561, 0.0011135786771774292, 0.0039953854866325855, 0.007693816442042589, 0.023540379479527473, -0.007545339409261942, -0.0003600149357225746, 0.006681472063064575, 0.0003355499356985092, 0.00216810405254364, -0.012080641463398933, 0.004224850330501795, -0.024404246360063553, 0.006452007684856653, -0.007093159016221762, 0.022797992452979088, 0.015657590702176094, 0.010393401607871056, 0.0019386393250897527, 0.0019690096378326416, 0.008712910115718842, -0.024795684963464737, -0.009219082072377205, 0.033366866409778595, 0.02831864356994629, -0.014537263661623001, -0.001275553833693266, 0.014685740694403648, 0.009610521607100964, -0.006441884208470583, 0.029425473883748055, -0.009097600355744362, 0.005851349793374538, -0.012613809667527676, -0.0028109427075833082, 0.009158341214060783, 0.003146703355014324, -0.0002019415987888351, -0.007457602769136429, -0.007855791598558426, -0.0023975686635822058, 0.0011633522808551788, -0.00031677939114160836, -0.01519866194576025, -0.006971677765250206, 0.04743170365691185, 0.00040261776302941144, -0.015077181160449982, -0.0076600718311965466, 0.019963428378105164, -0.010514882393181324, 0.004791762679815292, -0.015549607574939728, 0.0003707711002789438, -0.016737425699830055, 0.011048050597310066, 0.003116333158686757, 0.017142362892627716, -0.016791416332125664, 0.021637171506881714, 0.017952239140868187, 0.007133652456104755, -0.04187056049704552, 0.022069105878472328, 0.01067010872066021, 0.03228703513741493, 0.030019382014870644, -0.013545166701078415, 0.009941221214830875, 0.004083122126758099, 0.004646660294383764, -0.029614444822072983, -0.010015459731221199, 0.007059413939714432, -0.03247600421309471, -0.013720639050006866, 0.015509114600718021, 0.01753380335867405, 0.005308058578521013, 0.015536109916865826, 0.004407071974128485, 0.039845868945121765, -0.010244923643767834, -0.008098754100501537, 0.0013801626628264785, -0.018087217584252357, 0.009630768559873104, -0.010251672938466072, 0.01889709383249283, 0.014591255225241184, 0.008571181446313858, 0.010899573564529419, 0.028480619192123413, 0.02818366512656212, 0.011898419819772243, 0.002169791143387556, 0.02283848635852337, 0.017817258834838867, 0.022258076816797256, 0.01198615599423647, 0.01040014997124672, 0.016143517568707466, 0.019234541803598404, -0.011311260052025318, 0.023256922140717506, 0.015576603822410107, 0.00948903989046812, 0.01924803853034973, -0.00746435159817338, 0.002299708779901266, -0.006327151786535978, 0.00032268473296426237, 0.024998154491186142, 0.02310844510793686, 0.006168551277369261, 0.006907562259584665, 0.020408861339092255, -0.02147519588470459, -0.014280803501605988, 0.02410729229450226, 0.004103368613868952, -0.01295800693333149, 0.013437182642519474, -0.03420373797416687, -0.03860406205058098, -0.012721792794764042, -0.0049604871310293674, -0.0036106945481151342, 0.00029843064839951694, -0.012411341071128845, -0.0015682900557294488, 0.001305080484598875, -0.007822046987712383, -0.037119291722774506, 0.013889363035559654, 0.02609148621559143, -0.02174515463411808, -0.047134749591350555, -0.009570027701556683, 0.018222196027636528, -0.003772669704630971, -0.001936952001415193, -0.02704983949661255, 0.0035836987663060427, 0.013835371471941471, -0.0022625895217061043, -0.045056067407131195, -0.0021427953615784645, -0.0027974445838481188, 0.0024060048162937164, -0.009462044574320316, 0.017547300085425377, 0.020503345876932144, -0.00996821653097868, 0.0066409786231815815, 0.016103023663163185, 0.032637979835271835, 0.021367212757468224, -0.02142120525240898, 0.026604408398270607, -0.010514882393181324, -0.0040358793921768665, 0.031720120459795, 0.008463198319077492, 0.0031045223586261272, -0.017722774296998978, -0.017736271023750305, -0.029884403571486473, -0.004440817050635815, 0.0007120154914446175, 0.011135786771774292, 0.020503345876932144, 0.012384344823658466, 0.001382693531922996, -0.0038469082210212946, 0.02999238669872284, -0.0038705295883119106, -0.0025696672964841127, 0.0006892377277836204, 0.019288532435894012, 0.015212159603834152, 0.019369520246982574, 0.022851984947919846, 0.01220887154340744, 0.006394641473889351, 0.012370847165584564, -0.020044416189193726, 0.0012283110991120338, 0.01761479116976261, 0.003664686344563961, 0.016345985233783722, -0.01666993647813797, -0.03968389704823494, -0.003927895799279213, 0.004589294083416462, -0.013727388344705105, 0.009050358086824417, -0.024944161996245384, -0.0036343159154057503, -0.007990770973265171, -0.013524919748306274, -0.002233906416222453, -0.01184442825615406, 6.0371570725692436e-05, -0.015171666629612446, -0.009799492545425892, -0.016049031168222427, 0.001769915223121643, -0.005439663305878639, 0.009394554421305656, -0.03231402859091759, 0.004012257792055607, -0.008935625664889812, 0.004690528381615877, 0.030181357637047768, -0.010575623251497746, 0.048322565853595734, -0.007565586362034082, -0.004953737836331129, 0.004062875173985958, -0.03085625357925892, -0.01363290287554264, 0.008004268631339073, 0.014402284286916256, 0.02464720793068409, 0.022622520104050636, -0.013065990060567856, 0.0113517539575696, 0.013997347094118595, 0.014321297407150269, -0.003533081617206335, 0.016602445393800735, 0.00978599488735199, -0.013889363035559654, 0.011709448881447315, 0.02169116400182247, 0.009212332777678967, 0.021866636350750923, -0.005908716004341841, 0.0014299362665042281, -0.00362419243901968, -0.0218801349401474, -0.011601465754210949, -0.01613001897931099, -0.02224457822740078, 0.004663532599806786, 0.027333294972777367, -0.005787234753370285, 0.01761479116976261, -0.00013424106873571873, -0.014604753814637661, -0.004596042912453413, 0.010541878640651703, -0.005486906040459871, 0.02424227073788643, 0.03452768921852112, -0.010994059033691883, 0.00568600045517087, 0.03244900703430176, 0.004558923654258251, -0.009320315904915333, -0.025713544338941574, -0.005311432760208845, -0.014820720069110394, 0.009421550668776035, -0.00020594878878910094, 0.031963083893060684, -0.01599503867328167, 0.02247404307126999, -0.01243833638727665, 0.023675357922911644, -0.003278308315202594, -0.02528161182999611, 0.021259229630231857, -0.028561607003211975, -0.013740886002779007, -0.024161282926797867, -0.006931183859705925, -0.0017564173322170973, 0.009664513170719147, 0.003563451813533902, 0.0041337390430271626, 0.006175300106406212, -0.003384604351595044, -0.015104176476597786, -0.013457429595291615, -0.029074527323246002, 0.028561607003211975, -0.006232666317373514, 0.04502907395362854, 0.026604408398270607, 0.0011017679935321212, -0.01345068123191595, 0.032044071704149246, 0.004832256585359573, -0.008915378712117672, 0.036903321743011475, 0.018546147271990776, -0.002871683333069086, -0.011243770830333233, -0.014712736941874027, -0.007984021678566933, -0.029506461694836617, -0.01472623459994793, 0.019275035709142685, 0.004839005414396524, 0.001621438073925674, 0.004019006621092558, -0.013518170453608036, -0.04907844960689545, 0.012107637710869312, -0.01934252493083477, 0.010953565128147602, -0.020057914778590202, 0.01021792832762003, -0.004774890374392271, 0.0015590101247653365, -0.027103830128908157, 0.035499539226293564, 0.056745272129774094, 0.026577411219477654, -0.0227035079151392, -0.011702699586749077, -0.002844687318429351, 0.01716935820877552, 0.01132475771009922, 0.02233906276524067, -0.001161665073595941, -0.01812771148979664, 0.0025797905400395393, 0.0022912726271897554, -0.00976574793457985, -0.009502538479864597, 0.018006229773163795, 0.021043263375759125, -0.004238347988575697, -0.009077353402972221, -0.01456425990909338, 0.0024836179800331593, -0.020044416189193726, 0.008928876370191574, -0.01653495617210865, -0.001156603335402906, -0.03134217858314514, -0.012634056620299816, 0.020314374938607216, 0.0072213890962302685, 0.004356455057859421, -0.0075318412855267525, -0.010433894582092762, 0.001675429753959179, 0.014240309596061707, -0.001925141317769885, -0.014105330221354961, -0.008793896995484829, -0.0048862481489777565, -0.014469774439930916, 0.00994796957820654, 0.025470582768321037, 0.024525728076696396, 0.000488877936732024, -0.023580873385071754, 0.01797923445701599, -0.03355583921074867, -0.0153606366366148, -0.012168378569185734, -0.01590055413544178, -0.0280486848205328, 0.017466312274336815, -0.0018880220595747232, -0.042464468628168106, 0.017506806179881096, -0.007153899408876896, -0.030910244211554527, -0.014307798817753792, 0.0027198316529393196, 0.0035668262280523777, -0.0076195779256522655, 0.0009878792334347963, -0.008125750347971916, -0.013666647486388683, 0.016912898048758507, 0.0016070965211838484, 0.003944768104702234, 0.02726580575108528, -0.007147150579839945, 0.005635383073240519, 0.010778091847896576, -0.01957198977470398, -0.0013329199282452464, 0.003416661871597171, -0.004288965370506048, 0.005287811625748873, -0.02501165308058262, -0.0045690471306443214, -0.010298916138708591, 0.02201511338353157, 0.013491175137460232, -0.028291648253798485, -0.039980851113796234, -0.024066798388957977, -0.01939651556313038, 0.01930203102529049, -0.0009077353752218187, 0.017871251329779625, -0.012323603965342045, -0.001514298259280622, 0.015158168040215969, 0.00994796957820654, -0.032637979835271835, -0.0243772491812706, -0.020827295258641243, -0.01839767023921013, -0.027441278100013733, -0.011493481695652008, -0.00592221412807703, 0.032691970467567444, -0.0017024256521835923, -0.04195154830813408, -0.015833064913749695, -0.025254614651203156, -0.021718159317970276, 0.004211352206766605, 0.0021529188379645348, -0.0024245644453912973, 0.014631749130785465, -0.005338429007679224, 0.005743366666138172, 0.04608191177248955, -0.010805088095366955, 0.008004268631339073, -0.014199815690517426, -0.015009691007435322, -0.0327189676463604, 0.019814951345324516, -0.0040358793921768665, 0.0026843994855880737, -0.0044441912323236465, -0.013727388344705105, -0.004420570097863674, -0.007916532456874847, 0.02763024903833866, 0.015738578513264656, 0.005176453851163387, -0.03587748110294342, -0.0017732897540554404, -0.005540897604078054, -0.0011869736481457949, 0.0004774890549015254, 0.00706616323441267, -0.059552840888500214, 0.006826574914157391, -0.0005141865112818778, 0.0010283730225637555, -0.019126558676362038, 0.021407706663012505, -0.0012409653281792998, -0.01590055413544178, 0.005166330374777317, -0.010751096531748772, 0.007214640267193317, -0.002711395500227809, -0.020152399316430092, 0.03479764610528946, -0.01433479506522417, 0.005014478694647551, 0.010805088095366955, 0.008989617228507996, -0.008908629417419434, -0.026212967932224274, -0.015954546630382538, -0.021164745092391968, 0.0009887228952720761, -0.005605012644082308, -0.014577757567167282, -0.03279995545744896, -0.03536456078290939, 0.01739882305264473, -0.014483272098004818, -0.009192085824906826, 0.0008010173914954066, 0.0034723407588899136, -0.04370627552270889, -0.0017311087576672435, 0.012499077245593071, -0.007072912063449621, -0.009853484109044075, -0.023756345734000206, -0.02812967263162136, -0.014955699443817139, -0.01824919320642948, -0.004693903028964996, -0.00456229830160737, -0.01657545007765293, 0.0005563675658777356, -0.020948776975274086, -0.020948776975274086, 0.027832718566060066, -0.006205670535564423, -0.005739992018789053, 0.028156667947769165, 0.19868943095207214, -0.0016973639139905572, -0.0117769381031394, 0.016615943983197212, -0.008868135511875153, -0.0009625706588849425, 0.009279822930693626, 0.021259229630231857, -0.004909869749099016, 0.006161801982671022, -0.016062529757618904, -0.02714432403445244, -0.014456275850534439, -0.00042623913032002747, 0.0038165380246937275, -0.024120789021253586, -0.0404127836227417, -0.022298570722341537, -0.03234102576971054, -0.026941856369376183, 0.02858860231935978, 0.02599700167775154, -0.041654590517282486, -0.012823027558624744, 0.0370652973651886, 0.002205223310738802, 0.012883768416941166, 0.021583179011940956, 0.0010342784225940704, -0.01957198977470398, -0.0062090447172522545, 0.028561607003211975, 0.005844600964337587, 0.01657545007765293, -0.00476814154535532, 0.011689201928675175, 0.015117674134671688, 0.009387806057929993, 0.004791762679815292, 0.037038303911685944, -0.0016813351539894938, -0.015495616011321545, 0.003533081617206335, -0.030019382014870644, 0.0140243424102664, 0.01776326820254326, -0.0117769381031394, 0.0035432048607617617, 0.004940240178257227, 0.01318072248250246, -0.015549607574939728, -0.04313936457037926, 0.012397842481732368, 0.009340562857687473, 0.010332660749554634, 0.0047951373271644115, 0.004579170607030392, -0.011871423572301865, 0.01613001897931099, 0.019018573686480522, -0.01671043038368225, 0.015617097727954388, -0.006735464092344046, 0.03226003795862198, 0.00013656102237291634, 0.005281062796711922, -0.016008537262678146, 0.002486992394551635, 0.028210660442709923, -0.0069986735470592976, -0.0027670743875205517, 0.004332833457738161, 0.013464178889989853, -0.01716935820877552, -0.015914052724838257, -0.026293955743312836, 0.008186490274965763, 0.011041301302611828, 0.023540379479527473, 0.04667581990361214, -0.02958744950592518, -0.0013691956410184503, -0.020125404000282288, -0.014078333973884583, 0.009212332777678967, -0.02278449572622776, 0.005955958738923073, -0.00856443215161562, -0.00329011888243258, -0.004653409123420715, -0.001013187924399972, -0.01359240896999836, -0.012370847165584564, -0.009839986450970173, 0.008962620981037617, 0.01567108929157257, 0.001764853484928608, 0.013484425842761993, -0.010811836458742619, 0.021731657907366753, -0.021367212757468224, 0.052479926496744156, 0.0008533218642696738, 0.010636364109814167, 0.017830757424235344, 0.013545166701078415, 0.009941221214830875, 0.005503778345882893, 0.014631749130785465, -0.010204430669546127, -0.02664490044116974, -0.024701200425624847, 0.003252999624237418, -0.01173644419759512, -0.009050358086824417, 0.008841140195727348, -0.0029594197403639555, -0.014280803501605988, -0.0009861920261755586, -0.014847716316580772, -0.002215346787124872, -0.006924435030668974, -0.03139616921544075, 0.038523074239492416, 0.0029459218494594097, -0.0075723351910710335, -0.03369081765413284, -0.016791416332125664, -0.021893631666898727, -0.043652284890413284, -0.007896285504102707, 0.0031247693113982677, -0.014105330221354961, 0.010042455047369003, 0.012742039747536182, 0.013052492402493954, 0.003482464235275984, -0.007990770973265171, -0.016318989917635918, 0.006759085226804018, -0.005986329168081284, -0.0049604871310293674, -0.02418827824294567, -0.007693816442042589, -0.008557683788239956, -0.04770166054368019, 0.0065093738958239555, 0.010717350989580154, -0.03552653640508652, -0.00982648879289627, 0.004187730606645346, -0.005405918229371309, 0.007336121518164873, -0.010656611062586308, 0.01757429726421833, -0.022663014009594917, -0.041384633630514145, -0.028075681999325752, 0.0035600773990154266, 0.007450853940099478, -0.038064144551754, 0.01621100679039955, 0.011932164430618286, -0.00924607738852501, -0.022352561354637146, -0.017992733046412468, -0.17255745828151703, -0.0038300359155982733, 0.03787517547607422, -0.017857752740383148, -0.011959160678088665, 0.017520304769277573, 0.0039481427520513535, 0.017749769613146782, -0.020948776975274086, 0.005584765691310167, 0.013281957246363163, -0.025268113240599632, -0.03755122423171997, -0.00543628865852952, -0.00926632434129715, -0.012370847165584564, 0.004852503538131714, -0.001990943681448698, 0.014807222411036491, 0.016642939299345016, 0.02256852760910988, -0.019329026341438293, -0.007855791598558426, 0.0017834131140261889, 0.0018222196958959103, 0.00681645143777132, 0.0055476464331150055, 0.011851176619529724, -0.012634056620299816, -0.02601049840450287, -0.010751096531748772, 0.008841140195727348, 0.025025149807333946, 0.020314374938607216, -0.002055058954283595, -0.013335948809981346, 0.021961120888590813, -0.010366405360400677, -0.013133479282259941, -0.0023671984672546387, 0.013275207951664925, 0.011108791455626488, 0.011587967164814472, 0.007990770973265171, -0.0010292166844010353, 0.034311722964048386, 0.02011190541088581, 0.007079660892486572, 0.015104176476597786, -0.0034200362861156464, 0.02614547871053219, -0.019032072275877, -0.007862540893256664, -0.012424838729202747, 0.0003937597502954304, 0.009435048326849937, -0.029371481388807297, 0.025835026055574417, -0.007768054958432913, 0.023634864017367363, -0.023661859333515167, -0.044462159276008606, -0.013268458656966686, -0.02028737962245941, -0.020368367433547974, -0.020179396495223045, -0.026563914492726326, 0.018924089148640633, -0.0280486848205328, -0.0005871596513316035, 0.010811836458742619, -0.0026725889183580875, 0.0047883884981274605, -0.020503345876932144, 0.004390199668705463, -0.02256852760910988, -0.037848178297281265, 0.03180110827088356, -0.008820893242955208, 0.012964755296707153, 0.016615943983197212, 0.029749423265457153, 0.011385498568415642, -0.002449873136356473, 0.015104176476597786, 0.014618251472711563, 0.012181876227259636, 0.02024688571691513, 0.016008537262678146, -0.01876211352646351, 0.0038367847446352243, 8.29911368782632e-05, -0.01947750337421894, -0.008058260194957256, 0.015482118353247643, 0.034500692039728165, -0.00019930527196265757, 0.013997347094118595, 0.010987309738993645, -0.027292801067233086, 0.010109945200383663, -0.002009503310546279, -0.038307107985019684, -0.009779245592653751, 0.03620143234729767, 0.01429430115967989, -0.015657590702176094, 0.0064621311612427235, 0.031423166394233704, 0.008746654726564884, -0.011014305986464024, 0.026847369968891144, 0.0015269526047632098, 0.025079142302274704, -0.014307798817753792, -0.006516122724860907, 0.0187081228941679, -0.01861363649368286, 0.012721792794764042, 0.02474169433116913, -0.0007023138459771872, -0.024066798388957977, -0.005159581080079079, 0.009475542232394218, -0.012944508343935013, -0.026199469342827797, -0.09799492359161377, -0.013585660606622696, 0.004774890374392271, 0.03231402859091759, -0.014213313348591328, 0.0035060856025666, 0.00815274566411972, -0.003580324351787567, -0.01357216201722622, -0.0010233112843707204, -0.008496942929923534, -0.016831910237669945, -0.006225917488336563, -0.01413232646882534, -0.0027755105402320623, 0.01472623459994793, -0.010818585753440857, -0.01974746212363243, -0.02445823699235916, -0.0059390864335000515, -0.001263743150047958, -0.017601292580366135, 0.0026354696601629257, -0.0038300359155982733, -0.009225830435752869, 0.00427209259942174, -0.015104176476597786, -0.016426973044872284, 0.0073091257363557816, 0.007990770973265171, -0.011129038408398628, -0.0324220135807991, 0.021731657907366753, 0.001567446393892169, -2.1986852516420186e-05, -0.0013025496155023575, -0.025470582768321037, 0.010049204342067242, 0.031153207644820213, 0.00034736061934381723, 0.017587793990969658, -0.01924803853034973, 0.029047532007098198, -0.026752885431051254, -0.012654303573071957, -0.0025595438200980425, -0.029371481388807297, 0.018829602748155594, -0.0003946033539250493, -0.026739386841654778, -0.029749423265457153, -0.008098754100501537, -0.012566566467285156, -0.022770997136831284, 0.017452815547585487, -0.02201511338353157, 0.0072686318308115005, 0.022636018693447113, -0.02274400182068348, 0.01630549132823944, 0.008942374028265476, -0.006826574914157391, -0.005611761938780546, 0.00657011428847909, -0.00020921781833749264, 0.003931270446628332, -0.0019976927433162928, -0.03058629482984543, 0.021097254008054733, -0.008800646290183067, -0.002271025674417615, 0.036579374223947525, -0.02001742087304592, 0.0010519943898543715, -0.04219450801610947, -0.003664686344563961, -0.01613001897931099, 0.0009381056879647076, 0.03709229454398155, -0.024134287610650063, -0.005476782564073801, -0.016291994601488113, -0.00021058869606349617, -0.013214467093348503, -0.0015868496848270297, 0.013416935689747334, 0.0277247354388237, 0.013099734671413898, -0.0035432048607617617, -0.02201511338353157, 0.02397231198847294, 0.02785971388220787, 0.02858860231935978, -0.007437355816364288, 0.017830757424235344, -0.012384344823658466, 0.004896371625363827, -0.025524573400616646, 0.002927362220361829, -0.025349101051688194, -0.024390747770667076, -0.024768689647316933, -0.06333225965499878, 0.009117847308516502, -0.02074630931019783, -0.030046377331018448, -0.014577757567167282, -0.029776420444250107, 0.003069090424105525, -0.007079660892486572, -0.01563059538602829, 0.040115829557180405, -0.016103023663163185, 0.01064311247318983, -0.01266105193644762, -0.00456229830160737, -0.01025842223316431, 0.018451660871505737, 0.03315090015530586, 0.0018137835431843996, -0.004852503538131714, -0.01110204216092825, -0.0019302030559629202, -0.0061584278009831905, 0.0013556977501139045, 0.04249146208167076, -0.0118646752089262, 0.0045285532251000404, -0.014078333973884583, -0.015333641320466995, -0.010143689811229706, -0.008766901679337025, 0.025443585589528084, -0.023067951202392578, 0.0028564981184899807, 0.026158975437283516, -0.024134287610650063, -0.007315874565392733, 0.012674550525844097, 0.0203818641602993, 0.025106137618422508, 0.012769035995006561, -0.0063878921791911125, -0.014820720069110394, 0.019639478996396065, -0.01345068123191595, -0.0022372808307409286, 0.009671262465417385, -0.02958744950592518, -0.016642939299345016, 0.012269612401723862, -0.008463198319077492, 0.03882002830505371, 0.009178588166832924, -0.005324930883944035, -0.00883439090102911, -0.013005249202251434, -0.035310566425323486, 0.01907256618142128, -0.0033542339224368334, 0.017655283212661743, -0.004312586504966021, 0.03501361235976219, 0.002478556241840124, 0.03085625357925892, -0.0245527233928442, 0.016413474455475807, -0.0028581854421645403, -0.0010325912153348327, 0.040250808000564575, 0.00547003373503685, -0.013700392097234726, -0.0424104742705822, -0.009752250276505947, -0.016777919605374336, -0.006371019873768091, 0.029344486072659492, -0.014253807254135609, -0.010609367862343788, -0.004872750490903854, -0.023580873385071754, 0.026037495583295822, 0.011237021535634995, 0.007876038551330566, 0.01472623459994793, 0.025200624018907547, 0.004062875173985958, -0.001621438073925674, 0.0041674841195344925, 0.00971850473433733, -0.016737425699830055, -0.009171838872134686, -0.05364074930548668, 0.018087217584252357, -0.005777111276984215, 0.011021054349839687, -0.006553241983056068, 0.0037996654864400625, -0.006576863117516041, 0.011857925914227962, 0.005507152993232012, 0.01042039692401886, 0.004859252367168665, 0.01866762898862362, 0.005989703815430403, -0.01888359524309635, -0.02197461947798729, 0.0050077298656105995, -0.040790725499391556, -0.01888359524309635, -0.005645506549626589, 0.0004572421603370458, -0.015333641320466995, -0.004103368613868952, 0.04362528771162033, 0.0005863160477019846, -0.006931183859705925, 0.008375461213290691, -0.0045757959596812725, -0.011857925914227962, -0.034500692039728165, 0.014280803501605988, -0.013099734671413898, 0.015104176476597786, 0.03414974734187126, -0.020044416189193726, 0.03166612982749939, 0.0086049260571599, -0.006971677765250206, 0.002009503310546279, 0.010724100284278393, -0.02568654902279377, 0.007423858158290386, 0.016278496012091637, -0.015482118353247643, -0.016413474455475807, -0.022622520104050636, 0.010994059033691883, 0.0044374424032866955, -0.007747808005660772, 0.012559818103909492, 0.07094508409500122, 0.00043130083940923214, -0.022190585732460022, -0.008301222696900368, 0.01540113054215908, 0.021529188379645348, -0.0012915825936943293, 0.012600312009453773, -0.01042039692401886, 0.004059500526636839, 0.021529188379645348, -0.01019093208014965, 0.03252999484539032, -0.0108523303642869, 0.004666907247155905, 0.004353080410510302, -0.012357349507510662, 0.013747635297477245, 0.0004884561058133841, 0.031720120459795, 0.007936779409646988, 0.02065182290971279, 0.027198316529393196, 0.007471100892871618, -0.014672243036329746, -0.0025477330200374126, 0.017884748056530952, 0.021137747913599014, 0.002689461223781109, -0.04073673486709595, 0.009495789185166359, 0.0009617270552553236, 0.010103195905685425, -0.010994059033691883, -0.000607828376814723, 0.015536109916865826, -0.009482291527092457, -0.009435048326849937, 0.0248766727745533, 0.02028737962245941, 0.025308607146143913, -0.004930116701871157, -0.02432325854897499, -0.034446701407432556, -0.02699584700167179, -0.01753380335867405, 0.030775265768170357, -0.017250346019864082, -0.022717004641890526]"
19115,"Mongodb with spring, Group all rows in one and with disticnt values<p>I've realized a projection using mongoTemplate that gives me the result bellow:</p>
<pre><code>{&quot;resourcesInspected&quot;: [&quot;CD0626UHEA&quot;, &quot;CD0626UKE9&quot;]}
{&quot;resourcesInspected&quot;: [&quot;CD0GNDPB1E&quot;]}
{&quot;resourcesInspected&quot;: [&quot;CD0H7L789D&quot;, &quot;CD0H7L8RF7&quot;]}
{&quot;resourcesInspected&quot;: [&quot;CD0FTHYK2B&quot;]}
{&quot;resourcesInspected&quot;: [&quot;CD04H5K4B1&quot;, &quot;CD0725K788&quot;, &quot;CD0725K58A&quot;]}
{&quot;resourcesInspected&quot;: [&quot;CD06JXHJ8A&quot;, &quot;CD04E9LCED&quot;]}
</code></pre>
<p>to do so, I did this:</p>
<pre><code>static final String resourcesInspected =&quot;resourcesInspected&quot;;

ProjectionOperation projectionOperation = Aggregation
        .project(resourcesInspected).andExpression(&quot;split(resourcesInspected, ',')&quot;)
        .as(resourcesInspected)
        .andExclude(&quot;_id&quot;);

template.aggregate(newAggregation(projectionOperation),&quot;kpi&quot;, DBObject.class).getMappedResults()
        .forEach(System.out::println);
</code></pre>
<p>Now what I really want is to group all the rows in one since it's the same field, and that in order to have in the end one per (key,value) with all the values are <strong>distinct</strong>, something like that:</p>
<pre><code>{&quot;resourcesInspected&quot;: [&quot;CD0626UHEA&quot;, &quot;CD0626UKE9&quot;,&quot;CD0626UHEZ&quot;,&quot;CXX0626UHEA&quot;]}
</code></pre>
<p>for my context I need to use MongoOperations(mongoTemplate), I tried a lot of methods, but I don't get the result desired, could anyone help me in this ?</p>
",physical tables can be created only with hive support in spark. In such case that there is no hive support the saveTable command will create inmemory tables which will be temporary available.,"Embed Field: Mongodb with spring, Group all rows in one and with disticnt values<p>I've realized a projection using mongoTemplate that gives me the result bellow:</p>
<pre><code>{&quot;resourcesInspected&quot;: [&quot;CD0626UHEA&quot;, &quot;CD0626UKE9&quot;]}
{&quot;resourcesInspected&quot;: [&quot;CD0GNDPB1E&quot;]}
{&quot;resourcesInspected&quot;: [&quot;CD0H7L789D&quot;, &quot;CD0H7L8RF7&quot;]}
{&quot;resourcesInspected&quot;: [&quot;CD0FTHYK2B&quot;]}
{&quot;resourcesInspected&quot;: [&quot;CD04H5K4B1&quot;, &quot;CD0725K788&quot;, &quot;CD0725K58A&quot;]}
{&quot;resourcesInspected&quot;: [&quot;CD06JXHJ8A&quot;, &quot;CD04E9LCED&quot;]}
</code></pre>
<p>to do so, I did this:</p>
<pre><code>static final String resourcesInspected =&quot;resourcesInspected&quot;;

ProjectionOperation projectionOperation = Aggregation
        .project(resourcesInspected).andExpression(&quot;split(resourcesInspected, ',')&quot;)
        .as(resourcesInspected)
        .andExclude(&quot;_id&quot;);

template.aggregate(newAggregation(projectionOperation),&quot;kpi&quot;, DBObject.class).getMappedResults()
        .forEach(System.out::println);
</code></pre>
<p>Now what I really want is to group all the rows in one since it's the same field, and that in order to have in the end one per (key,value) with all the values are <strong>distinct</strong>, something like that:</p>
<pre><code>{&quot;resourcesInspected&quot;: [&quot;CD0626UHEA&quot;, &quot;CD0626UKE9&quot;,&quot;CD0626UHEZ&quot;,&quot;CXX0626UHEA&quot;]}
</code></pre>
<p>for my context I need to use MongoOperations(mongoTemplate), I tried a lot of methods, but I don't get the result desired, could anyone help me in this ?</p>; Answer: physical tables can be created only with hive support in spark. In such case that there is no hive support the saveTable command will create inmemory tables which will be temporary available.","[-0.032665081322193146, 0.029218150302767754, 0.006227370351552963, -0.01036099810153246, -0.012091197073459625, 0.010764935985207558, 0.0014238798758015037, -0.021166328340768814, -0.003564748913049698, -0.031614843755960464, 0.00325674656778574, 0.006166779901832342, 0.003736422397196293, -0.00960698164999485, -0.01450135838240385, 0.030941616743803024, 0.013329938985407352, 0.0015450611244887114, -0.005328609608113766, -0.02126058004796505, -0.009371351450681686, 0.01715388149023056, -0.013006788678467274, -1.1038592674594838e-05, -0.0346309132874012, 0.0029218150302767754, 0.02692916989326477, -0.009990721940994263, -0.017800182104110718, 0.029379723593592644, 0.022566644474864006, -0.014191672205924988, -0.014811043627560139, -0.030241457745432854, -0.02008916065096855, -0.015349626541137695, 0.00651685893535614, -0.012481669895350933, 0.028760353103280067, -0.0120171420276165, 0.02158373035490513, -0.030295316129922867, -0.004436580929905176, -0.010738006792962551, -0.004042741842567921, 0.024949876591563225, -0.007654616609215736, -0.022418534383177757, -0.009539658203721046, -0.00655388692393899, 0.01003784779459238, 0.02916429191827774, -0.04513328894972801, 0.022203100845217705, -0.002470751293003559, -0.00621390575543046, 0.025340348482131958, 0.020829712972044945, -0.005799870006740093, -0.01955057680606842, 0.010320604778826237, 0.004641915671527386, -0.010179226286709309, 0.0025128282140940428, -0.013504979200661182, -0.01854073442518711, 0.0003526038199197501, 0.008092215284705162, 0.00041298408177681267, -0.024478616192936897, 0.017921362072229385, 0.015982462093234062, -0.019483255222439766, 0.011350644752383232, 0.036596741527318954, -0.011269857175648212, -0.007472844794392586, 0.00118824967648834, 0.02621554769575596, 0.005843630060553551, -0.013410726562142372, -0.019927585497498512, -0.029945237562060356, 0.005426227580755949, 0.009028004482388496, 0.042117223143577576, -0.024088142439723015, 0.025084521621465683, 0.02621554769575596, 0.0007885197410359979, -0.0026760862674564123, 0.022001132369041443, 0.03869721665978432, -0.01397623959928751, 0.010576431639492512, 0.012185449711978436, -0.009963792748749256, 0.03207264095544815, -0.004046107642352581, -0.007903710938990116, -0.04548336938023567, 0.01595553383231163, -0.012239308096468449, -0.001646887045353651, -0.014743720181286335, 0.011343913152813911, 0.015686241909861565, -0.017450101673603058, -0.005860460456460714, -0.009822415187954903, 0.006146583240479231, -0.009573319926857948, 0.008543279021978378, -0.028760353103280067, 0.0021307705901563168, -0.002972307149320841, 0.002644107909873128, -0.04219800978899002, -0.02175876870751381, -0.011155408807098866, 0.007102568633854389, 0.0047058723866939545, 0.028410274535417557, -0.038831863552331924, 0.023172549903392792, -0.007048710249364376, -0.017934827134013176, -0.007190088275820017, 0.016359470784664154, -0.031964924186468124, 0.04287123680114746, 0.01595553383231163, -0.00961371324956417, 0.02418239414691925, -0.024128535762429237, 0.000881088781170547, 0.0015063504688441753, 0.0031338820699602365, -0.01268363930284977, -0.018998529762029648, 0.011000566184520721, 0.01917356811463833, 0.009465603157877922, -0.05197329819202423, -0.012656710110604763, 0.022378141060471535, 0.0017874236218631268, -0.0004312874807510525, -0.017719393596053123, 0.01207773294299841, 0.013787735253572464, -0.0020196877885609865, 0.008671192452311516, 0.012192181311547756, 0.013531907461583614, -0.011175605468451977, 0.012407614849507809, -0.009930131025612354, -0.009378083050251007, -0.00048177968710660934, 0.03158791735768318, 0.00890682265162468, -0.0065000285394489765, 0.006809713784605265, -0.02489601820707321, 0.013935845345258713, 0.01781364530324936, -0.03226114436984062, -0.008980878628790379, -0.03244965150952339, 0.007513238582760096, 0.025932790711522102, -0.047422267496585846, 0.005264652892947197, 0.0044500455260276794, -0.01003784779459238, 0.00690059969201684, 0.01763860695064068, -0.026202082633972168, -0.026134759187698364, 0.010159029625356197, 0.014434034936130047, 0.008018160238862038, 0.013653089292347431, -0.01883695460855961, -0.0277639739215374, 0.014811043627560139, 0.009135721251368523, -0.00720355287194252, 0.0011083036661148071, 0.01716734655201435, 0.006469733081758022, -0.004880912136286497, -0.011296786367893219, -0.6113998889923096, 0.005601267330348492, 0.018096402287483215, -0.05687440559267998, 0.01081879436969757, 0.00574601162225008, 0.01782711036503315, 0.018810024484992027, -0.03705453872680664, 0.016049785539507866, -0.008778909221291542, 0.02297058142721653, -0.01242781151086092, -0.005345440469682217, -0.00951272901147604, -0.0030143840704113245, 0.030429961159825325, -0.018217584118247032, -0.024545937776565552, 0.03209957107901573, -0.014918760396540165, 0.031614843755960464, 0.002265416318550706, 0.006227370351552963, -0.015147658064961433, -0.006059063132852316, -0.001708319177851081, -0.005702251568436623, 0.00022931871353648603, 0.020102625712752342, -0.04564494267106056, -0.00031999428756535053, 0.011168872937560081, 0.002817464293912053, 0.05919031426310539, 0.0008541595889255404, -0.04042068496346474, 0.023428378626704216, -0.004312033299356699, 0.04693754389882088, -0.00022973948216531426, -0.003652268787845969, 0.022054990753531456, -0.021866485476493835, -0.018904278054833412, 0.008630799129605293, 0.0008146073669195175, -0.009546390734612942, 0.025663498789072037, -0.015443879179656506, 0.002240170259028673, 0.013000057078897953, -0.014043562114238739, 0.023872708901762962, 0.009115523658692837, -0.015107264742255211, 0.0008352250442840159, -0.0048775458708405495, 0.011141943745315075, 0.03204571083188057, 0.006035500206053257, -0.011364109814167023, -0.015039941295981407, -0.02536727860569954, -0.048445574939250946, 0.011842102743685246, -0.0013843276537954807, -0.039343517273664474, 0.019604435190558434, -0.02054695598781109, 0.003270211163908243, 0.0007119399379007518, -0.01750396005809307, -0.03425390273332596, 0.008751980029046535, 0.03034917451441288, 0.017759786918759346, -0.01679033786058426, -0.0027299446519464254, 0.006675067823380232, 0.022499321028590202, -0.02278207801282406, -0.034200046211481094, -0.000786836666520685, -0.0094252098351717, -0.01047544740140438, -0.034900203347206116, -0.006308157928287983, -0.003965320065617561, 0.007075639441609383, 0.004036009311676025, 0.03166870400309563, 0.03137248381972313, -0.016170967370271683, -0.009782020933926105, 0.01064375415444374, 0.009802217595279217, 0.007479576859623194, 0.0033459493424743414, -0.022431999444961548, -0.0381317064166069, -0.0010578114306554198, 0.006277862936258316, 0.018567662686109543, 0.015538130886852741, 0.004258174914866686, -0.010926511138677597, -0.001977610867470503, 0.03444240987300873, -0.0061634136363863945, -0.013868522830307484, -0.006654871162027121, 0.0005057634552940726, 0.0014903612900525331, 0.008590404875576496, -0.02983752079308033, 0.03409232944250107, -0.007291072979569435, -0.024761371314525604, 0.023724598810076714, -0.0013893768191337585, 0.0010628607124090195, 0.01732892170548439, 0.00415045814588666, 0.011081353761255741, 0.0277639739215374, 0.008718319237232208, 0.019254356622695923, 0.00959351658821106, 0.015295768156647682, 0.014730256050825119, 0.004665478598326445, 0.009532926604151726, -0.018985064700245857, 0.032476577907800674, -0.014851436950266361, -0.00034313651849515736, 0.0018109866650775075, 0.015995927155017853, -0.01802907884120941, 0.0009652424487285316, -0.010307139717042446, 0.014945689588785172, -0.021220186725258827, 0.005422861780971289, -0.030833899974822998, -0.039882101118564606, 0.0002684501523617655, -0.017355849966406822, 0.005692153237760067, -0.023549558594822884, -0.006765953730791807, 0.009128988720476627, 0.00728434044867754, 0.004325497895479202, 0.0011032543843612075, -0.010616824962198734, -0.03406539931893349, -0.015995927155017853, -0.058220867067575455, -0.012542260810732841, 0.03121090866625309, -0.03726997226476669, -0.001630056300200522, -0.0010123684769496322, -0.0401783213019371, -0.010428320616483688, 0.023913102224469185, 0.014151278883218765, -0.026202082633972168, 0.004965065512806177, -0.016938447952270508, -0.00064251315779984, -0.005766208749264479, -0.010286943055689335, 0.013760806061327457, -0.010165761224925518, 0.007735404185950756, 0.009317493066191673, -0.011660330928862095, -0.00043928209925070405, 0.019833333790302277, -0.005224259104579687, -0.020156484097242355, 0.03732382878661156, -0.003241598838940263, 0.019456325098872185, -0.0032617957331240177, 0.0003584945807233453, 0.05194636806845665, 0.016184430569410324, 0.013855057768523693, -0.011963283643126488, 0.011821906082332134, -0.02504412829875946, 0.008698121644556522, -0.006207173690199852, 0.0011394404573366046, 0.005530578084290028, 0.026121294125914574, 0.03786241263151169, 0.01866191439330578, 0.0047058723866939545, -0.015726635232567787, 0.024236252531409264, -0.02346877194941044, -0.0029739902820438147, -0.025852004066109657, 0.023778457194566727, 0.014272459782660007, 0.0023613516241312027, -0.01850033923983574, -0.0007329783402383327, -0.008058554492890835, 0.0012715617194771767, 0.0417940728366375, -0.02913736179471016, 0.0023630347568541765, -0.00758729362860322, 0.027535077184438705, -0.0019052387215197086, 0.008852964267134666, 0.034361619502305984, -0.00016672942729201168, -0.019927585497498512, -0.011875763535499573, 0.016588369384407997, 0.016157502308487892, 0.014689861796796322, 0.011088085360825062, 0.005130006931722164, 0.03379610925912857, 0.030052954331040382, 0.011155408807098866, 0.018796561285853386, -0.00501555809751153, 0.02264743112027645, -0.014339783228933811, 0.00900107529014349, -0.021502941846847534, -0.0010780083248391747, 0.029568228870630264, 0.02897578664124012, -0.004544297233223915, 0.0026323264464735985, 0.019510183483362198, 0.0020769122056663036, 0.004335596226155758, -0.0073718600906431675, 0.01798868551850319, -0.007277608383446932, 0.009930131025612354, -0.026134759187698364, -0.011599740013480186, 0.013700215145945549, -0.014986082911491394, -0.0010754837421700358, 0.01734238490462303, 0.024142000824213028, 0.031237836927175522, -0.017557818442583084, 0.010455249808728695, 0.013134703040122986, -0.0012193864677101374, 0.0004033063887618482, 0.008065286092460155, 0.0057190824300050735, 0.004790026228874922, -0.026525232940912247, -0.010684148408472538, 0.018783096224069595, -0.02726578526198864, 0.0025010467506945133, -0.025273026898503304, -0.012609584257006645, 0.014205137267708778, -0.014016632921993732, 0.029460512101650238, 0.02231081761419773, 0.03446933627128601, -0.029191220179200172, -0.004375990014523268, 0.0017537622479721904, 0.0047058723866939545, 0.0004624243301805109, -0.018931206315755844, -0.006099456921219826, -0.0018126697978004813, -0.0021391860209405422, -0.014811043627560139, 0.0038104774430394173, 0.0013893768191337585, 0.01440710574388504, -0.0015560011379420757, -0.025596175342798233, 0.0002446767466608435, 0.034200046211481094, 0.0017268330557271838, 0.0135521050542593, 0.041417062282562256, -0.01450135838240385, -0.0025145113468170166, -0.011720920912921429, -0.014730256050825119, 0.057197555899620056, -0.005762842483818531, -0.015309233218431473, -0.040743835270404816, 0.014164743013679981, -0.008105680346488953, -0.01784057542681694, -0.030780041590332985, 0.0005852886824868619, 0.004507269710302353, 0.0019422663608565927, 0.01380119938403368, -0.01697884127497673, 0.002411843743175268, 0.04033989831805229, -0.0026138124521821737, -0.029702873900532722, -0.0336076058447361, -0.017275063320994377, 0.011788244359195232, 0.029406653717160225, 0.01665569096803665, -0.026969563215970993, 0.013693482615053654, -0.024397827684879303, 0.028921928256750107, 0.0006370431510731578, -0.03104933351278305, 0.020883571356534958, -0.01766553521156311, -0.023387983441352844, -0.01871577277779579, 0.01871577277779579, -0.0010611775796860456, -0.029783662408590317, 0.00493477052077651, -0.0161440372467041, -0.0035411857534199953, 0.004079769365489483, -0.009465603157877922, 0.005274751223623753, -0.011014030314981937, 0.018931206315755844, 0.02981059066951275, 0.017907898873090744, 0.01037446316331625, 0.020816247910261154, -0.012461473233997822, 0.0039013635832816362, -0.02964901551604271, -0.016709549352526665, -0.021476013585925102, 0.029568228870630264, 0.011613204143941402, -0.012528796680271626, 0.020856641232967377, 0.02209538407623768, -0.0164402574300766, 0.01716734655201435, 0.00967430416494608, -0.01234029233455658, 0.031291697174310684, 0.004052840173244476, -0.0012025557225570083, 0.03821249306201935, 0.0008861380047164857, -0.014110884629189968, 0.021341366693377495, -0.015740100294351578, 0.013579034246504307, 0.0024606529623270035, -0.006742390803992748, -0.013336671516299248, -0.0006303109112195671, 0.001837915857322514, -0.0010216253576800227, -0.01889081299304962, -0.0124210799112916, -0.020977823063731194, -0.024774836376309395, -0.0004237136454321444, -0.0021509674843400717, 0.038158632814884186, 0.006382213439792395, -0.022256959229707718, -0.027333106845617294, -0.02811405435204506, -0.004009080119431019, -0.009620445780456066, 0.009970525279641151, -0.0026542062405496836, -0.033176738768815994, -0.015416949987411499, 0.02383231557905674, 0.020331522449851036, 0.011451629921793938, 0.004524100571870804, -0.007257411256432533, -0.0005777148762717843, -0.017800182104110718, -0.016521045938134193, -0.023387983441352844, 0.001323736971244216, -0.008947216905653477, -0.009277098812162876, -0.006018669344484806, 0.011471826583147049, 0.013303009793162346, -0.010576431639492512, 0.021704910323023796, -0.0038239420391619205, -0.006994851864874363, 0.02091049961745739, 0.0014827874256297946, 0.0176790002733469, 0.004463510122150183, 0.0032651617657393217, 0.02245892770588398, -0.0015669410349801183, 0.0011175605468451977, -0.005995106417685747, -0.018796561285853386, -0.007479576859623194, 0.003830674337223172, 0.010913046076893806, 0.007829655893146992, 0.002817464293912053, 0.017611676827073097, -0.029110433533787727, 0.0029588425531983376, 0.010946707800030708, -0.03406539931893349, 0.01448789332062006, -0.004429848399013281, 0.012347024865448475, -0.003813843708485365, -0.005789771676063538, 0.04650667682290077, 0.007526703178882599, 0.0026794523000717163, -0.006365382578223944, -0.0072641437873244286, 0.0192139632999897, 0.011619936674833298, -0.025690428912639618, 0.0124210799112916, -0.0038071114104241133, -0.03409232944250107, -0.007910443469882011, -0.007903710938990116, -0.02865263633430004, 0.024801764637231827, -0.007041977718472481, -0.011532417498528957, -0.019644830375909805, 0.010226352140307426, 0.003719591535627842, -0.006032133940607309, -0.005271384958177805, -0.00643270555883646, -0.013828128576278687, -0.02332066185772419, -0.0043322304263710976, -0.0054699876345694065, -0.0048539829440414906, -0.024963339790701866, -0.024411292746663094, 0.002583517227321863, -0.01028021052479744, -0.0069207968190312386, 0.003347632475197315, 0.0051266406662762165, 0.011195802129805088, -0.008159538730978966, -0.02675412967801094, -0.025501923635601997, -0.022876329720020294, -0.004170655272901058, 0.02227042429149151, 0.004880912136286497, 0.05006132647395134, -0.002967257983982563, 0.008428830653429031, -0.007735404185950756, 0.0027703384403139353, 0.007964301854372025, -0.00233610556460917, -0.024074677377939224, -0.008583673276007175, -0.021045146510004997, 0.011323715560138226, 0.0010115269105881453, 0.019429396837949753, -0.006611111108213663, -0.006934261415153742, 0.028491061180830002, -0.02878728322684765, -0.004685675725340843, 0.0055406768806278706, -0.028491061180830002, -0.00016252175555564463, 0.01396277453750372, -0.00600857101380825, -0.024747908115386963, -0.04082462191581726, -0.0003460819134488702, 0.03665060177445412, -0.001708319177851081, 0.024451686069369316, 0.0034216877538710833, 0.0359504409134388, 0.007533435244113207, 0.012286433950066566, -0.000564250280149281, 0.0077152070589363575, -0.011869031935930252, -0.0034031737595796585, -0.01295293029397726, -0.00566522404551506, 0.01905238814651966, 0.012003677897155285, 0.02745428867638111, -0.0005646710051223636, -0.004995360970497131, -0.001568624167703092, 0.03142634034156799, -0.013309742324054241, 0.012299898080527782, -0.011128479614853859, -0.019806403666734695, -0.023886173963546753, -0.009203043766319752, 0.0007089945720508695, -0.03016067110002041, 0.023791922256350517, 0.011283322237432003, -0.0005482610431499779, 0.014178208075463772, -0.00967430416494608, -0.019590971991419792, 0.018958136439323425, -0.027535077184438705, 0.026686808094382286, 0.007896979339420795, 0.011727653443813324, 0.013855057768523693, -0.0035176228266209364, -0.03053767792880535, 0.014460964128375053, 0.022701289504766464, 0.0027922182343900204, 0.035250283777713776, 0.028006337583065033, -0.00428847037255764, -0.03821249306201935, -0.023953497409820557, -0.00509971147403121, 0.010185958817601204, -0.0271042101085186, 0.01918703317642212, -0.018554197624325752, -0.01131025142967701, -0.00823359377682209, 0.0066717020235955715, -0.011438164860010147, 0.004867447540163994, -0.006015303544700146, -0.008058554492890835, 0.005163668189197779, -0.012542260810732841, -0.028868069872260094, 0.024074677377939224, -0.015713170170783997, 0.054612357169389725, 0.012488402426242828, -0.019456325098872185, -0.019294749945402145, -0.0328805148601532, -0.012064267881214619, 0.027575470507144928, 0.018634986132383347, 0.01397623959928751, -0.02349570021033287, 0.02054695598781109, -0.0014600659487769008, -0.0040965997613966465, 0.005816700868308544, -0.003021116368472576, -0.015982462093234062, 0.03169563412666321, -0.025071056559681892, -0.006126386113464832, 0.01250859908759594, 0.008677924983203411, 0.01302698627114296, -0.016911517828702927, -0.00621390575543046, -0.012582655064761639, 0.011074621230363846, 0.0008284927462227643, 0.03656981140375137, -0.0024943144526332617, 0.025609640404582024, -0.004662112332880497, -0.007311269640922546, -0.00436925794929266, -0.004850616678595543, -0.03379610925912857, 0.005261286627501249, -0.007035245653241873, -0.0031927896197885275, -0.0019271187484264374, 0.009176114574074745, 0.0312647670507431, -0.015443879179656506, 0.003655634820461273, 0.012272968888282776, 0.0040124463848769665, 0.019442860037088394, -0.007028513588011265, 0.022243494167923927, -0.027158068493008614, -0.023172549903392792, 0.019766010344028473, -0.0011663696495816112, 0.007196820806711912, 0.004140359815210104, -0.03543878719210625, -0.030241457745432854, -0.0038407729007303715, 0.022364675998687744, -0.003547918051481247, -0.01887734793126583, -0.010973636992275715, 0.010192690417170525, -0.0019641462713479996, 0.039370447397232056, -0.003982150927186012, -0.0322880744934082, 0.01820411905646324, -0.017248133197426796, -0.006823178380727768, -0.0017571283970028162, -0.032988231629133224, 0.01591513864696026, -0.030214529484510422, 0.02128750830888748, 0.005106444004923105, -0.04112084209918976, -0.008442294783890247, -0.013134703040122986, 0.039882101118564606, -0.020008374005556107, 0.0016771823866292834, -0.02056042104959488, -0.006176878232508898, -0.020439239218831062, 0.009667571634054184, -0.010179226286709309, 0.006627941969782114, 0.026202082633972168, 0.013336671516299248, 0.011343913152813911, 0.010906313546001911, -0.02435743436217308, -0.020116090774536133, -0.036623671650886536, -0.03530414029955864, -0.02466711960732937, -0.02535381354391575, -0.029272008687257767, 0.023239873349666595, 0.011949819512665272, 0.00951272901147604, -0.02004876732826233, -0.0013203708222135901, -0.02041231095790863, -0.023630347102880478, 0.00952619407325983, 0.0005873925401829183, 0.028841141611337662, 0.032853588461875916, -0.021879950538277626, 0.030052954331040382, 0.024317041039466858, 0.027871690690517426, -0.01917356811463833, 0.005284849554300308, 0.00471260491758585, -0.006967922672629356, 0.019079316407442093, -0.018311835825443268, -0.04367911443114281, -0.02073546126484871, -0.0005583594902418554, -0.0053757354617118835, 0.0524580217897892, 0.03998981788754463, 0.0017268330557271838, 0.003118734573945403, -0.0012614632723852992, -0.00562146445736289, 0.024276645854115486, 0.012293166480958462, 0.014730256050825119, -0.03861643001437187, -0.007526703178882599, 0.019644830375909805, -0.007129497826099396, 0.0027080646250396967, 0.0028511257842183113, 0.010098438709974289, -0.03118397854268551, 0.02350916527211666, -0.04052840173244476, -0.008953949436545372, 0.0032281342428177595, -0.028598777949810028, 0.023064834997057915, 0.0105562349781394, 0.016749944537878036, 0.044486988335847855, 0.010845723561942577, 0.021193256601691246, -0.009068397805094719, 0.016521045938134193, -0.020883571356534958, -0.013868522830307484, 0.002703015459701419, -0.02057388611137867, 0.006055696867406368, -0.006961190607398748, -0.0023276901338249445, -0.005971543490886688, -0.017180809751152992, 0.0027703384403139353, -0.002026420086622238, -0.030241457745432854, 0.00043970285332761705, 0.007062174845486879, -0.015524666756391525, -0.020371917635202408, 0.004557761829346418, -0.005756109952926636, -0.003312287852168083, 0.000488511985167861, -0.005496916826814413, -0.025326885282993317, -0.00848268810659647, 0.004375990014523268, 6.348341412376612e-05, -0.015039941295981407, -0.009155917912721634, 0.026282869279384613, 0.009492532350122929, 0.00848268810659647, 0.21414075791835785, -0.007230482064187527, 0.02128750830888748, 0.01750396005809307, 0.004561128094792366, -0.012811552733182907, 0.011168872937560081, -0.015699706971645355, -0.024438221007585526, 0.03139941394329071, -0.00925016961991787, -0.007849853485822678, -4.152457040618174e-05, 0.0067558554001152515, 0.013181828893721104, -0.008583673276007175, -0.03759312257170677, -0.02245892770588398, -0.009034736081957817, -0.013141434639692307, 0.01665569096803665, -0.015080335550010204, -0.004123528953641653, -0.018123330548405647, 0.011788244359195232, -0.03896651044487953, 0.007816191762685776, -0.0005638294969685376, 0.02089703641831875, 0.002817464293912053, -0.026821453124284744, 0.00839516893029213, -0.018231047317385674, 0.00950599741190672, -0.0039888834580779076, -0.009371351450681686, -0.003059827024117112, -0.02536727860569954, 0.0243305042386055, 0.00428847037255764, 0.013686751015484333, -0.0120171420276165, 0.00882603507488966, -0.02248585782945156, 0.009135721251368523, -0.004002348054200411, -0.005217526573687792, 0.015982462093234062, -0.0024219423066824675, 0.01440710574388504, -0.011438164860010147, 0.008018160238862038, 0.02843720279633999, 0.025825073942542076, 0.015699706971645355, -0.00349069363437593, 0.027184996753931046, -0.005809968337416649, -0.01319529302418232, 0.04532179236412048, -8.930806507123634e-05, 0.021745305508375168, 0.012750961817800999, 0.005365637131035328, -0.004537565167993307, 0.005604633595794439, -0.015134193934500217, 0.012145055457949638, -0.01665569096803665, 0.006870304699987173, 0.008846232667565346, -0.018082937225699425, -0.0026929168961942196, 0.00019334303215146065, 0.02678105980157852, -0.021529871970415115, 9.246382978744805e-05, 0.009761824272572994, 0.01883695460855961, 0.014245530590415001, -0.03802398964762688, -0.02519223839044571, -0.017180809751152992, 0.0026306433137506247, -0.024411292746663094, -0.010610093362629414, -0.017934827134013176, 0.013504979200661182, -0.02916429191827774, 0.005008825566619635, -0.010488911531865597, 0.005271384958177805, -0.00830091629177332, -0.024801764637231827, 0.0013069062260910869, 0.01626521907746792, 0.020533492788672447, -0.007775797974318266, -0.0011259759776294231, -0.03724304214119911, -0.033365242183208466, 0.03293437510728836, 0.04009753465652466, -0.003313970984891057, -0.02402081899344921, 0.002908350434154272, 0.00020586088066920638, -0.002432040637359023, -0.0003311446344014257, -0.023374520242214203, 0.029541298747062683, -0.0549355074763298, -0.002627277048304677, -0.011599740013480186, 0.009458870626986027, 0.001933851046487689, 0.006123019848018885, 0.006698631215840578, -0.006126386113464832, -0.010455249808728695, 0.03239579126238823, -0.045375652611255646, 0.012515331618487835, -8.74409124662634e-06, -0.004564494360238314, -0.03344602882862091, -0.014218601398169994, 0.04168635606765747, -0.011976748704910278, -0.02380538545548916, 0.011525684967637062, -0.0236707404255867, 0.01224603969603777, -0.010825525969266891, -0.00686020590364933, 0.02675412967801094, -0.01765207014977932, -0.006796249188482761, -0.01627868413925171, 0.01458214595913887, 0.015066870488226414, -0.03980131447315216, 0.031803350895643234, 0.012959662824869156, 0.0026659879367798567, -0.030483819544315338, -0.00952619407325983, -0.004180753603577614, -0.0064057763665914536, -0.04128241911530495, -0.012555725872516632, -0.005860460456460714, -0.00043044594349339604, -0.022862864658236504, 0.01953711360692978, -0.006813080050051212, -0.0030194332357496023, -0.02830255776643753, -0.005311778746545315, -0.002490948187187314, -0.03656981140375137, 0.003965320065617561, 0.014110884629189968, -0.015363091602921486, -0.021906880661845207, -0.009633910842239857, -0.16976149380207062, 0.016359470784664154, 0.029702873900532722, -0.00766808120533824, 0.015120728872716427, 0.0011428066063672304, 0.023172549903392792, -0.008516349829733372, -0.012744229286909103, -0.018298370763659477, 0.016561439260840416, 0.014393641613423824, -0.03794319927692413, -0.009068397805094719, 0.014636004343628883, 0.0033812939655035734, -0.009647374972701073, 0.018231047317385674, 0.011222731322050095, 0.031480200588703156, 0.020829712972044945, -0.01665569096803665, -0.007169891614466906, -0.010286943055689335, -0.005954712629318237, 0.010482179000973701, 0.014891831204295158, 0.0274677537381649, 0.004887644201517105, -0.01381466444581747, 0.0016006025252863765, -0.004194218199700117, 0.0146494684740901, -0.009983989410102367, 0.0016140671214088798, -0.007775797974318266, -0.01304718293249607, -0.03993595764040947, -0.008610602468252182, -0.0028090490959584713, 0.02779090404510498, 0.005254554096609354, -0.00677605252712965, 0.01763860695064068, 0.018971599638462067, 0.0346309132874012, 0.0054632555693387985, 0.014151278883218765, 0.02745428867638111, -0.014757185243070126, 0.02232428267598152, -0.025084521621465683, 0.015659311786293983, 0.005305046681314707, 0.0012547309743240476, 0.01953711360692978, 0.026888776570558548, 0.0011949819745495915, -0.03527721390128136, -0.041767142713069916, -0.00329882325604558, -0.022687826305627823, -0.009714698418974876, -0.018284905701875687, -0.014191672205924988, -0.010266746394336224, -0.0030817068181931973, 0.02657909132540226, -0.01867537945508957, -0.0052276249043643475, -0.017719393596053123, 0.021220186725258827, 0.011323715560138226, 0.015497737564146519, -0.008624066598713398, 0.016938447952270508, -0.005917685106396675, 0.011209267191588879, 0.0006054855766706169, -0.00732473423704505, -0.010192690417170525, 0.022553179413080215, -0.007439183071255684, 0.006587548181414604, -0.0021307705901563168, -0.003159128362312913, 0.006119654048234224, -0.008502885699272156, 0.007755600847303867, 0.009573319926857948, 0.03277279809117317, -0.02295711822807789, -0.012124858796596527, 0.011936354450881481, 0.01920049823820591, 0.019658293575048447, -0.021866485476493835, -0.0007216176018118858, 0.025825073942542076, -0.01918703317642212, 0.00766808120533824, -0.010334068909287453, -0.020977823063731194, 0.024411292746663094, 0.019954515621066093, -0.0016999038634821773, 0.008698121644556522, 0.012225843034684658, 0.02554231695830822, 0.0198737271130085, -0.035250283777713776, 0.002029786119237542, 0.009021271951496601, 0.03829327970743179, 0.013935845345258713, 0.01596899703145027, 0.011074621230363846, -0.002756873844191432, 0.0221357773989439, 0.00883950013667345, 0.03963973745703697, -0.010414856486022472, -0.005850362125784159, 0.002221656497567892, 0.021368296816945076, 0.007870050147175789, -0.09225933998823166, -0.00042413442861288786, 0.006540422327816486, 0.008570208214223385, -0.02862570807337761, -0.02278207801282406, -0.014757185243070126, 0.028060195967555046, -0.021529871970415115, 0.02951437048614025, -0.03700067847967148, -0.02811405435204506, -0.02091049961745739, 0.02419585920870304, -0.0030413130298256874, 0.0023714499548077583, -0.027844762429594994, 0.00257005263119936, 0.003083389950916171, 0.02280900627374649, 0.00883950013667345, -0.013000057078897953, 0.011875763535499573, -0.012044071219861507, 0.00013180566020309925, 0.029433581978082657, -0.008018160238862038, 0.014730256050825119, 0.03409232944250107, -0.03166870400309563, -0.00411006435751915, -0.02469404973089695, 0.004312033299356699, -0.012798087671399117, 0.008024892769753933, -0.030052954331040382, -0.034361619502305984, -0.00892028771340847, 0.021839557215571404, -0.013235687278211117, -0.018298370763659477, 0.01871577277779579, -0.00045485052396543324, -0.002206508768722415, 0.005274751223623753, -0.021906880661845207, -0.02964901551604271, 0.01832530088722706, 0.010939975269138813, -0.013511710800230503, -0.004995360970497131, -0.011350644752383232, -0.020708531141281128, -0.006075893994420767, 0.02625594101846218, 0.03963973745703697, 0.012501867488026619, 0.020318059250712395, -0.005136738996952772, 0.008206664584577084, -0.00011707877274602652, -0.0006286278367042542, -0.006769319996237755, 0.03242272138595581, 0.03869721665978432, 0.01345112081617117, -0.017369315028190613, -0.03869721665978432, -0.022674361243844032, -0.01432631816715002, -0.0328805148601532, -0.007836388424038887, -0.04941502586007118, -0.016372935846447945, -0.01972561702132225, 0.014016632921993732, -0.01183537021279335, -0.01680380292236805, 0.020277664065361023, -0.030833899974822998, -0.015443879179656506, -0.004002348054200411, -0.019954515621066093, -0.013154899701476097, 0.04717990756034851, 0.009458870626986027, 0.011431432329118252, -0.009795485995709896, 0.00673565873876214, -0.023280266672372818, 0.001683914684690535, 0.010852455161511898, 0.002628960181027651, -0.04031296819448471, -0.030133740976452827, 6.395678065018728e-05, 0.003103586845099926, 0.016372935846447945, 0.0041066985577344894, -0.010616824962198734, -0.0006850107456557453, -0.004157190676778555, -0.04303281381726265, 0.01852726936340332, -0.017086558043956757, -0.0026323264464735985, 0.008630799129605293, -0.007493041455745697, -0.005527212284505367, -0.006025401875376701, -0.00566522404551506, 0.01750396005809307, -0.0014322951901704073, 0.02865263633430004, -0.017786717042326927, 0.009970525279641151, -0.02228388749063015, -0.01938900165259838, 0.02643098123371601, 0.022351210936903954, 0.014811043627560139, 0.01001765113323927, -0.007102568633854389, 0.0033796108327805996, 0.028329486027359962, 0.01072454173117876, -0.013922381214797497, 0.009580052457749844, -0.0028814212419092655, 0.03037610463798046, -0.00841536559164524, -0.02214924246072769, 0.019967978820204735, -0.027144603431224823, -0.008927020244300365, 0.0063350871205329895, 0.004810222890228033, -0.02231081761419773, 0.013935845345258713, 0.036623671650886536, 0.031641773879528046, 0.004995360970497131, -0.0120171420276165, -0.028383344411849976, -0.012831749394536018, -0.01611710898578167, -0.023549558594822884, 0.007311269640922546, 0.012569190002977848, -0.0019439494935795665, 0.007176623679697514, -0.02042577601969242, 0.04987282305955887, 0.008523082360625267, -0.0062408349476754665, -0.01320875808596611, -0.0198737271130085, -0.02470751293003559, 0.009028004482388496, 0.013659821823239326, 0.031130120158195496, 0.0036825640127062798, 0.0435444675385952, 0.01835222914814949, 0.0024034283123910427, -0.01696537621319294, 0.005002093501389027, -0.010253281332552433, -0.006203807424753904, 0.015726635232567787, -0.02006223239004612, -0.03926273062825203, -0.0054699876345694065, 0.002931913360953331, -0.0010241499403491616, 0.009876272641122341, 0.0045173680409789085, -0.013693482615053654, 0.02278207801282406, 0.011518952436745167, 0.01802907884120941, 0.005035754758864641, 0.007513238582760096, -0.011283322237432003, -0.00874524749815464, 0.01029367558658123, 0.017369315028190613, 0.030079882591962814, -0.0022283887956291437, 0.037970129400491714, 0.017921362072229385, -0.0022452196571975946, -0.020116090774536133, 0.022216565907001495, -0.03358067572116852, 0.013659821823239326, 0.008105680346488953, -0.010091706179082394, -0.04526793584227562, 0.012569190002977848, 0.024290110915899277, 0.02609436586499214, 0.003837406635284424, 0.023051369935274124, -0.024384362623095512, -0.012481669895350933, -0.017059629783034325, 0.01106788869947195, 0.0009265317348763347, -0.023239873349666595, 0.0072102854028344154, 0.021556800231337547, 0.011518952436745167, 0.0022586840204894543, -0.023953497409820557, 0.0082201287150383, -0.014636004343628883, 0.026457909494638443, 0.015874745324254036, -0.01648065261542797, -0.011155408807098866, 0.03274587169289589, 0.01645372249186039, 0.028221769258379936, 0.01225950475782156, -0.0036690994165837765, 0.030214529484510422, 0.021987667307257652, -0.0028831043746322393, -0.018473410978913307, 0.02415546588599682, 0.002857858082279563, 0.004271639510989189, 0.02058735117316246, -0.012468205764889717, -0.002036518417298794, -0.018917741253972054, -0.03255736827850342, 0.00795756932348013, 0.00364217022433877, -0.008247057907283306, 0.07109300792217255, -0.009075130335986614, -0.009357886388897896, 0.027710115537047386, -0.007048710249364376, 0.01936207339167595, 0.010428320616483688, 0.006160047836601734, -0.01800215058028698, -0.034550126641988754, 0.024101607501506805, 0.0010628607124090195, -0.01871577277779579, -0.02210884913802147, 0.011081353761255741, 0.025151845067739487, 0.006264398340135813, 0.011727653443813324, -0.026134759187698364, 0.017261598259210587, 0.018082937225699425, -0.026659877970814705, 0.03131862357258797, 0.023401448503136635, -0.009398280642926693, 0.007338198833167553, 0.019335143268108368, -0.011680527590215206, 0.005035754758864641, -0.02625594101846218, 0.012845214456319809, 0.007937372662127018, -0.03683910518884659, -0.0008318588952533901, -0.00010329861106583849, -0.019321680068969727, -0.019106246531009674, 0.008307648822665215, 0.03980131447315216, 0.008273987099528313, -0.008166270330548286, 0.015390020795166492, -0.02916429191827774, -0.0010603360133245587, -0.007594026159495115, -0.015120728872716427, 0.0030581438913941383, -0.011626669205725193, -0.0021543335169553757]","[-0.024529416114091873, 0.033726271241903305, 0.001095902407541871, -0.014245052821934223, -0.007095674052834511, 0.016608038917183876, 0.012546655721962452, -0.012143873609602451, -0.003187011694535613, -0.037619829177856445, 0.007813968695700169, 0.001426519127562642, -0.003327985294163227, -0.009096157737076283, -0.009015601128339767, 0.03321607783436775, 0.010331355035305023, -0.0035276978742331266, -0.0022606132552027702, -0.026153970509767532, -0.005407346878200769, 0.015466824173927307, -0.008102628402411938, -0.006310249678790569, -0.02434145100414753, -0.01389597449451685, 0.02725490741431713, -0.01030450314283371, -0.01101608481258154, 0.015345989726483822, 0.0253886841237545, -0.009901721030473709, -0.014795521274209023, -0.01752101257443428, -0.01715850830078125, -0.022327542304992676, 0.007612577639520168, -0.010599876753985882, 0.027026664465665817, -0.008478558622300625, 0.013177680782973766, -0.03297441080212593, -2.475430301274173e-05, -0.026274804025888443, -0.003418611129745841, 0.017131656408309937, -0.009096157737076283, -0.021025214344263077, -0.007740125060081482, -0.008364437147974968, 0.012325125746428967, 0.03147068992257118, -0.05241534858942032, 0.01842055842280388, -0.0031282727140933275, -0.002279074164107442, 0.03128272667527199, 0.014245052821934223, -0.010794554837048054, -0.022703472524881363, 0.01796407252550125, -0.005894041620194912, -0.017910366877913475, 0.0005550837959162891, -0.010586450807750225, -0.025294702500104904, 0.006293466780334711, 0.007954942062497139, 0.003947262652218342, -0.01816546358168125, 0.018527965992689133, 0.0066626835614442825, -0.01707795262336731, 0.0033867242746055126, 0.04000966623425484, 6.676319753751159e-05, -0.00642772763967514, -0.00040110363624989986, 0.028060471639037132, 0.007102387025952339, -0.0010178633965551853, -0.008968610316514969, -0.027442872524261475, -0.0003129950782749802, 0.004017749335616827, 0.04551435261964798, -0.015238581225275993, 0.024314599111676216, 0.02544238790869713, -0.008451706729829311, -0.0038566365838050842, 0.027107220143079758, 0.042614322155714035, -0.013922827318310738, 0.0030024033039808273, 0.0030024033039808273, -0.014433017000555992, 0.03582073375582695, -0.006273327860981226, -0.004299696534872055, -0.04266802594065666, 0.018205741420388222, -0.004920652136206627, 0.0018158749444410205, -0.012573507614433765, 0.003089672653004527, 0.008525549434125423, -0.012640638276934624, -0.0042896270751953125, -0.01796407252550125, 0.005135469138622284, -0.000592424999922514, 0.01239225547760725, -0.03232995793223381, 0.00774683803319931, -0.0023227089550346136, 0.012143873609602451, -0.0427485853433609, -0.014151070266962051, -0.019333530217409134, 0.003819714765995741, 0.009478799998760223, 0.01711823046207428, -0.04068097099661827, 0.028731774538755417, -0.004155366215854883, -0.015587658621370792, -0.02117290161550045, -0.0030544293113052845, -0.01805805414915085, 0.043742112815380096, 0.01320453267544508, -0.009814451448619366, 0.028490105643868446, -0.01691683940589428, -0.004205713979899883, -0.002399908611550927, 0.002947020810097456, 0.00019394367700442672, -0.01241239532828331, 0.009861443191766739, 0.018487688153982162, 0.00790795125067234, -0.04481619596481323, 0.0008064028806984425, 0.026019709184765816, 0.009183427318930626, -0.006635831668972969, -0.015950161963701248, 0.012506376951932907, 0.00010499600466573611, -0.00431983545422554, 0.005706076510250568, 0.015909884124994278, 0.0061357105150818825, -0.01615155301988125, 0.019924277439713478, -0.012768185697495937, -0.012909159064292908, -0.0014290364924818277, 0.022931715473532677, 0.008780645206570625, -0.008747079409658909, 0.007538734003901482, -0.02542896196246147, 0.010317929089069366, 0.01970946043729782, -0.0281947311013937, -0.015171450562775135, -0.031336430460214615, 0.005555033218115568, 0.010291077196598053, -0.03987540677189827, 0.0003732025797944516, 0.006796944420784712, -0.007881098426878452, 0.007250073831528425, 0.013909401372075081, -0.017614994198083878, -0.0268924031406641, 0.01902473159134388, 0.016540909186005592, 0.013936253264546394, 0.007471603807061911, -0.01314411498606205, -0.016889987513422966, 0.012271421030163765, 0.007961655035614967, -0.007458177860826254, 0.005914180539548397, 0.016124701127409935, 3.3643824281170964e-05, -0.010693859308958054, -0.016420073807239532, -0.5976209044456482, 0.005014634225517511, 0.009586208499968052, -0.04051985591650009, 0.023374775424599648, 0.012358690612018108, 0.02064928412437439, 0.033162374049425125, -0.037619829177856445, 0.0296984501183033, -0.002589551731944084, 0.01996455527842045, -0.009995703585445881, -0.011855212971568108, -0.00592424999922514, -0.010700572282075882, 0.024690529331564903, -0.02117290161550045, -0.019481217488646507, 0.02701323851943016, -0.01890389621257782, 0.03208829089999199, -0.008142907172441483, 0.009780886583030224, -0.01466126088052988, -0.012184151448309422, 0.006642544642090797, -0.01024408545345068, 0.0062330495566129684, 0.02636878751218319, -0.055959828197956085, -0.005236164666712284, 0.009042453020811081, -0.0008143745944835246, 0.05998764932155609, -0.0021095701958984137, -0.03614296019077301, 0.015359415672719479, 0.001921605202369392, 0.03576702997088432, 0.003517628414556384, -0.003039324888959527, 0.02239467203617096, -0.03106790967285633, -0.02267662063241005, 0.014379313215613365, 0.004685695748776197, -0.011942482553422451, 0.02502618171274662, -0.00870008859783411, 0.011304744519293308, 0.01405708771198988, -0.018608523532748222, 0.016930265352129936, 0.012815176509320736, -0.01926640048623085, -0.01719878613948822, 0.0008953505312092602, 0.015158024616539478, 0.027322037145495415, -0.0025324909947812557, -0.011163771152496338, -0.013426062650978565, -0.00863967090845108, -0.04578287526965141, 0.017265915870666504, 0.004954217001795769, -0.03767353296279907, 0.020917804911732674, -0.026838699355721474, -0.001758814207278192, -0.00821675080806017, -0.013540184125304222, -0.022931715473532677, 0.013869122602045536, 0.024153485894203186, 0.019696034491062164, -0.018997877836227417, 0.004000966902822256, 0.007142665330320597, 0.021427996456623077, -0.023884965106844902, -0.033162374049425125, 0.005091834347695112, -0.006807013880461454, 0.006286753807216883, -0.03643833473324776, -0.012197578325867653, -0.005528181325644255, 0.005930962972342968, -0.0015825971495360136, 0.04137912392616272, 0.03082624077796936, -0.009841304272413254, -0.007438038941472769, 0.01229155994951725, -0.0031719072721898556, 0.004155366215854883, 0.0025979431811720133, -0.03281329572200775, -0.03627721965312958, 0.0014634408289566636, -0.003537767566740513, 0.016339518129825592, 0.018353426828980446, 0.0003614547895267606, -0.00370223680511117, -0.0074514648877084255, 0.025858595967292786, -0.00750516913831234, -0.017386751249432564, -0.009425096213817596, 0.013050133362412453, 0.000545433780644089, 0.017937220633029938, -0.03297441080212593, 0.02389839105308056, -0.0061491369269788265, -0.02089095301926136, 0.026744717732071877, 6.471781671280041e-05, -0.00692784832790494, 0.014218199998140335, 0.009498938918113708, 0.010317929089069366, 0.022931715473532677, 0.011546414345502853, 0.02397894859313965, 0.012096882797777653, 0.007901238277554512, 0.0076662818901240826, -0.007552160415798426, -0.003494132775813341, -0.02129373513162136, 0.0419430211186409, -0.02843639999628067, -0.008243602700531483, -0.0036854541394859552, 0.013385784812271595, -0.024891920387744904, 0.0018729357980191708, -0.025496093556284904, 0.006095432676374912, -0.011633682996034622, 0.016420073807239532, -0.024932198226451874, -0.03377997502684593, -0.006343814544379711, -0.01719878613948822, 0.003517628414556384, -0.013352219015359879, -0.004148653242737055, -0.0017957359086722136, 0.011170484125614166, 0.0018007706385105848, 0.001103454502299428, -0.010519320145249367, -0.03423646092414856, -0.010324642062187195, -0.05590612441301346, -0.011472570709884167, 0.026059987023472786, -0.03608925640583038, -0.011345023289322853, -0.007344056386500597, -0.03549851104617119, -0.007458177860826254, 0.0290002953261137, 0.0001425470254616812, -0.027040090411901474, -0.0056590852327644825, -0.015520528890192509, -0.002894994802772999, -0.0012570151593536139, 0.0002773321175482124, 0.026503046974539757, -0.012338551692664623, 0.007263499777764082, 0.008324159309267998, -0.01946779154241085, -0.0008017876534722745, 0.020421041175723076, -0.0006817922694608569, -0.02259606309235096, 0.03906984254717827, -0.007290352135896683, 0.01979001611471176, -0.0014542103745043278, 0.0020575441885739565, 0.05622835084795952, 0.012278134003281593, 0.006243119016289711, -0.010257512331008911, 0.01599043980240822, -0.024838216602802277, 0.008491984568536282, 0.002186769852414727, 0.00292520341463387, 0.017024246975779533, 0.024891920387744904, 0.05330146849155426, 0.014916355721652508, 0.008955183438956738, -0.015963587909936905, 0.011412153020501137, -0.02916140854358673, 0.0017789533594623208, -0.027026664465665817, 0.027684541419148445, 0.01450014766305685, 0.009519078768789768, -0.020998362451791763, 0.003109811805188656, 0.0018360140966251493, 0.004165436141192913, 0.04734029620885849, -0.038962434977293015, 0.00595110235735774, -0.004843452014029026, 0.02924196422100067, -0.0028412905521690845, 0.02530812844634056, 0.039042990654706955, -0.007525308057665825, -0.021521978080272675, -0.01405708771198988, 0.01651405729353428, 0.01740017719566822, 0.02024650201201439, 0.020595580339431763, -0.0031484116334468126, 0.035391099750995636, 0.0253886841237545, 0.009519078768789768, 0.02251550741493702, 0.006145779974758625, 0.02165623940527439, -0.01910528726875782, -0.0012788324384018779, -0.02195161208510399, -0.0009070983505807817, 0.024515990167856216, 0.019615476951003075, -0.010928815230727196, 0.0017143404111266136, 0.00366531522013247, 0.009445235133171082, 0.011432291939854622, -0.007968368008732796, 0.023415053263306618, -0.01752101257443428, 0.0031316292006522417, -0.023576166480779648, -0.010029268451035023, 0.013976531103253365, -0.020864101126790047, 0.015225155279040337, 0.024556268006563187, 0.029591042548418045, 0.030289197340607643, -0.007149378303438425, 0.006394162308424711, 0.025563223287463188, -0.0009154896251857281, 0.007062109187245369, 0.018877044320106506, 0.007055395748466253, -0.006078649777919054, -0.018152037635445595, -0.013761714100837708, 0.03168550878763199, -0.032222550362348557, 0.00032579179969616234, -0.020541876554489136, -0.001953492173925042, 0.01870250515639782, -0.011076501570641994, 0.016889987513422966, 0.02891973964869976, 0.04049300402402878, -0.02430117316544056, 0.007283639162778854, 0.0020491527393460274, 0.01324481051415205, 0.002821151399984956, -0.025334980338811874, 0.0038331409450620413, -0.0030493945814669132, -0.0024804649874567986, -0.01647377945482731, 0.003682097652927041, 0.0004055090539623052, 0.006669396534562111, 0.0010589807061478496, -0.025039607658982277, 0.007062109187245369, 0.031578101217746735, 0.0010522676166146994, 0.008337585255503654, 0.04486989974975586, -0.0071090999990701675, -0.02474423311650753, -0.009357965551316738, -0.011331597343087196, 0.06133025512099266, 0.0027389167807996273, -0.01241239532828331, -0.03654574230313301, 0.016406647861003876, -0.003933836240321398, -0.02299884520471096, -0.025120163336396217, -0.006994978524744511, 0.012586933560669422, 0.008525549434125423, 0.011566553264856339, -0.0014835799811407924, -0.0028379340656101704, 0.03694852441549301, -0.0043567572720348835, -0.0301012322306633, -0.029349373653531075, -0.013338793069124222, 0.015023764222860336, 0.026019709184765816, 0.015681641176342964, -0.024677103385329247, 0.011089927516877651, -0.021199753507971764, 0.045809727162122726, 0.006021589040756226, -0.021548829972743988, 0.02235439419746399, -0.01585618034005165, -0.01966918259859085, -0.007592438254505396, 0.019118713214993477, -1.6808800864964724e-05, -0.024153485894203186, -0.003906984347850084, -0.016983969137072563, 0.0006024945760145783, -0.00480653066188097, -0.006112215109169483, 0.014768669381737709, -0.006796944420784712, 0.021078918129205704, 0.030316049233078957, 0.0008684984059073031, 0.015533954836428165, 0.024475712329149246, -0.005561746656894684, -0.00394390569999814, -0.033323489129543304, -0.016070997342467308, -0.025724336504936218, 0.017453880980610847, 0.0039002711419016123, -0.02295856736600399, 0.02133401297032833, 0.029671598225831985, -0.01740017719566822, 0.016164978966116905, 0.0072366478852927685, -0.019575199112296104, 0.028409548103809357, 0.00013541443331632763, -0.011029510758817196, 0.04183560982346535, -0.0077804033644497395, -0.021723369136452675, 0.019252974539995193, -0.006749953143298626, 0.000302505970466882, 0.001184849999845028, -0.016769152134656906, -0.017708975821733475, 0.00712923938408494, 0.010284364223480225, 0.001417288789525628, -0.022730324417352676, -0.007961655035614967, -0.015748770907521248, -0.03313552215695381, 0.006085362751036882, -0.006880857050418854, 0.0290002953261137, 0.0018846835009753704, -0.020501596853137016, -0.029671598225831985, -0.03461239114403725, -0.007337343413382769, -0.016903413459658623, -0.0001295405236305669, -0.017185360193252563, -0.026878977194428444, -0.011942482553422451, 0.036975376307964325, 0.021360864862799644, 0.019561773166060448, 0.01581590250134468, 0.0005475316429510713, 0.0008643027977086604, -0.014580704271793365, -0.01854139193892479, -0.025536371394991875, 0.020501596853137016, -0.01016352977603674, 0.0013501584762707353, -0.009022314101457596, 0.009639913216233253, 0.008236889727413654, -0.01577562279999256, 0.024677103385329247, -0.001175619661808014, -0.0037660105153918266, 0.022448377683758736, -0.006145779974758625, 0.0007489225827157497, -0.0009649982675909996, 0.006840578746050596, 0.026073412969708443, -0.004373539704829454, -0.012096882797777653, 0.007015117909759283, -0.004749469459056854, -0.0029168121982365847, 0.006981552578508854, 0.0021481700241565704, 0.003396793967112899, 0.004924008622765541, 0.017735829576849937, -0.03845224529504776, 0.012721193954348564, 0.024314599111676216, -0.03716334328055382, 0.011123493313789368, -0.005199242848902941, 0.0046017831191420555, -0.00045103178126737475, -0.01597701385617256, 0.037136487662792206, 0.01326495036482811, 0.006011519581079483, -0.017171934247016907, -0.00770656019449234, 0.01174109149724245, 0.015802476555109024, -0.028651216998696327, 0.015372841618955135, -0.012727907858788967, -0.027228055521845818, -0.0035948283039033413, -0.006850648671388626, -0.027107220143079758, 0.03139013424515724, -0.010881823487579823, -0.016809429973363876, -0.008377863094210625, 0.015574232675135136, -0.002354595810174942, -0.003064498770982027, -0.00489715626463294, -0.013627453707158566, -0.016527483239769936, -0.019038157537579536, -0.0010161851532757282, -0.0046689133159816265, -0.008210036903619766, -0.028543809428811073, -0.022005315870046616, -0.003042681375518441, -0.014956633560359478, -0.005363712087273598, 0.0017168577760457993, 0.006085362751036882, 0.005041486583650112, -0.020702987909317017, -0.03412904962897301, -0.026274804025888443, -0.025737762451171875, -0.0007745159673504531, 0.019615476951003075, 0.01858167164027691, 0.0555838979780674, -0.007350769359618425, 0.013721436262130737, -0.0032491071615368128, -0.0035847588442265987, 0.011707526631653309, -0.0003123657370451838, -0.01816546358168125, -0.00702854385599494, -0.018272871151566505, 0.016903413459658623, 0.004548078868538141, 0.021266883239150047, -0.013694584369659424, -0.010183668695390224, 0.024193765595555305, -0.021938186138868332, -0.007438038941472769, 0.006870787590742111, -0.024287747219204903, 0.0054946159943938255, 0.012721193954348564, -0.0014634408289566636, -0.016446927562355995, -0.042050428688526154, 0.0006754987989552319, 0.0399291105568409, 0.007203082554042339, 0.022945141419768333, 0.009472087025642395, 0.03775408864021301, -0.0023915173951536417, 0.009962138719856739, 0.008606106042861938, 0.02195161208510399, -0.010042695328593254, -0.010713998228311539, -0.01409736555069685, 0.0023898391518741846, 0.01221100427210331, 0.00874036643654108, 0.030477162450551987, 0.011653822846710682, -0.006457936018705368, 0.011237614788115025, 0.026959534734487534, -0.01405708771198988, 0.003324628807604313, -0.0022404741030186415, -0.007545447442680597, -0.027228055521845818, 0.003581402124837041, 0.0003138342290185392, -0.01772240363061428, 0.028221582993865013, 0.009418383240699768, -0.008223463781177998, 0.008377863094210625, -0.014030235819518566, -0.03917725011706352, 0.013600601814687252, -0.018152037635445595, 0.0325179249048233, -0.0005995575920678675, 0.019333530217409134, 0.005729572381824255, -0.0022522220388054848, -0.0270937941968441, 0.023790983483195305, 0.01405708771198988, -0.001462601707316935, 0.03496146574616432, 0.023374775424599648, -0.010183668695390224, -0.03544480726122856, -0.01809833198785782, -0.00012209326087031513, -0.0026684298645704985, -0.018595097586512566, 0.020152520388364792, -0.017708975821733475, -0.013325367122888565, -0.0075857252813875675, 0.005205955822020769, -0.006790230982005596, 0.015748770907521248, -5.380914080888033e-05, -0.008465132676064968, 0.006229693070054054, -0.0012209325795993209, -0.03386053070425987, 0.024972476065158844, -0.026664160192012787, 0.05359684303402901, 0.018232593312859535, -0.016111275181174278, -0.009519078768789768, -0.024757659062743187, -0.014271904714405537, 0.018232593312859535, 0.014943207614123821, 0.006330388598144054, -0.022448377683758736, 0.013332080096006393, -0.001271280343644321, 0.0027640906628221273, -0.002255578525364399, -0.0007908790139481425, -0.013217958621680737, 0.0301012322306633, -0.014782095327973366, -0.0070889610797166824, 0.005004564765840769, 0.0015381233533844352, 0.004487661644816399, -0.009532504715025425, -0.01084825862199068, -0.010082973167300224, 0.01370801031589508, 0.0024015868548303843, 0.04164764657616615, 0.008089202456176281, 0.029268816113471985, 0.0037190194707363844, -0.005514755379408598, -0.007538734003901482, -0.01615155301988125, -0.027818802744150162, 0.0065955533646047115, 0.008747079409658909, -0.001413932186551392, -0.010485755279660225, 0.009606347419321537, 0.03477350249886513, -0.01703767292201519, 0.0006927009089849889, 0.01275475975126028, -0.002806047210469842, 0.028490105643868446, 0.002305926289409399, 0.02189790830016136, -0.035149432718753815, -0.02908085100352764, 0.016849707812070847, 0.004541365895420313, 0.0049139391630887985, 0.0013702975120395422, -0.032920707017183304, -0.03458553925156593, -0.0017990923952311277, 0.030047528445720673, 0.0019887355156242847, -0.01858167164027691, -0.011519561521708965, 0.01155984029173851, -0.009257270023226738, 0.02580489218235016, -0.014580704271793365, -0.03541795164346695, 0.021830778568983078, -0.02332107163965702, -0.008116055279970169, -0.0018863618606701493, -0.024838216602802277, 0.022864583879709244, -0.02360301837325096, 0.021186327561736107, 0.012680916115641594, -0.04057355970144272, -0.01454042550176382, -0.015708493068814278, 0.046588435769081116, -0.02677156962454319, -0.0030712117440998554, -0.015131172724068165, -0.0032893854659050703, -0.020219650119543076, 0.010331355035305023, -0.007954942062497139, 0.00949222594499588, 0.018017776310443878, 0.006105502136051655, 0.0021078919526189566, 0.012533229775726795, -0.02315995842218399, -0.026382213458418846, -0.045326389372348785, -0.02016594633460045, -0.01541312038898468, -0.021844204515218735, -0.03122902102768421, 0.017776107415556908, 0.018017776310443878, 0.01249295100569725, -0.02267662063241005, -0.003705593291670084, -0.022569211199879646, -0.017655272036790848, 0.006457936018705368, 0.006229693070054054, 0.02530812844634056, 0.03533739596605301, -0.0215756818652153, 0.016943691298365593, 0.018554817885160446, 0.02803361974656582, -0.016822855919599533, 0.011432291939854622, 0.00955264363437891, -0.007572299335151911, 0.021441422402858734, -0.02185763046145439, -0.04798474907875061, -0.014741816557943821, 0.0018595097353681922, -0.000184188800631091, 0.05703391507267952, 0.04272172972559929, -0.0022639697417616844, 0.010082973167300224, 0.001473510405048728, -0.01070728525519371, 0.03238366171717644, 0.018595097586512566, 0.01350661925971508, -0.03949947655200958, -0.01659461297094822, 0.020461319014430046, -0.0029587685130536556, 0.0008643027977086604, 0.00910958368331194, 0.009908434003591537, -0.019199268892407417, 0.015869606286287308, -0.033001262694597244, -0.010975806042551994, -0.0006809530896134675, -0.02924196422100067, 0.01906500943005085, 0.014486721716821194, 0.023133106529712677, 0.04000966623425484, 0.012164012528955936, 0.02430117316544056, -0.0051455385982990265, 0.01735989935696125, -0.025697484612464905, -0.006988265551626682, 0.013963105157017708, -0.012620499357581139, 0.007283639162778854, -0.012983002699911594, 0.0028664644341915846, -0.0008101789862848818, -0.019172416999936104, 0.0005852924077771604, -0.0016010579420253634, -0.03710963577032089, 0.0014474974013864994, 0.010076260194182396, -0.013580461964011192, -0.01764184609055519, 0.004574930761009455, 5.0164177082479e-05, -0.006756666116416454, -0.010989231988787651, -0.007840820588171482, -0.03775408864021301, -0.012848742306232452, 0.003581402124837041, -0.0056725116446614265, -0.019172416999936104, -0.013788565993309021, 0.023723851889371872, -0.002943664323538542, 0.012707768008112907, 0.21879111230373383, -0.011861925944685936, 0.028973443433642387, 0.01974973827600479, 0.0028110819403082132, -0.01190220471471548, 0.0017126621678471565, -0.014728390611708164, -0.025737762451171875, 0.03509572893381119, 0.0002167050406569615, -0.0039036276284605265, 0.014822373166680336, 0.009968851692974567, 0.009868156164884567, -2.8373046006890945e-05, -0.030933648347854614, -0.030772535130381584, -0.0033884025178849697, -0.007498456165194511, 0.018917322158813477, -0.009062591940164566, -0.0007078052149154246, -0.020515024662017822, 0.004115088377147913, -0.03560591861605644, 0.008330872282385826, 0.001995448488742113, 0.026677586138248444, -0.002968838205561042, -0.018997877836227417, -0.0015658146003261209, -0.018272871151566505, 0.01930667832493782, 0.002822829643264413, -0.012338551692664623, 0.00580005906522274, -0.04100319370627403, 0.03184662014245987, -0.01354689709842205, 0.010190381668508053, -0.01573534496128559, 0.006746596656739712, -0.02550951950252056, 0.012076742947101593, 0.001426519127562642, -0.0053301467560231686, 0.020071962848305702, 0.004772965330630541, 0.010512607172131538, -0.013056846335530281, 0.015131172724068165, 0.033806826919317245, 0.027738245204091072, 0.021978463977575302, -0.00921027921140194, 0.034827206283807755, -0.003806288819760084, -0.023777557536959648, 0.04478934407234192, -0.0006763379205949605, 0.01100937183946371, 0.013989957049489021, -0.0030292554292827845, 0.0027456297539174557, 0.006055154372006655, -0.010566310957074165, 0.0029352728743106127, -0.016299240291118622, 0.0008508767350576818, 0.022461803629994392, -0.009579495526850224, 0.009183427318930626, 0.012627212330698967, 0.030853092670440674, -0.016070997342467308, 0.00020747462986037135, 0.02247522957623005, 0.028651216998696327, 0.012996428646147251, -0.018890470266342163, -0.014889503829181194, -0.01354689709842205, -0.00303764664568007, -0.0272951852530241, -0.015265433117747307, -0.026180822402238846, 0.003232324495911598, -0.03168550878763199, 0.006421014666557312, -0.005283155478537083, -0.005471120588481426, -0.00447087874636054, -0.021468274295330048, 0.004524582996964455, 0.022461803629994392, 0.012956150807440281, -0.008330872282385826, 0.008351011201739311, -0.0415402390062809, -0.03369941562414169, 0.015574232675135136, 0.03082624077796936, 0.0059712412767112255, -0.020192798227071762, -0.007424612529575825, -0.007464890833944082, -0.007807255256921053, -0.009042453020811081, -0.015023764222860336, 0.030772535130381584, -0.0465615838766098, -0.012969576753675938, -0.004873660858720541, 0.0018930748337879777, 0.0071695176884531975, 0.003517628414556384, 0.00712923938408494, -0.015386267565190792, 0.002797655761241913, 0.027577131986618042, -0.05276442691683769, -0.0037592975422739983, -0.01269434206187725, -0.006756666116416454, -0.020353911444544792, -0.013238097541034222, 0.034209609031677246, -0.014620982110500336, -0.02352246269583702, 0.01275475975126028, -0.03694852441549301, 0.018433984369039536, -0.012889020144939423, -0.006619048770517111, 0.01597701385617256, -0.018836766481399536, -0.0033884025178849697, -0.015668215230107307, 0.0041419402696192265, 0.021105770021677017, -0.028973443433642387, 0.03520313650369644, -0.0009431809303350747, -0.0019299965351819992, -0.036492038518190384, -0.009545930661261082, -0.006212910637259483, -0.00760586466640234, -0.036814264953136444, -0.01549367606639862, -0.0038868451956659555, 0.0014911320758983493, -0.025361832231283188, 0.025294702500104904, -0.012345264665782452, -0.0026298300363123417, -0.030316049233078957, 0.004400392062962055, -0.002044118009507656, -0.04092263802886009, -0.010351493954658508, 0.02616739645600319, -0.014003382995724678, -0.014164496213197708, -0.013634166680276394, -0.16809430718421936, 0.01450014766305685, 0.03297441080212593, -0.007928090170025826, 0.015507102012634277, -0.0006448705680668354, 0.022582637146115303, -0.006780161522328854, -0.007156091276556253, -0.01942751184105873, 0.01858167164027691, 0.01135844923555851, -0.032840147614479065, -0.005863832775503397, 0.006629118230193853, -0.011492709629237652, -0.015708493068814278, 0.01639322191476822, 0.001686649164184928, 0.02693268097937107, 0.01922612264752388, -0.016299240291118622, 0.000413061206927523, -0.01215058658272028, -0.002733882050961256, 0.005068338476121426, 0.014674686826765537, 0.0339142344892025, -0.0032826722599565983, -0.010667006485164165, 0.002683534286916256, -0.0012519803130999207, 0.013076985254883766, -0.006605622824281454, -0.0006062706233933568, -0.005232807714492083, -0.016487205401062965, -0.032840147614479065, -0.013338793069124222, 0.004497731104493141, 0.02133401297032833, 0.007532021030783653, 0.005303294863551855, 0.017185360193252563, 0.014070513658225536, 0.05053570121526718, 0.005742998328059912, 0.01385569665580988, 0.022421523928642273, -0.013224671594798565, 0.02644934318959713, -0.02081039734184742, 0.004558148328214884, 0.00612564105540514, -0.003232324495911598, 0.01593673601746559, 0.0339142344892025, 0.001175619661808014, -0.03026234544813633, -0.038962434977293015, 0.004783034790307283, -0.010438763536512852, 0.0008131159120239317, -0.021803926676511765, -0.008263741619884968, -0.009069304913282394, -0.007290352135896683, 0.030799387022852898, -0.02295856736600399, -0.0024385086726397276, -0.026462769135832787, 0.0266910120844841, -0.0001578611263539642, 0.015480250120162964, -0.007921377196907997, 0.019722886383533478, -0.0004476752656046301, 0.01200961321592331, 0.005830267909914255, -0.007149378303438425, -0.00955264363437891, 0.017735829576849937, -0.008538976311683655, 0.009123009629547596, -0.007834107615053654, 0.0012872237712144852, 0.00845841970294714, -0.00965333916246891, 0.0034974892623722553, 0.007485029753297567, 0.0363309271633625, -0.019682608544826508, -0.00798850692808628, 0.015721919015049934, 0.01350661925971508, 0.016782578080892563, -0.02324051409959793, -0.004514513537287712, 0.022609489038586617, -0.026744717732071877, -0.006407588254660368, -0.012123734690248966, -0.025872021913528442, 0.016339518129825592, 0.01643350161612034, 0.0023243871983140707, 0.007619290612637997, 0.020837249234318733, 0.011392014101147652, 0.015265433117747307, -0.033162374049425125, 0.0038398539181798697, 0.01119733601808548, 0.03627721965312958, 0.0028916383162140846, 0.014822373166680336, 0.011224188841879368, -0.004991138819605112, 0.026100266724824905, 0.02195161208510399, 0.03719019517302513, -0.0004040405619889498, -0.006199484225362539, -0.007135952357202768, 0.032061439007520676, 0.017306195572018623, -0.09827877581119537, -0.0013342149322852492, 0.00642772763967514, 0.008277167566120625, -0.03265218436717987, -0.024193765595555305, -0.008928331546485424, 0.030557718127965927, -0.01874278299510479, 0.034343868494033813, -0.03176606446504593, -0.028006765991449356, -0.019078435376286507, 0.016581187024712563, -0.0013820453314110637, 0.0013258237158879638, -0.028248436748981476, -0.0017957359086722136, 0.0021716656628996134, 0.013567036017775536, 0.012929297983646393, -0.009136435575783253, 0.01385569665580988, -0.002730525564402342, -0.01858167164027691, 0.02932252176105976, -0.009814451448619366, 0.02219328097999096, 0.029134556651115417, -0.02652990072965622, 0.0015481928130611777, -0.0251872930675745, 0.007968368008732796, -0.019776590168476105, 0.008304019458591938, -0.0313095785677433, -0.0347197987139225, -0.018648801371455193, 0.025321554392576218, -0.012895733118057251, -0.014835799112915993, 0.016527483239769936, -0.0033128808718174696, -0.008236889727413654, 0.01364759262651205, -0.01691683940589428, -0.01599043980240822, 0.01886361837387085, 0.0014433017931878567, -0.010922102257609367, -0.006921135354787111, -0.00985473021864891, -0.027402594685554504, -0.0066794659942388535, 0.03313552215695381, 0.04164764657616615, 0.011915630660951138, 0.01667517051100731, -0.014365887269377708, 0.004722617566585541, 0.011237614788115025, -0.012479525059461594, -0.00503141712397337, 0.03807631507515907, 0.0343170166015625, 0.01639322191476822, -0.013788565993309021, -0.026717863976955414, -0.02207244746387005, -0.026019709184765816, -0.023186810314655304, -0.01060658972710371, -0.054617222398519516, -0.020152520388364792, -0.029134556651115417, 0.009988990612328053, -0.006468005478382111, -0.013298515230417252, 0.01695711724460125, -0.032061439007520676, -0.015950161963701248, 0.0012620498891919851, -0.033001262694597244, -0.0058537633158266544, 0.03756612166762352, 0.009398244321346283, 0.01687656156718731, 0.01115705817937851, -0.004877017345279455, -0.018433984369039536, 0.009331113658845425, -0.001471832161769271, 0.006306892726570368, -0.035954996943473816, -0.0393383651971817, 0.0026550039183348417, 0.014204774051904678, 0.01667517051100731, -0.013714723289012909, -0.014379313215613365, -0.0013963105157017708, -0.0006994139403104782, -0.042936548590660095, 0.010096399113535881, -0.008384576067328453, -0.004215783905237913, 0.010156816802918911, -0.005024704150855541, 0.0048166001215577126, -0.0034538547042757273, -0.010526033118367195, 0.021199753507971764, 0.0029033860191702843, 0.030960500240325928, -0.02396552264690399, 0.007142665330320597, -0.031202169135212898, -0.015399693511426449, 0.028248436748981476, 0.022300690412521362, 0.01601729355752468, 0.008223463781177998, -0.006310249678790569, -0.000498442561365664, 0.03477350249886513, 0.0045883567072451115, -0.008438280783593655, 0.009915146976709366, -0.017064524814486504, 0.038801319897174835, -0.014271904714405537, -0.02275717630982399, 0.01866222731769085, -0.023509034886956215, -0.010411911644041538, 0.006112215109169483, 0.005138825625181198, -0.024730807170271873, 0.003896914655342698, 0.04669584706425667, 0.023670148104429245, -0.00829730648547411, -0.013318654149770737, -0.035229988396167755, -0.01364759262651205, -0.01040519867092371, -0.032759591937065125, 0.006900996435433626, 0.008189897984266281, -0.0013837235746905208, 0.004182218573987484, -0.011230901814997196, 0.04350044205784798, 0.007934803143143654, 0.0028832468669861555, -0.020743267610669136, -0.015131172724068165, -0.03874761611223221, 0.001948457327671349, 0.009062591940164566, 0.02843639999628067, 0.007921377196907997, 0.039526328444480896, 0.011754517443478107, 0.00989500805735588, -0.019696034491062164, 0.005642302799969912, -0.012103595770895481, -0.008444993756711483, 0.017937220633029938, -0.02028677985072136, -0.05010606721043587, -0.01389597449451685, -0.004393679089844227, 0.008512123487889767, 0.025496093556284904, 0.008371150121092796, -0.02438173070549965, 0.017467306926846504, 0.0070218308828771114, 0.01760156825184822, 0.006619048770517111, 0.0058537633158266544, -0.005880615673959255, -0.0022925001103430986, 0.003927123267203569, 0.029134556651115417, 0.025737762451171875, -0.0014391060685738921, 0.03343089669942856, 0.010472329333424568, 0.005333503242582083, -0.02640906535089016, 0.016903413459658623, -0.028490105643868446, 0.005249590612947941, 0.008371150121092796, -0.0044843051582574844, -0.04108375310897827, 0.00863967090845108, 0.01385569665580988, 0.02616739645600319, 0.002404943574219942, 0.015587658621370792, -0.028248436748981476, -0.009827878326177597, -0.019414085894823074, 0.005464407615363598, 0.0012158978497609496, -0.028409548103809357, -0.00025572453159838915, 0.015601084567606449, 0.008169759064912796, -0.0007820681785233319, -0.020313633605837822, 0.009901721030473709, -0.013325367122888565, 0.02771139331161976, 0.017252489924430847, -0.02129373513162136, -0.006048441398888826, 0.031900323927402496, 0.010660293512046337, 0.024193765595555305, 0.015668215230107307, -0.0012922585010528564, 0.02161596156656742, 0.024086356163024902, -0.006739883683621883, -0.022099299356341362, 0.033565156161785126, 0.005635589826852083, -0.005930962972342968, 0.013573748990893364, -0.012432534247636795, -0.00890147965401411, -0.019602051004767418, -0.03716334328055382, 0.012123734690248966, 0.010767702013254166, -0.019722886383533478, 0.07432668656110764, -0.010022555477917194, -0.010284364223480225, 0.024314599111676216, -0.005538250785320997, 0.022367820143699646, 0.005994737148284912, 0.007297065109014511, -0.02843639999628067, -0.026784995570778847, 0.015520528890192509, 0.003655245527625084, -0.015480250120162964, -0.022408097982406616, 0.020998362451791763, 0.03139013424515724, -0.005370425060391426, 0.008747079409658909, -0.019360382109880447, 0.010640154592692852, 0.00655191857367754, -0.025160441175103188, 0.01874278299510479, 0.014728390611708164, -0.009660052135586739, -0.0004235503147356212, 0.017655272036790848, -0.01101608481258154, -0.0018628662219271064, -0.03345774859189987, 0.01036492083221674, 0.015104320831596851, -0.0373244546353817, -0.009042453020811081, -0.00431983545422554, -0.018568243831396103, -0.02462339960038662, -0.0015347667504101992, 0.04363470524549484, 0.016366370022296906, 0.00044725570478476584, 0.02560350112617016, -0.02765768952667713, 0.0011781370267271996, -0.013050133362412453, -0.011163771152496338, -0.004252705257385969, -0.017386751249432564, 0.0010363241890445352]","[-0.03166358917951584, 0.004690780304372311, 0.011712095700204372, -0.02213018201291561, -0.027887199074029922, 0.0014054185012355447, -0.03055444173514843, -0.037763915956020355, 0.00802813284099102, 0.009506999514997005, 0.02578773722052574, 0.004218731075525284, -0.005839542485773563, 0.01056333351880312, 0.0022100473288446665, 0.003479297738522291, 0.015633732080459595, -0.00524535495787859, 0.017495520412921906, -0.01979304477572441, -0.007632008288055658, 0.006905778776854277, 0.0020978120155632496, 0.008780770935118198, -0.02867944911122322, 0.02004392445087433, 0.006404020823538303, -0.008001725189387798, -0.014537787064909935, 0.005611770786345005, 0.0214435663074255, -0.013316401280462742, -0.003802799852564931, -0.046557892113924026, -0.036839623004198074, 0.0025929680559784174, -0.0008165951585397124, -0.02416362427175045, -0.0033043427392840385, -0.011098101735115051, 0.01088023278862238, -0.002936276374384761, -0.012616581283509731, 0.010966059751808643, -0.0005199140287004411, 0.043230440467596054, 0.023186516016721725, 0.011738504283130169, 0.0009325442370027304, 0.0036608551163226366, -0.005661286413669586, -1.4454951269726735e-05, -0.023952357470989227, -0.00241471198387444, -0.003825907129794359, -0.016558025032281876, -0.016425982117652893, 0.034172382205724716, -0.012590172700583935, -0.007282097823917866, 0.005430213175714016, 0.016637248918414116, -0.0032977405935525894, 0.018274566158652306, -0.010576536878943443, 0.00401406642049551, -0.0012477936688810587, -0.005743812303990126, 0.0061498405411839485, -0.0022100473288446665, 0.008721351623535156, 0.04378501698374748, -0.013461647555232048, 0.02205095812678337, 0.010299249552190304, -0.026157453656196594, 0.0009275926859118044, -0.0037796925753355026, 0.002617725869640708, -0.00015721211093477905, -0.00542031042277813, -0.037605464458465576, -0.023833520710468292, 0.018116116523742676, 0.023054474964737892, 0.023820316419005394, -0.01473584957420826, 0.006536062341183424, 0.01996469870209694, 0.001017546048387885, 0.023054474964737892, -0.0033967718482017517, 0.02899634838104248, 0.00012678062194027007, 0.0001276058901567012, 0.043758608400821686, 0.011428206227719784, 0.018182136118412018, -0.01294668484479189, -0.02385992929339409, -0.02643474191427231, 0.03242943435907364, -0.025932982563972473, -0.000670936715323478, -0.025932982563972473, 0.02283000387251377, 0.018182136118412018, -0.025536857545375824, -0.00197897432371974, -0.007414139341562986, -0.011296164244413376, -0.014194479212164879, 0.004426696803420782, -0.009025047533214092, -0.02828332409262657, 0.013785149902105331, 0.0006754756323061883, -0.02915479987859726, -0.031003382056951523, -0.011388593353331089, 0.009771083481609821, -0.005710802040994167, 0.03240302577614784, -0.02487664856016636, -0.012220456264913082, -0.002970937406644225, -0.018604669719934464, -0.0066185882315039635, 0.01941012404859066, -0.03625864163041115, 0.02955092489719391, 0.02915479987859726, -0.0017446004785597324, 0.0007707932381890714, -0.010398280806839466, 0.0070312186144292355, 0.004000862594693899, -0.025919778272509575, -0.007136852014809847, -0.0007295301766134799, 0.022262224927544594, 0.019212061539292336, -0.004370579030364752, -0.03562483936548233, -0.02168124169111252, -0.00018836568051483482, -0.003170650452375412, -0.0023850025609135628, -0.007493364159017801, -0.012636386789381504, 0.009176895953714848, -0.004291354212909937, 0.009969145990908146, -0.027728749439120293, 0.01956857368350029, 0.0013649807078763843, -0.016254328191280365, -0.00010341544111724943, -0.01433972455561161, -0.015937428921461105, 0.012530753389000893, 0.009909726679325104, 0.0004307859344407916, -0.0011074994690716267, -0.004766704048961401, 0.022618737071752548, -0.0028223905246704817, -0.012761826626956463, -0.00033443677239120007, -0.005856047850102186, 0.01547528337687254, 0.029735783115029335, -0.03594174236059189, 0.011547042988240719, -0.003647651057690382, 0.02463897503912449, 0.008160174824297428, 0.011580053716897964, -0.008833587169647217, 0.003608038416132331, 0.0103256581351161, 0.013983212411403656, 0.023807112127542496, 0.01707298681139946, -0.006760532967746258, -0.01583179458975792, 0.013943599537014961, 0.004222032148391008, 0.009738072752952576, -0.016558025032281876, 0.02041364088654518, 0.02098141983151436, -0.007704630959779024, -0.002375099342316389, -0.6321098208427429, -0.03071289137005806, 0.0013237176463007927, -0.04608254134654999, 0.02080976590514183, 0.011850738897919655, 0.016109082847833633, 0.0017809119308367372, -0.01161306444555521, 0.0038886270485818386, -0.007394333370029926, 0.034568507224321365, -0.005984788294881582, -0.013309800066053867, -0.005638178903609514, -0.00569099560379982, 0.003462792607024312, 0.005783424712717533, -0.02422964572906494, 0.026104636490345, 0.01251094788312912, 0.020387232303619385, 0.005981487222015858, -0.0035420176573097706, 0.007665018551051617, 0.0010026913369074464, 0.02720058336853981, 0.0021077150013297796, -0.0190932247787714, 0.00810075644403696, -0.008014928549528122, 0.012207251973450184, -0.005908864550292492, -0.009579623118042946, 0.04014066606760025, 0.004492717795073986, -0.04101214185357094, 0.02735903300344944, 0.009341947734355927, 0.057728614658117294, -0.02182648703455925, -0.010801007971167564, 0.02181328274309635, 0.02189250849187374, 0.01661084033548832, 0.005004378966987133, -0.0284417737275362, 0.005251957103610039, -0.01496032066643238, -0.004905347712337971, -0.019700616598129272, -0.01791805401444435, -0.020862583070993423, 0.013692720793187618, -0.00021332981123123318, -0.005968283396214247, 0.03396111726760864, -0.002056548837572336, -0.015409261919558048, 0.04066883400082588, 0.02448052354156971, -0.013877579011023045, -0.007123647723346949, -0.05963001400232315, -0.014828278683125973, -0.00420882785692811, -0.020123150199651718, -0.018380198627710342, -0.01745590753853321, -0.011065091006457806, -0.0010249734623357654, 0.01885554939508438, -0.002470829524099827, -0.03950686380267143, -0.017680378630757332, 0.018604669719934464, 0.01823495328426361, -0.0008467171574011445, -0.005938573740422726, 0.004443202167749405, 0.005298171658068895, -0.007651814259588718, -0.029207615181803703, -0.026870477944612503, 0.023833520710468292, -0.030290357768535614, -0.016425982117652893, -0.004330966621637344, 0.0021621822379529476, -0.0002341676299693063, 0.0245597492903471, 0.011705493554472923, 0.008965629152953625, -0.04529029130935669, 0.001152063487097621, 0.020308008417487144, 0.022394265979528427, 0.0037697895895689726, -0.005298171658068895, -0.005265161395072937, -0.023410987108945847, 0.010431291535496712, 0.02603861689567566, 0.023371374234557152, 0.01098586618900299, 0.024757811799645424, -0.03477977588772774, 0.007288699969649315, 0.04948921501636505, -0.0018205244559794664, 0.01917244866490364, -0.014247295446693897, -0.0018188739195466042, 0.002200144110247493, -0.0206513162702322, -0.03409315645694733, 0.06427787989377975, -0.004624759312719107, -0.010457700118422508, -0.014841482974588871, 0.02268475852906704, 0.010107789188623428, 0.015448874793946743, -0.010352066718041897, 0.004862434230744839, 0.015435670502483845, 0.0012123074848204851, 0.006512954831123352, -0.007216076832264662, 0.013276789337396622, 0.01791805401444435, 0.023886336013674736, 0.030818523839116096, -0.00722928112372756, 0.0019030504627153277, 0.004651167429983616, 0.016782496124505997, -0.002992394147440791, 0.01948934979736805, -0.014379337430000305, 0.009031649678945541, -0.000457194255432114, -0.0020268396474421024, -0.005479728803038597, -0.03303682431578636, -0.02322612889111042, -0.020836174488067627, 0.015224403701722622, -0.02049286663532257, 0.016399575397372246, -0.038556165993213654, -0.008734555914998055, -0.007400935050100088, 0.01449817419052124, 0.03063366562128067, -0.014352928847074509, -0.005839542485773563, -0.02368827350437641, -0.027728749439120293, -0.022790390998125076, -0.017482316121459007, 0.02815128304064274, 0.006866166368126869, 0.016663657501339912, -0.00853649340569973, -0.02213018201291561, -0.002975889015942812, 0.013745537027716637, 0.018353791907429695, -0.03279915079474449, -0.009784286841750145, -0.03945405036211014, 0.017350275069475174, 0.015303628519177437, -0.0319804921746254, 0.004799714311957359, -0.010503914207220078, 0.00141779740806669, 0.022777186706662178, 0.005922068376094103, 0.01126975566148758, -0.005466524977236986, -0.016095878556370735, -0.0017214932013303041, 0.011560247279703617, -0.004433298949152231, 0.011441410519182682, 0.004007464274764061, -0.03031676635146141, 0.029947049915790558, -0.005727306939661503, 0.018961183726787567, 0.0050010778941214085, -0.00880717858672142, 0.004690780304372311, 0.006483245640993118, -0.0237807035446167, -0.009262722916901112, -0.026923295110464096, 0.019198857247829437, 0.010154004208743572, 0.021324729546904564, 0.0017941161058843136, -0.008793975226581097, 0.032482247799634933, -0.0335385836660862, -0.0006267852731980383, -0.01044449582695961, 0.02486344426870346, -0.004433298949152231, -0.015409261919558048, -0.008054541423916817, -0.0046841781586408615, -0.011824331246316433, 0.01878952793776989, 0.03039599023759365, -0.016267532482743263, 0.010642558336257935, -0.0012651241850107908, 0.007665018551051617, 0.014603807590901852, -0.020915400236845016, 0.038001589477062225, 0.015844998881220818, 0.002733262488618493, -0.00132041668985039, 0.020070333033800125, 0.00012956588761880994, 0.025312386453151703, -0.01049070991575718, 0.00709063746035099, -0.019661003723740578, 0.0006205958197824657, -0.003641048911958933, 0.022354653105139732, 0.011738504283130169, 0.018578261137008667, -0.02246028743684292, 0.02485024183988571, 0.0025434524286538363, 0.006044207140803337, 0.027491074055433273, 0.021734056994318962, -0.004113097675144672, 0.010550129227340221, 0.042834315448999405, 0.006367709022015333, -0.0034231801982969046, -0.026487557217478752, 0.017746400088071823, 0.0010489060077816248, -0.0017330468399450183, -0.03179563209414482, 0.017165416851639748, 0.022433878853917122, -0.006958595477044582, 0.003683962393552065, 0.006780339404940605, 0.03567765653133392, 0.03163718432188034, -0.03998221457004547, 0.018340587615966797, 0.011045285500586033, -0.015594120137393475, -0.004674274940043688, -0.025233162567019463, 0.0077244373969733715, 0.0022711167111992836, -0.01496032066643238, -0.0010373523691669106, -0.018617874011397362, -0.005209043622016907, 0.011646074242889881, -0.017337070778012276, 0.007361322641372681, 0.020215578377246857, 0.00151517812628299, 0.025510448962450027, 0.011824331246316433, 0.015884611755609512, -0.018499037250876427, -0.0405103825032711, 0.016901332885026932, 0.009361754171550274, -0.0015787230804562569, -0.030844932422041893, -0.03422519937157631, -0.007598997559398413, -0.004043776076287031, 0.014445357955992222, -0.0008805528632365167, 0.02057209052145481, 0.01746911182999611, -0.006179549731314182, -0.02548404037952423, -0.0016686765011399984, 0.031373098492622375, -0.0013625049032270908, 0.02696290798485279, 0.013666312210261822, -0.01216103695333004, 0.006536062341183424, -0.014168070629239082, -0.019621390849351883, 0.042121291160583496, -0.01808970794081688, -0.004538932349532843, -0.01698055863380432, 0.0011495876824483275, -0.04816879704594612, -0.010266239754855633, -0.01947614550590515, 0.007968714460730553, -0.01613549143075943, -0.015435670502483845, -0.0009424473973922431, -0.05326560512185097, 0.02290922775864601, 0.023424191400408745, 0.0017924655694514513, -0.0017875139601528645, -0.0342780165374279, -0.011738504283130169, 0.006971799768507481, -0.003456190461292863, 0.025695307180285454, -0.01793125830590725, 0.006899177096784115, -0.042121291160583496, -0.008939220570027828, -0.012867460027337074, -0.027306215837597847, 0.018300974741578102, -0.00903825182467699, -0.003792896866798401, -0.017521928995847702, 0.010926447808742523, -0.013864374719560146, -0.008510084822773933, 0.013250380754470825, -0.0008590960642322898, -0.01848583295941353, 0.006278580985963345, -0.004776607267558575, -0.005667888559401035, -0.0029659857973456383, -0.0010753142414614558, 0.004429997876286507, 0.04201565682888031, 0.0018172233831137419, 0.021100258454680443, -0.016795700415968895, 0.017337070778012276, -0.022328244522213936, -0.012306283228099346, -0.00207635504193604, 0.030686482787132263, 0.01955537125468254, 0.013824761845171452, 0.010886834934353828, 0.00965884793549776, -0.011012274771928787, 0.002152279019355774, 0.017786012962460518, 0.015264016576111317, 0.0091570895165205, 0.027226990088820457, -0.011679084971547127, 0.0014243994373828173, 0.00361464056186378, 0.01698055863380432, 0.024348482489585876, 0.002137424424290657, 0.0033208478707820177, 0.01931769587099552, 0.030686482787132263, 0.0091570895165205, -0.003891928121447563, -0.0007192144403234124, 0.007321710232645273, -0.01547528337687254, -0.006202657241374254, -0.02362225390970707, -0.00786968320608139, -0.004192322958260775, -0.0020169364288449287, 0.019898679107427597, 0.01449817419052124, -0.008358237333595753, -0.016346758231520653, -0.012775030918419361, -0.0014318267349153757, -0.04032552242279053, 0.01255055982619524, 0.02502189576625824, -0.020941806957125664, -0.048670556396245956, 0.001617510337382555, 0.019845861941576004, -0.004918552003800869, -0.013039113953709602, -0.01637316681444645, -0.020994624122977257, 0.018974386155605316, -0.004040475003421307, -0.04148748889565468, -0.02088899165391922, -0.0198854748159647, -0.02368827350437641, 0.004756800830364227, -0.022354653105139732, 0.009170293807983398, 0.011487624607980251, 0.011084897443652153, 0.0006276105414144695, -0.01317115593701601, 0.005367493722587824, -0.003116183215752244, 0.022196203470230103, 0.012378905899822712, 0.024982282891869545, -0.0007188018062151968, -0.0037565852981060743, -0.011190530844032764, -0.035888925194740295, -0.021549198776483536, -0.0030287057161331177, -0.0335121750831604, -0.001200753846205771, 0.00736792478710413, -0.024916261434555054, 0.023133698850870132, 0.005080303177237511, -0.030924158170819283, -0.013732332736253738, 0.007823468185961246, 0.020624907687306404, -0.00773764168843627, 0.006143238395452499, 0.007691426668316126, 0.013210768811404705, 0.05588003247976303, 7.324186299229041e-05, 0.0004188196617178619, 0.001173520227894187, -0.012497743591666222, 0.015039545483887196, 0.009170293807983398, -0.011348981410264969, 0.024110807105898857, 0.02128511667251587, -0.046425849199295044, -0.011197132989764214, 0.012966491281986237, -0.011507431045174599, 0.015448874793946743, 0.011850738897919655, 0.0006152316345833242, -0.03182204067707062, -0.007816866040229797, 0.016016654670238495, -0.00542031042277813, -0.012722214683890343, -0.012695806100964546, -0.009467387571930885, -0.025510448962450027, -0.004103194456547499, -0.017719991505146027, -0.004750198684632778, -0.01707298681139946, -0.014656624756753445, 0.00018186676607001573, 0.022024549543857574, 0.0007361322641372681, 0.007301903795450926, -0.0107151810079813, -0.00891941413283348, 0.002490635961294174, 0.0005025835707783699, -0.03734138235449791, -0.008840189315378666, -0.009077864699065685, 0.022354653105139732, 0.02314690314233303, 0.019687412306666374, 0.003588232211768627, 0.0002904916473198682, -0.00825920607894659, 0.010503914207220078, -0.02128511667251587, -0.015039545483887196, -0.011078295297920704, -0.026236679404973984, -0.005486330948770046, 0.013917190954089165, -0.010470903478562832, 0.004614856094121933, 0.004212128929793835, 0.005215645767748356, 0.020387232303619385, -0.0175351332873106, -0.006153141614049673, -0.0027514181565493345, -0.007770651951432228, -0.008978833444416523, 0.006182850804179907, -0.015580915845930576, -0.00024716550251469016, -0.013309800066053867, -0.008206388913094997, 0.018829140812158585, -0.01227987464517355, 0.01871030405163765, -0.00031916945590637624, 0.025127528235316277, 0.02104744128882885, 0.013811557553708553, 0.0018551853718236089, -0.012517550028860569, 0.009579623118042946, 0.005367493722587824, -0.010160606354475021, -0.028204098343849182, 0.020400436595082283, 0.010708578862249851, 0.017601152881979942, -0.01955537125468254, 0.0005851096357218921, -0.004146108403801918, 0.019278082996606827, -0.011474420316517353, 0.027491074055433273, -0.002391604706645012, -0.03852975741028786, -0.03095056675374508, -0.04169875755906105, 0.008754362352192402, -0.009889920242130756, -0.01612228713929653, -0.0036872634664177895, 0.0020714036654680967, 0.023807112127542496, -0.0012543958146125078, -0.01511877030134201, 0.018300974741578102, -0.014656624756753445, 0.025616083294153214, 0.015501691028475761, 0.02120589092373848, 0.010827416554093361, -0.012576968409121037, -0.019225265830755234, -0.009493795223534107, 0.017284253612160683, -0.008279012516140938, 0.013970008119940758, -0.000541370827704668, -0.004637963604182005, -0.00477330619469285, 0.003175602061673999, -0.004027270711958408, 0.015924224629998207, -0.04227973893284798, 0.014907503500580788, -0.03298400714993477, -0.00046792265493422747, -0.017904849722981453, -0.0008364014211110771, -0.03361780568957329, -0.0018007181352004409, -0.020928604528307915, 0.0060409060679376125, 0.006328096613287926, 0.005070399958640337, -0.01605626568198204, 0.015197995118796825, -0.011804524809122086, 0.04317762330174446, -0.0020433447789400816, -0.005017583258450031, -0.010536924935877323, -0.017125803977251053, -0.016029857099056244, 0.003155795857310295, 0.009506999514997005, 0.006308290641754866, 0.011679084971547127, 0.022407470270991325, 0.00463466253131628, -0.004165914375334978, -0.020756948739290237, -0.01411525346338749, -0.00022364556207321584, 0.02836254984140396, -0.03031676635146141, -0.0032597784884274006, 0.03633786737918854, 0.00775744765996933, 0.023252537474036217, -0.0444452241063118, 0.006628491450101137, -0.0040338728576898575, 0.003657554043456912, 0.017719991505146027, 0.01738988794386387, -0.013996416702866554, 0.010583139024674892, -0.03530794009566307, -0.009784286841750145, -0.021021032705903053, 0.002299175364896655, -0.006885972805321217, -0.01037187222391367, -0.026315903291106224, -0.013045716099441051, 0.02111346274614334, -0.0016571228625252843, 0.01367951650172472, -0.011599860154092312, 0.01915924623608589, 0.006780339404940605, 0.034726958721876144, -0.010576536878943443, -0.017337070778012276, 0.00903825182467699, -0.012999502010643482, -0.02976219169795513, 0.0056513831950724125, -0.015541303902864456, 0.011811126954853535, 0.014207682572305202, -0.023727886378765106, -0.019766636192798615, -0.01893477514386177, 0.035202305763959885, -0.0008219593437388539, 0.004555437248200178, 0.009797491133213043, 0.00019672144844662398, 0.014920707792043686, 0.03118824027478695, -0.00415271008387208, -0.01048410777002573, -0.00904485397040844, -0.0292340237647295, -0.010867028497159481, 0.008675137534737587, -0.03287837281823158, 1.0509174899198115e-05, -0.029815007001161575, 0.007328312378376722, 0.018036890774965286, -0.019396919757127762, -0.007948908023536205, 0.00362454354763031, 0.016505207866430283, -0.014762258157134056, 0.002198493806645274, -0.0020218880381435156, -0.009091068059206009, -0.007731039542704821, 0.01785203255712986, 0.00017031311290338635, -0.012497743591666222, 0.031452324241399765, 0.018961183726787567, 0.012517550028860569, 0.00994273740798235, -0.007764049805700779, 0.006985004059970379, -0.003796197706833482, -0.028943533077836037, -0.05395222455263138, -0.01523760799318552, 0.007513170596212149, 0.02486344426870346, -0.021852895617485046, -0.015264016576111317, -0.029841415584087372, 0.009513601660728455, -0.019344104453921318, -0.0018353791674599051, -0.0050869048573076725, -0.0004662721185013652, 0.037130117416381836, -0.00031793155358172953, 0.000614406366366893, 0.03493822365999222, 0.01971382088959217, 0.018353791907429695, -0.010979264043271542, -0.008397850207984447, -0.029682965949177742, -0.002711805747821927, 0.0023833520244807005, 0.018921570852398872, -0.027332624420523643, -0.0016150346491485834, 0.00724908709526062, -0.01060294546186924, 0.015950633212924004, 0.0126627953723073, 0.00799512304365635, 0.003868820844218135, -0.005469826050102711, 0.01620151288807392, 0.017984073609113693, 0.023252537474036217, 0.03147873282432556, -0.027464665472507477, 0.007235883269459009, 0.008846791461110115, -0.001124829868786037, 0.0032498755026608706, -0.01020682044327259, -0.0005479729152284563, -0.020928604528307915, 0.012656193226575851, -0.027702340856194496, -0.018102912232279778, 0.007196270860731602, -0.004063582047820091, 0.021060645580291748, -0.003066667588427663, -0.012649591080844402, 0.016254328191280365, -0.003664156189188361, -0.0350702665746212, -0.015871407464146614, 0.004542233422398567, -0.021377544850111008, -0.002634231233969331, 0.01433972455561161, -0.023252537474036217, -0.019753431901335716, 0.027147766202688217, -0.015528099611401558, -0.013428636826574802, -0.00041324913036078215, 0.0010744890896603465, 0.011448012664914131, 0.003023754106834531, 0.002109365537762642, 0.005605168640613556, -0.014749053865671158, -0.009368356317281723, -1.2301537935854867e-05, -0.03266710788011551, 0.024691790342330933, 0.012847653590142727, -0.014128457754850388, 0.005020884331315756, -0.008734555914998055, 0.007671620696783066, -0.0035684260074049234, -0.02112666703760624, -0.00530147273093462, -0.005314677022397518, 0.031293872743844986, 0.025351999327540398, 0.19827376306056976, 0.004406890366226435, 0.005202441476285458, 0.003931540530174971, -0.003046861384063959, 0.002284320769831538, 0.008589310571551323, -0.02026839554309845, 0.010002155788242817, -0.009559816680848598, -0.024506932124495506, -0.006189452949911356, -0.016003450378775597, 0.004086689557880163, -0.015594120137393475, -0.03887306526303291, -0.04700683057308197, -0.022869616746902466, -0.018723508343100548, -0.009559816680848598, -0.018657486885786057, -0.0253255907446146, -0.022882821038365364, -0.005080303177237511, 0.028943533077836037, -0.025299182161688805, -0.003707069670781493, 0.0002708917309064418, 0.006925585214048624, 0.008014928549528122, -0.029286840930581093, 0.017495520412921906, -0.01848583295941353, -0.024506932124495506, 0.0001774309785105288, -0.011692289263010025, 0.011078295297920704, 0.0023850025609135628, -0.0068133496679365635, 0.014696236699819565, 0.016940945759415627, 0.013732332736253738, -0.006446934305131435, -0.014088845811784267, -0.00477330619469285, 0.023807112127542496, -0.01684851571917534, -0.00865533109754324, -0.026236679404973984, -0.009969145990908146, -0.007598997559398413, -0.022182999178767204, 0.011817729100584984, 0.007433945778757334, 0.008760964497923851, 0.029524516314268112, -0.003908433020114899, 0.0006408147164620459, 0.006658200640231371, -0.0019938291516155005, -0.025219958275556564, 0.020915400236845016, 0.012088414281606674, 0.00773764168843627, -0.036285050213336945, 0.017033373937010765, -0.014867891557514668, 0.04241178184747696, 0.009652245789766312, 0.00213247281499207, -0.020915400236845016, -0.013435238972306252, -0.0014780414057895541, -0.003555221715942025, 0.0011074994690716267, -0.026632802560925484, -0.0008446539868600667, -0.010292647406458855, -0.002517044311389327, -0.002731611952185631, -0.019396919757127762, -0.03501744940876961, -0.014920707792043686, -0.01204219926148653, -0.0014697887236252427, -0.01317115593701601, 0.008041337132453918, 0.015026341192424297, -0.020994624122977257, 0.009797491133213043, 0.0016323650488629937, 0.011863943189382553, -0.018565058708190918, -0.02244708314538002, 0.009764481335878372, 0.0018535348353907466, 0.006602083332836628, 0.006519556976854801, -0.002928023925051093, -0.00891941413283348, -0.03345935791730881, 0.05941874906420708, 0.030211132019758224, -0.019449736922979355, -0.001574596855789423, 0.020690929144620895, -0.0046841781586408615, 0.011665880680084229, 0.027306215837597847, -0.013217370957136154, 0.0175351332873106, -0.035096675157547, 0.00530147273093462, -0.006400719750672579, -0.002959383884444833, 0.0018436317332088947, -0.007797060068696737, -0.006852962542325258, -0.005994691513478756, -0.028969941660761833, 0.029101982712745667, 0.007539579179137945, 0.04045756533741951, 0.027306215837597847, -0.008932618424296379, -0.02643474191427231, -0.03245583921670914, 0.023912744596600533, -0.007044422905892134, -0.054453980177640915, 0.023173311725258827, 0.012207251973450184, 0.008734555914998055, -0.006671404931694269, -0.011606462299823761, 0.011150918900966644, 0.016161900013685226, -0.0056744907051324844, -0.019700616598129272, 0.01072178315371275, -0.009143885225057602, -0.01847262866795063, 0.0026820963248610497, 0.01661084033548832, 0.003697166685014963, -0.001525906496681273, 0.0024328676518052816, -0.029947049915790558, 0.0027085046749562025, -0.03311605006456375, 0.006090421695262194, -0.031689997762441635, 0.008998638950288296, 0.0047270916402339935, 0.03132028132677078, 0.011289562098681927, -0.011421604081988335, -0.019053611904382706, -0.014088845811784267, 0.03319527581334114, -0.0319540835916996, -0.00020466458227019757, 0.013521065935492516, -0.017865236848592758, -0.02565569430589676, -0.010279443114995956, -0.16542179882526398, -0.005159527994692326, -0.02525956928730011, -0.01801048219203949, 0.026461148634552956, 0.010649160481989384, 0.02696290798485279, 0.01651841215789318, -0.0020515972282737494, 0.007275495678186417, -0.0035420176573097706, 0.019819453358650208, -0.026923295110464096, -0.0042055267840623856, 0.017099395394325256, 0.01539605762809515, -0.0013220671098679304, 0.008206388913094997, 0.021232299506664276, 0.008932618424296379, -0.0005347687401808798, -0.012841051444411278, -0.0003453714889474213, -0.01243172213435173, -0.0016736281104385853, 0.005037389229983091, -0.004961465485394001, -0.00849688146263361, 0.028653040528297424, -0.020123150199651718, -0.0010150702437385917, 0.009018445387482643, 0.011804524809122086, 0.017984073609113693, 0.016663657501339912, -0.0013063872465863824, 0.004898745566606522, 0.00313763995654881, 0.022037753835320473, 0.01699376292526722, 0.020004311576485634, 0.009011843241751194, -0.02955092489719391, 0.003971152938902378, 0.009513601660728455, 0.014788666740059853, 0.000535594008397311, 0.012444926425814629, 0.024031583219766617, 0.009685255587100983, 0.02113986946642399, -0.008113959804177284, 0.012992899864912033, 0.003142591565847397, 0.02867944911122322, -0.007922499440610409, -0.019066816195845604, -0.007539579179137945, -0.009606030769646168, -0.02915479987859726, -0.010398280806839466, -0.05519341677427292, -0.013164553791284561, 0.00170993956271559, -0.017033373937010765, 0.012372303754091263, 0.014986728318035603, 0.017403090372681618, -0.004803015384823084, 0.0027283108793199062, 0.0008182456949725747, -0.009751277044415474, 0.01863107830286026, 0.00802813284099102, -0.018300974741578102, -0.002289272379130125, -0.007929101586341858, 0.017733195796608925, -0.004822821822017431, 0.0019624691922217607, 0.00802813284099102, 0.0428607240319252, -0.014445357955992222, -0.004585146903991699, 0.004056979902088642, 0.006364407949149609, 0.01848583295941353, 2.105703424604144e-05, -0.0027497676201164722, -0.027464665472507477, 0.01629394106566906, -0.018617874011397362, -0.011236745864152908, -0.033934708684682846, 0.019925087690353394, 0.029049165546894073, -0.01894797943532467, -0.006780339404940605, 0.03646990656852722, -0.01979304477572441, 0.0126627953723073, 0.008186583407223225, -0.016861720010638237, 0.01964779943227768, 0.023028066381812096, 0.02751748263835907, -0.007493364159017801, -0.0014961970737203956, 0.047746267169713974, 0.006489847786724567, -0.011573451571166515, 0.02852099947631359, 0.013547474518418312, 0.03789595887064934, 0.028864307329058647, -0.004060280974954367, -0.008972231298685074, -0.0056084697134792805, -0.010187014006078243, -0.011309368535876274, 0.012537355534732342, -0.01917244866490364, -0.008576106280088425, 0.040800873190164566, -0.0056744907051324844, -0.008912811987102032, -0.10748191177845001, -0.03287837281823158, 0.02589336968958378, 0.01738988794386387, -0.015197995118796825, 0.010708578862249851, 0.014326520264148712, -0.006179549731314182, -0.02823050692677498, -0.00016742470324970782, -0.033644214272499084, -0.020941806957125664, -0.011877147480845451, -0.00028265168657526374, 0.015528099611401558, -0.0001678373373579234, -0.002434518188238144, 0.006892574951052666, -0.026329107582569122, 0.04729732498526573, -0.01200918946415186, -0.014154866337776184, -0.010081380605697632, -0.025035100057721138, 0.023120494559407234, -0.015844998881220818, 0.001850233762525022, -0.0025830650702118874, 0.01775960437953472, -0.007559385150671005, -0.007024616468697786, -0.012332691811025143, -0.005648082122206688, 0.0003265968116465956, -0.01215443480759859, -0.001985576469451189, -0.02104744128882885, 0.007123647723346949, 0.005278365686535835, -0.017904849722981453, 0.006047508213669062, 0.02589336968958378, 0.01637316681444645, -0.0008888054289855063, -0.0015803736168891191, -0.04098573327064514, -0.0276759322732687, 0.021720852702856064, 0.01715221256017685, -0.011949770152568817, 0.006212560459971428, -0.0057372101582586765, -0.022579124197363853, -0.009374958463013172, 0.004786510486155748, -0.004585146903991699, 0.037526242434978485, 0.0373941995203495, 0.001650520833209157, 0.0051100123673677444, -0.026104636490345, 0.012015791609883308, 0.0016092577716335654, 0.015884611755609512, 0.004974669776856899, -0.011467818170785904, -0.028969941660761833, -0.04494698345661163, -0.0028587020933628082, -0.010140799917280674, -0.023358169943094254, 0.014841482974588871, -0.02815128304064274, -0.002144026570022106, -0.0003274220507591963, 0.021549198776483536, -0.00791589729487896, -0.018670691177248955, 0.008681739680469036, -0.01418127492070198, -0.024744607508182526, -0.020796561613678932, -0.00017825624672695994, -0.012491141445934772, 0.06676026433706284, 0.0052387528121471405, 0.00035362408380024135, -0.017086191102862358, 0.012570366263389587, -0.02422964572906494, -0.02915479987859726, 0.013983212411403656, -0.0017181921284645796, -0.030607257038354874, -0.01204880140721798, -0.003835810348391533, 0.0028256915975362062, 0.005740511231124401, 0.0350702665746212, 0.011553645133972168, -0.0190932247787714, -0.017495520412921906, -0.03306323289871216, 0.016148695722222328, 0.004420094657689333, 0.02564249187707901, 0.00032556522637605667, -0.005733909085392952, -0.0011454614577814937, -0.0029791900888085365, 0.0009837104007601738, -0.00685956422239542, -0.04309839755296707, 0.013382422737777233, -0.013045716099441051, 0.012194047681987286, -0.022513102740049362, -0.0015267317648977041, 0.012187445536255836, -0.009077864699065685, 0.012821245938539505, 0.006047508213669062, -0.01785203255712986, -0.0183273833245039, 0.008866597898304462, 0.017825623974204063, -0.005483029875904322, 0.012286476790904999, -0.008391248062252998, 0.021998140960931778, -0.0025550061836838722, -0.0022925734519958496, 0.03295759856700897, -0.02330535277724266, 0.011778116226196289, -0.0014260499738156796, -0.012867460027337074, -0.012537355534732342, 0.013587087392807007, 0.009143885225057602, 0.04592408984899521, 0.01863107830286026, -0.017984073609113693, -0.02096821554005146, 0.0134418411180377, -0.02057209052145481, 0.003608038416132331, 0.017165416851639748, 0.00312773697078228, -0.002413061447441578, 0.017957666888833046, -0.03211253136396408, 0.022407470270991325, 0.016637248918414116, -0.0016439186874777079, -0.012926878407597542, -0.026461148634552956, -0.0027778265066444874, 0.022116977721452713, 0.0045026205480098724, 0.011302766390144825, -0.021932119503617287, 0.04349452257156372, 0.02463897503912449, 0.010312453843653202, -0.004512523766607046, 0.018591465428471565, -0.0032383217476308346, -0.002781127579510212, 0.005988089367747307, 0.0012428421759977937, -0.02236785739660263, 0.00852989125996828, -0.003479297738522291, -0.008041337132453918, -0.026910090819001198, 0.018908366560935974, 0.015937428921461105, 0.02189250849187374, 0.013930395245552063, -0.015290424227714539, -0.00037487453664653003, 0.0050307875499129295, -0.018683895468711853, -0.02384672500193119, 0.013903987593948841, 0.026910090819001198, 0.0237674992531538, 0.006278580985963345, 0.02479742467403412, -0.008978833444416523, -0.023199720308184624, -0.0198722705245018, 0.028124874457716942, -0.005080303177237511, 0.00041118598892353475, 0.019740229472517967, 0.012761826626956463, -0.02393915317952633, 0.0253387950360775, 0.003941443748772144, 0.03570406511425972, 0.022433878853917122, 0.0044233957305550575, 0.00849688146263361, -0.0008615718688815832, -0.02308088354766369, 0.022816799581050873, -0.033802665770053864, -0.004812918603420258, 0.002013635355979204, 0.02275077812373638, 0.006050809286534786, 0.01449817419052124, 0.008219593204557896, -0.0018700400833040476, -0.0032366712111979723, 0.03205971419811249, 0.012484539300203323, -0.004928455222398043, -0.018881957978010178, 0.016874924302101135, 0.025985799729824066, 0.017733195796608925, 0.008199787698686123, -0.012359099462628365, 0.060369446873664856, 0.008219593204557896, 0.013785149902105331, -0.00997574720531702, 0.002337137470021844, -7.793552504153922e-05, 0.028309732675552368, 0.011639473028481007, -0.022196203470230103, -0.013600291684269905, -0.025932982563972473, -0.005684393458068371, -0.015528099611401558, 0.0070510245859622955, 0.04201565682888031, 0.06955955177545547, 0.013903987593948841, -0.011131112463772297, -0.0017891644965857267, -0.001997130224481225, 0.0065393634140491486, 0.026778049767017365, 0.00625547394156456, -0.009361754171550274, -0.03422519937157631, 0.05582721531391144, -0.019132837653160095, 0.0007010587141849101, -0.04515824839472771, 0.02432207390666008, 0.008853393606841564, -0.010662364773452282, 0.013197564519941807, -0.016320349648594856, 0.020532479509711266, 0.03306323289871216, 0.02727980725467205, 0.03945405036211014, 0.034251607954502106, -0.02502189576625824, 0.018116116523742676, 0.03224457427859306, -0.015277220867574215, -0.002824041061103344, -0.027332624420523643, 0.027094949036836624, 0.012715612538158894, 0.002990743611007929, 0.009229712188243866, 0.009302334859967232, 0.012372303754091263, -0.009810695424675941, 0.017746400088071823, 0.02479742467403412, 0.001060459646396339, -0.008219593204557896, -0.0017974171787500381, -0.03554561734199524, -0.05197159945964813, 0.01004837080836296, -0.02564249187707901, 0.004278149921447039, -0.011844136752188206, -0.006377612240612507]"
19116,"Filtering what information is displayed from MongoDB in Go api<p>I am new to Go and React, both of which I am using for this mini project. Go is running a backend api using Mongodb.</p>
<p>I am fetching the user list from Mongo in Go, and then sending that to React, problem is Mongo is giving me all of the fields for the user (_id, password, and username), I only want username. I am not understanding how I can filter this and prevent all fields from being sent from Go to React.</p>
<p>JSON Output from Go API:</p>
<pre><code>{
    &quot;Success&quot;: true,
    &quot;Data&quot;: [
        {
            &quot;_id&quot;: &quot;6205ac3d72c15c920a424608&quot;,
            &quot;password&quot;: {
                &quot;Subtype&quot;: 0,
                &quot;Data&quot;: &quot;removed for security&quot;
            },
            &quot;username&quot;: &quot;removed for security&quot;
        },
        {
            &quot;_id&quot;: &quot;6206b44afb8b044fdba76b8f&quot;,
            &quot;password&quot;: {
                &quot;Subtype&quot;: 0,
                &quot;Data&quot;: &quot;removed for security&quot;
            },
            &quot;username&quot;: &quot;removed for security&quot;
        }
    ]
}
</code></pre>
<p>Here is my Go code for the specified route:</p>
<pre><code>// Route: Get Users, for getting a list of users
func RouteGetUsers(w http.ResponseWriter, r *http.Request, p httprouter.Params) {
    // Set content-type to JSON
    w.Header().Set(&quot;Content-Type&quot;, &quot;application/json&quot;)

    type Response struct {
        Success bool     `json:&quot;Success&quot;`
        Data    []bson.M `json:&quot;Data&quot;`
    }

    // Load the env file
    err := godotenv.Load(&quot;variables.env&quot;)
    if err != nil {
        log.Fatal(&quot;Error loading .env file&quot;)
    }

    // Get Mongo DB environment variable
    uri := os.Getenv(&quot;MONGO_URI&quot;)
    if uri == &quot;&quot; {
        log.Fatal(&quot;You must set your 'MONGO_URI' environmental variable. See\n\t https://docs.mongodb.com/drivers/go/current/usage-examples/#environment-variable&quot;)
    }

    // Connect to Mongo Database
    client, err := mongo.Connect(context.TODO(), options.Client().ApplyURI(uri))
    if err != nil {
        panic(err)
    }

    // Close the database connection at the end of the function
    defer func() {
        if err := client.Disconnect(context.TODO()); err != nil {
            panic(err)
        }
    }()

    // Select the database name and collection name
    coll := client.Database(&quot;go_project1&quot;).Collection(&quot;users&quot;)

    // Query the database for the user list
    cursor, err := coll.Find(context.TODO(), bson.D{})
    // If no documents were found, send a response and return
    if err == mongo.ErrNoDocuments {
        fmt.Printf(&quot;No documents were found&quot;)
        return
    }

    // Setup a variable for the database results
    var results []bson.M

    // Send all database results to results variable
    if err = cursor.All(context.TODO(), &amp;results); err != nil {
        panic(err)
    }

    // Setup a variable with the ResponseStandard struct
    response := Response{
        Success: true,
        Data:    results,
    }

    // Marshal into JSON
    responseJson, err := json.Marshal(response)
    if err != nil {
        fmt.Println(err)
    }

    // Send success response to user in JSON
    fmt.Fprintf(w, &quot;%s\n&quot;, responseJson)
}
</code></pre>
",yeah ..thats it :) tnx,"Embed Field: Filtering what information is displayed from MongoDB in Go api<p>I am new to Go and React, both of which I am using for this mini project. Go is running a backend api using Mongodb.</p>
<p>I am fetching the user list from Mongo in Go, and then sending that to React, problem is Mongo is giving me all of the fields for the user (_id, password, and username), I only want username. I am not understanding how I can filter this and prevent all fields from being sent from Go to React.</p>
<p>JSON Output from Go API:</p>
<pre><code>{
    &quot;Success&quot;: true,
    &quot;Data&quot;: [
        {
            &quot;_id&quot;: &quot;6205ac3d72c15c920a424608&quot;,
            &quot;password&quot;: {
                &quot;Subtype&quot;: 0,
                &quot;Data&quot;: &quot;removed for security&quot;
            },
            &quot;username&quot;: &quot;removed for security&quot;
        },
        {
            &quot;_id&quot;: &quot;6206b44afb8b044fdba76b8f&quot;,
            &quot;password&quot;: {
                &quot;Subtype&quot;: 0,
                &quot;Data&quot;: &quot;removed for security&quot;
            },
            &quot;username&quot;: &quot;removed for security&quot;
        }
    ]
}
</code></pre>
<p>Here is my Go code for the specified route:</p>
<pre><code>// Route: Get Users, for getting a list of users
func RouteGetUsers(w http.ResponseWriter, r *http.Request, p httprouter.Params) {
    // Set content-type to JSON
    w.Header().Set(&quot;Content-Type&quot;, &quot;application/json&quot;)

    type Response struct {
        Success bool     `json:&quot;Success&quot;`
        Data    []bson.M `json:&quot;Data&quot;`
    }

    // Load the env file
    err := godotenv.Load(&quot;variables.env&quot;)
    if err != nil {
        log.Fatal(&quot;Error loading .env file&quot;)
    }

    // Get Mongo DB environment variable
    uri := os.Getenv(&quot;MONGO_URI&quot;)
    if uri == &quot;&quot; {
        log.Fatal(&quot;You must set your 'MONGO_URI' environmental variable. See\n\t https://docs.mongodb.com/drivers/go/current/usage-examples/#environment-variable&quot;)
    }

    // Connect to Mongo Database
    client, err := mongo.Connect(context.TODO(), options.Client().ApplyURI(uri))
    if err != nil {
        panic(err)
    }

    // Close the database connection at the end of the function
    defer func() {
        if err := client.Disconnect(context.TODO()); err != nil {
            panic(err)
        }
    }()

    // Select the database name and collection name
    coll := client.Database(&quot;go_project1&quot;).Collection(&quot;users&quot;)

    // Query the database for the user list
    cursor, err := coll.Find(context.TODO(), bson.D{})
    // If no documents were found, send a response and return
    if err == mongo.ErrNoDocuments {
        fmt.Printf(&quot;No documents were found&quot;)
        return
    }

    // Setup a variable for the database results
    var results []bson.M

    // Send all database results to results variable
    if err = cursor.All(context.TODO(), &amp;results); err != nil {
        panic(err)
    }

    // Setup a variable with the ResponseStandard struct
    response := Response{
        Success: true,
        Data:    results,
    }

    // Marshal into JSON
    responseJson, err := json.Marshal(response)
    if err != nil {
        fmt.Println(err)
    }

    // Send success response to user in JSON
    fmt.Fprintf(w, &quot;%s\n&quot;, responseJson)
}
</code></pre>; Answer: yeah ..thats it :) tnx","[-0.005244990345090628, 0.028473779559135437, -0.0033920106943696737, 0.010722029954195023, -0.01665293052792549, 0.026603737846016884, -0.0110359787940979, -0.030166372656822205, -0.01629803143441677, -0.0386839359998703, 0.028473779559135437, 0.00784189160913229, 0.0007187547744251788, 0.0076166680082678795, -0.0026173763908445835, 0.005545289255678654, 0.010790279135107994, -0.016803078353405, -0.001551827765069902, -0.015697434544563293, 0.00010728001507231966, 0.029047077521681786, 0.008592639118432999, 0.005698850844055414, -0.009643684141337872, 0.0010732266819104552, 0.012762696482241154, -0.01597043313086033, -0.01401849091053009, 0.001057870569638908, 0.014318789355456829, 0.0012029011268168688, -0.030466672033071518, -0.020352063700556755, -0.018427422270178795, -0.00020293625129852444, 0.011622926220297813, -0.01512413565069437, 0.015506334602832794, 0.030739670619368553, 0.022672554478049278, -0.0116570508107543, -0.0024092148523777723, -0.013847866095602512, 0.0145781384781003, 0.045208610594272614, -0.002243709284812212, -0.050177186727523804, -0.007077495101839304, -0.01568378321826458, 0.02033841423690319, 0.028091581538319588, -0.026644688099622726, 0.010810754261910915, -0.023368701338768005, -0.012366848066449165, 0.02152595855295658, 0.018277272582054138, 0.007357318885624409, 0.02084346115589142, 0.055282264947891235, 0.02790048159658909, -0.006210723891854286, -0.011438651941716671, -0.005698850844055414, -0.006756721530109644, -0.018522972241044044, 0.009473060257732868, -0.013588517904281616, -0.008094415999948978, 0.012414622120559216, 0.003148017916828394, -0.004685342777520418, 0.020324764773249626, 0.016502780839800835, -0.013240444473922253, -0.03467085212469101, -0.004309969488531351, 0.01879597082734108, -0.013288218528032303, 0.014305139891803265, -0.009561784565448761, -0.021348509937524796, 0.04763829708099365, 0.019492117688059807, 0.016571030020713806, 0.021034561097621918, 0.02765478380024433, 0.01616153120994568, -0.012435097247362137, -0.017376376315951347, -0.014291489496827126, 0.03134026750922203, -0.0126398466527462, 0.0035285099875181913, 0.0029671562369912863, -0.04897599294781685, 0.018550271168351173, -0.020406663417816162, -0.0033066985197365284, -0.026740236207842827, 0.019519416615366936, 0.0008770087733864784, -0.011698000133037567, -0.01921911910176277, 0.011268027126789093, 0.0036342970561236143, -0.04799319803714752, 0.027368133887648582, -0.0162297822535038, 0.013834216631948948, 0.01531523559242487, -0.008681363426148891, -0.0023273152764886618, -0.00883833784610033, 0.017785875126719475, 0.009698283858597279, -0.020188264548778534, -0.0030405246652662754, -0.014223240315914154, -0.0014494532952085137, 0.00915911141782999, 0.02316395193338394, 0.0013479318004101515, -0.0013214850332587957, -0.004019908141344786, -0.03502575308084488, -0.019942564889788628, 0.022563355043530464, -0.02274080365896225, 0.03720974177122116, 0.014223240315914154, 0.012530647218227386, 0.03775573894381523, 0.00315484288148582, 0.018850570544600487, -0.01620248146355152, 0.01758112572133541, -0.006521259900182486, -0.028446480631828308, 0.02193545736372471, 0.029238175600767136, -0.003385185729712248, 0.00405062036588788, -0.048156995326280594, -0.0019604729022830725, 0.010333006270229816, 0.004917391575872898, 0.017007827758789062, 0.012168923392891884, 0.0071389200165867805, 0.011575151234865189, -0.015206036157906055, -0.020106365904211998, -0.029729574918746948, 0.0009307554573751986, -0.02504764497280121, 0.018973419442772865, 0.023778200149536133, 0.0005314946174621582, 0.007384618744254112, 0.007343668956309557, 0.002125978469848633, -0.03174976631999016, 0.01696687750518322, 0.03426135703921318, 0.02877407893538475, -0.016530079767107964, -0.009247835725545883, -0.010885829105973244, 0.021703409031033516, 0.020420312881469727, -0.046846602112054825, 0.024747345596551895, 0.001278828945942223, -0.0008923650020733476, 0.01393659133464098, 0.010571880266070366, -0.03352425992488861, -0.0028289505280554295, -0.012087023817002773, 0.017976973205804825, -0.012114323675632477, 0.03336045891046524, 0.001276269555091858, -0.00810124073177576, 0.012339548207819462, -0.008497089147567749, -0.0011022328399121761, -0.010687904432415962, 0.020925361663103104, 0.03467085212469101, 0.013711366802453995, -0.0012395853409543633, -0.5774471759796143, -0.00835376512259245, 0.024174047634005547, -0.004600030370056629, 0.022563355043530464, -0.01547903474420309, -0.013977540656924248, 0.016120580956339836, 0.0110359787940979, 0.025102244690060616, 0.002291484037414193, 0.012537471950054169, 0.016571030020713806, -0.005790987983345985, 0.007575718220323324, -0.0034926789812743664, 0.010708379559218884, -0.011622926220297813, -0.02893787808716297, -0.001827385975047946, -0.02335505187511444, 0.021020911633968353, -0.009104511700570583, 0.003866346087306738, 0.015096835792064667, -0.006121999118477106, -0.01504223607480526, -0.03827443718910217, -0.0003339970135129988, 0.006098111625760794, -0.04834809526801109, 0.024979393929243088, 0.022031007334589958, 0.005712500773370266, 0.061151742935180664, -0.02918357588350773, -0.014086740091443062, -0.0019826542120426893, -0.005849000066518784, 0.04441691190004349, -0.014086740091443062, -0.019355617463588715, 0.0008646385394968092, -0.0257574412971735, -0.009452585130929947, 0.012987920083105564, 0.014387039467692375, -0.0006871892837807536, 0.00760984281077981, -0.0012540884781628847, -0.010967728681862354, 0.011527376249432564, -0.0022454154677689075, 0.005146028473973274, 0.005436089355498552, -0.009281960316002369, 0.029074376448988914, -0.0073504941537976265, 0.01377961691468954, -0.011684350669384003, -0.00299957487732172, 0.012134798802435398, -0.0522792786359787, 0.015765683725476265, -0.0375373400747776, 0.011854974552989006, -0.012564771808683872, -0.010913128964602947, 0.0005148587515577674, -0.007548417896032333, 0.03832903876900673, 0.00954130943864584, -0.001486990600824356, 0.01068107970058918, -0.0012412916403263807, 0.04144122451543808, 0.017813174054026604, -0.011131527833640575, 0.0019741228315979242, -0.002929618814960122, 0.021730707958340645, 0.0025815453846007586, -0.024133097380399704, -0.02720433473587036, -0.015028586611151695, -0.026358038187026978, -0.04971309006214142, -0.015588234178721905, 0.029401976615190506, -0.015260635875165462, 0.02219480648636818, 0.026030439883470535, -0.012708096764981747, -0.001205460517667234, 0.000974264636170119, 0.0038185713347047567, 0.01531523559242487, 0.010285231284797192, 0.01393659133464098, -0.0020645537879318, -0.018618522211909294, 0.010797104798257351, 0.03114916756749153, 0.009309261105954647, 0.040267329663038254, -0.0035626350436359644, -0.03128566965460777, -0.007493818178772926, -0.009186411276459694, -0.0225497055798769, -0.02803698182106018, 0.004579555708914995, -0.024146748706698418, -0.0018359172390773892, -0.013731841929256916, -0.0392572358250618, 0.010483155958354473, 0.003253804985433817, 0.002221528207883239, -0.00027961054001934826, 0.012489696964621544, 0.020706962794065475, 0.007234469521790743, -0.014373389072716236, 0.00022842324688099325, 0.026248838752508163, 0.001567183993756771, 0.0068386211059987545, -0.003688897006213665, 0.016666579991579056, 0.017171626910567284, 0.0046205054968595505, 0.030903469771146774, -0.025361591950058937, 0.018099823966622353, 0.015206036157906055, 0.03513495251536369, 0.002666857559233904, -0.011773074977099895, -0.00866088829934597, 0.028719479218125343, 0.021280260756611824, 0.020829811692237854, -0.026808487251400948, 0.002951800124719739, -0.0016610273160040379, -0.03909343481063843, -0.016884978860616684, 0.0026327327359467745, -0.02354614995419979, -0.009363860823214054, 0.008155840449035168, 0.011186127550899982, 0.015246985480189323, 0.004910566844046116, -0.011513726785779, 0.010626479983329773, -0.015069535933434963, 0.018086174502968788, 0.009773358702659607, 0.0013948534615337849, 0.02841917984187603, -0.046273306012153625, -0.02335505187511444, -0.01751287654042244, 0.002301721600815654, -0.012653496116399765, 0.015765683725476265, 0.02152595855295658, -0.009827958419919014, 0.017239877954125404, 0.0035694600082933903, -0.02568919211626053, -0.009200060740113258, -0.004838904365897179, 0.020761562511324883, -0.04034923017024994, -0.005760275758802891, -0.0069444081746041775, -0.0058251130394637585, 0.01857757195830345, -0.0231230016797781, -0.004487418569624424, -0.0014178877463564277, 0.0071389200165867805, 0.030111772939562798, 0.014427988789975643, 0.03267796337604523, -0.007486993446946144, 0.01238049753010273, 0.013158543966710567, 0.004784304648637772, -0.010667430236935616, -0.0002506044111214578, -0.00997810810804367, 0.008804213255643845, 0.017048778012394905, 0.018372822552919388, -0.012230348773300648, -0.0005046213045716286, -0.009759708307683468, 0.003542159916833043, 0.00728906923905015, -0.029101677238941193, 0.011970999650657177, -0.016625629737973213, -0.013725017197430134, -0.026098689064383507, 0.0026685637421905994, 0.0145781384781003, 0.03434325382113457, -0.00787601713091135, -0.005811463110148907, 0.00336471083573997, -0.005483864340931177, 0.019232768565416336, -0.01936926878988743, 0.023054752498865128, -0.007650792598724365, 0.020679662004113197, 0.009793833829462528, -0.0023153715301305056, 0.0024877020623534918, -0.01466003805398941, -0.02723163552582264, 0.022686203941702843, -0.024447046220302582, 0.0041939448565244675, -0.01302204467356205, -0.02271350473165512, -0.015711084008216858, 0.023791849613189697, -0.013301868923008442, 0.01857757195830345, 0.007657617796212435, 0.00238532735966146, -0.005545289255678654, -0.01521968562155962, 0.03120376728475094, -0.036581844091415405, -0.010128256864845753, 0.020898060873150826, 0.001253235386684537, -0.019833365455269814, 0.03557175025343895, -0.005654488690197468, 0.01597043313086033, 0.03559904918074608, -0.0018444485031068325, 0.028528379276394844, -0.025552691891789436, 0.01689862832427025, -0.009247835725545883, -0.0021242722868919373, 0.01587488315999508, -0.01091995369642973, 0.008210440166294575, 0.013370118103921413, 0.008265039883553982, 0.02052951417863369, 0.007343668956309557, -0.0025559517089277506, 0.04455341026186943, -0.010319356806576252, 0.006671409122645855, 0.0017011240124702454, -0.025088593363761902, -0.024870194494724274, -0.019765116274356842, 9.547628678774345e-07, 0.015670133754611015, -0.01456448808312416, -0.0023699712473899126, 0.0009665865218266845, 0.0040540327318012714, 0.020870761945843697, -0.006067399401217699, -0.00025593640748411417, 0.012093848548829556, 0.030166372656822205, -0.011315802112221718, -0.015342535451054573, 0.0071593946777284145, 0.02485654503107071, -0.0006223520613275468, -0.014100390486419201, 0.00835376512259245, 0.019068969413638115, 0.005384902469813824, -0.0017574300291016698, 0.00040373968658968806, 0.028173480182886124, 0.009049911983311176, -0.01012143213301897, -0.017622075974941254, 0.02148500829935074, 0.02880137786269188, -0.0189597699791193, 0.0010988203575834632, 0.0026327327359467745, -0.011923224665224552, 0.04441691190004349, -0.03213196247816086, -0.01513778604567051, 0.03680024296045303, 0.009998582303524017, -0.00591725017875433, -0.014141339808702469, 0.017908724024891853, -0.005780750419944525, 0.006923933047801256, -0.011909574270248413, -0.00039755456964485347, -0.012530647218227386, 0.00332034844905138, -0.003999433014541864, -0.03139486908912659, -0.009008961729705334, 0.005306415259838104, -0.025962190702557564, -0.011363577097654343, -0.04430771246552467, 0.0007601311663165689, 0.012441921979188919, 0.03450705483555794, 0.004453293513506651, -0.011554676108062267, -0.0007093704189173877, -0.0035148600582033396, 0.01587488315999508, -0.021089160814881325, 0.005770513322204351, -0.020952660590410233, -0.0291562769562006, -0.021539609879255295, 0.006985357962548733, 0.0010467799147590995, 0.000999858253635466, 0.009766533970832825, -0.02200370654463768, -0.012687621638178825, -0.03699134290218353, -0.00939798541367054, -0.03524415194988251, -0.010844878852367401, 0.0027061011642217636, -0.01027840655297041, 0.027627483010292053, 0.042451322078704834, 0.03407025709748268, 0.009752883575856686, -0.01013508252799511, 0.01456448808312416, -0.0377284400165081, 0.008387889713048935, 0.01568378321826458, 0.024201348423957825, 0.004497656133025885, -0.03505305200815201, 0.060987941920757294, 0.03183166682720184, -0.01834552176296711, 0.023600749671459198, 0.017731275409460068, 0.012107498943805695, 0.036063145846128464, -0.0007396562723442912, 0.0025696016382426023, 0.014946687035262585, -0.01496033649891615, -0.02409214898943901, 0.019765116274356842, 0.02088441140949726, 0.008039816282689571, -0.010694730095565319, 0.0017591363284736872, -0.012865070253610611, -0.012032424099743366, 0.009377510286867619, -0.00615953654050827, 0.015506334602832794, -0.017976973205804825, -0.007780467160046101, -0.029593074694275856, -0.011349926702678204, -0.008865637704730034, -0.004661455284804106, -0.00965733453631401, -0.016994178295135498, -0.02036571316421032, -0.012339548207819462, 0.011547851376235485, 0.011104227975010872, -0.007418743800371885, 0.012073374353349209, -0.028501080349087715, -0.004910566844046116, 0.004978816490620375, 0.014468939043581486, 0.03581744804978371, 0.013083470053970814, -0.019492117688059807, 0.022672554478049278, -0.013711366802453995, -0.007084319833666086, -0.04714690148830414, -0.003934595733880997, -0.010230631567537785, 0.0006078489823266864, -0.006415472831577063, 0.004224657081067562, 0.021020911633968353, -0.017635725438594818, 0.053070977330207825, -0.022877303883433342, 0.015997732058167458, 0.0033578858710825443, -0.003801509039476514, 0.02675388753414154, 0.017458276823163033, 0.008094415999948978, 0.03671834617853165, -0.004937866702675819, -0.013588517904281616, 0.013445192947983742, -0.010640130378305912, -0.02361440099775791, 0.000666714389808476, 0.000596331839915365, 0.01777222566306591, 0.029265476390719414, -0.003576284972950816, 0.008858812972903252, -0.0034278417006134987, 0.005944550037384033, -0.019669566303491592, -0.0037639716174453497, 0.0021242722868919373, 0.01606598123908043, -0.0011568325571715832, 0.005354189779609442, 0.017471926286816597, 0.009534484706819057, -0.007295893970876932, 0.005337127484381199, -0.03177706524729729, 0.044089313596487045, -0.011111052706837654, -0.015574583783745766, 0.006050337105989456, -0.019901616498827934, -0.0032640425488352776, -0.013752317056059837, 0.008456138893961906, -0.018086174502968788, 0.006981945596635342, 0.010210156440734863, -0.02720433473587036, -0.009582259692251682, -0.0036172347608953714, -0.0033544732723385096, 0.007998866029083729, -0.031067268922924995, 0.004350919276475906, -0.004866204224526882, -0.023327751085162163, -0.0059343124739825726, 0.003477322869002819, -0.004801367409527302, -0.03458895534276962, -0.020297463983297348, -0.001852979650720954, 0.019778765738010406, 0.0132609186694026, 0.016830379143357277, 0.019164519384503365, 0.012489696964621544, -0.029811473563313484, -0.037318941205739975, -0.0191508699208498, -0.02450164593756199, 0.0011849856236949563, 0.010565055534243584, 0.01934196799993515, 0.011008678935468197, -0.009514009580016136, 0.020188264548778534, 0.00039307569386437535, -0.003250392619520426, 0.0009333147900179029, 0.0007157688378356397, -0.0011619513388723135, -0.007480168249458075, -0.01539713516831398, 0.01074250414967537, 0.029292775318026543, 0.00963685940951109, 0.01751287654042244, -0.02088441140949726, 0.010073657147586346, -0.021143760532140732, 0.014714637771248817, -0.018468372523784637, -0.04722880199551582, -0.007241294253617525, 0.04821159690618515, -0.024365147575736046, -0.007507468108087778, -0.04580920562148094, 0.01779952459037304, 0.018086174502968788, -0.01385469175875187, 0.006476897746324539, 0.006316510960459709, 0.018946120515465736, -0.003304992336779833, -0.006449597887694836, -0.021785307675600052, 0.0066236346028745174, 0.018659470602869987, -0.011472776532173157, -0.0028221255633980036, -0.045290507376194, 0.026439938694238663, 0.002265890361741185, 0.018086174502968788, 0.02858297899365425, 0.0028767252806574106, -0.018168073147535324, 0.022850003093481064, -0.01841377280652523, -0.0012506759958341718, -0.010872178710997105, -0.019041668623685837, -0.02107551135122776, -0.02390104904770851, -0.01687132939696312, -0.01587488315999508, -0.0015791277401149273, 0.012564771808683872, -0.007248119451105595, 0.02110281027853489, -0.025948541238904, -0.00963685940951109, 0.0081148911267519, -0.012728570960462093, 0.042997319251298904, 0.014741937629878521, 0.006371110677719116, 0.02411944791674614, -0.024720044806599617, -0.007111620157957077, 0.017663026228547096, 0.017430976033210754, 0.004739942494779825, 0.025948541238904, 0.04873029515147209, -0.014141339808702469, -0.028719479218125343, 0.008374239318072796, -0.016803078353405, 0.004876441787928343, 0.005869475193321705, 0.033824555575847626, 0.04119552671909332, 0.0010561642702668905, -0.01917816884815693, 0.010865353979170322, -0.026890385895967484, 0.031231068074703217, -0.017390025779604912, 0.00810124073177576, -0.008558513596653938, -0.03589934855699539, -0.01950576715171337, 0.014318789355456829, -0.003760559018701315, 0.04018542915582657, 0.010865353979170322, 0.006746483966708183, -0.037127841264009476, -0.008654063567519188, 0.010496805422008038, 0.015615534037351608, 0.0051323785446584225, 0.013329168781638145, -0.010251106694340706, 0.02706783637404442, 0.013028870336711407, 0.013226794078946114, 0.008469789288938046, 0.003907295875251293, 0.007384618744254112, 0.034916553646326065, -0.00485255429521203, 0.003862933721393347, 0.010339831002056599, 0.004279256798326969, 0.020543163642287254, -0.002578132785856724, -0.019587667658925056, -0.03901153430342674, -0.0030217559542506933, -0.031449466943740845, 0.03589934855699539, -0.003006399841979146, -0.013875165954232216, -0.026644688099622726, -0.012789996340870857, 0.006654346827417612, -0.007466518320143223, -0.012066548690199852, 0.016120580956339836, -0.034179456532001495, -0.007446043659001589, -0.022754453122615814, -0.00010536049376241863, 0.03573554754257202, 0.007384618744254112, -0.02932007610797882, 0.015206036157906055, 0.037510041147470474, -0.020379364490509033, -0.0002779042988549918, 0.01467368844896555, 0.011486426927149296, -0.026958636939525604, -0.0037230218295007944, -0.0027368133887648582, -0.02027016505599022, -0.004658042918890715, -0.02366900071501732, -0.013963891193270683, -0.024010248482227325, 0.008851987309753895, 0.010585530661046505, -0.01003953255712986, -0.01530158519744873, 0.007432393729686737, 0.009084036573767662, 0.020761562511324883, -0.027818582952022552, 0.001747192582115531, 0.030193671584129333, 0.010326181538403034, 0.016734829172492027, -0.023696299642324448, 0.005657901056110859, 0.008121715858578682, 0.010988203808665276, 0.010066832415759563, -0.023300452157855034, -0.030548570677638054, -0.01969686709344387, -0.010292056947946548, -0.012564771808683872, -0.012953795492649078, -0.001138063962571323, -0.03688214346766472, -0.0126398466527462, -0.014141339808702469, 0.004845729563385248, 0.029101677238941193, 0.01863217167556286, 0.026931336149573326, 0.02321855165064335, 0.018836921080946922, 0.012633021920919418, -0.04125012457370758, -0.016461830586194992, -0.033469658344984055, 0.002718044677749276, -0.01950576715171337, -0.025962190702557564, -0.008947537280619144, 0.049385491758584976, 0.01841377280652523, -0.008265039883553982, -0.02592124044895172, 0.007295893970876932, -0.051787879317998886, -0.00014428416034206748, -0.021034561097621918, -0.00019973704183939844, 0.012742221355438232, -0.00501976627856493, -0.005705676041543484, 0.016666579991579056, 0.01539713516831398, 0.0330328606069088, -0.01796332374215126, 0.0010237456299364567, 0.008094415999948978, 0.014168639667332172, 0.015192385762929916, -0.022031007334589958, -0.04141392558813095, -0.0324595645070076, 0.004047207999974489, -0.026166940107941628, 0.0027743508107960224, -0.003924358636140823, -0.0068044960498809814, -0.03415215387940407, -0.03286905959248543, 0.002057728823274374, -0.021566908806562424, -0.017144327983260155, -0.00720034446567297, -0.0047467672266066074, -0.014851137064397335, 0.024337846785783768, 0.00018992615514434874, 0.024228647351264954, 0.030766969546675682, 0.02248145453631878, 0.018782321363687515, 0.01577933318912983, -0.010408081114292145, -0.004760417155921459, -0.0011943699792027473, -0.020406663417816162, 0.05446327105164528, 0.0082582151517272, 0.022317655384540558, 0.06661172211170197, -0.007125270087271929, 0.015356184914708138, -0.013411068357527256, 0.025716491043567657, -0.012114323675632477, -0.009909857995808125, -0.020966311916708946, -0.011425001546740532, -0.0037264341954141855, -0.015328885056078434, 0.0202019140124321, -0.004323619417846203, -0.00874278787523508, -0.019205469638109207, -0.001714774058200419, 0.00275046331807971, -0.008920237421989441, -0.016953228041529655, 0.002733401022851467, -0.007589368149638176, 0.017976973205804825, 0.001016067573800683, -0.011520551517605782, -0.018468372523784637, 0.0029227938503026962, -0.004477181006222963, -0.0021652220748364925, 0.008886112831532955, -0.0073709688149392605, -0.028091581538319588, 0.002951800124719739, 0.015110486187040806, -0.003606997197493911, -0.018714070320129395, 0.20474913716316223, -0.00720034446567297, 0.003221386345103383, 0.00614929897710681, -0.0016832085093483329, 0.009131811559200287, -0.007002420257776976, -0.01905531994998455, -0.03063047118484974, 0.018659470602869987, -0.023600749671459198, 0.004013082943856716, 0.011650226078927517, -0.01722622662782669, 0.0018871044740080833, 0.029811473563313484, -0.04064952954649925, -0.02723163552582264, -0.020857112482190132, -0.022768104448914528, 0.018850570544600487, 0.014810187742114067, -0.001276269555091858, -0.04086792841553688, 0.029784174636006355, -0.0098620830103755, 0.018168073147535324, 0.025197792798280716, 0.019396567717194557, 0.01467368844896555, 0.013963891193270683, -0.029074376448988914, -3.591107815736905e-05, -0.014933036640286446, -0.014045790769159794, 0.0013419599272310734, 0.015069535933434963, -0.001893929555080831, 0.0145781384781003, 0.01629803143441677, 0.007910141721367836, -0.008394714444875717, 0.029047077521681786, -0.012175748124718666, 0.0016431118128821254, -0.029047077521681786, 0.0013794973492622375, 0.006135649047791958, 0.0160386823117733, 0.03158596530556679, -0.024610845372080803, 0.030002573505043983, 0.008394714444875717, 0.016625629737973213, -0.022235756739974022, -0.010906304232776165, 0.014796537347137928, -0.009425285272300243, -0.02293190360069275, 0.015192385762929916, -0.009247835725545883, 0.020939011126756668, 0.01941021718084812, 0.05001338943839073, -0.026999585330486298, 0.002788000740110874, -0.0017796112224459648, 0.009971282444894314, 0.004712642636150122, -0.0047297049313783646, -0.012175748124718666, -0.02007906511425972, 0.002439927076920867, -0.01799062453210354, 0.0068044960498809814, -0.007705392315983772, -0.014741937629878521, 0.03666374459862709, 0.026863086968660355, 0.023600749671459198, -0.044635310769081116, -0.0289651770144701, -0.0098620830103755, 0.006661172024905682, -0.03022097237408161, -0.012257648631930351, 0.01760842651128769, -0.01547903474420309, -0.015670133754611015, -0.010571880266070366, 0.010715204291045666, 0.016980528831481934, -0.005729563068598509, -0.012523822486400604, -0.01091995369642973, 0.006913695950061083, 0.01512413565069437, -0.012749046087265015, -0.018755020573735237, 0.0013197788503021002, -0.02841917984187603, 0.04982228949666023, 0.01831822283565998, 0.002980806166306138, -0.005033416207879782, -0.01385469175875187, 0.0022573592141270638, 0.039830531924963, -0.00614929897710681, -0.02097996138036251, -0.0035250976216048002, -0.040977127850055695, -0.012209873646497726, -0.009514009580016136, 0.010435380972921848, 0.012189398519694805, 0.01053775567561388, 0.022604305297136307, -0.012776345945894718, -0.002156690927222371, -0.002943268744274974, -0.05176058039069176, -1.08039830593043e-05, 0.0006368551403284073, -0.005654488690197468, -0.01882326975464821, -0.018755020573735237, 0.00026190828066319227, 0.027627483010292053, -0.03409755602478981, 0.036554545164108276, -0.029811473563313484, -0.016147881746292114, -0.024160398170351982, 0.005647663492709398, -0.005009528715163469, 0.029975272715091705, -0.037510041147470474, -0.01029888167977333, 0.020406663417816162, 0.0262351892888546, -0.00875643827021122, 0.0571659579873085, -0.007384618744254112, 0.010633304715156555, -0.012749046087265015, -0.006555384956300259, -0.005715913139283657, -0.005524814128875732, 0.0046205054968595505, -0.016625629737973213, -0.034725453704595566, -0.01751287654042244, -0.004466943442821503, -0.011602451093494892, -0.00022586388513445854, 0.012633021920919418, -0.03756464272737503, 0.006930758245289326, -0.022645253688097, -0.025170493870973587, 0.028528379276394844, 0.025962190702557564, -2.8632886824198067e-05, -0.02716338448226452, -0.016352631151676178, -0.17067888379096985, 0.042451322078704834, 0.029975272715091705, -0.014455288648605347, 0.011063278652727604, 0.018031572923064232, 0.003736671758815646, -0.012633021920919418, -0.012162098661065102, -0.010879004374146461, 0.017635725438594818, -0.035298749804496765, -0.008312814868986607, -0.03464355319738388, -0.01191639993339777, -0.019396567717194557, -0.014154990203678608, 0.02390104904770851, 0.04168692231178284, 0.021758008748292923, 0.031968165189027786, -0.004958341363817453, 0.011622926220297813, -0.028364580124616623, -0.014100390486419201, 0.029238175600767136, -0.007411918602883816, 0.024556245654821396, -0.0191508699208498, -0.019574018195271492, -0.0025013519916683435, 0.01419594045728445, 0.02347790077328682, -0.004146169871091843, 0.014114039950072765, -0.006958058103919029, -0.0028733129147440195, -0.014605438336730003, -0.013772792182862759, 0.007036545313894749, 0.01531523559242487, 0.017185278236865997, -8.584534225519747e-05, 0.0007477608742192388, 0.01625708118081093, 0.0067328340373933315, -0.005412202328443527, -0.0071389200165867805, 0.009329735301434994, -0.02392834797501564, 0.02706783637404442, -0.051405683159828186, -0.0049208044074475765, 0.02691768668591976, 0.0077463421039283276, -0.0014178877463564277, 0.02152595855295658, 0.0013632880290970206, -0.028828678652644157, -0.02152595855295658, 0.021444059908390045, -0.028473779559135437, -0.02514319308102131, -0.004443056415766478, -0.030466672033071518, -0.008326465263962746, -0.016284381970763206, 0.006541735026985407, -0.01805887371301651, 0.00453860592097044, -0.023423301056027412, -0.011022328399121761, 0.011336277239024639, 0.003586522303521633, 0.033633459359407425, 0.014059440232813358, -0.01126120239496231, 0.014919387176632881, -0.0037127842660993338, 0.013670417480170727, -0.02701323665678501, 0.017663026228547096, -0.02656278759241104, 0.04010353237390518, 0.004630743060261011, 0.007213994394987822, -0.011691175401210785, -0.012946969829499722, 0.009241010993719101, 0.017144327983260155, -0.000399047537939623, -0.023819148540496826, -0.00021487995400093496, 0.004466943442821503, 0.007398268673568964, 0.007643967866897583, 0.025620941072702408, 0.006244848482310772, -0.0026907448191195726, 0.0014861375093460083, 0.004733117297291756, -0.024747345596551895, -0.023068401962518692, 0.0011628044303506613, 0.01352026779204607, 0.00656903488561511, 0.024105798453092575, 0.011233902536332607, 0.029047077521681786, 0.0008561073336750269, -0.038793135434389114, 0.02880137786269188, -0.00835376512259245, 0.035489849746227264, -0.0036172347608953714, 0.03139486908912659, 0.020679662004113197, -0.0016405524220317602, 0.0038322212640196085, 0.02511589415371418, 0.046273306012153625, -0.004907154478132725, 0.009377510286867619, -0.026166940107941628, 0.004081332590430975, -0.011541026644408703, -0.10210157185792923, -0.025962190702557564, 0.0022266467567533255, 0.009650508873164654, -0.022495105862617493, 0.005466802045702934, -0.006142474245280027, 0.02328680083155632, -0.015806633979082108, 0.024351496249437332, -0.03663644567131996, -0.01127485278993845, -0.01393659133464098, 0.012455572374165058, -0.008176315575838089, -0.012168923392891884, -0.0324595645070076, 0.015424435026943684, 0.004296319559216499, 0.030657770112156868, -0.011138352565467358, -0.03458895534276962, 0.012482872232794762, -0.012284948490560055, -0.03286905959248543, 0.0048150173388421535, -0.009998582303524017, 0.020857112482190132, -0.00035532505717128515, -0.019205469638109207, -0.01639358140528202, -0.010408081114292145, 0.007712217513471842, -0.018645821139216423, -0.0006496519199572504, -0.02440609596669674, -0.02893787808716297, -0.00906356144696474, 0.042287521064281464, -0.0020543162245303392, 0.0035558100789785385, 0.00032354629365727305, 0.011384052224457264, -0.011718475259840488, -0.014441639184951782, -0.00019344527390785515, -0.03041207231581211, 0.05421756953001022, 0.004265606869012117, 0.0022522404324263334, -0.028528379276394844, -0.009848433546721935, -0.013151719234883785, 0.0015006405301392078, 0.04733800143003464, 0.017103377729654312, 0.020870761945843697, 0.013738666661083698, -0.020775211974978447, 0.012714921496808529, -0.02989337407052517, -0.019164519384503365, 0.0008821274968795478, 0.03256876394152641, 0.0079237911850214, 0.016025032848119736, -0.009998582303524017, -0.0079237911850214, 0.004842317197471857, 0.0009171055280603468, -0.01822267286479473, 0.004207594785839319, -0.03333315998315811, -0.02245415560901165, -0.01979241706430912, 0.01375914178788662, 0.020761562511324883, -0.020038114860653877, 0.01475558802485466, -0.014782887883484364, -0.010838054120540619, -0.01172529999166727, -0.01696687750518322, -0.03980323299765587, 0.020447613671422005, 0.011172478087246418, 0.015792982652783394, -0.001185838715173304, -0.018836921080946922, -0.06082414463162422, -0.0025047643575817347, 0.0187686700373888, 0.017663026228547096, -0.017117027193307877, -0.0028903752099722624, 0.007596192881464958, -0.03128566965460777, -0.002962037455290556, -0.030384771525859833, 0.0032640425488352776, -0.006811321247369051, -0.0023068401496857405, -0.03865663707256317, 0.02181260846555233, -6.489054794656113e-05, -0.024583546444773674, -0.005780750419944525, 0.007302719168365002, 0.0018120298627763987, -0.015342535451054573, 0.004245132207870483, 0.03508035093545914, -0.003400541841983795, 0.011513726785779, -0.019642267376184464, 0.00954130943864584, -0.007295893970876932, -0.0013871754053980112, 0.0131175946444273, 0.0038731710519641638, 0.007173044607043266, 0.03974863141775131, -0.0006594628212042153, -0.0016934459563344717, 0.0036274720914661884, -0.007664442528039217, -0.03576285019516945, -0.004900329280644655, -0.03630884736776352, 0.006613397039473057, -0.022768104448914528, -0.03710054233670235, 0.016925929114222527, 0.005115315783768892, -0.0061458866111934185, 0.0018393297214061022, 0.016270730644464493, -0.021375808864831924, 0.028473779559135437, 0.004207594785839319, 0.02482924424111843, 0.004900329280644655, -0.03357885777950287, -0.02803698182106018, -0.01003953255712986, -0.03557175025343895, 0.0004340255109127611, 0.013793266378343105, -0.02716338448226452, -0.0022522404324263334, 0.015342535451054573, -0.003093418199568987, 0.020106365904211998, 0.0043031442910432816, -0.021061861887574196, -0.0013283099979162216, -0.01021698210388422, -0.034042954444885254, -0.0001609200262464583, 0.014782887883484364, -0.01741732656955719, 0.0384928360581398, 0.04302461817860603, 0.023327751085162163, 0.01229859795421362, -0.032186564058065414, 0.011111052706837654, 0.004132519941776991, -0.03008447214961052, 0.017089728266000748, 0.027504634112119675, -0.016884978860616684, -0.03008447214961052, -0.02431054785847664, 0.017362726852297783, 0.021607859060168266, 0.021307559683918953, 0.009609559550881386, -0.021566908806562424, 0.018304573372006416, 0.003644534619525075, 0.03701864182949066, 0.034370556473731995, -0.011042803525924683, -0.01946481689810753, 0.005272290203720331, 0.007705392315983772, 0.0289651770144701, 0.0070501952432096004, 0.00899531226605177, 0.012271298095583916, -0.0022641841787844896, -0.040212731808423996, 0.025812041014432907, -0.0028699003159999847, 0.004262194503098726, 0.021048210561275482, -0.01196417398750782, -0.02858297899365425, -0.004903741646558046, 0.0262351892888546, 0.00728906923905015, 0.010408081114292145, 0.005907012615352869, -0.019614966586232185, -0.019669566303491592, -0.007807767018675804, 0.008360589854419231, -0.044444210827350616, -0.017021477222442627, 0.0020628476049751043, 0.025266043841838837, -0.03737354278564453, -0.0026071390602737665, -0.02036571316421032, 0.01658467948436737, -0.0037810339126735926, -0.0016883272910490632, 0.006787433754652739, 0.013963891193270683, -0.01722622662782669, 0.006343810819089413, 0.0052927653305232525, -0.007152569945901632, 0.009793833829462528, -0.0040540327318012714, 0.02739543467760086, 0.014004840515553951, -0.026085039600729942, -0.03543525189161301, 0.011343101970851421, -0.010838054120540619, 0.021280260756611824, -0.004443056415766478, -0.016448181122541428, -0.019041668623685837, -0.0145781384781003, 0.02366900071501732, -0.02027016505599022, 0.008176315575838089, -0.027791282162070274, 0.08577623963356018, 0.014427988789975643, 0.0044805933721363544, -0.01042173057794571, 0.001878573326393962, 0.03043937124311924, 0.013370118103921413, 0.011602451093494892, -0.001211432390846312, -0.0396394319832325, 0.029756873846054077, -0.00526887783780694, -0.007903316989541054, -0.019901616498827934, -0.013076644390821457, -0.005425852257758379, -0.0023477901704609394, 0.02659008838236332, 0.008333289995789528, 0.007029720116406679, 0.021389460191130638, 0.023041103035211563, 0.025893939658999443, -3.40981969202403e-05, -0.014864787459373474, -0.0008215559064410627, 0.019000720232725143, 0.013247269205749035, -0.023491550236940384, -0.014045790769159794, 0.02309570275247097, 0.021921807900071144, -0.024897495284676552, -0.021785307675600052, -0.015178736299276352, 0.001481018727645278, -0.0036172347608953714, -0.005671550985425711, 0.017744924873113632, 0.027177035808563232, 0.01706242747604847, -0.016338981688022614, -0.017594775184988976, -0.02918357588350773, 0.003938008565455675, 0.0001916323963087052, -0.015997732058167458, -0.021798957139253616, -0.03827443718910217]","[-0.003247079672291875, 0.026539018377661705, -0.0005033810157328844, 0.007886720821261406, -0.011702876538038254, 0.02181234210729599, -0.009131993167102337, -0.02554815635085106, -0.008670037612318993, -0.03775985538959503, 0.02827971987426281, 0.005285710096359253, -0.0052689723670482635, 0.006524286698549986, -0.0010737121338024735, 0.006748569663614035, 0.004924179520457983, -0.015103941783308983, 0.0011925485450774431, -0.013872059993445873, 0.0017373550217598677, 0.017594484612345695, 0.011910421773791313, 0.008295116946101189, -0.006922639906406403, -0.0032069096341729164, 0.005422957707196474, -0.012894588522613049, -0.010966425761580467, -0.0029240453150123358, 0.01696515455842018, -0.00566732557490468, -0.03371606767177582, -0.022106921300292015, -0.01763465441763401, 0.003960098139941692, 0.015184281393885612, -0.008556222543120384, 0.006775349844247103, 0.02471797540783882, 0.019629767164587975, -0.017929235473275185, -0.000571168027818203, -0.019910957664251328, 0.0150369917973876, 0.04764168709516525, -0.00932614877820015, -0.05061427131295204, -0.004412011243402958, -0.015893952921032906, 0.015371741726994514, 0.030689923092722893, -0.02980618178844452, 0.008408932015299797, -0.025441035628318787, -0.014970041811466217, 0.016041243448853493, 0.019455697387456894, -0.0014118101680651307, 0.016924984753131866, 0.05886252596974373, 0.03382318839430809, -0.0070833200588822365, -0.008824022486805916, -0.014233590103685856, -0.008074181154370308, -0.015398521907627583, 0.0025943161454051733, -0.008194691501557827, -0.005001171957701445, 0.01677769422531128, -0.0016804473707452416, -0.006745222024619579, 0.019027216359972954, 0.014876311644911766, -0.00572758074849844, -0.04402638226747513, -0.009319453500211239, 0.011656011454761028, -0.017527535557746887, 0.01849161647260189, -0.006845647469162941, -0.019214676693081856, 0.044776223599910736, 0.0241154246032238, 0.010363874956965446, 0.020848259329795837, 0.021999800577759743, 0.01439427025616169, -0.02009841799736023, -0.016375994309782982, -0.018009575083851814, 0.029886523261666298, -0.015103941783308983, 0.006266528740525246, -0.007397985551506281, -0.046543706208467484, 0.01511733140796423, -0.02777089923620224, -0.007792991120368242, -0.02462424524128437, 0.015398521907627583, -0.004559301305562258, -0.004569344222545624, -0.01814347505569458, 0.013912229798734188, -0.01000234391540289, -0.04914136976003647, 0.026123927906155586, -0.022602351382374763, 0.014501390978693962, 0.012218392454087734, -0.005041342228651047, 0.0020068290177732706, -0.00929267331957817, 0.017781944945454597, 0.01235898770391941, -0.014568340964615345, 0.001620192313566804, -0.014180030673742294, 4.119000004720874e-05, 0.002358317142352462, 0.02173200063407421, 0.002062062965705991, 0.0015917385462671518, -0.011394905857741833, -0.041964318603277206, -0.03168078511953354, 0.013597564771771431, -0.013979179784655571, 0.042714159935712814, 0.013544004410505295, 0.01721956394612789, 0.03459981083869934, 0.008730292320251465, 0.01873263716697693, -0.015130721963942051, 0.015827002003788948, 0.002415224676951766, -0.02462424524128437, 0.025280356407165527, 0.021705221384763718, -0.0005176078993827105, 0.0017172700027003884, -0.052087172865867615, 0.00856291688978672, 0.006982895080000162, 0.004609514027833939, 0.011589061468839645, 0.006658187136054039, -0.0028872229158878326, 0.00932614877820015, -0.010799050331115723, -0.029966862872242928, -0.025186626240611076, 0.0005699126631952822, -0.02599002793431282, 0.018772806972265244, 0.0306631438434124, 8.122929284581915e-05, 0.002062062965705991, 0.008080876432359219, 0.011234225705265999, -0.030636364594101906, 0.017915844917297363, 0.03315368667244911, 0.031225524842739105, -0.02044655941426754, -0.008522747084498405, -0.009607338346540928, 0.015974292531609535, 0.01909416727721691, -0.04078599810600281, 0.02019214816391468, -0.0005941821145825088, -0.0014996821992099285, 0.0123522924259305, 0.008656647056341171, -0.028574300929903984, 0.0010460952762514353, -0.0032839023042470217, 0.02522679604589939, -0.013483749702572823, 0.02793158032000065, 0.0037559003103524446, -0.005094902124255896, 0.0030261443462222815, 0.0033157034777104855, 0.000773692037910223, -0.017018714919686317, 0.01881297677755356, 0.030529243871569633, 0.008228166960179806, -0.007043150253593922, -0.5861614942550659, -0.012084492482244968, 0.012164832092821598, -0.004227898549288511, 0.02420915476977825, -0.009901919402182102, -0.011227531358599663, 0.022776423022150993, 0.015050381422042847, 0.031654004007577896, 0.0073779006488621235, 0.016590233892202377, 0.019442308694124222, -0.009332843124866486, 0.007143575232475996, -0.011890336871147156, 0.011635926552116871, -0.005506645422428846, -0.02972584217786789, -0.005704148206859827, -0.021183010190725327, 0.014983431436121464, -0.016657182946801186, -0.001331469975411892, 0.017433805391192436, -0.005998728796839714, -0.007592140696942806, -0.0335821695625782, 0.0019465740770101547, 0.010999900288879871, -0.036501191556453705, 0.015103941783308983, 0.023981524631381035, 0.0025056074373424053, 0.06336157023906708, -0.02274964191019535, -0.012968233786523342, -0.0068958597257733345, 0.0020018077921122313, 0.040598537772893906, -0.012091186828911304, -0.011890336871147156, 0.009580559097230434, -0.02718173898756504, -0.008616477251052856, 0.01226525753736496, 0.023365583270788193, -0.0029173505026847124, 0.009259197860956192, 0.00899139791727066, -0.0074716308154165745, 0.0032939447555691004, -0.0022394806146621704, 4.2785293771885335e-05, 0.008636562153697014, -0.009252503514289856, 0.02710139937698841, -0.008208082057535648, 0.013329763896763325, -0.01009607408195734, -0.0038730630185455084, 0.006042246241122484, -0.0511498749256134, 0.015398521907627583, -0.043838921934366226, 0.02086164988577366, -0.011850167065858841, -0.01277407817542553, -0.002522344933822751, -0.011495331302285194, 0.03781341388821602, 0.006313393823802471, -0.0035952201578766108, 0.017621265724301338, -0.0013256118400022388, 0.040437858551740646, 0.016643794253468513, -0.010109464637935162, 0.012258562259376049, -0.013122218661010265, 0.017487365752458572, 0.004127473570406437, -0.033341147005558014, -0.03492116928100586, -0.013242729008197784, -0.02854752168059349, -0.04359790310263634, -0.015559202060103416, 0.030100762844085693, -0.016081413254141808, 0.02189268171787262, 0.020915210247039795, -0.008998093195259571, -0.004776889458298683, 0.008623172529041767, 0.0020369566045701504, 0.01193050667643547, 0.011562281288206577, 0.0070833200588822365, -0.0063301315531134605, -0.01830415613949299, 0.012968233786523342, 0.024168984964489937, 0.003101463196799159, 0.04097345843911171, -0.004100693389773369, -0.03160044550895691, -0.012646873481571674, -0.0012603355571627617, -0.022133702412247658, -0.026284607127308846, 0.0012084492482244968, -0.014742410741746426, -0.005041342228651047, -0.016041243448853493, -0.03272520750761032, 0.01521106157451868, -2.9372392873483477e-06, -0.0017172700027003884, -0.006246443837881088, 0.015893952921032906, 0.018518395721912384, 0.006805477198213339, -0.012037627398967743, 0.003240384627133608, 0.01521106157451868, 0.00012103321932954714, 0.017956016585230827, 0.008723597042262554, 0.012466107495129108, 0.014474610798060894, 0.0010661802953109145, 0.021598100662231445, -0.023633383214473724, 0.0228433720767498, 0.011696181260049343, 0.027663780376315117, 0.009901919402182102, -0.009352928027510643, -0.0020888429135084152, 0.025200016796588898, 0.018103305250406265, 0.008147826418280602, -0.02402169443666935, 0.008007231168448925, 0.007063235156238079, -0.026766648516058922, -0.018772806972265244, 0.002356643322855234, -0.017058884724974632, -0.00398018304258585, 0.011207446455955505, 0.009165467694401741, 0.008750377222895622, 0.00715696532279253, -0.012218392454087734, 0.016710743308067322, -0.009178858250379562, 0.02122317999601364, 0.003809460438787937, 0.003168413182720542, 0.02905634231865406, -0.042553480714559555, -0.026793427765369415, -0.02495899610221386, -0.002550798701122403, -0.0049844346940517426, 0.02062062919139862, 0.010792355053126812, -0.004840491805225611, 0.002463763579726219, 0.0032805546652525663, -0.02394135482609272, -0.008147826418280602, 0.0023850970901548862, 0.019134337082505226, -0.03484082967042923, -0.0004874803707934916, -0.003491447540000081, -0.0026294649578630924, 0.01736685447394848, -0.016643794253468513, 0.005198674742132425, -0.0005263951024971902, 0.008275032043457031, 0.03955411538481712, 0.015652932226657867, 0.030395343899726868, -0.022173872217535973, 0.015184281393885612, 0.005704148206859827, 0.006256486289203167, -0.01146185677498579, -0.013302983716130257, -0.006085763685405254, 0.005027952138334513, 0.019656548276543617, 0.021263349801301956, -0.009346233680844307, -0.005761055741459131, -0.010357179678976536, 0.011468551121652126, 0.003310682252049446, -0.028734980151057243, 0.01316238846629858, -0.017929235473275185, -0.008201386779546738, -0.027302248403429985, -0.001916446490213275, 0.005496602971106768, 0.038616813719272614, -0.00899139791727066, -0.0030830518808215857, -0.002609380055218935, 0.00036571489181369543, 0.016550064086914062, -0.015773441642522812, 0.020165368914604187, -0.003652127692475915, 0.028413619846105576, 0.023486092686653137, 0.004057175945490599, 0.009299368597567081, -0.01857195608317852, -0.018866537138819695, 0.018371107056736946, -0.021999800577759743, 0.002145750680938363, -0.0035483550745993853, -0.013791719451546669, -0.018330935388803482, 0.02548120729625225, -0.021490979939699173, 0.017607875168323517, -2.8270724214962684e-05, 0.012767382897436619, -0.008656647056341171, -0.017594484612345695, 0.019295018166303635, -0.03674221411347389, -0.009379708208143711, 0.014675460755825043, -0.0036019152030348778, -0.01720617525279522, 0.03891139477491379, -0.01277407817542553, 0.01197067741304636, 0.03379640728235245, -6.993146962486207e-05, 0.031734343618154526, -0.023312022909522057, 0.015960901975631714, -0.014675460755825043, -0.007973756641149521, 0.01941552758216858, -0.01618853397667408, 0.010752185247838497, 0.004934221971780062, 0.015144111588597298, 0.016134973615407944, 0.01554581243544817, -0.00839554239064455, 0.05476517975330353, -0.019361967220902443, 0.006383691448718309, 0.0020721054170280695, -0.024825096130371094, -0.018424665555357933, -0.023646773770451546, 0.002160814357921481, 0.015063771978020668, -0.023445922881364822, 0.001228534267283976, -0.005593680310994387, 0.005784488283097744, 0.02565527707338333, -0.001605128520168364, 0.002435309812426567, 0.01644294336438179, 0.02307100221514702, -0.009935393929481506, -0.018638907000422478, 0.0010310314828529954, 0.023285243660211563, -0.0017013692995533347, -0.017246345058083534, 0.008656647056341171, 0.021490979939699173, 0.005797878373414278, -0.008341982029378414, -0.0053627025336027145, 0.02317812293767929, 0.0072038304060697556, -0.008020621724426746, -0.024584075435996056, 0.021450810134410858, 0.028493961319327354, -0.021236570551991463, 0.0013063637306913733, 0.009018178097903728, -0.0054698227904737, 0.03561745211482048, -0.03754561394453049, -0.014662071131169796, 0.03797409310936928, 0.01257322821766138, -0.004525826312601566, -0.014180030673742294, 0.02495899610221386, -0.00983496941626072, 0.007859941571950912, -0.01306865829974413, 0.003123221918940544, -0.006484116893261671, -0.0022394806146621704, -0.008797242306172848, -0.027663780376315117, -0.011348040774464607, 0.014447830617427826, -0.019870787858963013, -0.011314566247165203, -0.04632946476340294, 0.006022161338478327, 0.007598835974931717, 0.023619994521141052, -0.002256218111142516, -0.014220200479030609, -0.006500854156911373, -0.00434840889647603, 0.027744119986891747, -0.01009607408195734, 0.007116795051842928, -0.02667291834950447, -0.019656548276543617, -0.006772002205252647, 0.011053460650146008, -0.005700800567865372, 0.011997457593679428, 0.011903727427124977, -0.03023466281592846, -0.007766210939735174, -0.03936665505170822, -0.02505272626876831, -0.04472266510128975, -0.003996920771896839, -0.00027365851565264165, -0.0058179632760584354, 0.02878854051232338, 0.039821915328502655, 0.03663509339094162, 0.007792991120368242, -0.0048572295345366, 0.01554581243544817, -0.03601915016770363, 0.005774445831775665, 0.018210425972938538, 0.010544640012085438, 0.011234225705265999, -0.022803202271461487, 0.05216751620173454, 0.03824189305305481, -0.017326684668660164, 0.023392362520098686, 0.025441035628318787, 0.014836140908300877, 0.03671543300151825, -0.0061125438660383224, -0.003319050883874297, 0.012633482925593853, -0.019884178414940834, -0.018022965639829636, 0.02503933571279049, 0.03074348345398903, 0.005597027949988842, -0.013965790160000324, -0.003210257040336728, -0.01668396405875683, -0.005118334665894508, 0.012205002829432487, -0.002473806031048298, 0.01977705769240856, -0.014849531464278698, -0.010122854262590408, -0.03559067100286484, -0.008542831987142563, 0.001381682581268251, -0.013778329826891422, -0.010296924971044064, -0.017246345058083534, -0.016844643279910088, -0.013035183772444725, 0.010879390873014927, 0.00826833676546812, -0.010698624886572361, 0.01908077672123909, -0.03264486789703369, 0.0072975605726242065, 0.009460048750042915, 0.02205336093902588, 0.040411077439785004, 0.014367490075528622, -0.017741775140166283, 0.02699427865445614, -0.0007962877280078828, -0.012854418717324734, -0.055756039917469025, -0.004053828306496143, -0.007143575232475996, 0.010129549540579319, -0.0033458310645073652, 0.011428381316363811, 0.01901382766664028, -0.01688481494784355, 0.060362204909324646, -0.018371107056736946, 0.017005324363708496, 0.0027583439368754625, -0.0006092458497732878, 0.021906070411205292, 0.014809360727667809, 0.001713085570372641, 0.042044661939144135, -0.0043919263407588005, -0.018879927694797516, 0.012794163078069687, -0.007926891557872295, -0.025762395933270454, 0.006520939525216818, 0.0007908479892648757, 0.012472802773118019, 0.028895661234855652, -0.006407123990356922, 0.003362568560987711, 0.002393465954810381, 0.01247949805110693, -0.022039972245693207, -0.009165467694401741, 0.0016854687128216028, 0.0012402505381032825, 0.002724868943914771, 0.011147190816700459, 0.025427646934986115, 0.010424129664897919, -0.015907343477010727, 0.008034011349081993, -0.0306631438434124, 0.04453520476818085, 0.0023449270520359278, -0.022642523050308228, 0.007900111377239227, -0.025173235684633255, -0.006233053747564554, -0.014180030673742294, 0.012164832092821598, -0.007444850634783506, 0.007933585904538631, 0.009272588416934013, -0.02335219271481037, -0.004569344222545624, -0.002659592544659972, -0.0028955915477126837, 0.005191979929804802, -0.030877383425831795, 0.006725137121975422, -0.009319453500211239, -0.019750278443098068, -0.004184381105005741, 0.010296924971044064, -0.0075184958986938, -0.03484082967042923, -0.022294381633400917, -0.005289057735353708, 0.015197671949863434, 0.009145382791757584, 0.013483749702572823, 0.02360660396516323, 0.00745154544711113, -0.032403845340013504, -0.034626588225364685, -0.017768556252121925, -0.029243802651762962, 0.0009808188769966364, 0.006373648997396231, 0.016590233892202377, 0.01358417421579361, -0.009761324152350426, 0.02497238479554653, 5.9836649597855285e-05, -0.011582366190850735, -0.005111639853566885, -0.0022980619687587023, 0.0036052626091986895, -0.014729021117091179, -0.011100325733423233, 0.009995649568736553, 0.02248184196650982, 0.010598200373351574, 0.01409969013184309, -0.02991330251097679, 0.006735179573297501, -0.011649317108094692, 0.011127105914056301, -0.023124562576413155, -0.04865932837128639, -0.0076590911485254765, 0.04252669960260391, -0.023218292742967606, 0.0004678138066083193, -0.039821915328502655, 0.013215948827564716, 0.02258896268904209, -0.01661701314151287, 0.008964617736637592, 0.01154889166355133, 0.017768556252121925, -0.011716267094016075, -0.009660898707807064, -0.014072909951210022, 0.019187897443771362, 0.022428281605243683, -0.009513608179986477, -0.010042514652013779, -0.04148228093981743, 0.015947513282299042, 0.0019850702956318855, 0.02624443732202053, 0.03379640728235245, 0.0035416600294411182, -0.0114216860383749, 0.017487365752458572, -0.0235262643545866, -0.007792991120368242, -0.012238477356731892, -0.008931143209338188, -0.022093530744314194, -0.02000468783080578, -0.017152614891529083, -0.005034647416323423, -0.0059250835329294205, 0.006427209358662367, -0.003916580695658922, 0.02155793085694313, -0.032162826508283615, -0.01217822264879942, 0.010169719345867634, -0.011441770941019058, 0.03998259827494621, 0.007592140696942806, 0.01754092425107956, 0.012124662287533283, -0.02673986740410328, -0.003029491752386093, 0.02086164988577366, 0.010598200373351574, -0.002914002863690257, 0.022468451410531998, 0.04606166481971741, -0.014153250493109226, -0.02367355301976204, 0.0022980619687587023, -0.010852610692381859, 0.002206005621701479, 0.0024403310380876064, 0.019402137026190758, 0.040170058608055115, -0.0031918457243591547, -0.021236570551991463, 0.0012553143315017223, -0.03143976628780365, 0.03382318839430809, -0.014407660812139511, 0.007819770835340023, -0.008013926446437836, -0.03636729344725609, -0.01644294336438179, 0.01636260375380516, -0.00818130187690258, 0.041776858270168304, 0.007431460544466972, 0.008248251862823963, -0.02819938026368618, -0.009352928027510643, 0.007404680363833904, 0.010651759803295135, 0.006922639906406403, 0.0051518096588552, -0.012539752759039402, 0.01993773877620697, 0.0028152514714747667, 0.012620093300938606, 0.00027721523656509817, 0.0032069096341729164, 0.005178589839488268, 0.030556023120880127, 0.00788002647459507, 0.0026060324162244797, 0.007136880420148373, -0.0034445824567228556, 0.01609480381011963, 0.005386135075241327, -0.018464837223291397, -0.0373045951128006, -0.0045793866738677025, -0.02292371354997158, 0.0267532579600811, -0.0015373416244983673, -0.008569612167775631, -0.0255749374628067, -0.0117631321772933, 0.0004127891734242439, -0.016081413254141808, -0.010658455081284046, 0.01823720522224903, -0.02608375810086727, -0.002957520540803671, -0.024892045184969902, -0.004318281076848507, 0.03331436589360237, 0.012071101926267147, -0.032591305673122406, 0.015130721963942051, 0.03374284878373146, -0.024825096130371094, 0.01316238846629858, 0.0117631321772933, -0.00645064190030098, -0.028386840596795082, -0.00023390690330415964, -0.0003433284582570195, -0.013530614785850048, -0.004304890986531973, -0.035912033170461655, -0.022615741938352585, -0.031386204063892365, 0.015947513282299042, 0.011702876538038254, -0.00566732557490468, -0.010591505095362663, -0.00383289298042655, 0.012613398022949696, 0.017862286418676376, -0.03127908334136009, 0.006343521643429995, 0.02991330251097679, 0.0070967101491987705, 0.008429016917943954, -0.022254211828112602, 0.004884009249508381, 0.014032740145921707, 0.01154889166355133, 0.02044655941426754, -0.019295018166303635, -0.020071638748049736, -0.02497238479554653, -0.0067184423096477985, -0.013055268675088882, -0.010551335290074348, -0.0007803870248608291, -0.037010014057159424, -0.011381516233086586, -0.010745489969849586, 0.002934087999165058, 0.04038429632782936, 0.023204904049634933, 0.01874602772295475, 0.015800222754478455, 0.018371107056736946, 0.01746058464050293, -0.03468015044927597, -0.015157501213252544, -0.02505272626876831, 0.009306062944233418, -0.016817864030599594, -0.024383224546909332, -0.0039199283346533775, 0.05147123336791992, 0.02351287379860878, -0.0014954977668821812, -0.02325846254825592, 0.004067218396812677, -0.043571121990680695, 0.00290730781853199, -0.026257827877998352, 0.002197636989876628, 0.007511800620704889, -0.007230610121041536, -0.006631406955420971, 0.008529442362487316, 0.01993773877620697, 0.031734343618154526, -0.01482275128364563, -0.0005845580017194152, 0.009680983610451221, 0.00558029068633914, 0.02529374696314335, -0.019870787858963013, -0.04482978582382202, -0.026780039072036743, 0.008100961335003376, -0.022682692855596542, 0.004351756069809198, -0.007076625246554613, 0.0007536070188507438, -0.027797680348157883, -0.03580491244792938, -0.0040002684108912945, -0.020138589665293694, -0.01102668046951294, -0.006229706574231386, -0.0023968133609741926, -0.02258896268904209, 0.02343253418803215, 0.005222107283771038, 0.017246345058083534, 0.03023466281592846, 0.02324507385492325, 0.021611491218209267, 0.007076625246554613, -0.0066916621290147305, -0.008924447931349277, -0.0033809798769652843, -0.013209253549575806, 0.053640417754650116, 0.0010017408058047295, 0.026686308905482292, 0.059933725744485855, -0.013845279812812805, 0.017621265724301338, -0.00664144940674305, 0.02724868804216385, -0.014581730589270592, -0.003571787616237998, -0.01085930597037077, -0.005553510505706072, -0.005556858144700527, -0.010196499526500702, 0.015371741726994514, -0.0022394806146621704, -0.004170991014689207, -0.02929736115038395, -0.007223915308713913, -0.0010511165019124746, -0.004331671167165041, -0.015639541670680046, 0.0051451148465275764, -0.0004063033848069608, 0.01693837344646454, 0.0027148264925926924, -0.005911693442612886, -0.023298634216189384, -0.00036466881283558905, -0.014983431436121464, 0.0024269409477710724, 0.004458876326680183, -0.002262913156300783, -0.03277876600623131, 0.0018093263497576118, 0.009172162972390652, 0.00032512639882043004, -0.018357716500759125, 0.20652765035629272, -0.00536605017259717, 0.011086936108767986, 0.009299368597567081, -0.005904998630285263, 0.013189168646931648, -0.017179394140839577, -0.017701605334877968, -0.025186626240611076, 0.02708800882101059, -0.030127543956041336, 0.007063235156238079, 0.01688481494784355, -0.012044322676956654, -0.003406086005270481, 0.038643594831228256, -0.035135410726070404, -0.03738493472337723, -0.015411912463605404, -0.02769055962562561, 0.01995112933218479, 0.014126470312476158, -0.0018210426205769181, -0.03714391216635704, 0.02249523252248764, -0.0029039604123681784, 0.02222743257880211, 0.023700334131717682, 0.024985775351524353, 0.014447830617427826, 0.02000468783080578, -0.026257827877998352, -0.004696549382060766, -0.00745154544711113, -0.004425401333719492, -0.0018712552264332771, 0.016804473474621773, -0.0063301315531134605, 0.011977371759712696, 0.006818867288529873, 0.002358317142352462, -0.003498142585158348, 0.026525627821683884, -0.011863556690514088, 0.0019549427088350058, -0.0235262643545866, 0.007839856669306755, 0.007531885989010334, 0.02335219271481037, 0.03034178353846073, -0.027904799208045006, 0.034305229783058167, 0.00011768571857828647, 0.011354736052453518, -0.021410640329122543, -0.006869080010801554, 0.025441035628318787, -0.0062364013865590096, -0.030127543956041336, 0.020687580108642578, -0.013477054424583912, 0.010912865400314331, 0.022455062717199326, 0.05021257326006889, -0.02335219271481037, -0.004184381105005741, 0.0024336359929293394, 0.006862384732812643, 0.0029826266691088676, -0.002850400283932686, -0.009955478832125664, -0.021397249773144722, 0.009975564666092396, -0.012499582953751087, 0.011622536927461624, -0.006055636331439018, -0.016309043392539024, 0.03979513794183731, 0.03205570578575134, 0.028895661234855652, -0.040437858551740646, -0.022347941994667053, -0.009386403486132622, 0.007819770835340023, -0.019629767164587975, -0.014970041811466217, 0.019536036998033524, -0.020071638748049736, -0.02122317999601364, -0.008576307445764542, 0.012800858356058598, 0.007150270044803619, -0.010959730483591557, -0.015224452130496502, -0.0009147056844085455, 0.009473438374698162, 0.010564724914729595, -0.017594484612345695, -0.015987683087587357, -0.0009741238900460303, -0.0347604900598526, 0.046650826930999756, 0.01721956394612789, 0.004120778292417526, -0.0032286683563143015, -0.02999364212155342, 0.008040706627070904, 0.038456134498119354, -0.012205002829432487, -0.020125199109315872, -0.0040170056745409966, -0.045445725321769714, -0.00715696532279253, -0.008589697070419788, 0.008810632862150669, 0.017527535557746887, 0.006296656560152769, 0.02232116274535656, -0.016134973615407944, -0.003950055688619614, -4.341295152698876e-06, -0.05870184302330017, -0.012606702744960785, -0.0065309819765388966, -0.00398018304258585, -0.02641850709915161, -0.0129883186891675, -0.007672480773180723, 0.03315368667244911, -0.04191076010465622, 0.03757239505648613, -0.03655475378036499, -0.011314566247165203, -0.02274964191019535, 0.0010075989412143826, -0.010383959859609604, 0.028440400958061218, -0.03856325522065163, -0.018210425972938538, 0.013939009979367256, 0.0308506041765213, 0.001779198762960732, 0.053292274475097656, -0.01460851076990366, 0.006936029996722937, -0.011923812329769135, -0.005295752547681332, -0.011984067037701607, -0.0034010647796094418, 0.0009465069742873311, -0.01205101702362299, -0.035483550280332565, -0.01521106157451868, -0.0017842201050370932, -0.0068155196495354176, 0.0038764106575399637, 0.00877715740352869, -0.03398386761546135, 0.011649317108094692, -0.014072909951210022, -0.019629767164587975, 0.021249961107969284, 0.03101128526031971, 0.010892780497670174, -0.027395978569984436, -0.017567705363035202, -0.16614335775375366, 0.03382318839430809, 0.036420851945877075, -0.015559202060103416, 0.0019549427088350058, 0.02615070715546608, 0.005379440262913704, -0.007779601030051708, 0.0003042044991161674, -0.012740603648126125, 0.014019349589943886, -0.03824189305305481, -0.00808757171034813, -0.03652797266840935, -0.010337094776332378, -0.023486092686653137, -0.010337094776332378, 0.019442308694124222, 0.05050715059041977, 0.01696515455842018, 0.031386204063892365, -0.014929871074855328, 0.008978008292615414, -0.031118404120206833, -0.005660630762577057, 0.029029561206698418, -0.013831890188157558, 0.023539653047919273, -0.017848895862698555, -0.019388748332858086, 0.0021875943057239056, 0.015224452130496502, 0.015224452130496502, -0.004509089048951864, 0.013048573397099972, -0.0003274278133176267, -0.009339538402855396, -0.012660263106226921, -0.014782581478357315, 0.0123522924259305, 0.0097144590690732, 0.01779533550143242, 0.008643257431685925, -0.006320089101791382, 0.021865900605916977, 0.013403409160673618, 0.0010134570766240358, -0.009861748665571213, 0.007511800620704889, -0.022441672161221504, 0.022522011771798134, -0.044508423656225204, -0.00413416838273406, 0.026793427765369415, 0.0063970815390348434, -0.011127105914056301, 0.023472703993320465, 0.004201118368655443, -0.026967499405145645, -0.02003146894276142, 0.022548792883753777, -0.028520740568637848, -0.01739363558590412, -0.004187728278338909, -0.03178790584206581, -0.01193050667643547, -0.014166640117764473, 0.004478961229324341, -0.025749007239937782, 0.002905634231865406, -0.032671645283699036, 0.004087303299456835, 0.009332843124866486, 0.0009749607415869832, 0.030181102454662323, 0.016657182946801186, -0.008134436793625355, 0.010504470206797123, 0.0015239515341818333, 0.01000234391540289, -0.016041243448853493, 0.010598200373351574, -0.027904799208045006, 0.04429418221116066, 0.0017172700027003884, 0.0032085832208395004, -0.002731563989073038, -0.01217822264879942, 0.0029876481276005507, 0.004505741409957409, -0.0033223985228687525, -0.016804473474621773, -0.010069294832646847, -0.0004899910418316722, -0.0005611255182884634, 0.007525190711021423, 0.02913668192923069, 0.002487196121364832, -0.0029692368116229773, -0.011937201954424381, 0.006417166441679001, -0.021062500774860382, -0.032082486897706985, -0.0067083993926644325, 0.016161752864718437, 0.0024118772707879543, 0.026539018377661705, 0.012218392454087734, 0.021758781746029854, -0.00643390417098999, -0.035242531448602676, 0.03197536617517471, -0.010457605123519897, 0.038804274052381516, -0.003521575126796961, 0.021316910162568092, 0.02335219271481037, 0.003846283070743084, 0.006420514080673456, 0.03516219183802605, 0.045285046100616455, 0.005141767207533121, 0.01021658442914486, -0.0255749374628067, 0.0037625953555107117, -0.0011339671909809113, -0.10572759062051773, -0.028011919930577278, 0.009178858250379562, 0.010357179678976536, -0.026378337293863297, 0.012660263106226921, -0.002212700666859746, 0.019549427554011345, -0.019964518025517464, 0.02530713565647602, -0.03269842639565468, -0.008877582848072052, -0.0068824696354568005, 0.014541560783982277, -0.00992200430482626, -0.0042848060838878155, -0.027021057903766632, 0.007839856669306755, 0.011769826523959637, 0.02378067374229431, -0.013436884619295597, -0.03652797266840935, 0.012151442468166351, -0.0046865069307386875, -0.03141298517584801, -0.006196231581270695, -0.0038362403865903616, 0.018692467361688614, -0.0023047570139169693, -0.021691830828785896, -0.015304791741073132, -0.001706390525214374, 0.008536137640476227, -0.016215313225984573, -0.005546815227717161, -0.020379608497023582, -0.03304656594991684, -0.008569612167775631, 0.05168547481298447, 0.006045593414455652, -0.0008795568719506264, 0.00108542840462178, 0.015157501213252544, -0.011769826523959637, -0.013436884619295597, 0.003181803273037076, -0.021865900605916977, 0.05342617630958557, -0.003732467768713832, 0.007826466113328934, -0.01958959735929966, -0.00940648838877678, -0.01908077672123909, -0.001981722889468074, 0.05441703647375107, 0.009667593985795975, 0.021999800577759743, 0.01992434822022915, -0.02878854051232338, 0.0153315719217062, -0.022173872217535973, -0.021022330969572067, -0.0005284873186610639, 0.03384996950626373, 0.0050781648606061935, 0.017326684668660164, -0.013088744133710861, -0.012332207523286343, 0.0022227431181818247, -0.0090784328058362, -0.015197671949863434, 0.0021239917259663343, -0.02972584217786789, -0.02513306587934494, -0.020821480080485344, 0.016081413254141808, 0.026472067460417747, -0.009995649568736553, 0.009962174110114574, -0.013610954396426678, -0.015639541670680046, -0.012680348008871078, -0.021156230941414833, -0.03465336933732033, 0.01460851076990366, 0.004626251757144928, 0.02045994997024536, 0.001605128520168364, -0.024168984964489937, -0.05902320519089699, 0.0028671377804130316, 0.020379608497023582, 0.007257390301674604, -0.010745489969849586, 0.0004590266034938395, 0.0065309819765388966, -0.019120946526527405, -0.00668496685102582, -0.03077026456594467, -0.0056305029429495335, -0.012673652730882168, 0.0033608947414904833, -0.032510966062545776, 0.01636260375380516, 0.008998093195259571, -0.017139224335551262, -0.002110601868480444, 0.007833161391317844, 0.0021206443198025227, -0.008623172529041767, -0.0017725038342177868, 0.0318414643406868, -0.0019767016638070345, 0.008951228111982346, -0.024490345269441605, 0.003940013237297535, -0.017246345058083534, 0.004040438216179609, 0.015505642630159855, 0.003421149915084243, -0.0023432534653693438, 0.026646137237548828, -0.005637198220938444, -0.0038697156123816967, 0.007136880420148373, -0.01000234391540289, -0.025441035628318787, -0.003926623146981001, -0.03869715705513954, 0.021397249773144722, -0.02376728318631649, -0.03481404855847359, 0.023727113381028175, 0.007337730377912521, -0.0030930943321436644, 0.0013172430917620659, 0.013061963953077793, -0.0214775912463665, 0.024262715131044388, 0.002776755252853036, 0.0241154246032238, 0.005971948616206646, -0.029002781957387924, -0.029940083622932434, -0.013664514757692814, -0.037117134779691696, 0.0032437320332974195, 0.01890670694410801, -0.026766648516058922, 0.0010594852501526475, 0.012854418717324734, 0.003852978115901351, 0.014809360727667809, 0.00899139791727066, -0.01847822591662407, -0.008870887570083141, -0.011066851206123829, -0.038723934441804886, -0.004552606493234634, 0.002366685774177313, -0.016978545114398003, 0.03093094378709793, 0.04533860459923744, 0.018839756026864052, 0.016924984753131866, -0.027583438903093338, 0.016041243448853493, 0.00760553078725934, -0.026887157931923866, 0.015519032254815102, 0.029752623289823532, -0.019723497331142426, -0.03023466281592846, -0.02878854051232338, 0.018089916557073593, 0.026003416627645493, 0.015452082268893719, 0.005787835922092199, -0.02154454030096531, 0.016764303669333458, 0.006835604552179575, 0.03401064872741699, 0.027369199320673943, -0.0069895898923277855, -0.02633816748857498, 0.006755264475941658, 0.010511165484786034, 0.028440400958061218, 0.012305427342653275, 0.014862921088933945, 0.01617514342069626, -0.0020988855976611376, -0.03663509339094162, 0.013001708313822746, -0.0010712015209719539, -0.0032855758909136057, 0.02665952779352665, 0.001512235263362527, -0.025749007239937782, -0.005560205318033695, 0.02514645643532276, 0.011133801192045212, 0.011863556690514088, -0.0029826266691088676, -0.01857195608317852, -0.015278011560440063, -0.0054396954365074635, 0.005339269991964102, -0.04006293788552284, -0.020821480080485344, -0.0010603221599012613, 0.021785560995340347, -0.038134776055812836, 0.008355371654033661, -0.005884913261979818, 0.014447830617427826, 0.002463763579726219, 0.0003031583910342306, 0.012753993272781372, 0.00929267331957817, -0.016750913113355637, 0.010116159915924072, 0.0037726378068327904, 0.0015950860688462853, 0.002251196885481477, 0.0010728753404691815, 0.017594484612345695, 0.023486092686653137, -0.019214676693081856, -0.03808121383190155, 0.010082684457302094, 0.0006423025042749941, 0.02112944982945919, -0.010725405067205429, -0.018518395721912384, -0.021450810134410858, -0.011220836080610752, 0.02240150235593319, -0.018545176833868027, 0.005212064832448959, -0.03435878828167915, 0.07369866222143173, 0.01094634085893631, -0.0015967597719281912, -0.022535402327775955, 0.010042514652013779, 0.02683359757065773, 0.011113716289401054, 0.008757072500884533, -0.006594584323465824, -0.03644763305783272, 0.034546248614788055, -0.0029759318567812443, -0.0017507449956610799, -0.023151343688368797, -0.004509089048951864, 0.004954306874424219, -0.013302983716130257, 0.02648545801639557, 0.017058884724974632, -0.003108158241957426, 0.023820843547582626, 0.028333280235528946, 0.01452817115932703, -0.002271282020956278, -0.01521106157451868, -0.0019114252645522356, 0.01542530208826065, 0.013088744133710861, -0.014220200479030609, -0.015130721963942051, 0.031064843758940697, 0.03213604539632797, -0.02761022001504898, -0.03133264556527138, -0.014380880631506443, 0.0024771534372121096, -0.0026646137703210115, -0.01081913523375988, 0.02317812293767929, 0.03245740756392479, 0.017139224335551262, -0.01779533550143242, -0.017232954502105713, -0.029832962900400162, -0.002905634231865406, -0.003079704474657774, -0.011615841649472713, -0.020500119775533676, -0.03304656594991684]","[0.0011610541259869933, -0.01297863107174635, 0.013468890450894833, -0.04004228860139847, -0.027719546109437943, 0.004266584292054176, -0.017225340008735657, -0.050668999552726746, 0.01332976296544075, -0.03980378434062004, 0.005270291119813919, 0.01935863122344017, 0.00335562857799232, -0.008254912681877613, 0.003988328389823437, -0.00447196327149868, 0.013568267226219177, -0.007632150314748287, 0.006042119115591049, -0.034795187413692474, -0.006240873131901026, 0.003749823896214366, -0.004740281030535698, 0.001830192282795906, 0.00977206788957119, -0.006522440817207098, 0.019424883648753166, -0.016761580482125282, -0.026752276346087456, -0.008162160404026508, -0.012707000598311424, 0.009652814827859402, -0.011004341766238213, -0.005724112968891859, -0.008347664028406143, -0.0022856700234115124, -0.01223661657422781, -0.0015933439135551453, -0.005859927739948034, 0.010308703407645226, -0.0005573391099460423, -0.013409264385700226, -0.00932155828922987, -0.0060454318299889565, 0.006416439078748226, 0.010116574354469776, 0.03360266238451004, -0.01605931669473648, -0.007837529294192791, -0.01605931669473648, -0.004952284973114729, -0.0015097016002982855, -0.03230413794517517, -0.022922951728105545, -0.004621028434485197, 0.011070593260228634, -0.00016014183347579092, 0.005999055691063404, 0.012488370761275291, -0.0027759296353906393, 0.005836740136146545, 0.006373375654220581, -0.01379352156072855, 0.0084867924451828, -0.002168074017390609, -0.006317061837762594, 0.008659045211970806, 0.0052338531240820885, -0.0008877674699760973, -0.0037763244472444057, 0.016576075926423073, 0.025798257440328598, 0.0026301767211407423, 0.02997209131717682, 0.044653378427028656, 0.0058996789157390594, 0.0037465114146471024, -0.009798567742109299, -0.010944715701043606, 0.012143864296376705, 0.026990782469511032, -0.021823180839419365, 0.014323532581329346, 0.002267451025545597, 0.02481773868203163, -0.007579149212688208, 0.012004736810922623, 0.01751684583723545, -0.010745962150394917, -0.018947873264551163, -0.0008368368144147098, 0.01841786317527294, 0.008288037963211536, 0.014827041886746883, 0.009281807579100132, 0.0202993992716074, -0.019491134211421013, 0.009566688910126686, 0.007194891571998596, -0.0169735848903656, 0.014111528173089027, 0.006270686164498329, 0.015052296221256256, -0.006790759041905403, -0.03301965072751045, -0.025095993652939796, 0.004263271577656269, -0.017304841428995132, 0.013727270066738129, 0.011189845390617847, -0.02502974309027195, 0.05427306890487671, 0.00022049262770451605, -0.033125653862953186, 0.0058798035606741905, 0.00026562632410787046, 0.014721039682626724, -0.010991091839969158, -0.036782726645469666, -0.014416283927857876, 0.004435524810105562, 0.018961124122142792, 0.02888556942343712, 0.01680133119225502, 0.029548082500696182, -0.0026898030191659927, -0.025095993652939796, -0.02283019945025444, -0.00920893158763647, -0.00885779969394207, 0.04926447197794914, 0.015463055111467838, 0.015158298425376415, 0.029998591169714928, -0.004518338944762945, -0.0015999689931049943, 0.0027494290843605995, 0.0015560775063931942, -0.02118716761469841, -0.01677483133971691, 0.004978785756975412, 0.040837306529283524, -0.02795805037021637, -0.006578754633665085, 0.018166108056902885, 0.02864706516265869, 0.022763948887586594, 0.01901412382721901, -0.007950156927108765, -0.0005685189971700311, 0.012302867136895657, -0.00484628276899457, 0.003667009761556983, 0.02191593125462532, 0.013806772418320179, 0.02431422844529152, -0.018722619861364365, -0.021134166046977043, -0.011898734606802464, -0.006648318376392126, -0.001410324708558619, -0.007367145270109177, 0.03710073232650757, -0.006916636135429144, -0.004259958863258362, 0.03450367972254753, 0.014151278883218765, -0.009818443097174168, -0.010845338925719261, -0.004909221548587084, 0.0067377579398453236, 0.03052860125899315, -0.017649346962571144, 0.010003946721553802, 0.01058033388108015, -0.004670716822147369, 0.016933834180235863, 0.01770234853029251, 0.005121225956827402, 0.00702926330268383, -0.011017591692507267, 0.03182712569832802, 0.023320458829402924, 0.010646584443747997, 0.0015080453595146537, -0.004233458545058966, 0.02008739672601223, -0.03418567404150963, 0.007128640543669462, 0.009440811350941658, -0.008182036690413952, 0.015675058588385582, 0.001301838201470673, -0.013369513675570488, -0.662725031375885, -0.020339149981737137, 0.023863719776272774, 0.002375109354034066, 0.02830255776643753, 0.03596120700240135, -0.0035046939738094807, -0.009553438052535057, -0.015926813706755638, -0.0009755505016073585, -0.01971638761460781, 0.016682079061865807, -0.017940852791070938, -0.014575286768376827, -0.018841871991753578, -0.01344238966703415, 0.010785712860524654, -0.014429534785449505, -0.009288433007895947, -0.012488370761275291, -0.04216232895851135, 0.01370077021420002, -0.019491134211421013, 0.015661807730793953, 0.006923261564224958, 0.004024766851216555, 0.019676636904478073, -0.00903667788952589, -0.006267373450100422, 0.0039817034266889095, -0.018404612317681313, 0.01562205795198679, 0.011746356263756752, -0.005127850919961929, 0.051252011209726334, -0.02814355492591858, -0.012806377373635769, 0.0055717346258461475, 9.756539657246321e-05, 0.036650221794843674, -0.04128781333565712, -0.008347664028406143, -0.015118547715246677, 0.003074060659855604, 0.0032297512516379356, 0.028064053505659103, 0.03649121895432472, -0.0006190356216393411, -0.0014210904482752085, -0.03858476132154465, 0.006406501401215792, -0.01917312853038311, 0.011461475864052773, 0.01737109199166298, 0.004024766851216555, 0.0016281257849186659, 0.023333709686994553, -0.00986481923609972, 0.015635307878255844, -0.001962695037946105, 0.010527332313358784, 0.01774209924042225, -0.03164162486791611, 0.0032645331230014563, -0.018749119713902473, 0.006363437976688147, -0.01841786317527294, -0.011686730198562145, -0.0018865058664232492, -0.010136449709534645, 0.001747378148138523, 0.014098278246819973, -0.018311860039830208, 0.002403266029432416, 0.006698006764054298, -0.001132069155573845, 0.029495080932974815, -0.014562036842107773, -0.01350864116102457, 0.01988864131271839, -0.011401849798858166, -0.012481746263802052, 0.003955203108489513, -0.012448620051145554, 0.04017479345202446, -0.019809139892458916, -0.015807561576366425, -0.01587381213903427, -0.021067915484309196, 0.013382763601839542, -0.004770094063133001, 0.0015602182829752564, 0.012905754148960114, -0.012382368557155132, 0.0063667502254247665, 0.013859773054718971, -0.0014765759697183967, -0.018126357346773148, 0.03458318114280701, 0.00456140236929059, -0.003062466625124216, 0.035325195640325546, 0.03256914019584656, -0.005631361156702042, 0.012866003438830376, 8.612669626018032e-05, -0.007685151416808367, 0.015383552759885788, 0.02941557951271534, -0.009917820803821087, 0.01343576516956091, 0.006721194833517075, -0.012090863659977913, 0.011421725153923035, 0.01132234837859869, -0.0336291640996933, 0.027481041848659515, 0.0011900390964001417, 0.011401849798858166, 0.009076428599655628, 0.019212879240512848, -0.008990301750600338, 0.02555975317955017, -0.015754560008645058, 0.003514631651341915, 0.03288714960217476, 0.013064756989479065, 0.0015295770717784762, -0.02704378217458725, 0.0033904104493558407, 0.014124778099358082, -0.02024639956653118, 0.020034395158290863, -0.014244030229747295, 0.008606044575572014, -0.01753009483218193, 0.011494601145386696, -0.008937301114201546, -0.007479772437363863, -0.01696033403277397, 0.0025705506559461355, 0.0024479858111590147, 0.015025796368718147, -0.013899523764848709, -0.0007763825124129653, -0.019862141460180283, -0.025440501049160957, -0.002192918211221695, -0.0034417554270476103, -0.009480562061071396, -0.002078634686768055, -0.01628457009792328, -0.011401849798858166, 0.025109244510531425, 0.010169574990868568, -0.01681458204984665, 0.013362888246774673, -0.020127147436141968, -0.010732711292803288, -0.01955738477408886, -0.009480562061071396, 0.030025091022253036, 0.0002480283146724105, -0.004723717924207449, -0.010997716337442398, -0.020378900691866875, -0.018841871991753578, 0.03683572635054588, -0.0009001896250993013, -0.03816075250506401, 0.024579234421253204, -0.039909787476062775, 0.004806532058864832, 0.0017010022420436144, -0.002129979431629181, 0.01847086474299431, -0.00977206788957119, -0.01698683388531208, 0.00028136101900599897, -0.0026301767211407423, -0.020418653264641762, 0.0044852131977677345, -0.009619689546525478, -0.010136449709534645, 0.004968848079442978, -0.008162160404026508, 0.020895661786198616, 0.014681288972496986, -0.010461080819368362, 0.015675058588385582, 0.01700008474290371, 0.008566293865442276, -0.017318090423941612, -0.007691776379942894, 0.009427560493350029, 0.0017258465522900224, 0.0059460545890033245, 0.01902737468481064, 0.011792732402682304, 0.006270686164498329, 0.006565504241734743, -0.003723323345184326, 0.03627921640872955, -0.019080376252532005, 0.020961912348866463, -0.028461560606956482, -0.009891320019960403, -0.028249556198716164, 0.017450593411922455, 0.021849680691957474, -0.0055087958462536335, -0.01562205795198679, 0.0030028403270989656, -0.014747540466487408, 0.00812240969389677, 0.0320921316742897, -0.008413915522396564, 0.012210115790367126, -0.014734290540218353, -0.005568422377109528, -0.004326210357248783, -0.018364861607551575, 0.009361309930682182, 0.011441600508987904, -0.01450903620570898, 0.007373770233243704, 0.020233148708939552, 0.028249556198716164, -0.011905360035598278, -0.024393729865550995, -0.0193718820810318, 0.003819387871772051, 0.00018115591956302524, 0.010739336721599102, 0.01405852660536766, 0.010851963423192501, 0.02814355492591858, 0.0017125962767750025, 0.010706210508942604, -0.01604606583714485, -0.0031287178862839937, 0.024168476462364197, 0.02080290950834751, -0.028355559334158897, 0.03635871782898903, -0.010997716337442398, 0.036252714693546295, -0.007936906069517136, -0.007665276061743498, 0.009367934428155422, -0.01012982428073883, 0.0010641615372151136, -0.01460178755223751, 0.0120511120185256, 0.0029465267434716225, -0.012349243275821209, 0.013449015095829964, 0.0058831158094108105, 0.04547489434480667, 0.03529869392514229, 0.005502170883119106, 0.029548082500696182, 0.020524654537439346, -0.015052296221256256, 0.014111528173089027, 0.026050012558698654, 0.011945110745728016, -0.028170054778456688, 0.002555644139647484, -0.0024512982927262783, -0.019994644448161125, 0.0014658101135864854, -0.017662597820162773, 0.02756054326891899, 0.01792760379612446, 0.009454061277210712, -0.009904569946229458, -0.004929096903651953, -0.006227622739970684, 0.0024562671314924955, -0.043566860258579254, -0.03744523972272873, 0.013131008483469486, 0.03932677581906319, -0.006509190890938044, -0.006270686164498329, 0.0057969894260168076, 0.0053597306832671165, 0.004455400165170431, 0.00725451810285449, 0.023439710959792137, 0.014734290540218353, -0.013296636752784252, -0.018669618293642998, -0.014085027389228344, -0.00762552535161376, 0.017092837020754814, -0.008288037963211536, 0.030475599691271782, 0.013502015732228756, 0.03280764818191528, 0.001556905684992671, -0.02118716761469841, 0.0057373628951609135, -0.0032579079270362854, -0.015542556531727314, -0.012163739651441574, -0.008778298273682594, 0.009109554812312126, 0.0047137802466750145, -0.01701333560049534, -0.006267373450100422, -0.021836429834365845, 0.00621768506243825, 0.013290012255311012, -0.01049420703202486, -0.012143864296376705, 0.022763948887586594, 0.030449099838733673, -0.005101350601762533, 0.005929491948336363, -0.039194270968437195, -0.0011743044015020132, 0.001747378148138523, 0.05480308085680008, 0.009162555448710918, 0.0023038892541080713, 0.013634518720209599, -0.005266978871077299, -0.003623946337029338, -0.027481041848659515, -0.0027494290843605995, 0.003978390712291002, -0.020763158798217773, -0.004077767953276634, -0.009487186558544636, 0.008453666232526302, -0.007526148110628128, 0.015489554964005947, 0.014495785348117352, 0.01169335562735796, 0.014244030229747295, 0.023797469213604927, -0.0008985333261080086, -0.017278339713811874, 0.03140312060713768, 0.0033920668065547943, 0.01450903620570898, 0.029892589896917343, 0.01587381213903427, 0.0019229440949857235, 0.011077218689024448, 0.012846128083765507, -0.009301682934165001, -0.008526543155312538, 0.014721039682626724, 0.003945265430957079, -0.03052860125899315, -0.025904260575771332, 0.0492909699678421, -0.011514476500451565, -0.0017639410216361284, 0.0004269068595021963, -0.011911984533071518, 0.021081164479255676, 0.007936906069517136, 0.018311860039830208, -0.006817259360104799, -0.004521651659160852, -0.022790448740124702, -0.003216500859707594, 0.01714583858847618, -0.004316272679716349, -0.00957993883639574, 0.028461560606956482, 0.018046855926513672, -0.02774604596197605, -0.026182515546679497, 0.0010906620882451534, -0.009162555448710918, -0.0286735650151968, -0.03527219593524933, -0.001276993891224265, 0.017026584595441818, -0.0025639254599809647, -0.014774041250348091, -0.0005888084997422993, -0.027348538860678673, -0.003093936014920473, 0.005896366201341152, -0.006754320580512285, -0.017039835453033447, -0.04022779315710068, 0.007459897082298994, -0.024141976609826088, -0.020219897851347923, -0.03328465670347214, 0.012846128083765507, 0.016695328056812286, -0.015317302197217941, -0.005512108560651541, 0.0008351805154234171, 0.005419356748461723, 0.01714583858847618, -0.024247977882623672, -0.008069409057497978, 0.016191819682717323, -0.007247892674058676, -0.0033920668065547943, -0.003627259051427245, -0.004508401267230511, 0.01444278471171856, -0.0189876239746809, 0.012342617847025394, 0.026593273505568504, 0.001956069841980934, 0.0010765837505459785, -0.0350336916744709, -0.010752586647868156, 0.005561796948313713, 0.0005917069502174854, -0.0035510698799043894, 0.006982887629419565, 0.011534351855516434, 0.001836817478761077, -0.008095909841358662, -0.00822841189801693, -0.011388599872589111, -0.0045481519773602486, -0.001074927393347025, 0.006273998413234949, 0.029309578239917755, -0.021862931549549103, -0.0025953948497772217, 0.011534351855516434, -0.009546813555061817, 0.0013175727799534798, 0.013058132492005825, 0.005339855328202248, 0.024062473326921463, -0.007141890935599804, 0.02211468666791916, 0.015754560008645058, 0.025480251759290695, -0.011461475864052773, -0.016562826931476593, 0.001995820552110672, -0.006247498095035553, -0.020908912643790245, 0.01660257764160633, -0.002370140515267849, -0.01824560947716236, -0.009102929383516312, 0.002603676402941346, -0.00969256553798914, 0.0008654076955281198, -0.0005863240803591907, -0.0328606478869915, -0.009593188762664795, -0.019451383501291275, -0.021664176136255264, -0.004664091859012842, -0.017808351665735245, -0.03630571439862251, -0.0006600286578759551, 0.0052338531240820885, 0.0029531519394367933, -0.004770094063133001, -0.007731527555733919, -0.02048490382730961, -0.0002565167669672519, -0.012726875953376293, 0.026540273800492287, 0.013846523128449917, 0.003623946337029338, -0.017622847110033035, -0.01771559938788414, -0.013846523128449917, 0.027322039008140564, -0.018497364595532417, -0.023611964657902718, -0.0016388916410505772, 0.002192918211221695, 0.03940627723932266, -0.013541766442358494, 0.010063573718070984, 0.011381974443793297, -0.0025341124273836613, 0.0012869315687566996, 0.012647374533116817, -0.017119336873292923, 0.015383552759885788, -0.020869161933660507, 0.012746751308441162, 0.021995432674884796, -0.01052070688456297, 0.011593978852033615, 0.001874911948107183, 0.012852753512561321, 0.012422120198607445, -0.0002782554947771132, -0.009096303954720497, 0.0015403428114950657, -0.03376166522502899, -0.001226477324962616, -0.007493022829294205, -0.001055052038282156, 0.00010507043043617159, 0.004597840830683708, 0.021107666194438934, 0.03805474936962128, 0.003165156114846468, 0.02628851868212223, 0.02048490382730961, 0.023969722911715508, -0.0011834139004349709, 0.006704632192850113, 0.005840052384883165, -0.0014956232625991106, 0.0044388375245034695, -0.007214767392724752, 0.009473936632275581, -0.00849341694265604, 0.008983677253127098, 0.0022707635071128607, -0.004740281030535698, -0.001385480398312211, 0.022962702438235283, -0.015184799209237099, -0.0010724429739639163, -0.019623637199401855, -0.0065953172743320465, 0.019769389182329178, -0.03066110424697399, -0.007864030078053474, -0.02648727223277092, -0.019968142732977867, -0.008023032918572426, -0.012349243275821209, 0.01396577525883913, -0.02888556942343712, 0.014919794164597988, 0.00725451810285449, -0.031085113063454628, 0.014840292744338512, 0.005147726275026798, 0.039512280374765396, 0.012488370761275291, 0.0023403274826705456, -0.002739491406828165, 0.011262722313404083, -0.015966564416885376, -0.004230145830661058, -0.017781849950551987, -0.007837529294192791, 0.006151433568447828, 0.017609596252441406, 0.002134948270395398, -0.008129035122692585, 0.02171717770397663, 0.0059626176953315735, -0.0171988382935524, -0.03256914019584656, 0.017092837020754814, 0.017689097672700882, -0.010918214917182922, 0.010679710656404495, -0.008182036690413952, -0.02573200687766075, 0.009613064117729664, -0.007705026771873236, 0.00840066559612751, 0.008937301114201546, -0.001245524501428008, -0.008215161971747875, 0.056340109556913376, -0.00977206788957119, 0.01628457009792328, -0.005217290483415127, -0.026195766404271126, -0.005949367303401232, -0.015648558735847473, -0.02174367755651474, -0.007267768029123545, -0.02098841406404972, 0.015211299993097782, -0.008890924975275993, 0.013078007847070694, 0.022021934390068054, 0.008162160404026508, -0.007122015114873648, -0.00785740464925766, -0.017993854358792305, 0.01972963847219944, -0.01624481938779354, -0.018934622406959534, -0.009785317815840244, -0.005664486438035965, 0.018775619566440582, -0.01104409247636795, -0.012004736810922623, -0.02154492400586605, -0.005697612185031176, -0.012693749740719795, 0.023784218356013298, -0.0033142215106636286, -0.015767810866236687, 0.0003647962585091591, -0.028435060754418373, -0.017954103648662567, -0.006509190890938044, 0.004604465793818235, -0.009977446869015694, -0.02901807241141796, -0.02484424039721489, -0.05133151262998581, 0.004031391814351082, -0.016880832612514496, 0.006810634396970272, 0.0011593978852033615, -0.005472357850521803, 0.037524741142988205, 0.0015229518758133054, 0.013124383985996246, 0.0050052860751748085, 0.04799244552850723, -0.01470778975635767, 0.0171988382935524, -0.020975163206458092, -0.034265175461769104, 0.011342223733663559, -0.008652420714497566, -0.009281807579100132, -0.016324320808053017, 0.027454540133476257, -0.011163344606757164, 0.008241662755608559, -0.016536325216293335, 0.02907107211649418, 0.008712046779692173, 0.0005507139721885324, -0.03564320132136345, -0.025864509865641594, 0.024009473621845245, -0.03540469706058502, 0.03524569422006607, 0.008871049620211124, 0.006896760780364275, -0.0069033862091600895, -0.0030028403270989656, -0.004998661112040281, -0.006071932148188353, -0.02885906957089901, -0.0070491391234099865, -0.029707085341215134, 0.016138818114995956, -0.0019047249807044864, -0.010328578762710094, -0.0002770132850855589, -0.010633334517478943, -0.01771559938788414, 0.02737503871321678, -0.006688069086521864, -0.018696118146181107, 0.03320515528321266, 0.010302077978849411, -0.010348454117774963, 0.030104592442512512, -0.01645682379603386, -0.025652505457401276, -0.002133292146027088, -0.021968932822346687, -0.022936202585697174, -0.03574920445680618, 0.005886428523808718, 0.004024766851216555, -0.0131376339122653, -0.034053169190883636, -0.02611626498401165, -0.009268557652831078, -0.0255730040371418, 0.022326689213514328, -0.010315327905118465, 0.012322742491960526, 0.017212089151144028, -0.005280229263007641, -0.01791435293853283, 0.04033379629254341, -0.0008211021195165813, 0.010918214917182922, -0.01628457009792328, -0.02175692841410637, 0.0193718820810318, 0.013753770850598812, 0.019583886489272118, 0.001652141916565597, -0.029919089749455452, -0.019398381933569908, 0.013780271634459496, 0.013362888246774673, 0.0016728454502299428, 0.026434270665049553, 0.006916636135429144, 0.0056512365117669106, -0.0029498394578695297, 0.007473147474229336, 0.002842180896550417, 0.0033589412923902273, 0.012084238231182098, -0.01701333560049534, -0.0073870206251740456, 0.022207437083125114, 0.01625807024538517, -0.0017324716318398714, -0.011395224370062351, -0.003069091821089387, 0.02063065581023693, 0.006052056793123484, -0.009010177105665207, -0.020696908235549927, 0.008036283776164055, -0.030422599986195564, 0.030740605667233467, 0.0016471730777993798, 0.00602224376052618, 0.027852049097418785, 0.007758027873933315, -0.003165156114846468, 0.004819782450795174, 0.024327479302883148, -0.007459897082298994, 0.006061994470655918, 0.012322742491960526, -0.019862141460180283, 0.0013805115595459938, 0.019133377820253372, 0.021240169182419777, -0.03487468883395195, 0.014933044090867043, 0.0018384737195447087, 0.003030997235327959, -0.013581518083810806, 0.012408869341015816, 0.012302867136895657, -0.016562826931476593, 0.010282202623784542, -0.005806927103549242, -0.004915846977382898, -0.018537115305662155, 0.0007900468190200627, 0.0017490345053374767, -0.020590905100107193, -0.02904457226395607, -0.005015223752707243, 0.0011660229647532105, -0.03291364759206772, -0.027454540133476257, 0.015847312286496162, -0.014588537625968456, -0.006476065143942833, 0.18454962968826294, 0.010315327905118465, -0.0030343097168952227, 0.013581518083810806, 0.021332919597625732, 0.01605931669473648, 0.006409813649952412, -0.013621268793940544, -0.01488004345446825, 0.02230018936097622, 0.002110104076564312, 0.007234642747789621, -0.004948972724378109, -0.007181641645729542, 0.014350032433867455, 0.0027792423497885466, -0.03156212344765663, 0.004223520867526531, -0.015807561576366425, -0.002363515319302678, 0.013223760761320591, -0.016152068972587585, -0.008798173628747463, -0.006890135817229748, 0.04791294410824776, -0.011375349014997482, -0.006310436874628067, 0.00312706152908504, 0.006963012274354696, -0.013806772418320179, 0.012760001234710217, -0.04589890316128731, 0.008996927179396152, -0.011090468615293503, -0.009235432371497154, -0.0028902131598442793, 0.014350032433867455, -0.0031916566658765078, 0.01935863122344017, 0.01261424832046032, -0.026394519954919815, 0.017066337168216705, -0.023876970633864403, -0.02027289941906929, 0.012574497610330582, 0.0297600869089365, -0.011077218689024448, -0.014429534785449505, 0.005724112968891859, 0.01880212128162384, -0.040837306529283524, -0.0009937696158885956, 0.010202701203525066, 0.04600490629673004, 0.009937696158885956, -0.001987539231777191, 0.004392461385577917, -0.01681458204984665, 0.006469440180808306, 0.027666544541716576, -0.025679005309939384, 0.0268847793340683, -0.026553522795438766, -0.006767570972442627, -0.0039353277534246445, 0.02120041847229004, 0.005836740136146545, 0.015105297788977623, 0.02485748939216137, -0.016761580482125282, 1.9888331735273823e-05, -0.0018070043297484517, 0.006141495890915394, 0.01413802895694971, -0.03230413794517517, -0.013210509903728962, 0.003938640002161264, 0.022604946047067642, 0.0020090709440410137, 0.023823969066143036, 0.006843759678304195, 0.012183615006506443, 0.010858588851988316, -0.03892926871776581, -0.026089763268828392, -0.03731273487210274, -0.0055717346258461475, -0.010838713496923447, -0.005485608242452145, 0.007804404012858868, 0.0033026274759322405, -0.028408559039235115, -0.016364073380827904, -0.003138655563816428, 0.006456189788877964, 0.007817653939127922, -0.010368329472839832, 0.031694624572992325, -0.016350822523236275, 0.008837924338877201, -0.0064031886868178844, -0.03211863338947296, 0.0031933130230754614, 0.018338361755013466, -0.01570156030356884, -0.007579149212688208, -0.0032463138923048973, 0.02137267030775547, 0.0014136371901258826, -0.028064053505659103, -0.003208219539374113, -0.006648318376392126, 0.009447435848414898, 0.0028670253232121468, -0.013309887610375881, 0.02631501853466034, -0.013926024548709393, -0.019848890602588654, 0.02411547489464283, 0.00525041576474905, 0.01678808033466339, -0.017225340008735657, 0.013886273838579655, -0.0014053558697924018, -0.004866158589720726, 0.0089505510404706, -0.03818725422024727, 0.0084867924451828, -0.002840524772182107, -0.028196556493639946, 0.026911281049251556, -0.004717092961072922, -0.0037531363777816296, 0.007075639441609383, -0.012514871545135975, -0.014005525968968868, 0.011362099088728428, -0.013303262181580067, -0.010116574354469776, 0.007069014478474855, 0.0004209028265904635, 0.002020664745941758, 0.006264060735702515, 0.0244864821434021, 0.012627499178051949, -0.032039131969213486, 0.010295452550053596, 0.012740125879645348, -0.03596120700240135, -0.007963406853377819, -0.03013109415769577, -0.0046309661120176315, 0.012004736810922623, -0.015754560008645058, 0.0244864821434021, -0.019782640039920807, -0.01370077021420002, -0.04661441966891289, -0.0013366200728341937, 0.005687674507498741, -0.040651801973581314, -0.015330552123486996, 0.032065633684396744, -0.00025610270677134395, 0.0012571185361593962, -0.004044642206281424, -0.1696033477783203, 0.03577570617198944, -0.007055764086544514, -0.002216106280684471, 0.016536325216293335, 0.010202701203525066, 0.022869950160384178, -0.001798722892999649, -0.011362099088728428, 0.013912773691117764, 0.018166108056902885, 0.030555102974176407, -0.022591695189476013, 0.012057737447321415, 0.003922077361494303, -0.008612670004367828, -0.018364861607551575, 0.01771559938788414, 0.024605734273791313, 0.013482140377163887, 0.029283076524734497, 0.007970032282173634, 0.03455667942762375, 0.013488765805959702, 0.010401454754173756, 0.011653604917228222, -0.002631833078339696, -0.000927518296521157, -0.0065920050255954266, -0.01270037516951561, -0.001347385928966105, 0.01058695837855339, 0.017490344122052193, -0.005084787495434284, 0.0006935683777555823, -0.003464943263679743, 0.0015668433625251055, -0.016509825363755226, 0.00303762243129313, 0.0101496996358037, 0.0018997561419382691, 0.007506272755563259, 0.0022459193132817745, -0.007936906069517136, -0.0004198676615487784, 0.01933213137090206, 0.005419356748461723, -0.0042102704755961895, 0.010924840345978737, -0.002022321103140712, 0.017079586163163185, -0.020180147141218185, 0.000864579516928643, 0.0003376746317371726, 0.028196556493639946, 0.00857291929423809, -0.005820177029818296, -0.01052070688456297, 0.019795890897512436, -0.013886273838579655, -0.006098432466387749, -0.01572806015610695, 0.010302077978849411, -0.019305629655718803, -0.012355868704617023, -0.01562205795198679, -0.020166898146271706, -0.012740125879645348, -0.029521582648158073, 0.01470778975635767, 0.004336148034781218, -0.04165882244706154, 0.020524654537439346, 0.0006355984369292855, 0.010626709088683128, 0.005694299936294556, -0.016311071813106537, -0.010242451913654804, 0.0058798035606741905, -0.004644216503947973, 0.009652814827859402, 0.03233063593506813, -0.010182825848460197, 0.028408559039235115, -0.0006401532446034253, 0.003577570430934429, 0.02284345030784607, -0.0105008315294981, 0.022406190633773804, 0.01753009483218193, 0.03943277522921562, -0.0492909699678421, -0.02851456217467785, 0.019120126962661743, 0.02573200687766075, 0.013449015095829964, -0.007691776379942894, 0.0006298014777712524, 4.169173917034641e-05, 0.0038988892920315266, 0.008433790877461433, 0.0012819627299904823, 0.003845888189971447, 0.021664176136255264, 0.026248767971992493, 0.029362577944993973, 0.0018566928338259459, 0.011971610598266125, 0.011275972239673138, 0.01917312853038311, -0.003387097967788577, 0.011766231618821621, 0.02390347048640251, 0.01717233844101429, 0.01771559938788414, 0.02827605791389942, 0.01643032394349575, -0.0328606478869915, 0.006605254951864481, 0.006442939396947622, 0.054485075175762177, -0.016562826931476593, -0.012296242639422417, 0.00802965834736824, -0.009003552608191967, -0.010858588851988316, -0.11363423615694046, -0.03397366777062416, 0.034424178302288055, 0.005777114070951939, -0.03124411590397358, 0.027852049097418785, -0.018523864448070526, 0.015635307878255844, -0.014045276679098606, 0.012070988304913044, -0.01645682379603386, -0.0162713211029768, -0.023161455988883972, -0.0055253589525818825, 0.01178610697388649, -0.016377322375774384, -0.011646979488432407, -0.015264300629496574, -0.023148206993937492, 0.022883201017975807, -0.017265090718865395, -0.0259572621434927, 0.007420146372169256, -0.019252629950642586, -0.01915987767279148, 0.0038856391329318285, -0.024181727319955826, 0.019120126962661743, 0.019477883353829384, 0.00857954379171133, 0.012448620051145554, -0.025904260575771332, 0.010765837505459785, -0.035881705582141876, -0.018576866015791893, -0.007817653939127922, -0.04070480167865753, 0.014747540466487408, 0.012084238231182098, -0.023532463237643242, 0.004223520867526531, -0.03304615244269371, 0.011998111382126808, -0.01195836067199707, 0.025679005309939384, -0.0228567011654377, -0.018550366163253784, 0.003514631651341915, -0.004680654965341091, -0.023307209834456444, -0.03561670333147049, -0.006234247703105211, -0.027123283594846725, -0.030581602826714516, 0.03622621297836304, -0.003304283833131194, 0.00977206788957119, 0.010653209872543812, -0.014946294948458672, 0.010719461366534233, 0.00850666780024767, -0.011010967195034027, 0.001378855318762362, 0.026381269097328186, 0.0025390812661498785, 0.011819233186542988, 0.005035099107772112, -0.04380536451935768, 0.022048434242606163, 0.0016869239043444395, 0.008341039530932903, 0.045766402035951614, -0.030422599986195564, -0.022684447467327118, -0.015555806457996368, 0.004571340046823025, -0.02484424039721489, -0.027613544836640358, 0.03161512315273285, -0.0015212956350296736, -0.01341588981449604, -0.023837219923734665, -0.002651708433404565, -0.00553198391571641, 0.004415649455040693, 0.012349243275821209, -0.00326784560456872, -0.01213723886758089, 0.025453751906752586, -0.011905360035598278, -0.0030806856229901314, 0.02338671125471592, 0.029733585193753242, 0.000537049665581435, 0.0005101350252516568, -0.005710862576961517, -0.011746356263756752, 0.01918637752532959, 0.00940768513828516, -0.0231747068464756, -0.024234727025032043, -0.015529305674135685, -0.03903526812791824, 0.008831298910081387, -0.012673874385654926, 0.003418567357584834, -0.006124933250248432, -0.005826802458614111, -0.0013291668146848679, 0.009844943881034851, -0.023267459124326706, -0.0048595331609249115, -0.020895661786198616, 0.027163036167621613, -0.012627499178051949, 0.008420540951192379, -0.0317741259932518, -0.027348538860678673, 0.014323532581329346, 0.0075327735394239426, 0.006605254951864481, 0.02427447773516178, -0.01342251431196928, -0.009659440256655216, 0.024565983563661575, 0.008307913318276405, -0.004074455238878727, 0.004051267169415951, -0.017808351665735245, 0.003736573737114668, -0.022565195336937904, -0.0051510389894247055, 0.007088889833539724, -0.02614276483654976, 0.00556510966271162, 0.006863635033369064, -0.026778778061270714, -0.0013465577503666282, -0.0004550636513158679, 0.021982183679938316, -0.00038819125620648265, -0.01605931669473648, -0.035696204751729965, -0.01933213137090206, -0.00748639740049839, -0.009811818599700928, -0.01142835058271885, 0.00415726937353611, -0.03458318114280701, 0.003653759602457285, 0.009639564901590347, 0.002828930737450719, 0.021438922733068466, 0.018139608204364777, -0.0012745094718411565, -0.013018381781876087, -0.013820022344589233, -0.010732711292803288, 0.023638466373085976, -0.013402638956904411, -0.0077447774820029736, -0.01333638746291399, 0.015608808025717735, 0.02084266021847725, 0.016761580482125282, -0.009102929383516312, -0.003481506137177348, 0.013429139740765095, -0.028408559039235115, 0.020710157230496407, -0.0008074378129094839, -0.018934622406959534, -0.0076188999228179455, -0.008254912681877613, 0.020352400839328766, 0.006936511490494013, 0.024380480870604515, 0.0007262799190357327, -0.004286459647119045, -0.0017887852154672146, -0.03013109415769577, 0.013283386826515198, 0.03834625706076622, -0.0031618436332792044, -0.02430097945034504, 0.00452827662229538, 0.015635307878255844, -0.003165156114846468, 0.001219852128997445, 0.01252812147140503, -0.0066748191602528095, 0.01534380204975605, -0.04038679599761963, -0.0016952052246779203, 0.011103718541562557, 0.02227368950843811, 0.02321445755660534, -0.019835641607642174, -0.009838318452239037, -0.0064462521113455296, -0.012693749740719795, 0.014760791324079037, -0.0025076118763536215, -0.023505963385105133, -0.002269107149913907, -0.011070593260228634, 0.002101822756230831, 0.032251134514808655, -0.025453751906752586, 0.003158530918881297, -0.017079586163163185, 0.03890276700258255, 0.029124073684215546, -0.00301112188026309, 0.0032264385372400284, 0.004309647250920534, -0.007797778584063053, 0.007214767392724752, 0.006598629988729954, 0.0027245848905295134, -0.02390347048640251, 0.014946294948458672, 0.009745567105710506, 0.012866003438830376, 0.030793607234954834, -0.01012319978326559, 0.009361309930682182, -0.004452087916433811, 0.008129035122692585, -0.011772857047617435, -0.0015469680074602365, -0.00959981419146061, 0.003590820822864771, 0.011176595464348793, -0.043036848306655884, -0.017424093559384346, -0.021147416904568672, -0.023664966225624084, -0.010659835301339626, 0.028779566287994385, -0.016297820955514908, 0.07679851353168488, 0.006671506445854902, 0.006784133613109589, 0.0024281104560941458, 0.007777903228998184, 0.023148206993937492, 0.016589326784014702, 0.02430097945034504, -0.006191184278577566, -0.025440501049160957, 0.015410053543746471, -0.014482535421848297, 0.026248767971992493, -0.0213859211653471, -0.003272814443334937, 0.00885779969394207, 0.01259437296539545, 0.02502974309027195, -0.008645795285701752, -0.018166108056902885, 0.02923007681965828, 0.012720250524580479, 0.017463844269514084, -0.009798567742109299, -0.007546023465692997, -0.01787460222840309, 0.013833272270858288, -0.0013175727799534798, -0.022936202585697174, -0.04642891511321068, -0.004727030638605356, -0.0055054835975170135, -0.021995432674884796, -0.01917312853038311, 0.005684361793100834, -0.004803219810128212, -0.03219813480973244, -0.010706210508942604, -0.011448225937783718, 0.0034980690106749535, -0.010613459162414074, 0.024049224331974983, -0.019424883648753166, -0.026699276641011238, 0.055651094764471054, -0.016205068677663803, 0.001487341825850308, -0.022710947319865227, -0.03251614049077034]"
19117,"How to user inner query with mongoDB update operation?<p>i'm trying to write an update query to update a column/filed of a collection. My collection has 4 fields: _id, name, date1, date2.</p>
<p>I'm trying to write an update query to set date1 = date2 and i tried using inner query as shown below but didn't work.</p>
<pre><code>db.myCollection.updateMany(
    {},
    {
        '$set': 
                {
                 'date2':  db.myCollection.find({},{date1:1, _id:0}).limit(1)
                }
    }
);
</code></pre>
","I want to return the values from this into an array. If I can't use `return`, without ending my loop prematurely, how do I go about doing this?","Embed Field: How to user inner query with mongoDB update operation?<p>i'm trying to write an update query to update a column/filed of a collection. My collection has 4 fields: _id, name, date1, date2.</p>
<p>I'm trying to write an update query to set date1 = date2 and i tried using inner query as shown below but didn't work.</p>
<pre><code>db.myCollection.updateMany(
    {},
    {
        '$set': 
                {
                 'date2':  db.myCollection.find({},{date1:1, _id:0}).limit(1)
                }
    }
);
</code></pre>; Answer: I want to return the values from this into an array. If I can't use `return`, without ending my loop prematurely, how do I go about doing this?","[-0.02737080678343773, 0.026638386771082878, -0.009663875214755535, -0.01494679320603609, -0.03708215430378914, 0.034830641001462936, 0.013400573283433914, -0.03157544136047363, -0.034477993845939636, -0.01864958368241787, 0.021470757201313972, 0.026936780661344528, 0.005194756668061018, -0.009602840058505535, -0.005530449096113443, -0.007459833286702633, 0.0044013019651174545, 0.0026194187812507153, 0.0004357220896054059, -0.006239133421331644, -0.001242740429006517, 0.011006644926965237, -0.004167334176599979, -0.01417368371039629, -0.004926880821585655, -0.001625904580578208, 0.025688953697681427, -0.022935597226023674, 0.016750717535614967, 0.0076768468134105206, 0.025716081261634827, 0.023857904598116875, -0.01772727631032467, -0.042073462158441544, -0.011169405654072762, -0.021470757201313972, -0.0047200401313602924, -0.015163807198405266, 0.04063574597239494, 0.017415320500731468, 0.026597697287797928, -0.02087397128343582, 0.008015929721295834, -0.013441263698041439, -0.009779163636267185, 0.020548449829220772, 0.03214510157704353, -0.033637065440416336, -0.01950407400727272, 8.201578020816669e-05, 0.021701334044337273, 0.02773701772093773, -0.06488698720932007, 0.005079468246549368, -0.016398070380091667, -0.033935461193323135, 0.033311545848846436, 0.04698338732123375, -0.0013614195631816983, 0.01026066206395626, 0.009602840058505535, 0.02018224075436592, -0.006330686155706644, -0.00054973887745291, -0.02041281759738922, -0.016750717535614967, -0.009494333527982235, 4.524643372860737e-05, -0.0030178416054695845, 0.008429612033069134, 0.01973465085029602, 0.010572618804872036, -0.008592371828854084, 0.006354421842843294, 0.01955832727253437, -0.002892380813136697, -0.010918483138084412, 0.008924673311412334, 0.01793072745203972, 0.00011984476441284642, 0.0065443082712590694, -0.022935597226023674, -0.02783196046948433, 0.011854353360831738, 0.004126644227653742, 0.02883564680814743, 0.006089936941862106, 0.04882800206542015, 0.0019480338087305427, -0.00485228281468153, 0.007819261401891708, 0.008002366870641708, 0.03569869324564934, 0.007351326756179333, -0.00126139004714787, 0.021877657622098923, -0.005862751044332981, 0.03146693482995033, -0.005839014891535044, -0.01955832727253437, -0.016737153753638268, 0.0027957421261817217, -0.00894501805305481, -0.02750644087791443, -0.032823268324136734, 0.009107778780162334, 0.008572027087211609, -0.03518328815698624, 0.009107778780162334, -0.015828410163521767, 0.0037502616178244352, 0.002465135883539915, 0.020887533202767372, -0.010653998702764511, -0.004119862802326679, -0.00973847322165966, 0.004018137697130442, -0.043592553585767746, -0.00974525511264801, 0.01416011992841959, -0.005438896827399731, 0.0026414592284709215, 0.024468254297971725, -0.03822147473692894, 0.008219379931688309, -0.0003594283480197191, 0.0007748054340481758, -0.008327886462211609, 0.02073833718895912, -0.01836475357413292, 0.02937818132340908, 0.03179245442152023, 0.02796759456396103, 0.026950344443321228, -0.013339538127183914, -0.0009740169043652713, -0.012613900005817413, -0.001037594978697598, -0.025512630119919777, -0.021565699949860573, 0.031249919906258583, 0.015869099646806717, 0.005089641083031893, 0.002809305442497134, -0.043294161558151245, 0.007819261401891708, 0.013169996440410614, -0.0016716808313503861, 0.001513159368187189, -0.016153929755091667, 0.024088479578495026, 0.007208911702036858, -0.014377133920788765, 0.004136816598474979, 0.0008892460609786212, 0.00877547636628151, -0.006686723325401545, -0.006005166098475456, 0.011149059981107712, -0.016167493537068367, 0.03713640570640564, 0.007297073490917683, -0.012898730114102364, 0.014472076669335365, -0.002744879573583603, 0.034640755504369736, 0.001416520681232214, -0.007602248340845108, -0.01483828667551279, -0.023044103756546974, 0.005883095785975456, 0.01881234347820282, -0.034613627940416336, 0.02807610109448433, -0.01019962690770626, -0.006747758481651545, 0.007961676456034184, 0.012288380414247513, -0.02776414342224598, -0.012769878841936588, -0.031277045607566833, 0.00897214561700821, -0.0008078660466708243, 0.04017459228634834, -0.025105729699134827, -0.04448773339390755, -0.008321105502545834, -0.016791407018899918, -0.00040202567470259964, -0.007893860340118408, 0.0033009762410074472, -0.00048192220856435597, 0.015380820259451866, -0.008090528659522533, -0.5876721143722534, -0.008829730562865734, 0.021348686888813972, -0.032796140760183334, 0.0017615379765629768, -0.005140503402799368, -0.011718720197677612, 0.025648264214396477, -0.022854216396808624, 0.03016485460102558, -0.010518365539610386, 0.023532383143901825, -0.0011698375456035137, 0.007534431759268045, 0.0025990738067775965, -0.015909790992736816, 0.00952824205160141, -0.02742506004869938, -0.030300486832857132, -0.0010265747550874949, -0.013929544016718864, 0.030191980302333832, 0.01722543314099312, 0.010667561553418636, -0.022623639553785324, -0.0056423465721309185, -0.02707241289317608, -0.026217924430966377, -0.004377565812319517, 0.043701060116291046, -0.05064548924565315, 0.030544627457857132, 0.021660644561052322, 0.004940444137901068, 0.04524727910757065, -0.0025363434106111526, -0.03605134040117264, -0.002504130359739065, -0.011277912184596062, 0.03510190546512604, -0.010158936493098736, 0.001045224373228848, 0.021036731079220772, -0.015041736885905266, -0.02041281759738922, 0.002956806682050228, 0.016276000067591667, 0.009379045106470585, 0.0010816758731380105, -0.02859150804579258, 0.00855168141424656, 0.021280869841575623, -0.010396295227110386, 0.009270538575947285, 0.00674436753615737, -0.001691178185865283, 0.034477993845939636, -0.010362386703491211, 0.024576760828495026, -0.008483865298330784, 0.00500826071947813, 0.001277496456168592, -0.03702789917588234, 0.013203904964029789, -0.01959901675581932, 0.0020531495101749897, 0.002549906726926565, 0.015638522803783417, 0.0005556727992370725, -0.003777388483285904, 0.015285876579582691, -0.0003623953089118004, 0.01032169722020626, 0.022067543119192123, 0.03016485460102558, 0.006144190207123756, 0.005449069198220968, -0.021809840574860573, -0.03160256892442703, 0.012064585462212563, 0.01938200369477272, -0.016181057319045067, -0.034749262034893036, 0.007032588589936495, 0.01832406409084797, 0.005133721977472305, -0.021416503936052322, -0.01508242730051279, 0.01820199377834797, -0.0025143029633909464, 0.008755131624639034, 0.033257294446229935, 0.0008731395937502384, -0.03420672565698624, 0.00014326271775644273, 0.004411474335938692, 0.00855168141424656, 0.004970961716026068, 0.021402940154075623, -0.007771790027618408, -0.023776523768901825, -0.02737080678343773, 0.015204496681690216, 0.01472978014498949, 0.03860124573111534, 0.004028310067951679, -0.01953119970858097, 0.012335851788520813, 0.01958545297384262, -0.02962232008576393, -0.020968914031982422, -0.011223658919334412, -0.022664330899715424, -0.003689226694405079, -0.023179737851023674, -0.030707387253642082, 0.014187246561050415, -0.011772973462939262, -0.005523667670786381, 0.014580583199858665, 0.011867917142808437, -0.004136816598474979, 0.01802567020058632, -0.01502817403525114, 0.003046663710847497, 0.030191980302333832, 0.01468909066170454, -0.006086545996367931, -0.0026736720465123653, -0.008015929721295834, 0.0019344704924151301, -0.035074781626462936, 0.032769013196229935, -0.01365827675908804, -0.0008540661656297743, -0.0024413999635726213, 0.00952146016061306, 0.0026329820975661278, 0.007541213650256395, -0.023885030299425125, 0.001013859175145626, 0.0035942834801971912, 0.05021145939826965, -0.0005268507520668209, 0.024549633264541626, -0.03922516107559204, -0.05924464017152786, 0.0032297687139362097, -0.025716081261634827, 0.016804970800876617, -0.023559510707855225, -0.000766328361351043, 0.0029279845766723156, 0.025960220023989677, 0.00744626997038722, 0.0024413999635726213, 0.007432706654071808, -0.02057557739317417, -0.01938200369477272, -0.033799827098846436, -0.014187246561050415, 0.031195666640996933, -0.015570706687867641, 0.0005060819094069302, 0.0038757226429879665, -0.02872714027762413, -0.013007236644625664, 0.00032679157448001206, 0.01036916859447956, -0.007636156864464283, 0.0033806608989834785, 0.01774084009230137, -0.011488143354654312, -0.04123253375291824, 0.01995166391134262, 0.009894452057778835, -0.04869236797094345, 0.0047132582403719425, -0.008171908557415009, -0.0027262300718575716, 0.00727672828361392, 0.017605207860469818, 0.006456146948039532, 0.0022786399349570274, 0.005221883300691843, 0.0005158305284567177, 0.006795230321586132, 0.01828337274491787, -0.01982959359884262, 0.03960493579506874, 0.014146557077765465, 0.00722247501835227, -0.006456146948039532, -0.03455937281250954, 0.0009850370697677135, 0.0008498276001773775, 0.03957780823111534, 0.006059419363737106, 0.01902935653924942, 0.016194621101021767, 0.0067816670052707195, 0.010796413756906986, 0.01866314746439457, 0.0005221883184276521, 0.004574234131723642, -0.044433481991291046, -0.016221746802330017, -0.005449069198220968, 0.03873687982559204, 0.004011355806142092, -0.0071614403277635574, -0.024034226313233376, -0.007439488545060158, -0.021023167297244072, -0.010586181655526161, 0.04901788756251335, -0.016086112707853317, 0.013122525066137314, -0.009501115418970585, 0.033067408949136734, -0.00967743806540966, 0.014322880655527115, 0.010525146499276161, 0.01026066206395626, -0.007670064922422171, 0.004096126649528742, -0.016669336706399918, 0.020833279937505722, -0.0014639922883361578, -0.01745600998401642, -0.0007239429396577179, 0.013448045589029789, 0.025159982964396477, 0.025417687371373177, 0.02897128090262413, 0.01913786306977272, 0.009785945527255535, -0.012559646740555763, 0.02929680049419403, -0.010864229872822762, -0.01847326010465622, 0.024481816217303276, 0.015475763939321041, -0.02861863374710083, 0.01382781844586134, 0.0007311484660021961, 0.025648264214396477, 0.01727968640625477, -0.0038146874867379665, 0.015326566994190216, -0.015299440361559391, 0.008449956774711609, -0.01774084009230137, -0.012641026638448238, 0.01917855441570282, -0.02815748006105423, 0.0031839925795793533, 0.02818460762500763, 0.004886190872639418, 0.026353556662797928, 0.012607118114829063, -0.04939766228199005, 0.010803195647895336, -0.01421437319368124, 0.0007425924995914102, 0.023451004177331924, 0.015706339851021767, -0.015353693626821041, -0.012647808529436588, -0.0034620407968759537, 0.01383460033684969, -0.04698338732123375, -0.0014216068666428328, -0.03556305915117264, 0.01813417673110962, 0.0033145395573228598, 0.00459797028452158, 0.0036180191673338413, -0.00222269119694829, 0.042670246213674545, -0.035074781626462936, 0.006941035855561495, -0.005828842520713806, -0.008273633196949959, 0.004326703492552042, 0.0015809760661795735, -0.010965955443680286, 0.04033735394477844, 0.01378034707158804, 0.03776032105088234, 0.0007718384731560946, 0.023803651332855225, 0.007785353343933821, -0.02851012721657753, -0.0037061809562146664, 0.01388885360211134, 0.03610559552907944, 0.006378157529979944, 0.01879877969622612, 0.005062514450401068, -0.007941331714391708, 0.023586636409163475, -0.022121796384453773, -0.014322880655527115, 0.04614246264100075, -0.00935191847383976, 0.0011579695856198668, -0.033772699534893036, 0.022582950070500374, 0.009765599854290485, -0.01367184054106474, -0.025973783805966377, -0.007208911702036858, 0.002570251701399684, -0.0008689010282978415, 0.007636156864464283, -0.02780483290553093, 0.00045098084956407547, 0.00962318480014801, -0.0027313162572681904, -0.01972108706831932, -0.015882663428783417, -0.025716081261634827, 0.03559018671512604, 0.016099676489830017, 0.00912812352180481, 0.006581607740372419, 0.00968421995639801, 0.00013542140368372202, -0.0009121341863647103, -0.016330253332853317, -0.02861863374710083, 0.011922170408070087, -0.017171179875731468, -0.01745600998401642, -0.008273633196949959, -0.007493741810321808, -0.0015029868809506297, 0.017374631017446518, -0.003970665857195854, -0.010457330383360386, -0.033365800976753235, -0.026692640036344528, -0.011589868925511837, -0.0056152199395000935, -0.00011634796828730032, 0.01985672116279602, 0.03477638587355614, 0.021307997405529022, -0.009338355623185635, 0.01394310686737299, -0.01768658682703972, 0.011637340299785137, -0.04863811284303665, -0.002914421260356903, 0.002744879573583603, 0.04996732249855995, 0.011013426817953587, -0.022827090695500374, 0.051160894334316254, 0.007703973446041346, 0.015896227210760117, 0.015557143837213516, 0.006330686155706644, -0.03542742878198624, 0.034586500376462936, 0.00222269119694829, 0.0014385610120370984, 0.016438759863376617, -0.008348232135176659, -0.024373309686779976, -0.0031585614196956158, 0.0033772699534893036, 0.02031787298619747, -0.03493914753198624, -0.007330982014536858, -0.02052132412791252, -0.01839188113808632, 0.01988384686410427, 0.0052049290388822556, -0.00934513658285141, -0.023166174069046974, 0.00363836414180696, -0.024142732843756676, -0.0005713553982786834, -0.016086112707853317, 0.052842747420072556, 0.00967743806540966, 0.0011079547693952918, -0.031846705824136734, -0.01896153949201107, 0.01439069677144289, 0.008700878359377384, 0.01468909066170454, -0.010240316390991211, -0.016248874366283417, -0.013081835582852364, 0.016642211005091667, 0.03165682032704353, 0.021497882902622223, 0.00986054353415966, 0.006212006788700819, 0.00042131103691644967, -0.005550794303417206, -0.007690410129725933, -0.02731655351817608, 0.001692025805823505, -0.00923663005232811, -0.007080059964209795, 0.0024464863818138838, -0.010959173552691936, 0.007269946858286858, -0.02031787298619747, 0.02905265986919403, 0.006656205747276545, -0.00037956141750328243, 0.015543580055236816, -0.0057949344627559185, 0.022013289853930473, 0.005489759147167206, 0.0047471667639911175, 0.021118110045790672, 0.004584406968206167, 0.00744626997038722, 0.012620681896805763, 0.01354298833757639, -0.01775440387427807, -0.007405580021440983, 0.008490647189319134, 0.02039925381541252, 0.01858176663517952, 0.01353620644658804, -0.012315507046878338, -0.006218788214027882, 0.0070664966478943825, -0.02061626687645912, 0.009501115418970585, -0.003719744272530079, 0.022718584164977074, -0.015095990151166916, 6.69689616188407e-05, 0.016194621101021767, -0.00925019383430481, 0.01843257062137127, 0.022216740995645523, -0.01874452643096447, 0.042453233152627945, -0.016058987006545067, -0.011291475035250187, -0.01879877969622612, -0.009989394806325436, -0.0061679258942604065, -0.004302967805415392, 0.006161144468933344, 0.01824268326163292, -0.005832233466207981, -0.004153770860284567, -0.010599745437502861, -0.02916116639971733, -0.016954166814684868, 0.025526193901896477, 0.003122957656159997, 0.01422793697565794, 0.003170429263263941, 0.0052422285079956055, -0.043104272335767746, -0.006072982680052519, -0.01959901675581932, -0.004733603447675705, -0.015679214149713516, 0.00442842859774828, 0.014200810343027115, 0.013210686855018139, 0.012261253781616688, 0.016004733741283417, 0.0027737016789615154, -0.01455345656722784, 0.0009604535298421979, -0.02807610109448433, -0.024875152856111526, 0.0006209463463164866, 0.004357221070677042, 0.01991097442805767, 0.025065040215849876, 0.012118838727474213, -0.02708597667515278, 0.023139046505093575, -0.022691456601023674, 0.010837103240191936, 0.03502052649855614, -0.003170429263263941, -0.008531336672604084, -0.011793318204581738, 0.00372313498519361, 0.01871740072965622, 0.007412361912429333, 0.02872714027762413, 0.01746957376599312, 0.0030941355507820845, 0.05636921525001526, -0.021090984344482422, 0.013475172221660614, -0.013346320018172264, -0.03578007221221924, -0.008355013094842434, 0.04001183435320854, -0.027004597708582878, -0.026638386771082878, -0.02842874638736248, 0.009155250154435635, 0.008144781924784184, 0.0028194780461490154, 0.01740175671875477, -0.00974525511264801, 0.012600337155163288, 0.01942269317805767, 0.006052637472748756, -0.016940603032708168, -0.004438600968569517, -0.011264348402619362, -0.0030737905763089657, -0.02967657335102558, -0.002058235928416252, 0.03618697449564934, -0.016181057319045067, 0.010050429962575436, 0.0020497587975114584, -0.0037875608541071415, -0.01395667064934969, 0.02730298973619938, -0.008748349733650684, 0.015001046471297741, 0.0007697191904298961, -0.00895858183503151, -0.009548586793243885, -0.013637932017445564, -0.01974821276962757, -0.009318009950220585, 0.03203659504652023, 0.040852759033441544, 0.020724773406982422, 0.01435000728815794, -0.022365937009453773, -0.009311228059232235, 0.024929407984018326, -0.03876400738954544, 0.023803651332855225, 0.024251241236925125, 0.010477675125002861, 0.03515616059303284, 0.016574393957853317, -0.022569386288523674, -0.016560830175876617, 0.013000455684959888, 0.016601519659161568, 0.03550880774855614, 0.042426105588674545, -0.016248874366283417, -0.03583432734012604, -0.0016894827131181955, -0.001915820874273777, 0.024196987971663475, -0.022799963131546974, 0.021633516997098923, 0.01968039758503437, -0.033989712595939636, 0.005445678252726793, 0.01763233356177807, -0.042588867247104645, -0.013115743175148964, -0.0034891676623374224, 0.024142732843756676, -0.01889372430741787, 0.0004853130376432091, -0.04484038054943085, 0.007249601650983095, -0.01845969632267952, 0.03550880774855614, 0.010735378600656986, 0.006011947523802519, -0.03133130073547363, -0.026896091178059578, 0.00744626997038722, 0.031629692763090134, -0.007581903599202633, 0.013020800426602364, -0.02954094111919403, 0.006910518277436495, 0.006527354475110769, -5.43063142686151e-05, -0.01780865713953972, -0.014363570138812065, -0.0033009762410074472, 0.031738199293613434, -0.03982194885611534, 0.012491830624639988, -0.009955487214028835, -0.006876610219478607, -0.0012647808762267232, -0.008219379931688309, -0.022840654477477074, -0.010660780593752861, -0.01501461025327444, 0.004926880821585655, 0.02842874638736248, 0.03146693482995033, 0.003587501822039485, -0.011393200606107712, -0.006005166098475456, 0.005659300833940506, -0.02823886089026928, 0.0014249976957216859, 0.0037333075888454914, -0.01722543314099312, -0.013217468746006489, -0.008314323611557484, 0.015462200157344341, 0.021633516997098923, -0.008388921618461609, 0.012274816632270813, 0.015218060463666916, -0.004075781907886267, -0.01883947104215622, 0.021836966276168823, -0.003879113355651498, -0.006469710264354944, -0.007798916660249233, -0.007751445285975933, 0.002454963279888034, -0.0019022575579583645, -0.009819853119552135, -0.030300486832857132, -0.022474443539977074, -0.006218788214027882, 0.0065443082712590694, 0.003146693343296647, -0.03013772703707218, -0.020779026672244072, -0.0075615583918988705, 0.012674935162067413, 0.013149651698768139, -0.023518821224570274, -0.025783896446228027, 0.020955350250005722, -0.012207000516355038, 0.01822911947965622, 0.006907127797603607, -0.017211871221661568, -0.012546083889901638, -0.01966683380305767, 0.026163671165704727, -0.02970370091497898, -0.02745218761265278, -0.003124652896076441, 0.008375358767807484, 0.015041736885905266, -0.002907639602199197, -0.01942269317805767, -0.02883564680814743, 0.007425925228744745, -0.016126804053783417, 0.02720804698765278, -0.006435801740735769, -0.012939420528709888, 0.001583519158884883, 0.023016976192593575, 0.003926584962755442, -0.0013292067451402545, -0.031982339918613434, -0.032714761793613434, -0.02092822454869747, -0.04782431572675705, -0.005323608405888081, -1.2119580787839368e-06, -0.016086112707853317, 0.01943625696003437, 0.01885303296148777, -0.009440080262720585, -0.03984907269477844, 0.004489463288336992, -0.02913404069840908, -0.029947839677333832, 0.0032958900555968285, -0.015977606177330017, 0.03702789917588234, 0.026217924430966377, -0.021226616576313972, 0.05647772178053856, 0.016967730596661568, -0.0017081323312595487, -0.04020171985030174, 0.0038757226429879665, 0.002941547892987728, -0.010857448913156986, 0.008097310550510883, -0.0028788174968212843, -0.033284422010183334, 0.0020887532737106085, -0.0024363137781620026, -0.012301943264901638, 0.02870001457631588, 0.015611397102475166, -0.013149651698768139, -0.007982022128999233, 0.0034162646625190973, -0.015326566994190216, -0.000998600386083126, 0.007303854916244745, 0.016113240271806717, -0.023193299770355225, -0.005347344093024731, 0.0037061809562146664, -0.004041873384267092, 0.007310636807233095, -0.001892085070721805, 0.010857448913156986, -0.005608438514173031, 0.01920568011701107, 0.004347048234194517, -0.0025143029633909464, -0.010606526397168636, -0.022203177213668823, 0.021809840574860573, 0.011637340299785137, 0.007765008602291346, 0.03651249408721924, 0.0034077875316143036, -0.00037277975934557617, -0.031629692763090134, 0.01387528982013464, -0.005900050047785044, -0.016072550788521767, 0.0013156433124095201, -2.3629871066077612e-05, 0.0030059737619012594, -0.017198307439684868, 0.01844613440334797, -0.02039925381541252, 0.012301943264901638, 0.016276000067591667, 0.0011647512437775731, -0.03765181452035904, -0.0038757226429879665, -0.012301943264901638, -0.02856438048183918, -0.013502298854291439, -0.004920099396258593, 0.011006644926965237, -0.005486368201673031, -0.02008729614317417, -0.012613900005817413, -0.007364890072494745, -0.004787856712937355, 0.023952847346663475, -0.007832825183868408, -0.03672950714826584, 0.0014843372628092766, 0.024427562952041626, -0.00912134163081646, -0.007358108647167683, 0.22146211564540863, 0.009609621949493885, 0.0006938492879271507, 0.009202721528708935, -0.014241499826312065, 0.020765462890267372, 0.015421510674059391, -0.011766191571950912, -0.031738199293613434, -0.004272450227290392, -0.015150243416428566, 0.015502890571951866, -0.008043056353926659, -0.0077107553370296955, 0.02007373422384262, -0.01405161339789629, -0.044297847896814346, -0.016235310584306717, -0.03645823895931244, 0.00023460328520741314, 0.04980456084012985, -0.0006671464652754366, -0.01776796765625477, -0.015977606177330017, 0.016425196081399918, -0.0011774669401347637, 0.030734512954950333, 9.123460768023506e-05, 0.014580583199858665, 0.011942515149712563, -0.013244595378637314, -0.009331573732197285, -0.000816766987554729, 0.00031725486041978, -0.03228073567152023, -0.022162487730383873, 0.02030431106686592, 0.0076768468134105206, -0.0005823756218887866, 0.026882527396082878, -0.011800100095570087, -0.03613271936774254, 0.0012240908108651638, 0.0023142436984926462, -0.01001652143895626, 0.005777980200946331, -0.023315370082855225, 0.024291930720210075, -9.245319233741611e-05, 0.03569869324564934, -0.02810322679579258, -0.012220563367009163, 0.03968631476163864, -0.013129306957125664, -0.013047927059233189, -0.00990801490843296, 0.04530153423547745, 0.00941295363008976, -0.006039074156433344, 0.025132857263088226, -0.016181057319045067, 0.006941035855561495, 0.012403668835759163, 0.005967866629362106, -0.014187246561050415, -0.0022074326407164335, -0.005598266143351793, -0.007263164967298508, 0.011393200606107712, 0.010979518294334412, 0.023668017238378525, -0.007527650333940983, 0.001707284594886005, -0.007670064922422171, 0.01879877969622612, -0.01767302304506302, 0.01900223083794117, 0.01797141693532467, -0.002814391627907753, 0.012708843685686588, -0.033989712595939636, -0.041910700500011444, -0.0033179305028170347, -0.0033535342663526535, -0.04456911236047745, 0.0032857174519449472, -3.808064775512321e-06, -0.025824587792158127, -0.031765326857566833, -0.011088024824857712, -0.003726525930687785, 0.02837449312210083, 0.010762505233287811, -0.014634836465120316, -0.012925856746733189, -0.009555368684232235, 0.015706339851021767, 0.01416011992841959, -0.016425196081399918, -0.009155250154435635, -0.03607846796512604, 0.026462063193321228, 0.01931418664753437, 0.011528833769261837, 0.0035434209275990725, 0.015163807198405266, -0.010755723342299461, 0.010382731445133686, 0.01919211633503437, -0.025946656242012978, 0.02880852110683918, -0.022298119962215424, 0.0031755154486745596, -0.016737153753638268, -0.0017055892385542393, 0.0071614403277635574, 0.023084793239831924, -0.03499339893460274, -0.008741568773984909, -0.01837831735610962, 0.025566883385181427, -0.02880852110683918, -0.009053525514900684, 0.015923352912068367, -0.021158799529075623, -0.00936548225581646, -0.03135842829942703, 0.0010019912151619792, 0.00014082554844208062, -0.02848299965262413, 0.0020921442192047834, -0.005577920936048031, -0.004052045755088329, -0.033881206065416336, -0.02807610109448433, 0.01974821276962757, 0.008192253299057484, -0.032796140760183334, 0.004679350182414055, -0.0028008283115923405, 0.0031602566596120596, -0.011461016722023487, 0.023573074489831924, 0.014472076669335365, 0.002919507445767522, -0.007914205081760883, 0.00996905006468296, 0.006378157529979944, 0.0004446230304893106, -0.02799472026526928, 0.0009138296009041369, -0.006239133421331644, 0.025241363793611526, -0.01782222092151642, 0.020819716155529022, -0.021619953215122223, 0.008022711612284184, -0.052679985761642456, -0.00717500364407897, 0.015123116783797741, -0.022786401212215424, 0.008931455202400684, 0.010342041961848736, -0.011420327238738537, -0.02870001457631588, -0.00947398878633976, -0.17013846337795258, 0.030788768082857132, 0.051215145736932755, -0.010335260070860386, 0.004798029083758593, 0.01768658682703972, 0.008585589937865734, -0.00447589997202158, -0.02734368108212948, -0.010158936493098736, -0.011589868925511837, -0.00734454533085227, -0.062120068818330765, -0.012810568325221539, -0.012980110011994839, 0.03141267970204353, 0.01410586666315794, 0.015638522803783417, 0.023369623348116875, 0.03510190546512604, 0.030653133988380432, -0.020656956359744072, 0.017537390813231468, -0.023586636409163475, -0.006900345906615257, 0.023125484585762024, 0.0006472253007814288, 0.0003443815221544355, -0.012410449795424938, -0.01394310686737299, -0.0014334748266264796, 0.012362978421151638, 0.025919530540704727, -0.017537390813231468, 0.0036790543235838413, -0.012681717053055763, 0.007249601650983095, -0.005435505881905556, 0.0024668313562870026, -0.002232863800600171, 0.0027347072027623653, 0.01755095273256302, -0.014661964029073715, 0.020955350250005722, -0.0021853921934962273, 0.023179737851023674, 0.004072390962392092, -0.0003653622989077121, 0.016276000067591667, -0.01771371439099312, 0.012952983379364014, -0.03930654004216194, -0.013203904964029789, -0.003851986723020673, 0.006652815267443657, 0.020548449829220772, -0.016113240271806717, 0.011522051878273487, -0.03203659504652023, -0.02894415333867073, -0.01900223083794117, -0.0006200986681506038, -0.004018137697130442, -0.01456702034920454, -0.006588389165699482, 0.023139046505093575, -0.011664466932415962, 0.009765599854290485, -0.021335123106837273, 0.01902935653924942, -0.012478266842663288, 0.009955487214028835, 0.011596649885177612, 0.0009078956209123135, 0.015991169959306717, -0.00973847322165966, 0.0008951800409704447, -0.01984315738081932, 0.017211871221661568, 0.015516453422605991, -0.030463246628642082, 0.043402668088674545, 0.0024142733309417963, 0.050672613084316254, -0.01772727631032467, 0.004692913498729467, 0.010240316390991211, -0.006707068532705307, -0.012898730114102364, -0.0034654317423701286, 0.022203177213668823, -0.031141413375735283, -0.012010332196950912, 0.005683036986738443, -0.0013190341414883733, 0.005408379249274731, 0.022664330899715424, 0.024237677454948425, 0.01733393967151642, 0.0019514246378093958, 0.011861135251820087, -0.00489975418895483, -0.015394384041428566, 0.017306813970208168, 0.020480632781982422, 0.014485640451312065, -0.012783441692590714, -0.00686643784865737, 0.04638659954071045, 0.015747031196951866, -0.030843021348118782, 0.001412282115779817, -0.012112056836485863, 0.032063718885183334, 0.008158344775438309, 0.024020664393901825, -0.0033264076337218285, 0.006540917791426182, 0.02038569003343582, -0.0061407992616295815, 0.032063718885183334, -0.030653133988380432, -0.005917004309594631, 0.023383187130093575, -0.00358411087654531, -0.00495400745421648, -0.07074634730815887, -0.010871011763811111, 0.0014190637739375234, 0.022081106901168823, -0.023478129878640175, -0.01376678328961134, -0.01779509335756302, 0.023084793239831924, -0.021484320983290672, 0.01965327002108097, -0.043402668088674545, -0.02012798748910427, 0.013163215480744839, 0.01958545297384262, 0.005839014891535044, 0.0004963332321494818, -0.015462200157344341, 0.015638522803783417, -0.0075886850245296955, 0.03808584064245224, -0.0002449877210892737, -0.012037458829581738, 0.011250785551965237, -0.005601656623184681, 0.008619498461484909, 0.015652086585760117, -0.015692776069045067, 0.020548449829220772, 0.02878139354288578, -0.022203177213668823, -0.010891356505453587, -0.022189613431692123, 0.01483828667551279, -0.01018606312572956, -0.02848299965262413, -0.01959901675581932, -0.012254471890628338, -0.021050292998552322, 0.011386418715119362, -0.033392928540706635, -0.0005094727384857833, 0.024536071345210075, 0.0023311979603022337, 0.012973328121006489, 0.011698375456035137, -0.033257294446229935, -0.01888016052544117, 0.010647216811776161, 0.012627463787794113, -0.03588858246803284, -0.04125966131687164, 0.007995584979653358, -0.04098839312791824, -0.01394310686737299, 0.01738819293677807, 0.023383187130093575, 0.01449920330196619, -0.0025109120178967714, 0.0035434209275990725, 0.024481816217303276, -0.033203039318323135, 0.0009418039699085057, -0.002666890388354659, 0.025431251153349876, 0.007663283497095108, 0.015570706687867641, -0.005096422508358955, -0.021280869841575623, -0.004235150758177042, 0.009277320466935635, -0.014526329934597015, 0.01867671124637127, -0.03550880774855614, 0.020968914031982422, -0.01837831735610962, 0.024454690515995026, -0.022406626492738724, -0.01848682388663292, 0.00028588963323272765, 0.024888716638088226, 0.006578216794878244, -0.0003422622394282371, -0.013637932017445564, -0.02864576131105423, 0.032199352979660034, -0.023464567959308624, 0.008565245196223259, -0.00911455973982811, 0.00990801490843296, -0.03238924220204353, -0.007019025273621082, 0.0010850667022168636, 0.016723589971661568, -0.03892676904797554, 0.012573210522532463, 0.004540326073765755, -0.03637685999274254, 0.010213189758360386, -0.004024919122457504, -0.01799854449927807, -0.006910518277436495, -0.016113240271806717, -0.051269400864839554, 0.022203177213668823, 0.002226082142442465, -0.023885030299425125, 0.01433644350618124, 0.012084930203855038, -0.002977151656523347, -0.025743206962943077, 0.006778276059776545, 0.02003304287791252, -0.00952146016061306, 0.03762468695640564, -0.021457193419337273, -0.010226753540337086, 0.008178690448403358, 0.010552273131906986, -0.0016716808313503861, 0.021864093840122223, 0.004787856712937355, 0.01433644350618124, 0.00930444709956646, -0.01378034707158804, 0.01799854449927807, 0.011210095137357712, -0.022203177213668823, 0.0037875608541071415, 0.01494679320603609, 0.020779026672244072, -0.015624959953129292, -0.01496035698801279, 0.02945956028997898, -0.02954094111919403, 0.024088479578495026, 0.031168540939688683, 0.03898102045059204, -0.023925719782710075, 0.013325975276529789, 0.03990332782268524, 0.004994697403162718, -0.0006417152471840382, 0.001997200772166252, -0.025037914514541626, 0.0029974966309964657, -0.007073278538882732, 0.01422793697565794, -0.0017988370964303613, -0.008266852237284184, -0.000862967106513679, -0.007486959919333458, 0.009053525514900684, 0.042751628905534744, 0.016262436285614967, -0.033392928540706635, -0.006496836896985769, -0.0007654806249774992, -0.03469500690698624, 0.002809305442497134, 0.01909717358648777, -0.00722247501835227, 0.015448637306690216, 0.053656548261642456, -0.006530744954943657, 0.004723431076854467, -0.008409266360104084, 0.00487601850181818, -0.02753356657922268, -0.0061068907380104065, 0.009385826997458935, 0.030544627457857132, -0.026896091178059578, -0.006032292731106281, -0.010592963546514511, 0.0018276592018082738, 0.006849483586847782, 0.010891356505453587, 0.01774084009230137, -0.006245915312319994, -0.005903440993279219, 0.01013180986046791, 0.016994856297969818, 0.01932775042951107, -0.03154831379652023, -0.0047505577094852924, 0.013197124004364014, 0.022488007321953773, 0.04074425250291824, -0.0021938690915703773, 0.026163671165704727, 0.01744244620203972, 0.006469710264354944, -0.0031839925795793533, 0.015760593116283417, -0.01799854449927807, 0.015543580055236816, -0.003889285959303379, -0.026421373710036278, -0.025960220023989677, -0.010294570587575436, 0.006303559057414532, 0.016411634162068367, 0.024549633264541626, 0.01888016052544117, -0.006178098265081644, 6.77636853652075e-05, -0.025526193901896477, 0.016181057319045067, -0.025010786950588226, -0.016520140692591667, -0.0031839925795793533, 0.03005634807050228, -0.006846092641353607, -0.0035976741928607225, -0.01968039758503437, 0.0077378819696605206, 0.00885007530450821, -0.01024709828197956, 0.0047166491858661175, -0.01798498071730137, -0.013122525066137314, 0.003556984243914485, -0.0014792510773986578, 0.01410586666315794, 0.021253744140267372, -0.01410586666315794, 0.01829693652689457, 0.011182968504726887, -0.025675389915704727, -0.00739879859611392, 0.021809840574860573, 0.023518821224570274, 0.017659461125731468, -0.014024486765265465, -0.0014470381429418921, -0.007914205081760883, -0.0071614403277635574, -0.041096899658441544, -0.0035468116402626038, -0.017184743657708168, -0.026245050132274628, 0.061631787568330765, 0.011277912184596062, -0.0010426812805235386, 0.022406626492738724, -0.007941331714391708, -0.008015929721295834, 0.0020378909539431334, -0.00506929587572813, -0.025295617058873177, -0.010864229872822762, 0.004458945710211992, -0.013739656656980515, -0.01809348724782467, -0.026529880240559578, -0.013292066752910614, 0.006825747434049845, 0.021240180358290672, -0.0016843965277075768, -0.021335123106837273, 0.002190478378906846, 0.003472213400527835, 0.022406626492738724, 0.01803923398256302, -0.010043648071587086, 0.0034891676623374224, 0.012485048733651638, 0.006622297689318657, -0.00979950837790966, -0.021931910887360573, -0.020968914031982422, 0.006540917791426182, 0.008388921618461609, -0.02975795418024063, -0.009609621949493885, -0.003851986723020673, -0.0016665946459397674, -0.012491830624639988, 0.01832406409084797, 0.011060898192226887, 0.016560830175876617, 0.00890432856976986, 0.00991479679942131, -0.032334987074136734, -0.00952824205160141, -0.03694652020931244, 0.00456067081540823, 0.007134313229471445, -0.030870147049427032, -0.03602421283721924]","[-0.021373197436332703, 0.03376806154847145, -0.006488765124231577, -0.011567216366529465, -0.019598718732595444, 0.036628417670726776, 0.00012921664165332913, -0.035516057163476944, -0.015665732324123383, -0.018208269029855728, 0.021585075184702873, 0.014209071174263954, 0.008408909663558006, -0.023068221285939217, -0.0013970708241686225, -0.00011256020661676303, 0.005839888472110033, 0.003135132836177945, 0.013004014268517494, -0.00436005275696516, 0.00408196309581399, 0.0020591896027326584, -0.0016718502156436443, -0.012871591374278069, -0.006386136636137962, -0.012580258771777153, 0.025001607835292816, -0.023333068937063217, 0.027199843898415565, 0.009911919943988323, 0.023266857489943504, 0.012580258771777153, -0.014831462875008583, -0.0346420593559742, -0.011732746846973896, -0.012361759319901466, -0.0011198085267096758, -0.015202249400317669, 0.034324243664741516, 0.008468500338494778, 0.029186200350522995, -0.022273678332567215, 0.017916936427354813, -0.009706662967801094, -0.024829458445310593, 0.01873796433210373, 0.02575642429292202, -0.027517659589648247, -0.01104414276778698, -0.002367075067013502, 0.006392757873982191, 0.035833872854709625, -0.05037400498986244, 0.013156302273273468, -0.015798157081007957, -0.03795265406370163, 0.035463087260723114, 0.049552977085113525, -0.006634430959820747, 0.01423555612564087, -0.007925562560558319, 0.006515249609947205, -0.006319924723356962, -0.0012100222520530224, -0.015096310526132584, -0.02407464198768139, -0.0037773882504552603, -0.002097261603921652, -0.0026368885301053524, 0.012527288869023323, 0.02852408029139042, 0.0034562605433166027, -0.013268861919641495, 0.00653180293738842, 0.01721508987247944, 0.0005603181198239326, -0.01800963282585144, 0.007932184264063835, 0.016619183123111725, -9.802463318919763e-05, 0.01117656659334898, -0.02518700249493122, -0.017969906330108643, 0.006912521086633205, 0.013719103299081326, 0.020750805735588074, 0.0029199442360550165, 0.03800562396645546, 0.004250803031027317, -0.0008334421436302364, 0.020234351977705956, 0.009448436088860035, 0.05304896458983421, 0.009143861941993237, -0.002448184648528695, 0.01963844522833824, -0.0009344152640551329, 0.028206264600157738, -0.006664226297289133, -0.020009232684969902, -0.014963886700570583, -0.0022214087657630444, -0.018459875136613846, -0.020658109337091446, -0.027994386851787567, 0.00627026567235589, 0.014513645321130753, -0.036363568156957626, 0.006406000349670649, -0.02706741914153099, 0.0018903494346886873, -0.004846710246056318, 0.020764047279953957, -0.019598718732595444, 0.007455458398908377, -0.009991373866796494, 0.005485654808580875, -0.04015088826417923, -0.0016213635681197047, 0.007793139200657606, -0.004068720620125532, -0.004072031006217003, 0.02990128844976425, -0.03548957034945488, 0.01138844434171915, -0.008150683715939522, 0.0013871390838176012, -0.023359553888440132, 0.01212339662015438, -0.020658109337091446, 0.0460834726691246, 0.03450963646173477, 0.019651688635349274, 0.030166136100888252, -0.01680457778275013, 0.0003424395981710404, -0.009911919943988323, -0.005396268796175718, -0.0238760057836771, -0.022207466885447502, 0.013441013172268867, 0.020552169531583786, 0.004194523207843304, 0.006091493647545576, -0.025729939341545105, 0.01049458421766758, 0.012302168644964695, 0.0076011247001588345, 0.0033817721996456385, -0.019294144585728645, 0.021121591329574585, 0.01363964844495058, -0.014487161301076412, -0.008839286863803864, 0.011454656720161438, 0.018181784078478813, -0.004621589556336403, -0.007409110199660063, 0.012586879543960094, -0.021333470940589905, 0.013719103299081326, 0.00809109304100275, -0.0034430180676281452, 0.018300965428352356, -0.010150282643735409, 0.041183795779943466, -0.0068396879360079765, -0.010752810165286064, -0.02460433728992939, -0.025941817089915276, 0.007104535587131977, 0.018724720925092697, -0.01983708143234253, 0.02265770733356476, -0.008905499242246151, -0.00955437496304512, 0.008428772911429405, 0.013268861919641495, -0.01002447959035635, -0.0071641262620687485, -0.0400979183614254, 0.018340691924095154, -0.0007324690232053399, 0.0335032157599926, -0.028047354891896248, -0.03000722825527191, -0.015784913673996925, -0.008680378086864948, 0.001050286111421883, -0.009673556312918663, 0.002916633617132902, 0.00039333998574875295, 0.0072766863740980625, -0.013546952046453953, -0.6021574139595032, -0.023889249190688133, 0.009786116890609264, -0.02659069374203682, -0.0029298760928213596, 0.013652890920639038, -0.0012091945391148329, 0.02953050099313259, -0.03056340664625168, 0.03281461074948311, -0.016950244084000587, 0.03355618566274643, 0.0030192621052265167, 0.0027064108289778233, -0.00238859374076128, -0.016778092831373215, 0.01806260272860527, -0.014857947826385498, -0.027623599395155907, -0.0033519768621772528, -0.0023852833546698093, 0.011699640192091465, 0.011381823569536209, 0.0068396879360079765, -0.013056984171271324, -0.008104334585368633, -0.028232749551534653, -0.014434191398322582, 0.017625603824853897, 0.04513002187013626, -0.05198957398533821, 0.02990128844976425, 0.025981545448303223, -0.0076276096515357494, 0.04438845068216324, -0.007150883786380291, -0.031861159950494766, 0.0016859201714396477, 0.0023935597855597734, 0.02990128844976425, -0.007323034573346376, -0.0029033913742750883, 0.016195427626371384, -0.007799760438501835, -0.01465931162238121, 0.003207965986803174, 0.020168140530586243, -0.008753211237490177, 0.0046149687841534615, -0.024670548737049103, 0.009574239142239094, 0.011567216366529465, -0.006197432521730661, 4.38653769379016e-05, 0.002875251229852438, -0.009044543839991093, 0.023054979741573334, -0.020168140530586243, 0.017307788133621216, -0.006349720060825348, 0.017572635784745216, -0.0033503214363008738, -0.03501284494996071, 0.0038171152118593454, -0.025716697797179222, 0.019307386130094528, -0.010050964541733265, 0.015586278401315212, -0.0012514046393334866, -0.0011727780802175403, 0.005591593682765961, -0.0035953056067228317, 0.009574239142239094, 0.0200489591807127, 0.029768865555524826, 0.0026915131602436304, 0.0077401697635650635, -0.01669863797724247, -0.02921268530189991, 0.01172612514346838, 0.018830660730600357, -0.010819022543728352, -0.03273515775799751, -0.008104334585368633, 0.025849120691418648, 0.005790229421108961, -0.0184201467782259, -0.018261238932609558, 0.010560795664787292, -0.008263243362307549, 0.01329534687101841, 0.023213887587189674, -0.003505919361487031, -0.04004494845867157, 0.01041513029485941, 0.0013664477737620473, -0.001741372630931437, -0.004661316983401775, 0.02612721174955368, -0.01214325986802578, -0.02130698598921299, -0.014103132300078869, 0.006852930411696434, 0.009203452616930008, 0.02549157664179802, 0.002989466767758131, -0.019386840984225273, 0.018393661826848984, 0.03225843235850334, -0.02345225028693676, -0.009097513742744923, -0.01957223378121853, -0.026829056441783905, 0.013116574846208096, -0.018314208835363388, -0.030219106003642082, 0.013262241147458553, -0.010640250518918037, 0.0012803723802790046, 0.009832465089857578, 0.014460676349699497, -0.006495386362075806, 0.012567016296088696, -0.016844304278492928, 0.0011222915491089225, 0.013652890920639038, 0.022710677236318588, -0.0031450646929442883, 0.005217496771365404, -0.007428973913192749, 0.0025143963284790516, -0.028285717591643333, 0.02995425835251808, -0.009435193613171577, -0.001356516033411026, -0.01484470535069704, 0.0031533411238342524, 0.009666935540735722, 0.011494383215904236, -0.007998395711183548, -0.014765250496566296, -0.0074422163888812065, 0.04968539997935295, 0.013050363399088383, 0.038138046860694885, -0.038508832454681396, -0.0598025768995285, 0.0071641262620687485, -0.031861159950494766, 0.017784513533115387, -0.018565813079476357, -0.005816714372485876, -0.004985755309462547, 0.024789730086922646, 0.004353431519120932, -0.0009542788029648364, 0.011163324117660522, -0.018777690827846527, -0.012527288869023323, -0.03125201165676117, -0.015930579975247383, 0.03448314964771271, -0.006657605525106192, 8.974814409157261e-05, -0.003439707448706031, -0.020022474229335785, -0.006121288985013962, 0.0029993983916938305, 0.014248798601329327, -0.01259350124746561, -0.005565109197050333, 0.019823839887976646, 0.00010935307363979518, -0.03805859386920929, 0.03220546245574951, 0.0008516504312865436, -0.03927689045667648, 0.014341494999825954, -0.00200953078456223, -0.0005359024507924914, 0.00032919723889790475, 0.024008430540561676, 0.013176165521144867, -0.006303371861577034, 0.011845306493341923, 5.14176681463141e-05, -0.0029845007229596376, 0.010620386339724064, -0.0373699888586998, 0.04465329647064209, 0.012057185173034668, 0.013705860823392868, -0.009858950041234493, -0.04319663718342781, 0.0044494387693703175, 0.0025408812798559666, 0.040336281061172485, 0.0164470337331295, 0.03125201165676117, 0.01212339662015438, 0.005790229421108961, 0.003014296293258667, 0.01853932812809944, -0.0062868185341358185, 0.00764085166156292, -0.04401766136288643, -0.006660915911197662, -0.005535313859581947, 0.03978010267019272, 0.0009584170766174793, 0.0029199442360550165, -0.03276164084672928, -0.013176165521144867, -0.02407464198768139, 0.005191011819988489, 0.03972713276743889, -0.018128814175724983, 0.011395066045224667, -0.003449639305472374, 0.026630422100424767, -0.005952448584139347, 0.01957223378121853, 0.019148478284478188, 0.0036714491434395313, -0.0008086126763373613, -0.0010420095641165972, -0.00105690723285079, 0.021227531135082245, 0.009415330365300179, -0.004982444457709789, 0.0025772976223379374, 0.009580859914422035, 0.0014790080022066832, 0.027199843898415565, 0.018605539575219154, 0.022578254342079163, -0.005290329921990633, -0.015189006924629211, 0.026921752840280533, -0.008461879566311836, -0.01457985769957304, 0.016831062734127045, 0.015096310526132584, -0.033688608556985855, 0.009236558340489864, -0.0009600723860785365, 0.03355618566274643, 0.012090290896594524, -0.0069787329994142056, 0.02497512474656105, -0.017652088776230812, 0.004509029444307089, -0.02435273304581642, -0.015506824478507042, 0.020591897889971733, -0.04573917016386986, 0.005899479147046804, 0.023518461734056473, 0.00030829908791929483, 0.033900488168001175, 0.014699039049446583, -0.05230738967657089, 0.005022171884775162, -0.010726326145231724, 0.0018075845437124372, 0.018446631729602814, 0.012719303369522095, -0.009130619466304779, -0.012851727195084095, 0.000586802838370204, 0.01439446397125721, -0.045580264180898666, 0.0050023081712424755, -0.0582134909927845, 0.014699039049446583, 0.008912120014429092, 0.003158306935802102, 0.014116374775767326, 0.010613765567541122, 0.031755220144987106, -0.031384434551000595, -0.0026633732486516237, -0.011673156172037125, -0.01607624627649784, 0.00860754493623972, -0.0029249100480228662, -0.027623599395155907, 0.035410117357969284, 0.005088383331894875, 0.04160755127668381, 0.0049989973194897175, 0.024313004687428474, 0.005224118009209633, -0.02628611959517002, -0.007395867723971605, 0.00402899319306016, 0.03260273486375809, -9.264491382054985e-05, 0.012136639095842838, 0.009978131391108036, -1.334583339485107e-05, 0.014778492972254753, -0.017599118873476982, -0.02900080755352974, 0.04592456668615341, -0.01769181713461876, 0.0021419546101242304, -0.017201848328113556, 0.03233788534998894, 0.009216695092618465, -0.008064608089625835, -0.016314608976244926, -0.01457985769957304, -0.005234049633145332, 0.003014296293258667, -0.0005027964944019914, -0.017519665881991386, 0.0012613364960998297, 0.021320227533578873, -0.005644563585519791, -0.009236558340489864, -0.017347514629364014, -0.022167740389704704, 0.026723118498921394, 0.004141553770750761, 0.01272592507302761, 0.016579456627368927, 0.00979273859411478, 0.008634029887616634, 0.007753412239253521, -0.014831462875008583, -0.03689326345920563, 0.0205786544829607, -0.015202249400317669, -0.00824338011443615, -0.007236959412693977, -0.007468700874596834, -0.002423355123028159, 0.00989205576479435, 0.0006207364494912326, -0.007144262548536062, -0.029451048001646996, -0.042852334678173065, -0.018499601632356644, 0.011745988391339779, 0.00228431005962193, 0.03514527156949043, 0.027835477143526077, 0.02380979433655739, -0.005677669309079647, 0.016155701130628586, -0.013679375872015953, 0.01214325986802578, -0.04277287796139717, -0.01164667122066021, 0.007329655811190605, 0.05010915547609329, 0.015626005828380585, -0.01254053134471178, 0.056041739881038666, 0.013772072270512581, 0.010501204989850521, 0.016195427626371384, 0.0007130192825570703, -0.02460433728992939, 0.026564208790659904, 0.0004883126821368933, -0.004740771371871233, 0.009097513742744923, -0.01979735493659973, -0.021187804639339447, 0.0017976528033614159, 0.00346950301900506, 0.010487963445484638, -0.026259634643793106, -0.008686999790370464, -0.01374558825045824, -0.01431501004844904, 0.01926765963435173, 0.004300462082028389, -0.016354335471987724, -0.02182343788444996, 0.004989065695554018, -0.04163403436541557, 0.003027538536116481, -0.018181784078478813, 0.05193660408258438, 0.007329655811190605, 0.0020293942652642727, -0.024882426485419273, -0.027358751744031906, 0.011944624595344067, -0.009958268143236637, 0.014420948922634125, -0.014023677445948124, -0.008475122042000294, -0.01450040377676487, 0.026842299848794937, 0.03511878475546837, 0.015639247372746468, 0.009567617438733578, 0.009415330365300179, -0.00647883303463459, 0.013374801725149155, -0.01465931162238121, -0.028259234502911568, 0.005406200420111418, -0.01062700804322958, -0.007349519524723291, -0.005624699871987104, -0.01193800289183855, 0.005767055321484804, -0.03522472456097603, 0.038508832454681396, 0.00942195113748312, -0.003254314186051488, 0.014209071174263954, -0.009150482714176178, 0.016367578878998756, -0.006207364611327648, 0.003459571162238717, 0.026392057538032532, 0.0008698586607351899, 0.007872593589127064, 0.001845656312070787, 0.024564610794186592, -0.02953050099313259, -0.006621188949793577, 0.006369583774358034, 0.016473516821861267, 0.02178371138870716, 0.021757226437330246, -0.025928575545549393, 0.006505317986011505, 0.009468300268054008, -0.018300965428352356, 0.015573035925626755, -0.0013995537301525474, 0.020446231588721275, 0.004694422706961632, -0.0035688206553459167, 0.02256501093506813, -0.01627488248050213, 0.007342898286879063, 0.005071830470114946, -0.011487762443721294, 0.038085076957941055, -0.014381222426891327, -0.008355939760804176, -0.022949039936065674, -0.021426167339086533, -0.005270466208457947, -0.00877307541668415, 0.007746791001409292, 0.02334631234407425, -0.009852329269051552, 0.0036251009441912174, -0.01994302123785019, -0.03660193085670471, -0.005366473458707333, 0.026312604546546936, 0.008203652687370777, 0.00503872474655509, -0.007720306050032377, -0.007495185825973749, -0.0466926246881485, -0.0006554977153427899, -0.024220308288931847, 0.0024663927033543587, -0.01696348562836647, 0.0011744333896785975, 0.005717396270483732, 0.00785272940993309, 0.010454856790602207, 0.01900281198322773, -0.0012323687551543117, -0.01172612514346838, -0.004168038256466389, -0.021598318591713905, -0.030589891597628593, -0.0027312403544783592, 0.018195027485489845, 0.01177909504622221, 0.021333470940589905, 0.011315611191093922, -0.02419382333755493, 0.025584273040294647, -0.008561196736991405, 0.016010034829378128, 0.027544144541025162, -0.00402899319306016, -0.0035754418931901455, -0.021108349785208702, 0.004542135633528233, 0.019453052431344986, 0.003459571162238717, 0.03612520545721054, 0.013288726098835468, -0.0029613266233354807, 0.0505593977868557, -0.007872593589127064, 0.013248998671770096, -0.008826044388115406, -0.03978010267019272, 0.0012207817053422332, 0.03527769446372986, -0.02293579839169979, -0.03930337727069855, -0.026405300945043564, 0.002646820154041052, 0.01047472096979618, 0.006786718498915434, 0.022896070033311844, -0.005260534584522247, 0.014963886700570583, 0.016526486724615097, -0.003264246042817831, -0.014420948922634125, -0.008018259890377522, -0.01559952087700367, -0.0048665739595890045, -0.02627287618815899, 0.013891253620386124, 0.02727929688990116, -0.009964888915419579, 0.009170345962047577, 0.0011479485547170043, -0.006081562023609877, -0.01800963282585144, 0.030166136100888252, 0.003055678680539131, 0.01612921617925167, 0.0016453653806820512, -0.016063004732131958, -0.00934249721467495, -0.01450040377676487, -0.011759230867028236, -0.014871190302073956, 0.037661321461200714, 0.028762444853782654, 0.015162521973252296, 0.014142858795821667, -0.01659269817173481, -0.017466695979237556, 0.027861962094902992, -0.03710514307022095, 0.044573843479156494, 0.012699440121650696, 0.01957223378121853, 0.03223194554448128, 0.020605139434337616, -0.020446231588721275, -0.009772874414920807, 0.0019449741812422872, 0.012315411120653152, 0.03194061294198036, 0.04576565697789192, -0.024313004687428474, -0.02852408029139042, -0.01146127749234438, 0.011057385243475437, 0.009951646439731121, -0.019386840984225273, 0.010375402867794037, 0.028100324794650078, -0.02047271654009819, -0.002494532847777009, 0.014606342650949955, -0.05466453358530998, -0.008071228861808777, -0.0017993079964071512, 0.0214129239320755, -0.027054177597165108, 0.0041250004433095455, -0.03564848005771637, 0.009984753094613552, -0.018605539575219154, 0.02559751644730568, 0.009024680592119694, 0.007865971885621548, -0.02272392064332962, -0.022220710292458534, -0.004078652244061232, 0.023862764239311218, -0.0230417363345623, 0.004651384893804789, -0.028762444853782654, 0.005018861033022404, -0.006055077072232962, 0.007362762000411749, -0.0200489591807127, -0.015175764448940754, -0.006406000349670649, 0.027914931997656822, -0.03382103145122528, 0.006574840284883976, -0.006697332486510277, -0.01172612514346838, -0.0044759237207472324, -0.0030589892994612455, -0.021810196340084076, -0.022167740389704704, -0.012990772724151611, 0.008561196736991405, 0.01962520368397236, 0.03805859386920929, 0.00822351686656475, -0.008541333489120007, -0.014752008952200413, -0.007005217485129833, -0.026577452197670937, 0.0007337104761973023, -0.0023836279287934303, -0.015308188274502754, -0.012964287772774696, 0.009117376990616322, 0.012626606971025467, 0.022220710292458534, 0.003717797575518489, 0.012235957197844982, 0.015784913673996925, 0.0007883352809585631, -0.014076647348701954, 0.025610757991671562, -1.966958552657161e-05, -0.01616894267499447, -0.01800963282585144, -0.007654094137251377, 0.0006492903339676559, -0.014778492972254753, 0.00218499219045043, -0.037608351558446884, -0.025994786992669106, -0.010540932416915894, 0.01632785238325596, 0.0024879116099327803, -0.023002009838819504, -0.006899278610944748, -0.007952047511935234, 0.013209271244704723, 0.00960734486579895, -0.030457468703389168, -0.0175858773291111, 0.015745187178254128, -0.0192146897315979, 0.012891454622149467, 0.00764085166156292, -0.009455057792365551, -0.012970908544957638, -0.021849922835826874, 0.028259234502911568, -0.03141091763973236, -0.026352331042289734, -0.0043103937059640884, -0.0029050465673208237, 0.024935396388173103, 0.0068661728873848915, -0.010660113766789436, -0.02334631234407425, 0.011659913696348667, -0.01036216039210558, 0.026709875091910362, -0.0008127508917823434, -0.01857905648648739, 0.005565109197050333, 0.009693420492112637, -0.003492677118629217, 0.010150282643735409, -0.026656905189156532, -0.025637242943048477, -0.01030919048935175, -0.047725528478622437, -0.011428171768784523, -3.8563252019230276e-05, -0.00832283403724432, 0.010315812192857265, 0.014778492972254753, -0.00469773355871439, -0.03477448225021362, -0.006958869285881519, -0.02125401608645916, -0.016605941578745842, 0.0014136238023638725, -0.009984753094613552, 0.03768780454993248, 0.027782507240772247, -0.021849922835826874, 0.04849358648061752, 0.022591495886445045, -0.009693420492112637, -0.02529294043779373, -0.0002627784269861877, -0.011620186269283295, -0.013056984171271324, 0.015745187178254128, -0.00023194852110464126, -0.03114607185125351, 0.0021883028093725443, 0.0038502211682498455, -0.006389447022229433, 0.022856343537569046, 0.010984552092850208, -0.01586436852812767, -0.007177368737757206, 0.010123797692358494, -0.0184201467782259, -0.0012605087831616402, 0.012375001795589924, 0.0178507249802351, -0.03586035966873169, -0.009223315864801407, 0.010666735470294952, 0.004297151695936918, -0.0003920985327567905, 0.00579685065895319, 0.004879815969616175, -0.014765250496566296, 0.009766253642737865, -0.002415078692138195, 0.002754414454102516, 0.0005379715585149825, -0.03946228325366974, 0.010302569717168808, 0.006081562023609877, 0.014195828698575497, 0.030378013849258423, -0.004790429957211018, 0.002737861592322588, -0.02297552488744259, 0.019876807928085327, -0.023637643083930016, -0.008931983262300491, 0.0020310496911406517, -0.0008880669483914971, 0.0036317219492048025, -0.006369583774358034, 0.007448837161064148, -0.021863164380192757, 0.01287821214646101, 0.0211480762809515, 0.004992376547306776, -0.02857705019414425, 0.006220606621354818, -0.017810998484492302, -0.029848318547010422, -0.01439446397125721, -0.0011446380522102118, 0.019029296934604645, -0.002347211353480816, -0.027358751744031906, -0.009382224641740322, -0.020869987085461617, -0.0010618731612339616, 0.008521470241248608, -0.0004378260928206146, -0.04399117827415466, -0.006415931973606348, 0.025875605642795563, 0.0007283307495526969, -0.007236959412693977, 0.21600966155529022, 0.026312604546546936, 0.014328252524137497, 0.00680658221244812, -0.012447834946215153, 0.030854739248752594, 0.006316613871604204, -0.010719704441726208, -0.023571431636810303, 0.0027660015039145947, -0.018075846135616302, 0.022578254342079163, 0.0012207817053422332, -0.00409520510584116, 0.008938604965806007, 0.0016023276839405298, -0.034006424248218536, -0.02527969889342785, -0.0378996841609478, -0.010295948944985867, 0.040389250963926315, -0.006041834596544504, -0.011613565497100353, -0.015136037953197956, 0.011487762443721294, 0.005618078634142876, 0.02600802853703499, 0.0004998997319489717, 0.018155299127101898, -7.102259405655786e-05, -0.014990371651947498, 0.009044543839991093, -0.0030987162608653307, 0.000744883727747947, -0.023955460637807846, -0.023306583985686302, 0.019717900082468987, 0.007918941788375378, -0.004558688495308161, 0.011620186269283295, -0.02632584609091282, -0.03607223555445671, 0.00803812313824892, -0.006223917473107576, -0.005584972910583019, 0.01857905648648739, -0.023995187133550644, 0.027914931997656822, 0.004555377643555403, 0.030854739248752594, -0.03114607185125351, -0.011640049517154694, 0.03268218785524368, -0.013540331274271011, -0.007256822660565376, -0.006846309173852205, 0.04271990805864334, 0.00872010551393032, -0.002737861592322588, 0.031490374356508255, -0.018128814175724983, -0.00422762893140316, 0.009911919943988323, -0.003628411330282688, 0.0016999902436509728, 0.004717596806585789, -0.001416934421285987, -0.008183789439499378, 0.015294945798814297, -0.0019466294907033443, 0.023160917684435844, -0.02210152894258499, -0.004876505583524704, -0.0025475022848695517, 0.023386038839817047, -0.014116374775767326, 0.01863202452659607, 0.01989005133509636, 0.0010478030890226364, 0.015824642032384872, -0.026087483391165733, -0.026312604546546936, 0.012884832918643951, -0.006121288985013962, -0.037979137152433395, 0.0015659111086279154, -0.015109553001821041, -0.019876807928085327, -0.024313004687428474, -0.014487161301076412, -0.014328252524137497, 0.020605139434337616, 0.009600724093616009, -0.027729539200663567, -0.003691312624141574, -0.011381823569536209, 0.013374801725149155, 0.006932384800165892, -0.005608147010207176, -0.009011438116431236, -0.031834676861763, 0.005243981722742319, 0.010852128267288208, 0.013626406900584698, 0.005386337172240019, 0.017095908522605896, -0.00877307541668415, 0.0031400988809764385, 0.025690212845802307, -0.02020786888897419, 0.03313243016600609, -0.010580659843981266, 0.0034330864436924458, -0.012752409093081951, -0.0010163524420931935, 0.006879414897412062, 0.01957223378121853, -0.04460032656788826, -0.014275282621383667, -0.021452652290463448, 0.03697271645069122, -0.03265570476651192, -0.022022074088454247, 0.015824642032384872, -0.020115170627832413, -0.0156524907797575, -0.027967901900410652, 0.00104035425465554, -0.002648475579917431, -0.04030979797244072, -0.0013598266523331404, -0.010183388367295265, 0.007912321016192436, -0.025729939341545105, -0.026829056441783905, 0.007210474461317062, 0.008991573937237263, -0.02749117650091648, 0.0037773882504552603, -0.009229937568306923, 0.005204254295676947, -0.005058587994426489, 0.006379515398293734, 0.014910916797816753, 0.009647072292864323, -0.01721508987247944, 0.00942195113748312, 0.0017595809185877442, -0.004307083319872618, -0.02439245954155922, 0.004893058445304632, -0.002608748385682702, 0.023889249190688133, -0.00613784184679389, 0.035569027066230774, -0.02412761189043522, 0.004184591118246317, -0.06531140953302383, -0.007058187387883663, 0.018764449283480644, -0.023942219093441963, 0.004343499895185232, 0.019492778927087784, -0.022737162187695503, -0.013229135423898697, -0.00035775109427049756, -0.16526487469673157, 0.025372395291924477, 0.05326084420084953, -0.003734350437298417, -0.0009824188891798258, 0.019333871081471443, 0.012202850542962551, -0.004664627369493246, -0.017506422474980354, -0.009858950041234493, -0.007779896724969149, -0.002916633617132902, -0.0576837956905365, 0.0010618731612339616, -0.01800963282585144, 0.04460032656788826, 0.0013465842930600047, -0.0022942419163882732, 0.02857705019414425, 0.03548957034945488, 0.02749117650091648, -0.02192937768995762, 0.010878613218665123, -0.02591533213853836, -0.0031318222172558308, 0.027676569297909737, -0.001348239602521062, -0.005621389485895634, -0.008971710689365864, -0.01926765963435173, -0.004108447581529617, 0.0186452679336071, 0.015241976827383041, -0.004134932532906532, 0.012096911668777466, -0.013202650472521782, 0.003274177899584174, 0.0017976528033614159, 0.00033209400135092437, 0.0014285214710980654, -0.0025475022848695517, 0.020856743678450584, -0.008594303391873837, 0.008614166639745235, -0.008024880662560463, 0.029662925750017166, 0.018234753981232643, 0.003449639305472374, 0.015189006924629211, 0.003289075568318367, 0.019016053527593613, -0.024644063785672188, -0.009448436088860035, -0.009905298240482807, 0.006568219047039747, 0.013189407996833324, -0.010242979042232037, 0.011150081641972065, -0.026670148596167564, -0.02309470623731613, -0.02073756232857704, -0.00798515323549509, -0.002309139585122466, -0.0029927773866802454, 0.007342898286879063, 0.01643379032611847, -0.010977931320667267, 0.016063004732131958, -0.01806260272860527, 0.018910115584731102, -0.025054577738046646, 0.01017676666378975, 0.0029265654738992453, -0.004899679683148861, 0.0033172154799103737, -0.014871190302073956, 0.003054023254662752, -0.013944223523139954, 0.01806260272860527, 0.017109151929616928, -0.025888847187161446, 0.030801769345998764, 0.0020922955591231585, 0.04367336258292198, -0.016950244084000587, 0.006237159948796034, 0.004512340296059847, -0.007667336612939835, -0.005396268796175718, -0.015056583099067211, 0.02424679324030876, -0.029398078098893166, -0.02079053223133087, -0.004528893157839775, -0.0045388247817754745, -0.004949338734149933, 0.007124399300664663, 0.02733226679265499, 0.020380018278956413, -0.014910916797816753, 0.010752810165286064, -0.006035213358700275, -0.016407305374741554, 0.019651688635349274, 0.02334631234407425, 0.021757226437330246, -0.005482344422489405, -0.006319924723356962, 0.04362039268016815, 0.015957064926624298, -0.017162121832370758, 0.012229335494339466, -0.009196830913424492, 0.02968941070139408, 0.0027312403544783592, 0.02261798083782196, -0.0009997994638979435, 0.008647272363305092, 0.00586306257173419, -0.006144463084638119, 0.0362311452627182, -0.026352331042289734, 0.0027345509734004736, 0.032126009464263916, -0.0019002811750397086, -0.0038899483624845743, -0.07002568989992142, -0.008892256766557693, 0.011017657816410065, 0.03858828917145729, -0.029768865555524826, -0.007230338174849749, -0.02423355169594288, 0.016831062734127045, -0.036363568156957626, 0.01616894267499447, -0.033052973449230194, -0.015877610072493553, 0.014473918825387955, 0.009282906539738178, 0.0018986258655786514, 0.0004589311429299414, -0.004651384893804789, 0.008653894066810608, -0.005495586898177862, 0.02868298999965191, 0.0037939411122351885, -0.008521470241248608, 0.007058187387883663, -0.003135132836177945, -0.0003767870366573334, 0.011169945821166039, -0.01586436852812767, 0.02403491549193859, 0.030033711344003677, -0.020247595384716988, -0.01769181713461876, -0.02093619853258133, 0.005095004569739103, -0.00015797742526046932, -0.019545748829841614, -0.015003614127635956, -0.017241574823856354, -0.012315411120653152, 0.015016855672001839, -0.027941416949033737, 0.003976023755967617, 0.02905377559363842, 0.0034959877375513315, 0.024365974590182304, 0.007382625248283148, -0.030351528897881508, -0.01214325986802578, 0.017559392377734184, -0.0030192621052265167, -0.028444627299904823, -0.025001607835292816, 0.014910916797816753, -0.0362311452627182, -0.035198237746953964, 0.01733427308499813, 0.02077729068696499, 0.018923357129096985, 0.01643379032611847, -0.005022171884775162, 0.010679977014660835, -0.02655096724629402, -0.017003212124109268, -0.008806181140244007, 0.03382103145122528, 0.007594503462314606, 0.006382825784385204, 0.0016544695245102048, -0.016155701130628586, -0.009435193613171577, 0.005157906096428633, -0.017678573727607727, 0.024365974590182304, -0.038455862551927567, 0.013917738571763039, -0.018777690827846527, 0.033158913254737854, -0.0162219125777483, -0.02318740263581276, 0.006578151136636734, 0.026630422100424767, 0.0009517958969809115, -0.003255969611927867, -0.018777690827846527, -0.02219422534108162, 0.02759711444377899, -0.021585075184702873, 0.009633829817175865, -0.004591794218868017, 0.013255619443953037, -0.029080260545015335, -0.0012977529549971223, -0.001306857098825276, 0.005753812845796347, -0.042534515261650085, 0.01017676666378975, 0.004694422706961632, -0.02873595990240574, 0.006670847535133362, -0.01559952087700367, -0.023266857489943504, -0.010057585313916206, -0.018208269029855728, -0.055088289082050323, 0.015109553001821041, 0.011772473342716694, -0.009620587341487408, 0.00811095628887415, 0.013586679473519325, -0.005343299359083176, -0.011335475370287895, 0.006108046509325504, 0.02204855903983116, -0.022366374731063843, 0.03458908945322037, -0.02733226679265499, -0.019360356032848358, 0.0005727328243665397, 0.01382504217326641, -0.001239817589521408, 0.02921268530189991, 0.007793139200657606, 0.011467899195849895, 0.008667136542499065, -0.016208669170737267, 0.013341695070266724, 0.012514046393334866, -0.019956262782216072, 0.010355539619922638, 0.02015489898622036, 0.025147274136543274, -0.011156703345477581, -0.003555578412488103, 0.025955060496926308, -0.022631222382187843, 0.019664930179715157, 0.016923759132623672, 0.022896070033311844, -0.02968941070139408, 0.018102329224348068, 0.04438845068216324, -0.0027411722112447023, 0.001594051136635244, 0.007515049073845148, -0.029504017904400826, 6.041834785719402e-05, 0.0076276096515357494, 0.011653291992843151, 0.0025723318103700876, -0.00979273859411478, 0.002648475579917431, 0.005356541834771633, 0.01321589294821024, 0.04859952628612518, 0.016870789229869843, -0.037608351558446884, -0.0156524907797575, 0.000761436705943197, -0.03268218785524368, -0.0001743234897730872, 0.02616693824529648, -0.009117376990616322, 0.011540732346475124, 0.042534515261650085, 0.0011016002390533686, 0.0036151690874248743, -0.00036292392178438604, 0.017400484532117844, -0.0373699888586998, -0.006859551649540663, 0.011931382119655609, 0.031225526705384254, -0.02497512474656105, -0.009402087889611721, -0.020962683483958244, 0.00469773355871439, 0.006852930411696434, 0.00409520510584116, 0.018830660730600357, 0.0062901293858885765, -0.0016983349341899157, -0.0006405999884009361, 0.019095508381724358, 0.02245907299220562, -0.01628812402486801, -0.013705860823392868, 0.012262441217899323, 0.022220710292458534, 0.03906501457095146, -0.004873194731771946, 0.029662925750017166, 0.016685396432876587, 0.016725122928619385, -0.005257223732769489, 0.011553974822163582, -0.011216294020414352, 0.006316613871604204, -0.010454856790602207, -0.023015251383185387, -0.015957064926624298, -0.007501807063817978, 0.0032377613242715597, 0.01836717687547207, 0.038138046860694885, 0.009627208113670349, -0.006766854785382748, -0.00039002939593046904, -0.025875605642795563, 0.011745988391339779, -0.028868382796645164, -0.017943421378731728, -0.006276886910200119, 0.03276164084672928, -0.003002709010615945, -0.0017281302716583014, -0.016711879521608353, 0.0076011247001588345, 0.025584273040294647, -0.005836578086018562, 0.007481943350285292, -0.033158913254737854, -0.006164326798170805, 0.0043103937059640884, -0.00566442683339119, 0.02178371138870716, 0.03705217316746712, -0.008938604965806007, 0.021333470940589905, 0.025319425389170647, -0.027914931997656822, -0.010938203893601894, 0.02942456305027008, 0.016658911481499672, 0.023597916588187218, -0.023054979741573334, 0.002914978424087167, -0.006720506586134434, -0.014646069146692753, -0.04579214006662369, -0.010739568620920181, -0.02089647203683853, -0.024101126939058304, 0.06149760261178017, 0.0044527496211230755, -0.011335475370287895, 0.01457985769957304, -0.006455658935010433, -0.011269262991845608, 0.0068661728873848915, -0.009600724093616009, -0.03284109756350517, -0.018022876232862473, 0.005386337172240019, -0.013798557221889496, -0.016989970579743385, -0.03231140226125717, 0.00019335940305609256, 0.01836717687547207, 0.007256822660565376, 0.001238162280060351, -0.005684290546923876, -0.00476394547149539, -0.001676816027611494, 0.03408588096499443, 0.0015245287213474512, 9.890400542644784e-05, 0.010004616342484951, -0.0019300765125080943, 0.0018638645997270942, -0.010958067141473293, -0.018300965428352356, -0.033688608556985855, 0.008349318988621235, -0.003241071943193674, -0.02623314969241619, -0.022128012031316757, -0.002559089567512274, -0.0004177556256763637, -0.018499601632356644, 0.013394664973020554, 0.014209071174263954, 0.02010192908346653, 0.0031864470802247524, 0.018870387226343155, -0.03554254025220871, -0.016566215083003044, -0.027967901900410652, -0.002761035691946745, 0.0014558339025825262, -0.021863164380192757, -0.029133230447769165]","[-0.03370532765984535, -0.007053964771330357, -0.009050758555531502, -0.015370507724583149, -0.06225055456161499, 0.01248167548328638, 0.014005002565681934, -0.013126688078045845, -0.028709912672638893, -0.023892905563116074, 0.03823413699865341, 0.016729149967432022, -0.02053060568869114, 0.0019178824732080102, 0.015150928869843483, -0.020846251398324966, 0.015356783755123615, -0.020091449841856956, 0.008947830647230148, -0.016674255952239037, -0.022067656740546227, -0.004576843231916428, 0.0028064900543540716, -0.0014812983572483063, -0.021820630878210068, 8.711311966180801e-05, 0.007314714603126049, -0.012145445682108402, -0.010272164829075336, 0.0007908263360150158, 0.03543451055884361, 0.0035166896414011717, -0.01139750611037016, -0.048060283064842224, -0.0069407448172569275, -0.019213134422898293, -0.009284061379730701, -0.008193029090762138, 0.027845321223139763, -0.005750216543674469, 0.003225061809644103, -0.01786821521818638, 0.0009615144226700068, -0.009366403333842754, 0.01722320169210434, 0.018801424652338028, 0.01106127630919218, -0.004587135743349791, -0.027612019330263138, 0.015397954732179642, 0.02279501222074032, -0.0008817455964162946, -0.06587360054254532, -0.02923141047358513, -0.002811636310070753, 0.021765736863017082, 0.0063060251995921135, 0.02754339948296547, 0.006041844375431538, -0.02341257594525814, 0.03340340778231621, 0.022410748526453972, -0.003547568107023835, -0.001785792177543044, 0.0010524337412789464, -0.006189373787492514, 0.00476554362103343, -0.00630259420722723, -0.0007106286357156932, 0.024606535211205482, 0.011610222980380058, 0.0038323341868817806, 0.01615275628864765, 0.012378747574985027, 0.02383800968527794, -0.005914900451898575, -0.009400712326169014, -0.009682047180831432, 0.019803252071142197, -0.008433193899691105, 0.024798667058348656, -0.010972072370350361, -0.015178375877439976, -0.011596499010920525, -0.009709494188427925, 0.027557123452425003, 0.021806906908750534, 0.04904838651418686, -0.009290922433137894, -0.032854460179805756, -0.0018612723797559738, 0.010189822874963284, -0.016770321875810623, 0.009750665165483952, 0.024606535211205482, -0.005053740460425615, -0.021738288924098015, 0.031125277280807495, -0.008645910769701004, -0.0067589059472084045, -0.008350851945579052, -0.0019453298300504684, -0.014849008060991764, -0.022932248190045357, -0.02991759404540062, 0.0029625967144966125, -0.010601532645523548, -0.008440054953098297, 0.020338475704193115, -0.018279924988746643, -0.00800089817494154, 0.01589200645685196, 0.003822041442617774, 0.0031255651265382767, -0.010121204890310764, -0.02592400833964348, 0.005297335796058178, -0.031948696821928024, -0.0279825571924448, -0.010745631530880928, -0.00543114123865962, 0.03581877052783966, 0.019268028438091278, -0.01329137198626995, 0.020311027765274048, -0.005115496926009655, -0.005805111490190029, -0.015562638640403748, -0.011788629926741123, -0.01501369196921587, 0.03318382799625397, 0.03334851190447807, 0.020942315459251404, 0.0008808879065327346, 0.0037328375037759542, 0.006957899313420057, -0.006556482054293156, 0.039469268172979355, -0.0013474925654008985, 0.013044346123933792, 0.03631282225251198, -0.008556706830859184, -0.0014958797255530953, -0.00870080478489399, -0.020489435642957687, 0.02021496184170246, 0.025827942416071892, -0.028188413009047508, -0.017003623768687248, -0.02600635029375553, 0.008241062052547932, -0.03779498115181923, 0.0017103120917454362, 0.009791837073862553, -0.020489435642957687, -0.001697446103207767, -0.015658704563975334, -0.0006698865327052772, -0.010546638630330563, 0.01600179634988308, 0.020434539765119553, 0.013668772764503956, -0.002626366913318634, 0.015109757892787457, 0.002912848489359021, 0.004319524392485619, 0.03672453388571739, -0.002947157481685281, 0.005365953780710697, -0.0031238498631864786, -0.0006004104507155716, 0.009345817379653454, -0.03579132258892059, 0.008337127976119518, -0.023042038083076477, 0.015631256625056267, 0.019762080162763596, -0.018540674820542336, -0.02636316418647766, 0.004991983994841576, -0.0020997209940105677, 0.015576362609863281, 0.025004521012306213, 0.01988559402525425, -0.00953108724206686, -0.02876480668783188, 0.011452400125563145, -0.002574903191998601, -0.0009031888330355287, 0.007596049923449755, 0.01908962056040764, 0.0042646294459700584, -0.001919597969390452, -0.00558210164308548, -0.6284341812133789, -0.005252733826637268, 0.0005656724097207189, -0.03387001156806946, 0.01596062444150448, 0.006676563993096352, -0.01524699479341507, 0.01870535872876644, -0.023783115670084953, 0.05201270058751106, 0.0064158146269619465, 0.01501369196921587, -0.005417417734861374, -0.023577259853482246, 0.035516850650310516, -0.025869112461805344, -0.0022695513907819986, -0.03535216674208641, -0.011514157056808472, -0.0008418612414970994, -0.020297303795814514, 0.03815179690718651, -0.0004174996865913272, 0.00021882816508878022, -0.002290136879310012, -7.778532017255202e-05, 0.022095104679465294, -0.02401641756296158, -0.017991727218031883, 0.024181101471185684, -0.024359509348869324, -0.004556257743388414, -0.02021496184170246, 0.02085997350513935, 0.03710879758000374, -0.01281790528446436, -0.018513226881623268, 0.005129220429807901, -0.02665136195719242, 0.02827075496315956, -0.030658673495054245, 0.0006077011348679662, 0.034254275262355804, -0.0015893721720203757, -0.020956039428710938, -0.009826146066188812, 0.004525379277765751, 0.007239234633743763, 0.0012943133478984237, 0.006093308329582214, 0.010402539744973183, 0.010978933423757553, -0.0014409850118681788, -0.0008247066289186478, 0.03447385132312775, -0.005643858108669519, 0.025759324431419373, 0.01287280023097992, 0.014066758565604687, 0.005221855361014605, -0.028545228764414787, 0.00027983414474874735, -0.009922211058437824, -0.008625324815511703, 0.0005879733944311738, -0.00478269811719656, 0.010011414997279644, -0.0035544298589229584, -0.027021901682019234, -0.01719575561583042, 0.02186180278658867, -0.0023141533602029085, 0.0007839644677005708, 0.027488505467772484, 0.0302744098007679, 0.02607496827840805, -0.001969346310943365, -0.02747478149831295, 0.022644050419330597, 0.011390644125640392, 0.021120723336935043, -0.02096976339817047, -0.044684261083602905, 0.01501369196921587, 0.023289063945412636, 0.004247474949806929, -0.013010036200284958, 0.018458332866430283, 0.010093756951391697, 0.03642261400818825, -0.01161708403378725, 0.02394779957830906, 0.03817924112081528, -0.02283618226647377, 0.000800690206233412, 0.021655946969985962, 0.00014377685147337615, -0.006405521649867296, 0.007719562854617834, -0.009167409501969814, -0.023906627669930458, -0.03219572454690933, 0.03002738393843174, -0.009558534249663353, 0.02862757071852684, 0.00042521924478933215, -0.006041844375431538, -0.01348350290209055, 0.01281790528446436, -0.03620303422212601, -0.01984442211687565, -0.013607015833258629, 0.0014821561053395271, -0.030521435663104057, -0.0020328182727098465, -0.039002660661935806, 0.030658673495054245, -0.012811043299734592, -0.017607465386390686, -0.002842514542862773, 0.022575432434678078, 0.010080033913254738, 0.02161477692425251, -0.00010796666174428537, 0.01338057592511177, 0.014739219099283218, 0.013263924047350883, 0.002056834753602743, -0.008728252723813057, 0.002111729234457016, 0.0012831628555431962, -0.009579120203852654, 7.116471806511981e-06, -0.017058517783880234, -0.006148202810436487, -0.006652547512203455, -0.023028314113616943, 0.007074550725519657, 0.028545228764414787, -0.06109776720404625, 0.014107929542660713, 0.008824317716062069, 0.017031071707606316, -0.0075754644349217415, 0.003432632191106677, -0.020942315459251404, -0.008824317716062069, -0.015809664502739906, -0.011294578202068806, 0.018101517111063004, -0.010766216553747654, 0.01664680801331997, -0.01035450678318739, 0.009167409501969814, 0.014917626045644283, -0.012090550735592842, -0.00716375419870019, -0.01704479567706585, -0.027323821559548378, -0.013854041695594788, -0.003195899073034525, -0.0005498044192790985, -0.007637220900505781, -0.005540930666029453, -0.01023099385201931, -0.031235067173838615, -0.00974380411207676, 0.00791169423609972, -0.016125308349728584, -0.01600179634988308, -0.0059011769481003284, 0.002863100031390786, -0.01657819002866745, -0.007637220900505781, -0.015837112441658974, 0.02736499346792698, -0.042268894612789154, 0.0033176965080201626, -0.015384230762720108, -0.016674255952239037, 0.021806906908750534, -0.00047003559302538633, -0.01431378535926342, 0.027502229437232018, 0.027268927544355392, 0.005345368292182684, 0.00791169423609972, 0.022246064618229866, -0.004367557354271412, 0.020448263734579086, 0.0006523030460812151, -0.01104069035500288, 0.0022764133755117655, -0.0011913859052583575, 0.00196419982239604, 0.019720910117030144, -0.011596499010920525, 0.00551005220040679, -0.0012342723784968257, 0.018760252743959427, 0.029066726565361023, 0.02991759404540062, 0.016838939860463142, -0.0009254898177459836, 0.004158271010965109, -0.03175656497478485, -0.0067211659625172615, -0.0005742497160099447, 0.0009186280076391995, 0.002892263000831008, -0.02456536516547203, -0.016674255952239037, 0.007582326419651508, -0.005372815765440464, -0.00789110828191042, 0.03894776850938797, -0.005578670650720596, 0.006875557359308004, 0.002487414749339223, 0.011960175819694996, 0.005516914185136557, -0.0014752942370250821, 0.014176548458635807, 0.008392022922635078, -0.035654086619615555, -0.002767034340649843, -0.01578221656382084, 0.015150928869843483, -0.00199164729565382, -0.017182031646370888, 0.003077532397583127, 0.009064482524991035, 0.028819700703024864, -3.0583407351514325e-05, 0.02736499346792698, 0.010546638630330563, 0.030988041311502457, 0.004727803170681, -0.0002866959839593619, -0.0012857360998168588, -0.008186167106032372, 0.0144372982904315, -0.0020619810093194246, -0.004147978499531746, 0.0222186166793108, 0.008824317716062069, 0.01402558758854866, 0.008741975761950016, -0.0008800301584415138, 0.006999070290476084, -0.0016159617807716131, -0.008892936632037163, -0.023316510021686554, 0.011225960217416286, 0.0011682271724566817, -0.0019590535666793585, -0.008927245624363422, 0.023275339975953102, 0.05157354101538658, 0.011452400125563145, -0.010718184523284435, -0.01675659790635109, 0.027351269498467445, -0.015370507724583149, 0.008494949899613857, 0.007479398511350155, -0.0034137621987611055, -0.015837112441658974, -0.015425401739776134, -0.011335749179124832, -0.00460429023951292, -0.007671529892832041, 0.0025886266957968473, 0.0034515024162828922, 0.04440978914499283, -0.004250905942171812, 0.011857248842716217, -0.01635861210525036, 0.007403918541967869, 0.015699874609708786, -0.023385129868984222, 0.010169237852096558, -0.0013466348173096776, 0.02132657915353775, -0.003763715736567974, -0.012337576597929, 0.021189343184232712, 0.028874596580863, 0.029011832550168037, 0.013936384581029415, 0.023577259853482246, 0.01200820878148079, 0.013126688078045845, 0.0026898388750851154, -0.01881514862179756, 0.02596517838537693, 0.023028314113616943, 0.009537949226796627, 0.030988041311502457, 0.006717734970152378, -0.011891557835042477, -0.008584153838455677, -0.0014366963878273964, 0.005201269872486591, 0.025155482813715935, 0.017278097569942474, 0.01161708403378725, -0.04210421070456505, 0.024304615333676338, -0.007074550725519657, -0.03537961468100548, -0.03178401291370392, 0.00553063815459609, 0.004679770674556494, 0.013607015833258629, 0.028709912672638893, -0.030658673495054245, -0.004446468316018581, -0.011452400125563145, 0.006004104390740395, -0.02794138714671135, -0.016372334212064743, -0.016701703891158104, 0.03452874720096588, 0.0302744098007679, 0.0332387238740921, -0.02096976339817047, 0.004823869094252586, -0.024757495149970055, -0.0068309553898870945, -0.01646840013563633, -0.0014092490309849381, 0.011987623758614063, 0.0016965883551165462, 0.002228380413725972, -0.01740160956978798, -0.008309680968523026, -0.00956539623439312, 0.012564017437398434, -0.021848078817129135, -0.012248372659087181, -0.02625337615609169, -0.003705390263348818, -0.008659633807837963, -0.003839195938780904, 0.009181133471429348, -0.008927245624363422, 0.03754795342683792, 0.006405521649867296, 0.030631225556135178, 0.021518711000680923, -0.003729406511411071, 0.012790458276867867, -0.03661474585533142, -0.0029883284587413073, 0.027817873284220695, -0.006642255000770092, 0.020489435642957687, -0.0007788180955685675, 0.01419027242809534, 0.01686638779938221, 0.030631225556135178, -0.00040270385215990245, 0.026061244308948517, -0.0407867394387722, 0.008748837746679783, 0.013826594687998295, -0.01596062444150448, 0.0236596018075943, -0.0059286244213581085, -0.01844460889697075, 0.016852663829922676, 0.00553063815459609, 0.017895661294460297, -0.0010001122718676925, -0.01935037039220333, -0.03477577120065689, -0.02337140589952469, 0.011500433087348938, 0.004274922423064709, 0.004957675002515316, -0.012179754674434662, 0.009874179027974606, -0.006594222038984299, 0.00014420572551898658, 0.010128066875040531, 0.01335998997092247, 0.005787956528365612, 0.002655529649928212, -0.03376021981239319, 0.0003999162290710956, 0.0022969988640397787, -0.0065736365504562855, -0.0057090455666184425, 0.006004104390740395, -0.027461057528853416, -0.030878251418471336, 0.0074656750075519085, 0.0321408286690712, 0.02532016672194004, -0.0074656750075519085, -0.003609324572607875, 0.007314714603126049, -0.0018852887442335486, -0.009091929532587528, -0.037273481488227844, 0.014300061389803886, 0.01657819002866745, 0.01432750839740038, -0.0039970180951058865, 0.006841248366981745, 0.01686638779938221, 0.0017669221851974726, 0.010711322538554668, 0.010073171928524971, 0.010395677760243416, 0.027268927544355392, -0.03897521644830704, 0.00933209341019392, 0.021999038755893707, 0.004477346315979958, 0.013140411116182804, 0.0031924680806696415, -0.027996281161904335, 0.027214031666517258, -0.012111136689782143, 0.02416737750172615, -0.0033194120042026043, -0.02294597215950489, 0.02693955972790718, 0.011809215880930424, 0.0018132395343855023, 0.006203097756952047, -0.023206721991300583, 0.005105204414576292, -0.002221518661826849, -0.009915350005030632, -0.009634014219045639, 0.013044346123933792, -0.0025783339515328407, 0.011418091133236885, 0.014601982198655605, -0.010944624431431293, 0.029423542320728302, 0.009222304448485374, -0.03411703556776047, 0.019391542300581932, 0.0055992561392486095, -0.018526950851082802, 0.006192804779857397, 0.02121678926050663, -0.020269855856895447, 0.0037156830076128244, -0.0036058935802429914, 0.002634944161400199, 0.02236957848072052, -0.030878251418471336, -0.00861160084605217, -0.01866418682038784, 0.0006909008952789009, -0.011788629926741123, -0.017387885600328445, 0.02678859792649746, 0.014505916275084019, 0.010100618936121464, 0.0037877322174608707, -0.00954481028020382, 0.016495848074555397, -0.015164652839303017, -0.020736461505293846, 0.007836214266717434, 0.0016802914906293154, -0.0033005420118570328, 0.021381473168730736, 0.013675634749233723, 0.017525123432278633, -0.03085080347955227, -0.006865264382213354, -0.019611120223999023, -0.007747010327875614, 0.0017514830688014627, -0.014903903007507324, 0.027502229437232018, 0.012735563330352306, 0.010478019714355469, -0.007774457335472107, 0.012790458276867867, -0.010292750783264637, -0.012413057498633862, 0.0080352071672678, 0.005575239658355713, 0.004861609078943729, -0.0005892599583603442, 0.01873280666768551, 0.008110687136650085, 0.02201276272535324, -0.011068137362599373, -0.01578221656382084, 0.015384230762720108, 0.023206721991300583, -0.018636740744113922, -0.006155064795166254, -0.015150928869843483, -0.020736461505293846, -0.01100638136267662, 0.005307628307491541, 0.013112964108586311, 0.028435438871383667, -0.0189523845911026, -0.021655946969985962, 0.010471157729625702, 0.0023673325777053833, 0.01877397671341896, 0.002312437864020467, 0.018760252743959427, -0.01260518841445446, 0.010388815775513649, -0.012989451177418232, 0.035050246864557266, -0.016633084043860435, -0.0041068075224757195, -0.017168307676911354, -0.025690704584121704, 0.03183890879154205, -0.02714541368186474, 0.012811043299734592, 0.015741046518087387, -0.001645982381887734, 0.018472056835889816, -0.0016965883551165462, -0.04243357852101326, 0.01263949740678072, 0.00875569973140955, 0.010148651897907257, -0.00704024126753211, -0.006659409496933222, -0.037602849304676056, 0.00623054476454854, 0.005088049452751875, 0.03513258695602417, -0.0009846731554716825, -0.007808766793459654, -0.01795055717229843, -0.030301857739686966, -0.018499502912163734, -0.006625100504606962, -0.029945041984319687, 0.026596467941999435, 0.0142039954662323, 0.011836662888526917, -0.02689838781952858, -0.01779959723353386, -0.014752942137420177, 0.004298938903957605, 0.0030878251418471336, 0.0175525713711977, 0.0241262074559927, 0.0012600042391568422, -0.026349442079663277, -0.006251130253076553, -0.010059447959065437, 0.003533844370394945, -0.035763878375291824, 0.006776060909032822, -0.008268509991466999, -0.03013717383146286, 0.018966108560562134, -0.004686632193624973, -0.035077694803476334, -0.010272164829075336, -0.0004404439532663673, 0.006456985604017973, 0.0031615898478776217, 0.004268060438334942, -0.042268894612789154, 0.002731009852141142, -0.020118895918130875, 0.05096970126032829, 0.0302744098007679, 0.0080557931214571, -0.0052664573304355145, -0.020118895918130875, 0.010882868431508541, 0.03247019648551941, 0.02103838138282299, 0.020544329658150673, -0.00476554362103343, -0.026020072400569916, 0.012042517773807049, -0.013771699741482735, -0.0019144515972584486, -0.00889979861676693, -0.007568602450191975, 0.029286306351423264, -0.04125334322452545, 0.012316991575062275, -0.012433642521500587, 0.02053060568869114, -0.007692115381360054, 0.0008542982977814972, -0.01941898837685585, 0.016372334212064743, 0.007376471068710089, 0.009057620540261269, 0.022561708465218544, 0.002170054940506816, -0.0009469330543652177, -0.007596049923449755, -0.017250649631023407, 0.014725495129823685, -0.03845371678471565, 0.007115721702575684, 0.012234649620950222, -0.005300766322761774, -0.0125502934679389, -0.042021870613098145, 0.013723667711019516, 0.024661431089043617, -0.011994484812021255, -0.0020053707994520664, 0.012474813498556614, 0.03236040845513344, -0.015850836411118507, 0.020118895918130875, -0.020846251398324966, -0.00460429023951292, -0.0125502934679389, 0.01107499934732914, 0.0028236445505172014, 0.01130830217152834, -0.01341488491743803, -0.0014795828610658646, -0.023398851975798607, -0.006889280863106251, 0.01121909823268652, 0.008460640907287598, -0.038069453090429306, 0.0022403886541724205, -0.009750665165483952, 0.014766666106879711, 0.009043896570801735, -0.0028082053177058697, -0.02527899481356144, 0.003794593969359994, -0.012172892689704895, 0.007287267129868269, 0.010210408829152584, -0.02643178403377533, 0.006841248366981745, -0.01812896504998207, 0.005362522788345814, 0.02423599734902382, -0.02337140589952469, -0.005866867955774069, 0.02639061212539673, -0.013147273100912571, -0.01919941045343876, -0.026445506140589714, -0.015946902334690094, -0.01049860566854477, -0.009139962494373322, 0.021848078817129135, 0.004185718484222889, 0.010649565607309341, -0.017772149294614792, 0.02956078015267849, 0.010038862936198711, -0.0024462437722831964, -0.02991759404540062, -0.016125308349728584, -0.004161702003329992, -0.01152788009494543, -0.015315612778067589, -0.019542502239346504, -0.018142689019441605, 0.028023729100823402, 0.01881514862179756, -0.01768980734050274, -0.01946016028523445, 0.0142039954662323, -0.007781319320201874, -0.02625337615609169, 0.004909642040729523, -0.00558210164308548, 0.0072460961528122425, 0.0019178824732080102, -0.018760252743959427, 0.056376826018095016, 0.006079584825783968, 0.0027790425810962915, -0.046770259737968445, -0.008693942800164223, 0.03343085199594498, -0.022287236526608467, -0.006796646397560835, -0.010793664492666721, -0.02794138714671135, -0.00479985261335969, 0.0034154776949435472, 0.005365953780710697, 0.03334851190447807, 0.0012934555998072028, 0.0026332286652177572, 0.030466541647911072, -0.02208138071000576, -0.012666945345699787, 0.012124859727919102, 0.003674512030556798, -0.0015696444315835834, -0.0175113994628191, 0.009085067547857761, 0.01671542599797249, -0.01668797992169857, -0.011054414324462414, -0.008295956999063492, 0.022575432434678078, 0.001018982264213264, 0.004985122010111809, -0.0007831067778170109, -0.014478469267487526, -0.006062429863959551, 0.015205823816359043, 0.037136245518922806, 0.015082309953868389, -0.011603360995650291, 0.03189380466938019, 0.00854298286139965, -0.0022832751274108887, -0.02046198770403862, 0.0017206048360094428, 0.01646840013563633, -0.009757527150213718, 0.011685702949762344, 0.0037980249617248774, -0.015397954732179642, 0.008494949899613857, 0.0033554367255419493, 0.0022609741427004337, -0.0003405184834264219, -0.030192067846655846, -0.013950107619166374, -0.05434572324156761, -0.007451951503753662, 0.0298901479691267, 0.0008071232005022466, 8.100180275505409e-05, -0.009050758555531502, -0.014107929542660713, -0.008618462830781937, -0.00553063815459609, -0.006062429863959551, -0.012056241743266582, 0.0064535546116530895, 0.024194825440645218, -0.031262513250112534, -0.013497226871550083, 0.013078655116260052, 0.012282682582736015, -0.009702633135020733, 0.0002318013139301911, 0.22188425064086914, -0.02474377304315567, -0.011925866827368736, 0.009784975089132786, -0.019981659948825836, -0.0005189261864870787, 0.008968416601419449, 0.01176118291914463, -0.016948729753494263, 0.002737871604040265, -0.005434572231024504, -0.005345368292182684, -0.013490364886820316, -0.005715907551348209, 0.0035681535955518484, -0.019446436315774918, -0.028819700703024864, -0.021669670939445496, -0.03002738393843174, 0.012241511605679989, 0.031262513250112534, 0.0189523845911026, -0.03570898249745369, -0.020187513902783394, 0.0369715578854084, -0.013613877817988396, 0.04940520226955414, 0.004377849865704775, 0.012804181315004826, 0.01483528409153223, -0.020626671612262726, -0.01139750611037016, -0.00142468826379627, 0.02341257594525814, -0.002598919440060854, -0.016235098242759705, 0.04204931482672691, -0.005050309468060732, 0.02639061212539673, 0.003086109645664692, 0.0002693269634619355, -0.005256164353340864, -0.027131689712405205, -0.009435021318495274, -0.0040244655683636665, 0.01161708403378725, -0.021806906908750534, -0.02201276272535324, -0.0021511849481612444, 0.0255671925842762, -0.030631225556135178, -0.02172456495463848, 0.035654086619615555, -3.924111297237687e-05, 0.0009426443721167743, -0.0070882742293179035, 0.03664219006896019, 0.014451021328568459, -0.025882836431264877, 0.031811460852622986, -0.006704011466354132, 0.015768494457006454, 0.013071793131530285, 0.016482124105095863, -0.024249719455838203, -0.0027104243636131287, -0.016674255952239037, -0.0022318114060908556, 0.02085997350513935, 0.006429538130760193, 0.0034137621987611055, 0.0302744098007679, 0.0284079909324646, 0.024894732981920242, -0.008467502892017365, 0.001816670410335064, 0.018870042636990547, 0.02776297926902771, 0.011596499010920525, 0.002288421615958214, -0.016029244288802147, -0.027131689712405205, -0.012351300567388535, -0.014464745298027992, -0.056157246232032776, -0.007342162076383829, 0.03236040845513344, -0.010347644798457623, -0.0359560064971447, 0.007582326419651508, -0.003285102779045701, -0.003873505163937807, -0.012859076261520386, 0.00037740086554549634, 0.0018029467901214957, 0.0017283243359997869, 0.004731234163045883, 0.017456505447626114, -0.0078430762514472, -0.009318370372056961, -0.028902042657136917, 0.02636316418647766, 0.014876455068588257, 0.005866867955774069, 0.003446355927735567, -0.0483347550034523, -0.016893833875656128, -0.00704024126753211, 0.003099833382293582, -0.00944188330322504, -0.006878988351672888, -0.0444372333586216, -0.002369048073887825, -0.011171065270900726, 0.0017995159141719341, 0.009304646402597427, -0.0005948352045379579, -0.0032353545539081097, 0.002290136879310012, 0.005455157719552517, 0.013154135085642338, -0.03823413699865341, -0.026816045865416527, -0.01182980090379715, -0.006117324810475111, -0.005808542016893625, -0.009537949226796627, -0.007740148343145847, 0.018828870728611946, -0.03271722421050072, 0.017676083371043205, 0.0016922997310757637, 0.013373713940382004, -0.012440504506230354, -0.02053060568869114, -0.005952640902251005, -0.013675634749233723, -0.013003175146877766, -0.01425889041274786, -0.009194857440888882, 0.0019401834579184651, 0.0006896142731420696, 0.02208138071000576, -0.019336646422743797, -0.017236925661563873, 0.004820438101887703, 0.008556706830859184, 0.0009126238874159753, 0.016537019982933998, -0.03999076783657074, -0.004751819651573896, -0.012399333529174328, 0.0080352071672678, -0.017827043309807777, 0.006961330305784941, -0.014601982198655605, -0.004113669507205486, -0.007349024061113596, 0.02114817127585411, 0.0142039954662323, -0.01935037039220333, -0.001986500807106495, 0.016523296013474464, 0.0435040257871151, -0.03301914408802986, -0.037163689732551575, -0.174345463514328, 0.019117068499326706, 0.013064931146800518, -0.027735531330108643, 0.03834392502903938, 0.029945041984319687, 0.021230513229966164, 0.020736461505293846, -0.017209479585289955, -0.025951454415917397, -0.005558085162192583, -0.0025851959362626076, -0.03848116472363472, -0.017360439524054527, -0.015288165770471096, -0.03919479250907898, -0.003859781427308917, 0.028490332886576653, 0.006927020847797394, 0.013620739802718163, 0.028064899146556854, -0.016852663829922676, -0.004377849865704775, -0.018348542973399162, 0.011768044903874397, -0.015315612778067589, -0.005808542016893625, 0.010587809607386589, -0.010992657393217087, -0.02387918159365654, -0.004093083553016186, 0.0027721808291971684, 0.009119376540184021, -0.014162824489176273, -4.942664600093849e-05, -0.005705614574253559, -0.001972777070477605, -0.018828870728611946, -0.0014427005080506206, -0.006854971870779991, 0.02297341823577881, 0.003056946909055114, 9.55295909079723e-05, 0.01188469585031271, -0.004295507911592722, 0.03225061669945717, -0.007568602450191975, -0.0127630103379488, -0.0008114118245430291, -0.021601052954792976, 0.017676083371043205, -0.03763029724359512, -0.01176118291914463, -0.0016545596299692988, 0.007403918541967869, 0.003454933175817132, -0.0009349248139187694, 0.025443678721785545, -0.01025157980620861, -0.0034652259200811386, 0.002605781424790621, -0.013119826093316078, 0.01495879702270031, -0.008062654174864292, -0.000974380353000015, 0.02736499346792698, 0.004196011461317539, -0.0023570398334413767, -0.030521435663104057, 0.011514157056808472, 0.006223683245480061, -0.004775836132466793, 0.011987623758614063, 0.00716375419870019, 0.02250681445002556, 0.022451920434832573, -0.027735531330108643, 0.006872126366943121, -0.009222304448485374, 0.016427230089902878, -0.001217117765918374, 0.058847084641456604, 0.00015482012531720102, 0.02214999869465828, -0.0001234057854162529, 0.0022969988640397787, 0.017936833202838898, 0.017415333539247513, -0.025773046538233757, -0.01341488491743803, 0.009634014219045639, -0.012083688750863075, 0.000753086234908551, -0.017607465386390686, 0.023906627669930458, 0.02376939170062542, 0.007410780526697636, -0.013812870718538761, 0.012900247238576412, -0.020558053627610207, -0.004336678888648748, -0.014739219099283218, -0.005060602445155382, -0.0018441177671775222, 0.031262513250112534, 0.016413506120443344, -0.03318382799625397, 0.028709912672638893, 0.03397979959845543, -0.005798249505460262, -0.03153698891401291, 0.0008422900573350489, -0.02516920492053032, 0.0265827439725399, 0.01919941045343876, 0.00933209341019392, -0.005667874589562416, -0.0018698496278375387, 0.006216821260750294, 0.020448263734579086, 0.020612947642803192, -0.012742425315082073, -0.028600122779607773, -0.0018424023874104023, 0.003343428485095501, -0.005136082414537668, -0.10655055195093155, 0.0005596682894974947, 0.017525123432278633, -0.011267131194472313, -0.02186180278658867, -0.009304646402597427, -0.004322955384850502, 0.037959665060043335, -0.009935935027897358, 0.033074039965867996, -0.03815179690718651, -0.034007247537374496, 0.006854971870779991, 0.004988553002476692, 0.00702308677136898, 0.001543054822832346, -0.029011832550168037, 0.008838041685521603, -0.021189343184232712, 0.02980780601501465, -0.018279924988746643, -0.0321408286690712, 0.0004914788296446204, -0.003381168469786644, 0.005132651422172785, 0.010155513882637024, 0.00284937652759254, 0.012262096628546715, 0.010937762446701527, 0.006992208305746317, 0.002708708867430687, 0.010272164829075336, 0.028902042657136917, -0.02729637362062931, 0.0022232341580092907, -0.020118895918130875, -0.03351319581270218, -0.020146343857049942, 0.022959696128964424, -0.011026966385543346, -0.010313335806131363, 0.0017017347272485495, -0.0041719949804246426, -0.022342130541801453, -0.0051944078877568245, -0.015260717831552029, -0.03186635673046112, 0.009187995456159115, -0.003202760824933648, -0.009798698127269745, -0.018499502912163734, -0.010635842569172382, -0.030466541647911072, 0.00940757431089878, 0.030219515785574913, -0.0005523776053451002, 0.0011536458041518927, 0.0031238498631864786, 0.005249302834272385, 0.04158271104097366, -0.0033674449659883976, 0.01959739625453949, 0.0037225447595119476, 0.01977580413222313, 0.01758001744747162, 0.013517811894416809, -0.006103600841015577, -0.021916696801781654, 0.010807388462126255, -0.01489017903804779, 0.01309237815439701, 0.004796421620994806, -0.03455619513988495, 0.03411703556776047, -0.021052105352282524, -0.0021511849481612444, -0.009249751456081867, 0.01419027242809534, 0.0054585887119174, 0.006083015352487564, 0.006443261634558439, -0.004930227529257536, -0.016056690365076065, -0.021120723336935043, 0.01118478924036026, -0.016893833875656128, 0.005170391872525215, 0.002530301222577691, 0.006505018100142479, -0.02499079890549183, -0.027214031666517258, 0.019364094361662865, 0.008604739792644978, 0.0018732806202024221, -0.009428159333765507, -0.010910315439105034, 0.005685029085725546, -4.334213008405641e-05, 0.009455606341362, -0.02208138071000576, -0.010683874599635601, 0.012790458276867867, -0.023604707792401314, 0.02643178403377533, -0.0009323516278527677, -0.04207676276564598, 0.01744278147816658, -0.032415300607681274, 0.01371680572628975, -0.025553468614816666, 0.006083015352487564, -0.005417417734861374, -0.007698977366089821, 0.02154615707695484, -0.014354956336319447, -0.004226889461278915, 0.011472986079752445, -0.026857217773795128, 0.01790938526391983, -0.02456536516547203, -0.011912142857909203, -0.017072241753339767, -0.00393869262188673, -0.005088049452751875, 0.028819700703024864, -0.021010935306549072, -0.010615256614983082, 0.008330265991389751, -0.018430884927511215, 0.028709912672638893, -0.020146343857049942, -0.027708083391189575, 0.0010884583462029696, -0.015425401739776134, 0.024867285043001175, 0.037602849304676056, 0.029725464060902596, 0.002161477692425251, 0.008193029090762138, 0.033677879720926285, 0.04018289968371391, -0.025402508676052094, -0.006172219291329384, -0.008625324815511703, 0.006209959276020527, -0.023906627669930458, 0.013435469940304756, -0.013881489634513855, -0.005863436963409185, 0.012145445682108402, -0.02470260113477707, 0.011589637026190758, 0.005204700864851475, 0.018746528774499893, -0.00021507560450118035, -0.015109757892787457, 0.00044387485831975937, -0.03815179690718651, 0.001203394029289484, -0.03916734829545021, 0.011424953117966652, -0.018513226881623268, 0.04795049503445625, -0.03082335740327835, 0.01657819002866745, 0.003417193191125989, -0.01102010440081358, -0.005558085162192583, 0.0092428894713521, 0.003461795160546899, 0.024483023211359978, -0.036477506160736084, 0.0016699987463653088, 0.008405745960772038, -0.0018767114961519837, 0.007493122480809689, 0.03837137296795845, -0.005956071428954601, -0.030082277953624725, -0.007369609549641609, 0.009613429196178913, 0.01161708403378725, 0.017346715554594994, -0.041802290827035904, -0.002286706119775772, 0.012838490307331085, 0.034501299262046814, 0.00817930605262518, 0.023865457624197006, 0.009867317043244839, 0.0029505884740501642, -0.001911020721308887, -0.022246064618229866, 0.008467502892017365, -0.012502260506153107, 0.00157822179608047, 0.014821561053395271, 0.0034137621987611055, -0.024798667058348656, 0.0035304133780300617, 0.0038357649464160204, 0.021093277260661125, -0.005921762436628342, 0.02161477692425251, 0.00554779265075922, -0.013387437909841537, -0.02423599734902382, 0.030905699357390404, -0.017168307676911354, -0.010793664492666721, -0.0056713055819272995, -0.007548016961663961, -0.004257767926901579, 0.021271685138344765, -0.0009237743797712028, 0.006546189077198505, -0.02272639237344265, 0.012351300567388535, -0.0039970180951058865, 0.0011107593309134245, -0.02085997350513935, 0.017854491248726845, 0.0208188034594059, 0.010086895897984505, 0.008385160937905312, -0.02132657915353775, -0.0037396992556750774, 0.02186180278658867, -0.014396127313375473, 0.004055343568325043, 0.00974380411207676, 0.01758001744747162, -0.011157341301441193, 0.0038872286677360535, -0.019940488040447235, -0.021271685138344765, 0.005359092261642218, -0.02297341823577881, 0.01873280666768551, 0.011946452781558037, -0.017758425325155258, 0.042131658643484116, 0.01873280666768551, -0.008357712998986244, 0.023618431761860847, 0.026047520339488983, 0.010903453454375267, 0.01622137427330017, 0.009277199395000935, -0.036559849977493286, -0.0031255651265382767, 0.020612947642803192, -0.015521467663347721, -0.01948760822415352, -0.03861840069293976, -0.008529258891940117, 0.014972520992159843, 0.010025138966739178, 0.01855439879000187, -0.02254798449575901, -0.0014032450271770358, 0.010532914660871029, 3.8061732539063087e-06, 0.018499502912163734, -0.016386058181524277, -0.009393850341439247, 0.011116170324385166, 0.01881514862179756, 0.011644531972706318, 0.00015835824888199568, -0.0066834259778261185, 0.01357270684093237, 0.023920351639389992, -0.028902042657136917, -0.0027413025964051485, -0.009771251119673252, -0.008989001624286175, 0.006333472672849894, 0.02571815252304077, 0.02258915640413761, 0.019652292132377625, 0.01664680801331997, -0.009194857440888882, -0.01862301677465439, -0.002142607467249036, -0.032744668424129486, 0.00845377892255783, 0.007747010327875614, -0.005479174200445414, -0.03312893211841583]"
19118,"Problems with drawing a random winning entry from a MongoDB database (with Mongoose & NodeJS)<p>I'm struggling to get the following code to work, using MongoDB, Mongoose and NodeJS. I have two schemas, one to save unique user profiles, the other to save their entries (such that they can enter multiple times). The entries all work (not shown here), it is just the selection of the winner that doesn't. It should randomly select one entry from the collection, find their unique profile and set the 'won' Boolean to true and delete all the entries in the collection. It currently does none of those things (but I've checked the routing all works fine and the const is triggered), so some assistance would be greatly appreciated. I've tried various methods, but found no clear guidance anywhere. Thanks.</p>
<p><strong>The controller</strong></p>
<pre><code>const { Enter } = require('../models/user_entry');
const { UserProfile } = require(&quot;../models/User_Profile&quot;);

const drawWinner = async (req, res) =&gt; {
  const winner = Enter.aggregate([{ $sample: { size: 1 } }]); 
  const users_profile = await UserProfile.findOne({ handle: winner.user });
  users_profile,{&quot;$set&quot;:{&quot;won&quot;:true}}; 
  await users_profile.save();
  Enter.deleteMany({  });
};

module.exports = {
  drawWinner
}; 
</code></pre>
<p><strong>The models:</strong></p>
<pre><code>const mongoose = require(&quot;mongoose&quot;);
const Schema = mongoose.Schema;

// Create Entry Schema
const EntrySchema = new Schema({
  user: {
    type: String,
    required: true,
  },
});

const Enter = mongoose.model(&quot;entries&quot;, EntrySchema);

module.exports = { Enter };
</code></pre>
<pre><code>const mongoose = require(&quot;mongoose&quot;);
const Schema = mongoose.Schema;

// Create Profile Schema
const UserProfileSchema = new Schema({
  user: {
    type: Schema.Types.ObjectId,
    ref: &quot;user&quot;,
  },
  handle: {
    type: String,
    required: true,
    trim: true,
    unique: true,
  },
  won: {
    type: Boolean,
    default: false,
  },
});

const UserProfile = mongoose.model(&quot;profile&quot;, UserProfileSchema);

module.exports = { UserProfile }; 
</code></pre>
",And the first `ToList` can be `AsEnumerable` to prevent building a useless intermediate result.,"Embed Field: Problems with drawing a random winning entry from a MongoDB database (with Mongoose & NodeJS)<p>I'm struggling to get the following code to work, using MongoDB, Mongoose and NodeJS. I have two schemas, one to save unique user profiles, the other to save their entries (such that they can enter multiple times). The entries all work (not shown here), it is just the selection of the winner that doesn't. It should randomly select one entry from the collection, find their unique profile and set the 'won' Boolean to true and delete all the entries in the collection. It currently does none of those things (but I've checked the routing all works fine and the const is triggered), so some assistance would be greatly appreciated. I've tried various methods, but found no clear guidance anywhere. Thanks.</p>
<p><strong>The controller</strong></p>
<pre><code>const { Enter } = require('../models/user_entry');
const { UserProfile } = require(&quot;../models/User_Profile&quot;);

const drawWinner = async (req, res) =&gt; {
  const winner = Enter.aggregate([{ $sample: { size: 1 } }]); 
  const users_profile = await UserProfile.findOne({ handle: winner.user });
  users_profile,{&quot;$set&quot;:{&quot;won&quot;:true}}; 
  await users_profile.save();
  Enter.deleteMany({  });
};

module.exports = {
  drawWinner
}; 
</code></pre>
<p><strong>The models:</strong></p>
<pre><code>const mongoose = require(&quot;mongoose&quot;);
const Schema = mongoose.Schema;

// Create Entry Schema
const EntrySchema = new Schema({
  user: {
    type: String,
    required: true,
  },
});

const Enter = mongoose.model(&quot;entries&quot;, EntrySchema);

module.exports = { Enter };
</code></pre>
<pre><code>const mongoose = require(&quot;mongoose&quot;);
const Schema = mongoose.Schema;

// Create Profile Schema
const UserProfileSchema = new Schema({
  user: {
    type: Schema.Types.ObjectId,
    ref: &quot;user&quot;,
  },
  handle: {
    type: String,
    required: true,
    trim: true,
    unique: true,
  },
  won: {
    type: Boolean,
    default: false,
  },
});

const UserProfile = mongoose.model(&quot;profile&quot;, UserProfileSchema);

module.exports = { UserProfile }; 
</code></pre>; Answer: And the first `ToList` can be `AsEnumerable` to prevent building a useless intermediate result.","[-0.02111499011516571, 0.0015749421436339617, -0.00788339227437973, -0.015516739338636398, -0.035951048135757446, 0.025101833045482635, -0.004063246306031942, -0.010946455411612988, -0.019392451271414757, -0.013002388179302216, 0.024365587159991264, -0.010710300877690315, 0.0003325263678561896, -0.005605196580290794, 0.002325079869478941, 0.010175480507314205, 0.008008415810763836, -0.009682334028184414, 0.0014985391171649098, -0.00966844242066145, 0.01765602082014084, 0.002748768776655197, -0.0022469405084848404, 0.004702252801507711, -0.013446914963424206, 0.012773179449141026, 0.023990517482161522, -0.017030905932188034, 0.024337803944945335, 0.010258829221129417, 0.0201009139418602, 0.0030960547737777233, -0.02417110651731491, -0.038145896047353745, -0.009696225635707378, -0.01573900319635868, 0.020892726257443428, -0.008959979750216007, 0.023018117994070053, 0.023823820054531097, 0.03497864678502083, 0.00033578218426555395, -0.006785968784242868, -0.024893462657928467, -0.01123122964054346, 0.02789401262998581, 0.008994707837700844, -0.022406894713640213, 0.005570467561483383, 0.011918855831027031, 0.019628606736660004, 0.0022087390534579754, -0.02844967134296894, -0.0032523334957659245, -0.00980735756456852, -0.010022674687206745, 0.009994891472160816, 0.0102657750248909, 0.010217154398560524, 0.0038270920049399137, 0.034422989934682846, 0.012412002310156822, -0.006643581669777632, -0.006883209105581045, -0.01958693191409111, -0.0022955606691539288, 0.006706092972308397, -0.005778839346021414, -0.001614011824131012, -0.008091764524579048, 0.02694939449429512, 0.00026545676519162953, -0.03511756286025047, 0.0035110616590827703, 0.011342361569404602, -0.023059790953993797, -0.03450633957982063, 0.020392635837197304, -0.00439316825941205, -0.007591672241687775, -0.002293824218213558, -0.027366138994693756, -0.023587666451931, 0.02404608391225338, -0.0018788173329085112, 0.010585278272628784, 0.01930910348892212, 0.026352062821388245, 0.0012832218781113625, -0.008911359123885632, -0.0029710319358855486, 0.017128147184848785, 0.009800411760807037, -0.010293557308614254, -0.00773753272369504, -0.01503053866326809, -0.02032317779958248, 0.01930910348892212, -0.007890338078141212, -0.007431920617818832, -0.01686420850455761, 0.01564176194369793, -0.017530998215079308, -0.008307081647217274, -0.013738634996116161, 0.009085002355277538, -0.007640292402356863, -0.032644886523485184, 0.04170210659503937, -0.011460438370704651, 0.005271801725029945, 0.025810297578573227, -0.002031623153015971, 0.00890441332012415, -0.013981735333800316, 0.007820880971848965, 0.013085736893117428, -0.036617837846279144, -0.017739370465278625, -0.007855609990656376, 0.005247491877526045, 0.02239300310611725, 0.016766969114542007, -0.009710117243230343, 0.01426650956273079, 0.011654919013381004, -0.023948844522237778, -0.01711425557732582, 0.0010418581077829003, -0.0060740322805941105, 0.021337252110242844, 0.011113152839243412, 0.024129433557391167, 0.018906250596046448, -0.016780860722064972, -0.0036638674791902304, -0.011363198980689049, -0.0031394655816257, -0.013433023355901241, -0.01948969066143036, 0.006091396789997816, 0.015850134193897247, -0.003906967584043741, -0.0080223074182868, -0.0288386307656765, 0.04348021000623703, 0.0060636140406131744, -0.01008518598973751, -0.00834180973470211, 0.010814487002789974, -0.007932012900710106, -0.007619455456733704, -0.009036382660269737, -0.010856160894036293, 0.0038166732992976904, -0.00836959294974804, -0.0036291389260441065, -0.010404689237475395, 0.004736981354653835, -0.009182242676615715, 0.023879386484622955, 0.01533615030348301, -0.005455863196402788, -0.019753629341721535, 0.012530080042779446, 0.019989782944321632, 0.028977544978260994, -0.008314027450978756, 0.0015888335183262825, -0.014613796025514603, -0.006337970029562712, 0.023809930309653282, -0.037479106336832047, 0.024462826550006866, -0.01533615030348301, -0.019475799053907394, -0.010793649591505527, 0.021823452785611153, -0.019142406061291695, -0.017836609855294228, -0.013571937568485737, 0.01882290281355381, 0.008182059042155743, 0.04723089933395386, -0.02447671815752983, -0.009223916567862034, -0.0026376373134553432, -0.006678310222923756, -0.013696960173547268, 0.010633897967636585, -0.006206001155078411, 0.0037576346658170223, 0.012995443306863308, -0.01560008805245161, -0.6001102328300476, -0.008779390715062618, 0.011377089656889439, -0.015211127698421478, -0.030700083822011948, -0.016544705256819725, -0.028005145490169525, -0.0034520230256021023, -0.025560250505805016, 0.03389511629939079, -0.01823946088552475, 0.007966740988194942, 0.017100363969802856, 0.007355517707765102, 0.0037402703892439604, -0.004077137913554907, 0.03314497694373131, -0.03922943025827408, -0.0028112803120166063, 0.005664234980940819, 0.002660210942849517, 0.020448200404644012, -0.0003090845711994916, 0.0007748819189146161, -0.01529447641223669, 0.016308551654219627, 0.0069387746043503284, -0.012891257181763649, 0.00834180973470211, 0.006487302947789431, -0.02847745269536972, 0.03092234767973423, -0.014155378565192223, -0.0017511897021904588, 0.057732827961444855, -0.0030509077478200197, -0.005219708662480116, 0.025004593655467033, -0.011050641536712646, 0.03470081835985184, -0.005910808220505714, -0.013676123693585396, 0.019573040306568146, 0.002231312682852149, -0.010946455411612988, 0.006685256026685238, 0.03528425842523575, -0.013148249126970768, -0.0011026330757886171, 0.0049696629866957664, 0.019059056416153908, 0.009098893962800503, 0.008119546808302402, 0.020059240981936455, 0.02111499011516571, -0.011529895476996899, 0.022712506353855133, -0.01355110015720129, 0.021920694038271904, 0.007147146388888359, -0.00921002496033907, 0.008668258786201477, -0.03975730389356613, -0.0008959979168139398, -0.003130783559754491, -0.006320605520159006, 0.04256337508559227, -0.021892910823225975, -0.019322993233799934, -0.01115482673048973, 0.0032002406660467386, 0.0028060709591954947, -0.015502847731113434, 0.0030057604890316725, 0.012106390669941902, 0.022740287706255913, -0.0035944103728979826, -0.04350799322128296, -0.035034213215112686, 0.00859880167990923, 0.019823085516691208, 0.004004207905381918, -0.011300686746835709, 0.009189188480377197, 0.015099995769560337, -0.015433390624821186, -0.023782147094607353, 0.0025803351309150457, -0.002965822583064437, 0.023268163204193115, 0.025560250505805016, 0.01851729117333889, 0.0077792066149413586, 0.0019708480685949326, 0.010376906022429466, 0.028213515877723694, 0.0018874994711950421, 0.019531365483999252, 0.013412185944616795, -0.04506383463740349, -0.030144426971673965, 0.008001470007002354, 0.01202304195612669, 0.0019534837920218706, 0.05181507393717766, 0.007195766549557447, -0.03247818723320961, 0.01655859686434269, 0.037534672766923904, -0.021184446290135384, -0.007126308977603912, -0.02735224738717079, 0.0005352545995265245, -0.008223732933402061, -0.00041218509431928396, -0.02829686552286148, 0.023087574169039726, -0.005070375744253397, -0.00711936317384243, -0.01130763255059719, 0.017989415675401688, 0.023323729634284973, 0.02325427159667015, -0.01064778957515955, -0.019628606736660004, 0.0011182610178366303, 0.005105104297399521, -0.014766601845622063, -0.005966373719274998, 0.02633817121386528, 0.01369001530110836, -0.027268897742033005, 0.039090514183044434, -0.014919407665729523, 0.016489140689373016, -0.01487773284316063, 0.01400951761752367, 0.01711425557732582, 0.020878834649920464, 0.006990867666900158, 0.0020003675017505884, 0.023045899346470833, 0.02101775072515011, 0.005553103517740965, 0.007383300922811031, -0.023657124489545822, -0.0325615368783474, 0.02310146577656269, -0.013884495012462139, 0.02111499011516571, -0.009980999864637852, -0.01378030888736248, -6.967425724724308e-05, -0.010731138288974762, -0.00034772013896144927, 0.0008087423047982156, -0.0036083017475903034, -0.011342361569404602, -0.01576678454875946, -0.019670279696583748, -0.014405423775315285, 0.03236705809831619, -0.03642335906624794, 0.000266759074293077, -0.0029119933024048805, -0.02908867783844471, -0.010821432806551456, 0.008473779074847698, 0.001955220242962241, -0.0308945644646883, -0.012453676201403141, 0.012106390669941902, -0.015516739338636398, 0.010286611504852772, -0.00834180973470211, 0.01591959036886692, -0.031089045107364655, -0.008584910072386265, -0.020031457766890526, 0.007633346598595381, -1.1815864127129316e-05, -0.005115523003041744, 0.01023799180984497, -0.028560802340507507, 0.02246245928108692, 0.01548895612359047, 0.021406710147857666, 0.019114622846245766, -0.013106574304401875, 0.01658638007938862, -0.004275090992450714, -0.004747400060296059, -0.03267266973853111, -0.008848847821354866, -0.0025681802071630955, 0.013224652037024498, 0.013446914963424206, 0.004500826820731163, -0.008320973254740238, 0.026088126003742218, -0.0018614530563354492, 0.0035944103728979826, 0.023851603269577026, -0.010078240185976028, 0.011175664141774178, -0.02437947876751423, -0.008515452966094017, -0.007154092192649841, 0.012460622005164623, 0.010244937613606453, 0.0038757119327783585, -0.006629690062254667, 0.011613244190812111, -0.01483605895191431, 0.0031724576838314533, 0.04403586685657501, -0.008508507162332535, -3.480999657767825e-05, -0.0003524953208398074, 0.018767336383461952, -0.0016487403772771358, -0.010870052501559258, 0.0033443644642829895, -0.0034346587490290403, 0.009001653641462326, 0.0270744189620018, 0.002689730143174529, -0.006542868446558714, -0.013974789530038834, -0.03389511629939079, 0.009223916567862034, 0.03245040401816368, -0.008439050056040287, 0.0018979180604219437, 0.0012233150191605091, 0.0018267245031893253, 0.017225386574864388, 0.0016513450536876917, 0.017433758825063705, -0.03358950465917587, 0.010585278272628784, 0.012029987759888172, 0.0011373617453500628, -0.00939755979925394, 0.010231046006083488, -0.0004940143553540111, 0.014210944063961506, 0.009890706278383732, -0.0004744795151054859, 0.03236705809831619, -0.01887846738100052, 0.031005695462226868, -0.013280217535793781, -0.02230965346097946, 0.004799492657184601, -0.029283156618475914, 0.0007097658235579729, 0.017086472362279892, 0.013044063001871109, 0.04709198325872421, 0.003080426948145032, -0.006324078422039747, 0.03306162729859352, -0.016169637441635132, -0.0037680533714592457, -0.02521296590566635, -0.038423724472522736, -0.0007883392390795052, -0.02832464687526226, -0.020739920437335968, 0.012120282277464867, -0.04014626517891884, -0.0016400582389906049, -0.011397927068173885, 0.02371268905699253, -0.012245304882526398, 0.017405975610017776, 0.009140567854046822, 0.008459887467324734, 0.0003312240296509117, -0.05148167908191681, -0.0034520230256021023, 0.00832791905850172, 0.009085002355277538, 0.002748768776655197, -0.03033890575170517, -0.01808665506541729, 0.0212955791503191, 0.005962900817394257, 0.004431369714438915, 0.017239278182387352, 0.011925801634788513, 0.017392084002494812, -0.02162897400557995, 0.006459519732743502, 0.017392084002494812, 0.043035682290792465, -0.004844639915972948, -0.0010366487549617887, -0.008897467516362667, 0.027116091921925545, 0.024671198800206184, -0.017711587250232697, -0.036312226206064224, 0.04156319051980972, 0.0011035013012588024, -0.016114071011543274, -0.03031112439930439, 0.018656205385923386, -0.0020038404036313295, -0.03033890575170517, -0.024421153590083122, 0.006008048076182604, 0.017183711752295494, -0.03639557585120201, -0.017461540177464485, -0.03700679913163185, -0.0183367021381855, 0.004865477327257395, 0.03028334118425846, -0.015225019305944443, -0.016141854226589203, -0.04523053020238876, 0.021253904327750206, 0.047564294189214706, 0.0050078644417226315, -0.013509426265954971, 0.004736981354653835, -0.014391533099114895, 0.0005860451492480934, -0.017364300787448883, -0.005143305752426386, 0.013009333983063698, 0.01658638007938862, 0.006897100247442722, -0.013453860767185688, -0.004664051346480846, 0.01532225962728262, 0.011675756424665451, -0.01437764149159193, 0.010960347019135952, -0.017989415675401688, -0.005035647191107273, -0.017711587250232697, 0.006459519732743502, -0.02007313258945942, 0.00500439153984189, 0.02239300310611725, 0.035034213215112686, 0.022115172818303108, 0.010251883417367935, 0.007327734958380461, 0.011356253176927567, -0.027574509382247925, -0.011397927068173885, -0.0001598600938450545, 0.03684009984135628, 0.01940634287893772, 0.004757818300276995, 0.07434698939323425, 0.02942207083106041, 0.03464525192975998, -0.0031655121129006147, 0.0028355903923511505, 0.012773179449141026, 0.027185549959540367, -0.002524769399315119, 0.018989600241184235, 0.01948969066143036, -0.0020350960548967123, -0.02239300310611725, -0.010883944109082222, 0.017183711752295494, -0.0014898569788783789, -0.025490794330835342, -0.019225753843784332, -0.027616184204816818, -0.018892358988523483, 0.017128147184848785, 0.013370512053370476, -0.007466649636626244, -0.019503582268953323, 0.001616616384126246, -0.03822924569249153, -0.014460990205407143, -0.020823270082473755, 0.027518944814801216, 0.007890338078141212, 0.004528609570115805, -0.03650670498609543, -0.037840284407138824, 0.006424791179597378, -0.021156664937734604, 0.005195398814976215, -0.014613796025514603, -0.022101283073425293, -0.02055933326482773, 0.03372841700911522, 0.014808275736868382, 0.016002940014004707, 0.014280401170253754, -0.004233416635543108, 0.008362647145986557, 0.0025768622290343046, -0.022809745743870735, -0.016183529049158096, -0.030450038611888885, -0.016753077507019043, -0.017058689147233963, 0.0051224688068032265, 0.022295761853456497, 0.018378376960754395, -0.017558781430125237, 0.019295211881399155, 0.0004670996859204024, -0.0057302191853523254, 0.021031640470027924, -0.005035647191107273, 0.015252801589667797, 0.0028737918473780155, 0.0010904781520366669, 0.038423724472522736, 0.005087740253657103, 0.006021939683705568, 0.023545991629362106, -0.0022000570315867662, -0.02187901921570301, 0.007640292402356863, 0.0074735949747264385, 0.005671180784702301, 0.013217706233263016, -0.013495534658432007, -0.03497864678502083, -0.008966924622654915, -0.009175296872854233, -0.004983554594218731, 0.02185123600065708, 0.011453492566943169, -0.015377825126051903, 0.0026324279606342316, 0.008307081647217274, 0.014106757938861847, -0.00012382917338982224, -0.0016713140066713095, -0.016336334869265556, -0.009918488562107086, 0.043924733996391296, -0.006949193309992552, -0.006956139113754034, 0.0014030354795977473, -0.00395558774471283, -0.01123122964054346, -0.009557311423122883, -0.00898081623017788, 0.0031082099303603172, 0.025435227900743484, -0.005382933188229799, -0.01564176194369793, -0.016308551654219627, 0.006223365664482117, 0.021128881722688675, 0.009328102692961693, -0.007793098222464323, 0.03003329411149025, -0.02465730719268322, -0.0018614530563354492, -0.018461724743247032, -0.012148064561188221, -0.004584175534546375, -0.03270045295357704, -0.004493881016969681, 0.019142406061291695, -0.003533635288476944, 0.015905698761343956, 0.012009150348603725, 0.004868949763476849, 0.0071679833345115185, -0.01762823760509491, -0.01533615030348301, -0.023490427061915398, -0.012870419770479202, -0.017072580754756927, 0.026935502886772156, 0.030838998034596443, 0.00826540682464838, 0.005289166234433651, 0.030838998034596443, -0.02185123600065708, 0.00574411079287529, 0.0044869352132081985, 0.02972768247127533, -0.013377457857131958, -0.017030905932188034, -0.008723825216293335, 0.020420417189598083, 0.021962366998195648, 0.029338723048567772, 0.0040667192079126835, 0.007154092192649841, 0.03742353990674019, -0.03206144645810127, -0.004789074417203665, -0.026407629251480103, -0.05576024204492569, -0.015655653551220894, 0.029199808835983276, 0.013947006314992905, -0.011891073547303677, -0.020906617864966393, 0.019809193909168243, -0.003966006450355053, 0.014613796025514603, -0.006014993879944086, 0.014051192440092564, 0.018170004710555077, 0.0003835340030491352, 0.013530263677239418, -0.016919774934649467, -0.0017451122403144836, 0.0006676573539152741, -0.006546341348439455, -0.02007313258945942, -0.016794752329587936, -0.004222997929900885, -0.012585645541548729, 0.03436742350459099, -0.0008057035738602281, -0.0007262618746608496, -0.03978508710861206, 0.021073315292596817, -0.018961817026138306, -0.010397743433713913, 0.0028876832220703363, -0.006490775849670172, -0.013002388179302216, -0.01805887371301651, -0.007681966759264469, -0.013189923018217087, -0.012432839721441269, 0.020337069407105446, -0.008182059042155743, 0.00061599857872352, -0.04100753366947174, -0.02300422638654709, -0.031366873532533646, -0.026046451181173325, 0.05137054622173309, 0.018156113103032112, 0.014308184385299683, 0.02612980082631111, 0.0008117810939438641, -0.0092864278703928, 0.009724008850753307, 0.008564073592424393, 0.004330656491219997, 0.040007349103689194, 0.03778471797704697, -0.013196868821978569, -0.02719944156706333, -0.0006199055351316929, -0.03981287032365799, -0.01062000636011362, 0.004080610815435648, 0.039396125823259354, 0.023532100021839142, -0.004434842616319656, -0.009119730442762375, 0.01805887371301651, -0.032339274883270264, 0.018961817026138306, -0.029505420476198196, -0.0014065083814784884, 0.0190034918487072, -0.023684905841946602, -0.026449304074048996, 0.013495534658432007, 0.0038514018524438143, 0.034450773149728775, -0.0034433407709002495, 0.004740454256534576, -0.01714203879237175, 0.014752710238099098, -0.005976792424917221, 0.02906089462339878, 0.01625298522412777, 0.020823270082473755, -0.017030905932188034, -0.0038896033074706793, 0.02098996751010418, 0.015266693197190762, 0.015461173839867115, -0.003406875766813755, 0.006421318277716637, 0.03183918073773384, 0.0025230329483747482, 0.00898081623017788, -0.0036916504614055157, 0.021365035325288773, -0.004754345398396254, 0.013363566249608994, -0.023823820054531097, -0.026171473786234856, -0.008397376164793968, -0.015377825126051903, 0.03358950465917587, 0.009050273336470127, -0.013349674642086029, -0.020114805549383163, -0.011800779029726982, -0.007081161718815565, -0.02569916471838951, -0.000524836010299623, -0.013905332423746586, -0.03214479237794876, 0.023671014234423637, -0.022198522463440895, 0.0008873157785274088, 0.03728462755680084, -0.0018788173329085112, -0.014808275736868382, 0.0293665062636137, 0.027782881632447243, -0.02493513561785221, 0.0061052883975207806, -0.01848950795829296, -0.014655469916760921, -0.008793282322585583, 0.027032744139432907, -0.02055933326482773, -0.015655653551220894, -0.0032141320407390594, 0.002431002212688327, -0.021378926932811737, -0.0018857631366699934, 0.004650159738957882, 0.009189188480377197, -0.021101098507642746, -0.023170923814177513, 0.0011477803345769644, -0.011071478016674519, 0.03370063379406929, -0.01803109049797058, -0.030394472181797028, 0.02651876024901867, 0.002370227128267288, -0.027060527354478836, -0.03150578588247299, 0.013530263677239418, -0.018809011206030846, -0.025046268478035927, 0.021059423685073853, -0.016947558149695396, -0.015586196444928646, -0.019475799053907394, 0.0018649259582161903, 0.006046249531209469, -0.017128147184848785, -0.013634448871016502, -0.03128352388739586, -0.0077028037048876286, -0.012141119688749313, 0.017739370465278625, 0.014933299273252487, -0.004035463556647301, 0.00818900391459465, 0.004789074417203665, 0.0005443708505481482, 0.018892358988523483, -0.027643967419862747, -0.00441400520503521, -0.015655653551220894, -0.04923126474022865, -0.026866046711802483, 0.006685256026685238, -0.0005704172654077411, 0.053704310208559036, 0.02371268905699253, 0.005268328823149204, -0.010258829221129417, -0.004160486627370119, -0.03158913552761078, -0.01912851445376873, -0.0024883043952286243, -0.0001634414802538231, 0.02450450137257576, 0.015016647055745125, 0.012946822680532932, 0.017392084002494812, 0.006570651661604643, 0.020545441657304764, -0.03945169225335121, 0.00018840267148334533, -0.0008052694611251354, -0.011814670637249947, 0.005879552103579044, 0.005685071926563978, -0.030144426971673965, -0.0197675209492445, 0.002087188884615898, 0.01961471512913704, 0.022142956033349037, 0.022448567673563957, 0.011772995814681053, -0.01232865359634161, -0.010633897967636585, -0.03736797720193863, -0.01123122964054346, -0.01689199171960354, 0.039673954248428345, -0.01202304195612669, -0.01971195451915264, -0.001546291052363813, -0.022559700533747673, 0.0016878100577741861, -0.0029206753242760897, 0.01610017940402031, -0.005553103517740965, 0.0018770808819681406, -0.03095013089478016, 0.0002276893937960267, -0.022573592141270638, -0.018809011206030846, 0.04400808364152908, -0.010300503112375736, 0.01012685988098383, 0.041174229234457016, -0.005414188839495182, -0.00012632529251277447, -0.0024448935873806477, -0.002837326843291521, 0.003481542458757758, -0.0073971920646727085, 0.008147330023348331, -0.021281687542796135, 0.009800411760807037, -0.006376171484589577, 0.0258797537535429, -0.014280401170253754, -0.00036530147190205753, -0.010668626055121422, -0.005705909337848425, -0.036617837846279144, 0.005330840591341257, 0.010272720828652382, 0.013273271732032299, -0.0035874645691365004, 0.02738003060221672, -0.012599537149071693, -0.0023823820520192385, -0.03911829739809036, -0.01958693191409111, -0.0052370731718838215, 0.0037298519164323807, 0.0075777810998260975, -0.008237624540925026, -0.022684723138809204, -0.0015419499250128865, 0.029255373403429985, -0.0008347887778654695, -0.007647238206118345, 0.2083716094493866, -0.01643357425928116, -0.0003242783132009208, 0.016322443261742592, -0.007161037530750036, 0.001616616384126246, 0.025379661470651627, 0.006518558599054813, -0.0008169903885573149, 0.028616368770599365, -0.015697328373789787, 0.012113336473703384, -0.0076264007948338985, -0.009939325973391533, -0.006473411340266466, -0.017614345997571945, -0.04536944627761841, -0.013738634996116161, -0.012967660091817379, 0.0004697043332271278, 0.04070192202925682, 0.011766050010919571, 0.01008518598973751, -0.01714203879237175, 0.019322993233799934, 0.00996016338467598, -0.00208197976462543, -0.0027244589291512966, 0.0035562089178711176, -0.005761474836617708, -0.02483789622783661, -0.01979530230164528, 0.01671140268445015, 0.023990517482161522, -0.024004409089684486, -0.014711035415530205, 0.016572488471865654, -0.007181874942034483, 0.013724743388593197, 0.008126492612063885, -0.0023945372086018324, -0.029811032116413116, 0.04503605142235756, 0.0018492980161681771, -0.009230862371623516, -0.010099077597260475, -0.008202895522117615, -0.016947558149695396, 0.022142956033349037, 0.012807908467948437, -0.027366138994693756, 0.0008755948510952294, 0.03331167623400688, 0.01635022647678852, -0.008668258786201477, -0.01885068602859974, 0.03500643000006676, -0.0025056686718016863, -0.003618720220401883, 0.018197787925601006, -0.020364852622151375, 0.01887846738100052, 0.007411083672195673, 0.00393475079908967, 0.001857980154454708, -0.02361544966697693, -0.01787828467786312, -0.00939755979925394, -0.011175664141774178, -0.0193368848413229, -0.01716982014477253, -0.010640843771398067, 0.00794590450823307, 5.2445615438045934e-05, -0.014252617955207825, -0.022142956033349037, 0.020753812044858932, 0.024587851017713547, 0.013030171394348145, 0.024087758734822273, -0.006626217160373926, -0.02096218429505825, 0.0004944484680891037, 0.0070429602637887, -0.034117378294467926, -0.018281135708093643, -0.002639373764395714, 0.005358623340725899, -0.007619455456733704, -0.02603255957365036, -0.0023407076951116323, 0.0008300135959871113, -0.026074234396219254, -0.004118812270462513, -0.011474329978227615, -0.007793098222464323, 0.0410631000995636, 0.016947558149695396, -0.013412185944616795, -0.02246245928108692, -0.04231332987546921, 0.04648075997829437, 0.0007275642128661275, -0.004403586499392986, -0.019725846126675606, 0.014217889867722988, 0.015266693197190762, 0.013891440816223621, 0.0014898569788783789, -0.01422483567148447, 0.0034798060078173876, -0.051314983516931534, 0.003287062281742692, -0.007758369669318199, 0.02524074725806713, 0.025504685938358307, 0.014780493453145027, 0.0023354985751211643, -0.01930910348892212, 0.0035909374710172415, -0.00834180973470211, -0.05137054622173309, 0.004660578444600105, 0.02019815519452095, -0.009043327532708645, -0.02911645919084549, -0.019573040306568146, 0.025588033720850945, 0.00803619809448719, 0.005709382239729166, 0.007605563849210739, -0.01293987687677145, -0.037201277911663055, -0.01576678454875946, 0.0010852687992155552, 0.008577964268624783, 0.0022087390534579754, -0.027546726167201996, 0.005323894787579775, -0.0046293227933347225, 0.01622520200908184, 0.006626217160373926, 0.00791117548942566, -0.00029193732189014554, -0.00859880167990923, -0.025643600150942802, -0.021656755357980728, -0.006709565874189138, -0.01821167953312397, -0.03331167623400688, 0.00893914233893156, 0.00788339227437973, 0.002740086754783988, -0.016419682651758194, 0.0031082099303603172, -0.023268163204193115, 0.013787254691123962, -0.03267266973853111, 0.01701701432466507, 0.015211127698421478, -0.028407996520400047, 0.016614163294434547, -0.013099628500640392, 0.006785968784242868, -0.03611774742603302, -0.002648055786266923, -0.17669913172721863, 0.025990886613726616, 0.040618572384119034, -0.03370063379406929, -0.0044001140631735325, 0.013023225590586662, -0.006709565874189138, 0.004924515727907419, -0.029172025620937347, -0.01544728223234415, 0.01263426523655653, -0.004386222455650568, -0.029283156618475914, -0.027643967419862747, -0.022962551563978195, -0.0006181691423989832, -0.0038930762093514204, -0.009196133352816105, 0.03028334118425846, 0.044869352132081985, 0.03925721347332001, -0.037506889551877975, 0.008744661696255207, -0.009383668191730976, -0.002601172309368849, -0.0043341293931007385, 0.01133541576564312, -0.0036430303007364273, 0.0009194397134706378, -0.023601558059453964, -0.011370143853127956, -0.008591855876147747, 0.021045532077550888, -0.019420234486460686, -0.00023854208120610565, -0.005528793204575777, 0.024768438190221786, -0.007105472031980753, -0.0001876429741969332, 0.020851053297519684, 0.012016096152365208, 0.0074735949747264385, -0.011272904463112354, 0.04753651097416878, 0.015989048406481743, 0.03458968922495842, 0.004573756828904152, -0.0016235621878877282, -0.0005847428110428154, -0.031116826459765434, 0.02468509040772915, -0.013106574304401875, -0.0002693637215998024, 0.01560008805245161, 0.024268347769975662, 0.02483789622783661, 0.012905148789286613, -0.006601907312870026, -0.026477085426449776, -0.026852155104279518, -0.0005022623809054494, -0.02689382992684841, 0.00574411079287529, -0.004045882262289524, -0.016947558149695396, 0.007459703832864761, -0.03092234767973423, 0.01441931538283825, -0.032283708453178406, -0.0022972971200942993, -0.004868949763476849, 0.026240931823849678, 0.024296129122376442, 0.010751974768936634, 0.005705909337848425, 0.021045532077550888, -0.01612796261906624, 0.012995443306863308, 0.00016051126294769347, -0.005643398035317659, -0.023934952914714813, 0.01378030888736248, 0.004535555373877287, 0.02944985404610634, -0.013446914963424206, -0.01671140268445015, -0.005969846621155739, 0.005327367689460516, -0.0046362681314349174, 0.0045598652213811874, 0.022531917318701744, -0.02661599963903427, -0.006869317498058081, -0.018558964133262634, 0.000981951248832047, -0.006872790399938822, 0.02071213908493519, 0.010001837275922298, 0.018836794421076775, -0.008029253222048283, 0.008084818720817566, -0.02019815519452095, -0.03225592523813248, 0.006601907312870026, 0.03959060460329056, 0.0038618205580860376, 0.02169843018054962, 0.010168534703552723, 0.039646171033382416, 0.014252617955207825, -0.02300422638654709, 0.00909194815903902, -0.01046720054000616, 0.032589320093393326, 0.010863106697797775, 0.05081488937139511, 0.00973095465451479, 1.6686008166288957e-05, 0.021003859117627144, -0.0059142811223864555, 0.06623438745737076, -0.014433206990361214, -0.0031064734794199467, 0.00582051370292902, 0.00951563660055399, -0.004816857166588306, -0.0831819474697113, -0.007570835296064615, -0.009543419815599918, 0.019503582268953323, -0.05706603825092316, -0.006695674266666174, -0.0035075887572020292, 0.04014626517891884, -0.00913362205028534, 0.04439704492688179, -0.049814704805612564, -0.03622887656092644, 0.009994891472160816, 0.032589320093393326, 0.002825171686708927, 0.005424607545137405, -0.0018718716455623507, 0.01573900319635868, 0.006282404065132141, 0.04009069874882698, -0.0066366358660161495, -0.026602109894156456, 0.010119915008544922, -0.020489875227212906, -0.02111499011516571, 0.009307265281677246, -0.01339829433709383, 0.002061142586171627, 0.016086287796497345, -0.0006602775538340211, 0.022768070921301842, -0.008320973254740238, 0.031033478677272797, -0.010932563804090023, -0.006893627345561981, -0.016766969114542007, -0.02942207083106041, -0.009140567854046822, 0.034450773149728775, 0.0038270920049399137, -0.01362750306725502, -0.01640579104423523, 0.02001756615936756, -0.012745397165417671, 0.012085553258657455, 0.013064900413155556, -0.050953805446624756, 0.049786925315856934, 0.02310146577656269, -0.043369077146053314, -0.0028216990176588297, -0.01803109049797058, -0.003122101305052638, -0.016489140689373016, 0.04681415483355522, 0.019045164808630943, 0.015725111588835716, 0.019420234486460686, 0.0058066220954060555, 0.04400808364152908, 0.004431369714438915, -0.0015671281144022942, 0.0043237111531198025, -0.003097791224718094, 0.0532875657081604, 0.02050376683473587, -0.024157214909791946, -0.0072721694596111774, 0.004941880237311125, -0.012398110702633858, -0.027907904237508774, -0.008848847821354866, -0.044258128851652145, 0.014099812135100365, 0.007008231710642576, 0.012335599400103092, 0.011932747438549995, -0.006390062626451254, 0.014051192440092564, -0.01732262596487999, 0.025074049830436707, -0.002217421308159828, 0.0029675590340048075, -0.0048585315234959126, 0.044535957276821136, 0.000996710848994553, -0.01591959036886692, 0.025074049830436707, -0.017586564645171165, -0.05734386667609215, 0.0028529546689242125, 0.0033912479411810637, 0.012877365574240685, -0.029783248901367188, 0.0007470990531146526, 0.013502480462193489, -0.009300319477915764, 0.017530998215079308, -0.011613244190812111, -0.004695306997746229, 0.0010236254893243313, -0.010897835716605186, -0.04217441380023956, 0.02829686552286148, 0.028185732662677765, -0.019197970628738403, -0.0033947208430618048, 0.006608853116631508, -0.011113152839243412, -0.013509426265954971, 0.005955955013632774, 0.018836794421076775, 0.021434493362903595, 0.019545257091522217, -0.0003742006956599653, -0.005278747528791428, -0.0020976075902581215, -0.0133218914270401, 0.0037055418360978365, -0.013926169835031033, 0.0003069140075240284, 0.012856528162956238, 0.015544522553682327, 0.005643398035317659, 0.015627870336174965, -0.00905721914023161, 0.0010609588352963328, -0.008418213576078415, 0.022170739248394966, 0.005226654466241598, -0.006157380994409323, -0.02111499011516571, 0.026088126003742218, -0.022115172818303108, 0.0005916885565966368, 0.012773179449141026, 0.024337803944945335, -0.019239645451307297, 0.017378192394971848, 0.019017381593585014, 0.027185549959540367, 0.011627135798335075, -0.026754915714263916, -0.01498886477202177, -0.008487670682370663, -0.020767703652381897, 0.0016409264644607902, -0.002380645601078868, -0.024282239377498627, -0.01376641821116209, 0.0036638674791902304, -0.005539211910218, 0.019364668056368828, 0.017586564645171165, -0.01948969066143036, -0.014099812135100365, -0.011772995814681053, -0.028394104912877083, 0.00520929042249918, 0.01057138666510582, 0.0070915804244577885, -0.015072213485836983, 0.027366138994693756, -0.00016181358660105616, -0.017405975610017776, -0.012821800075471401, -0.013370512053370476, -0.02450450137257576, -0.027852339670062065, 0.02758840098977089, 0.017517106607556343, -0.012870419770479202, -0.022420786321163177, 0.005841350648552179, -0.002753978129476309, 0.010474146343767643, 0.006303241476416588, 0.0059906840324401855, -0.024337803944945335, -0.014363749884068966, -0.01301627978682518, -0.010300503112375736, 0.0029953420162200928, -0.009939325973391533, 0.01594737358391285, 0.028560802340507507, 0.027880121022462845, 0.02710220031440258, -0.001393485115841031, 0.007011704612523317, 0.005268328823149204, 0.001663499977439642, -0.029616551473736763, 0.007591672241687775, -0.020364852622151375, 0.008959979750216007, 0.006546341348439455, 0.015155562199652195, -0.032644886523485184, 0.009328102692961693, 0.03653448820114136, 0.006779022980481386, 0.0026966759469360113, 0.008689096197485924, 0.005035647191107273, -0.016475249081850052, -0.009925434365868568, -0.0100504569709301, -0.04189658537507057, -0.028269082307815552, -0.001317082205787301, 9.774202226253692e-06, -0.02618536539375782, 0.005476700607687235, -0.026879938319325447, 0.0045147184282541275, 0.0022677776869386435, 0.008258461952209473, 0.005966373719274998, -0.022351328283548355, -0.02710220031440258, 0.013287163339555264, 0.01765602082014084, 0.0025386607740074396, -0.0036916504614055157, -0.02944985404610634, 0.0412575788795948, 0.013828929513692856, -0.026102017611265182, -0.045425012707710266, 0.015683436766266823, -0.015725111588835716, -0.00449040811508894, 0.019059056416153908, -0.010557495057582855, 0.0020073133055120707, 0.017794935032725334, -0.022115172818303108, 0.006733875721693039, -0.009460071101784706, -0.040312960743904114, 0.0834597796201706, 0.01080059539526701, 0.017155928537249565, -0.010613060556352139, 0.010738084092736244, 0.026143692433834076, 0.013794200494885445, 0.01650303229689598, -0.008334864862263203, -0.030561169609427452, 0.004462625365704298, 0.001502012019045651, 0.0008278430323116481, -0.027171658352017403, -0.0008165562758222222, 0.01928132027387619, 0.006108761299401522, 0.015099995769560337, -0.014120649546384811, -0.014058138243854046, 0.009189188480377197, -0.005612141918390989, 0.03397846594452858, 0.005035647191107273, -0.0016643682029098272, 0.006056668236851692, 0.002863373141735792, 0.02037874422967434, -0.017461540177464485, -0.023170923814177513, 0.012474513612687588, 0.03153356909751892, -0.00032644884777255356, -0.012981551699340343, -0.02462952397763729, 0.0030092333909124136, -0.00505648460239172, 0.003278380027040839, -0.001781577244400978, -0.0018788173329085112, 0.006779022980481386, -0.0024883043952286243, -0.025560250505805016, -0.009925434365868568, -0.009196133352816105, -0.011397927068173885, -0.0041049206629395485, -0.00026914666523225605, -0.03270045295357704]","[-0.01934434100985527, -0.0006962179322727025, -0.007565428037196398, -0.011442373506724834, -0.03815021738409996, 0.024042446166276932, -0.00018162664491683245, -0.013326999731361866, -0.012256801128387451, -0.011826029047369957, 0.02723284810781479, -0.01873856969177723, -0.0011526508023962379, -0.008507740683853626, -0.004122619982808828, 0.008951974101364613, 0.009517362341284752, -0.006333690136671066, 0.008009660989046097, -0.014807777479290962, 0.022575128823518753, -0.005451954435557127, -0.004058677237480879, 0.00019193318439647555, -0.010722177103161812, 0.007013501599431038, 0.02350398153066635, -0.02095973491668701, 0.038392528891563416, 0.004280793946236372, 0.020986659452319145, -0.0004412885755300522, -0.023786675184965134, -0.038311757147312164, -0.007740429136902094, -0.004721661563962698, 0.024136677384376526, -0.007949084043502808, 0.027730928733944893, 0.024580910801887512, 0.030342482030391693, 0.000794235325884074, -0.005798590835183859, -0.02121550589799881, -0.009564477950334549, 0.02289820834994316, 0.009651978500187397, -0.02234628237783909, 0.012997189536690712, 0.014902008697390556, 0.01680009625852108, 0.0006882250891067088, -0.03427327424287796, -0.0036716556642204523, -0.015278933569788933, -0.008985628373920918, 0.006932732183486223, 0.019573189318180084, 0.006939462851732969, 0.0026553035713732243, 0.04189254716038704, 0.012196223251521587, -0.014094311743974686, -0.004513006657361984, -0.01875203102827072, -0.0027899197302758694, 0.008238508366048336, -0.010998140089213848, -0.0008834185427986085, -0.003940887749195099, 0.029427090659737587, 0.0038567527662962675, -0.03823098912835121, 0.012142376974225044, 0.013629885390400887, -0.016450094059109688, -0.03518866375088692, 0.0246886033564806, -0.010459675453603268, -0.01204814575612545, 0.001849289401434362, -0.022911669686436653, -0.02040780894458294, 0.017419330775737762, 0.0034360773861408234, 0.003060834715142846, 0.02187512442469597, 0.021121274679899216, 3.644101525424048e-05, -0.014430851675570011, -0.0033351152669638395, 0.012021223083138466, 0.0009019282297231257, -0.010325059294700623, -0.007114463951438665, -0.01605970785021782, -0.014498160220682621, 0.015023162588477135, -0.007780813612043858, -0.008285623975098133, -0.012014491483569145, 0.01188660692423582, -0.017177021130919456, -0.004906758666038513, -0.013528923504054546, 0.010621214285492897, -0.019425110891461372, -0.035780973732471466, 0.041865624487400055, -0.01227699313312769, 0.00256780325435102, 0.022911669686436653, -0.00977313332259655, 0.0076865823939442635, -0.01418854296207428, 0.008285623975098133, 0.015292394906282425, -0.027757851406931877, -0.011415449902415276, -0.012101992033421993, 0.0005813735187985003, 0.02155204676091671, 0.015009701251983643, -0.006374075077474117, 0.019438572227954865, 0.016719326376914978, -0.02604822628200054, -0.02323474921286106, -0.0037154059391468763, -0.0007900285418145359, 0.024527063593268394, 0.013010651804506779, 0.02824246883392334, 0.022373205050826073, -0.014902008697390556, -0.009847171604633331, -0.008851012215018272, -0.0035303086042404175, -0.009726016782224178, -0.020582810044288635, 0.004694738425314426, 0.018038565292954445, -0.002313715172931552, -0.011799106374382973, -0.025280913338065147, 0.050104133784770966, 0.007652928587049246, -0.00475195050239563, -0.00807023886591196, 0.01261353399604559, -0.01298372820019722, -0.010486598126590252, -0.008386586792767048, -0.00790196843445301, 0.005835610441863537, -0.0023507345467805862, 0.0005700152833014727, -0.010338520631194115, 0.006788019556552172, -0.014484697952866554, 0.013636616058647633, 0.013219306245446205, -0.003957714885473251, -0.02035396173596382, 0.01565585844218731, 0.02060973271727562, 0.030692484229803085, -0.0032947303261607885, 0.0014740468468517065, -0.010069288313388824, -0.011529874056577682, 0.019048186019062996, -0.041138697415590286, 0.0211481973528862, -0.02229243516921997, -0.015023162588477135, -0.00920774508267641, 0.01980203576385975, -0.02135012298822403, -0.014403929002583027, -0.008272162638604641, 0.019788574427366257, 0.007949084043502808, 0.044881027191877365, -0.01947895810008049, -0.0030776618514209986, -0.0031786239705979824, -0.0024718891363590956, -0.014202004298567772, 0.007154848426580429, -0.009786594659090042, -0.00017973360081668943, 0.008440433070063591, -0.02242705225944519, -0.6004957556724548, -0.005700994282960892, 0.0011551749194040895, -0.010486598126590252, -0.030557867139577866, -0.0071683102287352085, -0.018778953701257706, 0.003500020131468773, -0.02074434980750084, 0.04121946543455124, -0.014942393638193607, 0.012519302777945995, 0.011556796729564667, 0.01007601898163557, 0.0016742884181439877, -0.009530823677778244, 0.039980996400117874, -0.04041177034378052, -0.00147236417979002, 0.00021012740035075694, 0.006986578460782766, 0.015682782977819443, -0.009658709168434143, -0.003249297384172678, -0.017230868339538574, 0.016517402604222298, 0.016153939068317413, -0.007329849526286125, 0.011462565511465073, 0.00615868903696537, -0.02262897603213787, 0.0293193981051445, -0.006192343309521675, -0.003967811353504658, 0.056646477431058884, 0.0006015659309923649, -0.007390426937490702, 0.026425151154398918, -0.009853902272880077, 0.03613097593188286, -0.0059163798578083515, -0.013192383572459221, 0.02610207162797451, 0.00017436998314224184, -0.015453934669494629, 0.009665439836680889, 0.04251178354024887, -0.01801164075732231, -0.0032291049137711525, 0.005717821419239044, 0.019640497863292694, 0.005273588001728058, 0.006165419705212116, 0.01302411314100027, 0.020178962498903275, -0.00906639825552702, 0.02650592103600502, -0.013535654172301292, 0.014309696853160858, 0.00757888937368989, -0.010022172704339027, 0.005495704710483551, -0.033438652753829956, -0.0018341451650485396, 0.0007517471094615757, 0.004062042571604252, 0.04552718251943588, -0.022305896505713463, -0.02108089067041874, -0.009860632941126823, -0.0021538585424423218, -0.0035706935450434685, -0.013825079426169395, 0.0013007286470383406, 0.013629885390400887, 0.022575128823518753, -0.007491388823837042, -0.04630795866250992, -0.028430931270122528, 0.005694263149052858, 0.01288276631385088, 0.0035168470349162817, -0.013562577776610851, 0.005512531381100416, 0.02249435894191265, -0.016652017831802368, -0.01794433407485485, 0.0005935730878263712, -0.0011543335858732462, 0.02503860555589199, 0.026263611391186714, 0.01345488429069519, 0.003383913543075323, -0.0016692403005436063, 0.016288554295897484, 0.03491942957043648, -0.0001529155415482819, 0.017715485766530037, 0.015184702351689339, -0.04248485714197159, -0.029669400304555893, 0.004906758666038513, 0.008413509465754032, 0.009443323127925396, 0.05126183107495308, 0.008379856124520302, -0.030665559694170952, 0.012095261365175247, 0.039980996400117874, -0.018819337710738182, 0.000877529033459723, -0.02937324531376362, 0.004338005557656288, -0.010991409420967102, -0.005125510040670633, -0.023584749549627304, 0.02791939117014408, -0.004240409005433321, -0.011166410520672798, -0.014040464535355568, 0.02200974151492119, 0.02060973271727562, 0.018092410638928413, -0.010735638439655304, -0.015898168087005615, -0.0038130024913698435, 0.0067610964179039, -0.012061607092618942, -0.006986578460782766, 0.018509721383452415, 0.016302015632390976, -0.028888626024127007, 0.035834819078445435, -0.013461615890264511, 0.022790515795350075, -0.01733856089413166, 0.00950390100479126, 0.017971256747841835, 0.017823178321123123, 0.008958704769611359, 0.0005700152833014727, 0.016719326376914978, 0.014013541862368584, 0.009180821478366852, 0.008292355574667454, -0.02530783787369728, -0.02034050039947033, 0.023584749549627304, -0.010930831544101238, 0.019357802346348763, -0.009921210817992687, -0.014053926803171635, -0.006932732183486223, -0.012573149055242538, -0.0024146772921085358, -0.0010828187223523855, -0.0022396761924028397, -0.00802985392510891, -0.015575089491903782, -0.02549630030989647, -0.022103972733020782, 0.028430931270122528, -0.03152710199356079, -0.0007294513052329421, -0.0026502555701881647, -0.024850143119692802, -0.005149067845195532, 0.011031794361770153, -0.0001144237321568653, -0.030827099457383156, -0.026277072727680206, 0.017284713685512543, -0.014309696853160858, 0.005855802912265062, -0.007403888739645481, 0.015534704551100731, -0.03125787153840065, -0.01155006606131792, -0.019169339910149574, 0.00736350379884243, 0.0036783863324671984, -0.0031247774604707956, 0.005855802912265062, -0.030369404703378677, 0.027003999799489975, 0.02697707712650299, 0.021430891007184982, 0.018227027729153633, -0.021646277979016304, 0.01369046326726675, -0.009315437637269497, -0.005758205894380808, -0.033223267644643784, -0.0120077608153224, 9.197017789119855e-05, 0.011401988565921783, 0.017284713685512543, -0.0003161376225762069, -0.005768302362412214, 0.02677515335381031, 0.0019132321467623115, 0.006899077910929918, 0.01926357112824917, -0.00528704933822155, 0.011099101975560188, -0.022521283477544785, -0.00523656839504838, -0.007875044830143452, 0.011630835942924023, 0.0027192463167011738, 0.0022245319560170174, -0.01124044880270958, 0.014148158021271229, -0.013306806795299053, 0.004920220468193293, 0.040196385234594345, -0.010998140089213848, 0.00014870878658257425, 0.0008497645030729473, 0.013414500281214714, 0.007302926387637854, -0.006814942695200443, 0.010277943685650826, -0.003355307737365365, 0.01422892790287733, 0.029157858341932297, 0.009086590260267258, -0.006804846692830324, -0.008541394956409931, -0.028430931270122528, 0.008420240134000778, 0.028565548360347748, -0.013932771980762482, -0.005559646990150213, -0.0033132401295006275, 0.009948133490979671, 0.012458724901080132, 0.0004900869680568576, 0.004378390498459339, -0.03171556442975998, 0.010722177103161812, 0.002269964898005128, -0.0018980877939611673, -0.015292394906282425, 0.008312547579407692, -0.003419250249862671, 0.011132756248116493, 0.00943659245967865, 0.0021336660720407963, 0.034784816205501556, -0.018159719184041023, 0.03238864615559578, -0.014094311743974686, -0.02234628237783909, 0.013777963817119598, -0.028269393369555473, 0.005313972942531109, 0.01435008179396391, 0.016477016732096672, 0.04972720891237259, 0.0042202165350317955, -0.0049134897999465466, 0.03720790520310402, -0.015884706750512123, -0.006320228334516287, -0.022332821041345596, -0.03852714225649834, -0.0014420755906030536, -0.022036664187908173, -0.018577029928565025, 0.014753930270671844, -0.04248485714197159, 0.0008733223075978458, -0.008117354474961758, 0.02421744540333748, -0.009396207518875599, 0.018119335174560547, 0.0059500341303646564, 0.004842816386371851, -0.004502910189330578, -0.05540800839662552, 0.0052231065928936005, 0.006959655322134495, 0.01014332752674818, 0.006306766998022795, -0.0350540466606617, -0.02135012298822403, 0.01573662832379341, 0.010917370207607746, 0.008474087342619896, 0.01549431961029768, 0.012775072827935219, 0.016840480268001556, -0.024405909702181816, 0.004290889948606491, 0.014592391438782215, 0.04062715545296669, -0.007316388189792633, 0.00042425122228451073, -0.0081712007522583, 0.03435404226183891, 0.020461656153202057, -0.021915510296821594, -0.04062715545296669, 0.03150017932057381, -0.0008274686988443136, -0.011852952651679516, -0.03166171908378601, 0.02717900089919567, -0.010365444235503674, -0.024715526029467583, -0.019128955900669098, 0.010028903372585773, 0.014175080694258213, -0.03502712398767471, -0.014255850575864315, -0.0396040715277195, -0.021511660888791084, 0.007101002149283886, 0.036050207912921906, -0.014444313012063503, -0.009907749481499195, -0.04994259402155876, 0.017230868339538574, 0.04194639250636101, 0.0006427921471185982, -0.017917409539222717, 0.0011526508023962379, -0.013030843809247017, 0.004755315836519003, -0.01725779101252556, 0.000863226072397083, 0.010776023380458355, 0.01499623991549015, 0.014632776379585266, -0.011839490383863449, -0.01020390447229147, 0.014646237716078758, 0.011516411788761616, -0.015548165887594223, 0.01138179562985897, -0.01391931064426899, -0.013347191736102104, -0.02296551689505577, 0.013825079426169395, -0.024607833474874496, 0.0060846502892673016, 0.023328980430960655, 0.034973278641700745, 0.022709745913743973, 0.007545235566794872, 0.006138496566563845, 0.009564477950334549, -0.031688641756772995, -0.015278933569788933, 0.0006453162059187889, 0.02851170115172863, 0.02040780894458294, 0.007794275414198637, 0.06919270008802414, 0.0320117212831974, 0.04086946323513985, -0.005633686203509569, 0.004068773239850998, 0.01966742053627968, 0.021309737116098404, -0.0053880116902291775, 0.00840004812926054, 0.019102033227682114, -0.00042509258491918445, -0.018388567492365837, -0.00207477156072855, 0.02529437467455864, 0.0016919567715376616, -0.03508096933364868, -0.018630875274538994, -0.030073249712586403, -0.017715485766530037, 0.018778953701257706, 0.02301936224102974, -0.010156788863241673, -0.021040504798293114, 0.002140396973118186, -0.04243101179599762, -0.014323159120976925, -0.016355862841010094, 0.019828960299491882, 0.007074079010635614, 0.004580314736813307, -0.033034805208444595, -0.03963099792599678, 0.00019887433154508471, -0.026923231780529022, 0.008326008915901184, -0.017850102856755257, -0.01787702552974224, -0.016221247613430023, 0.04283485934138298, 0.007033694069832563, 0.020394347608089447, 0.01747317612171173, -0.010190443135797977, 0.007006770931184292, 0.011442373506724834, -0.024661678820848465, -0.0160058606415987, -0.031365565955638885, -0.020300116389989853, -0.011987568810582161, 0.0027949679642915726, 0.02342321164906025, 0.01706932857632637, -0.02590014785528183, 0.029750170186161995, -0.0005611811066046357, -0.005492338910698891, 0.030369404703378677, -0.007619274314492941, 0.015373164787888527, -0.002988478634506464, 0.006549076177179813, 0.0396040715277195, 0.008824088610708714, 0.00807023886591196, 0.02751554176211357, 0.0008207378559745848, -0.020986659452319145, 0.00709427148103714, 0.01265391893684864, -0.001795443007722497, 0.01124044880270958, -0.009941402822732925, -0.03949638083577156, -0.008750050328671932, -0.006569268181920052, -0.003937522415071726, 0.02087896503508091, 0.008514471352100372, -0.015830859541893005, 0.009551016613841057, 0.009564477950334549, 0.0186174139380455, 0.0007622639532200992, -0.0012048146454617381, -0.01927703432738781, -0.006717346142977476, 0.044611793011426926, -0.0011686364887282252, -0.006320228334516287, -0.00097933248616755, -0.005482242908328772, -0.005751475226134062, -0.003738963743671775, -0.008649087511003017, 0.0072019645012915134, 0.02684246189892292, -0.0016229660250246525, -0.014040464535355568, -0.006616384256631136, 0.006498594768345356, 0.024809757247567177, 0.012976997531950474, -0.013320268131792545, 0.030100172385573387, -0.02805400639772415, -0.0025257356464862823, -0.014161619357764721, -0.004115888848900795, 0.0012906324118375778, -0.03421942517161369, -0.0024937642738223076, 0.011644297279417515, -0.004193293396383524, 0.016167400404810905, 0.012680841609835625, 0.003028863575309515, 0.012694303877651691, -0.021121274679899216, -0.017715485766530037, -0.022400127723813057, -0.005711090285331011, -0.01673278771340847, 0.021821279078722, 0.03494635224342346, 0.005684167146682739, -0.0003689324075821787, 0.030369404703378677, -0.01767510175704956, 0.008406778797507286, -0.006481768097728491, 0.029292475432157516, -0.010109673254191875, -0.021430891007184982, 0.004028388299047947, 0.014902008697390556, 0.02102704346179962, 0.027017462998628616, 0.0049538747407495975, 0.008689472451806068, 0.035915590822696686, -0.023382825776934624, -0.010008711367845535, -0.030019402503967285, -0.05454646423459053, -0.01580393686890602, 0.02195589430630207, 0.024257831275463104, -0.006071188487112522, -0.021228967234492302, 0.014794315211474895, -0.004640892148017883, 0.007047155871987343, -0.006740903947502375, 0.020892426371574402, 0.016302015632390976, -0.0046981037594377995, 0.014444313012063503, -0.014578929170966148, 0.002542562549933791, -0.0008758463663980365, -0.003082709852606058, -0.026613613590598106, -0.004691373091191053, -0.0073365806601941586, -0.008736588060855865, 0.03906560689210892, 0.0014370274730026722, -0.0036279053892940283, -0.04205408692359924, 0.018496260046958923, -0.023113593459129333, -0.015777014195919037, -0.0001475519238738343, -0.0016456824960187078, -0.010755830444395542, -0.01934434100985527, -0.0047822389751672745, -0.011974106542766094, -0.015413549728691578, 0.015319318510591984, -0.00687552010640502, 0.005216375924646854, -0.03971176594495773, -0.028619393706321716, -0.02837708592414856, -0.023315517231822014, 0.05540800839662552, 0.013226036913692951, 0.022534744814038277, 0.02254820615053177, -0.00019750713545363396, -0.007659659255295992, 0.011213526129722595, -1.0299976565875113e-05, 0.004277428146451712, 0.03836560249328613, 0.038177140057086945, -0.00930870696902275, -0.026155918836593628, -0.004398582968860865, -0.03281942009925842, -0.02322128601372242, 0.0015396722592413425, 0.03699252009391785, 0.025913609191775322, -0.006952924188226461, -0.004714930895715952, 0.016719326376914978, -0.035107892006635666, 0.019250109791755676, -0.026990538462996483, -0.006498594768345356, 0.02069050259888172, -0.021053966134786606, -0.025052066892385483, 0.011045255698263645, 0.0009885873878374696, 0.030611714348196983, -0.004694738425314426, 0.00267044804058969, -0.01144910417497158, 0.014807777479290962, -0.007020232267677784, 0.02891555055975914, 0.011489489115774632, 0.018657799810171127, -0.01794433407485485, -0.011772182770073414, 0.018173180520534515, 0.01412123441696167, 0.014255850575864315, -0.00348992389626801, 0.006764461752027273, 0.026088610291481018, 0.00534089608117938, 0.0015615473967045546, -0.008238508366048336, 0.019586650654673576, -0.0064784022979438305, 0.0162616316229105, -0.01926357112824917, -0.028430931270122528, -0.013865464366972446, -0.017042405903339386, 0.03152710199356079, 0.009052935987710953, -0.007841391488909721, -0.01826741173863411, -0.006798116024583578, -0.00682503916323185, -0.029211705550551414, 0.0073365806601941586, -0.015023162588477135, -0.029077090322971344, 0.02709823288023472, -0.016315478831529617, -0.003198816440999508, 0.034973278641700745, -0.002988478634506464, -0.011543335393071175, 0.03228095546364784, 0.034704044461250305, -0.026936693117022514, 0.011038525030016899, -0.020650118589401245, -0.018846262246370316, -0.015332779847085476, 0.02168666198849678, -0.01646355539560318, -0.014578929170966148, 0.0016170765738934278, -0.0013512097066268325, -0.02155204676091671, 0.0005603397730737925, 0.005758205894380808, 0.009853902272880077, -0.02160589210689068, -0.010459675453603268, 0.0009372649947181344, -0.009645247831940651, 0.032442495226860046, -0.015817398205399513, -0.025455914437770844, 0.025873225182294846, 0.0016768125351518393, -0.031688641756772995, -0.030934792011976242, 0.011913529597222805, -0.022319357842206955, -0.024325139820575714, 0.026802076026797295, -0.019398188218474388, -0.01799817942082882, -0.02824246883392334, 0.0008123243460431695, 0.010661599226295948, -0.014565467834472656, -0.019761651754379272, -0.019371265545487404, -0.006205804646015167, -0.010486598126590252, 0.020044345408678055, 0.021969355642795563, -0.006374075077474117, 0.007188502699136734, -0.00408560037612915, -0.0017281349282711744, 0.016652017831802368, -0.024109752848744392, -0.0014378688065335155, -0.00862889550626278, -0.04458487033843994, -0.03166171908378601, 0.0046577188186347485, -0.004159639123827219, 0.053523384034633636, 0.022117434069514275, 0.009557747282087803, -0.004725026898086071, -0.00659282598644495, -0.02195589430630207, -0.01926357112824917, -0.016369324177503586, 0.0055158971808850765, 0.02370590530335903, 0.012788535095751286, 0.013468346558511257, 0.007976007647812366, 0.0024146772921085358, 0.01840202882885933, -0.040250230580568314, 0.00228510913439095, 0.0011837808415293694, -0.021107813343405724, 0.0020764542277902365, 0.004078869707882404, -0.034246351569890976, -0.014525082893669605, 0.0029935266356915236, 0.022803977131843567, 0.018025103956460953, 0.02482321858406067, 0.02095973491668701, -0.006858692970126867, -0.010197173804044724, -0.039927151054143906, -0.01435008179396391, -0.012472187168896198, 0.04603872448205948, -0.016288554295897484, -0.02242705225944519, -0.00029257978894747794, -0.017648177221417427, -0.0034730967599898577, -0.002857227809727192, 0.020030884072184563, -0.006788019556552172, -0.0026283804327249527, -0.029292475432157516, -0.004647622816264629, -0.02851170115172863, -0.022036664187908173, 0.0429694764316082, -0.0079625453799963, 0.010170250199735165, 0.04016946256160736, -0.007181772030889988, -0.0013343826867640018, -0.0010945976246148348, 0.000799704110249877, -0.0016810192028060555, -0.001744961948134005, 0.007599081844091415, -0.01772894710302353, 0.003638001624494791, -0.0010920735076069832, 0.025657840073108673, -0.015184702351689339, 0.004388486500829458, -0.014794315211474895, -0.0028639587108045816, -0.036050207912921906, 0.003594251349568367, 0.014067388139665127, 0.013932771980762482, 0.0026771787088364363, 0.02689630724489689, -0.017230868339538574, 0.0012771707260981202, -0.04490794986486435, -0.023934751749038696, -0.007679851725697517, 0.0009944768389686942, 0.005536089185625315, -0.005801956169307232, -0.023571288213133812, -0.0021959259174764156, 0.028754010796546936, 0.005371184553951025, 0.003937522415071726, 0.21226274967193604, -0.016221247613430023, 0.0036009822506457567, 0.00877024233341217, -0.006609653122723103, -0.0017702024197205901, 0.021067427471280098, 0.010049096308648586, 0.003738963743671775, 0.028269393369555473, -0.021915510296821594, 0.016746249049901962, -0.002919487887993455, -0.00916736014187336, -0.009786594659090042, -0.021309737116098404, -0.042861782014369965, -0.017486639320850372, -0.013798155821859837, -6.336424848996103e-05, 0.037854064255952835, 0.011422180570662022, 0.008615434169769287, -0.011711605824530125, 0.01794433407485485, 0.01288276631385088, -0.002461792901158333, -0.003681751899421215, 0.001193877076730132, -0.01037217490375042, -0.024042446166276932, -0.015884706750512123, 0.015023162588477135, 0.02797323651611805, -0.017688563093543053, -0.01585778221487999, 0.022184742614626884, -0.006182246841490269, 0.011637566611170769, -0.00138907041400671, -0.008904858492314816, -0.0244328323751688, 0.04124638810753822, 0.0012578197056427598, -0.006337055470794439, -0.004576949402689934, -0.01227699313312769, -0.017917409539222717, 0.025186682119965553, 0.009133705869317055, -0.03333095833659172, -0.00044255060493014753, 0.03279249370098114, 0.015252009965479374, -0.011852952651679516, -0.01706932857632637, 0.03502712398767471, -0.003920695744454861, -0.008184662088751793, 0.01767510175704956, -0.026990538462996483, 0.012135646305978298, 0.003927426412701607, 0.0036211744882166386, 0.005647147540003061, -0.0267078448086977, -0.01680009625852108, -0.011482758447527885, -0.009948133490979671, -0.021592430770397186, -0.010123134590685368, -0.01298372820019722, 0.008904858492314816, 0.006168785504996777, -0.009342361241579056, -0.020313577726483345, 0.02020588517189026, 0.02248089760541916, 0.01760779321193695, 0.027138616889715195, 0.001962030539289117, -0.01873856969177723, 0.009544285014271736, 0.008083700202405453, -0.035242509096860886, -0.019842421635985374, -0.0026822269428521395, 0.006131765898317099, -0.00757888937368989, -0.025819377973675728, -0.007060617208480835, -0.005162529647350311, -0.025280913338065147, -0.008258701302111149, -0.00833273958414793, -0.0065591721795499325, 0.038311757147312164, 0.017648177221417427, -0.01599239930510521, -0.023517442867159843, -0.04035792499780655, 0.04070792347192764, -0.007652928587049246, -0.001751692732796073, -0.022857822477817535, 0.0077740829437971115, 0.015696244314312935, 0.014821238815784454, 0.001109741977415979, -0.01080294605344534, 0.0030877580866217613, -0.04945797473192215, 0.003880310570821166, -0.005488973576575518, 0.019061647355556488, 0.02896939590573311, 0.005764937028288841, -0.002138714073225856, -0.028134776279330254, 0.005946668796241283, 0.001080294605344534, -0.050292596220970154, -0.007134656421840191, 0.016450094059109688, -0.0014530131593346596, -0.028161698952317238, -0.00763273611664772, 0.021565508097410202, 0.0071211946196854115, 0.0015842638676986098, 0.00763273611664772, -0.014592391438782215, -0.03680405765771866, -0.01014332752674818, -0.0010129865258932114, 0.005458685103803873, 0.005832245107740164, -0.021928971633315086, 0.01214910764247179, -0.0091404365375638, 0.020232807844877243, 0.012075069360435009, -0.00021812024351675063, -0.004906758666038513, -0.010251020081341267, -0.029023243114352226, -0.02141742967069149, -0.006162054371088743, -0.019573189318180084, -0.0352155864238739, 0.014296235516667366, 0.0037524253129959106, 0.0031281427945941687, -0.016355862841010094, 0.005852437578141689, -0.02483667992055416, 0.01780971698462963, -0.0358886681497097, 0.01759433187544346, 0.015453934669494629, -0.03058478981256485, 0.009981787763535976, -0.008393317461013794, 0.012290455400943756, -0.03300788253545761, 0.0008808944839984179, -0.16907788813114166, 0.02423090860247612, 0.045742571353912354, -0.036454055458307266, -0.012552956119179726, 0.018186641857028008, -0.006986578460782766, 0.005485608242452145, -0.026290535926818848, -0.016719326376914978, 0.011260641738772392, -0.005108682904392481, -0.02074434980750084, -0.029884787276387215, -0.021498199552297592, -0.0009835392702370882, -0.004055311903357506, -0.012512571178376675, 0.024123214185237885, 0.0416233167052269, 0.03850021958351135, -0.03796175494790077, 0.00637744041159749, -0.015009701251983643, -0.0015909946523606777, -0.012526033446192741, -0.00021507033670786768, -0.005364453885704279, 0.0015649128472432494, -0.02275012992322445, -0.011469296179711819, -0.009450053796172142, 0.019371265545487404, -0.008016391657292843, 0.006175516173243523, -0.005445223301649094, 0.02055588737130165, 0.002858910709619522, 0.0026906405109912157, 0.022400127723813057, 0.011603912338614464, 0.012081800028681755, -0.0048226239159703255, 0.04496179521083832, 0.014982777647674084, 0.040734849870204926, 0.002138714073225856, 0.0037524253129959106, -0.007013501599431038, -0.029615554958581924, 0.024648217484354973, -0.0018964051268994808, -0.0038668490014970303, 0.00889812782406807, 0.02463475614786148, 0.021511660888791084, 0.01271449588239193, -0.0009229620336554945, -0.01834818162024021, -0.02750208042562008, -0.0012780121760442853, -0.022642437368631363, 0.00593993766233325, -0.0016616681823506951, -0.014430851675570011, 0.00550580071285367, -0.03526943176984787, 0.01007601898163557, -0.04305024817585945, -0.005785129498690367, -0.0035706935450434685, 0.02918478287756443, 0.02583283931016922, 0.0060005150735378265, -0.0033485768362879753, 0.023840520530939102, -0.016153939068317413, 0.011482758447527885, 0.001817318145185709, -0.00448271818459034, -0.020327039062976837, 0.009389476850628853, 0.004718296229839325, 0.023463595658540726, -0.0053072418086230755, -0.014134696684777737, -0.004189928062260151, 0.004112523514777422, -0.008655819110572338, -0.005552916321903467, 0.017903948202729225, -0.021471276879310608, -0.0066029224544763565, -0.01926357112824917, 0.0019317418336868286, -0.017055867239832878, 0.02155204676091671, 0.009779863990843296, 0.014094311743974686, -0.017082789912819862, 0.007323118858039379, -0.008972167037427425, -0.038392528891563416, 9.212792792823166e-05, 0.04261947423219681, 0.004317813087254763, 0.01673278771340847, 0.016773173585534096, 0.031096331775188446, 0.015023162588477135, -0.020905889570713043, 0.014511621557176113, -0.006613018456846476, 0.03680405765771866, 0.006892347242683172, 0.04342717304825783, 0.013535654172301292, -0.007827929221093655, 0.01953280344605446, -0.0014757296303287148, 0.05869264528155327, -0.016167400404810905, -0.010230828076601028, 0.0077336980029940605, 0.007841391488909721, -0.00458368007093668, -0.07947737723588943, -0.003419250249862671, -0.011637566611170769, 0.01941164955496788, -0.059931110590696335, -0.006414460018277168, 0.002200974151492119, 0.041138697415590286, -0.012001030147075653, 0.041731007397174835, -0.04576949402689934, -0.028538625687360764, 0.011361603625118732, 0.02791939117014408, 0.006141861900687218, 0.001098804408684373, 0.0016456824960187078, 0.010856793262064457, 0.011173141188919544, 0.03570020571351051, -0.012943343259394169, -0.02756938897073269, 0.013865464366972446, -0.018321258947253227, -0.0195462666451931, 0.005606763064861298, -0.010782754048705101, -0.00053131312597543, 0.009571208618581295, 0.0023372729774564505, 0.02677515335381031, -0.00321396067738533, 0.029104012995958328, -0.012202954851090908, -0.004075503908097744, -0.015292394906282425, -0.032361723482608795, -0.011751990765333176, 0.03914637863636017, 0.0066433073952794075, -0.016544325277209282, -0.018590491265058517, 0.02075781114399433, -0.007033694069832563, 0.015844320878386497, 0.013226036913692951, -0.04891951009631157, 0.053981076925992966, 0.020098192617297173, -0.037584830075502396, 0.0015009701019153, -0.012902958318591118, -0.0012611851561814547, -0.019290495663881302, 0.0507233664393425, 0.017378944903612137, 0.021000120788812637, 0.030073249712586403, 0.004240409005433321, 0.0481925830245018, 0.015750089660286903, -0.005128875374794006, -0.002709150081500411, 0.0005254236748442054, 0.0468464232981205, 0.020434731617569923, -0.03174249082803726, -0.005229837726801634, 0.003779348451644182, -0.01579047553241253, -0.020730888471007347, -0.016625095158815384, -0.042134854942560196, 0.010123134590685368, 0.00491685513406992, 0.017836639657616615, 0.013730848208069801, 0.002306984271854162, 0.013986618258059025, -0.016113553196191788, 0.019909730181097984, -0.0003579948388505727, -0.00040700353565625846, -0.0037961755879223347, 0.04636180400848389, 0.00011684261698974296, -0.01285584270954132, 0.028161698952317238, -0.021928971633315086, -0.057454176247119904, 0.007666389923542738, 0.004600507207214832, 0.011657758615911007, -0.026128996163606644, 0.004896662663668394, 0.013589500449597836, -0.0037961755879223347, 0.018980877473950386, -0.01124044880270958, -0.012101992033421993, 5.8263554819859564e-05, -0.012357763014733791, -0.042807936668395996, 0.023611674085259438, 0.03553866595029831, -0.014861623756587505, 0.004516371991485357, 0.00567407114431262, -0.011502950452268124, -0.007397157605737448, 0.005835610441863537, 0.013528923504054546, 0.024917449802160263, 0.021296275779604912, 0.0005132241058163345, -0.0037154059391468763, -0.006468306295573711, -0.011738528497517109, 0.003769252449274063, -0.021659739315509796, 0.0005700152833014727, 0.005727917421609163, 0.014309696853160858, 0.005613493733108044, 0.013528923504054546, -0.007154848426580429, 0.009254860691726208, -0.00903947465121746, 0.013528923504054546, 0.00983371026813984, -0.0006751841283403337, -0.020111653953790665, 0.02544245310127735, -0.018644336611032486, -0.00028016988653689623, 0.014377005398273468, 0.019317418336868286, -0.020852042362093925, 0.015965476632118225, 0.016302015632390976, 0.026788614690303802, 0.004499544855207205, -0.03281942009925842, -0.01354911644011736, -0.013286614790558815, -0.01927703432738781, 0.007403888739645481, -0.002306984271854162, -0.02322128601372242, -0.011657758615911007, 0.004045215435326099, -0.0054553197696805, 0.013434692285954952, 0.016746249049901962, -0.016975097358226776, -0.02429821528494358, -0.011220256797969341, -0.03039632737636566, 0.009732748381793499, 0.01047313679009676, 0.012297186069190502, -0.02756938897073269, 0.025725146755576134, -0.0012965218629688025, -0.018509721383452415, -0.010028903372585773, -0.012478917837142944, -0.020663579925894737, -0.028080929070711136, 0.02455398626625538, 0.018025103956460953, -0.013946233317255974, -0.017890486866235733, 0.0010365444468334317, -0.008904858492314816, 0.0053880116902291775, 0.0017138319090008736, 0.0036649247631430626, -0.01821356639266014, -0.010311597026884556, -0.016584711149334908, -0.012425071559846401, 0.008857742883265018, -0.004088965710252523, 0.013374115340411663, 0.026182841509580612, 0.03373480960726738, 0.02082511968910694, 0.004078869707882404, 0.008575049228966236, 0.006219266448169947, 0.00736350379884243, -0.026425151154398918, -0.0027596312575042248, -0.014767392538487911, 0.008575049228966236, 0.002702419413253665, 0.021700123324990273, -0.03031555749475956, 0.012425071559846401, 0.033304035663604736, 0.011630835942924023, 0.0032980958931148052, 0.007504850625991821, 0.008225047029554844, -0.015346242114901543, -0.011893337592482567, -0.008265431970357895, -0.04878489300608635, -0.031957875937223434, -0.005815417971462011, -0.004196658730506897, -0.025052066892385483, 0.012303916737437248, -0.018496260046958923, 0.0032560282852500677, 0.009786594659090042, 0.015332779847085476, 0.009880825877189636, -0.022575128823518753, -0.027757851406931877, 0.010311597026884556, 0.019169339910149574, 0.004617334343492985, -0.005128875374794006, -0.030477097257971764, 0.04081561788916588, 0.023678980767726898, -0.024580910801887512, -0.04439640790224075, 0.013199114240705967, -0.016746249049901962, -0.0028050641994923353, 0.008925051428377628, -0.009214475750923157, -0.0042235818691551685, 0.020582810044288635, -0.02845785580575466, 0.004041850101202726, -0.008487548679113388, -0.04800412058830261, 0.07646197825670242, 0.010607752948999405, 0.014848161488771439, -0.011624105274677277, 0.02323474921286106, 0.024338601157069206, 0.012155839242041111, 0.012061607092618942, -0.008292355574667454, -0.03098863922059536, 0.0012569783721119165, 0.003890406806021929, 0.009362553246319294, -0.02222512662410736, 0.006151958368718624, 0.02349051833152771, 0.0038062718231230974, 0.007605812977999449, -0.0066500380635261536, -0.022844361141324043, 0.012990458868443966, 0.0014748882967978716, 0.029427090659737587, 0.009584669955074787, -0.0059937844052910805, 0.003123094793409109, 0.0053442614153027534, 0.018900107592344284, -0.017755871638655663, -0.023005900904536247, 0.013340461067855358, 0.03026171214878559, -0.0010777706047520041, -0.018630875274538994, -0.021713586524128914, 0.006633210927248001, -0.00862889550626278, -0.0016692403005436063, -0.00201755971647799, 0.003537039505317807, 0.0077740829437971115, -0.00501781702041626, -0.024244369938969612, -0.010439482517540455, -0.006067823152989149, -0.022117434069514275, -0.004492814186960459, 0.00039795899647288024, -0.029884787276387215]","[-0.016685806214809418, 0.013685408979654312, 0.01065729558467865, -0.015992872416973114, -3.724509952007793e-05, 7.768418436171487e-05, -0.031348247081041336, -0.02594337798655033, -0.03123738057911396, -0.04285092279314995, 0.017351020127534866, 0.021439319476485252, 0.018723025918006897, -0.0018795783398672938, 0.004015541635453701, -0.0018709166906774044, 0.01600673235952854, -0.013733914121985435, 0.014087310060858727, -0.006880816072225571, -0.019041774794459343, 0.016339339315891266, 0.002534399274736643, 0.00025660143001005054, -0.008904177695512772, 0.0016613047337159514, -0.004521382041275501, -0.018833894282579422, -0.013900218531489372, -0.001561695709824562, 0.015965156257152557, -0.005740942433476448, 0.0010004207724705338, -0.04415363445878029, -0.002056275960057974, -0.013900218531489372, -0.0059592160396277905, 0.01617303490638733, 0.0057374779134988785, -0.011904573999345303, 0.015687983483076096, -0.008633933961391449, -0.0003462495224084705, -0.013893288560211658, 0.0029796080198138952, 0.05130469426512718, -0.011495743878185749, -0.00183453771751374, -0.008557711727917194, 0.007407444529235363, 0.014101168140769005, -0.007892496883869171, -0.01675509847700596, -0.003312215441837907, -0.016644230112433434, 0.00733815087005496, 0.0038700257427990437, 0.012216392904520035, 0.016796674579381943, 0.0026833796873688698, 0.0042649973183870316, 0.020566225051879883, -0.013415166176855564, -0.007788557093590498, 0.0027007029857486486, 0.0014274402055889368, -0.005488022230565548, -0.010331617668271065, 0.008821025490760803, -0.01453771535307169, 0.010726588778197765, 0.01617303490638733, 0.017198575660586357, -0.004802019335329533, 0.01550782099366188, -0.029103148728609085, 0.014634726569056511, -0.0076222531497478485, 0.010809740982949734, 0.013110275380313396, 0.02181350253522396, -0.007372797466814518, -0.011031479574739933, 0.017364878207445145, 0.005519204307347536, 0.01329736690968275, 0.009077411144971848, 0.03375965356826782, 0.0004569021111819893, -0.002522272989153862, 0.019512968137860298, 0.03082161955535412, 0.014142744243144989, -0.0235596913844347, 0.019665412604808807, -0.007573748007416725, -0.01403187494724989, 0.03140368312597275, -0.038665611296892166, -0.02965749427676201, 0.001993912272155285, 0.016436349600553513, -0.020095031708478928, 0.00024577436852268875, -0.027204515412449837, -0.004407048225402832, 0.007254999130964279, -0.01942981593310833, 0.0016058702021837234, 0.01624232903122902, 0.00775391049683094, 0.039691150188446045, 0.026497723534703255, -0.03420313075184822, 0.01541080977767706, -0.003790338756516576, 0.0074628787115216255, -0.019249653443694115, -0.014856464229524136, -0.03542269021272659, -0.006336864084005356, 0.04908731207251549, 0.03644822910428047, -0.026871906593441963, 0.002621015766635537, -0.0016266581369563937, -0.029158582910895348, 0.003904672572389245, -0.040772125124931335, -0.015757275745272636, 0.042573750019073486, 0.009410018101334572, 0.004233815241605043, 0.02123144082725048, -0.01550782099366188, 0.03711344301700592, -0.023504257202148438, 0.01783607341349125, 0.012417343445122242, -0.009728766977787018, 0.008474559523165226, 0.011010691523551941, -0.0014620868023484945, 0.017156999558210373, -0.004050188232213259, 0.015965156257152557, 0.002115175360813737, -0.027370817959308624, -0.005855276249349117, -0.024806968867778778, 0.0018865077290683985, -0.019665412604808807, 0.034258563071489334, -0.008952682837843895, -0.012479707598686218, -0.012632152065634727, 0.01789150759577751, 0.0025084142107516527, 0.009971292689442635, -0.005377153400331736, 0.01047713402658701, 0.002769996179267764, -0.016214611008763313, -0.019901011139154434, -0.003074886277318001, 0.03411997854709625, -0.012680658139288425, 0.002996931318193674, -0.0014646853087469935, -0.016921402886509895, 0.014620867557823658, 0.023795288056135178, -0.019554544240236282, 0.02088497392833233, 0.011329440400004387, -0.01862601563334465, 0.007185705937445164, 0.009146704338490963, -0.00851613562554121, -0.025402890518307686, 0.00790635496377945, 0.0019454068969935179, 0.027800437062978745, -0.011426450684666634, -0.017586616799235344, 0.006416551303118467, 0.006977826356887817, 0.001126880873925984, 0.03495149686932564, 5.705862713512033e-05, -0.003994753584265709, 0.014551574364304543, 0.024086320772767067, -0.016865966841578484, -0.5991368293762207, -0.03123738057911396, 0.013796278275549412, -0.03486834466457367, 0.03248465806245804, -0.026262126863002777, -0.002887794515118003, 0.021771926432847977, -0.02211839333176613, 0.012604434974491596, -0.02806374989449978, -0.0008704959764145315, 0.018099386245012283, -0.01646406762301922, 0.017960799857974052, -0.011066125705838203, -0.0049544647336006165, -0.011592754162847996, -0.006808057893067598, 0.006239853799343109, -0.026289844885468483, 0.0388319157063961, -0.028313206508755684, -0.02116214670240879, 0.02145317755639553, -0.029823798686265945, 8.250222890637815e-05, -0.023462681099772453, -0.019166503101587296, 0.00078344636131078, -0.016339339315891266, 0.006423480808734894, -0.031071076169610023, 0.0007167516741901636, 0.043959613889455795, -0.03617105633020401, 0.0030281133949756622, 0.014953475445508957, 0.003752227406948805, 0.014620867557823658, -0.05429815873503685, 0.008938823826611042, -0.0068288459442555904, -0.0012966492213308811, 0.014011086896061897, -0.013539893552660942, -0.009257572703063488, 0.005882993806153536, -0.01464858464896679, 0.005921104922890663, -0.006700653582811356, -0.006970896851271391, -0.008592357859015465, 0.01301326509565115, 0.01062264945358038, 0.011918432079255581, 0.004909424111247063, -0.0001883909135358408, 0.007490596268326044, 0.011343298479914665, -0.01841813512146473, 0.010241536423563957, -0.03198574483394623, -0.025555336847901344, -0.04487428441643715, 0.013837854377925396, 0.0009874282404780388, -0.016505643725395203, -0.004001683089882135, -0.019665412604808807, 0.02297762967646122, 0.01403187494724989, -0.008419125340878963, -0.011689764447510242, 0.02347653917968273, 0.016574935987591743, 0.041492775082588196, -0.011190854012966156, 0.015161355026066303, 0.00683231046423316, 0.036281924694776535, -0.017156999558210373, -0.013165710493922234, 0.002776925452053547, -0.006343793589621782, -0.033815085887908936, -0.02145317755639553, -0.032290637493133545, 0.005962681025266647, -0.01863987371325493, 0.00873787421733141, 0.02335181273519993, 0.009112057276070118, -0.03777866065502167, -0.005086121615022421, -0.0068496339954435825, 0.010269253514707088, 0.014870323240756989, 0.020746387541294098, -0.015549397096037865, -0.02971292845904827, 0.0071579888463020325, 0.03619877249002457, -0.024086320772767067, 0.0001246195170097053, -0.013422095216810703, -0.010608790442347527, -0.005300930701196194, 0.026206692680716515, -0.01413581520318985, 0.0061289845034480095, -0.021771926432847977, -0.0025136112235486507, 0.005914175417274237, -0.016422491520643234, -0.03370421752333641, 0.02044149674475193, -0.012632152065634727, -0.01675509847700596, -0.005900316871702671, -0.01987329311668873, 0.007823203690350056, 0.01798851788043976, 0.0006855697138234973, 0.0011684567434713244, 0.01725400984287262, -0.013214215636253357, 0.008322115056216717, 0.009798060171306133, 0.011357157491147518, -0.008613145910203457, 0.0030870125629007816, 0.019831717014312744, -0.01449614018201828, -0.010837458074092865, -0.01185606885701418, -0.020053455606102943, -0.014073451049625874, 0.014967333525419235, -0.02130073308944702, -0.0265947338193655, -0.006950109265744686, 0.0028133043088018894, -0.01639477349817753, -0.01970698870718479, -0.022963769733905792, -0.02791130542755127, 0.017351020127534866, -0.024224907159805298, 0.02289447747170925, 0.014059592969715595, 0.0027578698936849833, -0.013657691888511181, 0.008703227154910564, 0.001041130512021482, -0.0011060929391533136, 0.020095031708478928, -0.026275984942913055, -0.01000593975186348, -0.0008029351010918617, 0.013789349235594273, 0.01965155452489853, -0.004542170092463493, -0.0015400416450574994, -0.030627598986029625, -0.017628192901611328, -0.014412987977266312, 0.011218571104109287, -0.01300633605569601, -0.014059592969715595, 0.004323896486312151, -0.03908137232065201, -0.017600474879145622, 0.030267274007201195, 0.010165314190089703, 0.007677687797695398, -0.0215363297611475, -0.0012446793261915445, 0.026982776820659637, -0.003696792759001255, 0.0036205702926963568, -0.0024010096676647663, 0.001872649067081511, 0.006291823461651802, 0.011079984717071056, -0.00356860039755702, -0.012812314555048943, 0.0013053108705207705, -0.014399128966033459, 0.012715304270386696, 0.00372451008297503, 0.007684617303311825, -0.009077411144971848, -0.025901801884174347, -0.00935458391904831, 0.03411997854709625, -0.03614334017038345, 0.024321917444467545, 0.004888636060059071, -0.002931102877482772, 0.019596120342612267, 0.011592754162847996, 0.013595327734947205, -0.03921995684504509, 0.0170461293309927, -0.036642249673604965, 0.01602059043943882, 0.0018258760683238506, 0.0026296772994101048, 0.031847160309553146, -0.009479311294853687, -0.016256187111139297, -0.03459117189049721, 0.01326272077858448, 0.018016234040260315, 0.01047713402658701, -0.003755692159757018, 0.013817066326737404, 0.01076816488057375, 0.00407790532335639, -0.014440705068409443, -0.020178183913230896, 0.024377351626753807, 0.0031857553403824568, -0.01539695169776678, -0.004431300796568394, 0.013193427585065365, 0.004930212162435055, 0.007601465098559856, -0.017960799857974052, -0.015133637003600597, 0.043599288910627365, 0.017863789573311806, 0.00990199949592352, 0.03849930688738823, 0.04152049124240875, 0.024238765239715576, -0.011786775663495064, 0.035699862986803055, -0.006790734827518463, -0.01290239579975605, 0.009694119915366173, -0.012521283701062202, 0.009666402824223042, 0.01687982678413391, 0.008924965746700764, 0.047590576112270355, 0.021938230842351913, -0.006946644280105829, 0.0012169620022177696, 0.0274816881865263, -0.0038249853532761335, -0.01768362708389759, 0.017960799857974052, -0.005886458326131105, -0.038527026772499084, 0.018501287326216698, 0.005678578745573759, 0.03578301519155502, 0.018016234040260315, 0.00043827955960296094, -0.020483072847127914, -0.00530786020681262, -0.0011138883419334888, 0.006004256661981344, 0.0034404080361127853, -0.004930212162435055, 0.014939616434276104, -0.013699267990887165, 0.001177984639070928, -0.03414769470691681, -0.023393388837575912, -0.019693130627274513, -0.01366462092846632, -0.011849138885736465, 0.005501880776137114, -0.00023667962523177266, 0.044541675597429276, 0.015965156257152557, 0.0002481563133187592, 0.009174421429634094, -0.025195011869072914, -0.00866165105253458, 0.03506236523389816, -0.022007523104548454, -0.006659077480435371, 0.007365868426859379, -0.008654722012579441, 0.016588794067502022, -0.0008063997374847531, 0.007428232114762068, 0.0005734013393521309, -0.019956445321440697, 0.004303108435124159, -0.009444665163755417, 0.02204909920692444, 0.02885369397699833, -0.01489804033190012, -0.007684617303311825, 0.0018206791719421744, 0.009299148805439472, -0.0025153434835374355, -0.017267867922782898, 0.011613542214035988, 0.03966343402862549, 0.022783607244491577, -0.009915858507156372, -0.0015720897354185581, 0.0035616711247712374, -0.020386062562465668, -0.028659671545028687, -0.02297762967646122, -0.01275688037276268, -0.0014802762307226658, -0.024086320772767067, 0.0031008711084723473, 0.02028905227780342, 0.01718471571803093, 0.03256781026721001, -0.010698871687054634, -0.018030093982815742, -0.021993665024638176, -0.0018969016382470727, 0.03442486748099327, 0.01936052367091179, 0.012930112890899181, -0.01087210513651371, 0.009569392539560795, -0.019665412604808807, 0.0011710552498698235, -0.006132449023425579, -0.009597109630703926, 0.029463473707437515, 0.007178776897490025, 0.005030686967074871, -0.0039358544163405895, 0.014731736853718758, -0.023240942507982254, -0.0034958424512296915, -0.00032784350332804024, -0.016852108761668205, -0.0491427443921566, 0.02957434207201004, -0.03930310904979706, 0.0005253291456028819, 0.029768364503979683, -0.012666799128055573, 0.0170461293309927, 0.018376559019088745, 0.03581073135137558, 0.01399029977619648, -0.006340329069644213, -0.006392298731952906, -0.018612155690789223, -0.013941793702542782, 0.011731340549886227, 0.00607354985550046, 0.0066175018437206745, -0.0037314393557608128, 0.04423678666353226, 0.002775193192064762, 0.019180361181497574, 0.009264502674341202, -0.015674123540520668, 0.007407444529235363, 0.012514353729784489, 0.027855871245265007, 0.02412789687514305, 0.010324688628315926, -0.0051865968853235245, -0.020538507029414177, 0.009832706302404404, -0.017739061266183853, -0.027592556551098824, 0.025777075439691544, -0.006645218934863806, -0.03805583342909813, 0.021993665024638176, -0.01300633605569601, 0.012424272485077381, 0.011752128601074219, 0.0017219362780451775, -0.017808355391025543, 0.01753118261694908, 0.006489309016615152, -0.0022347059566527605, -0.013685408979654312, 0.003973965533077717, 0.00525589007884264, -0.028313206508755684, -0.02813304401934147, 0.012063948437571526, -0.01711542345583439, -0.021065136417746544, -0.013387448154389858, -0.0016309890197589993, -0.05332805588841438, 0.012043160386383533, 0.01340823620557785, 0.027218373492360115, 0.007289645727723837, -0.007712334394454956, -0.006724906153976917, 0.00438626017421484, 0.0026955059729516506, -0.032955851405858994, -0.0018449317431077361, -0.007511384319514036, -0.010816670022904873, -0.011765987612307072, -0.013616115786135197, -0.021342309191823006, -0.004528311546891928, 0.01804395206272602, 0.01329736690968275, 0.018293408676981926, -0.003970501013100147, -0.018820036202669144, 0.01884775422513485, 0.019901011139154434, -0.003773015458136797, 0.004310037940740585, -0.014884182251989841, -0.01927737146615982, -0.003234260715544224, 0.022353990003466606, -0.003973965533077717, 0.002892991527915001, -0.03436943143606186, -0.00014096837549004704, 0.014842606149613857, 0.006392298731952906, 0.012812314555048943, -0.0050168284215033054, 0.0059592160396277905, -0.0025586518459022045, -0.021924372762441635, -0.011461096815764904, -0.01162740122526884, 0.0002262856432935223, 0.02095426805317402, 0.0008670312818139791, -0.016838250681757927, -0.031043358147144318, -0.013581469655036926, -0.0023057316429913044, 0.018736883997917175, -0.010193031281232834, -0.02001187950372696, 0.022949911653995514, 0.01660265401005745, -0.04102158173918724, -0.018210256472229958, 0.020690953359007835, -0.006295288447290659, 0.008301327005028725, -0.020469214767217636, -0.005141556262969971, -0.06313997507095337, 0.008439913392066956, 0.009971292689442635, -0.008308256044983864, -0.0025188082363456488, 0.017281726002693176, 0.023434964939951897, 0.009250643663108349, -0.023864582180976868, 0.0031320531852543354, -0.03733518347144127, -0.017337162047624588, 0.012133241631090641, 0.014343694783747196, -0.017489606514573097, 0.0192912295460701, 0.002792516490444541, -0.0010142794344574213, -0.03351019695401192, -0.012188675813376904, 0.012992477044463158, -0.012195604853332043, 0.004393189679831266, -0.032650962471961975, 0.016727380454540253, 0.004670362453907728, 0.04443080723285675, -0.01500890962779522, 0.025195011869072914, -0.018002375960350037, -0.0020632054656744003, 0.01586814597249031, 0.012223322875797749, -0.005456840619444847, -0.01572955958545208, -0.01500890962779522, 0.026428431272506714, 0.013983369804918766, 0.011495743878185749, -0.007227282039821148, 0.011842209845781326, 0.012458919547498226, -0.011925362050533295, 0.0011381410295143723, 0.015466244891285896, -0.034757476300001144, -0.019388239830732346, 0.015355375595390797, -0.009084340184926987, 0.024737676605582237, -0.01717085763812065, -0.021120570600032806, -0.00618095463141799, 0.025569194927811623, 0.028798257932066917, 0.019748564809560776, 0.03949712961912155, 0.01189071498811245, 0.0069986144080758095, -0.001602405565790832, 0.023019203916192055, -0.0075598894618451595, 0.002529202261939645, -0.007043655030429363, -0.035699862986803055, 0.0028081072960048914, -0.015064343810081482, 0.00505494000390172, 0.008640863001346588, -0.00469115050509572, 0.010788952931761742, 0.01141259167343378, -0.030322710052132607, -0.0037764799781143665, -0.00825975090265274, -0.013539893552660942, -0.012528212741017342, -0.028216196224093437, -0.006295288447290659, -0.01362304575741291, 0.009319936856627464, 0.010338546708226204, 0.0028999208007007837, 0.0009345922153443098, -0.019914869219064713, -0.05424272641539574, -0.0031043358612805605, -0.003525292035192251, 0.018542863428592682, 0.009839636273682117, 0.0034958424512296915, -0.010227678343653679, 0.017933083698153496, -0.007407444529235363, -0.029685212299227715, -0.0004311336961109191, -0.014468422159552574, 0.005224708002060652, 0.003752227406948805, 0.00719263544306159, -0.027509404346346855, 0.011613542214035988, -0.00873787421733141, -0.005467234179377556, -0.021134428679943085, 0.004299643915146589, -0.009818848222494125, 0.01362304575741291, -0.007109483703970909, 0.0005517472163774073, 0.0008068328024819493, 0.02702435292303562, -0.00048505247104912996, 0.010962186381220818, 0.02695505879819393, 0.0024079391732811928, -0.016117600724101067, 0.041797664016485214, -0.012438131496310234, 0.04545634612441063, -0.016935260966420174, 0.013983369804918766, -0.006783805321902037, -0.024682242423295975, 0.01818253844976425, -0.023171650245785713, -0.00989507045596838, 0.016644230112433434, -0.008141952566802502, 0.01254207082092762, -0.0012446793261915445, -0.01112848985940218, 0.010927539318799973, 0.013747773133218288, -0.009257572703063488, 0.03683627024292946, 0.006021580193191767, -0.009756484068930149, 0.018889330327510834, 0.04639873281121254, 0.022423284128308296, -0.018154822289943695, -0.01963769644498825, 0.0013131063897162676, -0.01550782099366188, -0.0012342853005975485, 0.01387943048030138, -0.017586616799235344, 0.022866759449243546, -0.010158385150134563, -0.007927143014967442, -0.007261928636580706, -0.004015541635453701, -0.021494753658771515, 0.03564442694187164, -0.027994457632303238, 0.0049648587591946125, -0.017489606514573097, 0.01514749601483345, 0.03622649237513542, 0.004552564118057489, -0.018237972632050514, -0.0004755246627610177, 0.010788952931761742, 0.010560285300016403, 0.020787963643670082, -0.008730944246053696, 0.01638091541826725, -0.027356959879398346, 0.01561869028955698, -0.0022658880334347486, -0.0024304594844579697, -0.010012868791818619, -0.00638190470635891, -0.01833498291671276, -0.027065929025411606, 0.028742823749780655, -0.005411799997091293, 0.007036725524812937, -0.018958622589707375, -0.033177588135004044, -0.007857849821448326, 0.03716887906193733, -0.02441892772912979, -0.035921599715948105, 0.019845575094223022, -0.030710751190781593, 0.010421698912978172, 0.04160364344716072, 0.01362997479736805, 0.012736092321574688, -0.0024824293795973063, -0.0005439516971819103, 0.0055884975008666515, -0.01076123584061861, 0.018168680369853973, -0.005425658542662859, -0.03168085590004921, 5.8574416470946744e-05, -0.018501287326216698, -0.017642050981521606, 0.00978420116007328, 0.008128093555569649, -0.008308256044983864, 0.005751336459070444, 0.02820233628153801, -0.009146704338490963, 0.013422095216810703, 0.00433082552626729, 0.022852901369333267, -0.027370817959308624, -0.017420314252376556, -0.01660265401005745, 0.005612750072032213, -0.019263513386249542, -0.018723025918006897, 0.025707781314849854, -0.0035460800863802433, 0.03267867863178253, -0.01029004156589508, -0.020108889788389206, 0.02044149674475193, -0.0316254198551178, -0.01977628283202648, 0.011509601958096027, -0.013172639533877373, 0.01718471571803093, 0.0050168284215033054, 0.01065729558467865, 0.03572757914662361, -0.006898139137774706, -0.017655910924077034, -0.028659671545028687, 0.003466392867267132, -0.00016998490900732577, 0.04581667110323906, 0.03129281476140022, -0.008585428819060326, 0.005678578745573759, -0.03168085590004921, 0.018598297610878944, -0.008904177695512772, 0.013352802023291588, 0.013200356625020504, 0.004770837724208832, 0.015383092686533928, -0.012382697314023972, 0.01217481680214405, 0.02609582431614399, 0.004663432948291302, -0.024377351626753807, -0.0026244802866131067, -0.003452534321695566, 0.031348247081041336, 0.01301326509565115, 0.003041971940547228, -0.01999802142381668, 0.00719263544306159, 0.03639279305934906, -0.008024154230952263, -0.010823599994182587, -0.00023776233138050884, -0.010068303905427456, -0.003267174819484353, 0.0215363297611475, -0.02016432397067547, -0.010393981821835041, 0.022631162777543068, -0.005460305139422417, 0.021979806944727898, 0.002329984214156866, -0.004362007603049278, -0.014454564079642296, 0.01112156081944704, 0.03855474293231964, 0.0006678133504465222, 0.0300732534378767, 0.000866598216816783, -0.005716689862310886, -0.00902197603136301, -0.02217382751405239, 0.012424272485077381, -0.006031974218785763, -0.017267867922782898, 0.021564047783613205, 0.008079588413238525, -0.008952682837843895, 0.0009164027287624776, 0.010705800727009773, 0.022284695878624916, -0.022215403616428375, -0.025763215497136116, 0.008432983420789242, -0.010691942647099495, 0.0015738221118226647, -0.012819244526326656, -0.03550584241747856, 0.005287072155624628, -0.009444665163755417, 0.021647199988365173, -0.007913284935057163, -0.010726588778197765, 0.2485686093568802, -0.02094040811061859, -0.010345476679503918, 0.026761038228869438, -0.018002375960350037, 0.010920610278844833, -0.009299148805439472, -0.005744407419115305, -0.025111859664320946, 0.0372520312666893, 0.0010506582912057638, -0.007483666762709618, 0.01503662671893835, 0.006700653582811356, 0.010920610278844833, -0.023213226348161697, -0.005862205754965544, -0.03908137232065201, -0.023448823019862175, 0.005432587582617998, 0.02885369397699833, 0.0011615274706855416, 0.004860918968915939, -0.03553355857729912, 0.02225697971880436, -0.007234211079776287, 0.011468026787042618, 0.019748564809560776, 0.02705206908285618, 0.002958820201456547, -0.021633340045809746, 0.0024062066804617643, -0.004102157894521952, 0.013463671319186687, -0.010747376829385757, -0.016976837068796158, -0.005373688414692879, -0.039469413459300995, 0.005536527372896671, 0.021952088922262192, 0.018944764509797096, -0.03755692020058632, -0.009520887397229671, 0.0017401258228346705, 0.003326074220240116, -0.015604831278324127, -0.010851317085325718, -0.00601811520755291, -0.02275589108467102, 0.03705801069736481, -0.025846367701888084, 0.012625223025679588, 0.03420313075184822, 0.0018483963795006275, 0.028964562341570854, -0.02354583330452442, 0.031930312514305115, 0.005522668827325106, 0.03351019695401192, 0.019111067056655884, 0.0012186943786218762, 0.02755098044872284, -0.017849931493401527, 0.01153039000928402, -0.020746387541294098, 0.0240031685680151, -0.02537517435848713, 0.0016093348385766149, -0.003166699782013893, -0.015590972267091274, -0.004604533780366182, 0.020205900073051453, -0.01026232447475195, 0.031569987535476685, -0.030849337577819824, -0.013061770237982273, 0.04445852339267731, 0.0190694909542799, 0.006963967811316252, 0.007282716687768698, -0.01913878507912159, -0.006537814624607563, -0.0352286696434021, -0.024959415197372437, -0.01963769644498825, -0.020178183913230896, 0.0011355425231158733, -0.008446842432022095, -0.015119778923690319, 0.030987923964858055, -0.0026816471945494413, -0.020857255905866623, -0.015105919912457466, 0.00356860039755702, 0.027675708755850792, 0.0026851119473576546, 0.006873886566609144, 0.0025794398970901966, -0.005921104922890663, -0.03123738057911396, -0.007636111695319414, 0.02784201316535473, 0.02899228036403656, -0.017420314252376556, -0.03278954699635506, -0.00260195997543633, 0.004753514192998409, -0.02253415249288082, 0.02813304401934147, -0.022451000288128853, -0.025721639394760132, -0.0037868740037083626, -0.002750940388068557, -0.00887646060436964, -0.0011831815354526043, 0.014454564079642296, 0.001250742468982935, 0.013435953296720982, 0.009430806152522564, 0.003558206371963024, 0.009777272120118141, -0.030405860394239426, 0.01776677928864956, 0.022949911653995514, -0.026691744104027748, 0.026400713250041008, -0.053882401436567307, 0.015175213105976582, 0.001503662671893835, -0.01941595785319805, 0.004247673787176609, -0.004289249889552593, 0.005692437291145325, -0.012930112890899181, -0.03877647966146469, 0.004344684537500143, -0.007324292324483395, -0.0034941101912409067, -0.03819441795349121, -0.02609582431614399, -0.007518313359469175, 0.01388635952025652, 0.04725797101855278, 0.0036760049406439066, -0.013186498545110226, 0.02174421027302742, 0.01703227125108242, -0.001462952932342887, -0.024973273277282715, -0.018168680369853973, -0.028382498770952225, -0.0046357158571481705, 0.0032862306106835604, -0.008710157126188278, 0.027287665754556656, -0.005013363901525736, -0.016270045191049576, 0.0007193501223810017, -0.0036621461622416973, 0.015535538084805012, -0.03348248079419136, 0.006222530268132687, 0.008807167410850525, -0.03303900361061096, -0.010948327369987965, -0.03082161955535412, -0.17561671137809753, 0.012736092321574688, -0.0011052266927435994, -0.026206692680716515, 0.03589388355612755, 0.0055157397873699665, 0.019609978422522545, -0.014842606149613857, -0.03209661692380905, -0.004968323279172182, 0.03456345200538635, 0.0023923481348901987, -0.03101564198732376, -6.0793965531047434e-05, -0.002198327099904418, -0.046287864446640015, -0.019540686160326004, -0.0006522223702631891, 0.027925163507461548, 0.03703029081225395, 0.028327064588665962, -0.020122747868299484, 0.0170461293309927, 0.001460354425944388, -0.005155414808541536, 0.016782816499471664, -0.00042896828381344676, 0.01403187494724989, -0.025208869948983192, -0.046287864446640015, -0.023684419691562653, 0.01087903417646885, 0.019180361181497574, -0.01503662671893835, -0.023379528895020485, 0.021494753658771515, 0.015577114187180996, -0.038388438522815704, -0.003182290820404887, 0.019609978422522545, 0.03448030352592468, 0.008640863001346588, -0.00576173048466444, 0.011280935257673264, 0.009015046991407871, 0.03564442694187164, 0.010955256409943104, -0.02246485836803913, 0.00601465068757534, -0.007310433778911829, -0.004940606188029051, -0.027731142938137054, 0.007823203690350056, -0.008931894786655903, 0.011925362050533295, 0.006312611512839794, 0.011551178060472012, 0.012659870088100433, -0.012368838302791119, -0.02066323533654213, 0.001539175515063107, -0.030239557847380638, 0.0018241438083350658, 0.002324787201359868, -0.01682439260184765, -0.011821421794593334, -0.023809147998690605, 0.013539893552660942, -0.019457533955574036, 0.00999901071190834, -0.03863789513707161, -0.011987725272774696, -0.019014056771993637, -0.032734114676713943, 0.0536329448223114, -0.003752227406948805, -0.0025517225731164217, 0.03292813524603844, 0.015965156257152557, 0.00719263544306159, -0.010754306800663471, 0.030128687620162964, 0.004770837724208832, 0.029906950891017914, -0.00719263544306159, -0.0009233320597559214, 0.008474559523165226, 0.010206890292465687, -0.019263513386249542, 0.008841813541948795, 0.036559097468853, -0.03342704474925995, -0.025278164073824883, 0.01985943503677845, -0.014101168140769005, 0.035616710782051086, 0.012119382619857788, 0.0036448228638619184, 0.015549397096037865, 0.010283112525939941, -0.0044001187197864056, -0.02159176394343376, -0.011946150101721287, 0.003915066365152597, 0.02705206908285618, 7.616839866386726e-05, 0.008800237439572811, 0.009943575598299503, 0.036281924694776535, -0.022492576390504837, -0.011426450684666634, -0.00012775935465469956, -0.010497921146452427, 0.03800039738416672, 0.017780637368559837, 0.019817858934402466, -0.011176995001733303, 0.006274500396102667, 0.010525639168918133, -0.013318154960870743, 0.0641932338476181, -0.005387546960264444, 0.028174620121717453, -0.012743021361529827, -0.003047168953344226, -0.0008904177811928093, -0.11192239820957184, -0.039164524525403976, 0.020677093416452408, -0.003745298134163022, -0.008758662268519402, 0.017669769003987312, -0.01615917682647705, -0.01275688037276268, -0.014329835772514343, 0.02544446662068367, -0.015244506299495697, -0.016477925702929497, 8.840297959977761e-05, -0.01746188849210739, 0.03342704474925995, -0.009929717518389225, -0.0074005150236189365, -0.010664225555956364, -0.031847160309553146, 0.03123738057911396, 0.012167887762188911, -0.025472184643149376, 0.010705800727009773, -0.014773312956094742, -0.012098594568669796, 0.020760245621204376, -0.007892496883869171, 0.009978222660720348, 0.01062264945358038, 0.013054841198027134, 0.008058800362050533, -0.005391011945903301, 0.029491189867258072, -0.008841813541948795, -0.0015435062814503908, -0.008585428819060326, -0.01040091086179018, -0.012341121211647987, -0.009486240334808826, -0.001617130357772112, 0.003509701229631901, 0.01819639652967453, 0.013359731063246727, 0.001579019008204341, -0.011939220130443573, -0.023296378552913666, -0.03059988282620907, 0.03578301519155502, 0.014232825487852097, -0.012264898046851158, -0.005176202859729528, -0.02240942418575287, -0.01315185148268938, -0.005456840619444847, 0.017337162047624588, -0.002089190296828747, 0.012770738452672958, 0.007552959956228733, 0.009306077845394611, 0.0068288459442555904, -0.010920610278844833, -0.01970698870718479, 0.018944764509797096, 0.023656701669096947, 0.005294001195579767, 0.019596120342612267, 0.017295585945248604, -0.001726267160847783, 0.01177984569221735, -0.010082161985337734, -0.02935260348021984, 0.036725401878356934, -0.01366462092846632, 0.009610968641936779, -0.006485844496637583, -0.02813304401934147, 0.012375767342746258, -0.005844882223755121, 0.01898634061217308, -0.03059988282620907, -0.024820828810334206, -0.0287151075899601, -0.017226291820406914, -0.003994753584265709, -0.00601465068757534, 0.008245891891419888, 0.012084736488759518, 0.003994753584265709, 0.010539497248828411, -0.02957434207201004, -0.035339538007974625, 0.004576816689223051, 0.008779450319707394, -0.010428627952933311, 0.0024010096676647663, 0.023961592465639114, 0.013214215636253357, -0.018002375960350037, 0.011793704703450203, 0.03666996583342552, -0.01870916783809662, 0.001177984639070928, -0.02854880318045616, 0.01116313599050045, -0.03603246808052063, -0.02784201316535473, -0.008973470889031887, 0.0034456050489097834, 0.03719659522175789, -0.023240942507982254, 0.010186102241277695, 0.025638489052653313, -0.043017227202653885, 0.019831717014312744, -0.01941595785319805, -0.0305167306214571, 0.004594139754772186, -0.008432983420789242, -0.004923282656818628, -0.014828747138381004, 0.013810137286782265, 0.014911899343132973, -0.007546030916273594, -0.007788557093590498, 0.0024217977188527584, -0.019041774794459343, 0.015175213105976582, 0.001162393600679934, 0.01478717103600502, 0.031791724264621735, -0.03176400810480118, 0.011876855976879597, 0.019970303401350975, -0.0032758365850895643, -0.025333598256111145, 0.0016812265384942293, 0.0014239754527807236, 0.003762621432542801, 0.010574144311249256, -0.00713720079511404, 0.01337359007447958, -0.007414373569190502, -0.006336864084005356, -0.01010988000780344, 0.01956840232014656, -0.028146902099251747, -0.021273015066981316, -0.006104731932282448, 0.015895862132310867, -0.001983518246561289, -0.00514502078294754, 0.02028905227780342, 0.018307266756892204, 0.006853098515421152, 0.0021290339063853025, -0.0026764501817524433, 0.004930212162435055, -0.025915661826729774, 0.020981984212994576, -0.0192912295460701, -0.00581370061263442, -0.0066278958693146706, 0.02137002721428871, 0.017378738150000572, 0.021286875009536743, 0.002631409792229533, -0.0026418035849928856, -0.006555137690156698, -0.022062959149479866, 0.017198575660586357, 0.03334389254450798, -0.010802811942994595, -0.01884775422513485, 0.011468026787042618, 0.016505643725395203, 0.037667788565158844, 0.0381389819085598, 0.0005322584765963256, 0.00556424492970109, -0.0009579786565154791, -0.005931498948484659, 0.029879232868552208, 0.010296971537172794, 0.0038076620548963547, -0.012063948437571526, 0.029324887320399284, 0.0272599495947361, 0.009548604488372803, -0.006000792142003775, -0.006880816072225571, -0.016588794067502022, 0.001010814681649208, -0.00250148493796587, 0.01600673235952854, -0.010539497248828411, -0.006035438738763332, 0.014662443660199642, -0.009721837937831879, -0.01893090456724167, 0.03811126574873924, 0.011461096815764904, 0.008869530633091927, 0.002640071325004101, 0.01789150759577751, -0.008633933961391449, -9.67939558904618e-05, -0.008807167410850525, 0.005976539570838213, -0.01602059043943882, -0.010671154595911503, -0.004081370308995247, 0.0007674223161302507, -0.010719659738242626, -0.005941892974078655, -0.0027838547248393297, 0.01615917682647705, -0.035838447511196136, -0.00013880296319257468, -0.026802614331245422, -0.027523264288902283, -0.01377549022436142, 0.009465452283620834, 0.01177984569221735, -0.008190457709133625, 0.006821916438639164, 0.010179173201322556, 0.020496932789683342, -0.0023161256685853004, -0.011280935257673264, -0.01326272077858448, 0.018501287326216698, 0.014218967407941818, -0.005948822014033794, 0.009188279509544373, -0.028825975954532623, -0.014454564079642296, -0.0008293531136587262, 0.0010471936548128724, -0.005695901811122894, 0.0252365879714489, -0.007282716687768698, 0.0650801807641983, 0.03303900361061096, 0.0017305979272350669, 0.015327658504247665, -0.015840427950024605, 0.01862601563334465, 0.02181350253522396, 0.009437735192477703, 0.004833201412111521, -0.043100375682115555, 0.026414571329951286, 0.01862601563334465, -0.01818253844976425, -0.04706395044922829, 0.004594139754772186, 0.021771926432847977, -0.006281429436057806, 0.02088497392833233, -0.039164524525403976, 0.011246288195252419, 0.029602060094475746, 0.0001771307724993676, 0.014801030047237873, -0.010269253514707088, -0.01855672150850296, -0.0037834092509001493, 0.01362304575741291, 0.007774698548018932, -0.002870471216738224, -0.020469214767217636, -0.013921006582677364, 0.017364878207445145, -0.031209662556648254, -0.00978420116007328, -0.024515938013792038, 0.010186102241277695, -0.0032602455466985703, -0.0030211841221898794, 0.026705604046583176, 0.004736191127449274, -0.010636507533490658, 0.012091665528714657, -0.01653335988521576, -0.030100971460342407, -0.015383092686533928, 0.003852702444419265, -0.012327262200415134, -0.012299545109272003, -0.01351217646151781]"
19119,"Push contents of one field to another field (array) if condition is satisfied - MongoDB<p><strong>This is not what I'm looking for:</strong> <a href=""https://stackoverflow.com/questions/3974985/update-mongodb-field-using-value-of-another-field"">Update MongoDB field using value of another field</a></p>
<p>I am trying to copy the contents of one field, into another field (which happens to be an array) if a condition evaluates to true.</p>
<p><strong>Initial document state:</strong></p>
<pre><code>{
   _id: 1234
   currentNumber: 5
   magicNumbers: [3, 7, 9, 11, 15]
}
</code></pre>
<p>I want to copy contents of <code>currentNumber</code> to <code>magicNumbers</code> if <code>currentNumber % 2 == 1</code>. Is this possible in the latest MongoDB version? I'm using Nodejs driver.</p>
<p><strong>Final document state:</strong></p>
<pre><code>{
   _id: 1234
   currentNumber: 5
   magicNumbers: [3, 7, 9, 11, 15, 5]
}
</code></pre>
<p>I want to do this in a single pass, to save trips to the database.</p>
","The `display: block` for the v-button-wrap element is correct, but the fact that the selector is not wrapped with `.valo` looks like an issue. It also looks like that style is coming from somewhere else than your theme file (inspector shows `<style></style>` as the source vs. `styles.css?v=7.7.6`.","Embed Field: Push contents of one field to another field (array) if condition is satisfied - MongoDB<p><strong>This is not what I'm looking for:</strong> <a href=""https://stackoverflow.com/questions/3974985/update-mongodb-field-using-value-of-another-field"">Update MongoDB field using value of another field</a></p>
<p>I am trying to copy the contents of one field, into another field (which happens to be an array) if a condition evaluates to true.</p>
<p><strong>Initial document state:</strong></p>
<pre><code>{
   _id: 1234
   currentNumber: 5
   magicNumbers: [3, 7, 9, 11, 15]
}
</code></pre>
<p>I want to copy contents of <code>currentNumber</code> to <code>magicNumbers</code> if <code>currentNumber % 2 == 1</code>. Is this possible in the latest MongoDB version? I'm using Nodejs driver.</p>
<p><strong>Final document state:</strong></p>
<pre><code>{
   _id: 1234
   currentNumber: 5
   magicNumbers: [3, 7, 9, 11, 15, 5]
}
</code></pre>
<p>I want to do this in a single pass, to save trips to the database.</p>; Answer: The `display: block` for the v-button-wrap element is correct, but the fact that the selector is not wrapped with `.valo` looks like an issue. It also looks like that style is coming from somewhere else than your theme file (inspector shows `<style></style>` as the source vs. `styles.css?v=7.7.6`.","[-0.02612556889653206, 0.025181271135807037, 0.005374969448894262, -0.0014181571314111352, -0.030217524617910385, 0.03700552135705948, -0.030929170548915863, -0.0328998789191246, -0.03522640839219093, -0.000589330680668354, 0.020966146141290665, 0.004304081201553345, 0.008724489249289036, -0.007054861634969711, -0.006281632464379072, 0.004677010700106621, 0.007930731400847435, -0.010530971921980381, -0.01582040637731552, -0.011208402924239635, -0.002519837813451886, 0.024934932589530945, 0.001635414082556963, -0.01305594202131033, -0.04847394675016403, -0.013144897297024727, 0.02243049070239067, -0.006202940829098225, 0.003002250799909234, 0.029478508979082108, 0.03259879723191261, 0.012665905989706516, -0.022977909073233604, -0.04401248320937157, -0.027918364852666855, -0.020747177302837372, 0.008526049554347992, -0.023976949974894524, 0.02967010624706745, -0.020747177302837372, 0.034514762461185455, -0.00939507782459259, -0.001229981891810894, -0.012857502326369286, -0.014684513211250305, 0.0164499394595623, -0.003739555599167943, -0.03008067049086094, -0.028848977759480476, -0.001888595288619399, 0.023963263258337975, 0.03692340850830078, -0.04882976785302162, -0.0028859241865575314, 0.006705882027745247, -0.039167825132608414, 0.026974068954586983, 0.01717526838183403, 0.024524368345737457, 0.0029560623224824667, 0.020035533234477043, 0.01438343245536089, 0.0015182321658357978, -0.0008078705868683755, -0.021034572273492813, -0.015683552250266075, -0.00243259291164577, 0.013487034477293491, 0.008129171095788479, -0.009162424132227898, 0.030135411769151688, 0.02115774154663086, -0.009559303522109985, -0.01369231566786766, 0.014657141640782356, -0.00636374531313777, -0.004711224231868982, -1.2242083357705269e-05, 0.022389434278011322, 0.004406722262501717, 0.0047180671244859695, 0.005918967071920633, -0.005792376585304737, 0.027548857033252716, 0.019707081839442253, 0.0165457371622324, 0.019666025415062904, 0.031175509095191956, -0.01188583392649889, -0.0027063023298978806, 0.0007381602190434933, 0.015450899489223957, 0.014506601728498936, 0.010086193680763245, 0.009990395978093147, 0.035500116646289825, -0.004841236397624016, 0.032160863280296326, -0.0029611943755298853, -0.0019091235008090734, -0.008731331676244736, 0.004663324914872646, -0.03506218269467354, -0.02149987779557705, -0.039523646235466, -0.005426289979368448, 0.004434093367308378, -0.007143816910684109, 0.02515389956533909, 0.008669747039675713, -0.011646337807178497, 0.00479675829410553, 0.02010396122932434, -0.0006350915064103901, -0.00214006588794291, -0.0040132650174200535, 0.007239615544676781, -0.03829195350408554, -0.044067222625017166, -0.002969747642055154, 0.01170792244374752, 0.03393997251987457, 0.025961343199014664, -0.02274525724351406, 0.008478150703012943, -0.006983012892305851, -0.006894057150930166, -0.009436134248971939, -0.01579303666949272, -0.028301559388637543, 0.06837262213230133, 0.02876686491072178, 0.005744477268308401, 0.028657380491495132, -0.0021229591220617294, -0.007622808683663607, -0.02316950634121895, 0.003306752536445856, -0.03654021397233009, -0.02873949334025383, 0.01677839085459709, 0.014438174664974213, -0.0016875899164006114, -0.02214309573173523, -0.03207875043153763, 0.02278631366789341, -0.006493757013231516, -0.013911283574998379, 0.002622478874400258, -0.014889795333147049, 0.019091235473752022, 0.004003000911325216, 0.012576949782669544, 0.01621728576719761, 0.0026532711926847696, 0.0024154861457645893, -0.0036677068565040827, -0.005067046731710434, 0.03002592921257019, 0.011584753170609474, 0.02381272427737713, 0.0018184572691097856, -0.008656062185764313, 3.859731077682227e-05, 0.008512364700436592, 0.026659302413463593, 0.00669219670817256, -0.04893925413489342, -0.010784152895212173, 0.0033272807486355305, -0.007568066939711571, 0.03407682850956917, -0.050718363374471664, 0.021294595673680305, -0.009182952344417572, -0.0010315425461158156, 0.010140935890376568, 0.010448859073221684, -0.026235053315758705, 0.006315845996141434, -0.021664103493094444, 0.011215245351195335, -0.00305357133038342, 0.05715053528547287, -0.012289554812014103, -0.028985831886529922, 0.006610083859413862, -0.022074667736887932, 0.001356572494842112, 0.009429290890693665, 0.011317886412143707, 0.008635533973574638, -0.015615125186741352, 0.008498678915202618, -0.5929641723632812, -0.004273288883268833, -0.0027148558292537928, -0.019310202449560165, 0.00860131997615099, -0.01681944727897644, 0.0011923469137400389, 0.014821367338299751, -0.03571908548474312, 0.024962304159998894, -0.01811956614255905, 0.014889795333147049, -0.011222087778151035, 0.011878990568220615, 0.00035347012453712523, -0.02448331192135811, 0.018680671229958534, -0.024373827502131462, -0.0023641656152904034, -0.007260143756866455, -0.016997357830405235, 0.020596638321876526, 0.013281752355396748, 0.043437693268060684, 0.0005243247142061591, -0.011160503141582012, -0.027644656598567963, 0.005491296295076609, 0.012775389477610588, 0.02712460793554783, -0.01754477620124817, 0.013883912935853004, -0.014232892543077469, 0.007239615544676781, 0.056657858192920685, -0.002610504161566496, -0.028164703398942947, -0.0063569024205207825, -0.01270011905580759, 0.046393755823373795, -0.017667945474386215, -0.00226665660738945, 0.03703289106488228, -0.018420647829771042, -0.01038043200969696, -0.013651260174810886, 0.030299637466669083, -0.014356061816215515, 0.0037942975759506226, -0.00650744279846549, -0.010346218012273312, 0.012966985814273357, -0.010955221019685268, 0.016709962859749794, 0.0028961882926523685, 0.001142736990004778, 0.02609819732606411, -0.002713144989684224, 0.022539975121617317, 0.005652100313454866, 0.008868186734616756, 0.0008861343958415091, -0.04037214815616608, -0.005309963598847389, 0.002639585640281439, -0.003931152168661356, -0.011769507080316544, 0.01287803053855896, -0.007670708000659943, -0.01319963950663805, 0.020268186926841736, 0.008122328668832779, 0.004755701869726181, 0.022895796224474907, 0.023580070585012436, 0.02904057502746582, 0.01584777794778347, -0.020090274512767792, -0.010496757924556732, 0.021896757185459137, 0.01787322759628296, -0.014807682484388351, -0.03892148658633232, 0.007089075166732073, 0.007533852942287922, 0.000571368495002389, -0.030244896188378334, -0.009682472795248032, 0.012433252297341824, 0.019556540995836258, 0.019734453409910202, 0.021390395238995552, 0.0026943276170641184, -0.013165425509214401, 0.0075612240470945835, 0.02644033543765545, -0.002206782577559352, 0.017052099108695984, 0.02942376770079136, -0.010229891166090965, -0.031832411885261536, -0.0002991558867506683, -0.008402880281209946, 0.009025570005178452, 0.04984249547123909, 0.02215678058564663, -0.020610323175787926, -0.0004918216727674007, 0.02739831805229187, -0.04321872442960739, -0.011187874712049961, 0.0010135803604498506, -0.025933971628546715, -0.008957142010331154, 0.00167304917704314, -0.04037214815616608, 0.0051491595804691315, 0.0008292541606351733, -0.0024360143579542637, -0.00959351658821106, 0.021335652098059654, 0.0036745495162904263, -0.008532892912626266, 0.010948378592729568, -0.0075612240470945835, -0.003296488430351019, 0.015587754547595978, -0.022868426516652107, 0.006565605755895376, -0.007848618552088737, 0.00990828312933445, -0.009347178041934967, 0.019323889166116714, 0.00512520968914032, -0.0007903361110948026, -0.021527249366044998, 0.009839855134487152, 0.016354139894247055, 0.021020887419581413, -0.00571026373654604, 0.0005859093507751822, 0.017941655591130257, 0.03607490658760071, -0.01306278444826603, 0.0036984991747885942, -0.044067222625017166, -0.05802640691399574, -0.009839855134487152, -0.02511284314095974, -0.01532773021608591, -0.013151739723980427, 0.0006017331616021693, -0.016367826610803604, 0.005361284129321575, -0.01137262862175703, -0.010004080832004547, -0.000296589860226959, 0.001142736990004778, -0.0215135645121336, -0.030518606305122375, 0.013712843880057335, 0.009949339553713799, -0.018023768439888954, 0.0011068126186728477, -0.012645377777516842, -0.020952459424734116, 0.0032417464535683393, 0.009559303522109985, 0.0009357442613691092, -0.024866504594683647, 0.0006393681978806853, -0.010859423317015171, -0.021636733785271645, -0.011591595597565174, -0.027193035930395126, 0.024661222472786903, -0.039797358214855194, 0.0009545617504045367, -0.013144897297024727, -6.161135843285592e-06, 0.006719567347317934, 0.021253541111946106, 0.018215365707874298, -0.007164345122873783, 0.03391260281205177, 0.00134459778200835, 0.0281099621206522, 0.022882111370563507, -0.002778151072561741, 0.034158941358327866, 0.020254500210285187, 0.021390395238995552, -0.0115573825314641, -0.0011743847280740738, -0.009928811341524124, 0.017243696376681328, 0.0090666264295578, 0.004577790852636099, 0.013500719331204891, 0.016395196318626404, 0.02408643253147602, 0.024004319682717323, 0.03273565322160721, -0.02214309573173523, 0.010010924190282822, -0.03903096914291382, -0.007540695834904909, -0.007568066939711571, 0.022266265004873276, -0.011283672414720058, -0.007472268305718899, -0.017886914312839508, -0.0006560473702847958, -0.015710923820734024, 0.011660023592412472, 0.02702881023287773, -0.005320227704942226, -0.003712184727191925, 0.019296517595648766, 0.006548499222844839, 0.0038319325540214777, -0.01679207570850849, 0.01616254448890686, 0.009449819102883339, -0.0015156661393120885, 0.0005392931634560227, 0.0005401485250331461, 0.02108931541442871, -0.012378511019051075, -0.03180503845214844, 0.018927009776234627, 0.017558462917804718, 0.011687394231557846, -0.012638534419238567, -0.006983012892305851, -0.023716924712061882, 0.03202400729060173, 0.0031219986267387867, 0.0428629033267498, 0.001704696798697114, -0.0016439674654975533, 0.02706986665725708, 0.020268186926841736, -0.03166818618774414, 0.023908521980047226, 0.019364945590496063, 0.019693396985530853, 0.007369627244770527, -0.002328241243958473, 0.022279949858784676, -0.004098799079656601, 0.011660023592412472, -0.02638559229671955, -0.006921428255736828, -0.0040611643344163895, -0.012624849565327168, 0.013083312660455704, 0.005775269586592913, 0.0007065125391818583, 0.023511642590165138, 0.003082652809098363, -0.017996396869421005, 0.0045333132147789, -0.012535893358290195, 0.01452028751373291, 0.008621848188340664, -0.015341416001319885, -0.008758703246712685, -0.01811956614255905, -0.0038387752138078213, -0.008573949337005615, -0.025290755555033684, 0.012590635567903519, -0.022964224219322205, 0.009087154641747475, -0.0037463982589542866, -0.0008117196266539395, 0.001059768837876618, 0.0003342249256093055, 0.005963445175439119, -0.020090274512767792, -0.010264105163514614, 0.01334333699196577, -0.012679590843617916, 0.0012265605619177222, 0.005087574943900108, -0.009771428070962429, 0.03604753687977791, -0.0009810773190110922, 0.006911164149641991, 0.009976710192859173, 0.021061943843960762, 0.02737094648182392, -0.008129171095788479, -0.013233852572739124, 0.009976710192859173, 0.022663144394755363, 0.036786552518606186, 0.008984513580799103, 0.01072941068559885, 0.009018726646900177, 0.028219446539878845, -0.03172292560338974, -0.027576228603720665, 0.028520526364445686, -0.0014284212375059724, 0.0034008400980383158, -0.00973721407353878, -0.002737094648182392, 0.017407922074198723, -0.006312424782663584, -0.016627850010991096, -0.008498678915202618, 0.012864344753324986, 0.0037600838113576174, 0.013575989753007889, -0.013849698938429356, 0.016258342191576958, 0.02108931541442871, 0.0076091233640909195, -0.02574237622320652, -0.015286673791706562, -0.029943816363811493, 0.028219446539878845, 0.027247777208685875, 0.02017238736152649, 0.006158463191241026, 0.0023846938274800777, 0.0010093036107718945, 0.003498349105939269, -0.006500599905848503, -0.0214451365172863, 0.011331572197377682, -0.04133012890815735, -0.026946697384119034, -0.025673948228359222, 0.01387706957757473, -0.018625929951667786, -0.002117827069014311, -0.007178030908107758, -0.0014934273203834891, -0.009525089524686337, -0.016313083469867706, -0.04135750234127045, 0.0018184572691097856, 0.002586554503068328, 0.02571500465273857, 0.037744536995887756, 0.014356061816215515, 0.006391115952283144, 0.00957983173429966, -0.0021520406007766724, 8.040215470828116e-05, -0.0198439359664917, -0.019994476810097694, 0.017339494079351425, 0.03933205083012581, 0.018023768439888954, -0.013589675538241863, 0.03199663758277893, 0.004519627429544926, 0.014643456786870956, 0.011509482748806477, 0.004160383716225624, -0.005299699492752552, 0.04554525390267372, 2.6021110898000188e-05, 0.019693396985530853, 0.012535893358290195, -0.0026327429804950953, -0.012679590843617916, 0.01750371977686882, -0.005477610509842634, 0.02373061142861843, -0.00585396122187376, -0.018215365707874298, -0.010147778317332268, -0.009853540919721127, 0.005323648918420076, 0.009128211066126823, 0.01582040637731552, -0.008348139002919197, -0.020979830995202065, -0.030901798978447914, -0.026809843257069588, -0.015204560942947865, 0.030463863164186478, -0.0028961882926523685, 0.00011076679948018864, -0.04494309425354004, -0.006555341649800539, 0.006100299768149853, -0.0010802970500662923, 0.013644416816532612, -0.015779349952936172, -0.03788138926029205, -0.023347416892647743, -0.00091949274064973, 0.04102905094623566, 0.005799219477921724, 0.013008042238652706, 0.002193097025156021, -0.00427671056240797, -0.01580672152340412, -0.010681511834263802, -0.026248738169670105, 0.003409393597394228, -0.0019689975306391716, -0.00013493021833710372, -0.008136013522744179, -0.0012513655237853527, 0.005699999630451202, -0.019241776317358017, 0.031531330198049545, 0.00922400876879692, 0.004564105533063412, 0.013274908997118473, -0.008998198434710503, 0.011447898112237453, 0.005795797798782587, 0.007225929759442806, 0.01582040637731552, 0.00790336076170206, 0.00027199878240935504, 0.020062904804944992, 0.013966025784611702, -0.008669747039675713, -0.006589555647224188, -0.0033375448547303677, -0.0017158162081614137, 0.012795917689800262, 0.03596542403101921, 0.0009297568467445672, -0.008197598159313202, -0.02538655325770378, 0.009798798710107803, 0.015724608674645424, -0.007821247912943363, 0.03199663758277893, 0.016039375215768814, -0.004694117233157158, 0.01846170425415039, -0.006377430632710457, -0.0034590032882988453, 0.021992554888129234, -0.043492432683706284, 0.03837406635284424, 0.00034277833765372634, 0.0010058822808787227, -0.019392315298318863, 0.0016379801090806723, -0.008136013522744179, 0.002295738086104393, 0.009484033100306988, 0.04453253000974655, -0.0016858793096616864, -0.007451740093529224, -0.017886914312839508, -0.048419203609228134, -0.008437094278633595, 0.007841776125133038, 0.012659062631428242, -0.008122328668832779, -0.0005495572695508599, -0.0006534813437610865, -0.02018607407808304, 0.0013120947405695915, -0.015149818733334541, -0.005628150887787342, -0.027918364852666855, -0.003014225512742996, 0.013699159026145935, 0.0007304621394723654, 0.028164703398942947, 0.02013133093714714, -0.014232892543077469, -0.017284752801060677, -0.015081391669809818, -0.02678247168660164, -0.03177766874432564, -0.008245497941970825, 0.012576949782669544, 0.029505880549550056, 0.007273829076439142, 0.036813922226428986, -0.02739831805229187, 0.01877646893262863, -0.03169555589556694, 0.012508522719144821, 0.02348427288234234, 0.0058129047974944115, -0.002321398351341486, -0.009442976675927639, 0.011324728839099407, 0.009484033100306988, 0.03341992571949959, 0.011276829987764359, 0.004160383716225624, 0.016764704138040543, 0.03202400729060173, -0.01853013038635254, 0.0012778810923919082, -0.002095588017255068, -0.021061943843960762, -0.007403841242194176, 0.018338534981012344, -0.019077550619840622, -0.032817766070365906, -0.056657858192920685, -0.004800179973244667, -0.005576830357313156, 0.007568066939711571, 0.017407922074198723, -0.010428330861032009, 0.00892292894423008, 0.018365904688835144, -0.011598438955843449, -0.016682591289281845, 0.018092196434736252, -0.009696157649159431, 0.0020083431154489517, -0.0005127775948494673, 0.011783192865550518, 0.021965185180306435, -0.0021999399177730083, -0.011256301775574684, -0.0030723887030035257, -0.00427671056240797, -0.023361103609204292, 0.037115003913640976, -0.017271067947149277, -0.012446938082575798, 0.014547658152878284, -0.014465545304119587, 0.011591595597565174, -0.015122448094189167, -0.005494717508554459, -0.03161344304680824, 0.018010083585977554, 0.04830972105264664, -0.02178727276623249, 0.022403119131922722, -0.016367826610803604, 0.007547538727521896, 0.011817405931651592, -0.019378630444407463, 0.03541800379753113, 0.01287118811160326, 0.016367826610803604, 0.02378535270690918, -0.004844657611101866, -0.020719807595014572, -0.013664945028722286, 0.00230600219219923, -0.0009083732729777694, 0.028164703398942947, 0.034514762461185455, -0.004454621579498053, -0.013110683299601078, -0.007362784817814827, -0.01091416459530592, -0.02208835445344448, -0.032489314675331116, 0.011947418563067913, 0.006387694738805294, -0.028219446539878845, -0.002991986693814397, 0.009791956283152103, -0.03990684077143669, -0.0066340332850813866, -0.008252340368926525, 0.013979710638523102, 0.017736373469233513, -0.013110683299601078, -0.06246050074696541, -0.0025933971628546715, 0.007438054773956537, 0.020925089716911316, 0.016313083469867706, -0.007225929759442806, -0.03175029903650284, -0.021034572273492813, -0.0007270407513715327, 0.039113081991672516, -0.008854500949382782, 0.03213348984718323, -0.030573347583413124, 0.014917165972292423, 0.017011042684316635, 0.007239615544676781, -0.011776349507272243, -0.03763505071401596, -0.011967946775257587, 0.02745305933058262, -0.027151979506015778, 0.019748138263821602, 0.024551739916205406, 0.004752280656248331, 0.002735384041443467, -0.004026950336992741, -0.02876686491072178, -0.014793996699154377, -0.008772388100624084, -0.021650418639183044, 0.016244657337665558, -0.002786704571917653, 0.0065245493315160275, 0.0032349037937819958, -0.0005906136939302087, 0.019652340561151505, -0.02936902642250061, -0.007451740093529224, 0.02448331192135811, -0.04822760820388794, -0.01846170425415039, -0.005535773932933807, 0.006339795421808958, 0.029232170432806015, -0.014424488879740238, 0.014739254489541054, 0.03229771554470062, 0.02576974593102932, -0.014629771001636982, -0.019269146025180817, -0.0006000224966555834, -0.0025420766323804855, -0.009518247097730637, 0.0042938170954585075, -0.0016431121621280909, -0.0066819326020777225, 0.019953420385718346, -0.0065245493315160275, -0.022882111370563507, -0.002779861679300666, -0.009442976675927639, 0.005942916963249445, -0.02739831805229187, -0.029779590666294098, -0.009018726646900177, 0.012898558750748634, 0.02410011924803257, -0.026495076715946198, -0.00413985550403595, 0.021335652098059654, -0.004365665838122368, 0.01946074329316616, 0.015984632074832916, -0.01504033524543047, -0.023032652214169502, -0.037525568157434464, 0.013233852572739124, -0.010934692807495594, -0.04858342930674553, -0.011064705438911915, 0.011543696746230125, -0.01320648193359375, -0.00020196764671709388, -0.015286673791706562, -0.05060888081789017, 0.02904057502746582, -0.00860131997615099, 0.01334333699196577, 0.0019604440312832594, -0.02118511311709881, 0.0018081931630149484, 0.03998895362019539, 0.016395196318626404, -0.01718895509839058, -0.05241536349058151, -0.0072327726520597935, -0.020227130502462387, -0.03793613240122795, -0.028876349329948425, -0.013979710638523102, -0.03207875043153763, 0.023525329306721687, 0.03331044316291809, -0.004742016550153494, -0.007000119425356388, -0.008916085585951805, -0.06043504923582077, -0.03133973479270935, -0.0025745797902345657, 0.018639614805579185, 0.03008067049086094, 0.01677839085459709, -0.00921716634184122, 0.02013133093714714, 0.020897718146443367, 0.015437213703989983, -0.02377166785299778, 0.021855700761079788, -0.014698198065161705, -0.02442857064306736, 0.010955221019685268, -0.004632532596588135, -0.030819686129689217, -0.0003211809671483934, -0.010366746224462986, -0.009340335614979267, 0.043081868439912796, 0.003067256649956107, -0.014780310913920403, -0.00338202272541821, -0.011666866019368172, -0.005686314310878515, 0.016244657337665558, -0.009627730585634708, 0.03262616693973541, -0.021978870034217834, -0.007089075166732073, -0.000526035379152745, -0.0007249024347402155, -0.008977670222520828, 0.011187874712049961, -0.0015490244841203094, 0.019542856141924858, 0.005775269586592913, -0.016326770186424255, -0.008197598159313202, -0.02449699677526951, -0.03591068089008331, 0.014027610421180725, 0.00395168038085103, 0.010832051746547222, 0.018721727654337883, 0.002980011748149991, 0.01913229189813137, -0.01504033524543047, 0.03202400729060173, -0.030244896188378334, -0.03002592921257019, 0.03388523310422897, 0.0011889254674315453, 0.004663324914872646, -0.00020431984739843756, 0.016080431640148163, 0.008710803464055061, 0.02117142826318741, 0.012912244535982609, -0.005255221854895353, -0.011783192865550518, -0.0013736793771386147, 0.010695197619497776, -0.039085712283849716, -0.02147250808775425, 0.0007779336301609874, -0.009511403739452362, -0.01910492032766342, -0.026289794594049454, 0.002684063510969281, -0.009135053493082523, 0.0006765755824744701, -0.006989855319261551, -0.011153660714626312, -0.030299637466669083, 0.026207681745290756, 0.041083790361881256, -0.018010083585977554, 0.002191386418417096, 0.21316494047641754, -0.014232892543077469, -0.001590080908499658, 0.03402208536863327, -0.0048891352489590645, 0.010804681107401848, 0.01517719030380249, -0.0049849338829517365, -0.011810563504695892, -0.006155041512101889, 0.003753241151571274, -0.012994357384741306, -0.040426887571811676, -0.0028859241865575314, -0.008669747039675713, -0.0019433372654020786, -0.04253445193171501, -0.010010924190282822, -0.031503960490226746, -0.002687484724447131, 0.009230852127075195, -0.002256392501294613, -0.0036437571980059147, -0.017558462917804718, 0.01590251922607422, -0.03322833031415939, 0.02602977119386196, 0.013227010145783424, 0.002333373297005892, -0.003688235068693757, -0.02778151072561741, 0.0008921218104660511, 0.006168727297335863, -0.011441055685281754, -0.032160863280296326, -0.018749099224805832, 0.0329819917678833, 0.0027216984890401363, 0.020254500210285187, 0.023908521980047226, -0.008772388100624084, -0.020747177302837372, 0.002379561774432659, 0.013035413809120655, -0.022717885673046112, 0.007178030908107758, -0.00742436945438385, -0.019597597420215607, -0.0022991595324128866, 0.02511284314095974, -0.023265304043889046, -0.016682591289281845, 0.04198703169822693, 0.019939735531806946, -0.0038353540003299713, -0.03755293786525726, 0.03227034583687782, 0.023539014160633087, -0.01586146280169487, 0.0429450161755085, -0.0022769207134842873, -0.00031497972668148577, 0.004020107910037041, 0.022389434278011322, -0.01614885777235031, 0.025550778955221176, -0.023196877911686897, 0.004588054958730936, 0.00808811467140913, -0.009470347315073013, 0.00015150246326811612, -0.020979830995202065, 0.014451859518885612, -0.010996277444064617, 0.008827130310237408, -0.009347178041934967, 0.036293875426054, 0.021540934219956398, 0.00223415344953537, 0.02739831805229187, -0.04190491884946823, -0.038072988390922546, 3.309104795334861e-05, -0.014958222396671772, -0.029259542003273964, -0.004245918244123459, 0.0049849338829517365, -0.007704921532422304, -0.014835053123533726, -0.005128631368279457, -0.01883121207356453, -0.0023419265635311604, -0.021363023668527603, -0.024866504594683647, -0.0022119146306067705, -0.003435053862631321, 0.0032229290809482336, 0.027644656598567963, -0.017257381230592728, -0.006285053677856922, -0.03240720182657242, 0.027480430901050568, 0.009169267490506172, -0.002511284314095974, -0.004820708185434341, 0.007054861634969711, 0.0008502100245095789, -0.00823181215673685, 0.007136974483728409, -0.018584873527288437, 0.014547658152878284, -0.03344729542732239, 0.008621848188340664, -0.02739831805229187, 0.010106721892952919, 0.014246577396988869, 0.017695317044854164, 0.013575989753007889, 0.003773769363760948, 0.004369087517261505, 0.0026036612689495087, -0.03528115153312683, 0.0029560623224824667, -0.0007223364082165062, 0.021869385614991188, -0.026891956105828285, -0.025003360584378242, 0.012515365146100521, -0.0036198077723383904, -0.007390155456960201, 0.024538053199648857, -0.014246577396988869, 0.0008232667460106313, -0.019269146025180817, -0.02282737009227276, 0.005289435386657715, -0.01586146280169487, -0.0362391322851181, 0.02051452547311783, 0.0025831330567598343, 0.013117526657879353, -0.019228089600801468, 0.01746266335248947, 0.01517719030380249, 0.0004174069326836616, -0.02838367223739624, 0.016107801347970963, -0.00768439332023263, -0.006315845996141434, -0.034487392753362656, -0.019282832741737366, 0.0006329531315714121, 0.018037453293800354, -0.03495270013809204, -0.0008656061836518347, -0.005723949056118727, 0.02047346904873848, -0.03333781287074089, 0.016600478440523148, -0.002903030952438712, -0.02410011924803257, 0.026823528110980988, -0.00276104430668056, -0.003924309276044369, -0.021951498463749886, -0.015587754547595978, -0.17254644632339478, 0.05225113779306412, 0.03664969652891159, -0.02449699677526951, 0.00010921648936346173, 0.010147778317332268, 0.014561343938112259, -0.0024018005933612585, -0.03164081275463104, -0.0008561974391341209, -0.004218547139316797, -0.008580791763961315, -0.0462568998336792, -0.03853829205036163, -0.019378630444407463, 0.01504033524543047, -0.013103840872645378, 0.007212244439870119, 0.016107801347970963, 0.018666986376047134, 0.014917165972292423, -0.022950539365410805, -0.0015669866697862744, -0.017380550503730774, -0.02999855764210224, 0.017394237220287323, -0.004998619202524424, -0.003818247001618147, 0.014424488879740238, -0.011454741470515728, -0.005186794325709343, -0.0032622746657580137, -0.00519021600484848, -0.024236973375082016, 0.007383313030004501, -0.0070206476375460625, -0.019419686868786812, -0.00873817503452301, -0.013952339999377728, -0.012611163780093193, 0.018229050561785698, 0.018927009776234627, -0.008806602098047733, 0.009436134248971939, -0.01222112774848938, 0.028657380491495132, 0.006449279375374317, -0.008875029161572456, 0.0164636243134737, -0.019871307536959648, 0.022279949858784676, -0.030190154910087585, 0.013418606482446194, 0.011441055685281754, 0.03038175031542778, 0.011906362138688564, 0.0023915364872664213, -0.0005392931634560227, -0.017900599166750908, -0.008245497941970825, 0.006031872238963842, -0.022649457678198814, 0.0030723887030035257, -0.0012847238685935736, -0.01467082742601633, -0.002311134245246649, -0.02515389956533909, 0.008881872519850731, -0.040153179317712784, 0.012132172472774982, 0.0029064523987472057, 0.006397958844900131, 0.015067705884575844, -0.009559303522109985, 0.01202953141182661, -0.0004956707125529647, -0.02245786227285862, 0.007362784817814827, -0.004690696019679308, 0.02678247168660164, -0.02668667398393154, 0.03133973479270935, -0.002779861679300666, 0.0164499394595623, 0.002942376770079136, 0.0023385053500533104, 0.010086193680763245, 0.0007856317097321153, 0.025249699130654335, 0.0107567822560668, -0.005248378962278366, -0.04850131645798683, 0.012645377777516842, 0.0030073828529566526, 0.0028243395499885082, 0.023224247619509697, -0.002471938729286194, 0.02605714090168476, 0.02043241262435913, -0.006887214258313179, 0.016641534864902496, -0.030135411769151688, -0.016272027045488358, -0.010127250105142593, 0.012912244535982609, 0.0015464584575966, 0.0018150359392166138, 0.006230311933904886, 0.04135750234127045, 0.0019861042965203524, -0.01978919468820095, 0.007711764425039291, -0.015957262367010117, 0.02341584488749504, 0.007369627244770527, 0.012720647267997265, 0.00512178847566247, 0.004779651761054993, 0.006155041512101889, 0.0064732288010418415, 0.06048979237675667, -0.03823721408843994, -0.003934573382139206, 0.005132052581757307, -0.0043930369429290295, -0.015683552250266075, -0.08895557373762131, -0.0022221787367016077, 0.007417526561766863, 0.024852819740772247, -0.011639495380222797, 0.0010563475079834461, -0.026549817994236946, 0.01744897849857807, -0.0247296504676342, 0.030819686129689217, -0.0462021566927433, -0.02504441700875759, 0.012789075262844563, 0.010667826049029827, -0.0029372447170317173, 0.020651379600167274, -0.007814405485987663, 0.016942616552114487, 0.0029372447170317173, 0.04204177483916283, -0.01880384050309658, -0.014096037484705448, 0.010010924190282822, -0.02671404369175434, 0.001552445930428803, 0.03328306972980499, -0.0001380308240186423, 0.029587993398308754, 0.012015845626592636, -0.029615364968776703, -0.006459543481469154, -0.021869385614991188, 0.00043793514487333596, -0.0019570225849747658, -0.012508522719144821, -0.018146937713027, 0.007670708000659943, -0.009949339553713799, 0.02609819732606411, -0.019050179049372673, 0.002533523365855217, 0.012474308721721172, -0.01985762268304825, 0.015067705884575844, 0.03530852124094963, -0.029150057584047318, -0.01614885777235031, 0.04250708222389221, -0.0018406962044537067, -0.01204321626573801, -0.015095077455043793, 0.01583409309387207, 0.0052654859609901905, -0.0021229591220617294, 0.006941956467926502, -0.00940876267850399, 0.02612556889653206, 0.0019296517129987478, -0.004478571005165577, 0.007643336895853281, -0.03071020171046257, -0.01580672152340412, -0.013521247543394566, 0.013370707631111145, 0.04097430780529976, 0.021308282390236855, -0.005638414993882179, -0.017024729400873184, -0.0022033611312508583, 0.021390395238995552, -0.02604345604777336, 0.01438343245536089, -0.034843213856220245, 0.020637694746255875, -0.016107801347970963, 0.017394237220287323, -0.027151979506015778, -0.03071020171046257, 0.013473348692059517, 0.016586793586611748, 0.008758703246712685, 0.002206782577559352, 0.0012590636033564806, -0.01519087515771389, 0.025947658345103264, -0.011181031353771687, 0.015697237104177475, -0.007219087332487106, 0.023374788463115692, -0.04863817244768143, 0.009210323914885521, 0.016422567889094353, 0.010797838680446148, -0.040454261004924774, -0.007417526561766863, 0.016641534864902496, -0.008840816095471382, 0.007793877273797989, -0.004304081201553345, -0.0029235591646283865, -0.01587514951825142, -0.01751740649342537, -0.05403025075793266, 0.0397152453660965, 0.0010495047317817807, -0.02735726162791252, -0.013192796148359776, 0.007739135064184666, -0.006671668495982885, -0.03191452473402023, 0.027329890057444572, -3.640549766714685e-05, 0.0013779561268165708, 0.02873949334025383, -0.0033666265662759542, -0.023018965497612953, 0.0072806719690561295, -0.022594716399908066, 0.01105786208063364, 0.007048018742352724, 0.0026532711926847696, 0.02737094648182392, 0.00921716634184122, -0.006476650480180979, -0.01369231566786766, -0.005768427159637213, 0.004803601186722517, -0.0001441251370124519, 0.00992196798324585, 0.02014501765370369, -0.01681944727897644, -0.01985762268304825, 0.011174188926815987, -0.018680671229958534, 0.006103720981627703, 0.021746216341853142, 0.03563697263598442, -0.012966985814273357, 0.001059768837876618, 0.03738871216773987, 0.01684681698679924, 0.007390155456960201, -0.01335702184587717, -0.02712460793554783, 0.0010289765195921063, -0.004372508730739355, 0.004078270867466927, 0.0068495795130729675, -0.014629771001636982, 0.00604213634505868, 0.005238114856183529, 0.008628690615296364, 0.02076086401939392, 0.03128499165177345, -0.017435293644666672, -0.013911283574998379, -0.02047346904873848, -0.023607442155480385, 0.010743096470832825, 0.022594716399908066, 0.011612123809754848, 0.023320047184824944, 0.05022568628191948, 0.006551920436322689, 0.02602977119386196, -0.004834393505007029, -0.003852460766211152, -0.011612123809754848, 0.007841776125133038, 0.010674669407308102, 0.01039411686360836, -0.0008125749882310629, -0.019282832741737366, -0.018913324922323227, 0.0010802970500662923, 0.023689555004239082, -0.019529171288013458, -0.015683552250266075, -0.03344729542732239, 0.0030980489682406187, 0.01354177575558424, 0.017243696376681328, 0.010435173287987709, -0.031558699905872345, -0.005084153264760971, -0.006959063000977039, 0.006623769178986549, 0.027849938720464706, -0.02939639613032341, 0.013897597789764404, -0.0030860742554068565, -0.004950719885528088, -0.010407802648842335, 0.009477190673351288, -0.008293396793305874, 0.01517719030380249, 0.004995197989046574, -0.018625929951667786, -0.018557501956820488, -0.009942496195435524, 0.00285513186827302, 0.009121367707848549, 0.0013540064683184028, 0.013165425509214401, -0.007971787825226784, 0.0033016204833984375, -0.009545617736876011, 0.015478270128369331, -0.01387706957757473, -0.03040912188589573, 0.010537814348936081, 0.013664945028722286, -0.019884992390871048, -0.031832411885261536, -0.016408883035182953, 0.0052175866439938545, 0.0027576228603720665, 0.007506482303142548, 0.005990815814584494, -0.0006042991881258786, -0.0071164462715387344, 0.028876349329948425, 0.00940876267850399, -0.008512364700436592, 0.04168595373630524, 0.005936074070632458, 0.006213204935193062, 0.007451740093529224, -0.008875029161572456, -0.015300359576940536, 0.0047693876549601555, 0.01268643420189619, 0.021718846634030342, 0.01588883437216282, -0.003079231595620513, -0.018051140010356903, -0.0035924366675317287, -0.03131236135959625, -0.006712724920362234, 0.011865305714309216, 0.006948798894882202, 0.08096326142549515, 0.03799087554216385, -0.01386338472366333, 0.019967105239629745, -0.007650179788470268, 0.010530971921980381, 0.0077733490616083145, 0.011660023592412472, -0.023320047184824944, -0.029916444793343544, 0.04327346757054329, -0.0012984093045815825, 0.0043930369429290295, -0.00413301307708025, -0.014273948967456818, 0.003305041929706931, 0.00795125961303711, 0.018954381346702576, -0.010934692807495594, -0.0038558822125196457, 0.0036061222199350595, 0.0007501349900849164, 0.035801198333501816, -0.003612964879721403, 0.003801140235736966, 0.006534813437610865, 0.010346218012273312, 0.00013984843099024147, -0.028547897934913635, -0.020008161664009094, -0.017572147771716118, -0.010284633375704288, -0.02307370863854885, -0.021020887419581413, -0.004974669776856899, -0.004218547139316797, 0.008840816095471382, 0.010749938897788525, 0.018571186810731888, 0.029779590666294098, -0.0023846938274800777, 0.018612243235111237, -0.023675868287682533, -0.0014917165972292423, -0.01880384050309658, -0.015929890796542168, 0.018872268497943878, -0.013172267936170101, -0.02999855764210224]","[-0.01995423622429371, 0.035398732870817184, 0.009189272299408913, -0.002244681818410754, -0.02094583585858345, 0.0342305488884449, -0.02598533220589161, -0.024545475840568542, -0.024572642520070076, -0.0001461292995372787, 0.025115985423326492, 0.0027540649753063917, 0.011709020473062992, -0.009861658327281475, 0.005912240594625473, -0.003316084388643503, 0.0020511162001639605, -0.00969865545630455, -0.0134477149695158, -0.011939940974116325, -0.009304732084274292, 0.004224484320729971, -0.008944768458604813, -0.014194810763001442, -0.04099515825510025, -0.0065268962644040585, 0.02671884372830391, -0.0009542444604448974, 0.00851688627153635, 0.028172284364700317, 0.034828223288059235, 0.004530114121735096, -0.015593916177749634, -0.03534439951181412, -0.035561736673116684, -0.021529927849769592, -0.0031734569929540157, -0.015906337648630142, 0.04153849929571152, -0.039229296147823334, 0.0340675450861454, -0.003929042257368565, -0.0032532603945583105, -0.015104908496141434, -0.02158426307141781, 0.021611429750919342, 0.005093831568956375, -0.021231090649962425, -0.011994275264441967, -0.011518850922584534, 0.0215163454413414, 0.032301682978868484, -0.045640729367733, -0.003353439038619399, -0.0013422246556729078, -0.04088648781180382, 0.025278987362980843, 0.025034483522176743, 0.007226448971778154, 0.01136264018714428, 0.02451830916106701, 0.009528860449790955, -0.006418227683752775, 0.0030002668499946594, -0.03007398173213005, -0.005620194133371115, 0.002280338667333126, 0.003292313078418374, 0.001367693766951561, -0.005148165859282017, 0.032953694462776184, 0.02476281300187111, -0.007063446566462517, -0.010764963924884796, 0.017251109704375267, -0.0033041988499462605, -0.01332546304911375, -0.007830916903913021, 0.012001067399978638, 0.012578368186950684, -0.0037592477165162563, 0.0158112533390522, -0.0006732347537763417, 0.020810000598430634, 0.013094542548060417, 0.006852901540696621, 0.0038203736767172813, 0.029693642631173134, -0.009793739765882492, -0.013936723582446575, 0.012442532926797867, 0.011939940974116325, 0.02119033969938755, -0.006567646749317646, 0.01450723223388195, 0.03819694370031357, 0.004890078213065863, 0.0374905988574028, -0.006727253552526236, -0.011070594191551208, -0.011817689053714275, 0.001533243339508772, -0.02885146252810955, -0.01217765361070633, -0.03137800097465515, -0.020416077226400375, 0.002499373396858573, -0.0028185867704451084, 0.027927780523896217, -0.004054689779877663, -0.007735832128673792, -0.0024688104167580605, 0.010737797245383263, -0.0011962014250457287, 0.0007415769505314529, -0.018364960327744484, -0.006109201814979315, -0.03200284391641617, -0.0449887216091156, -0.011641102842986584, 0.014221977442502975, 0.026270586997270584, 0.02231777459383011, -0.017305443063378334, 0.011776939034461975, -0.009155313484370708, -0.01050687674432993, -0.018038954585790634, -0.022440025582909584, -0.01597425527870655, 0.048438943922519684, 0.0295034721493721, 0.006540479604154825, 0.03871311992406845, 0.010608753189444542, -0.008618762716650963, -0.025360489264130592, 0.0006150801782496274, -0.032546188682317734, -0.038251280784606934, 0.01662626676261425, 0.01702018827199936, -0.004587844479829073, -0.02704484947025776, -0.027275770902633667, 0.03577907383441925, -0.005565859843045473, -0.012272737920284271, 0.006801962852478027, -0.015553166158497334, 0.014058975502848625, 0.008122963830828667, 0.02127183973789215, 0.021489176899194717, -0.009094187058508396, 0.0032091138418763876, 0.0033245740924030542, -0.0077901664189994335, 0.013991056941449642, 0.008937976323068142, 0.020483994856476784, 0.010364249348640442, 0.0015969162341207266, -0.007959960959851742, 0.0013201513793319464, 0.027506690472364426, 0.007762999273836613, -0.04164716601371765, -0.009922783821821213, 0.009413400664925575, -0.0029764955397695303, 0.009712238796055317, -0.04181016981601715, 0.009148521348834038, 0.0015621084021404386, -0.0035215355455875397, 0.00876139011234045, 0.00859159603714943, -0.022100437432527542, 0.0014772111317142844, -0.005362106487154961, 0.00846934411674738, 0.002227702410891652, 0.053329020738601685, -0.013216795399785042, -0.02614833600819111, 0.0034281485714018345, -0.027737610042095184, -0.009535652585327625, 0.012157278135418892, 0.0032413748558610678, 0.006662731524556875, -0.0174412801861763, 5.990558202029206e-05, -0.5928948521614075, -0.009012686088681221, -0.015050574205815792, -0.020877918228507042, 0.002394100883975625, -0.005589631386101246, 0.0025825726334005594, 0.011967108584940434, -0.03349703550338745, 0.0324375182390213, -0.01832420937716961, 0.024980150163173676, -0.017332611605525017, 0.012659869156777859, 0.005168540868908167, -0.023771213367581367, 0.013705803081393242, -0.020157989114522934, -0.0086391381919384, -0.015430913306772709, -0.021244673058390617, 0.02485789731144905, 0.01315566897392273, 0.03901195898652077, 0.0022752447985112667, -0.015865586698055267, -0.009433776140213013, 0.004248255398124456, 0.01030312292277813, 0.02934047020971775, -0.016558349132537842, 0.010445750318467617, -0.019940651953220367, -0.0024535288102924824, 0.05164466053247452, -0.0012768537271767855, -0.04243501275777817, -0.012687036767601967, -0.014765319414436817, 0.045830901712179184, -0.007226448971778154, -0.012829664163291454, 0.026909014210104942, -0.020592663437128067, -0.007280783262103796, -0.007864875718951225, 0.04007147625088692, -0.017400529235601425, 0.009406608529388905, -0.01303341705352068, -0.007110988721251488, 0.00989561714231968, -0.011036635376513004, 0.008802141062915325, 0.005789988674223423, -0.0011096063535660505, 0.012741371057927608, 0.005059872753918171, 0.025075234472751617, -0.005300980526953936, 0.003640391631051898, 0.0047949934378266335, -0.035724740475416183, -0.0055115255527198315, -0.001898301183246076, 0.012286321260035038, -0.00932510755956173, 0.018188374117016792, -0.011253971606492996, -0.01062912866473198, 0.014602317474782467, 0.0064827497117221355, 0.011878815479576588, 0.0172782763838768, 0.0277919452637434, 0.014317062683403492, 0.006190703250467777, -0.027275770902633667, -0.015947088599205017, 0.010248789563775063, 0.008544053882360458, -0.018623048439621925, -0.04357603192329407, -0.00719249015673995, 0.003292313078418374, 0.006669523660093546, -0.025645744055509567, -0.010235205292701721, 0.010568002238869667, 0.011804105713963509, 0.017645033076405525, 0.027588192373514175, -0.004030918702483177, -0.00651670852676034, 0.018351377919316292, 0.016721351072192192, -0.012693827971816063, 0.0026844493113458157, 0.021203922107815742, -0.013807679526507854, -0.02003573812544346, 0.002475602086633444, -0.005664340686053038, 0.011620727367699146, 0.04977013170719147, 0.0224943608045578, -0.009637529030442238, -0.0017115273512899876, 0.025971749797463417, -0.03412187844514847, -0.0048119728453457355, -0.007335117552429438, -0.01833779364824295, -0.0026352088898420334, -0.004163358360528946, -0.03822411224246025, 0.003606432816013694, -7.22156764823012e-05, -0.008231631480157375, -0.01597425527870655, 0.012720995582640171, 0.011919565498828888, -0.005891865119338036, -0.003389095887541771, -0.0079056266695261, -0.006866484880447388, 0.011865231208503246, -0.011647894978523254, 0.02019874006509781, -0.004207504913210869, 0.0020952627528458834, -0.01824270933866501, 0.014357813633978367, 0.009956742636859417, 0.01092117466032505, -0.0368385910987854, -0.0001737208804115653, 0.007151739671826363, 0.027737610042095184, -0.0064657703042030334, 0.0005734805599786341, 0.009678279981017113, 0.03387737646698952, -0.022141188383102417, 0.021462010219693184, -0.045260392129421234, -0.04960712790489197, -0.019342975690960884, -0.0308889951556921, -0.0155667494982481, -0.001959427259862423, -0.006221266463398933, -0.00785808451473713, 0.004431633278727531, -0.008999102748930454, -0.014344229362905025, 0.002945932559669018, -0.0012072380632162094, -0.03268202394247055, -0.03567040339112282, 0.0026759596075862646, 0.015023407526314259, -0.014982656575739384, -0.009162104688584805, -0.021815182641148567, -0.03754493594169617, -0.01384843047708273, 0.009162104688584805, 0.0005700846668332815, -0.02746593952178955, -0.008245215751230717, -0.019492395222187042, -0.0220053531229496, -0.017142441123723984, -0.02182876691222191, 0.020891500636935234, -0.0425436794757843, 0.01030312292277813, -0.008530469611287117, -0.000687667285092175, 0.01067667081952095, 0.02836245484650135, 0.02720785140991211, 0.0016775685362517834, 0.03876745328307152, -0.010167287662625313, 0.027737610042095184, 0.014235561713576317, -0.014710985124111176, 0.062212664633989334, 0.0117361880838871, 0.03404037654399872, 0.0018269876018166542, -0.004693116992712021, -0.009399817325174809, 0.01172939594835043, 0.015539581887423992, -0.003929042257368565, 0.029530638828873634, 0.014425731264054775, 0.028253786265850067, 0.0090873958542943, 0.035806238651275635, -0.025441991165280342, 0.012551200576126575, -0.0345565527677536, -0.0096171535551548, -0.006448790896683931, 0.014615900814533234, -0.0015960672171786427, -0.006560855079442263, -0.020225906744599342, 0.0076067885383963585, -0.009440568275749683, 0.011233596131205559, 0.029856644570827484, -0.005582839250564575, -0.009902408346533775, 0.0163002610206604, 0.008523678407073021, -0.00040962896309792995, -0.006717065814882517, 0.03349703550338745, 0.018527964130043983, 0.0009805625304579735, 0.002490883693099022, 0.003125914605334401, 0.01856871321797371, -0.010330290533602238, -0.019859151914715767, 0.015498831868171692, 0.017074523493647575, 0.005331543739885092, -0.0037999984342604876, 0.011742979288101196, -0.017889536917209625, 0.01832420937716961, -0.008985518477857113, 0.04031597822904587, 0.0013303390005603433, -0.0012827966129407287, 0.021448425948619843, 0.015933504328131676, -0.04523322358727455, 0.005317959934473038, 0.007756207603961229, 0.016843603923916817, 0.02004932053387165, 0.008258799090981483, 0.010405000299215317, -0.0029442347586154938, 0.01067667081952095, -0.019016971811652184, -0.003874707967042923, -0.004920641425997019, -0.014724569395184517, 0.02354029379785061, 0.002421268029138446, 0.004913849290460348, 0.029802311211824417, 0.0066525437869131565, -0.02231777459383011, 0.018038954585790634, -0.028579790145158768, 0.006659335922449827, -0.0007012507994659245, -0.008075420744717121, -0.019696148112416267, -0.012734578922390938, -0.005952991079539061, -0.0009805625304579735, -0.024165136739611626, 0.004642178304493427, -0.024423224851489067, 0.023268623277544975, -0.004533510189503431, 0.007973544299602509, 0.005915636196732521, 0.015308661386370659, -0.005986949894577265, -0.027493106201291084, -0.001585030579008162, 0.008971935138106346, -0.000975468719843775, 0.0016928500263020396, -0.0004588693263940513, 0.0023380687925964594, 0.04170149937272072, 1.6647809388814494e-05, -0.006975153461098671, 0.0103099150583148, 0.024830730631947517, 0.022372107952833176, 0.0022090249694883823, -0.020402492955327034, 0.0042618392035365105, 0.022630196064710617, 0.0410766564309597, 0.00932510755956173, 0.01597425527870655, 0.004292401950806379, 0.02019874006509781, -0.030372818931937218, -0.0297479759901762, 0.005830739159137011, -0.0017437883652746677, -0.004058085847645998, -0.013597134500741959, -0.00859159603714943, 0.012890789657831192, -0.0077154566533863544, -0.020076487213373184, -0.006078639067709446, 0.022670947015285492, -0.00030711558065377176, 0.007579621393233538, -0.0011384712997823954, 0.009970325976610184, 0.019587479531764984, -0.002419569995254278, -0.013685427606105804, -0.013135293498635292, -0.03404037654399872, 0.0422176755964756, 0.0122251957654953, 0.02256227843463421, -0.0012912863167002797, -0.006784983444958925, -0.00827238243073225, 0.01858229748904705, 0.006316351238638163, -0.009379441849887371, 0.014086142182350159, -0.03414904698729515, -0.006679710932075977, -0.01579766906797886, 0.018541546538472176, -0.015281494706869125, 0.001158846658654511, -0.006251829210668802, -0.004041106440126896, -0.023024119436740875, -0.022603029385209084, -0.04066915065050125, 0.014303479343652725, -0.0039120628498494625, 0.036050744354724884, 0.03561607003211975, -9.869298810372129e-05, 0.016558349132537842, 0.007599996868520975, -0.0027506691403687, -0.0027982115279883146, -0.01124038826674223, -0.026433590799570084, 0.006126181222498417, 0.02428738959133625, 0.009807324036955833, 0.007049862761050463, 0.031160665675997734, 0.012653077952563763, 0.008489719592034817, -0.005409649107605219, -0.004981767386198044, -0.00336192874237895, 0.031568173319101334, 0.004608219489455223, 0.0012165767839178443, 0.01548524759709835, 0.0013294899836182594, -0.014547983184456825, 0.013495258055627346, 0.0065438756719231606, 0.026175502687692642, -0.0023669337388128042, -0.02663734368979931, -0.022277023643255234, 6.499941082438454e-05, 0.016558349132537842, 0.012700620107352734, 0.022440025582909584, -0.015023407526314259, -0.028552623465657234, -0.039229296147823334, -0.026121167466044426, -0.0016232343623414636, 0.020334575325250626, 0.0005717825843021274, 0.0004588693263940513, -0.05677924305200577, -0.020103655755519867, 0.008455760776996613, -0.017088107764720917, 0.005137978121638298, -0.014860404655337334, -0.045993901789188385, -0.02052474580705166, 0.003256656229496002, 0.06281033903360367, 0.018364960327744484, -0.0005102321156300604, 0.004316173493862152, -0.009800531901419163, -0.0020001777447760105, -0.014045391231775284, -0.026990516111254692, 0.00810258835554123, 0.003783018793910742, 0.003993563819676638, -0.019736899062991142, -0.001891509396955371, 0.009807324036955833, -0.012564784847199917, 0.034502219408750534, 0.0032600522972643375, 0.0036879340186715126, 0.008815724402666092, -0.00057517847744748, -0.0015111700631678104, 0.012333864346146584, 0.008360675536096096, 0.0176857840269804, -0.005823947489261627, -0.0031225187703967094, 0.014058975502848625, 0.019940651953220367, -0.005351919215172529, -0.008313133381307125, -0.01062912866473198, -0.008571220561861992, 0.014099725522100925, 0.04528755694627762, -0.005080248229205608, 0.00019568802963476628, -0.006808754988014698, -0.007043071091175079, 0.026175502687692642, -0.005243250634521246, 0.023811964318156242, 0.028634125366806984, -6.553001730935648e-05, 0.015784086659550667, -0.01750919781625271, -0.009046644903719425, 0.01450723223388195, -0.03007398173213005, 0.0365125834941864, 0.007090613711625338, -0.014615900814533234, -0.0230648685246706, 0.004927433095872402, -0.015254328027367592, -0.005250042304396629, 0.012816079892218113, 0.04333152621984482, 0.0055013382807374, -0.001996781909838319, -0.014330646023154259, -0.0559098944067955, 0.00851688627153635, 0.002752366941422224, 0.01759069785475731, 4.5022043195785955e-05, 0.0031513837166130543, -0.005267021711915731, -0.013787304051220417, -0.00803467072546482, -0.012571576051414013, -0.0077154566533863544, -0.025387655943632126, -0.0072400327771902084, 0.012761745601892471, 0.004747450817376375, 0.01259195152670145, 0.011260763742029667, -0.015621083788573742, -0.0103099150583148, -0.014575149863958359, -0.029041631147265434, -0.027900613844394684, 0.006200890988111496, 0.015838420018553734, 0.020565496757626534, 0.009725822135806084, 0.0396096333861351, -0.031731173396110535, 0.025075234472751617, -0.013047000393271446, 0.00753887090831995, 0.0172782763838768, 0.017794450744986534, 0.0029408386908471584, -0.017862370237708092, 0.011430557817220688, 0.022344941273331642, 0.026257004588842392, 0.007457369472831488, 0.0032634481322020292, 0.011389807797968388, 0.03933796286582947, -0.01970973238348961, -0.005338335409760475, -0.005480962805449963, -0.02549632452428341, -0.011641102842986584, 0.007824125699698925, -0.01693868823349476, -0.022209106013178825, -0.05091114714741707, -0.009501693770289421, 0.005480962805449963, 0.012965499423444271, 0.0234723761677742, -0.016830019652843475, 0.006414832081645727, 0.024640562012791634, -0.020144406706094742, -0.024559060111641884, 0.01938372664153576, -0.022059686481952667, 0.01112492848187685, -0.007640747353434563, 0.006540479604154825, 0.0062382458709180355, 0.0008455760544165969, 0.002601250074803829, -0.003185342764481902, -0.006374081131070852, -0.014154059812426567, 0.028987297788262367, -0.03469238802790642, -0.012245571240782738, 0.014249145053327084, -0.015267911367118359, 0.012693827971816063, -0.002971401670947671, 0.002482393989339471, -0.0317855104804039, 0.02461339347064495, 0.0378166064620018, -0.01856871321797371, 0.02427380532026291, -0.017821619287133217, -0.00022837345022708178, 0.016653433442115784, -0.008550845086574554, 0.0297479759901762, 0.011104553006589413, 0.021462010219693184, 0.014887571334838867, -0.003558890428394079, -0.02216835506260395, -0.009148521348834038, 0.009257189929485321, 0.001898301183246076, 0.028308119624853134, 0.02655584178864956, -0.003214207710698247, -0.009664696641266346, -0.009515277110040188, -0.0013804283225908875, -0.014194810763001442, -0.0347195565700531, -0.0009788646129891276, 0.005300980526953936, -0.032301682978868484, 0.004041106440126896, 0.008788557723164558, -0.039229296147823334, -0.012510450556874275, -0.0021478990092873573, 0.011457725428044796, 0.011111344210803509, -0.011253971606492996, -0.0656900554895401, -0.008299549110233784, 0.004744055215269327, 0.025197487324476242, 0.007993919774889946, 0.0068257343955338, -0.027085600420832634, -0.023445209488272667, -0.008211256936192513, 0.03689292445778847, -0.023350123316049576, 0.0196418147534132, -0.030291318893432617, 0.007450577802956104, 0.010085786692798138, 0.006615189369767904, -0.019845567643642426, -0.02860695868730545, -0.004879890475422144, 0.030128315091133118, -0.019356559962034225, 0.0064046443440020084, 0.01579766906797886, 0.016762102022767067, 0.0004503795935306698, -0.008584803901612759, -0.02746593952178955, -0.01315566897392273, 0.003830561414361, -0.012320281006395817, 0.013923139311373234, -0.0008366618421860039, -0.002351652132347226, -0.006041284184902906, -0.005637173540890217, 0.018120456486940384, -0.027004098519682884, -0.0015901244478300214, 0.029123133048415184, -0.03224734961986542, -0.022603029385209084, 0.00604807585477829, 0.007735832128673792, 0.018704550340771675, -0.006801962852478027, 0.01038462482392788, 0.029883811250329018, 0.021448425948619843, -0.011668270453810692, 0.003986772149801254, 0.00313610234297812, -0.022440025582909584, -0.0022667550947517157, -0.0016088017728179693, 0.0011596956755965948, -0.008204464800655842, 0.020592663437128067, -0.020429659634828568, -0.020416077226400375, -0.0024857898242771626, -0.007280783262103796, 0.008652721531689167, -0.023852715268731117, -0.022032519802451134, 0.012483282946050167, 0.0244503915309906, 0.023200705647468567, -0.029041631147265434, 0.0021377112716436386, 0.024219471961259842, -0.014371396973729134, 0.014561566524207592, 0.023241454735398293, -0.015906337648630142, -0.02559140883386135, -0.044363878667354584, 0.02427380532026291, -0.00802787858992815, -0.042163342237472534, -0.025211069732904434, 0.013746553100645542, -0.006425019353628159, 0.004754242952913046, -0.01234065555036068, -0.0343935489654541, 0.023662544786930084, -0.001052725245244801, 0.012551200576126575, 0.009637529030442238, -0.011396599002182484, -0.003613224485889077, 0.0371645949780941, 0.006370685528963804, -0.020090071484446526, -0.04756959527730942, -0.009556028060615063, -0.014670235104858875, -0.028905795887112617, -0.027982113882899284, -0.009359066374599934, -0.02174726501107216, 0.01931580901145935, 0.02728935331106186, 0.006693294737488031, -0.009100979194045067, -0.0021478990092873573, -0.0559098944067955, -0.03349703550338745, -0.010201246477663517, 0.016422513872385025, 0.039392296224832535, 0.01816120743751526, -0.007063446566462517, 0.009528860449790955, 0.028552623465657234, 0.020388910546898842, -0.029286134988069534, 0.022385692223906517, -0.013332255184650421, -0.03770793601870537, 0.013631093315780163, -0.002115637995302677, -0.040533315390348434, 0.0063604977913200855, -0.007314742077142, -0.013658259995281696, 0.04474421590566635, 0.013923139311373234, -0.015254328027367592, -0.004187129437923431, -0.016816435381770134, -0.008931185118854046, 0.013821262866258621, 0.003229489317163825, 0.037273261696100235, -0.023187121376395226, -0.017740117385983467, 0.003762643551453948, 0.015987839549779892, -0.0014245748752728105, 0.008978727273643017, 0.006211078725755215, 0.0076067885383963585, 0.003986772149801254, -0.021299008280038834, -0.011491684243083, -0.02844395488500595, -0.03632241487503052, 0.01661268249154091, 0.009230023249983788, 0.0277919452637434, 0.020810000598430634, 0.0022327962797135115, 0.0184192955493927, -0.023010535165667534, 0.040207311511039734, -0.03485539183020592, -0.0366755872964859, 0.042000338435173035, 0.01304020918905735, 0.005144769791513681, -0.001628328114748001, 0.010500084608793259, 0.005209291819483042, 0.0217608492821455, 0.011525643058121204, 0.0008048253948800266, -0.025700077414512634, 0.006245037540793419, 0.008218048140406609, -0.055611055344343185, -0.02256227843463421, 0.004638782702386379, -0.006312955170869827, -0.010615545324981213, -0.021040920168161392, 0.002029042923822999, -0.0122251957654953, -0.0009966930374503136, -0.013963890261948109, -0.007987127639353275, -0.04148416593670845, 0.010819298215210438, 0.03982697054743767, -0.019410893321037292, -0.0001585455029271543, 0.21005603671073914, -0.0021462009754031897, 0.009725822135806084, 0.02354029379785061, -0.0037490599788725376, 0.014357813633978367, 0.006105806212872267, -0.0006554063293151557, -0.018147623166441917, -0.0022939222399145365, -0.00478820176795125, -0.01148489210754633, -0.03884895518422127, 0.005966574884951115, -0.016422513872385025, -0.0008090702467598021, -0.04104949161410332, -0.018201958388090134, -0.035643238574266434, -0.006255225278437138, 0.011817689053714275, -6.499941082438454e-05, 0.0014390074647963047, -0.0129179572686553, 0.006265413016080856, -0.025061652064323425, 0.024885065853595734, 0.0011707323137670755, 0.00838784221559763, -0.018786050379276276, -0.023173537105321884, 0.008061837404966354, 0.005487754475325346, -0.017862370237708092, -0.032546188682317734, -0.022874699905514717, 0.04593956843018532, 0.009440568275749683, 0.019831983372569084, -0.00030265850364230573, -0.012204820290207863, -0.019166389480233192, 0.0004805181233678013, 0.007837709039449692, -0.011301514692604542, 0.021543512120842934, -0.010595169849693775, -0.018052538856863976, 0.008136547170579433, 0.04023447632789612, -0.023907048627734184, -0.0263249222189188, 0.03577907383441925, 0.014982656575739384, -0.0033398554660379887, -0.028797127306461334, 0.029123133048415184, 0.021855933591723442, -0.013454507105052471, 0.043195690959692, 0.0019356559496372938, -0.0039596050046384335, 0.0033551370725035667, 0.024871481582522392, -0.012890789657831192, 0.027493106201291084, -0.03164967522025108, -0.006618584971874952, 0.015145659446716309, -0.019505979493260384, 0.007817333564162254, -0.027982113882899284, 0.024735646322369576, 0.005759425461292267, 0.013665052130818367, -0.0018932074308395386, 0.041266828775405884, 0.021978184580802917, -0.004173546098172665, 0.03594207391142845, -0.01856871321797371, -0.024504724889993668, 0.013339047320187092, -0.00785808451473713, -0.024056468158960342, 0.010500084608793259, 0.003660766873508692, -0.010357457213103771, -0.014289895072579384, -0.0003686660493258387, -0.0051006232388317585, -0.0025044672656804323, -0.023173537105321884, -0.0327635258436203, 0.00048094260273501277, 0.0009432078222744167, -0.008489719592034817, 0.01401822455227375, -0.01882680132985115, -0.004452008754014969, -0.04311418905854225, 0.02345879189670086, 0.005236458964645863, -0.009800531901419163, 0.004710096400231123, -0.004513134714215994, 0.001733600627630949, -0.004536905791610479, 0.00872064009308815, -0.023078452795743942, 0.014126893132925034, -0.03346987068653107, 0.0061635361053049564, -0.020823583006858826, 0.00789883453398943, 0.01980481669306755, 0.008340300060808659, 0.014357813633978367, -0.008666305802762508, -0.006608397699892521, 0.00676121236756444, -0.040207311511039734, -0.012306696735322475, -0.002022251021116972, 0.02133975923061371, -0.03322536498308182, -0.02029382437467575, 0.021081671118736267, -0.0004187554004602134, -0.02550990879535675, 0.023105619475245476, -0.013909555971622467, 0.007613580208271742, -0.011267555877566338, -0.022983368486166, -0.01092117466032505, -0.013352630659937859, -0.031975679099559784, 0.01099588442593813, 0.0014330645790323615, 0.019179973751306534, -0.002169972285628319, 0.009861658327281475, 0.007688289973884821, 0.012965499423444271, -0.02680034562945366, 0.006550667341798544, -0.007151739671826363, 0.005297584924846888, -0.03485539183020592, -0.01759069785475731, -0.001332885934971273, 0.020918669179081917, -0.017305443063378334, 0.0081501305103302, -0.012557992711663246, 0.025428406894207, -0.03901195898652077, 0.019696148112416267, 0.0004259716661181301, -0.030101148411631584, 0.016802852973341942, -0.005019121803343296, 0.006268808618187904, -0.02215477079153061, -0.01719677448272705, -0.1701747179031372, 0.037354763597249985, 0.0415656641125679, -0.017821619287133217, -0.0022260043770074844, 0.010690254159271717, 0.021692929789423943, -0.0008124661399051547, -0.016082923859357834, -0.006951381918042898, -0.006550667341798544, -0.001786236884072423, -0.03545306622982025, -0.03105199709534645, -0.017631448805332184, 0.009067020379006863, -0.0054028574377298355, 0.008598387241363525, 0.014344229362905025, 0.024328138679265976, 0.003137800144031644, -0.02868845872581005, 0.0027557627763599157, -0.014357813633978367, -0.022032519802451134, 0.010004284791648388, -0.001055272063240409, -0.000405384082114324, 0.014670235104858875, -0.010038243606686592, -0.008815724402666092, -0.010500084608793259, -0.0032023221720010042, -0.01695227064192295, 0.008781765587627888, -0.012598743662238121, -0.022127604112029076, -0.004703304264694452, -0.009134938009083271, -0.009481318295001984, 0.027085600420832634, 0.018147623166441917, -0.003850936656817794, 0.009073811583220959, -0.01340017281472683, 0.034094713628292084, 0.0015094720292836428, -0.02094583585858345, 0.0061635361053049564, -0.016273094341158867, 0.019275058060884476, -0.03860445320606232, 0.005973366554826498, 0.011213221587240696, 0.029123133048415184, 0.007382659707218409, 0.01075138058513403, -0.0017488821176812053, -0.021407676860690117, -0.010316707193851471, 0.025156736373901367, -0.005460587330162525, 0.0112879304215312, -0.005372294224798679, -0.005423232447355986, -0.002013761317357421, -0.0244503915309906, 0.01759069785475731, -0.05498621240258217, 0.011715812608599663, 0.00020428387506399304, 0.013549592345952988, 0.008659513667225838, -0.017400529235601425, 0.005854510236531496, 0.0010433865245431662, -0.022698113694787025, 0.021163173019886017, 0.003867916064336896, 0.03167684003710747, -0.017386944964528084, 0.03186700865626335, -0.010588377714157104, 0.014643067494034767, 0.009114562533795834, -0.01185844000428915, 0.015376579947769642, 0.0018762279069051147, 0.02345879189670086, -0.0016588910948485136, -0.0042007132433354855, -0.035317230969667435, 0.016490431502461433, 0.010785339400172234, 0.0017930286703631282, 0.019179973751306534, -0.007661122828722, 0.022222688421607018, 0.0174412801861763, -0.010241997428238392, 0.009284356608986855, -0.031323667615652084, -0.013556383550167084, -0.011226804926991463, 0.018473628908395767, 0.00949490163475275, 0.007314742077142, 0.0016792664537206292, 0.042326346039772034, -0.004373903386294842, -0.01856871321797371, 0.006061659660190344, -0.008971935138106346, 0.030427154153585434, -0.007022695615887642, 0.01816120743751526, 0.00025405484484508634, 0.002370329573750496, 0.001602859003469348, 0.012524033896625042, 0.057648587971925735, -0.0326005220413208, -0.015349412336945534, 0.0054062530398368835, 0.008360675536096096, -0.0014050485333427787, -0.09888824820518494, -0.001427970826625824, 0.0032957089133560658, 0.0399356409907341, -0.026447173207998276, 0.002482393989339471, -0.030753159895539284, 0.013006250374019146, -0.04333152621984482, 0.021611429750919342, -0.040044307708740234, -0.0332525335252285, 0.018853968009352684, 0.0051549575291574, -0.0033262718934565783, 0.007341909222304821, -0.009481318295001984, 0.00900589395314455, 0.009168896824121475, 0.0381426103413105, -0.016911521553993225, -0.014167643152177334, 0.0136514687910676, -0.022127604112029076, 0.0022616612259298563, 0.020239491015672684, -0.0011562997242435813, 0.02787344716489315, 0.008808932267129421, -0.02728935331106186, -0.020823583006858826, -0.01711527444422245, 0.00195093743968755, -0.006784983444958925, -0.0031717591919004917, -0.00242296583019197, 0.014181227423250675, -0.004030918702483177, 0.030617322772741318, -0.008693472482264042, 0.003003662684932351, 0.020823583006858826, -0.013624301180243492, 0.026107585057616234, 0.05436136946082115, -0.0461297370493412, -0.0150777418166399, 0.04162000119686127, -0.01278891321271658, -0.017128856852650642, -0.012041817419230938, 0.0158112533390522, 0.0015578634338453412, -0.009522069245576859, 0.01638176292181015, -0.0129587072879076, 0.02811795100569725, 0.01760428212583065, -0.0029663078021258116, 0.005749237723648548, -0.02093225158751011, -0.012259154580533504, -0.0052806055173277855, 0.018718132749199867, 0.02934047020971775, 0.016327427700161934, -0.011009467765688896, -0.018052538856863976, -0.006221266463398933, -0.0011469611199572682, -0.02321428805589676, 0.011675061658024788, -0.03762643411755562, 0.023173537105321884, -0.029367636889219284, 0.028308119624853134, -0.01356996688991785, -0.027099184691905975, 0.023974968120455742, 0.016599098220467567, 0.004343340173363686, -0.0019203744595870376, 0.0010697046527639031, -0.01865021511912346, 0.03346987068653107, -0.014425731264054775, 0.030019646510481834, -0.0015196597669273615, 0.01897622086107731, -0.0399356409907341, 0.009603570215404034, 0.007742623798549175, 0.0061193895526230335, -0.04708058759570122, -0.008082212880253792, 0.02574082836508751, -0.01112492848187685, 0.005667736753821373, 0.0028067012317478657, -0.0095764035359025, -0.012496867217123508, -0.014371396973729134, -0.0469447523355484, 0.036458250135183334, 0.015091325156390667, -0.01882680132985115, -0.008122963830828667, -0.0008162864833138883, -0.011396599002182484, -0.03159533813595772, 0.040125809609889984, -0.005287397187203169, -0.005430024582892656, 0.0326005220413208, -0.00032430727151222527, -0.034991227090358734, -0.0041565666906535625, -0.02223627269268036, 0.016979439184069633, 0.006754420697689056, 0.010832881554961205, 0.017223943024873734, 0.010459334589540958, 0.0010900800116360188, -0.017305443063378334, -0.0031581756193190813, 0.008401426486670971, -0.005929220002144575, 0.01947881281375885, 0.035969242453575134, -0.017875952646136284, -0.01653118059039116, 0.009637529030442238, -0.019492395222187042, 0.017237525433301926, 0.016748517751693726, 0.031486671417951584, -0.010004284791648388, 0.009800531901419163, 0.03640391677618027, 0.016245927661657333, 0.010860049165785313, -0.014710985124111176, -0.028172284364700317, 0.006520104594528675, -0.002305807778611779, 0.004360320046544075, -0.0032159057445824146, -0.015227160416543484, 0.017658615484833717, 0.017482029274106026, 0.019356559962034225, 0.016911521553993225, 0.037517767399549484, -0.015172826126217842, -0.021054504439234734, -0.024640562012791634, -0.0184192955493927, 0.018201958388090134, 0.0251839030534029, -0.001993386074900627, 0.017808035016059875, 0.046075403690338135, 0.009196063503623009, 0.01809328980743885, -0.0049172453582286835, -6.797081732656807e-05, -0.023744046688079834, 0.0015179618494585156, 0.0025316341780126095, 0.006017513107508421, -0.012374614365398884, -0.014643067494034767, -0.021000169217586517, 0.013610717840492725, 0.02265736274421215, -0.018038954585790634, -0.01687077060341835, -0.03371437266469002, 0.0011308306129649282, 0.017386944964528084, 0.0093318996950984, 0.016884353011846542, -0.02648792415857315, -0.011559601873159409, -0.013902763836085796, 0.01258515939116478, 0.02386629953980446, -0.02053832821547985, 0.0170337725430727, -0.00472367973998189, -0.004268630873411894, -0.001654646242968738, 0.013420548290014267, -0.0074845366179943085, 0.0105544188991189, 0.006370685528963804, -0.005942803341895342, -0.02795494720339775, -0.010119745507836342, 0.0003474417608231306, 0.013576759025454521, 0.017237525433301926, 0.008299549110233784, -0.0091281458735466, -0.0013260941486805677, 0.0002621200692374259, 0.006757816765457392, -0.02362179569900036, -0.028172284364700317, 0.002402590587735176, 0.009223231114447117, -0.018310626968741417, -0.022779615595936775, -0.021625012159347534, 0.005083643831312656, 0.007049862761050463, 0.007708664983510971, 0.008306341245770454, -0.008061837404966354, -0.004027522634714842, 0.023322956636548042, -0.0012683640234172344, -0.007294366601854563, 0.0308889951556921, 0.004913849290460348, 0.0030461112037301064, 0.01956031285226345, -0.006560855079442263, -0.008618762716650963, 0.003327969927340746, 0.021855933591723442, 0.02819945104420185, 0.024097219109535217, -0.004452008754014969, -0.028090782463550568, -0.0012174258008599281, -0.03526289761066437, 0.001000937889330089, 0.016476847231388092, 0.0052194795571267605, 0.08046895265579224, 0.026270586997270584, -0.00969865545630455, 0.02199176885187626, 0.010669879615306854, 0.007946377620100975, -0.0009915991686284542, 0.011994275264441967, -0.0180117879062891, -0.031323667615652084, 0.035969242453575134, -0.0016707767499610782, 0.0017624656902626157, -0.0072400327771902084, 0.003275333670899272, 0.016748517751693726, 0.004407862201333046, 0.028987297788262367, 0.001193654490634799, -0.017740117385983467, -0.004557281266897917, 0.011097760871052742, 0.020470410585403442, -0.013991056941449642, -0.0018999992171302438, -0.0012327072909101844, -0.00010930513235507533, -0.005986949894577265, -0.017305443063378334, -0.025795163586735725, -0.010724212974309921, -0.0045097386464476585, -0.03203001245856285, -0.013216795399785042, -0.008747806772589684, -0.0036437874659895897, 0.013468090444803238, 0.010717421770095825, 0.015159242786467075, 0.03355136886239052, -0.006869880948215723, 0.007464161142706871, -0.02150276117026806, 0.004013939294964075, -0.02787344716489315, -0.006323142908513546, 0.021394092589616776, -0.009236814454197884, -0.028878629207611084]","[-0.01801087148487568, 0.007511290255934, 0.006277437321841717, -0.01572570763528347, -0.01872752048075199, 0.02067464031279087, -0.018119044601917267, -0.030802374705672264, -0.019917426630854607, -0.015522882342338562, 0.014211280271410942, 0.011750335805118084, -0.00847132969647646, -0.02052590250968933, -0.016374748200178146, 0.013102502562105656, 0.013312089256942272, -0.02067464031279087, 0.010905230417847633, -0.02382519096136093, -0.0029798389878124, -0.002317277016118169, -0.012277680449187756, 0.00920149963349104, -0.022581197321414948, -0.016712790355086327, 0.007856093347072601, -0.03845564275979996, -0.010675362311303616, -0.0023105160798877478, -0.004695401526987553, 0.011452858336269855, -0.035453829914331436, -0.029828814789652824, -0.009972235187888145, -0.006547871045768261, 0.01308222021907568, -0.015793316066265106, -6.343566928990185e-05, 0.006754076573997736, 0.00985730066895485, -0.025123272091150284, -0.006314622238278389, -0.01538766548037529, -0.008680915459990501, 0.016631659120321274, 0.0038266340270638466, -0.0213642455637455, -0.009397563524544239, 0.024257885292172432, 0.014711582101881504, 0.016442356631159782, -0.044729698449373245, -0.018822170794010162, 0.029666554182767868, -0.025204401463270187, 0.015522882342338562, -0.012243876233696938, 0.020985638722777367, -0.01883569359779358, -0.006213209591805935, -0.0016902093775570393, 0.005246409680694342, -0.017875654622912407, -0.013886759988963604, -0.03888833522796631, -0.0011679346207529306, 0.02194567769765854, 0.022148502990603447, -0.001654714928008616, 0.02907160110771656, 0.02029603347182274, -0.007592420559376478, -0.00680816313251853, 0.030180377885699272, -0.006804782897233963, -0.014332975260913372, 0.010357602499425411, 0.022459501400589943, -0.019728124141693115, 0.030450811609625816, -0.012162746861577034, -0.02397392876446247, 0.0010927203111350536, 0.03296584263443947, 0.02702982723712921, 0.034480269998311996, 0.006896053906530142, -0.013224197551608086, 0.0010513102170079947, 0.005665581673383713, 0.03128915652632713, 0.012561636045575142, 0.02601570263504982, -0.00920149963349104, 0.0011755406158044934, -0.016171922907233238, 0.023324888199567795, -0.0008890501339919865, -0.004239045083522797, 0.017456481233239174, 0.012554874643683434, -0.04675795137882233, -0.016442356631159782, -0.04164675995707512, 0.00953954178839922, -0.0015152726555243134, -0.013744782656431198, -0.0007656648522242904, -0.017064353451132774, -0.028747079893946648, 0.044297005981206894, 0.021485941484570503, 0.01097283884882927, -0.0016504894010722637, 0.021675243973731995, 0.015982620418071747, 0.009106848388910294, -0.01511723268777132, -0.005314018111675978, 0.011716531589627266, 0.03412870690226555, 0.017699873074889183, -0.016171922907233238, 0.010546905919909477, -0.017483524978160858, -0.012176267802715302, 0.004969215486198664, -0.012805026024580002, -0.031478457152843475, 0.09032478928565979, 0.01922782137989998, 0.013798869214951992, 0.006047569215297699, 0.011135099455714226, 8.213360706577078e-05, -0.006209829356521368, 0.012412897311151028, -0.019890382885932922, 0.00891078356653452, 0.008153569884598255, 0.012859112583100796, -0.007234096061438322, 0.005428952630609274, 0.005141616798937321, 0.01698322407901287, 0.006017145235091448, 0.010161538608372211, -0.0034074620343744755, -0.0255289226770401, 0.009215021505951881, -0.04502717778086662, -0.014819755218923092, -0.009823496453464031, 0.02820621430873871, 0.017983827739953995, -0.028287343680858612, -0.00973560567945242, 0.044973090291023254, 0.006841967348009348, 0.006294339429587126, 0.0009862371953204274, 0.02131015993654728, -0.005043584853410721, 0.02528553269803524, 0.026002179831266403, 0.02678643725812435, -0.022892195731401443, -0.003360136179253459, 0.013629848137497902, -0.015617534518241882, 0.023906320333480835, -0.02333841100335121, 0.02295980416238308, -0.008099483326077461, 0.013994933106005192, 0.019579384475946426, -0.01640179194509983, 0.012933481484651566, 0.03247906267642975, -0.036914173513650894, 0.013940846547484398, 0.014157193712890148, 0.017064353451132774, 0.006270676851272583, 0.017983827739953995, 0.026637699455022812, 0.02446071058511734, 0.014211280271410942, -0.014630451798439026, 0.021283116191625595, 0.012879394926130772, -0.007396356202661991, 0.014062541536986828, -0.6282711029052734, -0.0263131782412529, 0.015806837007403374, -0.024041537195444107, 0.04172788932919502, 0.008430764079093933, 0.025069184601306915, 0.03742799535393715, -0.029639510437846184, 0.02067464031279087, -0.024731142446398735, 0.014508756808936596, 0.028963427990674973, -0.010276473127305508, 0.0007766511989757419, -0.040267545729875565, 0.014576365239918232, -0.017307743430137634, 0.009559824131429195, 0.01814608834683895, 0.015942053869366646, 0.028665950521826744, -0.009269108064472675, 0.01733478717505932, 0.02382519096136093, 0.0012270919978618622, -0.008985152468085289, 0.005824461579322815, 0.011500184424221516, 0.00462441286072135, -0.02494749054312706, 0.007470725104212761, -0.02654304727911949, 0.015766272321343422, 0.035994697362184525, 0.005121334455907345, 0.001860920456238091, 0.003226609667763114, 0.011317641474306583, 0.028990469872951508, -0.04848872497677803, 0.027246175333857536, 0.03285767138004303, 0.028611863031983376, -0.010661840438842773, -0.009701801463961601, 0.022554153576493263, 0.008153569884598255, 0.0007310155197046697, 0.019592907279729843, -0.0002011349133681506, -0.030613072216510773, -0.0020028981380164623, 0.02052590250968933, 0.00825498253107071, -0.026434874162077904, 0.036481477320194244, -0.023284323513507843, 0.0037928298115730286, 0.017145482823252678, 0.006828445941209793, -0.002455874113366008, -0.012683331035077572, -0.014792712405323982, 0.01650996506214142, -0.024095624685287476, -0.010127734392881393, -0.007991310209035873, -0.003677895525470376, -0.011101295240223408, 0.008822892792522907, -0.0024474230594933033, -0.02669178508222103, 0.0275706946849823, 0.003606906859204173, 0.03961850702762604, 0.02217554673552513, 0.011513706296682358, 0.011662444099783897, 0.035399746149778366, 0.004178197588771582, -0.0007749609649181366, -0.01718604937195778, 0.01048605889081955, 0.03564313426613808, -0.013846195302903652, -0.003037306247279048, -0.017740437760949135, -0.008721480146050453, -0.011331163346767426, 0.017686350271105766, -0.024541839957237244, 0.01568514294922352, -0.018524695187807083, -0.0012287822319194674, 0.03829338401556015, 0.0039753722958266735, 0.04946228489279747, 0.0018845833837985992, -0.007308465428650379, -0.02736786939203739, 0.014941450208425522, -0.010506341233849525, -0.005702766124159098, 0.02961246855556965, 0.008998674340546131, -0.020890988409519196, -0.01514427550137043, 0.03350671008229256, -0.033317405730485916, -0.00022247379820328206, 0.013406740501523018, -0.021080290898680687, 0.0022361469455063343, 0.008775566704571247, -0.032506104558706284, 0.030153334140777588, -0.005053726024925709, 0.009228543378412724, 0.004441870376467705, 0.022581197321414948, -0.014927929267287254, -0.01177061814814806, 0.0011417364003136754, -0.0007322832243517041, -0.009066282771527767, 0.013291805982589722, -0.01840299926698208, -0.018903302028775215, -0.00671013118699193, 0.027503086254000664, 0.010783535428345203, 0.017551133409142494, 0.003988894168287516, -0.005560788791626692, -0.008599785156548023, -0.0005374865722842515, 0.01679391972720623, 0.008227938786149025, -0.01636122725903988, -0.009309672750532627, 0.02314910665154457, -0.017835089936852455, 0.007450442761182785, -0.01984981819987297, -0.03842860087752342, -0.020268989726901054, 0.0009676448535174131, -0.013210676610469818, 0.016077270731329918, -0.013535196892917156, 0.01820017397403717, -0.02314910665154457, 0.014346497133374214, 0.00023662930470891297, 0.0018710617441684008, 0.004512859042733908, 0.015752751380205154, 0.01358928345143795, -0.004925270099192858, 0.011865269392728806, -0.0018744422122836113, -0.008085961453616619, 0.002511651022359729, -0.01795678399503231, 0.008221178315579891, 0.0005366414552554488, 0.017145482823252678, -0.01660461723804474, -0.019741645082831383, 0.010871426202356815, -0.010648318566381931, 0.009282629936933517, 0.00788989756256342, -0.008660633116960526, 0.028530733659863472, -0.014806234277784824, 0.004343837965279818, -0.005729809869080782, -0.010810579173266888, 0.0004168478772044182, -0.006138840224593878, -0.011371728032827377, -0.019065560773015022, 0.022986847907304764, 0.003813112387433648, 0.001788241439498961, 0.02785464935004711, 0.012203311547636986, -0.00854569859802723, 0.011459619738161564, 0.006277437321841717, -0.013028133660554886, 0.001664011157117784, 0.006950140930712223, 0.01883569359779358, -0.00025141864898614585, 0.02815212681889534, -0.006635761819779873, 0.031235069036483765, 0.03139732778072357, 0.03694121539592743, 0.013305327855050564, -0.01829482614994049, -0.00554726691916585, -0.03399349004030228, 0.005215986166149378, -0.006916336715221405, 0.009100086987018585, -0.005635158158838749, 0.010736209340393543, 0.005212605465203524, -0.028774123638868332, 0.001788241439498961, 0.014887363649904728, 0.009106848388910294, -0.004806955344974995, 0.007376073393970728, 0.023676453158259392, 0.0036981781013309956, 0.030694201588630676, 0.0020924792625010014, -0.0030406867153942585, -0.03272245451807976, -0.0168480072170496, -0.009823496453464031, 0.0428907535970211, 0.012798265554010868, -0.009390803053975105, -0.0226217620074749, 0.004739346913993359, 0.010459015145897865, 0.02708391472697258, -0.015076667070388794, -0.005408669821918011, -0.010472537018358707, 0.026029223576188087, 4.117244316148572e-05, 0.0024981293827295303, -0.01056042779237032, 0.009897866286337376, 0.03353375196456909, 0.014224802143871784, 0.010289994068443775, 0.03072124533355236, 0.011026925407350063, 0.03937511518597603, -0.0014366779942065477, -0.018213696777820587, 0.01361632626503706, 0.017442960292100906, -0.008140048012137413, -0.015644578263163567, 0.006172644440084696, 0.02251358889043331, -0.005398528650403023, 0.010202103294432163, 0.01951177604496479, 0.03878016397356987, -0.00017800017667468637, -5.424515620688908e-05, -0.010939034633338451, 0.014224802143871784, 0.011730052530765533, 0.04432405158877373, 0.005097671411931515, -0.02809803932905197, -0.012297962792217731, -0.008146809414029121, -0.0100736478343606, -0.03350671008229256, -0.017240134999155998, 0.013460827060043812, -0.01106749102473259, 0.004228903912007809, -0.013609565794467926, -0.012365571223199368, -0.0008653872064314783, 0.008153569884598255, -0.0016504894010722637, -0.02159411460161209, -0.019349517300724983, 0.020444773137569427, 0.017294222488999367, -0.0005721358465962112, 0.004299892578274012, -0.016171922907233238, 0.015455273911356926, -0.007720876485109329, 0.02980177104473114, 0.012608962133526802, 0.0028446223586797714, -0.016077270731329918, -0.010675362311303616, 0.006730413530021906, 0.012507549487054348, 0.010310277342796326, 0.01349463127553463, 0.013487870804965496, 0.007443681824952364, 0.003894242225214839, 0.008451046422123909, -0.029342034831643105, 0.005226127337664366, 0.0486239418387413, 0.002356151817366481, 0.027219131588935852, -0.0022040330804884434, 0.025407226756215096, 0.009870822541415691, 0.016915615648031235, -0.0035257767885923386, -0.013460827060043812, 0.0035866242833435535, 0.00801159255206585, 0.00900543574243784, -0.02844960428774357, -0.0043201749213039875, 0.007612702902406454, 0.011283837258815765, -0.018078479915857315, -0.020350120961666107, -0.013609565794467926, -0.015090188942849636, 0.023622365668416023, 0.019768688827753067, 0.02820621430873871, 0.026150919497013092, 0.01536062266677618, -0.015333578921854496, -0.02762478217482567, -0.021769896149635315, 0.005939395632594824, -0.002472776221111417, -0.02524496614933014, -0.022121459245681763, -0.011736813932657242, 0.008816132321953773, -0.00571628799661994, 0.0025268630124628544, 0.030910547822713852, 0.005621636286377907, -0.004942172206938267, -0.03334445133805275, -0.0036643738858401775, 0.0003027587372343987, 0.004282990470528603, 0.029585424810647964, -0.0006110107060521841, 0.007910179905593395, 0.0038029709830880165, -0.006355186924338341, 0.007038031704723835, -0.029477251693606377, -0.007734397891908884, 0.02732730470597744, 0.03826633840799332, 0.024717621505260468, -0.016239531338214874, 0.02869299426674843, -0.01291319914162159, 0.01012097392231226, 0.020228425040841103, 0.0321274995803833, -0.002171918982639909, 0.03488592058420181, -0.010215625166893005, 0.010600993409752846, -0.007443681824952364, -0.014238323085010052, -0.00423566484823823, 0.03364192694425583, -0.0027263076044619083, -0.005753472447395325, 0.013501392677426338, 0.0021651582792401314, 0.00048001945833675563, -0.015617534518241882, -0.007430160418152809, 0.003559580771252513, 0.003694797633215785, 0.007457203697413206, 0.0018254261231049895, -0.013643370009958744, -0.017361830919981003, -0.016807442530989647, 0.007727636955678463, -0.006530968938022852, 0.005070628132671118, 0.006145601160824299, 0.010235907509922981, -0.022297240793704987, 0.005709527060389519, 0.004959074314683676, -0.00032832316355779767, 0.009972235187888145, -0.030937591567635536, 0.016374748200178146, -0.013555479235947132, 0.001630206941626966, 0.014251844957470894, -0.021296637132763863, 0.014224802143871784, 0.026461917906999588, -0.005976580083370209, -0.02266232669353485, -0.007430160418152809, -0.008633589372038841, 0.01453580055385828, 0.006656044628471136, 0.010452254675328732, -0.006656044628471136, -0.026042746379971504, 0.019295429810881615, 0.019335994496941566, 0.021918633952736855, 0.019146692007780075, -0.031911153346300125, 0.016672225669026375, -0.004282990470528603, -0.008092721924185753, 0.029152730479836464, 0.009471933357417583, -0.0025995420292019844, 0.01596909761428833, -0.0002621937310323119, -0.011703009717166424, -0.00015539361629635096, 0.009958713315427303, 0.0005041049444116652, -0.006071231793612242, -0.0026671504601836205, -0.024541839957237244, 0.0017062663100659847, -0.0036238087341189384, 0.002438972005620599, -0.03164071962237358, -0.012216833420097828, -0.012047812342643738, -0.007612702902406454, -0.009255586192011833, 0.017213091254234314, 0.0035021137446165085, -0.027881693094968796, -0.0040429807268083096, -0.03894242271780968, 0.026881089434027672, -0.0019319092389196157, 0.0369953028857708, 0.009039239957928658, 0.004566945601254702, -0.0004052276781294495, 0.013379696756601334, 0.013102502562105656, 0.005560788791626692, -0.012494027614593506, -0.01864638924598694, -0.01444114837795496, -0.010093930177390575, -0.01859230361878872, 0.002295304322615266, -0.0044317287392914295, -0.016834484413266182, -0.010756492614746094, -0.014468192122876644, -0.00651744706556201, -0.0013555479235947132, 0.0019099365454167128, -0.016766875982284546, -0.024203797802329063, 0.006027286406606436, 0.02605626732110977, -0.011696248315274715, 0.03077533096075058, 0.008058917708694935, 0.01838947832584381, -0.03675191104412079, -0.014630451798439026, 0.005794037599116564, -0.02912568673491478, -0.0362110435962677, -0.011047208681702614, 0.031153937801718712, -0.005124714691191912, 0.010688884183764458, 0.005199084058403969, 0.006615479476749897, -0.02736786939203739, 0.008647111244499683, 0.011412293650209904, -0.006132079288363457, -0.0027618021704256535, -0.011466380208730698, 0.028909340500831604, -0.008829653263092041, 0.017104918137192726, 0.00903247855603695, 0.0012575157452374697, 0.011736813932657242, 0.011087773367762566, -0.015103710815310478, 0.025326097384095192, -0.004982737358659506, -0.023040933534502983, -0.0019910666160285473, -0.014211280271410942, 0.00016130934818647802, -0.017267178744077682, -0.025272009894251823, -0.001286249258555472, -0.005104432348161936, -0.001293010194785893, 0.012007247656583786, 0.005631777457892895, 0.021174943074584007, -0.020809857174754143, 0.025055663660168648, -0.0020045882556587458, 0.025407226756215096, 0.002851383062079549, -0.011459619738161564, -0.007112401071935892, 0.015495839528739452, 0.03829338401556015, 0.00047410372644662857, 0.008153569884598255, 0.011817943304777145, -0.01094579603523016, -0.006243633106350899, 0.040943630039691925, 0.01955234259366989, 0.00714620528742671, -0.0005501631530933082, 0.014616930857300758, 0.023514192551374435, -0.03772547096014023, -0.011750335805118084, -0.00801159255206585, 0.00035916949855163693, 0.0271785669028759, -0.02771943248808384, 0.004313414450734854, -0.006635761819779873, -0.006422795355319977, -0.0024862978607416153, -0.007714115548878908, 0.01577979512512684, 0.007308465428650379, 0.042349886149168015, 0.03101872280240059, -0.02062055468559265, -0.01655052974820137, -0.018227217718958855, -0.013244480825960636, -0.001657250220887363, 0.001142581575550139, 0.016347704455256462, 0.0006038272986188531, 0.005871787201613188, -0.0038469163700938225, -0.020214904099702835, -0.04034867882728577, -0.015509361401200294, 0.035940609872341156, -0.004195099696516991, 0.01407606340944767, -0.010161538608372211, 0.0020350120030343533, -0.039970070123672485, 0.009411085397005081, -0.01887625828385353, 0.00528021389618516, 0.012243876233696938, -0.008849936537444592, -0.013136306777596474, -0.0005150912911631167, -0.001227937056683004, 0.018713997676968575, 0.005729809869080782, -0.027678867802023888, -0.007977788336575031, 0.005503321532160044, 0.018037913367152214, 0.011689487844705582, 0.026732351630926132, 0.02310854196548462, -0.02024194784462452, 0.03775251656770706, 0.0004105095867998898, 0.029531337320804596, 0.007572137750685215, -0.016185443848371506, -0.016956180334091187, 0.021512985229492188, -0.03512931242585182, 0.019241342321038246, 0.02329784631729126, -0.02102620340883732, 0.00581431994214654, 0.009965474717319012, -0.027151523157954216, -0.022310763597488403, -0.03334445133805275, -0.025488356128335, 0.00788989756256342, 0.010952556505799294, 0.021174943074584007, 0.0180649571120739, 0.01444114837795496, -0.010087169706821442, -0.026624178513884544, -0.021188464015722275, -0.0023984070867300034, -0.029531337320804596, -0.016537008807063103, -0.020661119371652603, 0.005239648744463921, 0.03431801125407219, -0.010675362311303616, 0.011135099455714226, 0.010229147039353848, 0.02325727976858616, -0.02252710983157158, -0.001373295090161264, -0.03223567083477974, 0.028016909956932068, -0.04126815125346184, 0.009336716495454311, -0.0023426301777362823, -0.05405965447425842, 0.006334904581308365, 0.022824587300419807, -0.031478457152843475, -0.0283955167979002, 0.00997899565845728, -0.013244480825960636, -0.007930462248623371, -0.013136306777596474, -0.03396644815802574, 0.01926838606595993, 0.027002785354852676, -0.025934571400284767, -0.001899795257486403, 0.019241342321038246, -0.0024203797802329063, 0.01097283884882927, 0.009066282771527767, -0.012155985459685326, -0.015658099204301834, 8.408791472902521e-05, -0.01196668203920126, 0.0028564538806676865, -0.017267178744077682, -0.01675335504114628, 0.016347704455256462, -0.00738959526643157, -0.02228371985256672, -0.030640114098787308, -0.03729277849197388, -0.006963662337511778, -0.011364967562258244, 0.018037913367152214, -0.00014313960855361074, -0.01966051571071148, -0.0022412175312638283, 0.022946281358599663, -0.0014806233812123537, 0.017889175564050674, -0.032208628952503204, -0.006716892123222351, -0.01526597049087286, -0.02485283836722374, -0.01994447037577629, -0.027935780584812164, -0.033750101923942566, 0.010039843618869781, 0.014049019664525986, -0.028016909956932068, -0.011209468357264996, -0.009471933357417583, -0.020025599747896194, -0.008613307029008865, 0.011669205501675606, 0.016171922907233238, 0.004117350094020367, -0.003355065593495965, -0.010918752290308475, 0.0378606878221035, 0.00012718825018964708, 0.005138236563652754, -0.016969701275229454, -0.0133729362860322, 0.011669205501675606, 0.01878160610795021, 0.019254865124821663, 0.010168299078941345, -0.01947121135890484, 0.0036238087341189384, 0.007078596856445074, 0.015347100794315338, 0.02185102552175522, -0.005155138671398163, 0.005243029445409775, 0.020796336233615875, -0.022824587300419807, 0.01709139719605446, 0.016523486003279686, -0.01699674502015114, -0.0008489076280966401, -0.01810552179813385, 0.0119193559512496, -0.00017831708828452975, 0.008620067499577999, -0.01660461723804474, -0.006527588702738285, -0.030991679057478905, 0.0029511055909097195, 0.005804178770631552, 0.0042086211033165455, -0.010229147039353848, -0.008261743001639843, -0.02106676995754242, 0.009012196213006973, -0.02189159207046032, -0.02005264349281788, 0.012811786495149136, -0.008052157238125801, 0.023027412593364716, 0.004316794686019421, -0.0018795127980411053, -0.013386458158493042, -0.009269108064472675, 0.01926838606595993, -0.01611783541738987, -0.018037913367152214, -0.017551133409142494, 0.0209721177816391, 0.006480262614786625, -0.013264763168990612, -0.004725825507193804, 0.0027601118199527264, -0.01431945338845253, 0.006186166312545538, 0.006338284816592932, 0.0041646757163107395, 0.01184498704969883, -0.006652663927525282, -0.008085961453616619, -0.01444114837795496, -0.008451046422123909, -0.00999927893280983, -0.02168876677751541, 0.0007694677915424109, -0.015536404214799404, -0.01840299926698208, -0.018186653032898903, 0.004837379325181246, 0.024095624685287476, -0.015049624256789684, 0.006848728284239769, 0.18595007061958313, -0.03237088769674301, -0.03393940255045891, 0.045270565897226334, -0.016239531338214874, -0.007741158828139305, 0.007943984121084213, -0.008194134570658207, -0.008004831150174141, -0.008207656443119049, 0.011392011307179928, 0.011317641474306583, 0.002195582026615739, 0.00032811189885251224, 0.025637095794081688, -0.018240738660097122, -0.03675191104412079, -0.01465749554336071, -0.042295798659324646, 0.011953160166740417, 0.005574310198426247, -0.013981412164866924, -0.01303489413112402, -0.017240134999155998, 0.018362434580922127, -0.017929740250110626, 0.015306536108255386, 0.017605220898985863, 0.00837667752057314, 0.04378318414092064, -0.036481477320194244, -0.03161367401480675, 0.008565980941057205, 0.02185102552175522, -0.002902089385315776, -0.037833645939826965, -0.007024509832262993, -0.014400583691895008, 0.01815960928797722, 0.04678499326109886, 0.0018355672946199775, -0.028233256191015244, -0.01898443140089512, -0.018957387655973434, -0.029233861714601517, 0.0034176032058894634, 0.00644307816401124, -0.015428231097757816, -0.0039314269088208675, 0.013440544717013836, -0.02120198681950569, 0.0362921766936779, 0.028611863031983376, 0.020363641902804375, -0.0014772429130971432, -0.017726914957165718, 0.044188834726810455, -0.009039239957928658, -0.011953160166740417, 0.026475438848137856, -0.018605824559926987, -0.00768031133338809, -0.01917373575270176, -0.004938791505992413, -0.012074855156242847, 0.02003912255167961, 0.003684656461700797, 0.0004512858868110925, 0.005202464293688536, -0.015712186694145203, 0.019241342321038246, 0.011790900491178036, 0.018213696777820587, -0.008917544968426228, -0.009870822541415691, -0.014927929267287254, 0.01213570311665535, 0.017199570313096046, 0.013596043922007084, 0.015401187352836132, -0.028503689914941788, -0.018024392426013947, -0.024041537195444107, -0.02309502102434635, -0.017118440940976143, -0.03640034794807434, 0.01655052974820137, 0.014454670250415802, 0.0003105759678874165, -0.02091803029179573, -0.03556200489401817, -0.014265366829931736, -0.008511894382536411, 0.002557286759838462, 0.006456599570810795, 0.008214417845010757, -0.004563565365970135, 0.0461900420486927, -0.010289994068443775, -0.002418689662590623, 0.00239671696908772, 0.023514192551374435, 0.003448026953265071, 0.019646992906928062, -0.014860320836305618, -0.0015930222580209374, 0.012074855156242847, -0.005067247431725264, -0.00738959526643157, -0.013535196892917156, 0.012216833420097828, -0.02170228771865368, 0.006057710386812687, -0.01713196188211441, 0.00990462675690651, 0.0117232920601964, -0.008146809414029121, 0.013352653943002224, 0.0015254139434546232, 0.007321986835449934, -0.006625620648264885, -0.011317641474306583, 0.016293618828058243, 0.018119044601917267, 0.009823496453464031, 0.02072872780263424, -0.03713051974773407, 5.136651816428639e-05, -0.012541353702545166, -0.011013404466211796, 0.029152730479836464, -0.01143257599323988, 0.008511894382536411, -0.0006249549333006144, -0.032830625772476196, -0.013433784246444702, -0.008309069089591503, -0.022689370438456535, 0.011912595480680466, -0.010817339643836021, -0.016875050961971283, -0.02029603347182274, 0.010289994068443775, 0.000722987053450197, -0.019822774454951286, -0.02616444043815136, 0.02140481024980545, -0.004022698383778334, -0.023892799392342567, 0.007443681824952364, -0.025123272091150284, 0.005259931553155184, 0.021391289308667183, -0.035264529287815094, 0.007078596856445074, -0.014008454978466034, -0.012514309957623482, -0.03653556481003761, -0.0038469163700938225, 0.008518654853105545, -0.00973560567945242, -0.0007179164094850421, 0.025907529518008232, -0.010465776547789574, -0.011899073608219624, -0.02606978826224804, -0.170913964509964, 0.036670781672000885, 0.005006399936974049, -0.027462521567940712, -0.0004005796217825264, 0.024501275271177292, 0.012845590710639954, -0.003728601848706603, -0.02101268246769905, 0.022878672927618027, 0.01664518192410469, -0.0004783292533829808, -0.03848268464207649, 0.002261500107124448, -0.022581197321414948, 0.0009929980151355267, -0.030045161023736, -0.010567189194262028, 0.027313783764839172, -0.01636122725903988, 0.043810226023197174, -0.018862735480070114, -0.00047199096297845244, -0.0032080174423754215, -0.025542443618178368, 0.020363641902804375, -0.018795127049088478, 0.01221007201820612, 0.018430043011903763, -0.016036706045269966, -0.006936619058251381, 0.02116142027080059, -0.008525416254997253, -0.014589887112379074, 0.013778586871922016, 0.007254378404468298, -0.01878160610795021, -0.02314910665154457, 0.004005796276032925, 0.0041139693930745125, 0.0016944349044933915, 0.02644839510321617, 0.0029274425469338894, -0.009235303848981857, -0.012466983869671822, 0.028179170563817024, 0.04024050384759903, 0.03780660405755043, 0.027462521567940712, -0.018119044601917267, 0.022824587300419807, 0.010790296830236912, 0.008322590962052345, 0.008748523890972137, 0.011466380208730698, 0.007105640135705471, -0.021080290898680687, -1.596455513208639e-05, 0.005560788791626692, -0.012777982279658318, -0.007950744591653347, -0.05416782945394516, 0.00390100316144526, 0.01990390568971634, -0.018795127049088478, 0.0030778711661696434, -0.012872634455561638, -0.0047325859777629375, -0.01737535186111927, 0.007612702902406454, 0.0006296029896475375, -0.030450811609625816, 0.017781002447009087, -0.02519088052213192, 0.008755284361541271, 0.008417242206633091, -0.008775566704571247, -0.01085114385932684, -0.016104314476251602, -0.006747315637767315, -0.008816132321953773, 0.02412266843020916, 0.006514066830277443, -0.011182424612343311, -0.0066864681430161, 0.023662930354475975, 0.0017375352326780558, 0.005821080878376961, 0.009174455888569355, -0.0023324890062212944, 0.003650852246209979, -0.04267440736293793, -0.01660461723804474, -0.03207341209053993, 0.021769896149635315, 0.022986847907304764, 0.006852108519524336, 0.028287343680858612, -0.005726429168134928, -0.012994329445064068, 0.0007922856020741165, -0.014589887112379074, -0.02863890677690506, 0.017442960292100906, 0.024379579350352287, 0.002312206430360675, -0.02498805522918701, 0.002628275426104665, 0.03840155526995659, -0.0033195712603628635, -0.01245346199721098, 0.03326331824064255, -0.00045551141374744475, 0.006307861302047968, 0.010235907509922981, 0.00021803700656164438, 0.005584451835602522, -0.012007247656583786, 0.03185706585645676, -0.01429241057485342, 0.045405782759189606, -0.028043953701853752, -0.008227938786149025, -0.002384885447099805, -0.012027529999613762, -0.02106676995754242, -0.10330559313297272, -0.01572570763528347, 0.025028619915246964, -0.000742424454074353, 0.003059278940781951, -0.007977788336575031, -0.01582035981118679, 0.03247906267642975, -0.000640589336398989, 0.03442618250846863, -0.016834484413266182, -0.01718604937195778, 0.0023138965480029583, -0.0009262347011826932, 0.0036576129496097565, 0.034290965646505356, -0.018754562363028526, -0.004032839555293322, -0.025217924267053604, 0.011398771777749062, -0.03437209874391556, -0.031911153346300125, -0.01526597049087286, 0.009803214110434055, -0.007977788336575031, 0.01975516602396965, -0.008904023095965385, 0.005476278252899647, 0.007403117138892412, -0.00044621527194976807, 0.03034263849258423, -0.009627432562410831, -0.00871471967548132, 0.010418450459837914, -0.015333578921854496, -0.023811670020222664, -0.015644578263163567, -0.0238792784512043, 0.019187256693840027, -0.01649644412100315, -0.001242303871549666, 0.009187977761030197, -0.009120369330048561, -0.04343162104487419, -0.036373306065797806, 0.009377281181514263, 0.0008480625110678375, 0.010526623576879501, 0.01342026237398386, 0.011716531589627266, -0.026962218806147575, 0.021810460835695267, 0.005172040779143572, -0.01587444543838501, 0.017997348681092262, -0.028801167383790016, 0.015549926087260246, 0.008768806234002113, -0.005878548137843609, 0.0016335872933268547, 0.0044925762340426445, -0.01342026237398386, -0.023676453158259392, 0.025745268911123276, 0.017483524978160858, 0.022675849497318268, 0.007065074983984232, -0.014035498723387718, 0.016226010397076607, -0.00796426646411419, -4.024810914415866e-05, -0.004901607055217028, -0.021878069266676903, 0.025799354538321495, -0.028016909956932068, -0.010256189852952957, -0.04042980819940567, -0.0021989622619003057, -0.003304359270259738, -0.002868285169824958, -0.011784140020608902, 0.0008615842089056969, -0.014184236526489258, -0.014752146787941456, -0.011561032384634018, 0.020607031881809235, 0.0034412662498652935, 0.007849331945180893, 0.017591698095202446, -0.03561609238386154, -0.0017409155843779445, 0.03383123129606247, 0.02815212681889534, -0.019106127321720123, 0.00036571905366145074, -0.01371097844094038, 0.01732126623392105, -0.01085114385932684, -0.031532544642686844, -0.025447791442275047, -0.028530733659863472, -0.006426176056265831, -0.04483787342905998, 0.008626828901469707, -0.057061467319726944, -0.007639746181666851, -0.022445980459451675, 0.006081373430788517, 0.017645785585045815, -0.0009845469612628222, -0.016104314476251602, -0.006838587112724781, -0.012000486254692078, 0.027773519977927208, -0.012122181244194508, 0.008904023095965385, -0.01143257599323988, -0.007599181029945612, 0.007551855407655239, -0.0032181586138904095, -0.023500671610236168, -0.002261500107124448, -0.023162629455327988, -0.054573480039834976, 0.020363641902804375, -0.007646507117897272, -0.01970108039677143, 0.005243029445409775, 0.0012794884387403727, -0.0015702045056968927, -0.008451046422123909, -0.007281421683728695, 0.014914407394826412, -0.012372332625091076, -0.007930462248623371, 0.03810407966375351, 0.011986964382231236, -0.003978752996772528, -0.02005264349281788, 0.04213353991508484, 0.002139805117622018, -0.029964031651616096, -0.00895810965448618, -0.04048389568924904, -0.0010234217625111341, -0.006263915915042162, 0.006429556291550398, 0.009046000428497791, -0.04356683790683746, 0.0018254261231049895, -0.016658702865242958, 0.0029054698534309864, 0.018822170794010162, 0.01757817715406418, -0.024839317426085472, -0.020958594977855682, -0.0008011592435650527, -0.018119044601917267, -0.011195946484804153, 0.012101898901164532, 0.029666554182767868, -0.008153569884598255, 0.047298818826675415, 0.009526019915938377, 0.03296584263443947, -0.01312954630702734, -0.003037306247279048, 0.006439697463065386, -0.005050345323979855, 0.00966123677790165, 0.03853677213191986, -9.702858369564638e-05, -0.022743456065654755, -0.013075459748506546, -0.005628397222608328, 0.009039239957928658, 0.024541839957237244, 0.005641918629407883, -0.004289751406759024, -0.024744665250182152, 0.00489146588370204, 0.024582404643297195, -0.007457203697413206, -0.0010656770318746567, -0.002606302732601762, 0.007308465428650379, 0.006777739617973566, 0.0015338649973273277, -0.026678264141082764, 0.016929136589169502, -0.009945191442966461, 0.01913316920399666, -0.041809018701314926, 7.996802742127329e-05, -0.020931553095579147, 0.0018524694023653865, 0.01160159707069397, -0.013981412164866924, -0.000343323772540316, 0.024595925584435463, 0.011980203911662102, 0.025353139266371727, -0.028503689914941788, -0.0010859594913199544, -0.004401305224746466, 0.009843778796494007, -0.036724869161844254, 0.007646507117897272, 0.004441870376467705, -0.012264158576726913, 0.007984548807144165, 0.012345288880169392, -0.00044706035987474024, -0.0313432402908802, 0.00825498253107071, 0.005330920219421387, 0.008288786746561527, -0.011763856746256351, -0.006848728284239769, 0.002913920907303691, -0.02513679303228855, 0.0020045882556587458, 0.022689370438456535, 0.0012820237316191196, 0.034155748784542084, -0.00895810965448618, 0.000689182837959379, -0.00030001215054653585, 0.01346758846193552, -0.03577835112810135, 0.007518051192164421, -0.006774358917027712, 0.020661119371652603, -0.020688163116574287, -0.0027432097122073174, -0.01204105094075203, -0.025934571400284767, -0.01300785131752491, 2.6158630134887062e-05, 0.005520223639905453, -0.016009662300348282, 0.06988001614809036, 0.022946281358599663, -0.029666554182767868, 0.016009662300348282, -0.017361830919981003, 0.014157193712890148, 0.010492819361388683, -0.008653871715068817, -0.0461900420486927, -0.01329856738448143, 0.0386449471116066, -0.0008620067383162677, 0.01320391520857811, -0.011696248315274715, -0.04581143334507942, 0.007592420559376478, -0.0023477007634937763, -0.006412654183804989, 0.00460074981674552, -0.011108055710792542, 0.013609565794467926, -0.017402395606040955, 0.02907160110771656, 0.02295980416238308, 0.007484246976673603, -0.0024862978607416153, 0.024000972509384155, 0.02183750458061695, -0.011378489434719086, -0.022094417363405228, -0.01468453835695982, -0.007092118263244629, -0.007862853817641735, -0.023270802572369576, -0.006098275538533926, -0.009458411484956741, -0.026881089434027672, -0.008856697008013725, 0.0263131782412529, 0.023568280041217804, 0.014765668660402298, 0.047298818826675415, -0.018037913367152214, -0.009769409894943237, 0.010459015145897865, -0.005591212306171656, 0.01490088552236557, -0.008315829560160637, -0.023676453158259392]"
19120,"MongoDB Aggregation Pipeline - get oldest document, but debounced<p>I have documents that look like:</p>
<pre class=""lang-json prettyprint-override""><code>[ 
  { 
    value: 'Apple',
    createdAt: '2021-12-09T20:15:26.421+00:00',
  },
  { 
    value: 'Blueberry',
    createdAt: '2021-12-09T20:45:26.421+00:00',
  },
  { 
    value: 'Cranberry',
    createdAt: '2021-12-09T21:30:26.421+00:00',
  },
  { 
    value: 'Durian',
    createdAt: '2022-01-24T20:15:26.421+00:00',
  },
  { 
    value: 'Elderberry',
    createdAt: '2022-01-24T20:45:26.421+00:00',
  },
]
</code></pre>
<p>I'd like to do an aggregation where I get the oldest document, with the caveat that if another document was created within an hour, it invalidates the first document and I actually want to grab that one instead. For example, in the above I would like to return <code>Cranberry</code>. Initially pick <code>Apple</code>, but since <code>Blueberry</code> comes within an hour, move to that one, and since <code>Cranberry</code> comes within an hour of <code>Blueberry</code>, select <code>Cranberry</code>.</p>
",can I add the same option while I am getting the response?,"Embed Field: MongoDB Aggregation Pipeline - get oldest document, but debounced<p>I have documents that look like:</p>
<pre class=""lang-json prettyprint-override""><code>[ 
  { 
    value: 'Apple',
    createdAt: '2021-12-09T20:15:26.421+00:00',
  },
  { 
    value: 'Blueberry',
    createdAt: '2021-12-09T20:45:26.421+00:00',
  },
  { 
    value: 'Cranberry',
    createdAt: '2021-12-09T21:30:26.421+00:00',
  },
  { 
    value: 'Durian',
    createdAt: '2022-01-24T20:15:26.421+00:00',
  },
  { 
    value: 'Elderberry',
    createdAt: '2022-01-24T20:45:26.421+00:00',
  },
]
</code></pre>
<p>I'd like to do an aggregation where I get the oldest document, with the caveat that if another document was created within an hour, it invalidates the first document and I actually want to grab that one instead. For example, in the above I would like to return <code>Cranberry</code>. Initially pick <code>Apple</code>, but since <code>Blueberry</code> comes within an hour, move to that one, and since <code>Cranberry</code> comes within an hour of <code>Blueberry</code>, select <code>Cranberry</code>.</p>; Answer: can I add the same option while I am getting the response?","[-0.014528361149132252, -0.00549712311476469, 0.004356408957391977, -0.0009421390132047236, -0.015676073729991913, 0.011246182955801487, 0.002829041564837098, -0.005066731013357639, -0.03378753736615181, -0.010679325088858604, 0.022954251617193222, 0.018545355647802353, 0.0048252916894853115, -0.0030914756935089827, -0.03375954553484917, 0.011120215058326721, 0.015298168174922466, -0.009076726622879505, -0.005875028669834137, -0.005392149556428194, -0.01612396165728569, -0.002648836700245738, 0.006277428008615971, 0.00024209561524912715, -0.014073475264012814, 0.008551858365535736, 0.0016445880755782127, -0.04240937903523445, -0.0021537106949836016, 0.020952751860022545, 0.007600096520036459, 0.028020981699228287, -0.009944509714841843, -0.020210938528180122, -0.023234181106090546, -0.022898264229297638, 0.0009062730241566896, -0.020322909578680992, 0.03963807225227356, -0.005238187965005636, 0.02517969347536564, -0.011883024126291275, -0.003807046450674534, -0.02149861492216587, 0.018447380512952805, 0.015788046643137932, 0.009937510825693607, -0.031184189021587372, 0.004048486240208149, -0.015718063339591026, 0.02043488249182701, 0.023850027471780777, -0.024927757680416107, 0.01574605703353882, 0.016025986522436142, -0.0312681682407856, 0.01672581024467945, 0.036614831537008286, -0.01258984673768282, 0.029812533408403397, 0.023948002606630325, 0.001005123252980411, 0.005182201974093914, 0.008824789896607399, -0.028804786503314972, -0.007936011999845505, 0.005304671358317137, -0.007096222601830959, 0.0034466367214918137, 0.0034203934483230114, 0.008782800287008286, 0.0030127454083412886, 0.0019945004023611546, 0.008250933140516281, 0.02030891366302967, 0.003929515834897757, -0.004086976405233145, -0.010805293917655945, 0.011295171454548836, 0.0112881725654006, 0.012239934876561165, -0.0018930259393528104, -0.006532863713800907, 0.020252928137779236, 0.0032471867743879557, 0.029560595750808716, 0.015578098595142365, 0.02376604825258255, -0.0018685320392251015, -0.005322167184203863, 0.005056233610957861, 0.0005611719680018723, 0.033255670219659805, 0.025025732815265656, -0.006256433203816414, 0.011827037669718266, -0.008285924792289734, 0.027433129027485847, -0.01468232274055481, -0.027377143502235413, -0.014192445203661919, 0.010280425660312176, -0.005437638144940138, -0.012190946377813816, -0.019679071381688118, 0.009118716232478619, -0.004503372125327587, -0.015494119375944138, 0.004254934377968311, -0.005962506867945194, 0.007299171760678291, 0.028566844761371613, 0.015578098595142365, -0.0365588441491127, -0.021120710298419, -0.007719066925346851, -0.021428633481264114, -0.0042024473659694195, -0.021176695823669434, -0.017859527841210365, -0.00022295978851616383, 0.01756560057401657, 0.04201747477054596, -0.0513671338558197, 0.031464118510484695, -0.004076479002833366, -0.030484365299344063, -0.022968247532844543, 0.01026642881333828, -0.03104422427713871, 0.04655234143137932, 0.02123268134891987, -0.016991743817925453, 0.019889019429683685, -0.021652577444911003, 0.022002490237355232, -0.036586835980415344, 0.005402646958827972, -0.009447634220123291, -0.008124965243041515, 0.012078974395990372, 0.020322909578680992, -0.001243938459083438, -0.014472375623881817, -0.03546711802482605, 0.04397698491811752, 0.00433191517367959, -0.00621094461530447, -0.003954009618610144, -0.023710060864686966, 0.005980002228170633, 0.0020942254923284054, -0.01344363298267126, 0.028398888185620308, -0.0001340601738775149, -0.004807795863598585, 0.0038805280346423388, -0.02281428687274456, 0.00017670574015937746, 0.0071522085927426815, -0.0016428385861217976, 0.004191949963569641, -0.005581102333962917, -0.007278176955878735, 0.011106218211352825, 0.02866481989622116, 0.009328663349151611, -0.006777802482247353, -0.012582848779857159, -0.00938464980572462, -0.0020959749817848206, 0.019861025735735893, -0.031716056168079376, 0.016431884840130806, 0.010581349954009056, 0.005066731013357639, -0.009265678934752941, 0.010875276289880276, -0.015018238686025143, -0.028370894491672516, -0.011659080162644386, 0.0015247431583702564, 0.013030736707150936, 0.05397048220038414, -0.03009246289730072, -0.024745801463723183, -0.0014442632673308253, 0.003954009618610144, 0.0140314856544137, 0.004464881960302591, -0.008656831458210945, -0.01164508331567049, -0.00549012515693903, 0.001196700264699757, -0.5965865850448608, -0.041149694472551346, -0.005084226839244366, -0.024409886449575424, 0.016053978353738785, -0.0026523356791585684, 0.0039050220511853695, 0.029700560495257378, -0.010819289833307266, 0.046132445335388184, -0.009944509714841843, 0.00651186890900135, -0.021386643871665, -0.006301921792328358, -0.00758610013872385, -0.0016165950801223516, 0.022772297263145447, -0.010532362386584282, -0.0039994982071220875, 0.0059415120631456375, -0.018713314086198807, 0.005889025051146746, -0.026103463023900986, 0.01062333956360817, -0.0054271407425403595, -0.008698821067810059, 0.0017233183607459068, -0.016333909705281258, -0.012435885146260262, 0.037202682346105576, -0.02807696722447872, 0.014430386014282703, 0.017229685559868813, 0.009160705842077732, 0.05556608363986015, 0.0034256421495229006, -0.027615083381533623, 0.00041136573418043554, 0.01284878235310316, 0.02975654788315296, -0.0022726808674633503, -0.003402897622436285, -0.0048252916894853115, -0.02376604825258255, -0.020588843151926994, 0.008383899927139282, 0.01969306729733944, 0.000851161836180836, 0.0009832537034526467, -0.02473180554807186, 0.006434888578951359, 0.024563847109675407, 0.006109470035880804, -0.002844787435606122, 0.021302664652466774, -0.019972996786236763, 0.04775603860616684, -0.013135709799826145, 0.010441385209560394, -0.017005741596221924, 0.0007785549969412386, 0.00782404001802206, -0.040673814713954926, -0.0036810780875384808, -0.04946361109614372, 0.007530114147812128, 0.02900073677301407, -0.0050212424248456955, -0.005864531267434359, -0.01577404886484146, 0.01896524988114834, 0.017635583877563477, -0.008453882299363613, -0.019063225015997887, 0.01230291835963726, -0.00737615255638957, 0.018937256187200546, -0.0199310090392828, -0.004153459798544645, 0.022520359605550766, 0.0396660640835762, 0.004713319707661867, -0.01475230511277914, 0.009419640526175499, -0.003556859213858843, -0.009279675781726837, -0.041849520057439804, -0.01445837877690792, 0.01885327883064747, -0.018223436549305916, 0.036474864929914474, 0.03905022144317627, 0.021778546273708344, -0.016081972047686577, -0.013198694214224815, -0.00036893883952870965, -0.011302169412374496, -0.0020977247040718794, 0.020924760028719902, -0.028272919356822968, -0.02291226200759411, 0.004153459798544645, 0.003817543853074312, 0.006431389134377241, 0.0698145180940628, 0.00829992163926363, -0.0031387140043079853, -0.006305420771241188, 0.021344654262065887, -0.02984052710235119, -0.006280926987528801, 0.003709071082994342, -0.035047221928834915, -0.00680579524487257, -0.001117969979532063, -0.017355652526021004, 0.022268421947956085, -0.026369396597146988, 0.001858034636825323, 0.015816038474440575, -0.011120215058326721, 0.015018238686025143, 0.00039430748438462615, 0.01945512741804123, 0.010476375930011272, 0.017957502976059914, -0.0008721565827727318, 0.013422638177871704, -0.0006630839197896421, -0.012981749139726162, -0.003222692757844925, -0.0030949749052524567, 0.01801348850131035, 0.00017156641115434468, 0.010798295959830284, 0.00701224384829402, 0.015074224211275578, -0.021540604531764984, -0.004097473807632923, -0.022408388555049896, -0.005189200397580862, -0.008747808635234833, 0.028132954612374306, -0.018223436549305916, -0.01301673986017704, -0.03944212198257446, -0.037454620003700256, 0.0073621561750769615, -0.02292625792324543, 0.004013494588434696, -0.0030809782911092043, -0.00314921117387712, -0.008481875993311405, 0.009832537733018398, -0.023360149934887886, 0.006140961777418852, -0.008432887494564056, -0.04392100125551224, 0.011162204667925835, -0.011386148631572723, 0.005479627754539251, 0.02555759809911251, -0.002179953968152404, -0.02198849245905876, -0.0031737051904201508, -0.036726802587509155, -0.024507861584424973, 0.002487876918166876, -0.006224940996617079, -0.017285671085119247, -0.007236187811940908, 0.003262932877987623, -0.001495875301770866, -0.015312165021896362, -0.018923260271549225, 0.022898264229297638, -0.04274529591202736, -0.008698821067810059, 0.003765057073906064, -0.003691575489938259, 0.0025753548834472895, 0.033031728118658066, 0.02161058783531189, -0.00350962090305984, 0.019007239490747452, 0.011134210973978043, -0.01422043889760971, 0.03798648715019226, -0.014374399557709694, 0.033843524754047394, 0.029924504458904266, 0.014227436855435371, -0.010294421575963497, -0.01307272631675005, -0.036110956221818924, 0.005647585727274418, 0.00010497371113160625, 0.009762555360794067, 0.01743963174521923, 0.007022741250693798, 0.019007239490747452, -0.012981749139726162, 0.009230688214302063, -0.02329016663134098, 0.0023024233523756266, -0.02294025383889675, 0.003926016855984926, -0.03202398121356964, 0.0046083456836640835, 0.008649833500385284, -0.004275929182767868, -0.006648334674537182, -0.006249434780329466, 0.00974156055599451, -0.00836990401148796, 0.0312681682407856, -0.020686818286776543, 0.0055216168984770775, -0.004062482621520758, 0.016305916011333466, 0.012015990912914276, -0.009853532537817955, 0.025515610352158546, 0.01151211652904749, -0.018181446939706802, 0.016081972047686577, -0.006994748022407293, 0.05900922045111656, 0.02186252363026142, -0.009776551276445389, 0.0002652773109730333, 0.00716620497405529, 0.01671181432902813, 0.0005200572777539492, 0.011463128961622715, 0.011980999261140823, 0.011764053255319595, 0.0029567594174295664, 0.03333964943885803, -0.019665075466036797, -0.003303172765299678, 0.027153199538588524, 0.014101468026638031, -0.011148207820951939, 0.006196947768330574, -0.008418891578912735, 0.022996241226792336, 0.03627891466021538, 0.006399896927177906, 0.0021782044786959887, -0.02088277041912079, -0.005388650577515364, 0.0010567352874204516, -0.015914013609290123, -0.010014492087066174, 0.008264929987490177, -0.007509119343012571, 0.02783902734518051, -0.011015241034328938, 0.011722064577043056, 0.02281428687274456, 0.0021817036904394627, 0.0005043111741542816, -0.010042484849691391, 0.020378896966576576, 0.003129966091364622, -0.006529364734888077, -0.013772550970315933, 0.0035218680277466774, -0.021582594141364098, 0.012176950462162495, -0.05662981793284416, -0.019903015345335007, -0.026299413293600082, -0.010308418422937393, -0.016333909705281258, -0.002414395334199071, 0.008187949657440186, -0.0013935259776189923, 0.014052480459213257, -0.02259034290909767, -0.020616836845874786, 0.01623593457043171, -0.001831791247241199, 0.007001746445894241, -0.014640333130955696, 0.022632332518696785, 0.020854776725172997, -0.00048069210606627166, -0.0028342900332063437, 0.009923514910042286, 0.01896524988114834, 0.0075651053339242935, 0.00860084593296051, -0.016431884840130806, 0.0241299569606781, 0.05509020388126373, 0.0030634826980531216, -0.006329914554953575, 0.005357158370316029, 0.0026103463023900986, 0.028328904882073402, 0.0030074967071413994, -0.006399896927177906, 0.04154159501194954, 0.002857034560292959, -0.00477280467748642, -0.046972233802080154, 0.00534316198900342, -0.020140955224633217, -0.004170955158770084, -0.01236590277403593, -0.0030634826980531216, -0.004167456179857254, -0.03765057027339935, 0.02294025383889675, -0.02221243642270565, -0.020812787115573883, 0.02208646759390831, -0.016669824719429016, 0.0010173701448366046, -0.02268831804394722, -0.021274670958518982, 0.012148957699537277, 0.0444248728454113, 0.014241432771086693, 0.013786546885967255, -0.01899324357509613, -0.008208944462239742, 0.025865521281957626, -0.007285175379365683, -0.038154445588588715, 0.03235989436507225, -0.01278579793870449, -0.01909121870994568, -0.007092723622918129, 0.014416389167308807, -0.0025841027963906527, 0.0156340841203928, -0.010476375930011272, -0.014766301959753036, 0.01433240994811058, 0.005679077468812466, -0.01039239764213562, -0.003632090287283063, -0.022408388555049896, 0.007418142165988684, 0.03907821327447891, 0.013926511630415916, -0.014136459678411484, 0.004545361734926701, 0.013002743013203144, 0.019035233184695244, -0.015438133850693703, -0.019861025735735893, -0.0010724813910201192, 0.009349658153951168, 0.010126464068889618, -0.0024826282169669867, 0.0334516204893589, 0.017047731205821037, 0.01487827394157648, 0.009377650916576385, 0.013359653763473034, -0.01661383919417858, 0.03613894805312157, 0.004069480579346418, 0.0014783797087147832, 0.020826783031225204, -0.012834785506129265, -0.011631087400019169, 0.02327617071568966, -0.00800599530339241, 0.013058729469776154, 0.0004144274571444839, -0.029644574970006943, -0.029672568663954735, 0.0159000176936388, 0.011134210973978043, -2.0475341443670914e-05, 0.030148448422551155, -0.02795100025832653, -0.012799793854355812, -0.021064724773168564, 0.0007330664084292948, 0.00811096839606762, 0.017481621354818344, 0.0027678068727254868, 0.007173203397542238, -0.012470876798033714, -0.01659984327852726, -0.016263926401734352, 0.0006954508135095239, 0.003989000804722309, -0.05013544484972954, 0.004807795863598585, 0.00031273416243493557, 0.03846236690878868, 0.030512358993291855, 0.021680569276213646, 0.013989496044814587, 0.00948262494057417, 0.003075729589909315, 0.0012334410566836596, -0.0017128210747614503, -0.022240430116653442, -0.00039387011202052236, 0.007705070078372955, -0.013254680670797825, -0.0062389373779296875, 0.01021044235676527, 0.0028552848380059004, -0.019637081772089005, 0.03342362865805626, 0.0009001495782285929, 0.006119967438280582, 0.031604085117578506, 0.007474128156900406, 0.0014661328168585896, -0.013513615354895592, 0.007929014042019844, 0.008985749445855618, 0.0025036230217665434, -0.016879772767424583, 0.021708562970161438, 0.006165456026792526, -0.008838786743581295, -0.004671330098062754, 0.0013970250729471445, 0.0017084471182897687, 0.012939759530127048, 0.0020294918213039637, -0.0015186197124421597, -0.004937263671308756, 0.02422793209552765, -0.007719066925346851, 0.013870526105165482, -0.008810793049633503, 0.030372392386198044, 0.026691315695643425, 0.010091472417116165, 0.020350903272628784, -0.011267177760601044, 0.010525363497436047, -0.0033854020293802023, -0.0016087221447378397, 0.024871770292520523, 0.003282177960500121, -0.003100223606452346, 0.007544110529124737, -0.03781852871179581, -0.0186433307826519, -0.008481875993311405, 0.007106720004230738, 0.011204194277524948, 0.014668325893580914, 0.006319417152553797, -0.007306170184165239, -0.022366398945450783, 0.0008017367217689753, 0.015788046643137932, 0.007530114147812128, 0.007985000498592854, -0.011820039711892605, 0.0122959204018116, -0.020966749638319016, 0.004027491435408592, 0.013576599769294262, -0.012624838389456272, -0.025095714256167412, -0.004863781854510307, 0.016515864059329033, -0.020616836845874786, 0.000409616157412529, 0.003152710385620594, 0.000195841581444256, 0.007698072120547295, -0.007600096520036459, -0.025599587708711624, -0.008061980828642845, -0.02723717875778675, 0.012512866407632828, 0.04235339164733887, 0.013814539648592472, 0.04344511777162552, 0.005794548895210028, 0.006970254238694906, 0.016403891146183014, 0.01778954453766346, -0.010105469264090061, 0.01802748441696167, -0.008138961158692837, 0.014416389167308807, -0.002108221873641014, 0.017509615048766136, 0.007271178998053074, 0.024171946570277214, 0.009664579294621944, -0.024745801463723183, 0.03140813484787941, -0.010434386320412159, -0.006385900545865297, -0.015004241839051247, -0.05805746093392372, -0.01003548689186573, 0.01468232274055481, -0.002907771850004792, -0.014668325893580914, -0.021764548495411873, -0.005889025051146746, 0.01756560057401657, 0.0022289417684078217, 0.024199938401579857, -0.01151211652904749, 0.029532603919506073, 0.005742061883211136, 0.010049482807517052, -0.019399141892790794, 0.009923514910042286, -0.027321157976984978, -0.019413137808442116, -0.010413391515612602, -0.019287168979644775, 0.014304417185485363, -0.01272281352430582, -0.00176968181040138, -0.02831490896642208, -0.013695569708943367, -0.013919513672590256, 0.00593801261857152, -0.028272919356822968, -0.014171450398862362, -0.015928011387586594, -0.015522112138569355, -0.013149706646800041, -0.006536363158375025, -0.02649536356329918, -0.006399896927177906, 0.02433990314602852, 0.02950461022555828, -0.00044176436495035887, 0.011484123766422272, -0.015382147394120693, -0.028328904882073402, 0.0007413768325932324, -0.03641887754201889, 0.05254283919930458, 0.005077228415757418, 0.033843524754047394, 1.759813130775001e-07, 0.004440387710928917, -0.006784800905734301, -0.010840284638106823, 0.006616842932999134, 0.017341656610369682, 0.02627141959965229, 0.04646836221218109, 0.007390148937702179, -0.026439378038048744, -0.0024213935248553753, -0.008033988066017628, -0.004359907936304808, -0.01468232274055481, 0.030876267701387405, 0.02517969347536564, -0.012666827999055386, 0.012078974395990372, -0.009874527342617512, -0.012939759530127048, 0.0032436875626444817, -0.0016918262699618936, 0.01158209890127182, 0.01610996574163437, -0.009356657043099403, -0.03163207694888115, -0.0075721037574112415, -0.005437638144940138, 0.037314653396606445, 0.009811542928218842, 0.006420891731977463, -0.019609088078141212, 0.008208944462239742, -0.002041738713160157, 0.025347651913762093, -0.00492326682433486, 0.00020546416635625064, -0.012183948419988155, -0.0004290800425224006, -0.0009438886190764606, -0.009762555360794067, 0.014073475264012814, -0.005626590922474861, -0.012561853975057602, 0.03639088571071625, -0.010490372776985168, -0.013359653763473034, 0.01445837877690792, 0.011974001303315163, 0.0118340365588665, 0.014640333130955696, -0.021330658346414566, -0.007411143742501736, -0.019035233184695244, -0.014528361149132252, 0.046020474284887314, 0.006515368353575468, -0.02019694074988365, -0.021638579666614532, 0.002771305851638317, 0.021918511018157005, -0.018195442855358124, -0.002571855904534459, 0.002060983795672655, -0.020210938528180122, 0.01756560057401657, 0.004391400143504143, 0.011204194277524948, 0.021190693601965904, -0.014612340368330479, -0.007194198202341795, 0.0245918408036232, 0.0023059225641191006, -0.008516866713762283, 0.01091726589947939, -0.002925267443060875, -0.0105603551492095, -0.022660324349999428, 0.005119218025356531, 0.015844032168388367, -0.010378400795161724, 0.0038455368485301733, -0.004454384557902813, -0.020518861711025238, -0.023318160325288773, -0.003308421466499567, 0.011141209863126278, -0.008488873951137066, -0.004646836314350367, -0.003943512216210365, -0.007327164988964796, 0.03692275285720825, -0.02303823083639145, -0.04716818779706955, 0.002900773426517844, -0.014115464873611927, 0.009923514910042286, 0.007649084087461233, -0.034319404512643814, 0.033003732562065125, -0.020840780809521675, 0.01487827394157648, -0.007481126114726067, -0.02422793209552765, -0.010707318782806396, -0.018335407599806786, 0.027797037735581398, -0.02232440933585167, -0.012988747097551823, -0.030176442116498947, -0.02568356692790985, -0.017369650304317474, 0.008488873951137066, -0.010770302265882492, -0.01480829156935215, -0.004524366930127144, 0.0429692380130291, 0.01612396165728569, -0.01790151558816433, -0.022604338824748993, -0.011393146589398384, -0.04383702203631401, -0.021204689517617226, 0.010357405990362167, -0.023556100204586983, -0.024675820022821426, 0.029560595750808716, 0.0312681682407856, 0.01314270868897438, -0.04338913410902023, -0.00853086356073618, -0.01851736195385456, -0.04428490996360779, 0.005210195202380419, 0.005532114300876856, 0.03244387358427048, 0.0073551577515900135, -0.007747059687972069, 0.03916219249367714, -0.016977747902274132, 0.015186196193099022, -0.030148448422551155, 0.012883773073554039, 0.007509119343012571, -0.012316915206611156, 0.03387151658535004, -0.01422043889760971, -0.026817282661795616, -0.008012993261218071, 0.010546358302235603, 0.005213694181293249, 0.02400398813188076, 0.043781034648418427, 6.380433478625491e-05, 0.0020242431201040745, -0.0008607844356447458, -0.008383899927139282, 0.021302664652466774, -0.014640333130955696, -0.0032751797698438168, -0.022982243448495865, -0.0012168202083557844, -0.0025053725112229586, 0.00635790778324008, -0.0062144435942173, -0.015970000997185707, 0.002139714080840349, 0.0006814543157815933, 0.002923517720773816, 0.007124215830117464, -0.01063033752143383, -0.013534610159695148, -0.020322909578680992, 0.019315162673592567, 0.018083471804857254, 0.01504623144865036, 0.03549510985612869, -0.01564808003604412, 0.007509119343012571, 0.011036235839128494, 0.0026033478789031506, -0.023975994437932968, -0.01767757348716259, -0.010315416380763054, -0.0336475744843483, 0.003465882036834955, -0.04274529591202736, 0.013457629829645157, -0.02219844050705433, -0.006382401566952467, -0.011904018931090832, -0.0004544486873783171, -0.036726802587509155, 0.011330162174999714, 0.013198694214224815, -0.012442884035408497, -0.005584601312875748, 0.009069728665053844, -0.003978503402322531, -0.0028150449506938457, -0.027195189148187637, -0.012197945266962051, -0.015242182649672031, 0.0106933219358325, 0.010735311545431614, -0.004881277680397034, -0.04274529591202736, 0.019903015345335007, 0.01885327883064747, -0.008642835542559624, -0.008362905122339725, 0.20065374672412872, 0.023346152156591415, -0.002874530153349042, 0.018685320392251015, 0.004730815067887306, 0.01888127066195011, 0.017887519672513008, 0.0024563847109675407, -0.04128965735435486, 0.03879828378558159, 0.019105214625597, 0.01546612661331892, -0.030960245057940483, -0.0008695322321727872, -0.004275929182767868, 0.006522366311401129, -0.05215093865990639, -0.0134366350248456, -0.01451436523348093, -0.015620088204741478, 0.01840539090335369, -0.0035970991011708975, -0.005983501207083464, -0.005539112724363804, 0.04358508437871933, -0.03056834451854229, 0.038210429251194, -0.026453373953700066, 0.01403848361223936, 0.014059478417038918, -0.004758808296173811, -0.03462732583284378, 0.0011433386243879795, 0.0151722002774477, -0.03678278625011444, -0.013408641330897808, -0.011687072925269604, -0.006770804058760405, 0.021078720688819885, 0.032891761511564255, -0.007106720004230738, -0.0544743575155735, 0.022646328434348106, -0.00031973241129890084, -0.013716564513742924, 0.009937510825693607, 0.0037405630573630333, -0.013282673433423042, 0.0007877402240410447, 0.012260928750038147, -0.03714669495820999, 0.002004997804760933, 0.048791781067848206, 0.015844032168388367, 0.006875778082758188, -0.027769045904278755, 0.009594596922397614, 0.0073621561750769615, -0.01731366291642189, 0.032667819410562515, -0.03560708090662956, 0.023374145850539207, 0.009328663349151611, -0.003082728013396263, -0.0028622830286622047, -0.008460881188511848, -0.036250919103622437, -0.012932760640978813, 0.013485622592270374, -0.01959509216248989, -0.0052311900071799755, 0.0017967999447137117, -0.0014740058686584234, 0.016977747902274132, -0.00629842234775424, -0.021036731079220772, 0.023108212277293205, 0.026299413293600082, 0.025487616658210754, 0.020574847236275673, -0.02816094644367695, 0.002640088787302375, -0.015550105832517147, -0.014640333130955696, -0.021554602310061455, -0.017509615048766136, -0.0025508610997349024, 0.004846286028623581, -0.04008596017956734, 0.0055356137454509735, -0.0007405020296573639, -0.0004925016546621919, -0.022520359605550766, -0.01193201169371605, -0.007481126114726067, 0.012883773073554039, 0.00787302851676941, 0.04201747477054596, -0.01099424622952938, -0.0019892517011612654, -0.03079228848218918, 0.03389950841665268, 0.0011109717888757586, -0.0002086352469632402, -0.029924504458904266, 0.01816744916141033, -0.010427388362586498, -0.006774303503334522, 0.01230291835963726, -0.025039728730916977, -0.005913518834859133, -0.021526608616113663, 0.0037685560528188944, -0.030484365299344063, 0.0016218437813222408, 0.013415640220046043, 0.01193900965154171, -0.016067976132035255, -0.0019280171254649758, -0.011449132114648819, -0.004993249196559191, -0.0343753919005394, 0.005388650577515364, 0.012687821872532368, 0.011176200583577156, -0.019749054685235023, -0.009041735902428627, -0.005805046297609806, -0.006203946191817522, -0.008712817914783955, 0.008061980828642845, -0.0035271167289465666, 0.0038735298439860344, -0.007411143742501736, -0.019875021651387215, 0.026425382122397423, 0.0006643960950896144, -0.045572586357593536, -0.003313670167699456, 0.0023076720535755157, 0.015732059255242348, -0.03275179862976074, 0.051171183586120605, 0.004370405338704586, -0.011806042864918709, 0.0003772492636926472, 0.00011918890231754631, 0.00889477226883173, -0.013184698298573494, -0.010455381125211716, -0.012225938029587269, -0.023444129154086113, 0.01295375544577837, -0.027797037735581398, 0.005532114300876856, -0.017845530062913895, 0.005973004270344973, -0.01753760688006878, -0.0003759370883926749, 0.01840539090335369, -0.016207940876483917, 0.018461376428604126, -0.014129460789263248, -0.022170446813106537, -0.01027342677116394, -0.015718063339591026, -0.1780354082584381, 0.025627581402659416, 0.026929255574941635, -0.022478369995951653, 0.0056230914779007435, -0.027195189148187637, 0.02280028909444809, -0.005101722199469805, -0.027629079297184944, -0.017873523756861687, 0.01098025031387806, -0.019861025735735893, -0.04742012172937393, -0.03224792331457138, -0.010651332326233387, -0.008383899927139282, -0.008460881188511848, 0.027992989867925644, 0.015144207514822483, 0.006742811296135187, 0.03143612667918205, -0.041737545281648636, 0.00035122453118674457, -0.012225938029587269, -0.011841034516692162, 0.025137703865766525, 0.002617344493046403, 0.02197449654340744, 0.01612396165728569, -0.006529364734888077, -0.013723562471568584, 0.0007431263802573085, 0.00564058730378747, 0.006487375125288963, -0.00883178785443306, -0.026831280440092087, 0.018419386819005013, 0.0010882274946197867, -0.011904018931090832, -0.004076479002833366, 0.012967752292752266, 0.020392892882227898, -0.01039239764213562, 0.026467371731996536, 0.009272677823901176, 0.0329197533428669, 0.002365407533943653, 0.00636140676215291, 0.030624330043792725, -0.03513120114803314, 0.020574847236275673, -0.03020443581044674, -0.005091224797070026, -0.006704320665448904, 0.00866383034735918, 0.038490358740091324, 0.02615944854915142, 0.022044477984309196, -0.030400386080145836, -0.024633830413222313, 0.0009631337597966194, -0.014171450398862362, 0.012974750250577927, -0.010063479654490948, -0.049603577703237534, 0.020924760028719902, -0.031940001994371414, 0.0319959856569767, -0.04977153614163399, 0.007922016084194183, -0.04632839560508728, 0.0038035474717617035, 0.021806538105010986, -0.0025368647184222937, 0.007411143742501736, 0.010245434008538723, -0.02315020188689232, 0.00902074109762907, 0.005000247620046139, 0.024661824107170105, -0.027293164283037186, 0.017383646219968796, -0.021638579666614532, 0.012442884035408497, -0.004342412576079369, -0.00038971489993855357, -0.02030891366302967, 0.0028587840497493744, 0.010224439203739166, -0.004349410533905029, 0.011071227490901947, -0.006791798863559961, 0.005819042678922415, -0.008509868755936623, -0.015508116222918034, 0.023724058642983437, -0.0025298662949353456, 0.015074224211275578, 0.005178702995181084, -0.006648334674537182, 0.0038595334626734257, -0.01599799282848835, -0.009881525300443172, 0.02566957101225853, 0.01624993048608303, 0.0396660640835762, 0.028594838455319405, 0.013807541690766811, 0.03429141268134117, 0.015242182649672031, -0.02781103551387787, 0.01683778315782547, -0.008152958005666733, 0.023374145850539207, -0.00043826524051837623, 0.017131708562374115, 0.000952636415604502, -0.010609342716634274, 0.01815345324575901, 0.0004279865534044802, 0.04288525879383087, -0.019553102552890778, -0.0033854020293802023, 0.012792795896530151, 0.012995745055377483, -0.005780552048236132, -0.09607193619012833, -0.00011809542047558352, 0.015144207514822483, -0.013716564513742924, -0.0017215688712894917, -0.018209438771009445, -0.010021490044891834, 0.032667819410562515, 0.0003396336978767067, 0.036362893879413605, -0.02673330530524254, -0.009440635330975056, -0.010308418422937393, 0.014430386014282703, 0.020812787115573883, -0.014710315503180027, -0.01541014015674591, -0.010511367581784725, -0.008383899927139282, 0.03977803885936737, -0.01577404886484146, -0.030288415029644966, 0.024073971435427666, 0.009923514910042286, 0.013856529258191586, -0.003618093905970454, -0.04081377759575844, 0.021050726994872093, 0.033031728118658066, -0.013464627787470818, 0.01731366291642189, -0.020126959308981895, 0.015158203430473804, -0.013065727427601814, -0.013261678628623486, -0.03538313880562782, -0.017817538231611252, -0.008628838695585728, 0.017509615048766136, -0.024549851194024086, 0.00513671338558197, 0.023248177021741867, 0.028244925662875175, -0.009622589685022831, 0.019147204235196114, -0.013233685865998268, -0.01622193679213524, 0.03865831717848778, 0.001566732651554048, -0.018447380512952805, -0.022660324349999428, 0.02891675755381584, -0.03311570733785629, -0.023010237142443657, 0.026565346866846085, 0.017047731205821037, 0.013177699409425259, -0.017985494807362556, -0.002013745717704296, 0.019903015345335007, -0.014374399557709694, -0.007488124538213015, -0.014780297875404358, 0.0031877015717327595, 0.0367547944188118, 0.007418142165988684, -0.01294675748795271, -0.014640333130955696, -0.04075779393315315, -0.011239184997975826, -0.012547857128083706, 0.012834785506129265, -0.017635583877563477, 0.0171876959502697, -0.007810044102370739, 0.017271675169467926, 0.00888777431100607, 0.0023444127291440964, 0.0008852782775647938, 0.007264180574566126, 0.019539106637239456, -0.0014206442283466458, -0.029924504458904266, -0.04302522540092468, 0.001502873608842492, 0.01093126181513071, -0.015326161868870258, -0.0043179187923669815, 0.018489370122551918, -0.0625363364815712, 0.020868772640824318, 0.011295171454548836, -0.020350903272628784, -0.0028325405437499285, -0.013184698298573494, 0.027181193232536316, -0.016879772767424583, 0.010357405990362167, 0.022408388555049896, -0.014906266704201698, -0.016753803938627243, -0.00022984867973718792, -0.06242436543107033, 0.026775294914841652, 0.018125459551811218, -0.003737064078450203, 0.013492620550096035, 0.014584347605705261, 0.005700072273612022, -0.024185942485928535, 0.014360403642058372, 0.02519368939101696, -0.013044732622802258, 0.016557853668928146, -0.028804786503314972, -0.030512358993291855, -0.00860084593296051, -0.01135115697979927, 0.00636140676215291, -0.017243681475520134, 0.04862382262945175, 0.014836284331977367, 0.006032489240169525, 0.005745560862123966, -0.001548362197354436, 0.010819289833307266, -0.01969306729733944, 0.009685574099421501, 0.009440635330975056, 0.015704067423939705, -0.012967752292752266, -0.017285671085119247, 0.02769906260073185, -0.02877679280936718, 0.018237432464957237, 0.025137703865766525, 0.017593594267964363, -0.02151261270046234, 0.0011013491312041879, 0.02517969347536564, 0.012869777157902718, -0.0018352903425693512, -0.022002490237355232, -0.04000198096036911, 8.042516856221482e-05, -0.03093225322663784, -0.01778954453766346, 0.011533111333847046, -0.004475378897041082, -0.01258984673768282, 0.008495871908962727, -0.006207445170730352, 0.030988238751888275, 0.011533111333847046, -0.01706172712147236, -0.0198330320417881, -0.006483876146376133, -0.014598343521356583, -0.00010092784941662103, 0.03347961604595184, -0.006203946191817522, -0.00701224384829402, 0.046020474284887314, 0.004800797440111637, -0.0018667824333533645, -0.019972996786236763, -0.0007807419751770794, -0.027545101940631866, -0.019287168979644775, -0.010280425660312176, 0.01541014015674591, -0.006326415576040745, 0.008635837584733963, -0.013548607006669044, 0.006186450365930796, 0.01187602523714304, 0.016501866281032562, -0.022982243448495865, -0.012036985717713833, -0.005560107529163361, 0.003259433666244149, 0.00836990401148796, 0.0276010874658823, -0.03476729243993759, -0.01693575829267502, 0.0011258430313318968, 0.015018238686025143, 0.030736301094293594, -0.010084474459290504, 0.015564101748168468, -0.00960859376937151, -0.007446134928613901, -0.01141414139419794, -0.007341161370277405, -0.023556100204586983, 0.02196050062775612, 0.008565854281187057, -0.028006985783576965, -0.029560595750808716, -0.007544110529124737, 0.030652323737740517, -0.001739939209073782, 0.008516866713762283, 0.027307160198688507, -0.0026155950035899878, -0.008040986023843288, -0.012218940071761608, 0.01826542615890503, -0.006599347107112408, -0.036474864929914474, -0.009300670586526394, 0.025361647829413414, -0.013814539648592472, 0.006679826881736517, -0.020490868017077446, 0.018125459551811218, -0.013632585294544697, -0.01121819019317627, -0.010672327131032944, -0.012043983675539494, -0.010301419533789158, 0.030764294788241386, 0.01995900087058544, -0.00997950043529272, 0.014654329977929592, -0.013198694214224815, 0.021932506933808327, 0.024311911314725876, -0.00635790778324008, -0.01769156940281391, 0.03283577784895897, 0.01623593457043171, 0.013548607006669044, -0.008775802329182625, 0.018433382734656334, -0.00642439117655158, 0.021680569276213646, -0.023402139544487, 0.004888275638222694, 0.032051973044872284, -0.0077750529162585735, 0.07507719844579697, 0.009230688214302063, -0.023794040083885193, 0.009874527342617512, -0.011386148631572723, 0.012022988870739937, 0.03202398121356964, 0.0066518341191112995, -0.01039939559996128, 0.008992747403681278, 0.026173444464802742, 0.006067480426281691, -0.0075581069104373455, -0.033367641270160675, -0.024213936179876328, 0.004905771464109421, 0.006798797287046909, 0.01694975420832634, -0.002111721085384488, -0.029476618394255638, 0.02198849245905876, 0.003479878418147564, 0.018825285136699677, -0.025585591793060303, -0.0032419380731880665, 0.020364899188280106, 0.0061479602009058, -0.023710060864686966, 0.007677077315747738, -0.03166006878018379, 0.03574704751372337, 0.009097721427679062, -0.02891675755381584, -0.0303444005548954, -0.012967752292752266, -0.004916268866509199, -0.014129460789263248, -0.005007246043533087, 0.030232427641749382, 0.02256234921514988, -0.018097467720508575, 0.015186196193099022, -0.00853786151856184, 0.011980999261140823, -0.015970000997185707, -0.03070830926299095, 0.018209438771009445, -0.025585591793060303, -0.012925762683153152]","[-0.016191160306334496, -0.00102821399923414, 0.0011395111214369535, 0.001283341203816235, -0.008951711468398571, 0.008931164629757404, 0.009616069495677948, -0.0006378180114552379, -0.015848707407712936, -0.019355421885848045, 0.01839655451476574, 0.018423952162265778, 0.004448459483683109, 0.0026368852704763412, -0.029286548495292664, 0.00993797555565834, 0.015245990827679634, -0.008499674499034882, -0.005691562779247761, -0.009876334108412266, -0.019738970324397087, -0.00734218442812562, -0.006773713044822216, -0.0010059545747935772, -0.020012931898236275, -0.002279022242873907, 0.003042691620066762, -0.03629997745156288, 0.007992844097316265, 0.020163610577583313, 0.01205433253198862, 0.022026553750038147, -0.013485784642398357, -0.012150219641625881, -0.012807728722691536, -0.02661541849374771, -0.0038388939574360847, -0.012629653327167034, 0.03271107375621796, -0.01202008780092001, 0.01695825345814228, -0.0165473110973835, -0.007259995676577091, -0.028793416917324066, 0.022451194003224373, 0.017478782683610916, 0.007903806865215302, -0.027656475082039833, 0.0029485172126442194, -0.02504013665020466, 0.0225059874355793, 0.025615457445383072, -0.02827288955450058, 0.01291731372475624, 0.014821349643170834, -0.026848286390304565, 0.016136368736624718, 0.030957717448472977, -0.018944479525089264, 0.028793416917324066, 0.021149873733520508, 0.00017475786444265395, -0.003784101689234376, -0.0018937630811706185, -0.024752477183938026, -0.010520145297050476, -0.0002168153296224773, -0.006883298046886921, -0.0028817388229072094, 0.0014545675367116928, 0.012561162933707237, -0.00047772141988389194, -0.0038183468859642744, 0.007787372916936874, 0.028820812702178955, 0.003443361259996891, -0.0022807344794273376, -0.00565046863630414, 0.010663975030183792, 0.006705222651362419, 0.015396670438349247, 0.0005286612431518734, -0.002993036061525345, 0.01698565110564232, -0.0024588098749518394, 0.029971454292535782, 0.012506370432674885, 0.014006312936544418, 0.001524770399555564, -0.006119628436863422, -0.0012413908261805773, -0.006129902321845293, 0.03219054639339447, 0.022026553750038147, -0.006092232186347246, 0.00946539081633091, -0.006612760480493307, 0.0198348555713892, -0.024615494534373283, -0.038793034851551056, -0.00505460100248456, 0.0088215796276927, -0.008362693712115288, -0.003698488464578986, -0.025779834017157555, 0.0018458196427673101, -0.0056847138330340385, -0.01751987636089325, 0.012061181478202343, -0.013520030304789543, 0.008403787389397621, 0.023862099274992943, 0.015602141618728638, -0.0352863185107708, -0.0211635734885931, -0.011889955028891563, -0.011807766743004322, 0.006290854886174202, -0.011396823450922966, -0.025725042447447777, 0.006006618961691856, 0.017697952687740326, 0.04240933433175087, -0.05391574278473854, 0.024300439283251762, -0.0020067724399268627, -0.02197176031768322, -0.028040021657943726, 0.005331987515091896, -0.03303983062505722, 0.03799854591488838, 0.017191121354699135, -0.0154514629393816, 0.0163007453083992, -0.018259573727846146, 0.013472086749970913, -0.030163228511810303, 0.0025889419484883547, -0.0074243731796741486, -0.012451577931642532, 0.011931049637496471, 0.021232062950730324, -0.002576956059783697, -0.017629461362957954, -0.03112209588289261, 0.0428202785551548, -0.0010076669277623296, -0.009232522919774055, -0.008547618053853512, -0.018451347947120667, 0.005612798500806093, -0.0077257314696908, -0.01793082058429718, 0.01905406452715397, 0.0051813083700835705, -0.008999655023217201, 0.012458426877856255, -0.02382100559771061, 0.0026248993817716837, 0.0027892766520380974, -0.009780446998775005, -0.0025238757953047752, 0.00907499436289072, -0.008342145942151546, 0.008342145942151546, 0.021232062950730324, 0.010643428191542625, 0.001412617159076035, -0.005249798763543367, -0.008116126991808414, -0.0010898554464802146, 0.01162969134747982, -0.03019062429666519, 0.017287008464336395, 0.003337200963869691, 0.012369388714432716, -0.008718843571841717, 0.015355575829744339, -0.011711879633367062, -0.026903077960014343, 7.758692663628608e-05, 0.006075109820812941, 0.016478819772601128, 0.04408050328493118, -0.027451002970337868, -0.02410866506397724, -0.012047483585774899, 0.0037943751085549593, 0.008266806602478027, 0.005629921332001686, -0.012910463847219944, -0.011780370958149433, -0.010889993980526924, -0.00657509034499526, -0.6040316224098206, -0.03523152694106102, -0.01456108596175909, -0.027766060084104538, 0.014109048061072826, 0.005503213964402676, 0.012335143983364105, 0.027656475082039833, -0.008862674236297607, 0.05205279961228371, 0.002338951453566551, 0.005965524818748236, -0.016752783209085464, -0.010396861471235752, -0.013930972665548325, -0.0058456663973629475, 0.018574630841612816, -0.01576652005314827, -0.0002874461642932147, 0.0075134108774363995, -0.017245914787054062, 0.006718920543789864, -0.038409486413002014, 0.005051176529377699, -0.004314903169870377, -0.00543129863217473, 0.0065100244246423244, -0.013657011091709137, -0.005999770015478134, 0.04528593644499779, -0.023738816380500793, 0.015424066223204136, 0.008739391341805458, 0.005016930866986513, 0.05462804436683655, 0.004746393300592899, -0.026629116386175156, 0.0007041682256385684, 0.010410560294985771, 0.02598530612885952, -0.0025940786581486464, -0.005290893372148275, -0.0019143102690577507, -0.014725463464856148, -0.016780178993940353, 0.012095427140593529, 0.024533307179808617, -0.007088769692927599, -0.0001121532404795289, -0.02282104268670082, 0.006616184953600168, 0.02623187191784382, 0.009828390553593636, -0.00824625976383686, 0.017067838460206985, -0.020807422697544098, 0.04421748220920563, -0.006352496333420277, 0.010917389765381813, -0.01705414056777954, -0.008657202124595642, 0.0005337980692274868, -0.03153304010629654, 0.009547579102218151, -0.048847444355487823, 0.014204935170710087, 0.03435484692454338, -0.014191237278282642, -0.002030744217336178, -0.012876219116151333, 0.01808149926364422, 0.015698028728365898, -0.00442106369882822, -0.021547120064496994, 0.02297172322869301, -0.015013123862445354, 0.007547656074166298, -0.02162930741906166, 0.0035409601405262947, 0.02143753506243229, 0.028793416917324066, 0.006595637649297714, -0.02121836505830288, 0.006304552778601646, 0.0018321216339245439, -0.0009023626917041838, -0.04175182431936264, -0.024944249540567398, 0.02262927033007145, -0.016999348998069763, 0.029615303501486778, 0.036656130105257034, 0.02425934374332428, -0.016191160306334496, -0.0003751996555365622, 0.000946025422308594, -0.016656896099448204, 0.0015307632274925709, 0.013739199377596378, -0.023218289017677307, -0.01956089399755001, 0.0035169885959476233, 0.0022636118810623884, -0.003647120436653495, 0.06914803385734558, 0.007540807127952576, -0.005770327057689428, -0.013889878988265991, 0.03517673537135124, -0.029231756925582886, -0.005242949817329645, 0.0032259037252515554, -0.032272737473249435, -0.007191505283117294, -0.007622995413839817, -0.014478897675871849, 0.024053873494267464, -0.025629155337810516, -0.003405691357329488, 0.012424181215465069, -0.007506561931222677, 0.009814692661166191, 0.0007152979378588498, 0.01693085767328739, 0.002957078395411372, -0.0016737371915951371, 0.0008278792374767363, 0.016971953213214874, -0.0025221635587513447, -0.01261595543473959, -0.006962061859667301, -0.009547579102218151, 0.004314903169870377, 0.009458541870117188, 0.0171500276774168, -0.007759976666420698, 0.007917504757642746, -0.026971569284796715, -0.013095389120280743, -0.0238484013825655, -0.009027051739394665, -0.01856093294918537, 0.020177308470010757, -0.004088884219527245, -0.006335373502224684, -0.039888881146907806, -0.03569726273417473, -0.0027601681649684906, -0.019382819533348083, 0.0037293091882020235, -0.012540615163743496, -0.001842395169660449, -0.005828544031828642, 0.01001331489533186, -0.019067762419581413, 0.007842165417969227, -0.004674478434026241, -0.03777937591075897, 0.008520221337676048, -0.010670823976397514, -0.0026403097435832024, 0.024779872968792915, 0.0044964030385017395, -0.022204628214240074, -0.00525664770975709, -0.0389300137758255, -0.029642699286341667, 0.017232216894626617, -0.01795821636915207, -0.02162930741906166, -0.020958101376891136, 0.010787257924675941, 0.004164224024862051, -0.017656857147812843, -0.02150602452456951, 0.02632775902748108, -0.038820430636405945, -0.012951558455824852, 0.0070339771918952465, -0.007835316471755505, 0.004417638760060072, 0.03783416748046875, 0.02102659083902836, -0.004352572839707136, 0.03377952799201012, 0.016876066103577614, -0.00934210792183876, 0.026670211926102638, -0.023752514272928238, 0.03372473642230034, 0.021355345845222473, 0.017985612154006958, -0.004249837249517441, -0.0205608569085598, -0.03158783167600632, 0.00649632653221488, -0.0027396210934966803, 0.006537420675158501, 0.019286932423710823, 0.001984512899070978, 0.024149760603904724, -0.010691370815038681, 6.923964247107506e-05, -0.021423837170004845, -0.005397053435444832, -0.030957717448472977, 0.006099081598222256, -0.028820812702178955, 0.010670823976397514, 0.0027464700397104025, -0.0050888461992144585, -0.00470872363075614, -0.010287277400493622, 0.01413644477725029, -0.003224191488698125, 0.03377952799201012, -0.02523191086947918, 0.005448421463370323, -0.0017173999221995473, 0.012074880301952362, 0.02068413980305195, -0.003297818824648857, 0.0216567050665617, 0.01921844109892845, -0.020834818482398987, 0.01336935069411993, 0.0015059354482218623, 0.052518535405397415, 0.02510862797498703, -0.01425972767174244, -0.0019725272431969643, 0.009910578839480877, 0.01051329541951418, -0.006835354492068291, 0.012855672277510166, 0.014711765572428703, 0.004876525606960058, 0.0007144418195821345, 0.022300515323877335, -0.016848670318722725, -0.006588788703083992, 0.02510862797498703, 0.022656666114926338, -0.014985727146267891, -0.0033817198127508163, -0.012458426877856255, 0.01232144609093666, 0.029889265075325966, 0.00644838297739625, 0.00585251534357667, -0.014999425038695335, -0.002371484413743019, 0.0015829872572794557, -0.011554352007806301, -0.004133403301239014, 0.0027002389542758465, 0.0005950114573352039, 0.025122325867414474, -0.007410674821585417, 0.017191121354699135, 0.016382934525609016, -0.000972565496340394, 0.002102659083902836, -0.01698565110564232, 0.028574246913194656, -0.0009092117543332279, 0.004660780541598797, -0.018821196630597115, 0.0021951214876025915, -0.020081423223018646, 0.012540615163743496, -0.05583347752690315, -0.024971645325422287, -0.03569726273417473, 0.0006172708817757666, -0.015588443726301193, -0.0007289960631169379, 0.008499674499034882, 0.010602333582937717, 0.005136789288371801, -0.03087553009390831, -0.01212967187166214, 0.0038217713590711355, 0.002897149184718728, 0.0039245071820914745, -0.02269775979220867, 0.023684024810791016, 0.008513372391462326, -0.001402343506924808, -0.012609105557203293, 0.008944862522184849, 0.01899927295744419, 0.009253069758415222, 0.012663898058235645, -0.01808149926364422, 0.018602026626467705, 0.05112132802605629, 0.0034279508981853724, -0.023807307705283165, 0.007383278571069241, 0.006184694357216358, 0.02184847742319107, -0.005558005999773741, -0.0057326569221913815, 0.033587753772735596, 0.003873139386996627, -0.009266768582165241, -0.03956012800335884, 0.010855748318135738, -0.013067992404103279, -0.0069004204124212265, -0.004482705146074295, -0.009746202267706394, -0.007184656336903572, -0.03695748746395111, 0.0255469661206007, -0.014602180570363998, -0.012047483585774899, 0.028875606134533882, -0.010883145034313202, 0.003039267146959901, -0.015519953332841396, -0.032080963253974915, 0.013177577406167984, 0.029889265075325966, 0.01456108596175909, 0.01836915872991085, -0.024903155863285065, -0.00526692159473896, 0.028793416917324066, -0.003059814218431711, -0.0333411879837513, 0.04027242958545685, 0.0034741819836199284, -0.0007238592370413244, 0.0030683756340295076, 0.01341729424893856, -0.0009948249207809567, 0.015876103192567825, -0.010116050951182842, -0.008424335159361362, 0.008390089496970177, 0.010348918847739697, -0.007807920221239328, 0.004308054223656654, -0.014862444251775742, 0.01234884187579155, 0.03547809273004532, 0.0033611725084483624, -0.008588711731135845, 0.005349110346287489, 0.008677749894559383, 0.015752820298075676, -0.010300975292921066, -0.03024541586637497, 0.0001219987534568645, 0.009376352652907372, 0.015259689651429653, 0.006619609426707029, 0.026697607710957527, 0.020396478474140167, 0.013985765166580677, 0.012698143720626831, 0.01783493347465992, -0.011876257136464119, 0.029834473505616188, 0.005229251924902201, -0.0074038258753716946, 0.017026744782924652, -0.013752898201346397, -0.008609259501099586, 0.02498534321784973, -0.0032601491548120975, 0.0081503726541996, 0.0025084654334932566, -0.03347817063331604, -0.026067495346069336, 0.019725272431969643, 0.025437381118535995, 0.010629729367792606, 0.04572427645325661, -0.023095006123185158, -0.00919827725738287, -0.029231756925582886, 0.007369580678641796, 0.00179273949470371, 0.01761576347053051, 0.0007020278717391193, 0.01997183822095394, -0.016218556091189384, -0.02472507953643799, -0.00865035317838192, -0.003856016555801034, -0.0019297206308692694, -0.04821733012795448, -0.0006493757828138769, 0.0016994212055578828, 0.035752054303884506, 0.03213575482368469, 0.024848362430930138, 0.019191045314073563, 0.0007341328309848905, -0.00018374723731540143, 0.007410674821585417, -0.0017114069778472185, -0.01936912164092064, 0.007828467525541782, 0.010698220692574978, -0.004119704943150282, -0.012951558455824852, 0.010444805026054382, 0.004962138831615448, -0.01921844109892845, 0.034656208008527756, 0.015561047941446304, 0.004715572576969862, 0.0372314490377903, 0.006838778965175152, -0.0038320450112223625, -0.017602065578103065, 0.01564323715865612, 0.007972297258675098, -0.006972335744649172, -0.017533574253320694, 0.02917696349322796, 0.007924353703856468, -0.0038183468859642744, 0.004979261197149754, -0.0018869140185415745, 0.007164109032601118, 0.00912293791770935, 0.007527108769863844, -0.005636770278215408, -0.0008231705287471414, 0.033642545342445374, -0.015410368330776691, 0.017341801896691322, -0.007061373442411423, 0.022136138752102852, 0.020725233480334282, 0.005071723368018866, 0.027533192187547684, -0.019451308995485306, 4.05324790335726e-05, -0.007143561728298664, 0.009321561083197594, 0.031012510880827904, 0.007684636861085892, -0.005013506393879652, 0.002102659083902836, -0.04199839010834694, -0.03153304010629654, -0.0038046487607061863, 0.019177347421646118, 0.014876142144203186, 0.01693085767328739, -0.007088769692927599, -0.006390166003257036, -0.02893039770424366, 0.0025546967517584562, 0.015218595042824745, 0.006013468373566866, 0.014999425038695335, -0.01965678110718727, 0.017108934000134468, -0.01814998872578144, 0.009287315420806408, 0.01667059399187565, -0.012403634376823902, -0.021930666640400887, -0.0060305907391011715, 0.00526692159473896, -0.025177117437124252, -0.0017525013536214828, 0.00432517658919096, 0.004376544617116451, 0.010088654235005379, -0.021177271381020546, -0.02425934374332428, -0.0034142527729272842, -0.016821272671222687, 0.017341801896691322, 0.04158744588494301, 0.006212090607732534, 0.04701189696788788, 0.008438033051788807, 0.014793953858315945, 0.016136368736624718, 0.009739353321492672, -0.0025855174753814936, 0.02720443718135357, 0.0045683179050683975, 0.0034039791207760572, -0.001945130992680788, 0.015930896624922752, 0.0015307632274925709, 0.016437726095318794, -0.0010128036374226213, -0.02868383191525936, 0.02851945534348488, -0.006989458110183477, -0.01664319820702076, -0.014506293460726738, -0.05090215802192688, -0.01175297424197197, 0.007314788177609444, 0.007965448312461376, -0.010965333320200443, -0.013999463990330696, -0.010259880684316158, 0.027889342978596687, 0.011636540293693542, 0.02241010032594204, -0.00984208844602108, 0.0391765795648098, 0.004715572576969862, 0.008170919492840767, -0.01423233188688755, 0.029259152710437775, -0.03002624772489071, -0.01375974714756012, -0.01632814109325409, -0.02367032691836357, 0.006982609163969755, -0.017478782683610916, 0.0063490718603134155, -0.024190854281187057, -0.020012931898236275, -0.020396478474140167, 0.0021317675709724426, -0.019108856096863747, -0.01786232925951481, -0.0030050219502300024, -0.01277348306030035, -0.01993074268102646, -0.012485822662711143, -0.030300209298729897, -0.004808034747838974, 0.02425934374332428, 0.03131387010216713, -0.002552984282374382, 0.005784024950116873, -0.01468436885625124, -0.03605341166257858, 0.000524380593560636, -0.025588061660528183, 0.05977853015065193, -0.004448459483683109, 0.04243673011660576, -0.0034142527729272842, 0.00388341280631721, -0.014711765572428703, -0.008636655285954475, 0.008390089496970177, 0.008191467262804508, 0.026272965595126152, 0.04265590012073517, 0.011465313844382763, -0.01871161162853241, 0.003172823693603277, -0.010088654235005379, -0.011513257399201393, -0.016574706882238388, 0.020478667691349983, 0.024519609287381172, -0.01632814109325409, 0.011362578719854355, -0.012458426877856255, -0.01676648110151291, 0.008862674236297607, -0.003318366128951311, 0.015465160831809044, 0.014410406351089478, -0.008657202124595642, -0.03482058271765709, -0.01783493347465992, -0.009410598315298557, 0.034902773797512054, 0.0028063992504030466, 0.009753051213920116, -0.011780370958149433, 0.01736919768154621, -0.015396670438349247, 0.01856093294918537, -0.0009066433412954211, -0.007787372916936874, -0.015245990827679634, -0.006763439625501633, -0.013684406876564026, -0.005763477645814419, -0.0011455040657892823, -0.007759976666420698, -0.013567972928285599, 0.03369734063744545, -0.005427874159067869, -0.01978006400167942, 0.013937822543084621, 0.008616108447313309, 0.013047445565462112, 0.022122440859675407, -0.021903270855545998, -0.008718843571841717, -0.015150104649364948, -0.007938051596283913, 0.036601338535547256, 0.010526994243264198, -0.009479088708758354, -0.011568049900233746, 0.00543129863217473, 0.02172519452869892, -0.025368891656398773, -0.00072086276486516, 0.007527108769863844, -0.009280466474592686, 0.02209504321217537, 0.005975798238068819, 0.01490353886038065, 0.01091054081916809, -0.002659144578501582, -0.00377725251019001, 0.02851945534348488, 0.0009083556360565126, -0.0028423569165170193, 0.01786232925951481, 0.0050888461992144585, -0.0263962484896183, -0.019136253744363785, 0.00043127627577632666, 0.026067495346069336, -0.011903653852641582, 0.008438033051788807, -0.01354057714343071, -0.018136290833353996, -0.018382856622338295, 0.0011925912695005536, 0.008931164629757404, -0.013725501485168934, 0.004092309158295393, -0.009787295944988728, -0.013602218590676785, 0.0343000553548336, -0.024026475846767426, -0.03301243484020233, 0.007280542980879545, -0.017163725569844246, 0.0025050409603863955, 0.013677557930350304, -0.03202617168426514, 0.038628656417131424, -0.0211635734885931, 0.011903653852641582, -0.0046094125136733055, -0.027135945856571198, -0.016150066629052162, -0.015835009515285492, 0.038628656417131424, -0.015382972545921803, -0.009095542132854462, -0.02012251690030098, -0.026574324816465378, -0.00854076910763979, 0.003931356128305197, -0.00695863738656044, -0.010766711086034775, -0.0057737515307962894, 0.03808073326945305, 0.0041779219172894955, -0.021327950060367584, -0.017314404249191284, -0.006629882846027613, -0.04005325958132744, -0.013526879251003265, 0.005058025475591421, -0.027752362191677094, -0.02824549376964569, 0.026492135599255562, 0.029231756925582886, 0.019136253744363785, -0.029450926929712296, -0.0041505261324346066, -0.015478858724236488, -0.04128608852624893, 0.0006720632663927972, 0.012383087538182735, 0.029231756925582886, 0.009780446998775005, -0.012554313987493515, 0.0333411879837513, -0.011869408190250397, 0.008431184105575085, -0.035779450088739395, 0.014972029253840446, 0.01645142398774624, -0.012629653327167034, 0.029944058507680893, -0.01078040897846222, -0.029615303501486778, -0.00666070356965065, 0.010684521868824959, 0.008664052002131939, 0.02708115428686142, 0.04912140592932701, 0.0013304285239428282, 0.005362808238714933, -0.005116242449730635, -0.020862214267253876, 0.03180700168013573, -0.015684330835938454, 0.006732618901878595, -0.019355421885848045, -0.003364597214385867, -0.004647082183510065, 0.008581862784922123, -0.015725424513220787, -0.006010043900460005, 0.004852553829550743, 0.0009331834153272212, 0.0031539888586848974, 0.003313229186460376, -0.004407365340739489, -0.020232101902365685, -0.014711765572428703, 0.01256801187992096, 0.006068260874599218, 0.0173965934664011, 0.032491907477378845, -0.01736919768154621, 0.01141052134335041, 0.016314443200826645, 0.004972412250936031, -0.02467028796672821, -0.014835048466920853, -0.00789695791900158, -0.02557436190545559, 0.002712224842980504, -0.03761499747633934, 0.010732465423643589, -0.025656551122665405, -0.00586278922855854, -0.012951558455824852, -0.0029331068508327007, -0.03671092167496681, 0.014999425038695335, 0.013095389120280743, -0.015684330835938454, -0.001239678473211825, 0.009876334108412266, -0.003032417967915535, -1.0551152627158444e-06, -0.02710855007171631, -0.022136138752102852, -0.023245684802532196, 0.004931318107992411, 0.00483543099835515, 1.9838173102471046e-05, -0.04758721962571144, 0.0012627941323444247, 0.013800840824842453, -0.013403596356511116, -0.006379892583936453, 0.214128777384758, 0.02934134192764759, 0.003380007576197386, 0.017670555040240288, 0.0021934090182185173, 0.021259458735585213, 0.011917351745069027, 0.007568203378468752, -0.03569726273417473, 0.04421748220920563, 0.018382856622338295, 0.019396517425775528, -0.017341801896691322, 0.0029416680335998535, -0.008876372128725052, 0.01771165058016777, -0.04364216327667236, -0.016341838985681534, -0.018752705305814743, -0.012622804380953312, 0.02304021269083023, -0.006818232126533985, 0.008348994888365269, -0.007410674821585417, 0.03586164116859436, -0.03268367797136307, 0.0326014906167984, -0.03194398060441017, 0.025053834542632103, 0.017382895573973656, -0.008410636335611343, -0.029861869290471077, -0.0036231488920748234, 0.01413644477725029, -0.035560280084609985, -0.013211822137236595, -0.007003156468272209, -0.008170919492840767, 0.026916777715086937, 0.019547196105122566, -0.013287162408232689, -0.05306645855307579, 0.018191084265708923, 0.00031783885788172483, -0.008266806602478027, 0.022738855332136154, -0.0015427491161972284, -0.010472201742231846, 0.011335182003676891, 0.01175297424197197, -0.0518336296081543, 0.006523722782731056, 0.04051899537444115, 0.013129633851349354, -0.0049039218574762344, -0.01751987636089325, 0.008670900948345661, 0.013088539242744446, -0.010321522131562233, 0.026656512171030045, -0.030053643509745598, 0.007650391664355993, 0.013266614638268948, -0.011561200954020023, -0.002880026586353779, -0.005917581729590893, -0.0372314490377903, -0.01927323453128338, 0.010170843452215195, -0.020259497687220573, 0.005349110346287489, 0.005955251399427652, -0.0017447961727157235, 0.01880749873816967, 0.00179273949470371, -0.01465697307139635, 0.026807192713022232, 0.034026093780994415, 0.024519609287381172, 0.015917198732495308, -0.016369236633181572, 0.0029382435604929924, 0.0010598908411338925, -0.008711994625627995, -0.01795821636915207, -0.015314482152462006, -0.001620657043531537, -0.0009006503969430923, -0.03972450643777847, 0.006506599951535463, -0.004729270935058594, -0.009444843977689743, -0.01086259726434946, -0.01676648110151291, -0.0019691025372594595, 0.015821311622858047, -0.0007696623215451837, 0.039888881146907806, -0.008848976343870163, -0.005982647649943829, -0.029012586921453476, 0.01576652005314827, 0.009307862259447575, -0.0015632963040843606, -0.031149491667747498, 0.004729270935058594, -0.006188119295984507, -0.008705145679414272, 0.011335182003676891, -0.01965678110718727, -0.00483543099835515, -0.01871161162853241, -0.0020461545791476965, -0.025999004021286964, -0.006653854623436928, 0.026053795590996742, 0.008753089234232903, -0.022136138752102852, -0.009732503443956375, -0.011431069113314152, -0.005544308107346296, -0.033176809549331665, -0.0038868372794240713, 0.01573912240564823, 0.0009485937771387398, -0.02676609717309475, -0.0026642815209925175, -0.007314788177609444, -0.003588903695344925, -0.0017148315673694015, 0.0034125405363738537, -0.0040751863270998, 0.009725654497742653, -0.0037190355360507965, -0.020670440047979355, 0.01805410347878933, 0.010444805026054382, -0.02830028533935547, -0.009280466474592686, -0.006691524293273687, 0.017314404249191284, -0.020081423223018646, 0.047915972769260406, -0.011492710560560226, -0.011821464635431767, 0.0005611942615360022, -0.0031283048447221518, 0.005249798763543367, -0.014218633063137531, -0.013335105963051319, -0.011835163459181786, -0.028218096122145653, 0.008999655023217201, -0.024615494534373283, 0.005893609952181578, -0.026341456919908524, 0.0011009852169081569, -0.01805410347878933, 0.0077188825234770775, 0.016067877411842346, -0.01943761110305786, 0.006383317057043314, -0.005297742318361998, -0.0233552698045969, -0.003852592082694173, -0.00904074963182211, -0.17281529307365417, 0.017697952687740326, 0.030108435079455376, -0.023437459021806717, 0.006797684822231531, -0.020807422697544098, 0.02014991268515587, -0.0009622919023968279, -0.017232216894626617, -0.01742398925125599, 0.004855978302657604, -0.029697492718696594, -0.037313640117645264, -0.023519646376371384, -0.02262927033007145, -0.01175297424197197, -0.0067360433749854565, 0.0227525532245636, 0.02282104268670082, 0.004489554092288017, 0.03197137638926506, -0.047285858541727066, -0.0072873919270932674, -0.016218556091189384, -0.011342030949890614, 0.01601308584213257, 0.00242114020511508, 0.013177577406167984, 0.006153873633593321, -0.0039245071820914745, -0.013821388594806194, 0.00161466421559453, 0.009787295944988728, 0.014369312673807144, -0.007095618639141321, -0.01635553687810898, 0.005647043697535992, -0.007081920281052589, -0.00971880555152893, 0.002047866815701127, 0.009116088971495628, 0.02416345849633217, -0.005177883896976709, 0.017752744257450104, 0.0057737515307962894, 0.04106691852211952, -0.0019057488534599543, -0.0013852209085598588, 0.03605341166257858, -0.03482058271765709, 0.02235530875623226, -0.02372511848807335, -0.005263497121632099, -0.0072873919270932674, 0.003869714681059122, 0.03608081117272377, 0.03419047221541405, 0.022259421646595, -0.019601989537477493, -0.039066996425390244, 0.004972412250936031, -0.0074928635731339455, 0.01404055766761303, -0.009616069495677948, -0.044929783791303635, 0.022108741104602814, -0.037039678543806076, 0.028327681124210358, -0.053367819637060165, 0.005763477645814419, -0.04651876538991928, 0.014478897675871849, 0.01627334952354431, -0.0007114453474059701, 0.0032755595166236162, 0.009972220286726952, -0.019259536638855934, 0.011835163459181786, 0.013835086487233639, 0.017533574253320694, -0.017191121354699135, 0.008807881735265255, -0.02532779611647129, 0.015177500434219837, 0.002457097638398409, -7.377446308964863e-06, -0.009951673448085785, 0.0018064376199617982, -0.0020444421097636223, -0.023081308230757713, 0.004174497444182634, -0.0007418380118906498, 0.009396900422871113, -0.008595560677349567, -0.014547388069331646, 0.013184426352381706, 0.004184771329164505, 0.00941744726151228, 0.0128967659547925, -0.01980745978653431, -0.0047737895511090755, -0.007616146467626095, -0.02143753506243229, 0.02087591215968132, 0.022766251116991043, 0.043203823268413544, 0.028409870341420174, 0.013766596093773842, 0.027163343504071236, 0.01817738637328148, -0.029560511931777, 0.017382895573973656, -0.0015727137215435505, 0.024245645850896835, -0.0025683946441859007, 0.01949240453541279, -0.0059381285682320595, -0.00968456082046032, 0.024067571386694908, 0.005078572314232588, 0.04210797697305679, -0.01304059661924839, -0.012718690559267998, 0.02014991268515587, 0.024615494534373283, -0.008890070021152496, -0.10498227924108505, -0.010835201479494572, 0.0205608569085598, -0.011698181740939617, -0.00832159910351038, -0.019136253744363785, -0.013862482272088528, 0.027766060084104538, 0.0003086354408878833, 0.031615227460861206, -0.016684291884303093, -0.015917198732495308, -0.003280696226283908, 0.017848631367087364, 0.028820812702178955, 0.005558005999773741, -0.010650277137756348, -0.007301090285181999, -0.00822571199387312, 0.03325900062918663, -0.017095236107707024, -0.029259152710437775, 0.020451271906495094, 0.019382819533348083, 0.008896918967366219, -0.00645865686237812, -0.040984731167554855, 0.0321083590388298, 0.027314022183418274, -0.010636578314006329, 0.02425934374332428, -0.007917504757642746, 0.008554467000067234, -0.002385182539001107, -0.008424335159361362, -0.02917696349322796, -0.01391727477312088, -0.01319812424480915, 0.02043757401406765, -0.015287085436284542, 0.005427874159067869, 0.035779450088739395, 0.02780715376138687, -0.005653893109411001, 0.01651991531252861, -0.0268893800675869, -0.007444920018315315, 0.034053489565849304, -0.01031467318534851, -0.01567063294351101, -0.017259612679481506, 0.03134126588702202, -0.030601566657423973, -0.027998927980661392, 0.034272659569978714, 0.008328448049724102, 0.013061143457889557, -0.006397015415132046, -0.005633345805108547, 0.01488984003663063, -0.009896880947053432, -0.01043795607984066, -0.012540615163743496, 0.01651991531252861, 0.024533307179808617, 0.002051291288807988, -0.010636578314006329, -0.017355499789118767, -0.03610820695757866, -0.03087553009390831, -0.0011865983251482248, 0.006431260611861944, -0.022108741104602814, 0.01456108596175909, -0.006965486332774162, 0.029204361140727997, 0.018766405060887337, 0.005075147841125727, -0.005085421726107597, 0.00555458152666688, 0.014725463464856148, -0.0049073463305830956, -0.029916662722826004, -0.040957335382699966, 0.007883260026574135, 0.00896541029214859, -0.006821656599640846, 0.007732580415904522, 0.01664319820702076, -0.05829913541674614, 0.022807344794273376, 0.0160541795194149, -0.023656627163290977, -0.007876410149037838, -0.00854076910763979, 0.026752399280667305, -0.016369236633181572, 0.016341838985681534, 0.02031428925693035, -0.009205127134919167, -0.023766212165355682, -0.0003345334262121469, -0.059230607002973557, 0.01997183822095394, 0.029423531144857407, 0.0010556102497503161, 0.01795821636915207, 0.015478858724236488, 0.0034382245503365993, -0.02328677847981453, -0.0008792471489869058, 0.02043757401406765, -0.025190815329551697, 0.016780178993940353, -0.03128647431731224, -0.037505410611629486, -0.008835277520120144, -0.026505833491683006, 0.009047598578035831, -0.018204782158136368, 0.03594382852315903, 0.004492978565394878, 0.016780178993940353, 0.011307786218822002, -0.0037532809656113386, 0.01905406452715397, -0.012636502273380756, 0.004102582577615976, 0.0024588098749518394, 0.028355078771710396, -0.00687302416190505, -0.010424258187413216, 0.014314520172774792, -0.029724888503551483, 0.03276586905121803, 0.02313609980046749, 0.024971645325422287, -0.02062934637069702, 0.0006211234722286463, 0.018232177942991257, 0.015314482152462006, -0.008814730681478977, -0.02024579979479313, -0.03997107222676277, 0.0033200783655047417, -0.03386171534657478, -0.020191006362438202, 0.013992615044116974, 0.002833795500919223, -0.011198201216757298, 0.011561200954020023, 0.0016180886887013912, 0.04323121905326843, 0.01846504583954811, -0.015821311622858047, -0.033395979553461075, -0.004369695670902729, -0.00984208844602108, -0.005071723368018866, 0.03460141271352768, -0.014369312673807144, -0.016136368736624718, 0.03613560274243355, 0.011026974767446518, 0.002790988888591528, -0.006862750742584467, -0.002395456191152334, -0.02630036137998104, -0.026368852704763412, -0.01586240530014038, 0.020588252693414688, -0.006520298309624195, 0.01576652005314827, -0.024273043498396873, 0.00891746673732996, 0.01686236821115017, 0.009533881209790707, -0.02934134192764759, -0.01771165058016777, -0.0030632386915385723, -0.0023731966502964497, 0.003390280995517969, 0.02241010032594204, -0.029067380353808403, -0.006331949029117823, 0.004366271197795868, 0.018410254269838333, 0.029094776138663292, -0.006352496333420277, 0.02143753506243229, -0.007081920281052589, -0.0020752630662173033, -0.004715572576969862, -0.012068030424416065, -0.008239409886300564, 0.0041094315238296986, 0.008348994888365269, -0.011547503061592579, -0.02591681480407715, -0.001963965827599168, 0.025396287441253662, 0.0018800649559125304, 0.009540730156004429, 0.02206764742732048, -0.005996345542371273, -0.008664052002131939, 0.0028218096122145653, 0.01598568819463253, -0.004400516394525766, -0.03484797850251198, -0.013657011091709137, 0.019478706642985344, -0.010170843452215195, 0.01006125845015049, -0.027793455868959427, 0.019985536113381386, -0.006116203963756561, -0.007903806865215302, -0.008075033314526081, -0.02425934374332428, -0.004804610274732113, 0.025999004021286964, 0.00936950370669365, 1.3898761608288623e-05, 0.01802670583128929, -0.02068413980305195, 0.02156081795692444, 0.034683603793382645, 0.0030581019818782806, -0.015177500434219837, 0.031039906665682793, 0.013239218853414059, 0.006249760743230581, -0.014725463464856148, 0.01730070635676384, -0.011417371220886707, 0.018697913736104965, -0.016999348998069763, -0.002731059677898884, 0.020985497161746025, -0.009896880947053432, 0.08114757388830185, 0.011396823450922966, -0.01965678110718727, 0.002797838067635894, 0.0017876027850434184, 0.004092309158295393, 0.029670096933841705, 0.007568203378468752, -0.008629806339740753, 0.004804610274732113, 0.01456108596175909, 0.00832159910351038, -0.004379969090223312, -0.03345077484846115, -0.012294049374759197, 0.012403634376823902, -0.0007786516798660159, 0.014917236752808094, -0.006383317057043314, -0.037039678543806076, 0.024067571386694908, -0.0009049311047419906, 0.01617746241390705, -0.026916777715086937, -0.002833795500919223, 0.010081805288791656, 0.0008377247722819448, -0.02401277795433998, 0.012314597144722939, -0.03695748746395111, 0.04158744588494301, 0.0059586758725345135, -0.03350556641817093, -0.03569726273417473, -0.010369465686380863, -0.0045169503428041935, -0.007780523970723152, -0.009143485687673092, 0.029861869290471077, 0.0304097943007946, -0.01749248057603836, 0.022149836644530296, -0.013773445039987564, 0.012609105557203293, -0.01883489452302456, -0.024862060323357582, 0.018697913736104965, -0.015287085436284542, -0.008903768844902515]","[-0.006390624213963747, -0.019563566893339157, 0.01530079822987318, -0.014228048734366894, -0.027778571471571922, 0.014192760922014713, -0.011715555563569069, -0.03229541331529617, -0.027086930349469185, -0.00479914341121912, 0.03240833431482315, 0.001234191469848156, -0.006344750057905912, -0.011355619877576828, -0.002549544908106327, -0.008546710014343262, 0.03537251055240631, -8.513186185155064e-05, 0.009810013696551323, -0.0071563697420060635, -0.0019320080755278468, -0.004520369693636894, 0.022965312004089355, -0.006623523775488138, -0.00025296956300735474, 0.0013674029614776373, 0.007932702079415321, -0.01842024177312851, -0.011390907689929008, 0.004439207725226879, 0.002697753719985485, 0.006196541246026754, -0.014298624359071255, -0.025943605229258537, -0.020721007138490677, -0.003983994945883751, 0.012555406428873539, -0.024983776733279228, 0.03986112028360367, 0.005575475282967091, 0.00930892676115036, 0.00422042328864336, 0.009407732635736465, -0.014863229356706142, -0.022005483508110046, 0.023925140500068665, -0.0049791112542152405, -0.03458206355571747, -0.020791582763195038, 0.013797537423670292, 0.012795363552868366, -0.018053248524665833, -0.028639594092965126, -0.010572230443358421, 0.00309297745116055, 0.005561360158026218, -0.003154731122776866, 0.026776397600769997, -0.00911131501197815, -0.01758744940161705, 0.02904893271625042, 0.001658527529798448, 0.0022054887376725674, 0.02214663475751877, -0.016797002404928207, -0.005621349439024925, 0.021666720509529114, -0.0005579886492341757, 0.00869491882622242, 0.0035570121835917234, 0.009668862447142601, 0.030545135959982872, 0.0011609692592173815, -0.011891994625329971, 0.04090563952922821, -0.003680519526824355, -0.0010851004626601934, -0.02158202975988388, 0.0010595167987048626, -0.0016602919204160571, 0.02422155812382698, -0.03212603181600571, -0.016994614154100418, 0.01798267289996147, 0.03317055106163025, 0.003747566370293498, 0.03150496631860733, 0.05262119695544243, -0.016571160405874252, -0.017361607402563095, 0.0062035988084971905, 0.03201311081647873, 0.005060273222625256, 0.0273833479732275, 0.00564957968890667, 0.012393082492053509, -0.007622168865054846, 0.03991758078336716, 0.007269290741533041, 0.01443271804600954, -0.0056389933452010155, 0.010155834257602692, -0.037659160792827606, -0.016655851155519485, -0.01758744940161705, -0.0013268219772726297, 0.003994581289589405, -0.0007476606406271458, -0.0016347082564607263, -0.012160181999206543, -0.02286650612950325, 0.04115971177816391, 0.016599390655755997, -0.019168343394994736, 0.0006245943950489163, -0.008906645700335503, -0.020509280264377594, -0.001196257071569562, -0.04059510678052902, -0.0077421474270522594, -0.0067223296500742435, -0.0017396894982084632, 0.03170257806777954, 0.01443271804600954, 0.027623305097222328, -0.013261162675917149, -0.013395256362855434, -0.014009264297783375, -0.002463089767843485, 0.01674054190516472, 0.051237914711236954, 0.008539652451872826, -0.016063015908002853, 0.023148808628320694, -0.00350937363691628, 0.033396393060684204, -0.015371373854577541, 0.009640632197260857, -0.017686255276203156, -0.013868113048374653, 0.02107388526201248, 0.015540755353868008, -0.009337157011032104, 0.022316016256809235, -0.026197677478194237, 0.02847021259367466, 0.03232364356517792, 0.012562463991343975, 0.00584719143807888, -0.03579596430063248, -0.024588551372289658, -0.005219068378210068, -0.014150415547192097, 0.005886008031666279, -0.01881546527147293, 0.020057596266269684, -0.014510351233184338, -0.0031265008728951216, -0.012830651365220547, 0.007339866366237402, 0.013444659300148487, 0.02420744299888611, -0.0069093550555408, -0.0007278112461790442, 0.015187877230346203, 0.03799792379140854, 0.01726280152797699, -0.030827438458800316, 0.001658527529798448, -0.018702544271945953, -0.018533162772655487, 0.028583133593201637, -0.00541315134614706, -0.007219887804239988, 0.006694099400192499, 0.008793724700808525, 0.012548348866403103, -0.01523022260516882, 0.005575475282967091, 0.005953054875135422, -0.016571160405874252, 0.013599925674498081, 0.0042451247572898865, 0.03573950380086899, -0.006683513056486845, -0.006687041837722063, 0.007283405866473913, 0.0036487604957073927, 0.01731926202774048, -0.013698731549084187, 0.008299695327877998, 0.006976401899009943, 0.002477204892784357, 0.004368632100522518, -0.6504250764846802, -0.02904893271625042, 0.01055811531841755, -0.024193327873945236, 0.021624375134706497, 0.021088000386953354, -0.007728032302111387, 0.016091246157884598, -0.03376338630914688, 0.03079920820891857, -0.03638879954814911, 0.019535336643457413, 0.0022090175189077854, -0.009859416633844376, 0.008680803701281548, -0.03588065505027771, 0.009612401947379112, 0.030488675460219383, -0.011673210188746452, -0.0029288888908922672, 0.007205772679299116, -0.006672926712781191, -0.023346420377492905, -0.0019937618635594845, 0.009640632197260857, -0.012731845490634441, -0.0013091780710965395, -0.02841375209391117, -0.0169522687792778, 0.0045415423810482025, -0.0041745491325855255, -0.006020101718604565, 0.01369167398661375, -0.01452446635812521, 0.050729770213365555, -0.00808091089129448, -0.01108037494122982, 0.012096663936972618, 0.0014847349375486374, 0.03325524181127548, -0.04031280428171158, -0.006817606743425131, -0.007223416585475206, -0.004975582472980022, -0.004358045756816864, 0.00393106322735548, 0.02144087851047516, 0.02794795297086239, -0.009428905323147774, -0.005342575721442699, 0.014453890733420849, -0.008673746138811111, -0.0033982170280069113, 0.011764958500862122, 0.020650431513786316, -0.01740395277738571, 0.033142320811748505, -0.02326172962784767, 0.015074956230819225, 0.0034035101998597383, 0.005766029469668865, 0.005134377628564835, -0.012096663936972618, -0.036558181047439575, -0.00927363894879818, 0.006983459461480379, 0.0013382905162870884, -0.008546710014343262, 0.001946123200468719, -0.00042433603084646165, 0.013007090426981449, -0.008956048637628555, -0.006327106151729822, 0.004065156914293766, 0.0034776146057993174, 0.02053751051425934, 0.03271886706352234, 0.0099229346960783, 0.013585810549557209, 0.017869751900434494, 0.011581461876630783, -0.02700223959982395, -0.024136867374181747, -0.010776899755001068, -0.019309494644403458, -0.011574404314160347, -0.0104310791939497, 0.007121081929653883, 0.01829320564866066, 0.004001638852059841, 0.015329028479754925, 0.027425693348050117, 0.0062777032144367695, -0.023586377501487732, -0.03844960778951645, 0.015738368034362793, 0.0015676614129915833, -0.02434859424829483, 0.020918618887662888, -0.028427867218852043, -0.004428621381521225, 8.215445268433541e-05, -0.0050567444413900375, -0.004005167633295059, 0.0627840906381607, -0.012124894186854362, -0.021793756633996964, 0.017093420028686523, -0.004703866317868233, 0.01055811531841755, 0.015823058784008026, -0.003087684279307723, -0.01643000915646553, 0.005314345471560955, 0.015597215853631496, -0.027199851348996162, 0.009407732635736465, 0.0050496868789196014, -0.0021560858003795147, 0.010205237194895744, -0.012350737117230892, -0.008518479764461517, 0.008991336449980736, -0.005063802003860474, 0.018025018274784088, 0.029811149463057518, -0.007805665489286184, -0.015032610855996609, 0.020523395389318466, 0.003998110070824623, 0.01971883326768875, -0.0013621097896248102, 0.012230757623910904, -0.024376824498176575, -0.0018058541463688016, 0.01854727789759636, 0.013811652548611164, 0.015681907534599304, 0.020579855889081955, -0.03407391905784607, -0.006380037870258093, 0.013000032864511013, -0.0010559880174696445, -0.039324745535850525, 0.00073089892975986, -0.0023695770651102066, -0.01391045842319727, 0.017813291400671005, -0.025618957355618477, -0.0022054887376725674, 0.00721635902300477, -0.0034052745904773474, -0.007403384428471327, 0.01072043925523758, -0.00584719143807888, 0.010847475379705429, 0.01751687377691269, -0.03401745855808258, 0.0021507926285266876, -0.020664546638727188, 0.008596112951636314, 0.015131416730582714, -0.003459970699623227, -0.019281264394521713, -0.031081510707736015, -0.024884970858693123, 0.004089858382940292, 0.00285125570371747, 0.021539684385061264, -0.020255208015441895, 0.01555487047880888, -0.021850217133760452, 0.010769842192530632, 0.01686757802963257, 0.015060841105878353, 0.00979589857161045, -0.029669998213648796, -0.013416429050266743, -0.01623239740729332, 0.009033681824803352, -0.001058634603396058, 0.01798267289996147, 0.011560289189219475, -0.01868842914700508, 0.019620027393102646, -0.006567063275724649, -0.00905485451221466, 0.034892596304416656, -0.017615679651498795, 0.02261243388056755, 0.005610763095319271, 0.003673461964353919, -0.012604809366166592, 0.009626517072319984, -0.002030814066529274, 0.001613535569049418, -0.004259239882230759, 0.013225874863564968, 0.013741076923906803, -0.0002748038969002664, 0.008511422201991081, 0.0026624659076333046, 0.013155299238860607, -0.018307320773601532, 0.007124610710889101, -0.013966918922960758, 0.00985235907137394, -0.021158576011657715, 0.01059340313076973, 0.012611866928637028, 0.002410158049315214, -0.02872428484261036, -4.730773071059957e-05, -0.003821670776233077, 0.01191316731274128, 0.001723809982649982, -0.01777094602584839, -0.0009801192209124565, -0.007481017615646124, 0.015935979783535004, 0.006245944183319807, -0.006701156962662935, 0.030319293960928917, 0.004368632100522518, -0.013014147989451885, 0.01555487047880888, 0.004823844879865646, 0.042091310024261475, 0.00969003513455391, -0.00299593573436141, -0.005162607878446579, -0.00029156560776755214, 0.010092316195368767, 0.0024454458616673946, 0.005356690846383572, 0.010903935879468918, 0.020721007138490677, -0.002108447253704071, 0.02564718760550022, -0.020833928138017654, 0.011129777878522873, -2.8698921596514992e-05, 0.011757900938391685, -0.012922399677336216, 0.028032643720507622, 0.012195469811558723, 0.038167305290699005, 0.004089858382940292, -0.003666404401883483, -0.009083084762096405, -0.0026624659076333046, -0.004386276006698608, -0.0206080861389637, -0.009944107383489609, 0.018646083772182465, -0.012082548812031746, 0.0016523521626368165, 0.01465150248259306, 0.01149677112698555, 0.011052144691348076, 0.011256814002990723, 0.016458239406347275, 0.024235673248767853, -0.011701440438628197, 0.0034229184966534376, 0.0021966667845845222, -0.02834317646920681, -0.020650431513786316, 0.004890891723334789, -0.011835534125566483, 0.003308233106508851, -0.028936011716723442, 0.009280696511268616, -0.00526847131550312, 0.008257349953055382, -0.005067330785095692, 0.01791209727525711, -0.011306216940283775, 0.006055389530956745, 0.010529885068535805, 0.0015747189754620194, -0.024983776733279228, 0.029359465464949608, 0.005723684094846249, 0.010424021631479263, 0.012943572364747524, 0.00853259488940239, 0.028441982343792915, 0.024757934734225273, 0.028300831094384193, 0.015865404158830643, -0.0013382905162870884, -0.013359968550503254, -0.011920224875211716, -0.020763352513313293, 0.019224803894758224, 0.044857874512672424, 0.004255711100995541, 0.04130086302757263, -0.002994171343743801, 0.013762249611318111, 0.008913703262805939, -0.01733337715268135, -0.0007745676557533443, 0.023685183376073837, 0.005748385563492775, -0.00034670281456783414, -0.04677753150463104, -0.00748807517811656, -0.0359371155500412, 0.009393617510795593, -0.04076448827981949, 0.009570056572556496, -0.010099373757839203, 0.004266297444701195, 0.011941397562623024, -0.02371341362595558, -0.01706518977880478, 0.004876776598393917, -0.014425660483539104, 0.018759004771709442, -0.01637354865670204, 0.003299411153420806, -0.007255175616592169, 0.03579596430063248, 0.03901421278715134, -0.0006695863557979465, -0.004629761911928654, -0.018504932522773743, 0.003161788685247302, -0.015286683104932308, -0.016599390655755997, -8.00592388259247e-05, -0.037207476794719696, -0.035852424800395966, -0.0038675449322909117, 0.009838243946433067, 0.015371373854577541, 0.016246512532234192, -0.002470147330313921, 0.011891994625329971, -0.026324713602662086, -0.026014180853962898, -0.024899085983633995, 0.007353981491178274, -0.002480733674019575, 0.00564957968890667, 0.026367058977484703, 0.02364283800125122, 0.028837205842137337, 0.013769307173788548, 0.01001468300819397, 0.02170906588435173, -0.02770799584686756, 0.019097767770290375, 0.018914271146059036, -0.005600176751613617, 0.004986168816685677, -0.006778790149837732, 0.03181549906730652, 0.00015989792882464826, 0.009626517072319984, -0.009118372574448586, -0.0007855950971134007, -0.008786667138338089, 0.006510602775961161, 0.013501119799911976, -0.0020784526132047176, 0.009810013696551323, -0.0008023568079806864, -0.006556476932018995, 0.01223781518638134, -0.0013453480787575245, 0.009534768760204315, 2.319898339919746e-05, -0.010346388444304466, -0.03692517429590225, 0.01062869094312191, 0.004333344288170338, -0.016924038529396057, -0.038618989288806915, -0.017149880528450012, -0.020918618887662888, 0.01700872927904129, -0.028512557968497276, 0.020142287015914917, -5.588157000602223e-05, -0.006743502337485552, -0.02944415621459484, 0.0008910174365155399, -0.019916445016860962, -0.03350931406021118, -0.01655704528093338, 0.015089071355760098, 0.005014399066567421, 0.0034846721682697535, -0.014919689856469631, 0.019478876143693924, -0.0009245408582501113, 0.031025050207972527, -0.008927818387746811, 0.013352910988032818, -0.010508712381124496, 0.024136867374181747, -0.001954945269972086, -0.03723570704460144, -0.0065000164322555065, -0.009732380509376526, -0.010134661570191383, 0.00943596288561821, -0.017163995653390884, -0.0030347523279488087, -0.006623523775488138, 0.006108321249485016, -0.008744321763515472, 0.011270929127931595, 0.019309494644403458, -0.04333344101905823, 0.019351840019226074, -0.001018935814499855, -0.017629794776439667, 0.009866474196314812, 0.0028671352192759514, -0.01650058478116989, 0.018575508147478104, -0.015131416730582714, -0.009485365822911263, -0.01207549124956131, -0.010452251881361008, 0.0030365167185664177, 0.00831381045281887, 0.0019814111292362213, 0.001875547575764358, 0.002029049675911665, 0.012774190865457058, -0.010805130004882812, -1.7616341210668907e-05, 0.009774725884199142, 0.008560825139284134, 0.04734213650226593, 0.004947352223098278, 0.03760270029306412, -0.0040263403207063675, 0.022527743130922318, 0.024122752249240875, -0.04971348121762276, -0.009619459509849548, -0.010642806068062782, -0.004661520943045616, 0.01072043925523758, 0.016712311655282974, -0.012209584936499596, -0.019859984517097473, -0.008758436888456345, -0.004749740473926067, 0.017559219151735306, -0.0028653708286583424, -0.026197677478194237, 2.0869436411885545e-05, 0.003969879820942879, -0.0070822653360664845, -0.0049085356295108795, -0.01926714926958084, -0.013726961798965931, -0.010692209005355835, -0.0070857941173017025, 0.003902832744643092, -0.004019282758235931, 0.010247582569718361, -0.026846973225474358, -0.00985235907137394, -0.0013321151491254568, -0.022513628005981445, 0.017178110778331757, 0.009880589321255684, 0.009457135573029518, -0.004358045756816864, 0.012583636678755283, -0.0206080861389637, -0.023614607751369476, -0.024786164984107018, 0.00017147674225270748, 0.040736258029937744, 0.05677104368805885, 0.00541315134614706, 0.0023731058463454247, 0.011193295940756798, 0.008391443639993668, 0.0019337724661454558, -0.024828510358929634, 0.0028142035007476807, -0.0029288888908922672, 0.012357794679701328, 0.013543465174734592, 0.019789408892393112, -0.008539652451872826, 0.017291031777858734, 0.02017051726579666, -0.005293172784149647, 0.02751038409769535, 0.0007551593007519841, -0.010282870382070541, -0.03254948556423187, -0.03940943628549576, 0.015117301605641842, 0.009866474196314812, -0.018081478774547577, 0.015089071355760098, -0.022005483508110046, 0.010981569066643715, 0.02235836163163185, -0.008391443639993668, 0.03367869555950165, -0.008850185200572014, 0.0058119036257267, -0.024122752249240875, 0.021215036511421204, 0.007481017615646124, -0.0013629919849336147, 0.01443271804600954, -0.01014171913266182, -0.01204020343720913, 0.0006435615941882133, 0.014962035231292248, 0.00707167899236083, -0.010007625445723534, 0.0003127382951788604, 0.017799176275730133, 0.005476669408380985, 0.006267116870731115, -0.051435526460409164, -0.009802956134080887, -0.014990265481173992, 0.00844084657728672, -0.009372444823384285, -0.014065724797546864, -0.013218817301094532, -0.00041419078479520977, -0.0010489304549992085, 0.013084723614156246, -0.005561360158026218, 0.010967453941702843, 0.0016302972799167037, -0.034243300557136536, -0.0070152184925973415, -0.019690603017807007, -0.0031900189351290464, 0.022527743130922318, 0.0029341820627450943, -0.002044929191470146, -0.005282586440443993, 0.005363748408854008, -0.02138441801071167, -0.011362677440047264, 0.0027330415323376656, 0.009697092697024345, 0.020325783640146255, -0.00042345383553765714, -0.031589657068252563, -0.029133623465895653, 0.01030404306948185, 0.0006012162193655968, -0.021497339010238647, 0.014263336546719074, -0.007283405866473913, 0.010184064507484436, 0.00687406724318862, -0.0013797536958009005, -0.01175084337592125, 0.006697628181427717, 0.0010577524080872536, -0.028371406719088554, 0.0077492049895226955, -0.00526847131550312, -0.028752515092492104, 0.031222661957144737, 0.0013982797972857952, 0.02041047438979149, -0.0017837992636486888, 0.015117301605641842, -0.020975079387426376, -0.027990298345685005, 0.014446833170950413, 0.007473960053175688, 0.0037899117451161146, 0.03246479481458664, -0.0009589464752934873, -0.0068670096807181835, 0.011581461876630783, -0.027355117723345757, 0.012668327428400517, -0.0051237912848591805, -0.0045380135998129845, 0.025604842230677605, -0.018857810646295547, 0.0009651218424551189, 0.02247128263115883, 0.0073822117410600185, 0.017248686403036118, -0.008631400763988495, -0.00597422756254673, 0.004142790101468563, -0.013684616424143314, 0.006955229211598635, 0.01894250139594078, 0.014228048734366894, -0.03319878131151199, -0.01809559389948845, -0.009252466261386871, -0.005907180719077587, -0.016825232654809952, 0.013303508050739765, 0.0024278019554913044, -0.0037722678389400244, -0.00791858695447445, -0.022301901131868362, 0.016599390655755997, 0.04818904399871826, 0.003906361758708954, -0.008038565516471863, 0.012633039616048336, 0.02700223959982395, -0.021370302885770798, 0.025915374979376793, -0.006401210557669401, 0.014023379422724247, -0.015667792409658432, 0.0359371155500412, 0.003934592008590698, -0.026875203475356102, 0.0009183654910884798, 0.0009280696394853294, -0.05225420370697975, -0.017446298152208328, 0.00037118373438715935, -0.0009951165411621332, 0.008017392829060555, 0.0048344312235713005, 0.041780777275562286, 0.02808910422027111, 0.01681111752986908, -0.02588714472949505, -0.03853429853916168, -0.0017396894982084632, -0.018123824149370193, 0.0017661553574725986, 0.01178613118827343, -0.010275812819600105, -0.010565172880887985, -0.006986988242715597, 0.0138187101110816, 0.010572230443358421, -0.01861785352230072, -0.011454425752162933, -0.0002684079809114337, -0.0008235294953919947, -0.004421563819050789, -0.004869719035923481, 0.007353981491178274, -0.012971802614629269, -0.018180284649133682, 0.022203095257282257, -0.002320174127817154, 0.000404266087571159, -0.009605344384908676, 0.02577422372996807, 0.003828728338703513, 0.020706892013549805, -0.01662762090563774, -0.01887192577123642, -0.03652995079755783, -0.021299727261066437, -0.011616749688982964, -0.014806768856942654, 0.0027312771417200565, 0.02281004562973976, 0.026070641353726387, -0.016782887279987335, -0.028554903343319893, -0.007318693678826094, -0.009224236011505127, -0.006905826274305582, 0.014284509234130383, -0.004410977475345135, 0.037969693541526794, -0.01758744940161705, -0.02247128263115883, 0.02859724871814251, -0.00438274722546339, 0.011835534125566483, -0.006111850030720234, -0.012470715679228306, -0.01854727789759636, -0.02519550360739231, 0.0116238072514534, 0.005646050907671452, -0.03819553554058075, 0.01637354865670204, 0.005014399066567421, -0.02924654446542263, 0.02725631184875965, 0.013762249611318111, -0.00818677432835102, 0.005670752376317978, 0.004453322850167751, 0.03161788731813431, -0.004657992161810398, 0.013388198800384998, -0.01233662199229002, -0.006743502337485552, 0.0029324176721274853, 0.02389691025018692, 0.015329028479754925, 0.0010021741036325693, -0.0158371739089489, 0.0024983775801956654, -0.007353981491178274, 0.0011195060797035694, -0.008638458326458931, -0.006958757992833853, 0.017869751900434494, -0.02228778600692749, 0.013359968550503254, 0.018123824149370193, 0.01542783435434103, 0.008511422201991081, -0.015187877230346203, -0.0027912664227187634, -0.005730741657316685, 0.017220456153154373, -0.013479947112500668, 0.00037294812500476837, 0.0198458693921566, -0.02879486046731472, -0.010692209005355835, 0.0027965595945715904, -0.002976527437567711, 0.013063550926744938, 0.004326286725699902, -0.009788841009140015, 0.007551593240350485, -0.003301175544038415, -0.007685686927288771, 0.006104792468249798, -0.014623272232711315, -0.01169438287615776, 0.0035605409648269415, -0.015216107480227947, -0.012802421115338802, 0.001958474051207304, -0.0021949023939669132, -0.003920476883649826, 0.0062812319956719875, -0.005300230346620083, -0.01894250139594078, -0.03125089406967163, 0.016909923404455185, 0.014933804981410503, 0.03582419455051422, -0.007812723517417908, 0.224148228764534, 0.0008270582766272128, -0.012647154740989208, 0.020946849137544632, -0.008356155827641487, 0.010332273319363594, 0.029161853715777397, 0.009090142324566841, -0.02221721038222313, 0.036304108798503876, 0.010776899755001068, -0.0025971834547817707, -0.017474528402090073, -0.008970163762569427, 0.010332273319363594, -0.0037934405263513327, -0.04333344101905823, -0.006161253433674574, 0.003881660057231784, -0.0009210120770148933, 0.0019884686917066574, 0.012033145874738693, -0.036162957549095154, -0.010120546445250511, 0.03780031204223633, 0.018448472023010254, 0.029415925964713097, 0.005017927847802639, 0.0037228649016469717, 0.006125965155661106, -0.020339898765087128, -0.010106431320309639, 0.0057872021570801735, 0.00036478781839832664, -0.006701156962662935, -0.004530956037342548, 0.00701874727383256, -0.007975047454237938, 0.016133591532707214, 0.016825232654809952, 0.011179180815815926, 0.004107502289116383, -0.009577114135026932, -0.018900156021118164, -0.023868680000305176, -0.0009104257333092391, 0.004358045756816864, -0.0026571727357804775, 0.006934056524187326, 0.009810013696551323, -0.020509280264377594, -0.02261243388056755, 0.03280355781316757, 0.0174604132771492, 0.00860317051410675, -0.017107535153627396, -0.002311352174729109, -0.020325783640146255, -0.042740605771541595, 0.03960704803466797, -0.031137971207499504, 0.024165097624063492, -0.016726426780223846, 0.009675920009613037, 0.002992406953126192, 0.01542783435434103, -0.009196005761623383, -0.012978860177099705, 0.011602634564042091, -0.015216107480227947, -0.008560825139284134, -0.016895808279514313, 0.02872428484261036, 0.016825232654809952, -0.030036991462111473, 0.004555657505989075, 0.00393106322735548, 0.0028936010785400867, 0.03206957131624222, 0.02145499363541603, -0.015865404158830643, -0.0028142035007476807, -0.013995149172842503, -0.013063550926744938, -0.016190052032470703, -0.015752483159303665, 0.0281455647200346, -0.008236177265644073, -0.0004080154176335782, 0.013056493364274502, 0.004400391131639481, 0.005176723003387451, -0.02924654446542263, 0.004439207725226879, -0.004121617414057255, 0.012442485429346561, 0.00020257414143998176, 0.02234424650669098, 0.0032764740753918886, -0.0049791112542152405, -0.034751445055007935, 0.05290349945425987, -0.01740395277738571, 0.00795387476682663, -0.0036170014645904303, 0.0050532156601548195, -0.023416996002197266, -0.00869491882622242, 0.00645767105743289, -0.02132795751094818, 0.007188128773123026, -0.015752483159303665, 0.009675920009613037, -0.008701976388692856, -0.0064964876510202885, -0.022047828882932663, 0.005257884971797466, 0.0010392263066023588, 0.001460033468902111, 0.013437601737678051, 0.009026624262332916, -0.034243300557136536, 0.017545104026794434, 0.0012844766024500132, -0.0007578058866783977, 0.0025213146582245827, -0.0012333092745393515, -0.02216074988245964, 0.004290998913347721, -0.03703809529542923, 0.021991368383169174, -0.01643000915646553, 0.00689171114936471, -0.004195721819996834, -0.0043192291632294655, 0.006598822306841612, -0.021723181009292603, -0.05411740019917488, -0.0070822653360664845, 0.010734554380178452, 0.0033435209188610315, 0.004061628133058548, 0.023925140500068665, 0.0104310791939497, 0.0032094272319227457, -0.022824160754680634, -0.006411796901375055, -0.005995400249958038, -0.007756262551993132, -0.008363213390111923, -0.009188948199152946, 0.004043984226882458, 0.019859984517097473, -0.00985235907137394, 0.02029755339026451, -0.004446265287697315, -0.011828476563096046, -0.024786164984107018, -0.004516840912401676, 0.003588771214708686, -0.013550522737205029, 0.00537786353379488, 0.00827852264046669, -0.010325215756893158, -0.01740395277738571, -0.012569521553814411, -0.18327081203460693, 0.020396359264850616, 0.006683513056486845, -0.0022848863154649734, 0.0062035988084971905, 0.013423486612737179, 0.03421507030725479, -0.005621349439024925, -0.018984846770763397, -0.012061376124620438, 0.023106463253498077, 0.0007176660001277924, -0.042542994022369385, -0.013021205551922321, 0.012654212303459644, -0.01572425290942192, 0.004107502289116383, 0.02731277234852314, -0.004841488786041737, 0.013211759738624096, 0.022400707006454468, -0.01207549124956131, 0.015540755353868008, -0.02319115400314331, 0.001308295875787735, 0.007495132740586996, -0.00972532294690609, 0.033537544310092926, -0.003881660057231784, -0.02409452199935913, -0.014453890733420849, 0.01585128903388977, -0.009188948199152946, 0.005988342687487602, 0.013247047550976276, -0.019309494644403458, 0.01333173830062151, 0.017756830900907516, -0.0035428970586508512, 0.008038565516471863, 0.011270929127931595, 0.008786667138338089, -0.007735089864581823, 0.016317088156938553, 0.016895808279514313, 0.006013044156134129, 0.0013453480787575245, -0.00010194871720159426, 0.010833360254764557, 0.005875421687960625, 0.017855636775493622, -0.03509020805358887, -0.010939223691821098, -0.011285044252872467, 0.023346420377492905, 0.008864300325512886, 0.01571013778448105, 0.017926212400197983, -0.030234603211283684, 0.005921295844018459, 0.012738903053104877, -0.020848043262958527, 0.008744321763515472, -0.009767668321728706, 0.0013435836881399155, -0.026183562353253365, -0.02138441801071167, -0.0021260911598801613, -0.025562496855854988, 0.0017114592483267188, -0.010473424568772316, 0.0061859549023211, 0.01590774953365326, -0.0179685577750206, 0.019210688769817352, 0.023529917001724243, -0.02519550360739231, 0.011348562315106392, 0.0014159237034618855, 0.0016726426547393203, -0.005437852814793587, 0.042288921773433685, -0.01997290551662445, 0.021807871758937836, -0.021610260009765625, 0.023854564875364304, -0.000899839389603585, 0.0002143735036952421, 0.0012527175713330507, 0.0017555690137669444, 0.022951196879148483, -0.013225874863564968, -0.020452819764614105, -0.01707930490374565, -0.02537900023162365, 0.007269290741533041, 0.018476702272892, 0.002914773765951395, 0.004495668224990368, -0.0017626265762373805, 0.0011777309700846672, -0.008285580202937126, 0.019097767770290375, 0.011955512687563896, 0.005247298628091812, 0.004439207725226879, 0.01327527780085802, -0.004227480851113796, 0.032888248562812805, -0.012816536240279675, -0.011807303875684738, 0.014877344481647015, 0.0004979993682354689, 0.035005517303943634, 0.003899303963407874, -0.0011371499858796597, -0.005833076313138008, -0.0014459183439612389, -0.007798607926815748, 0.010515769943594933, 0.021017424762248993, -0.03602180629968643, -0.009810013696551323, -0.002099625300616026, -0.0057166265323758125, -0.004746211692690849, -0.12139009684324265, -0.008574940264225006, 0.012223700061440468, 0.002987113781273365, -0.012026088312268257, 0.004273355007171631, -0.0027101044543087482, 0.013423486612737179, 0.007226945366710424, 0.027101045474410057, -0.0182226300239563, -0.010494597256183624, -0.009781783446669579, -0.01169438287615776, 0.004728567786514759, -0.028329061344265938, 0.005113204941153526, -0.0003354548243805766, -0.022880621254444122, 0.021864332258701324, 0.0020731594413518906, -0.02704458497464657, 0.003973408602178097, -0.026889318600296974, -0.015794828534126282, -0.007586881052702665, -0.017022844403982162, -0.008850185200572014, 0.012901226989924908, -0.012922399677336216, 0.0038393146824091673, -0.023431111127138138, 0.02293708175420761, -0.013959861360490322, -0.030093451961874962, -0.01731926202774048, -0.043841585516929626, 0.006750559899955988, 0.003934592008590698, 0.00010073569865198806, 0.014637387357652187, -0.009584171697497368, 0.002780680079013109, -0.020198747515678406, 0.02899247221648693, 0.004065156914293766, -0.010960396379232407, 0.04251476377248764, -0.004301585257053375, -0.013254105113446712, -0.028173794969916344, 0.016147706657648087, -0.027016354724764824, -0.003142380388453603, 0.005519014783203602, 0.006193012464791536, 0.01477853860706091, 0.0011045087594538927, -0.007255175616592169, 0.03461029380559921, 0.007848011329770088, -0.00030193140264600515, -0.029924070462584496, 0.01997290551662445, 0.02254185825586319, 0.017022844403982162, -0.017813291400671005, -0.009753553196787834, -0.01246365811675787, 0.008701976388692856, -0.0067152720876038074, 0.03034752421081066, -0.014115127734839916, -0.0013603453990072012, -0.043192289769649506, 0.005441381596028805, 0.0006537068402394652, -0.02506846748292446, 0.025110812857747078, -0.031025050207972527, -0.014468005858361721, 0.001953180879354477, -0.024899085983633995, -0.020904503762722015, -0.02693166397511959, 0.011863764375448227, -0.003151202341541648, -0.010798072442412376, 0.007124610710889101, -0.04186546802520752, -0.0018984846537932754, 0.010184064507484436, 0.006951700430363417, 0.003465263871476054, -0.03596534579992294, 0.009393617510795593, -0.0020890389569103718, -0.002323702909052372, 0.009894704446196556, -0.025858914479613304, -0.028752515092492104, -0.0024383882991969585, -0.03483613580465317, 0.02467324398458004, 0.0028671352192759514, -0.03376338630914688, -0.013479947112500668, -0.004580358974635601, 0.015046725980937481, -0.033989228308200836, 0.011673210188746452, 0.0314202755689621, -0.005194366909563541, 0.014496236108243465, -0.021949023008346558, 0.004290998913347721, 0.0014370963908731937, -0.006849365774542093, 0.006397681776434183, -0.007967989891767502, 0.02705870009958744, 0.004933237098157406, -0.0032729452941566706, -0.02067866176366806, 0.03452560305595398, -0.003087684279307723, -0.017347492277622223, 0.03091212920844555, -0.019365955144166946, 0.026691706851124763, -0.028258485719561577, -0.029161853715777397, 0.029472386464476585, -0.02429213374853134, -0.018984846770763397, 0.014693847857415676, -0.02518138848245144, -0.009259523823857307, 0.010946281254291534, 0.026974009349942207, 0.003371751168742776, -0.018194399774074554, -0.012675384990870953, -0.0034352692309767008, 0.0066482252441346645, 0.001801443169824779, 0.0020590443164110184, 0.009485365822911263, -0.03935297578573227, 0.0010383441112935543, -0.012971802614629269, -0.018829580396413803, 0.0018878983100876212, 0.0017264565685763955, -0.00701874727383256, -0.01398103404790163, -0.03277532756328583, -0.03689694404602051, -0.005628407001495361, -0.025167273357510567, 0.01129915937781334, -0.0029553547501564026, 0.06159841641783714, -0.02396748587489128, 0.008807839825749397, -0.007840953767299652, 0.007678629364818335, 0.010713381692767143, 0.015117301605641842, -0.0007772142416797578, 0.020890388637781143, -0.028696054592728615, -0.019111882895231247, 0.008885473012924194, 0.007138725835829973, 0.0006995809962972999, 0.03381984680891037, 0.012343679554760456, 0.009951164945960045, -0.020071711391210556, -0.022951196879148483, 0.025985950604081154, 0.01957768201828003, -0.03446914255619049, -0.028427867218852043, -0.0034264472778886557, 0.011235641315579414, 0.0089842788875103, -0.016147706657648087, 0.00013905606465414166, -0.004562715068459511, -0.0006590000120922923, -0.03181549906730652, 0.0028618420474231243, -0.010579288005828857, 0.019351840019226074, 0.006750559899955988, -0.011722613126039505, -0.02125738188624382, 0.01738983765244484, -0.009647689759731293, 0.029331235215067863, 0.01628885790705681, 0.011652037501335144, 0.0024242731742560863, -0.02660701610147953, -0.03813907504081726, 0.021694950759410858, -0.03195665031671524, -0.03190018981695175, -0.0007714799721725285, 0.03286001831293106, 0.011736728250980377, -0.0013127068523317575, 0.014877344481647015, 0.02216074988245964, -0.01906953752040863, 0.002676581032574177, -0.004283941350877285, -0.0010789250954985619, -0.029585307464003563, -0.000706638558767736, 0.028441982343792915, -0.004619175568223, -0.0010180536191910505, -0.009873531758785248, 0.003673461964353919, 0.013585810549557209, 0.009337157011032104, -0.01204020343720913, 0.015201992355287075, 0.028936011716723442, 0.030121682211756706, 0.00658470718190074, 0.006387095432728529, -0.04155493527650833, -0.012400140054523945, -0.027538614347577095, 0.01129915937781334, 0.026974009349942207, -0.015611330978572369, 0.07130962610244751, 0.011800246313214302, -0.025012006983160973, 0.004336873069405556, -0.003539368277415633, 0.023727528750896454, 0.015823058784008026, 0.014256278984248638, -0.024306248873472214, -0.014496236108243465, 0.03799792379140854, 0.005247298628091812, -0.0013162356335669756, -0.029867609962821007, -0.0013109424617141485, -0.0013347617350518703, -0.010967453941702843, 0.006630581337958574, 0.009210120886564255, -0.004668578505516052, 0.005998929031193256, 0.004972053691744804, 0.010565172880887985, -0.009301869198679924, -0.005434324033558369, 0.01129915937781334, 0.010586345568299294, -0.010833360254764557, -0.02635294385254383, -0.01033933088183403, 0.0012871231883764267, 0.01798267289996147, -0.028187910094857216, -0.02480028010904789, -0.026169447228312492, 0.004379218444228172, -0.018406126648187637, -0.004919121973216534, 0.004266297444701195, -0.004890891723334789, 0.01117212325334549, 0.017672140151262283, -0.015441949479281902, -0.017799176275730133, 0.004132203757762909, -0.015441949479281902, 0.0053461045026779175, -0.008589055389165878, -0.019549451768398285]"
19121,"Mongo-go-driver nested query golang<p>I used to have two filters to get data from my mongoDB, however I do not think that it is efficient considering it has to do two queries to the DB.</p>
<pre><code>
    filter = bson.M{
        &quot;$and&quot;: []bson.M{
            {&quot;partnerA.id&quot;: id},
            {&quot;unlocked&quot;: false},
            {&quot;deletedAt&quot;: nil},
        },
    }
</code></pre>
<pre><code>
    filter = bson.M{
        &quot;$and&quot;: []bson.M{
            {&quot;partnerB.id&quot;: id},
            {&quot;unlocked&quot;: false},
            {&quot;deletedAt&quot;: nil},
        },
    }
</code></pre>
<p>I tried to combine them using <a href=""https://stackoverflow.com/questions/60969262/mongo-go-driver-nested-or-and-query-filter"">this</a> solution I found and came out with this filter:</p>
<pre><code>    filter := bson.M{
        &quot;$and&quot;: []bson.M{
            {&quot;partnerA.id&quot;: id},
            {&quot;unlocked&quot;: false},
            {&quot;deletedAt&quot;: nil},
        },
        &quot;$or&quot;: bson.A{
            bson.M{&quot;$and&quot;: []bson.M{
                {&quot;partnerB.id&quot;: id},
                {&quot;unlocked&quot;: false},
                {&quot;deletedAt&quot;: nil},
            }},
        },
    }
</code></pre>
<p>However it does not work and I can't find the solution for it. Does anyone see the problem for this?</p>
<p>Thank you.</p>
",That doesn't work but for some reason this does: .reveal section img.red {,"Embed Field: Mongo-go-driver nested query golang<p>I used to have two filters to get data from my mongoDB, however I do not think that it is efficient considering it has to do two queries to the DB.</p>
<pre><code>
    filter = bson.M{
        &quot;$and&quot;: []bson.M{
            {&quot;partnerA.id&quot;: id},
            {&quot;unlocked&quot;: false},
            {&quot;deletedAt&quot;: nil},
        },
    }
</code></pre>
<pre><code>
    filter = bson.M{
        &quot;$and&quot;: []bson.M{
            {&quot;partnerB.id&quot;: id},
            {&quot;unlocked&quot;: false},
            {&quot;deletedAt&quot;: nil},
        },
    }
</code></pre>
<p>I tried to combine them using <a href=""https://stackoverflow.com/questions/60969262/mongo-go-driver-nested-or-and-query-filter"">this</a> solution I found and came out with this filter:</p>
<pre><code>    filter := bson.M{
        &quot;$and&quot;: []bson.M{
            {&quot;partnerA.id&quot;: id},
            {&quot;unlocked&quot;: false},
            {&quot;deletedAt&quot;: nil},
        },
        &quot;$or&quot;: bson.A{
            bson.M{&quot;$and&quot;: []bson.M{
                {&quot;partnerB.id&quot;: id},
                {&quot;unlocked&quot;: false},
                {&quot;deletedAt&quot;: nil},
            }},
        },
    }
</code></pre>
<p>However it does not work and I can't find the solution for it. Does anyone see the problem for this?</p>
<p>Thank you.</p>; Answer: That doesn't work but for some reason this does: .reveal section img.red {","[-0.018920937553048134, 0.02905462309718132, 0.02002643048763275, 0.009956522844731808, -0.012132076546549797, 0.03449704870581627, -0.005846356973052025, -0.03730330243706703, -0.028615260496735573, -0.029253045096993446, -0.0010798043804243207, 0.022690951824188232, -0.01114705391228199, -0.018141422420740128, 0.011550984345376492, -0.0010718321427702904, -0.008121121674776077, -0.01695089228451252, -0.022166552022099495, -0.0028328257612884045, 0.0003434734826441854, 0.02804834023118019, -0.013811575248837471, -0.042037077248096466, -0.008907722309231758, -0.009403776377439499, 0.024646824225783348, -0.01628476195037365, -0.02405155822634697, 0.00847544614225626, 0.03959932550787926, -0.003155261278152466, -0.043794527649879456, -0.025015322491526604, -0.027694016695022583, -0.013627327047288418, 0.004606220871210098, 0.007036888040602207, 0.006902244407683611, 0.027438903227448463, 0.03316478803753853, -0.0233712550252676, 0.0023048820439726114, -0.013676932081580162, -0.015051712282001972, 0.02690032869577408, 0.012954110279679298, -0.022662606090307236, -0.02947981283068657, 0.007132555823773146, 0.01102658361196518, 0.019672105088829994, -0.043879568576812744, 0.01089194044470787, -0.024278325960040092, -0.007901440374553204, 0.016809161752462387, 0.04285911098122597, -0.014640695415437222, -0.0040534744039177895, 0.029012104496359825, 0.021330345422029495, -0.0011648423969745636, -1.0768148058559746e-05, -0.024519266560673714, -0.021330345422029495, 0.004673542454838753, -0.005300696939229965, -0.012925763614475727, -0.004329847637563944, 0.021755535155534744, 0.0026432620361447334, -0.01928943581879139, 0.00671799574047327, 0.01685168221592903, -0.02219489775598049, -0.008652608841657639, -0.003947176970541477, 0.009375430643558502, 0.006384930573403835, 0.01276986114680767, -0.021273653954267502, -0.008496705442667007, 0.04583543911576271, 0.01185570377856493, 0.013124185614287853, 0.021514594554901123, 0.032427795231342316, -0.008716386742889881, 0.009871485643088818, -0.02748142182826996, 0.018084730952978134, 0.012613958679139614, -0.01703592948615551, -0.0013774371473118663, 0.02369723469018936, -0.012025779113173485, 0.032597869634628296, -0.022903546690940857, 0.0008428497822023928, -0.054395925253629684, 0.013180878013372421, 0.008631348609924316, -0.00835497584193945, -0.02229410782456398, 0.010828161612153053, -0.002366888802498579, -0.034270282834768295, 0.012592698447406292, -0.0029497528448700905, 0.007093579974025488, 0.006710909307003021, 0.023980693891644478, -0.009751015342772007, 0.004811728838831186, -0.005704627372324467, 0.015349344350397587, -0.02229410782456398, -0.015037539415061474, -0.00496763177216053, -0.0076392400078475475, 0.0022907089442014694, 0.0242216344922781, -0.025157051160931587, 0.011395081877708435, -0.004131425637751818, -0.028516050428152084, -0.027779053896665573, 0.023683061823248863, -0.02060752362012863, 0.04606220871210098, 0.051136136054992676, 0.002671608002856374, 0.026985367760062218, -0.015916263684630394, 0.015420209616422653, -0.019303608685731888, -0.017390254884958267, -0.02245001122355461, -0.01156515721231699, 0.005736516322940588, 0.02521374449133873, -0.010863594710826874, -0.013230483047664165, -0.049718838185071945, 0.01710679568350315, -0.009708495810627937, -0.002903690794482827, 0.024731861427426338, -0.022024821490049362, -0.0011400396469980478, 0.005403451155871153, -0.016228070482611656, 0.017503637820482254, 0.00875890627503395, 0.008999846875667572, -0.02697119303047657, 0.008787252008914948, 0.006937677040696144, -0.012819466181099415, -0.002868258161470294, 0.02246418409049511, -0.0062750899232923985, -0.012635217979550362, 0.012167509645223618, 0.03316478803753853, 0.03146402910351753, -0.008510878309607506, -0.010332107543945312, -0.012670650146901608, 0.002140121068805456, 0.023073622956871986, -0.028090860694646835, 0.014569830149412155, 0.01131713017821312, 0.006902244407683611, 0.004691258538514376, 0.020890982821583748, -0.011139967478811741, -0.0028540852945297956, -0.005169596988707781, 0.012472228147089481, 0.00565856508910656, 0.018311498686671257, 0.0019983912352472544, -0.026829464361071587, -0.013273002579808235, 0.005006607621908188, 0.00020561904239002615, -0.008425841107964516, 0.003279274795204401, 0.01662491448223591, 0.009297478944063187, 0.013889526948332787, -0.5641982555389404, -0.01248640101402998, -0.0024271239526569843, -0.03214433416724205, 0.004152684938162565, -0.013039147481322289, -0.0004333833639975637, 0.03614111617207527, -0.00822741910815239, 0.019176051020622253, -0.015916263684630394, 0.018056385219097137, -0.020650042220950127, 0.002039138460531831, 0.0018371734768152237, -0.007217593491077423, 0.015207614749670029, -0.01988469995558262, -0.0029816420283168554, 0.023512985557317734, -0.03483720123767853, 0.012713168747723103, 0.011898222379386425, -0.019190223887562752, -0.018566612154245377, -0.0022783076856285334, -0.012507661245763302, -0.0006382273277267814, 0.032597869634628296, 0.028997931629419327, -0.05226997658610344, 0.021061059087514877, 0.020479965955018997, -0.005849900189787149, 0.053318776190280914, -0.02687198296189308, -0.009042365476489067, 0.0005779921193607152, -0.003968436270952225, 0.04351107031106949, -0.011586416512727737, -0.03750172257423401, 0.0058428137563169, -0.03526239097118378, 0.0017326476518064737, -0.008574657142162323, 0.011480119079351425, 0.013492683880031109, 0.008106948807835579, -0.01720600575208664, -0.00048276735469698906, 0.03548916056752205, -0.001128524076193571, 0.015462728217244148, 0.012571439146995544, -0.02872864343225956, 0.031208917498588562, -0.04025128111243248, 0.012323412112891674, -0.014881636016070843, 0.010799815878272057, -0.0058038379065692425, -0.043284300714731216, 0.0015599143225699663, -0.033448249101638794, 0.020309889689087868, -0.013287175446748734, 0.023172833025455475, 0.01787213608622551, -0.0005297153838910162, 0.021174442023038864, 0.010076994076371193, -0.004560158587992191, 0.023016931489109993, 0.0020302804186940193, 0.02905462309718132, 0.021925611421465874, 0.023427946493029594, -0.009297478944063187, 0.00830536987632513, 0.007210507057607174, -0.0021472075022757053, -0.01945951022207737, 0.0038125335704535246, -0.008971500210464, -0.020423274487257004, -0.0625879094004631, -0.012861985713243484, 0.03208764269948006, -0.03197425976395607, 0.011118708178400993, 0.03449704870581627, 0.008255764842033386, -0.005300696939229965, 0.016327280551195145, -0.00436527980491519, -0.007653412874788046, 0.016157204285264015, 0.03373171016573906, -0.030358538031578064, -0.03146402910351753, -0.01894928328692913, 0.016922546550631523, -0.009651804342865944, 0.009297478944063187, 0.004290871787816286, -0.023002756759524345, -0.009247873909771442, -0.0018460315186530352, -0.024150770157575607, -0.01686585508286953, 0.007625067140907049, -0.009191181510686874, 0.008921895176172256, -0.002281850902363658, -0.024930283427238464, 0.01862330548465252, -0.004907396622002125, 0.0018043983727693558, -0.0067002796567976475, 0.013521029613912106, 0.0035432467702776194, 0.0037841873709112406, -0.02973492629826069, 0.024505093693733215, 0.012302152812480927, 0.011232092045247555, -0.002802708186209202, 0.0009593340218998492, -0.003922373987734318, 0.01303206104785204, -0.0022729928605258465, 0.036849766969680786, -0.002756645902991295, 0.0070794071070849895, 0.001591803622432053, 0.020933501422405243, -0.003483011620119214, -0.001466904184781015, -0.022492529824376106, 0.008737646043300629, 0.0038515091873705387, 0.03767180070281029, -0.008149467408657074, 0.00017162601579912007, 0.004397169221192598, -0.0634949803352356, -0.005268807988613844, -0.031208917498588562, -0.01549107488244772, 0.001264939084649086, -0.009318739175796509, -0.01369819138199091, 0.0037912740372121334, 0.006682563107460737, -0.006650674156844616, 0.008737646043300629, -0.01994139328598976, -0.007341607008129358, -0.01156515721231699, 0.002271221252158284, 0.029933348298072815, -0.042037077248096466, -0.03767180070281029, -0.022733470425009727, -0.03526239097118378, 0.002308425260707736, 0.027608977630734444, 0.005003064405173063, -0.013223396614193916, 0.022180724889039993, -0.019615413621068, -0.019672105088829994, -0.023895656690001488, -0.0027601891197264194, -0.02246418409049511, -0.03472381830215454, -0.007153815124183893, 0.016823334619402885, 7.76746092014946e-05, 0.005860529839992523, -0.012989542447030544, 0.014853290282189846, -0.017149314284324646, 0.021061059087514877, 0.003226126078516245, 0.020253198221325874, 0.007575461640954018, -0.0233712550252676, 0.009722668677568436, 0.009006933309137821, 0.017730407416820526, 0.0025865701027214527, -0.0010213408386334777, -0.008780165575444698, 0.018892591819167137, 0.00993526354432106, 0.022747643291950226, -0.013273002579808235, 0.017262697219848633, -0.002106460276991129, 0.00830536987632513, 0.0071998774074018, -0.01785796321928501, 0.004822358954697847, -0.008418753743171692, -0.0131454449146986, -0.01047383714467287, 0.01264939084649086, 0.0015944610349833965, 0.0450984425842762, -0.032852984964847565, 0.0010638597887009382, -0.0032952195033431053, 0.006501857656985521, 0.03608442470431328, -0.007731364108622074, 0.010665172711014748, 5.741167115047574e-05, 0.00451055308803916, -0.020409101620316505, 0.0016919003101065755, -0.0034599804785102606, -0.010317934677004814, -0.01771623268723488, -0.005403451155871153, -0.006966023240238428, 0.017744580283761024, 0.017092622816562653, -0.008106948807835579, 0.0037593848537653685, 0.0384087935090065, 0.018396537750959396, 0.010721864178776741, 0.02021067962050438, 0.0020958303939551115, 0.014449359849095345, 0.008078602142632008, 0.0367647260427475, -0.02304527722299099, -0.014895808883011341, 0.047139354050159454, 0.02036658301949501, -0.004974718205630779, 0.048131462186574936, -0.007880181074142456, 0.03512066230177879, 0.04336933791637421, -0.01361315418034792, 0.037104878574609756, -0.017007583752274513, 0.005825097672641277, -0.006668390240520239, -0.008539224974811077, 0.015037539415061474, -0.02378227189183235, 0.013017888180911541, 0.018183942884206772, 0.005849900189787149, 0.0067994906567037106, 0.02405155822634697, -0.011366735212504864, 0.006282176356762648, -0.011791924946010113, 0.03163410723209381, 0.003709779353812337, -0.007724277675151825, -0.034780509769916534, -0.010962805710732937, -0.0011161227012053132, 0.021854745224118233, -0.043454378843307495, -0.005601873155683279, -0.041696928441524506, 0.002524563344195485, 0.009828966110944748, -0.01869416981935501, 0.0067817741073668, 0.03897571563720703, 0.007873094640672207, -0.018509920686483383, -0.008928981609642506, 0.018779207020998, 0.015023365616798401, -0.00888646300882101, -0.019020147621631622, -0.0042873285710811615, -0.00042297507752664387, -0.004234179854393005, 0.024179115891456604, 0.011912395246326923, 0.012266719713807106, 0.009056538343429565, -0.0008990988717414439, -0.03390178456902504, 0.017418600618839264, 0.031605761498212814, 0.004400712437927723, 0.017730407416820526, -0.005095188971608877, -0.0076108938083052635, 0.031690798699855804, -0.038607217371463776, -0.010303761810064316, 0.04461656138300896, -0.026078294962644577, 0.005516835022717714, -0.02381061762571335, 0.003943633753806353, 0.003986152354627848, 0.005474315956234932, 0.003816076787188649, -0.0024483834858983755, -0.003063136711716652, 0.0009947664802893996, -0.011430514045059681, -0.015335171483457088, -0.004790469538420439, 0.008503791876137257, -0.0061829653568565845, -0.0013296033721417189, -0.04943537712097168, -0.0026042864192277193, -0.004220006987452507, 0.043539416044950485, 0.021004365757107735, -0.008014824241399765, -0.0016068624099716544, -0.00215075071901083, 0.017886308953166008, -0.025596413761377335, -0.029451467096805573, 0.013932046480476856, -0.010197464376688004, 0.00985731277614832, 0.0015094231348484755, 0.006987282540649176, -0.02580900862812996, 0.016752470284700394, -0.005584156606346369, -0.023342909291386604, -0.027651498094201088, -0.02055083028972149, -0.008985674008727074, 0.01727687008678913, -0.019303608685731888, -0.001668869168497622, 0.03038688376545906, 0.009864399209618568, -0.014017083682119846, 0.0166957788169384, 0.007100666407495737, 0.001987761352211237, -0.05025741085410118, -0.004524725954979658, 0.017390254884958267, 0.026149161159992218, 0.0066719334572553635, -0.020479965955018997, 0.028785336762666702, 0.03115222416818142, -0.005187313072383404, 0.0367363803088665, 0.010282501578330994, 0.0014491878682747483, 0.032852984964847565, 0.018141422420740128, 0.0007396527216769755, -0.004379453137516975, -0.013074580579996109, -0.03333486616611481, 0.017645368352532387, -0.0011701572220772505, 0.014640695415437222, 0.006434536073356867, -0.009120317175984383, 0.001388952718116343, -0.01729104481637478, 0.005421167239546776, -0.0010213408386334777, -0.012316325679421425, -0.00968723651021719, -0.0009070711676031351, -0.02888454683125019, 0.010615566745400429, -0.02313031442463398, 0.021571286022663116, 0.01127461064606905, -0.004138512071222067, -0.03931586444377899, -0.025001149624586105, -0.020352408289909363, -0.020224852487444878, 0.00025312069919891655, -0.005591243505477905, -0.01186279021203518, -0.019246915355324745, -0.0007741994340904057, 0.026517657563090324, 0.030783727765083313, 0.007731364108622074, 0.020083121955394745, 0.017390254884958267, -0.01005573384463787, -0.02171301655471325, -0.03622615337371826, 0.004308587871491909, -0.0006444280152209103, -0.012968283146619797, -0.010417145676910877, 0.004705431405454874, 0.0029692407697439194, -0.0225350484251976, 0.04382287710905075, 0.020664215087890625, 0.0036601738538593054, 0.010211637243628502, 0.008106948807835579, 0.02222324348986149, 0.0384087935090065, 0.008411667309701443, 0.014484792947769165, 0.004283785354346037, -0.018580785021185875, 0.019927220419049263, 0.005910135339945555, -0.051561325788497925, -0.006335325073450804, 0.010013215243816376, 0.022733470425009727, 0.019742971286177635, -0.0019186680437996984, -0.025610586628317833, 0.015391863882541656, -0.0009380745468661189, -0.009410862810909748, 0.0030613651033490896, 0.012536006979644299, 0.01937447302043438, 0.011217919178307056, -0.008156553842127323, 0.014435186982154846, 0.00018136993458028883, -0.0325695239007473, 0.011799011379480362, 0.011827357113361359, 0.04798973351716995, 0.015590285882353783, -0.029905002564191818, -0.003006444778293371, -0.028601087629795074, -0.02019650675356388, -0.019346127286553383, 0.004280242137610912, -0.028686124831438065, 0.01995556615293026, 0.006030606105923653, -0.008822684176266193, -0.037359993904829025, -0.021146096289157867, -0.01913353241980076, 0.022421665489673615, -0.023853136226534843, -0.00040393011295236647, 0.02079177089035511, -0.016766643151640892, 0.016922546550631523, -0.00611564377322793, 0.0027991649694740772, -0.025780662894248962, -0.024930283427238464, 0.015037539415061474, 0.008560484275221825, 0.02021067962050438, -0.0022924805525690317, 0.009864399209618568, 0.025993257761001587, -0.0029745555948466063, -0.03038688376545906, -0.03557419776916504, -0.016228070482611656, 0.02478855475783348, 0.013804488815367222, 0.01602964848279953, 0.037870220839977264, 0.0047302343882620335, 0.0029072340112179518, 0.006820749957114458, 0.0008171612862497568, 0.010197464376688004, 0.00044179856195114553, 0.008992760442197323, -0.012117903679609299, 0.011062015779316425, 0.018396537750959396, 0.004836531821638346, 0.014463532716035843, 0.009538420476019382, -0.00484007503837347, 0.023059450089931488, -0.02872864343225956, 0.013776143081486225, -0.01953037641942501, -0.031690798699855804, 0.002177325077354908, 0.03446870297193527, -0.017900481820106506, -0.016483183950185776, -0.03208764269948006, -0.006923504173755646, -0.003514900803565979, -0.003038333961740136, 0.021769708022475243, 0.002783220261335373, 0.014435186982154846, -0.017574504017829895, 0.014180073514580727, -0.020309889689087868, 0.011359648779034615, 0.0005381305818445981, 0.0006665732944384217, -0.011791924946010113, -0.0271270964294672, 0.01114705391228199, 0.004205833654850721, 0.020933501422405243, 0.04753619804978371, -0.011742319911718369, -0.010190377943217754, 0.006569179240614176, 0.004085363354533911, -0.01318796444684267, 0.027750708162784576, -0.03157741576433182, -0.00875890627503395, -0.019898872822523117, -0.025100359693169594, 0.008716386742889881, 0.00875890627503395, -0.00036251841811463237, -0.014024170115590096, 0.015561939217150211, -0.01302497461438179, -0.025341300293803215, -0.0014775338349863887, -0.002308425260707736, 0.0467425100505352, -0.007114839274436235, 0.016993410885334015, 0.03523404523730278, -0.03480885550379753, -0.013889526948332787, 0.025497203692793846, 0.026957020163536072, 0.0025210201274603605, 0.025256263092160225, 0.058392707258462906, -0.015519420616328716, -0.03682142123579979, 0.00780931580811739, -0.029253045096993446, 0.006416819989681244, -0.025185396894812584, 0.03608442470431328, 0.020068949088454247, -0.005463686306029558, -0.012316325679421425, -0.01628476195037365, -0.023938175290822983, 0.010643913410604, -0.01568949595093727, 0.014165900647640228, -0.009772274643182755, -0.006827836390584707, -0.023739753291010857, -0.0025121618527919054, -0.0024359822273254395, 0.044049642980098724, -0.007047517690807581, 0.016639087349176407, -0.022435838356614113, -0.0012224201345816255, 0.04076151177287102, 0.013818662613630295, 0.022648433223366737, 0.026106642559170723, -0.021656323224306107, -0.007724277675151825, 0.007547115441411734, 0.009155749343335629, 0.006221941206604242, -0.011749406345188618, -0.002868258161470294, 0.03718991577625275, -0.02321535162627697, 0.008971500210464, -0.012734428979456425, -0.0015457413392141461, 0.023824790492653847, -0.008836857043206692, -0.03163410723209381, -0.015930436551570892, -0.008751818910241127, 0.011550984345376492, 0.053403813391923904, 0.0020320520270615816, -0.018920937553048134, -0.017163487151265144, -0.0019665018189698458, 0.008284110575914383, 0.003188922069966793, -0.018736688420176506, -0.007710104808211327, -0.03047192096710205, -0.01331552118062973, -0.01493832841515541, -0.019913045689463615, 0.012252546846866608, -0.0034847832284867764, -0.018892591819167137, 0.01568949595093727, 0.03497892990708351, -0.0007458534091711044, -0.001890322077088058, -0.007851834408938885, -0.03191756457090378, -0.04025128111243248, 0.0030666799284517765, -0.014598176814615726, -0.03554585203528404, -0.008964413776993752, -0.016582394018769264, -0.01360606774687767, -0.02553972229361534, -0.002698182361200452, -0.01318796444684267, -0.022265762090682983, -0.020890982821583748, 0.00017915540956892073, -0.013421818614006042, 0.013485596515238285, -0.028657779097557068, -0.0078022293746471405, 0.05065425485372543, 0.0009301022510044277, 0.012713168747723103, 0.024009039625525475, -0.027027886360883713, -0.006703822873532772, -0.005254634656012058, 0.03563088923692703, -0.02262008748948574, -0.03883398324251175, -0.0019523289520293474, -0.017574504017829895, 0.021557113155722618, 0.0002613144461065531, -0.01602964848279953, -0.03631119057536125, -0.005052669905126095, -0.01896345615386963, 0.005708170589059591, 0.03013177029788494, 0.011239178478717804, 0.029508158564567566, 0.002228702185675502, 0.0262908898293972, -0.009106144309043884, -0.025412164628505707, -0.019686277955770493, -0.02673025242984295, -0.00956676620990038, -0.018311498686671257, -0.030075078830122948, -0.014017083682119846, 0.0592997781932354, 0.026659388095140457, 0.003483011620119214, -0.012734428979456425, 0.002561767352744937, -0.0325695239007473, 0.002737157978117466, 0.0008716387092135847, 0.016554048284888268, 0.033193133771419525, 0.021075231954455376, -0.02364054135978222, 0.039712708443403244, 0.015476902015507221, 0.020593350753188133, -0.006973109673708677, 0.010736037977039814, 0.013676932081580162, 0.0036353711038827896, 0.03633954003453255, -0.026361756026744843, -0.032427795231342316, -0.025015322491526604, 0.012869072146713734, -0.006827836390584707, 0.01802803948521614, 0.013535202480852604, -0.0350356251001358, -0.031095532700419426, -0.0067888605408370495, -0.005410537589341402, 0.00544951343908906, -0.018850073218345642, -0.004903853405267, -0.011806097812950611, -0.002581255277618766, 0.002804479794576764, 0.002391691552475095, 0.01252892054617405, 0.020097294822335243, 0.0015953468391671777, 0.009914004243910313, 0.02596491202712059, -0.0048010991886258125, 0.03299471363425255, -0.01332260761409998, -0.02664521522819996, 0.03988278657197952, 0.006090841256082058, 0.028671951964497566, 0.05793917179107666, 0.012132076546549797, 0.011295870877802372, 0.004294415004551411, 0.01047383714467287, -0.01988469995558262, -0.01653987541794777, -0.009828966110944748, 0.0013606067514047027, 0.00651603052392602, -0.01627058908343315, 0.012302152812480927, -0.002503303810954094, 0.00034059458994306624, -0.00951716024428606, -0.011302957311272621, 0.0012295065680518746, 0.0052262889221310616, -0.01568949595093727, -0.015717841684818268, -0.015406036749482155, 0.012295066379010677, 0.014066689647734165, -0.008397494442760944, -0.006749885156750679, -0.005208572838455439, -0.0040251282043755054, 0.020168161019682884, 0.01427219808101654, -0.0016564677935093641, -0.026942847296595573, 0.010020301677286625, 0.020678387954831123, -0.012493487447500229, -0.02287520095705986, 0.20987358689308167, -0.009701409377157688, 0.007823488675057888, 0.027410555630922318, -0.018850073218345642, 0.020253198221325874, 0.006824293173849583, -0.019672105088829994, -0.019728798419237137, 0.0016183779807761312, -0.032512832432985306, -0.0038373360875993967, -0.004499923437833786, -0.010792729444801807, -0.006987282540649176, 0.030698688700795174, -0.03157741576433182, -0.013825749047100544, -0.04770627245306969, -0.03633954003453255, 0.02079177089035511, -0.009028192609548569, -0.01604382134974003, -0.034865546971559525, 0.018254807218909264, -0.02721213549375534, 0.0025653105694800615, 0.016979238018393517, 0.007412472274154425, 0.013776143081486225, -0.00014095478400122374, -0.02103271335363388, -0.006593982223421335, -0.0030755382031202316, -0.004808185622096062, -0.011161226779222488, 0.003986152354627848, -0.006753428373485804, 0.0039365473203361034, 0.03687811270356178, 0.014569830149412155, -0.011083276011049747, 0.03747337684035301, 0.004981805104762316, -0.011203746311366558, -0.023357082158327103, 0.006023519206792116, 0.02053665742278099, 0.02303110435605049, 0.016086339950561523, -0.032427795231342316, 0.02555389516055584, 0.001056773355230689, 0.009361257776618004, -0.011841530911624432, -0.021741362288594246, 0.019828008487820625, -0.0021206331439316273, -0.0007188361487351358, 0.01612885855138302, -0.002124176360666752, 0.020820118486881256, 0.00325801526196301, 0.028204243630170822, 0.01695089228451252, 0.023272044956684113, -0.018509920686483383, -0.0052900672890245914, 0.030585305765271187, 0.017560331150889397, 0.0031853788532316685, -0.01836819015443325, -0.008028997108340263, -0.010920286178588867, -0.010551788844168186, -0.008114035241305828, 0.017829617485404015, 0.017220178619027138, 0.023583849892020226, 0.004797555971890688, -0.021358691155910492, -0.008071515709161758, -0.019842181354761124, 0.009694322943687439, -0.044871676713228226, -0.011891135945916176, -0.004751493688672781, 0.002802708186209202, -0.011416341178119183, -0.005584156606346369, -0.014194246381521225, 0.014555657282471657, -0.001987761352211237, -0.017064277082681656, -0.0058038379065692425, -0.0005416738567873836, -0.004159771837294102, 0.0043829963542521, -0.025355473160743713, 0.0002458127273712307, -0.033930130302906036, 0.039230827242136, 0.01568949595093727, -0.0017627652268856764, -0.005754232872277498, -0.005729429889470339, 0.012018692679703236, 0.02746724896132946, 0.029933348298072815, -0.02789243869483471, 0.02120278775691986, -0.023683061823248863, -0.019842181354761124, -0.013003715313971043, 0.004195204004645348, 0.01945951022207737, 0.0434260331094265, -0.0020037060603499413, -0.021599631756544113, -0.01601547561585903, 0.012047038413584232, -0.03463878110051155, 0.00016276790120173246, -0.012713168747723103, -0.0038054469041526318, -0.01065099984407425, -0.018410710617899895, -0.009162835776805878, 0.0067427982576191425, -0.04575040191411972, 0.029763272032141685, -0.022591741755604744, 0.0024873591028153896, -0.025667279958724976, -0.016639087349176407, 0.005676281172782183, 0.017886308953166008, -0.023853136226534843, -0.017843790352344513, -0.000674545590300113, 0.02395234815776348, 0.011550984345376492, 0.03064199723303318, 0.015406036749482155, 0.019572895020246506, -0.03696314990520477, -0.00020240797311998904, 0.008496705442667007, 0.005750689189881086, -0.008581743575632572, -0.001219762722030282, -0.0032296692952513695, 0.0020958303939551115, -0.012146249413490295, 0.007561288308352232, -0.043284300714731216, -0.017815444618463516, -0.041130006313323975, 0.014626522548496723, 0.006023519206792116, -0.006976652890443802, 0.025950739160180092, 0.03225771710276604, -0.024335019290447235, -0.018183942884206772, -0.006423906423151493, -0.17971347272396088, 0.028175897896289825, 0.03356163203716278, -0.013110012747347355, 0.026092469692230225, 0.018098903819918633, 0.019416991621255875, -0.006136903073638678, -0.035687580704689026, -0.004418428521603346, 0.002744244644418359, -0.015108403749763966, -0.030018385499715805, -0.030443575233221054, -0.010884854011237621, -0.013379300013184547, -0.011898222379386425, 0.012741515412926674, 0.050229065120220184, 0.020763425156474113, 0.06020684912800789, -0.03880563750863075, 0.0015041081933304667, -0.013081667013466358, -0.01306040771305561, 0.028870373964309692, 0.002209214260801673, 0.0023261415772140026, -0.04322760924696922, -0.005187313072383404, -0.00025754974922165275, 0.0011054929345846176, 0.016894200816750526, -0.015561939217150211, 0.018977629020810127, -0.0078022293746471405, -0.012429709546267986, -0.030188461765646935, -0.007582548074424267, -0.00023208266065921634, -0.010395885445177555, 0.000818047090433538, -0.0015634576557204127, 0.013754883781075478, -0.004152684938162565, 0.0263050626963377, 0.0056691947393119335, -0.005616046022623777, 0.00864552240818739, -0.00040548029937781394, 0.023683061823248863, -0.03500727564096451, -0.002014335710555315, 0.021287826821208, 0.00032797176390886307, 0.01601547561585903, 0.0175178125500679, -1.9501698261592537e-05, -0.0258940476924181, -0.01427928451448679, 0.0007768568466417491, -0.01047383714467287, -0.0121037308126688, -0.008702213875949383, -0.01736190915107727, 0.016483183950185776, -0.03741668537259102, 0.00846835970878601, -0.036934804171323776, 0.002055083168670535, -0.020522484555840492, -0.0006373415235430002, 0.026404274627566338, -0.0022481901105493307, 0.02395234815776348, 0.005566440522670746, -0.019388645887374878, -0.0014766480308026075, 0.0011311814887449145, 0.009580939076840878, -0.010806902311742306, 0.027013713493943214, 0.01618555188179016, 0.03965601697564125, -0.0033660843037068844, -0.007012085057795048, -0.005828640889376402, -0.03197425976395607, 0.01703592948615551, 0.005077472422271967, 0.02220907062292099, -0.03801194950938225, -0.00860300287604332, -0.00732743414118886, -0.0060518654063344, -0.006810120306909084, 0.03316478803753853, 0.02220907062292099, 0.014980847015976906, -0.0006346840527839959, 0.007965218275785446, -0.00149259262252599, -0.021826399490237236, 0.010863594710826874, 0.028771163895726204, 0.01679498888552189, 0.023994866758584976, -0.00204622489400208, 0.05992338806390762, 0.028105033561587334, -0.016809161752462387, 0.02011146768927574, -0.0025192485190927982, 0.03030184656381607, -0.009772274643182755, 0.016171377152204514, -0.0012631674762815237, 0.0046133073046803474, 0.015561939217150211, 0.007965218275785446, 0.0642319768667221, -0.0020302804186940193, 0.00943212304264307, -0.013924959115684032, -0.011210832744836807, -0.0048755076713860035, -0.09745346009731293, -0.018594957888126373, 0.01006282027810812, 0.015505247749388218, -0.021259481087327003, -0.01570366881787777, -0.023484639823436737, 0.020309889689087868, -0.020153988152742386, 0.044276412576436996, -0.029905002564191818, -0.01306040771305561, -0.009162835776805878, 0.016908373683691025, 0.0037593848537653685, -0.010374626144766808, -0.01719183288514614, -0.002303110435605049, -0.0007002341444604099, 0.035886000841856, 0.007433731574565172, -0.018467402085661888, 0.018765034154057503, -0.01023289654403925, -0.019898872822523117, -0.009290392510592937, -0.023314563557505608, 0.010849421843886375, 0.021245306357741356, -0.014442273415625095, -0.013393472880125046, -0.02013981342315674, 0.008503791876137257, -0.02162797749042511, -0.01318796444684267, -0.030330192297697067, -0.027623150497674942, -0.007979391142725945, 0.023087795823812485, -0.008007737807929516, 0.017092622816562653, 0.009091971442103386, 0.020848464220762253, -0.0087659927085042, -0.019558722153306007, 0.009843138977885246, -0.0009425036259926856, 0.04892515018582344, 0.012089557945728302, -0.0059491111896932125, -0.03407185897231102, 0.009382517077028751, -0.02113192342221737, -0.014924155548214912, 0.01746111921966076, 0.017914654687047005, 0.011069103144109249, 0.010877767577767372, -0.0026804660446941853, 0.017404427751898766, 0.005144794005900621, -0.01979966275393963, 0.0035379319451749325, 0.04132843017578125, 0.02922469936311245, 0.010962805710732937, -0.02495862916111946, 0.0029019189532846212, 0.0028594001196324825, -0.0022375602275133133, -0.04138512164354324, 0.009127403609454632, -0.033618323504924774, 0.02271929755806923, -0.01568949595093727, 0.005431797355413437, -0.005559354089200497, -0.04481498524546623, 0.019771317020058632, -0.009155749343335629, -0.010565961711108685, -0.00939668994396925, -0.0039613498374819756, -0.03798360377550125, 0.026758600026369095, 4.478885239223018e-05, -0.008291197009384632, -0.005265264771878719, -0.009283306077122688, -0.04183865711092949, 0.00021004809241276234, 0.01048092357814312, 0.003169434145092964, -0.02120278775691986, -0.02169884368777275, -0.0038550524041056633, -0.04949206858873367, -0.0004269612254574895, -0.017177660018205643, -0.01635562628507614, -0.010672259144484997, -0.011040756478905678, -0.04699762538075447, 0.035290736705064774, -0.0034511222038418055, 0.006756971590220928, -0.0013836378930136561, 0.010941545478999615, -0.003045420628041029, -0.02722630836069584, 0.0009230157593265176, 0.014002910815179348, -0.011954914778470993, 0.026815291494131088, -0.0014580460265278816, -0.019487857818603516, -0.002430667169392109, 0.0010408287635073066, 0.022237416356801987, 0.021571286022663116, 0.014144640415906906, 0.04240557551383972, 0.007369953207671642, -0.01127461064606905, 0.008666781708598137, 0.008787252008914948, -0.004818815737962723, -0.00889354944229126, -0.025270435959100723, 0.015080058015882969, -0.013804488815367222, -0.01482494454830885, 0.0308971107006073, 0.0007361095049418509, 0.028076687827706337, 0.009651804342865944, 0.023994866758584976, -0.018481574952602386, 0.01802803948521614, 0.0026840094942599535, 0.02178388088941574, -0.0014775338349863887, -0.004896766971796751, -0.026957020163536072, -0.0007144071278162301, -0.032938022166490555, -0.013790315948426723, 0.0004654940275941044, -0.028686124831438065, 0.0040959930047392845, 0.024079903960227966, -0.00860300287604332, 0.02113192342221737, 0.0018938654102385044, -0.017971348017454147, -0.007075863890349865, -0.005545181222259998, -0.02739638276398182, 0.015165096148848534, 0.02303110435605049, 0.00692704739049077, 0.026078294962644577, 0.04526852071285248, 0.015306825749576092, 0.012918677181005478, -0.020352408289909363, 0.01182027067989111, -0.005630218889564276, -0.013166705146431923, 0.0017229036893695593, 0.022648433223366737, -0.002287165727466345, -0.016143031418323517, 0.00293380836956203, -0.013769056648015976, 0.03217267990112305, 0.007561288308352232, -0.015732014551758766, -0.009127403609454632, -7.894796726759523e-05, 0.009644717909395695, 0.012054124847054482, 0.01276986114680767, -0.02403738535940647, 0.01785796321928501, 0.010714777745306492, -0.002712355460971594, 0.02947981283068657, -0.005453056655824184, 0.01385409478098154, 0.0250578410923481, -9.705174306873232e-05, -0.02787826582789421, 0.018495747819542885, -0.0005399021902121603, 0.005796751473098993, 0.004326304420828819, -0.004407798871397972, -0.01811307668685913, -0.015675323083996773, 0.00774553744122386, -0.02062169648706913, 0.008709300309419632, 0.020905155688524246, -0.016724124550819397, -0.016993410885334015, 0.007844747975468636, 0.011763579212129116, -0.03407185897231102, -0.02137286402285099, 0.006278633140027523, 0.01235884428024292, -0.02570979855954647, -0.006143989972770214, -0.0450984425842762, 0.020168161019682884, -0.007568374741822481, 0.0015687724808230996, 0.016667433083057404, -0.03775683790445328, -0.037615105509757996, 0.031180571764707565, -0.004932199604809284, 0.020933501422405243, 0.01635562628507614, -0.0034599804785102606, 0.043199263513088226, 0.021755535155534744, -0.03047192096710205, -0.01860913261771202, 0.010799815878272057, -0.024859419092535973, 0.01927526295185089, 0.01319505088031292, 0.0014846203848719597, -0.011607675813138485, -0.02355550415813923, 0.005555810872465372, -0.027495594695210457, -0.020763425156474113, -0.026659388095140457, 0.08288362622261047, 0.012132076546549797, -0.015462728217244148, -0.00018336302309762686, -0.014187159948050976, 0.015533593483269215, 0.01785796321928501, -0.008702213875949383, -0.00249267416074872, -0.03849383071064949, 0.00043249755981378257, 0.0039790659211575985, -0.0308971107006073, -0.013428905047476292, 0.0003286361461505294, -0.004822358954697847, 0.003188922069966793, 0.0023580307606607676, 0.010955719277262688, -0.020097294822335243, 0.0019576437771320343, 0.010395885445177555, 0.008673868142068386, 0.005336129572242498, 0.0022800792939960957, -0.0056975409388542175, 0.0048010991886258125, -0.0020001628436148167, -0.02345629408955574, -0.011125794611871243, 0.022577568888664246, -0.0037026929203420877, -0.03415689989924431, -0.02321535162627697, 0.007823488675057888, -0.0035166724119335413, -0.006314065773040056, -0.002641490427777171, 0.01131713017821312, 0.03633954003453255, 0.003311163978651166, 0.0058428137563169, -0.005017237272113562, -0.017234351485967636, 0.0019789033103734255, 0.018339844420552254, -0.008163640275597572, -0.01712096855044365, -0.036282844841480255]","[-0.012122536078095436, 0.036115482449531555, 0.015740899369120598, -0.001216342207044363, -0.00851098820567131, 0.030555060133337975, 0.0012614865554496646, -0.02397250197827816, -0.02410878799855709, -0.03131825476884842, 0.007591065485030413, 0.019175276160240173, -0.008735857903957367, -0.02401338890194893, 0.021669289097189903, -0.005703520495444536, -0.0017529637552797794, -0.024217816069722176, -0.008395145647227764, -0.004640498664230108, -0.013096973299980164, 0.019038992002606392, -0.007093625608831644, -0.045818962156772614, -0.011209427379071712, -0.013853353448212147, 0.01135252695530653, -0.016872063279151917, -0.025008266791701317, 0.0022027036175131798, 0.038650378584861755, -0.002499123103916645, -0.04669118672609329, -0.019747672602534294, -0.027420509606599808, -0.013028830289840698, 0.0018739164806902409, 0.020538125187158585, 0.007223096210509539, 0.015904439613223076, 0.030827630311250687, -0.015672756358981133, 0.008756300434470177, -0.01758074387907982, -0.013778396882116795, 0.02765219286084175, -0.00013160004164092243, -0.02068803831934929, -0.02927398309111595, -0.0009097012807615101, 0.007604693993926048, 0.017962342128157616, -0.043638404458761215, 0.018970848992466927, -0.020442726090550423, 0.0030953693203628063, 0.024653926491737366, 0.03859586641192436, -0.013655740767717361, 0.002952270209789276, 0.02913769893348217, 0.017621628940105438, -0.0026848113629966974, -0.005560421384871006, -0.02755679376423359, -0.013764768838882446, 0.002993155736476183, -0.016654007136821747, -0.01251094788312912, 0.009355953894555569, 0.02218717150390148, 0.0019999800715595484, -0.013621669262647629, 0.012435991317033768, 0.007018669042736292, -0.022759567946195602, -0.010909601114690304, -0.0045212493278086185, -0.003465041983872652, 0.010248620063066483, 0.008143018931150436, -0.023631790652871132, -0.007584250997751951, 0.035679370164871216, 0.008735857903957367, 0.021819202229380608, 0.027420509606599808, 0.022977624088525772, -0.01688569039106369, 0.002720586024224758, -0.026003146544098854, 0.01249050535261631, 0.01220430713146925, -0.02480383962392807, 0.009560381062328815, 0.025730576366186142, -0.02034732699394226, 0.030555060133337975, -0.02725696749985218, 0.0036762834060937166, -0.049498651176691055, 0.00770009309053421, 0.0019182091346010566, -0.002989748725667596, -0.024967381730675697, 0.006725656799972057, -0.0046677556820213795, -0.0364970788359642, 0.007366195321083069, 0.0044667357578873634, 0.0004901995416730642, 0.0010860197944566607, 0.01999298483133316, -0.015359301120042801, 0.0060476395301520824, -0.001685673021711409, 0.014609734527766705, -0.013601226732134819, -0.013921496458351612, -0.004211201332509518, -0.007597879506647587, -0.00800673384219408, 0.02567606419324875, -0.023331964388489723, 0.015822669491171837, -0.012040765024721622, -0.027788478881120682, -0.037342045456171036, 0.0038398252800107002, -0.014868675731122494, 0.03840506821870804, 0.04658215865492821, 0.006548486649990082, 0.03518874570727348, -0.014309908263385296, 0.009614895097911358, -0.01925704814493656, -0.029383011162281036, -0.021205920726060867, -0.009819322265684605, 5.9464906371431425e-05, 0.02842901647090912, -0.010296319611370564, -0.009526310488581657, -0.05192452296614647, 0.03058231808245182, 0.0021379683166742325, -0.0016345662297680974, 0.023209307342767715, -0.030173463746905327, -0.008933471515774727, 0.0025945226661860943, -0.014446192421019077, 0.01575452648103237, 0.007836378179490566, 0.00795903429389, -0.027393251657485962, 0.00796584878116846, 0.002076640259474516, -0.02812919020652771, -0.010650659911334515, 0.011781823821365833, 0.01358078420162201, -0.01478690467774868, 0.016354180872440338, 0.0254988931119442, 0.027066169306635857, 0.0013151486637070775, -0.006197553128004074, -0.006694992538541555, -0.0038670822978019714, 0.018834564834833145, -0.016463208943605423, 0.015154873952269554, 0.01167961023747921, 0.014950446784496307, 0.008592759259045124, 0.01959775947034359, -0.0014454710762947798, 0.0033321643713861704, 0.0012333777267485857, 0.01745808683335781, 0.012401919811964035, 0.006395165808498859, 0.005706927739083767, -0.02567606419324875, -0.02310027927160263, 0.018848193809390068, 0.008367888629436493, -0.000584747118409723, 0.0009838062105700374, 0.01823491044342518, 0.005989718716591597, 0.004238458350300789, -0.6013977527618408, -0.019897585734725, -0.0051686023361980915, -0.03434377908706665, 0.005621749442070723, -0.011788638308644295, 0.0032231363002210855, 0.03927728906273842, -0.004916475620120764, 0.026630057021975517, -0.026016775518655777, 0.025866862386465073, -0.00995560735464096, 0.002511048223823309, -0.00826567504554987, -0.005867062136530876, 0.02082432247698307, -0.008688158355653286, 0.0018756201025098562, 0.012476876378059387, -0.02555340714752674, 0.008252047002315521, 0.0034480064641684294, -0.023945245891809464, -0.01224519219249487, -0.010221363045275211, -0.0017180406721308827, -0.005015281960368156, 0.02856530249118805, 0.033226244151592255, -0.031209228560328484, 0.02747502364218235, 0.021887345239520073, -0.017608001828193665, 0.0527694895863533, -0.023563647642731667, -0.00971029419451952, 0.0052844444289803505, -0.0040681022219359875, 0.034098464995622635, -0.006507601123303175, -0.03766912966966629, 0.015822669491171837, -0.01999298483133316, 0.007311681285500526, -0.0037989397533237934, 0.014296279288828373, 0.01358759868890047, 0.0045519135892391205, -0.01307652983814478, -0.0007039963384158909, 0.02515818178653717, -0.0005498241516761482, 0.0010936858598142862, 0.007236724719405174, -0.028374502435326576, 0.026275716722011566, -0.037205759435892105, 0.009110641665756702, -0.01872553676366806, 0.004742712248116732, -0.007618322502821684, -0.03636079281568527, 0.013008387759327888, -0.031699854880571365, 0.03123648464679718, -0.010221363045275211, 0.020701667293906212, 0.009655781090259552, -0.00621118163689971, 0.016735777258872986, -0.0019079877529293299, -0.0007981180679053068, 0.029737351462244987, 0.0037512402050197124, 0.02698439732193947, 0.02201000042259693, 0.024613041430711746, 0.004211201332509518, -0.007659208029508591, 0.005942018702626228, 0.0012512651737779379, -0.02628934569656849, -0.006412201561033726, -0.009683038108050823, -0.009464981965720654, -0.05552244186401367, -0.011890851892530918, 0.03131825476884842, -0.04042208194732666, 0.006878977175801992, 0.023032138124108315, 0.0034411922097206116, -0.009764808230102062, 0.01740357279777527, -0.011788638308644295, -0.009464981965720654, 0.0011362747754901648, 0.030473290011286736, -0.03739655762910843, -0.03153631091117859, -0.0087699294090271, 0.010418975725769997, -0.009873836301267147, 0.007345752790570259, 0.0017214477993547916, -0.022023629397153854, -0.007461594883352518, -0.004865368828177452, -0.008429217152297497, -0.023686304688453674, -0.006064675282686949, 0.011141285300254822, 0.006476936861872673, 0.003277650335803628, -0.017171889543533325, 0.02248699776828289, -0.01301520224660635, 0.0006051898817531765, -0.014023710042238235, 0.004030623938888311, -0.0029693059623241425, 0.0034241564571857452, -0.024831097573041916, 0.028756100684404373, 0.008388332091271877, 0.008729043416678905, 0.003027227008715272, 0.006729064043611288, -0.016735777258872986, 0.0034820775035768747, -0.009771622717380524, 0.025607921183109283, 0.001773406402207911, 0.022854967042803764, 0.005332144442945719, 0.008735857903957367, -0.0002883276029024273, 0.0036830976605415344, -0.017117375507950783, 0.008763114921748638, -0.01161828264594078, 0.02624845877289772, -0.007298053242266178, -0.0016124199610203505, 0.018166769295930862, -0.04366566240787506, -0.010650659911334515, -0.027802105993032455, -0.01113447081297636, -2.6578205506666563e-05, -0.011107213795185089, -0.02060626819729805, 0.0057001132518053055, 0.009458167478442192, -0.003618362359702587, 0.0125586474314332, -0.013839725404977798, -0.007325309794396162, -0.009260554797947407, 0.0010902787325903773, 0.027107054367661476, -0.03494343161582947, -0.043338578194379807, -0.02634385973215103, -0.033880408853292465, 0.00011424502008594573, 0.029764607548713684, 0.002417352283373475, -0.011223056353628635, 0.018752792850136757, -0.018970848992466927, -0.006030604243278503, -0.020020242780447006, 0.012953873723745346, -0.016163380816578865, -0.0332534983754158, -0.007550179958343506, 0.015250273048877716, 0.0040681022219359875, 0.009062942117452621, -0.00938321091234684, 0.010582517832517624, -0.021669289097189903, 0.027706706896424294, -0.0025621550157666206, 0.012456433847546577, 0.009090198203921318, -0.039740659296512604, 0.013437684625387192, 0.0008449659799225628, 0.016599493101239204, 0.005015281960368156, -0.013287771493196487, 0.012074836529791355, 0.013417242094874382, 0.0108482725918293, 0.024176931008696556, -0.010003306902945042, 0.015495586208999157, 0.0013202594127506018, 0.009560381062328815, 0.0057205562479794025, -0.013090158812701702, -0.0009216262260451913, -0.007434337865561247, -0.0036830976605415344, -0.01421450823545456, 0.014010081067681313, -0.009730737656354904, 0.036551594734191895, -0.03159082680940628, -0.0013219629181548953, -0.0028909421525895596, 0.008081690408289433, 0.035106975585222244, -0.014841418713331223, 0.010671102441847324, 0.0032418756745755672, 0.021096892654895782, -0.013117415830492973, 0.009321882389485836, 0.007407080847769976, -0.005751220043748617, -0.01080738753080368, -0.01595895364880562, -0.0035979195963591337, 0.021723803132772446, 0.023154793307185173, 0.012626790441572666, -0.0012861881405115128, 0.037342045456171036, 0.01133208442479372, 0.002693329006433487, 0.013744325377047062, 0.015345673076808453, 0.019284304231405258, -8.5231258708518e-05, 0.026139432564377785, -0.023686304688453674, -0.011795452795922756, 0.04072190821170807, 0.015809040516614914, -0.006122596096247435, 0.044074516743421555, -0.022323455661535263, 0.032926417887210846, 0.04159413278102875, 0.002173743210732937, 0.047399867326021194, -0.015250273048877716, -0.008013548329472542, -0.01113447081297636, -0.009969235397875309, 0.020551754161715508, -0.036197252571582794, 0.012626790441572666, 0.011938551440834999, 0.01745808683335781, 0.004732490982860327, 0.020401841029524803, -0.009015241637825966, 0.01225200667977333, -0.023863475769758224, 0.025035524740815163, 0.004892625845968723, 0.0015740898670628667, -0.03892295062541962, -0.001904580625705421, -0.002373059745877981, 0.02668457105755806, -0.04325680807232857, -0.006589371711015701, -0.04650038480758667, 0.013062901794910431, 0.011182171292603016, -0.024040644988417625, 0.0056319707073271275, 0.04431983083486557, 0.006282730959355831, -0.01649046503007412, -0.00424186559394002, 0.006790392100811005, 0.01172730978578329, -0.01142066903412342, -0.020401841029524803, -0.009771622717380524, 0.013894239440560341, 0.0024667554534971714, 0.02419055812060833, 0.006555300671607256, 0.01706286147236824, -0.016722150146961212, -0.000350294605595991, -0.028892384842038155, 0.019134391099214554, 0.038868434727191925, -0.002485494827851653, 0.010718801990151405, 0.0026337045710533857, -0.0011609764769673347, 0.02733873762190342, -0.04148510470986366, -0.013928310014307499, 0.03949534520506859, -0.016899319365620613, 0.005563828628510237, -0.03101842850446701, 0.014814161695539951, -0.000659703800920397, 0.006446272600442171, 0.010943672619760036, 0.002020422602072358, 0.0009906204650178552, -0.0016320109134539962, -0.02664368599653244, -0.010412161238491535, 0.007229910697788, 0.01395556703209877, -0.0014488782035186887, 0.008504173718392849, -0.055713240057229996, -0.0024446093011647463, -0.00883807148784399, 0.02642562985420227, 0.01649046503007412, -0.011740938760340214, -0.0013773286482319236, -0.0014676173450425267, 0.01640869490802288, -0.02992814965546131, -0.011597839184105396, 0.01619063876569271, -0.0014880601083859801, 0.015890812501311302, 0.00412261625751853, 0.0015425740275532007, -0.013376357033848763, 0.01912076212465763, -0.001610716455616057, -0.023032138124108315, -0.032653845846652985, -0.02262328378856182, -0.0017563708825036883, 0.026616428047418594, -0.0233183354139328, 0.00848373118788004, 0.025526149198412895, 0.0033253501169383526, 0.0013713662046939135, 0.00708681158721447, 0.002586004789918661, 0.0058159553445875645, -0.04380194842815399, -0.01959775947034359, 0.017471715807914734, 0.02551252208650112, 0.004623462911695242, -0.00936276838183403, 0.033089958131313324, 0.03668787702918053, -0.008320189081132412, 0.034970689564943314, 0.017485344782471657, 0.0018415488302707672, 0.028156448155641556, 0.01529115904122591, -0.010684731416404247, -0.0019999800715595484, -0.01763525791466236, -0.020851580426096916, 0.006786984857171774, 0.00931506883352995, 0.02052449621260166, 0.006507601123303175, -0.012122536078095436, 0.008422402665019035, -0.010691545903682709, 0.012265635654330254, -0.0008918138919398189, -0.014964074827730656, 0.0013023719657212496, 0.0010970929870381951, -0.01740357279777527, 0.014405307359993458, -0.016340551897883415, 0.019979357719421387, 0.021137777715921402, 0.000317501078825444, -0.04366566240787506, -0.03480714559555054, -0.010609774850308895, -0.029055926948785782, -0.016204267740249634, -0.0034445992205291986, -0.017608001828193665, -0.015999840572476387, 0.006197553128004074, 0.028101934120059013, 0.03480714559555054, 0.016027096658945084, 0.017090119421482086, 0.01557735726237297, 0.01967952959239483, -0.021941859275102615, -0.041839443147182465, 0.008217975497245789, -0.007018669042736292, -0.0063168019987642765, -0.00881762895733118, 0.005318515934050083, 0.009989678859710693, -0.017008347436785698, 0.039658889174461365, 0.025539778172969818, 0.012292892672121525, 0.007924963720142841, -0.0021601147018373013, 0.011904480867087841, 0.0336078405380249, 0.0071685826405882835, 0.014446192421019077, -0.00018260038632433861, -0.017376316711306572, 0.02589411847293377, 0.003587698331102729, -0.04606427624821663, -0.006814241874963045, -0.0025638584047555923, 0.018820935860276222, 0.02571694925427437, -0.00962852407246828, -0.03862312436103821, 0.012878917157649994, 0.006190738640725613, -0.017526229843497276, 0.0071004400961101055, 0.006722249556332827, 0.012892545200884342, 0.004790411796420813, 0.002286178059875965, 0.02921946905553341, 0.0002295547747053206, -0.021369462832808495, 0.0026882183738052845, 0.01106632873415947, 0.0481085479259491, 0.022037258371710777, -0.03355332836508751, -0.008899400010704994, -0.027529537677764893, -0.01670852117240429, -0.022146286442875862, 0.007025483530014753, -0.023291079327464104, 0.01421450823545456, 0.008606387302279472, 0.0018756201025098562, -0.03851409628987312, -0.010241805575788021, -0.02209177240729332, 0.029328497126698494, -0.024640299379825592, -0.009219668805599213, 0.023945245891809464, -0.012040765024721622, 0.01819402538239956, 0.007045926060527563, 0.0016660821856930852, -0.019475102424621582, -0.028183704242110252, -0.0010434307623654604, 0.006899419706314802, 0.016245152801275253, -0.009921535849571228, 0.007625136524438858, 0.024299586191773415, -0.010071449913084507, -0.02484472654759884, -0.0307458583265543, -0.006105560809373856, 0.007352566812187433, 0.016340551897883415, 0.020442726090550423, 0.03393492475152016, -0.006044232752174139, 0.010793759487569332, 0.01732180267572403, -0.0047835977748036385, 0.0013125933473929763, -0.005587678402662277, 0.01692657731473446, -0.0070322975516319275, 0.009574010036885738, 0.029328497126698494, -0.006930083967745304, 0.00334068201482296, 0.008640458807349205, -0.011243498884141445, 0.023781703785061836, -0.023127537220716476, 0.004381557460874319, -0.02598951756954193, -0.03418023884296417, -0.0015655721072107553, 0.027147939428687096, -0.010010121390223503, -0.020946979522705078, -0.02121954970061779, -0.015345673076808453, 0.005492278840392828, 0.001754667260684073, 0.021628404036164284, 0.004425850231200457, 0.016722150146961212, -0.015986211597919464, 0.009001613594591618, -0.008136204443871975, 0.02262328378856182, 0.0011209427611902356, 0.0005366215482354164, -0.01924341917037964, -0.03066408820450306, -0.005594492424279451, -0.004214608576148748, 0.03518874570727348, 0.0509977862238884, -0.01640869490802288, -0.004981210920959711, 0.007352566812187433, 0.003649026621133089, -0.0125586474314332, 0.023250192403793335, -0.024531271308660507, -0.00335260690189898, -0.019093506038188934, -0.01781242899596691, 0.018698278814554214, -0.0010366165079176426, -0.008504173718392849, -0.012688118033111095, 0.013499013148248196, -0.017349060624837875, -0.030282489955425262, -0.0017802206566557288, -0.0047835977748036385, 0.04213927313685417, -0.010425790213048458, 0.021233176812529564, 0.020579010248184204, -0.03557034209370613, -0.01224519219249487, 0.017730657011270523, 0.02672545611858368, 0.007236724719405174, 0.017866943031549454, 0.04519205167889595, -0.0070322975516319275, -0.02913769893348217, -0.00248890183866024, -0.029628323391079903, -0.0033662354107946157, -0.020633524283766747, 0.032354019582271576, 0.012081651017069817, -0.005870469380170107, -0.0021021936554461718, -0.014964074827730656, -0.03390766680240631, 0.019924843683838844, -0.015468329191207886, 0.02117866277694702, -0.008211161009967327, -0.005066388752311468, -0.013492198660969734, 0.0005430098972283304, -0.0177170280367136, 0.038077984005212784, -0.006841498892754316, 0.02589411847293377, -0.009635337628424168, -0.011822709813714027, 0.029110440984368324, 0.014023710042238235, 0.02799290604889393, 0.020960608497262, -0.02012927085161209, -0.021764688193798065, 0.003809161251410842, 0.019611388444900513, -0.0007125141564756632, -0.0017989597981795669, -0.013226442970335484, 0.032435789704322815, -0.016463208943605423, 0.01310378685593605, -0.009519496001303196, -0.009335511364042759, 0.0336078405380249, -0.008068062365055084, -0.028810614719986916, -0.01640869490802288, -0.011236684396862984, 0.021492118015885353, 0.044946737587451935, 0.0010596145875751972, -0.009049313142895699, -0.019706787541508675, 0.005042538978159428, -0.006664328742772341, -0.00578529154881835, -0.020619895309209824, -0.0023662454914301634, -0.01920253410935402, -0.011229870840907097, -0.011884037405252457, -0.025267207995057106, 0.0060476395301520824, 7.713934610364959e-05, -0.01785331405699253, 0.018929963931441307, 0.028510788455605507, -0.004568949341773987, 0.002887534908950329, -0.01025543361902237, -0.04164864495396614, -0.04091270640492439, 0.0008986281463876367, -0.010814202018082142, -0.03093665838241577, -0.00708681158721447, -0.01688569039106369, -0.01724003255367279, -0.02323656529188156, 0.01275626104325056, -0.017567114904522896, -0.00903568509966135, -0.02628934569656849, 0.002982934471219778, 6.505471537820995e-05, 0.008885771036148071, -0.02703891135752201, -0.01244280580431223, 0.05279674753546715, -0.008436031639575958, 0.004153280518949032, 0.02017015591263771, -0.026793599128723145, -0.0029948593582957983, -0.0023032138124108315, 0.043556634336709976, -0.02571694925427437, -0.04524656757712364, -0.002238478511571884, -0.013171929866075516, 0.029819121584296227, 0.005366215482354164, -0.0015332044567912817, -0.028456274420022964, -0.009574010036885738, -0.006528043653815985, 0.01133208442479372, 0.03186339512467384, 0.01135252695530653, 0.025294465944170952, -0.004187351558357477, 0.01823491044342518, -0.011775010265409946, -0.01025543361902237, -0.016994718462228775, -0.01052118930965662, -0.004374743439257145, -0.019938470795750618, -0.02935575321316719, 0.005482057575136423, 0.05121584236621857, 0.010732430964708328, 0.0066472929902374744, -0.013451313599944115, 0.00793859176337719, -0.012940245680510998, 0.008524616248905659, -0.003856860799714923, 0.029982663691043854, 0.031127456575632095, 0.01474601961672306, -0.02765219286084175, 0.023659048601984978, 0.015427443198859692, 0.008633644320070744, -0.018262168392539024, 0.006572336424142122, 0.013798839412629604, 0.001726558548398316, 0.02979186549782753, -0.022636910900473595, -0.04265715554356575, -0.02134220488369465, 0.012013508006930351, -0.015672756358981133, 0.010855087079107761, 0.00818390492349863, -0.028837870806455612, -0.0311002004891634, 0.0028568708803504705, -0.010548446327447891, -0.0012410437921062112, -0.017567114904522896, 0.002507640980184078, -0.006361094769090414, -0.004129430744796991, 0.005577457137405872, 0.006957340985536575, 0.014882303774356842, 0.015018588863313198, 0.014078224077820778, 0.002342395717278123, 0.016354180872440338, -0.006459901109337807, 0.02769307978451252, -0.012524576857686043, -0.02488561160862446, 0.02682085521519184, 0.007270796224474907, 0.045219309628009796, 0.045219309628009796, 0.008163461461663246, 0.00793859176337719, 0.0108482725918293, 0.016122495755553246, -0.01995209977030754, -0.006698399782180786, -0.0010340611916035414, 0.00481085479259491, 0.00960126705467701, -0.0017870349111035466, 0.0033628283999860287, -0.002364541869610548, -0.007659208029508591, -0.014132737182080746, -0.0073321242816746235, 0.0017163371667265892, 0.007999920286238194, -0.017771542072296143, -0.024531271308660507, -0.007584250997751951, 0.018848193809390068, 0.008933471515774727, -0.012592718936502934, -0.015727270394563675, -0.017212774604558945, -0.018480224534869194, 0.02256876975297928, 0.008681343868374825, -0.010160034522414207, -0.036251768469810486, 0.013805653899908066, 0.011713681742548943, 0.0015025403117761016, -0.03123648464679718, 0.20279183983802795, 0.003018709132447839, 0.01740357279777527, 0.02781573496758938, -0.014459821395576, 0.0390319786965847, -0.007236724719405174, -0.017826056107878685, -0.016544979065656662, 0.003236764809116721, -0.022555140778422356, 0.003020412754267454, 0.013873795978724957, -0.00777505012229085, -0.009417282417416573, 0.02414967305958271, -0.022323455661535263, -0.02462667040526867, -0.03709673136472702, -0.030255233868956566, 0.018275797367095947, -0.015018588863313198, -0.005792105570435524, -0.03636079281568527, 0.009717108681797981, -0.027938392013311386, 0.0025723762810230255, -0.0003481651656329632, 0.0032129150349646807, 0.007815935648977757, 0.001128608826547861, -0.010078263469040394, -0.007952219806611538, -0.0028381317388266325, 0.012831217609345913, -0.011195799335837364, 0.005802326835691929, -0.012681304477155209, 0.007584250997751951, 0.02628934569656849, 0.005604713689535856, -0.0033474962692707777, 0.03311721608042717, 0.0019148020073771477, -0.0023134350776672363, -0.009274182841181755, 0.002042568987235427, 0.028674330562353134, 0.024599412456154823, 0.018848193809390068, -0.04143058881163597, 0.024381358176469803, 0.006119189318269491, 0.010228176601231098, -0.012068022042512894, -0.01724003255367279, 0.022105401381850243, -0.005894319154322147, -0.011550139635801315, 0.01789419911801815, -0.002098786411806941, 0.008340631611645222, 0.01390786748379469, 0.022609654814004898, 0.009492238983511925, 0.01925704814493656, -0.012640418484807014, -0.00737300980836153, 0.02488561160862446, 0.015672756358981133, 0.011754566803574562, -0.015522843226790428, -0.005093645770102739, 0.0013773286482319236, -0.011073143221437931, -0.007045926060527563, 0.020756181329488754, 0.02135583385825157, 0.02112415060400963, 0.0055365716107189655, -0.019434217363595963, 0.002337284851819277, 0.004476957023143768, -0.003039151895791292, -0.04317503795027733, -0.00846328865736723, -0.0005161788430996239, -0.0056319707073271275, -0.02108326368033886, -0.0028006534557789564, -0.008238418027758598, 0.003536591539159417, 0.003090258687734604, -0.013805653899908066, 0.003080037422478199, 0.002802356844767928, -0.012074836529791355, -0.009444539435207844, -0.01597258262336254, -0.00680402060970664, -0.03616999462246895, 0.02410878799855709, 0.01969315856695175, -0.0009378100512549281, -0.00554679287597537, -0.017294546589255333, 0.009069755673408508, 0.031045686453580856, 0.03652433678507805, -0.02262328378856182, 0.021969115361571312, -0.024299586191773415, -0.02239159867167473, -0.01781242899596691, 0.001403733855113387, 0.024299586191773415, 0.03788718581199646, 0.002073233015835285, -0.030173463746905327, -0.01710374653339386, 0.02068803831934929, -0.034098464995622635, -0.01244962029159069, -0.0059999399818480015, -0.0047835977748036385, -0.009212855249643326, -0.007154954131692648, -0.013458128087222576, 0.00635428074747324, -0.040612880140542984, 0.024435870349407196, -0.03442554920911789, 0.012238378636538982, -0.02335922047495842, -0.023168422281742096, -0.002330470597371459, 0.012545019388198853, -0.020238298922777176, -0.023045765236020088, -0.008279304020106792, 0.03426200896501541, 0.020401841029524803, 0.02791113406419754, 0.008729043416678905, 0.015604614280164242, -0.03608822450041771, -0.0019625015556812286, 0.0063474662601947784, 0.008545059710741043, -0.015154873952269554, 0.0014054373605176806, -0.0039522601291537285, 0.0010689841583371162, -0.01054163184016943, 0.01052118930965662, -0.037560101598501205, -0.014228137210011482, -0.0401495136320591, 0.011325269937515259, 0.003289575222879648, -0.017948713153600693, 0.0124700628221035, 0.03968614339828491, -0.02187371626496315, -0.017730657011270523, -0.014800533652305603, -0.17106473445892334, 0.01384653989225626, 0.035679370164871216, -0.01999298483133316, 0.022418854758143425, 0.029055926948785782, 0.016040725633502007, -0.009982864372432232, -0.02804742008447647, -0.01736268773674965, 0.005659227725118399, -0.01736268773674965, -0.0193388182669878, -0.027761220932006836, -0.01507310289889574, -0.005904540419578552, -0.011884037405252457, 0.002117525553330779, 0.04213927313685417, 0.012381477281451225, 0.05140664055943489, -0.03925003483891487, -0.0077954926528036594, -0.018643764778971672, -0.0020783436484634876, 0.02567606419324875, -0.00848373118788004, -0.007884077727794647, -0.048054032027721405, -0.014337165281176567, 0.0018739164806902409, 0.012286078184843063, 0.01680392026901245, -0.02003387175500393, 0.011345712468028069, -0.0013142968527972698, -0.011713681742548943, -0.02921946905553341, -0.006606407463550568, 0.004027217160910368, -0.0008458177908323705, 0.006381537299603224, -0.005758034531027079, 0.0135603416711092, 0.0034820775035768747, 0.03382589668035507, 0.00929462630301714, 0.0028636851347982883, -0.0011149803176522255, -0.0035502200480550528, 0.016776664182543755, -0.02502189576625824, -0.0038227897603064775, 0.020156526938080788, -0.005519535858184099, 0.007659208029508591, 0.018493851646780968, -6.068934089853428e-05, -0.026084918528795242, -0.01912076212465763, 0.00426571536809206, -0.005165195092558861, -0.009567195549607277, 0.0026132618077099323, -0.007713721599429846, 0.018521109595894814, -0.03420749306678772, 0.011856780387461185, -0.04922608286142349, 0.0011149803176522255, -0.0260304044932127, 0.005478650331497192, 0.03407121077179909, -0.00044548106961883605, 0.013505827635526657, 0.012095279060304165, -0.013662555254995823, 0.0049369181506335735, 0.009308254346251488, 0.0058295838534832, -0.0005370474536903203, 0.0222280565649271, 0.007577436976134777, 0.03971340134739876, 0.0067324708215892315, 0.0003258059441577643, 0.003465041983872652, -0.0321904793381691, 0.013117415830492973, -0.003117515705525875, 0.027229709550738335, -0.029601067304611206, -0.005703520495444536, -0.006040825508534908, -0.009560381062328815, -0.00855187326669693, 0.03058231808245182, 0.01587718352675438, 0.022732309997081757, -0.004231644328683615, 0.0004948843270540237, 0.0012555241119116545, -0.02826547436416149, 0.006122596096247435, 0.037778157740831375, 0.019393332302570343, 0.02300488017499447, -0.00542413629591465, 0.04908979684114456, 0.018889078870415688, -0.010957300662994385, 0.026193946599960327, -0.007870449684560299, 0.0244086142629385, -0.0042997864075005054, 0.012892545200884342, -0.0077477931044995785, 0.0063372449949383736, 0.013028830289840698, 0.02072892338037491, 0.06814242154359818, -0.007952219806611538, 0.0021788538433611393, -0.01135252695530653, 0.0030766301788389683, 0.010977743193507195, -0.1063021719455719, -0.01308334432542324, 0.024095159024000168, 0.017948713153600693, -0.026003146544098854, -0.025212693959474564, -0.015304787084460258, 0.018016856163740158, -0.027965648099780083, 0.044510629028081894, -0.027025282382965088, -0.004650719929486513, -0.00912426970899105, 0.0127494465559721, -0.005246966145932674, -0.017989598214626312, -0.014582477509975433, -0.0038330110255628824, 0.0028193925973027945, 0.02515818178653717, 0.003819382516667247, -0.028238218277692795, 0.01078013051301241, -0.007488851901143789, -0.02743413858115673, -0.021846460178494453, -0.022323455661535263, 0.006388351786881685, 0.01702197641134262, -0.011277570389211178, -0.01388742495328188, -0.011107213795185089, 0.007223096210509539, -0.015209387987852097, -0.017866943031549454, -0.03295367211103439, -0.022773196920752525, -0.005764848552644253, 0.02900141291320324, 0.007236724719405174, 0.016422322019934654, 0.011516069062054157, 0.02244611270725727, -0.010977743193507195, -0.011161727830767632, -0.003945446107536554, -3.5635025597002823e-06, 0.04093996435403824, 0.0017188924830406904, 0.0016550089931115508, -0.028292732313275337, 0.006991412024945021, -0.020674409344792366, -0.018643764778971672, 0.015849927440285683, 0.012435991317033768, 0.013662555254995823, 0.0278293639421463, -0.002672886475920677, 0.02523995190858841, 0.004919882398098707, -0.026003146544098854, 0.016776664182543755, 0.04017677158117294, 0.016613122075796127, 0.0063849445432424545, -0.017785171046853065, -0.007352566812187433, -0.0015502399764955044, -0.008020362816751003, -0.02804742008447647, 0.009580823592841625, -0.02759767882525921, 0.0124700628221035, -0.014664248563349247, 0.007550179958343506, 0.00971029419451952, -0.03818701207637787, 0.00907657016068697, -0.006170296110212803, -0.016476836055517197, -0.012919802218675613, -0.014187251217663288, -0.03486166149377823, 0.014323536306619644, -0.008238418027758598, -0.0007133659673854709, 0.0021345613058656454, -0.008660901337862015, -0.039222776889801025, 0.011400226503610611, -0.0010323576861992478, -0.0071958391927182674, -0.01942058838903904, -0.01828942447900772, -0.0035297772847115993, -0.0415668748319149, 0.0004838111635763198, -0.010221363045275211, -0.02519906684756279, -0.010425790213048458, -0.003465041983872652, -0.03788718581199646, 0.030718602240085602, 0.005989718716591597, 0.0026592579670250416, -0.0019880549516528845, 0.014146366156637669, -2.2665339201921597e-05, -0.027965648099780083, 0.001713781850412488, 0.015740899369120598, -0.013533084653317928, 0.01999298483133316, 0.0008747783140279353, -0.018820935860276222, -0.006977783516049385, 0.0031072942074388266, 0.03115471452474594, 0.015986211597919464, 0.00883807148784399, 0.03088214434683323, 0.01220430713146925, -0.012170235626399517, 0.004023809917271137, 0.011577396653592587, -0.001945466035977006, -0.0072162821888923645, -0.027856620028614998, 0.026698200032114983, -0.01113447081297636, -0.004490585532039404, 0.02965558134019375, 0.008374703116714954, 0.03802346810698509, -0.005574049893766642, 0.023863475769758224, -0.02340010739862919, 0.013403614051640034, 0.003543405793607235, 0.007543365936726332, -0.005458207800984383, -0.016040725633502007, -0.03338978439569473, 0.00879718642681837, -0.02992814965546131, -0.012926616705954075, 0.011843152344226837, -0.017376316711306572, 0.011052700690925121, 0.020660780370235443, -0.011890851892530918, 0.010303134098649025, 0.002754657296463847, -0.0025791905354708433, -0.014964074827730656, -0.0022538104094564915, -0.03202693536877632, 0.011938551440834999, 0.014868675731122494, 0.001235081348568201, 0.02598951756954193, 0.03518874570727348, 0.0177170280367136, 0.02633023075759411, -0.013478570617735386, 0.015413815155625343, 0.003962481860071421, -0.011747753247618675, -0.0010315058752894402, 0.02900141291320324, -0.014800533652305603, -0.013744325377047062, -0.011127657257020473, -0.007761421613395214, 0.029410267248749733, 0.01218386460095644, -0.011509254574775696, 0.0054684290662407875, 0.008763114921748638, 0.013682997785508633, 0.012912988662719727, 0.019352447241544724, -0.019038992002606392, 0.008926657028496265, 0.00043121373164467514, -0.0005617490387521684, 0.026439258828759193, 0.006487158127129078, 0.01579541340470314, 0.032435789704322815, 0.008633644320070744, -0.026670942083001137, 0.007338938303291798, -0.0019676124211400747, -0.007591065485030413, 0.008027177304029465, 0.013969196006655693, -0.009614895097911358, -0.015318416059017181, 0.002655850723385811, -0.010528003796935081, 0.020047498866915703, 0.021587518975138664, -0.013901052996516228, -0.013751139864325523, 0.008647273294627666, 0.007877263240516186, -0.04483770951628685, -0.017826056107878685, -0.005294665694236755, 0.016817549243569374, -0.020006613805890083, -0.0017614815151318908, -0.044728685170412064, 0.018820935860276222, 0.0034360813442617655, 0.004650719929486513, 0.013921496458351612, -0.046173304319381714, -0.03180887922644615, 0.016040725633502007, -0.005062981508672237, 0.01579541340470314, 0.008660901337862015, -0.012429176829755306, 0.031699854880571365, 0.03172710910439491, -0.021246805787086487, -0.020851580426096916, 0.0025911154225468636, -0.022636910900473595, 0.02571694925427437, -0.0014403603272512555, -0.0012904470786452293, -0.016899319365620613, -0.020851580426096916, -0.004858554340898991, -0.022037258371710777, -0.015904439613223076, -0.01823491044342518, 0.06111012026667595, 0.012033951468765736, -0.012987945228815079, -0.006575743202120066, -0.006998226512223482, 0.009505867026746273, 0.02191460132598877, -0.011972622945904732, -0.005417322274297476, -0.03311721608042717, 0.00992835033684969, 0.0017904420383274555, -0.026262087747454643, -0.023073023185133934, 0.006524636410176754, 0.006463308352977037, 0.003693319158628583, 0.010439418256282806, 0.016067981719970703, -0.02476295456290245, 0.006630257237702608, 0.018098626285791397, -0.006674550008028746, 0.008163461461663246, 0.007093625608831644, -0.00556723540648818, 0.0010332093806937337, -0.004970989655703306, -0.022991251200437546, -0.020701667293906212, 0.024940125644207, -0.0006081711035221815, -0.04113076254725456, -0.02480383962392807, 0.006953933741897345, -0.0027682858053594828, -0.00566604221239686, -0.012960688211023808, 0.023768074810504913, 0.03398943692445755, 0.005986311472952366, 0.008524616248905659, -0.009185598231852055, -0.021846460178494453, 0.0010843162890523672, 0.012081651017069817, -0.015086731873452663, -0.011502440087497234, -0.041321560740470886]","[-0.017893558368086815, -0.002570932963863015, 0.008548394776880741, 0.009912356734275818, 0.00596226891502738, 0.01778552308678627, -0.020526951178908348, -0.04510527104139328, 0.0056854248978197575, -0.02309281937777996, 0.0209455918520689, 0.020081300288438797, -0.002047630725428462, -0.012464720755815506, -0.029385950416326523, 0.018595796078443527, 0.01517913956195116, 0.021688343957066536, 0.003075666492804885, -0.029169877991080284, 0.009358668699860573, 0.016448570415377617, -0.03424759581685066, -0.001602823962457478, -0.026455458253622055, -0.027400778606534004, 0.022795718163251877, -0.02583424746990204, 0.020932087674736977, -0.0027194833382964134, 0.01029723696410656, -0.022971278056502342, -0.022971278056502342, -0.03873111307621002, -0.014071764424443245, -0.01613796502351761, 0.0006131919799372554, -0.012761821039021015, 0.0019328419584780931, -0.013767912052571774, 0.004287702031433582, -0.017947576940059662, 0.007488285657018423, -0.019149484112858772, -0.016367541626095772, -0.0067455340176820755, 0.021850397810339928, 0.007859661243855953, -0.012566004879772663, 0.008197275921702385, 0.0065733506344258785, -0.0015445854514837265, -0.024564817547798157, -0.028224557638168335, -0.011647693812847137, -0.006505827885121107, -0.016408056020736694, 0.01863631047308445, 0.0021911170333623886, -0.016070442274212837, 0.016218991950154305, 0.006424800492823124, -0.0033761432860046625, -0.0020391903817653656, -0.0009630448184907436, -0.014476901851594448, 0.029196886345744133, 0.0028714097570627928, 0.008852247148752213, -0.0030165838543325663, 0.011505896225571632, -0.005526746157556772, -0.010243218392133713, -0.0019767319317907095, 0.04810328781604767, 0.014031250961124897, -0.031600698828697205, -0.013450554572045803, 0.03489581495523453, -0.017866550013422966, 0.02413267083466053, -0.015881378203630447, -0.0195546206086874, 0.036597393453121185, 0.014287837781012058, -0.016448570415377617, 0.007954193279147148, 0.038271959871053696, -0.01274831686168909, 0.01901443861424923, -0.014517415314912796, 0.0233088918030262, 0.0014407690614461899, 0.0025084742810577154, -0.009446448646485806, -0.004783994983881712, 0.0027414283249527216, 0.01210009679198265, -0.015597781166434288, -0.01192453783005476, 0.005904874298721552, 0.005334306042641401, -0.0017758513567969203, -0.015341194346547127, -0.008359330706298351, -0.009736796841025352, -0.0024156305007636547, -0.013065674342215061, 0.013497820124030113, -0.029304923489689827, -0.012593014165759087, 0.02476738579571247, 0.026685034856200218, -0.05056111887097359, 0.013592352159321308, -0.010938704013824463, -0.003977096639573574, -0.010655107907950878, -0.025469623506069183, -0.007812395226210356, -0.01249173004180193, 0.024429772049188614, 0.008602412417531013, -0.0016754110110923648, 0.023038800805807114, 0.008366082794964314, -0.021850397810339928, -0.028170539066195488, 0.006134452298283577, -0.017380384728312492, 0.0651460587978363, 0.021296711638569832, 0.02776540070772171, 0.012079840525984764, -0.0005557975964620709, 0.02564518339931965, 0.0024325111880898476, 0.038839150220155716, -0.027400778606534004, -0.01613796502351761, -0.003973720595240593, 0.020108308643102646, -0.004783994983881712, -0.005553755443543196, 0.015462735667824745, 0.020634986460208893, 0.0006676323246210814, -0.0013656498631462455, -0.0006089718081057072, -0.024281222373247147, 0.014557929709553719, 0.0007849532994441688, 0.007251955568790436, 0.004250564146786928, 0.03146565333008766, 0.03986549749970436, -0.0026975383516401052, 0.0013310444774106145, -0.0007727147894911468, -0.004311334807425737, -0.0200542900711298, 0.02925090491771698, 0.003879188559949398, 0.001493943389505148, 0.016975248232483864, 0.01844724640250206, 0.028440630063414574, -0.01517913956195116, -0.015962405130267143, -0.005952140316367149, 0.006066929083317518, 0.030844444409012794, -0.021566802635788918, 0.010439034551382065, 0.012464720755815506, 0.006060176994651556, 0.001806236570701003, -0.01573282666504383, 0.015219653025269508, -0.007022378034889698, -0.031222572550177574, -0.004037867300212383, 0.017826035618782043, 0.03162771090865135, -0.01224189531058073, -0.008913017809391022, 0.012079840525984764, -0.008595660328865051, -0.005310673266649246, -0.031924810260534286, -0.005503113381564617, 0.01048630103468895, 0.0014584938762709498, 0.01067536510527134, -0.6313657760620117, 0.0070696440525352955, 0.010081163607537746, -0.003960215952247381, 0.008251293562352657, 0.03300517424941063, 0.0026080706156790257, 0.02457832172513008, -0.029034830629825592, 0.01519264467060566, 0.0029119234532117844, -0.004260692745447159, -0.0061310757882893085, -0.02024335414171219, 0.013383031822741032, -0.025753220543265343, -0.003869060194119811, -0.0015614662552252412, 0.013241233304142952, 0.02731974981725216, -0.008744210936129093, 0.0030638498719781637, 0.0034419780131429434, 0.007947441190481186, -0.012383692897856236, 0.025294065475463867, -0.020364895462989807, 0.018460750579833984, 0.04140501841902733, 0.01627301052212715, -0.05272185057401657, 0.0035719594452530146, 0.004625316243618727, 0.01500358060002327, 0.05326203629374504, -0.008426853455603123, -0.01266728900372982, 0.006512579973787069, 0.024308230727910995, 0.03837999701499939, -0.03856905922293663, -0.005979149602353573, 0.01828519068658352, -0.02573971636593342, -0.018271686509251595, -0.021809885278344154, 0.006732029374688864, -0.018217667937278748, 0.010972465388476849, 0.015233158133924007, -0.00027473364025354385, -0.0019446584628894925, -0.004260692745447159, 0.021850397810339928, 0.031060516834259033, -0.007238450925797224, 0.017650475725531578, -0.013031912967562675, -0.015692314133048058, 0.010209457017481327, -0.010418778285384178, -0.013923214748501778, -0.027846429497003555, -0.02587476186454296, -0.01517913956195116, 0.0015369892353191972, -0.019514108076691628, 0.006961607374250889, 0.005108104553073645, 0.011411364190280437, -0.005766452755779028, 0.009513971395790577, -0.024267716333270073, 0.02318735048174858, -0.0030216481536626816, 0.03746168315410614, 0.0032596662640571594, 0.022093480452895164, -0.030412297695875168, 0.015260167419910431, 0.005732690915465355, 0.01272805966436863, -0.01103998813778162, 0.010195952840149403, 0.019541116431355476, -0.005391700658947229, -0.057097334414720535, -0.015057598240673542, 0.023038800805807114, 0.01473348867148161, 0.020729519426822662, 0.020959096029400826, 0.0012137234443798661, -5.623388642561622e-05, -0.002056071301922202, 0.01661062426865101, 0.0045645455829799175, 0.010736135765910149, 0.0018366219010204077, -0.007927183993160725, 0.009473457932472229, -0.010783401317894459, 0.013085930608212948, -0.000706880004145205, 0.01074288785457611, 0.008872504346072674, -0.017839539796113968, 0.03892017900943756, 0.023957112804055214, -0.022633664309978485, 0.008737458847463131, -0.0052026365883648396, -0.02274169959127903, 0.00866993609815836, -0.004223555326461792, -0.0334913395345211, 0.020000271499156952, 0.00495955441147089, 0.015962405130267143, -0.02135073021054268, 0.020364895462989807, -0.005611150059849024, -0.01939256675541401, -0.02002728171646595, 0.009048063308000565, 0.00804197322577238, 0.004665829706937075, 0.0033626386430114508, -0.01879836432635784, 0.0004992471658624709, 0.034193579107522964, -0.0005359627539291978, 0.028089512139558792, -0.016286514699459076, 0.00026101808180101216, -0.010823914781212807, 0.0079136798158288, 0.007204689551144838, 0.006988616194576025, -0.022093480452895164, -0.0001043966767610982, 0.01499007549136877, 0.004375481512397528, 0.009169604629278183, -0.0029575014486908913, -0.00659360783174634, -0.04615863040089607, 0.011809748597443104, -0.013241233304142952, 0.022404085844755173, -0.0009368797182105482, -0.019527612254023552, -0.006634121295064688, -0.0018686952535063028, -0.0030250241979956627, -0.016732165589928627, -0.009466705843806267, -0.010769897140562534, -0.007859661243855953, -0.0032478496432304382, 0.018298696726560593, 0.033626385033130646, 0.0016576863126829267, 0.007508542388677597, -0.010965713299810886, -0.0005549535271711648, -0.015881378203630447, 0.026739053428173065, -0.00983808096498251, -0.019473593682050705, 0.0006144580547697842, -0.0111682815477252, -0.014395874924957752, -0.010371511802077293, -0.02507799118757248, 0.005793461576104164, -0.030142206698656082, -0.002668841276317835, -0.0038589315954595804, -0.0009208430419676006, 0.008541642688214779, 0.010074411518871784, 0.004243812058120966, 0.001796108204871416, 0.018433742225170135, 0.01785304583609104, 0.0005178159335628152, 0.021188674494624138, -0.015260167419910431, 0.001385062700137496, -0.01816365122795105, 0.0004443848447408527, 0.006532837171107531, 0.016259506344795227, -0.014746993780136108, -0.00810274388641119, 0.016475578770041466, 0.010364759713411331, -0.0034841797314584255, 0.01863631047308445, 0.0034082166384905577, -0.006252617109566927, 0.03392348811030388, -0.03114154562354088, 0.008784724399447441, -0.013794921338558197, -0.010087915696203709, -0.01205283123999834, 0.008258046582341194, 0.008095991797745228, 0.010385015979409218, -0.009973127394914627, -0.0005963112926110625, -0.007143918890506029, 0.018028603866696358, 0.00991910882294178, 0.014503911137580872, 0.00010233934153802693, 0.0064754425548017025, -0.02644195407629013, -0.02024335414171219, -0.005249902606010437, 0.0014281085459515452, -0.02002728171646595, -0.027279237285256386, 0.0028427124489098787, 0.02925090491771698, -0.0037373905070126057, -0.005881241522729397, -0.037542711943387985, -0.006330268457531929, 0.013369526714086533, 0.01705627515912056, 0.019595135003328323, -0.011134520173072815, 0.0005992653896100819, 0.016002919524908066, 0.024713367223739624, 0.006181718315929174, 0.006502451840788126, -0.01882537454366684, 0.03016921505331993, 0.022984782233834267, -0.010837419889867306, 0.033248256891965866, 0.030979489907622337, 0.02066199667751789, 0.015813855454325676, -0.025375092402100563, 0.01842023804783821, -0.011323584243655205, 0.029115859419107437, 0.0014458333607763052, 0.006566598545759916, -0.0038251702208071947, -0.012214886024594307, 0.032302938401699066, -0.0028224557172507048, 0.01639455184340477, 0.03173574432730675, 0.018204163759946823, -0.018622806295752525, 0.023551974445581436, 0.010587585158646107, 0.018906401470303535, 0.005705682095140219, -0.0043180868960917, -0.016178477555513382, -0.015395212918519974, -0.008197275921702385, -0.019919244572520256, -0.010844171978533268, -0.0022248784080147743, -0.017961081117391586, -0.0005043114069849253, 0.013241233304142952, -0.005543627310544252, 0.013497820124030113, 0.020716015249490738, 0.01243095938116312, -0.011316832154989243, 0.0032849872950464487, 0.042215295135974884, 0.020797042176127434, -0.0033795193303376436, -0.025564156472682953, -0.005736067425459623, -0.020797042176127434, -0.023173846304416656, 0.023646507412195206, 0.04156707599759102, 0.02736026421189308, 0.022498618811368942, 0.003609097097069025, -0.009507219307124615, -0.0036428584717214108, 0.01778552308678627, -0.0037880325689911842, 0.01160718034952879, -0.012890114448964596, 0.000501357251778245, -0.01563829556107521, -0.03151967376470566, 0.006323516368865967, 0.036219265311956406, -0.001718456856906414, 0.041053902357816696, -0.006161461118608713, 0.005698929540812969, -0.0035652071237564087, -0.012073088437318802, -0.00433496804907918, -0.011870519258081913, 0.004993315786123276, 0.0006971735856495798, 0.01851476915180683, -0.012552500702440739, -0.025888266041874886, -0.005601021461188793, 0.014152792282402515, -0.008048725314438343, -0.01029723696410656, -0.0011934665963053703, 0.001959851011633873, 0.04178314656019211, 0.0335453599691391, -0.00048236644943244755, -0.001968291588127613, -0.0011597052216529846, -0.012525491416454315, -0.011586923152208328, -0.046266667544841766, 0.010904942639172077, -0.010310741141438484, -0.013025159947574139, -0.020067794248461723, 0.012403950095176697, -0.028467638418078423, -0.0028747860342264175, -0.003916325978934765, 0.01286985818296671, 0.007170928176492453, -0.017326366156339645, -0.01594890095293522, -0.011931289918720722, -0.028359603136777878, -0.013909709639847279, 0.031411636620759964, 0.0025422358885407448, -0.0005638159345835447, 0.009655769914388657, 0.014719984494149685, -0.010114924982190132, -0.020459428429603577, -0.0015715946210548282, 0.016124458983540535, 0.011769235134124756, 0.015543763525784016, -0.007825899869203568, -0.002380180871114135, -0.013200719840824604, 0.00018030715000350028, 0.0057090581394732, -0.011721969582140446, -0.010709126479923725, 0.02908884920179844, 0.011006226763129234, -0.005324177909642458, -0.001645025797188282, -0.013416793197393417, -0.02764386124908924, 0.03843401372432709, -0.037947848439216614, -0.024146176874637604, 0.013484315946698189, 0.007373496890068054, -0.012073088437318802, -0.02533457800745964, 0.0016078881453722715, 0.01481451652944088, -0.018676824867725372, -0.008730705827474594, -0.0015403652796521783, -0.03130359947681427, 0.003416656982153654, -0.0018838879186660051, -0.007380248978734016, -2.6323366910219193e-05, 0.003349134000018239, -0.007650340441614389, -0.00829180795699358, -0.036624401807785034, -0.02226904034614563, 0.02498346008360386, -0.00025046762311831117, -0.018784860149025917, -0.02201245352625847, 0.010898190550506115, 0.025537146255373955, 0.020229849964380264, -0.015584276989102364, -0.019149484112858772, 0.005611150059849024, -0.009912356734275818, -0.01555726770311594, -0.03168172761797905, -0.004247188102453947, -0.014490406960248947, 0.012370188720524311, -0.009081825613975525, 0.011742225848138332, -0.024402763694524765, -0.03146565333008766, 0.02571270614862442, 0.01604343205690384, -0.015611286275088787, 0.03484179824590683, -0.02960202284157276, 0.024834908545017242, -0.0010060906643047929, -0.00928439386188984, 0.027184704318642616, -0.0031229325104504824, -0.024632340297102928, 0.015786845237016678, 0.030331270769238472, -0.037002529948949814, -0.01103998813778162, -0.0005828067078255117, -0.0023582361172884703, 0.016705157235264778, 0.023106323555111885, -0.022971278056502342, 0.006789423990994692, 0.01828519068658352, 0.004436252173036337, -0.008629421703517437, -0.021107647567987442, 0.009628760628402233, 0.020202841609716415, 0.0019446584628894925, 0.03281611204147339, -0.00046379768173210323, -0.03276209160685539, 0.005999406334012747, -0.02214749902486801, -0.0003044859040528536, 0.012120353989303112, -0.0034706750884652138, 0.007501790300011635, -0.015894882380962372, -0.02248511277139187, -0.030277252197265625, -0.008393092080950737, -0.0079136798158288, 0.023416928946971893, -0.02217450924217701, -0.03227593004703522, -0.04451107233762741, -0.013923214748501778, -0.0019159612711519003, 0.017839539796113968, -0.004844765644520521, -0.01234993152320385, -0.0018568787490949035, -0.0029929508455097675, -0.0021269700955599546, -0.03316723182797432, -0.0022890251129865646, -0.02833259291946888, 0.01832570508122444, 0.016880715265870094, -0.0007410634425468743, 0.0027920703869313, 0.026671530678868294, 0.01312644500285387, -0.00238524517044425, 0.010310741141438484, 0.008865752257406712, -0.019716676324605942, -0.0035820878110826015, 0.018973924219608307, 0.004183041397482157, 0.024119166657328606, 0.03770476579666138, 0.020540455356240273, -0.003030088497325778, 0.005867736879736185, 0.011316832154989243, 0.0012373564532026649, 0.004787371028214693, 0.029331931844353676, -0.02646896243095398, 0.03338330239057541, -6.39950576442061e-06, 0.007515294943004847, 0.04262043163180351, 0.01964915357530117, 0.014071764424443245, 0.008980540558695793, -0.0031972075812518597, -0.0036631154362112284, -0.012208133935928345, -0.03368040546774864, 0.024632340297102928, 0.008251293562352657, -0.0029726941138505936, -0.0128090875223279, -0.02207997627556324, 0.00013705031597055495, -0.013713893480598927, 0.0007579441298730671, 0.023619497194886208, 0.016408056020736694, 0.030790425837039948, -0.015260167419910431, -0.00833907350897789, -0.021755866706371307, 0.014328351244330406, -0.019217006862163544, -0.004939297679811716, 0.004554416984319687, 0.011019730940461159, 0.014422883279621601, 0.021944930776953697, -0.007569313049316406, 0.015935394912958145, -0.004291078075766563, -0.025253551080822945, 0.01224189531058073, -0.0010094668250530958, -0.013713893480598927, 0.015030589886009693, -0.008723953738808632, 0.012484977021813393, -0.02163432538509369, -0.0186093021184206, -0.013572095893323421, 0.025186028331518173, 0.007002120837569237, -0.01750192604959011, 0.012964390218257904, 0.004740105010569096, -0.03689449280500412, -0.013369526714086533, -0.00036209134850651026, 0.03597618266940117, 0.0029929508455097675, 0.03181677311658859, 0.0391092412173748, 0.002402125857770443, -0.014463397674262524, 0.01086442917585373, -0.016259506344795227, 0.0034419780131429434, 0.03257302939891815, 0.025159018114209175, -0.010634850710630417, -0.003085794858634472, 0.011094006709754467, -0.01538170874118805, -0.007792138494551182, -0.030250241979956627, 0.03759672865271568, -0.0073059736751019955, 0.029331931844353676, -0.00848087202757597, -0.027144191786646843, -0.02627989836037159, 0.005766452755779028, -0.01517913956195116, -0.017393888905644417, 0.004179665353149176, 0.026928117498755455, -0.04642872139811516, -0.00021121995814610273, 0.008366082794964314, 0.030520334839820862, 0.005617902148514986, -0.01234993152320385, -0.013693636283278465, 0.004827884957194328, 0.012923875823616982, -0.012714555487036705, -0.005860984791070223, 0.02387608401477337, -0.01197180338203907, -0.0005659260204993188, 0.029493987560272217, 0.023511461913585663, 0.016151469200849533, -0.019325044006109238, 0.0030351527966558933, 0.027144191786646843, -0.0034740513656288385, -0.009048063308000565, -0.010067658498883247, -0.0013403288321569562, -0.017042770981788635, 0.013464058749377728, -0.005287040024995804, -0.02012181282043457, -0.009237127378582954, 0.017164312303066254, 0.027279237285256386, 0.015111616812646389, -0.004047995898872614, 0.0032360332552343607, -0.034409649670124054, 0.01318721566349268, -0.004973059054464102, 0.0006887331837788224, 0.0008330633281730115, -0.02248511277139187, -0.014976571314036846, -0.0186633188277483, 0.007258707657456398, 0.016570109874010086, 0.013578847981989384, -0.018744347617030144, 0.006296507082879543, 0.016894221305847168, -0.035381980240345, 0.008710449561476707, -0.0270091462880373, 0.0013107876293361187, -0.008791476488113403, 0.006222231779247522, -0.0010195951908826828, -0.03057435341179371, 0.0015420534182339907, -0.003433537669479847, -0.010547071695327759, -0.011769235134124756, 0.0005790085415355861, -0.003229280933737755, 0.0015108240768313408, 0.001055044704116881, 0.010688869282603264, 0.0004988251603208482, 0.01740739494562149, -0.020553959533572197, -0.006100690923631191, 0.0038555555511265993, -0.008386339992284775, 0.014017746783792973, 0.028602685779333115, -0.023605993017554283, -0.011573418974876404, -0.010033897124230862, 0.009000797756016254, 0.01604343205690384, 0.0008360174833796918, -0.00608043372631073, -0.010493053123354912, -0.006391039118170738, -0.021013114601373672, -0.02908884920179844, -0.0307634174823761, -0.0021793004125356674, -0.020202841609716415, 0.02028386853635311, 0.03562506288290024, -0.0001796741271391511, 0.00846736691892147, 0.0057394434697926044, -0.005192507989704609, 0.02457832172513008, -0.05258680507540703, -0.017582952976226807, -0.02429472655057907, -0.020743023604154587, -0.009743548929691315, -0.023605993017554283, -0.010432282462716103, 0.04921066388487816, 0.01752893626689911, -0.02293076366186142, -0.0073059736751019955, 0.007515294943004847, -0.04772515967488289, 0.001560622127726674, 0.00039711882709525526, 0.0019058327889069915, 0.0317087359726429, 0.022822728380560875, -0.002501722192391753, 0.030277252197265625, 0.009419439360499382, 0.007711111102253199, 0.00030870610498823225, 0.001374934334307909, 0.016448570415377617, -0.0006655222387053072, 0.013322261162102222, -0.017231835052371025, 0.008588908240199089, -0.019541116431355476, 0.029764078557491302, 0.026212375611066818, 0.04659077525138855, 0.02760334685444832, -0.028224557638168335, 0.013484315946698189, -0.01870383322238922, 0.006421424448490143, 0.02116166613996029, 0.0013403288321569562, -0.008352578617632389, -0.03630029037594795, 0.010114924982190132, -4.942225132253952e-06, 0.017285853624343872, -0.02564518339931965, 0.02981809712946415, -0.02736026421189308, 0.018366219475865364, 0.008764468133449554, 0.0022603278048336506, 0.01648908294737339, -0.04904860630631447, -0.0097908154129982, 0.03368040546774864, -0.012187876738607883, -0.04027063399553299, 0.04137801006436348, 0.006728653330355883, -0.005016948562115431, -0.017015760764479637, 0.006431552581489086, -0.021647829562425613, 0.0032984919380396605, 0.01651609316468239, -0.004429500084370375, -0.004615187644958496, -0.013241233304142952, 0.00777863385155797, -0.023997625336050987, 0.030277252197265625, -0.011965051293373108, -0.0033693909645080566, -0.022633664309978485, 0.017366880550980568, 0.003303556004539132, -0.0028781620785593987, -0.014017746783792973, -0.026050319895148277, -0.007184432819485664, -0.01594890095293522, -0.005536874756217003, -0.004655701573938131, -0.011566666886210442, 0.0063775344751775265, 0.023605993017554283, 0.003916325978934765, -0.020324381068348885, -0.0195546206086874, 0.006961607374250889, 0.0006427332409657538, 0.013153454288840294, 0.19673462212085724, -0.007177680265158415, 0.014922552742064, 0.022350067272782326, -0.0335453599691391, -0.019622143357992172, 0.00939918216317892, -0.02179638110101223, -0.015395212918519974, 0.0035078127402812243, -0.02075652778148651, 0.01661062426865101, -0.04321463406085968, -0.004291078075766563, 0.007663845084607601, -0.00589136965572834, -0.028602685779333115, 0.021377738565206528, -0.04894057288765907, -0.02141825295984745, -0.013052169233560562, 0.006921093445271254, -0.05628705769777298, -0.00823103729635477, 0.03351834788918495, 0.0009478522115387022, -0.010904942639172077, 0.0326540581882, 0.016300018876791, 0.01809612661600113, -0.01594890095293522, -0.02217450924217701, -0.0024780891835689545, 0.027846429497003555, -0.015975909307599068, -0.018433742225170135, 0.021026620641350746, -0.006856946740299463, 0.026212375611066818, 0.028980813920497894, 0.006158085074275732, -0.02438925765454769, -0.0003589262196328491, -0.009534228593111038, -0.02368701994419098, 0.010702373459935188, -0.007042634766548872, -0.006867075338959694, 0.028089512139558792, -0.0049528018571436405, -0.02160731703042984, -0.01658361591398716, 0.02568569779396057, 0.006060176994651556, 0.019027942791581154, -0.012964390218257904, 0.02908884920179844, 0.011789492331445217, 0.005233021918684244, 0.03557104617357254, -0.017731504514813423, 0.016313523054122925, -0.01696174405515194, 0.0186093021184206, 0.005168875213712454, 0.04429499804973602, -0.010709126479923725, -0.005806966219097376, 0.004831261001527309, 0.0008837055065669119, 0.009662522003054619, -0.0064956992864608765, 0.0032309689559042454, -0.0279544647783041, -0.023416928946971893, 0.003033464541658759, 0.012653784826397896, 0.024362249299883842, 0.03408554196357727, 0.0116544459015131, -0.012417454272508621, -0.015624790452420712, -0.012660536915063858, 0.014922552742064, -0.019703172147274017, -0.02889978513121605, -0.011931289918720722, 0.0064551858231425285, 0.010445786640048027, -0.01851476915180683, -0.014085269533097744, -0.0036664914805442095, -0.03505787253379822, -0.029196886345744133, 0.0032174645457416773, 0.009102081879973412, -0.007636835798621178, 0.03335629403591156, 0.0028106390964239836, 0.020702509209513664, -0.026671530678868294, 0.004095261450856924, 0.0056449114345014095, 0.002689098007977009, 0.004378857556730509, 0.00521276518702507, 0.025820743292570114, -0.005651663523167372, -0.006914341356605291, 0.007542303763329983, 0.005921754986047745, -0.023605993017554283, -0.0014669342199340463, 0.014746993780136108, 0.020000271499156952, 0.006559845991432667, -0.019986767321825027, -0.03151967376470566, 0.0009351916378363967, 0.0013926590327173471, -0.01555726770311594, -0.012734811753034592, 0.00848087202757597, -0.009547732770442963, -0.0006022195448167622, -0.010817162692546844, -0.028035493567585945, -0.019000934436917305, 0.0017404018435627222, -0.05763751640915871, 0.01604343205690384, -0.00326135428622365, 0.011202042922377586, 0.002138786716386676, -0.008217532187700272, -0.0009849898051470518, 0.006846818141639233, 0.00879822950810194, 0.005999406334012747, 0.02274169959127903, -0.004503774922341108, 0.007373496890068054, 0.01898742839694023, 0.010466043837368488, -0.015219653025269508, -0.03322124853730202, -0.025105001404881477, 0.020013777539134026, -0.027211714535951614, -0.010229714214801788, -0.0186633188277483, -0.0010989345610141754, 0.02189091220498085, -0.012410702183842659, 0.0075760651379823685, -0.031033508479595184, -0.009615255519747734, -0.04305257648229599, 0.032897140830755234, 0.017609963193535805, 0.0038319225423038006, 0.036246273666620255, 0.021904416382312775, -0.011688207276165485, -0.01684020273387432, -0.024173185229301453, -0.1716701239347458, 0.012566004879772663, 0.020810546353459358, -0.00488865515217185, 0.023349406197667122, -0.018717337399721146, 0.020297372713685036, 0.02644195407629013, -0.008082486689090729, 0.019230511039495468, 0.019595135003328323, -0.010796905495226383, -0.023349406197667122, -0.001410383847542107, -0.01885238289833069, 0.010351254604756832, -0.025631679221987724, 0.02280922420322895, 0.03470675274729729, 0.011938042007386684, 0.028845766559243202, -0.02391659840941429, 0.03016921505331993, 0.010141934268176556, -0.01110075879842043, -0.01028373185545206, -0.012086592614650726, 0.0053748199716210365, -0.0011462005786597729, -0.025010468438267708, -0.005752948112785816, -0.026266394183039665, 0.022593149915337563, -0.007150671444833279, 0.009507219307124615, -0.029926132410764694, -0.01544923149049282, 0.0014036315260455012, -0.004166160710155964, -0.0014070076867938042, -0.008082486689090729, 0.007042634766548872, 0.005867736879736185, -0.008730705827474594, -0.010466043837368488, 0.02488892711699009, 0.03613823652267456, 0.031060516834259033, 0.006890708114951849, 0.0017859797226265073, 0.01870383322238922, -0.02488892711699009, 0.0026215752586722374, 0.0050270771607756615, 0.022822728380560875, 0.02106713317334652, -0.002037502359598875, 0.00777863385155797, -0.012991398572921753, 0.01500358060002327, -0.013214224018156528, -0.05126335844397545, -0.00329680391587317, -0.008487624116241932, -0.014760497957468033, -0.003190455259755254, -0.00871720165014267, -0.0008106963941827416, -0.0057428195141255856, 0.0007879073964431882, 0.020743023604154587, -0.007684101816266775, -0.00682993745431304, -0.0002432933251839131, 0.009615255519747734, 0.012424207292497158, -0.024402763694524765, -0.0027262356597930193, -0.00282752001658082, -0.0020256859716027975, -0.008568651042878628, 0.03694850951433182, 0.01778552308678627, 0.015300680883228779, -0.03057435341179371, 0.01904144696891308, 0.021377738565206528, 0.009500467218458652, 0.011553161777555943, 0.0008385495748370886, 0.02779241092503071, -0.05288390815258026, 0.00018210071721114218, -0.0465637668967247, 0.02021634578704834, 0.008825237862765789, 0.016056936234235764, 0.007488285657018423, 0.002229942474514246, -0.020648492500185966, 0.006451809778809547, 0.01639455184340477, -0.01028373185545206, 0.014557929709553719, 0.01844724640250206, 0.02394360676407814, -0.00810274388641119, 0.004507150966674089, 0.052235689014196396, 0.015719322487711906, -0.014449892565608025, 0.021310215815901756, 0.02773839235305786, 0.032329946756362915, -0.02160731703042984, -0.004058124031871557, 0.025253551080822945, -0.00659360783174634, 0.0035820878110826015, 0.0008862375980243087, 0.032681066542863846, 0.0038521792739629745, -0.02043241821229458, 0.001462714048102498, -0.012248647399246693, -0.031168553978204727, -0.09993384033441544, -0.039406344294548035, 0.0002593300014268607, 0.01608394645154476, 0.0016889156540855765, 0.011134520173072815, -0.009750301949679852, -0.012167620472609997, -0.01397723238915205, 0.007954193279147148, -0.01648908294737339, -0.00892652291804552, -0.0075355516746640205, -0.007663845084607601, 0.015098112635314465, 0.01651609316468239, 0.02391659840941429, -0.008980540558695793, -0.030331270769238472, 0.04410593584179878, -0.023227864876389503, -0.02167483977973461, 9.827741450862959e-05, -0.011397859081625938, 0.006499075796455145, 0.00043045825441367924, -0.02764386124908924, 0.021593810990452766, 0.01655660569667816, 0.006252617109566927, 0.02741428278386593, 0.004507150966674089, 0.019986767321825027, -0.0070899007841944695, -0.012761821039021015, -0.003156693885102868, -0.01800159551203251, -0.0026519603561609983, 0.002662088954821229, -0.028224557638168335, 0.0010482924990355968, 0.0018805117579177022, 0.0026671530213207006, -0.02024335414171219, -0.007663845084607601, 0.015975909307599068, 0.010560575872659683, 0.03146565333008766, -0.006070305593311787, -0.02217450924217701, -0.02779241092503071, 0.028224557638168335, -0.0036833721678704023, -0.009905603714287281, 0.046644795686006546, -0.010256722569465637, 0.009709787555038929, -0.0064551858231425285, -0.03684047609567642, -0.0055841407738626, 0.012403950095176697, 0.003950087353587151, -0.017569448798894882, 0.024632340297102928, 0.015246662311255932, 0.0030554095283150673, -0.013464058749377728, -0.01097921747714281, 0.0070358822122216225, -0.021337224170565605, -0.016313523054122925, 0.011694960296154022, -0.030790425837039948, 0.04580751061439514, -0.012133858166635036, 0.011850262992084026, -0.02719821035861969, -0.0158273596316576, 0.007569313049316406, -0.004513903521001339, -0.013639618642628193, 0.019122475758194923, 0.007258707657456398, 0.003615849418565631, 0.01066185999661684, -0.0007883294601924717, -0.010087915696203709, 0.00727221230044961, 0.011154777370393276, -0.033626385033130646, -0.01844724640250206, 0.040162600576877594, 0.016664642840623856, -0.0034031523391604424, -0.008879256434738636, -0.005043957848101854, -0.018865888938307762, -0.0006912653334438801, -0.02596929296851158, -0.014017746783792973, -0.021472271531820297, -0.02318735048174858, -0.0493997260928154, 0.006374158430844545, -0.030655380338430405, -0.005324177909642458, -0.015246662311255932, -0.019757190719246864, -0.01667814701795578, 0.017380384728312492, -0.024591827765107155, 0.00402098661288619, -0.008676688186824322, 0.02533457800745964, -0.034166570752859116, -0.025253551080822945, 0.0010812098626047373, 0.006715148687362671, 0.002457832219079137, -0.010709126479923725, 0.004783994983881712, 0.0044666375033557415, -0.012525491416454315, -0.02214749902486801, 0.014314847066998482, -0.024402763694524765, 0.0030672261491417885, 0.03748869523406029, -0.01715080812573433, 0.021499279886484146, -0.0032326572109013796, 0.0012500169686973095, 0.01639455184340477, -0.022971278056502342, -0.009925860911607742, 0.019757190719246864, 0.01898742839694023, -0.026860594749450684, -0.011012978851795197, 0.03211387246847153, 0.011951547116041183, -0.023646507412195206, 0.0015893194358795881, -0.02776540070772171, -0.009858338162302971, -0.013416793197393417, -0.006120947655290365, -0.00810274388641119, -0.0475631058216095, -0.008095991797745228, 0.012093344703316689, 0.006056800950318575, 0.01835271343588829, 0.02448379062116146, -0.027427786961197853, -0.01234993152320385, -0.010574080049991608, -0.02153979428112507, 0.031384628266096115, -0.0011166593758389354, -0.0111817866563797, -0.014233819209039211, 0.027468301355838776, 0.008588908240199089, -0.0010491365101188421, -0.011620684526860714, -0.005016948562115431, -0.010817162692546844, 0.0017243651673197746, 0.0181906595826149, 0.011688207276165485, 0.00796094536781311, -0.004709719680249691, 0.015422222204506397, 0.005364691372960806, 0.017042770981788635, 0.011188538745045662, 0.0011689895763993263, -0.00300814351066947, -0.008332321420311928, -0.004125646781176329, 0.021404746919870377, -0.0058170948177576065, 0.010641603730618954, -0.01936555653810501, 0.023227864876389503, -0.0031870792154222727, 0.032519012689590454, -0.0019750436767935753, 0.012647032737731934, -0.026455458253622055, -0.0010322558227926493, -0.02580723911523819, 0.017704494297504425, -0.005496361292898655, 0.021175170317292213, -0.023700525984168053, -0.012734811753034592, -0.016178477555513382, -0.007981202565133572, -0.004915664438158274, 0.01948709785938263, -0.005942012183368206, -0.013686884194612503, -0.02021634578704834, -0.01205283123999834, -0.022593149915337563, 0.03694850951433182, -0.003919702023267746, -0.03151967376470566, 0.022660672664642334, -0.004091885406523943, -0.0011377602349966764, -0.03200583904981613, -0.012154115363955498, 0.005185755901038647, -0.017839539796113968, 0.002521978924050927, 0.008757715113461018, -0.01788005419075489, -0.028413621708750725, 0.03111453540623188, -0.013302003964781761, 0.03835298493504524, 0.027535824105143547, -0.014287837781012058, 0.022066472098231316, 0.010877933353185654, 0.014206810854375362, -0.027846429497003555, 0.026333916932344437, 0.006245865020900965, -0.0007161643588915467, 0.01585436798632145, 0.008690192364156246, -0.004574674181640148, -0.03503086045384407, 0.008345825597643852, 0.010249970480799675, -0.002759997034445405, -0.008447110652923584, 0.0651460587978363, -0.003791408846154809, -0.036786455661058426, -0.008055477403104305, 0.005698929540812969, 0.02457832172513008, 0.016097450628876686, -0.0010145310079678893, -0.028062501922249794, -0.028467638418078423, 0.0048548937775194645, -0.0048143803142011166, 0.001669502817094326, 0.012525491416454315, -0.03133060783147812, -0.0036563631147146225, -0.030520334839820862, -0.017555944621562958, -0.002781942021101713, -0.01731286197900772, 0.018771355971693993, 0.010202704928815365, 0.03713757544755936, 0.0029338684398680925, -0.019797703251242638, -0.027589842677116394, 0.0007064579403959215, 0.0022569517605006695, -0.007076396141201258, -0.003205647924914956, 0.004979811143130064, 0.007447771728038788, -0.02981809712946415, -0.019352052360773087, 0.014341856352984905, 0.012613271363079548, -0.021863903850317, 0.0024915935937315226, -0.002262015827000141, 0.01698875240981579, 0.011728721670806408, 0.02349795587360859, -0.004787371028214693, -0.023416928946971893, -0.0003688436408992857, 0.0019176492933183908, -0.011647693812847137, -0.007184432819485664, -0.011978556402027607]"
19122,"Find documents with $gte or $lte which has numbers as string values in arrays<p>I have a MongoDB collection that contains documents as follows:</p>
<pre class=""lang-json prettyprint-override""><code>{
 &quot;_id&quot;: ObjectId(.....),
 &quot;name&quot;: &quot;John&quot;,
 &quot;contacts&quot;: [
    {
      &quot;name&quot;: &quot;henry&quot;,
      &quot;age&quot;: &quot;22&quot;
    },
    {
      &quot;name&quot;: &quot;merry&quot;,
      &quot;age&quot;: &quot;12&quot;
    }
 ]
}
</code></pre>
<p>I want to find documents which have <code>contacts.age</code> is less than 20. I tried the following mongo query but had no luck. Anyone can help me out?</p>
<pre class=""lang-java prettyprint-override""><code>document.Users.find({'$expr':{'$lte': [{'$toInt':'$contacts.age'}, '20'] }})
</code></pre>
<p>Above query gives following error:</p>
<pre><code>Query failed with error code 241 and error message 'Executor error during find command :: 
caused by :: 
Unsupported conversion from array to int in $convert with no onError value' on server
</code></pre>
","@DarshanMehta, One more thing: How to alter this line to be ""2 months"" instead of ""1 year""? ""WHEN FLOOR(DATEDIFF(NOW(), hiredate) / 365) < 1 THEN '0'","Embed Field: Find documents with $gte or $lte which has numbers as string values in arrays<p>I have a MongoDB collection that contains documents as follows:</p>
<pre class=""lang-json prettyprint-override""><code>{
 &quot;_id&quot;: ObjectId(.....),
 &quot;name&quot;: &quot;John&quot;,
 &quot;contacts&quot;: [
    {
      &quot;name&quot;: &quot;henry&quot;,
      &quot;age&quot;: &quot;22&quot;
    },
    {
      &quot;name&quot;: &quot;merry&quot;,
      &quot;age&quot;: &quot;12&quot;
    }
 ]
}
</code></pre>
<p>I want to find documents which have <code>contacts.age</code> is less than 20. I tried the following mongo query but had no luck. Anyone can help me out?</p>
<pre class=""lang-java prettyprint-override""><code>document.Users.find({'$expr':{'$lte': [{'$toInt':'$contacts.age'}, '20'] }})
</code></pre>
<p>Above query gives following error:</p>
<pre><code>Query failed with error code 241 and error message 'Executor error during find command :: 
caused by :: 
Unsupported conversion from array to int in $convert with no onError value' on server
</code></pre>; Answer: @DarshanMehta, One more thing: How to alter this line to be ""2 months"" instead of ""1 year""? ""WHEN FLOOR(DATEDIFF(NOW(), hiredate) / 365) < 1 THEN '0'","[-0.014364144764840603, 0.03201465308666229, 0.01561022363603115, -0.028509197756648064, -0.010577980428934097, 0.02711249329149723, -0.013925963081419468, -0.018499484285712242, -0.032726697623729706, -0.01949908584356308, 0.010215111076831818, 0.005340339615941048, -0.008085821755230427, -0.00838022492825985, 0.00611058110371232, 0.030481016263365746, -0.0004570098244585097, -0.010434201918542385, 0.0005734018632210791, -0.009153889492154121, -0.025236528366804123, -0.002189196879044175, -0.0004865357477683574, -0.013001672923564911, -0.041106920689344406, -0.009646844118833542, 0.016541359946131706, -0.009701617062091827, -0.009174429811537266, -0.0014026949647814035, 0.02110118791460991, -0.024921584874391556, -0.028591357171535492, -0.01308383233845234, -0.023319482803344727, -0.0010749144712463021, 0.012289627455174923, -0.010393122211098671, 0.05050044134259224, 0.007633947301656008, 0.036232151091098785, -0.01633596234023571, -0.006901361979544163, -0.013152298517525196, -0.004549558740109205, 0.042257148772478104, 0.018937665969133377, -0.032507605850696564, -0.009927554987370968, 0.004662527237087488, 0.002026590518653393, 0.025578858330845833, -0.027906697243452072, -0.0014446303248405457, -0.0019615478813648224, -0.016199029982089996, 0.018937665969133377, 0.028043629601597786, -0.0035568031016737223, 0.02475726790726185, -0.014610622078180313, -0.0004899590276181698, -0.016431814059615135, -0.0036595019046217203, -0.02779715321958065, 0.0043510072864592075, -0.001809211215004325, 0.007764032110571861, -0.005306106526404619, -0.011324258521199226, 0.011954144574701786, 0.0010030253324657679, 0.005658706184476614, 0.0014899889938533306, 0.010934002697467804, -0.016021018847823143, 0.004830268677324057, 0.0002971847716253251, 0.013700025156140327, -0.0007976276683621109, 0.005829870700836182, -0.007373776752501726, -0.036615557968616486, 0.007969429716467857, -0.007620254065841436, 0.020279597491025925, -0.010119259357452393, 0.0096126114949584, -0.0030244807712733746, -0.008277526125311852, -0.00016046693781390786, -0.002995382761582732, 0.025263914838433266, 0.018869200721383095, -0.0015593107091262937, 0.01671937108039856, -0.0034164481330662966, 0.016199029982089996, -0.01045474223792553, -0.0009679365903139114, -0.023867210373282433, 0.01656874641776085, -0.015144655480980873, 0.003745084395632148, -0.02529130131006241, 0.006155083887279034, 0.018033916130661964, -0.012707269750535488, -0.00927028153091669, -0.033575672656297684, 0.007099912967532873, 0.0021429825574159622, 0.024319086223840714, -0.008667781949043274, -0.009160736575722694, -0.011091474443674088, -0.0057579814456403255, -0.021416131407022476, -0.03557487949728966, 0.0009559550089761615, 0.01759573444724083, -0.011687127873301506, 0.04600907862186432, -0.0464746467769146, 0.01686999574303627, -0.018595336005091667, -0.009400366805493832, -0.016390735283493996, -0.014459996484220028, -0.012864741496741772, 0.02905692532658577, 0.03239805996417999, 0.0010800494346767664, 0.03190510720014572, -0.02181323431432247, 0.0073669301345944405, -0.010276730172336102, -0.0004814008134417236, -0.017582042142748833, -0.021648915484547615, 0.008407611399888992, 0.006535069551318884, -0.0037108513060957193, -0.01323445700109005, -0.023620733991265297, 0.02022482454776764, 0.018745960667729378, -0.02106010913848877, -0.006001035682857037, -0.00449478579685092, 0.018253007903695107, 0.020498689264059067, 0.023141471669077873, 0.003584189573302865, -0.006117427721619606, -0.012399173341691494, 0.013515166938304901, -0.010557441040873528, 0.001947854645550251, -0.005840140860527754, 0.0013085544342175126, 0.00010580119851510972, 0.012590877711772919, 0.005785367917269468, 0.005206831265240908, 0.02216925658285618, -0.0005053638597019017, -0.0015113846166059375, -0.026099199429154396, -0.007811958435922861, 0.0013761644950136542, 0.01828039437532425, -0.016596132889389992, 0.02236096002161503, -0.0005909462342970073, -0.008250140585005283, 0.022155562415719032, 0.0137068722397089, -0.020170051604509354, -0.02086840383708477, -0.010174031369388103, 0.026838630437850952, 0.0071957651525735855, 0.035246241837739944, -0.01472016703337431, -0.0035978825762867928, -0.011913065798580647, 0.00343698775395751, -0.011399570852518082, 0.002733500674366951, 0.002714672591537237, 0.003058713860809803, -0.01087238360196352, -0.014076587744057178, -0.6125780344009399, -0.03012499213218689, -0.02148459665477276, -0.00851031020283699, 0.007620254065841436, 0.0028978190384805202, -0.008202213793992996, 0.024387551471590996, -0.041189081966876984, 0.016089484095573425, -0.0016585863195359707, 0.00772979948669672, -0.01281681563705206, -0.00493981409817934, 0.01409028097987175, -0.011426957324147224, -0.0024236927274614573, -0.03601305931806564, 0.024017835035920143, 0.014377838000655174, -0.03803965076804161, 0.012426559813320637, 0.0032778047025203705, 0.02867351658642292, 0.0032213202212005854, -0.004066874273121357, -0.005785367917269468, -0.013035906478762627, 0.019814029335975647, 0.039545901119709015, -0.015007724054157734, 0.018896587193012238, 0.0027831385377794504, 0.02559255063533783, 0.05088385194540024, -0.008099514991044998, -0.013152298517525196, 0.0026410717982798815, -0.006230396218597889, 0.043434761464595795, -0.02935817465186119, -0.0069287484511733055, 0.031357377767562866, -0.018992438912391663, 0.00042470250627957284, -0.000588806695304811, 0.01458323560655117, -0.005028819665312767, 0.02330579049885273, -0.034369878470897675, 0.006446063984185457, 0.022826528176665306, -0.008202213793992996, 0.006446063984185457, 0.006850012578070164, -0.0038854393642395735, 0.01384380366653204, -0.015623916871845722, 0.0201837457716465, -0.019622325897216797, 0.0001274107489734888, 0.0023295520804822445, -0.033794764429330826, -0.005511504597961903, -0.044228967279195786, 0.024182153865695, 0.01033835019916296, 0.003161412663757801, 0.0076407939195632935, 0.003960751928389072, 0.005446461960673332, 0.02010158635675907, -0.011741900816559792, 0.007510708644986153, 0.026249824091792107, 0.01462431438267231, 0.031056128442287445, -0.015500678680837154, -0.031056128442287445, 0.014227212406694889, 0.031056128442287445, -0.014610622078180313, -0.023319482803344727, 0.0039812917821109295, 0.007989970035851002, -0.02029329165816307, -0.034862831234931946, -0.019252609461545944, 0.009338747709989548, -0.004984316881746054, -0.002877279184758663, 0.04165465012192726, 0.023360563442111015, -0.02677016519010067, 0.006059231702238321, -0.019403234124183655, 0.0036081525031477213, -0.014076587744057178, 0.030864425003528595, -0.03201465308666229, -0.01869118958711624, 0.004042910877615213, -0.0023415335454046726, 0.007586020976305008, 0.023634426295757294, 0.011023009195923805, -0.02125181257724762, -0.007620254065841436, 0.023059312254190445, -0.03130260482430458, -0.027057720348238945, -0.0006773844361305237, -0.01060536690056324, -0.008120055310428143, -0.01629488170146942, -0.03305533155798912, 0.015199428424239159, 0.00038512065657414496, -0.0175135750323534, -0.007086219731718302, -0.0011493711499497294, 0.028344878926873207, 0.017773745581507683, -0.012056843377649784, 0.0018708305433392525, 0.004176419693976641, 0.001983799273148179, 0.014514769427478313, -0.0006572725833393633, -0.006723350845277309, 0.017116473987698555, -0.02116965502500534, 0.016349654644727707, 0.0014215231640264392, 0.009626304730772972, -0.009982326999306679, 0.006911632139235735, -0.023908289149403572, 0.017116473987698555, -0.010434201918542385, 0.005648436024785042, 0.01569238305091858, 0.017417723312973976, -0.02535976655781269, 0.029604652896523476, -0.018074994906783104, -0.033493515104055405, 0.003457527607679367, -0.02638675458729267, -0.0035465331748127937, -0.03176817297935486, 0.0017296195728704333, -0.002928628586232662, 0.019252609461545944, 0.004645410925149918, -0.005258180666714907, 0.0031117748003453016, -0.0361773781478405, 0.0026958445087075233, -0.038779083639383316, -0.01691107638180256, 0.02954987995326519, -0.016308575868606567, -0.01287158764898777, -0.02014266513288021, -0.03308271989226341, -0.020019426941871643, 0.025715788826346397, -0.005853834096342325, -0.019581245258450508, -0.0034643742255866528, -0.0013145451666787267, -0.004600908141583204, -0.0177052803337574, -0.011639202013611794, 0.008955338969826698, -0.029495107010006905, -0.010728605091571808, -0.008825253695249557, -0.016596132889389992, 0.021429823711514473, 0.02037544921040535, 0.0051144021563231945, 0.007900964468717575, 0.005206831265240908, 0.01819823496043682, -0.00021363497944548726, 0.02509959600865841, -0.03206942602992058, 0.037683628499507904, 0.007086219731718302, 0.0144736897200346, -0.02802993729710579, 0.004854231607168913, -0.0025024283677339554, 0.03510931134223938, 0.01629488170146942, 0.0035225702449679375, 0.002319282153621316, -0.005412228871136904, 0.02147090435028076, 0.01580192893743515, 0.006802086718380451, -0.0012075671693310142, 0.005645012948662043, -0.028454424813389778, -0.008914259262382984, -0.0054909647442400455, 0.02924862876534462, 0.006302285473793745, 0.00040202317177318037, -0.038751695305109024, 0.002315858844667673, 0.012323861010372639, 0.005734018515795469, 0.020389143377542496, 0.0012092788238078356, -0.008325452916324139, -0.01949908584356308, -0.01789698377251625, 0.01732187159359455, -0.0038340899627655745, 0.0331374928355217, 0.0043373145163059235, -0.00023513755877502263, 0.027961470186710358, -0.003765624016523361, 0.007736646104604006, -0.0025897223968058825, -0.012905821204185486, 0.0234153363853693, -0.002670169807970524, 0.007202611770480871, 0.02037544921040535, -0.00043347469181753695, 0.013665792532265186, 0.023429028689861298, -0.015185735188424587, 0.01995096169412136, -0.020060507580637932, -0.008010509423911572, 0.034178175032138824, 0.019745564088225365, -0.03590351343154907, 0.014227212406694889, 0.00386489974334836, -0.005473847966641188, 0.019334768876433372, 0.0043373145163059235, 0.0407508984208107, 0.003476355690509081, 0.003433564445003867, -0.03658817335963249, -0.002158387331292033, 0.00987962819635868, 0.004320197738707066, 0.004457129631191492, 0.02140243910253048, -0.01126948557794094, 0.0072368448600173, 0.030070221051573753, -0.031439539045095444, 0.02409999445080757, -0.01399442832916975, 0.026646925136446953, 0.017006928101181984, -0.001509672962129116, -0.008537696674466133, -0.010078179650008678, -0.020060507580637932, 0.009174429811537266, -0.04483146592974663, 0.0010406816145405173, -0.035328399389982224, 0.0055525838397443295, -0.009831702336668968, -0.0011519386898726225, 0.014555849134922028, 0.029522493481636047, 0.014843405224382877, -0.007140992674976587, -0.009934401139616966, 0.011125707998871803, 0.010557441040873528, -0.0004300513828638941, -0.01888289302587509, -0.009078577160835266, 0.02227880246937275, 0.0013128335122019053, 0.010290423408150673, 0.029139084741473198, 0.014898178167641163, 0.01048897486180067, -0.01462431438267231, -0.0044708228670060635, 0.037190672010183334, 0.019855109974741936, 0.015815621241927147, 0.025948572903871536, 0.024127380922436714, -0.0005443038535304368, 0.03401385620236397, -0.018554257228970528, -0.020306983962655067, 0.04058658331632614, -0.019855109974741936, -0.0096126114949584, -0.026263516396284103, 0.0017107914900407195, 0.008674629032611847, 0.004364700522273779, 0.01182406023144722, -0.016856303438544273, 0.014001275412738323, 0.0036081525031477213, -0.00013425733777694404, -7.370781531790271e-05, -0.007859884761273861, 0.026975562795996666, -0.006545339245349169, 0.008524003438651562, -0.028262721374630928, -0.029412947595119476, 0.012084229849278927, 0.03888862580060959, 0.028344878926873207, 0.008017356507480145, -0.0069595579989254475, 0.007538094650954008, 0.013549400493502617, -0.018074994906783104, -0.025578858330845833, -0.005090439226478338, -0.00622697314247489, -0.009448293596506119, -0.011132554151117802, 0.04173680767416954, -0.030070221051573753, 0.00693901814520359, -0.0037245445419102907, 0.005340339615941048, -0.003738237777724862, -0.013563093729317188, 0.008284373208880424, -0.002983401296660304, 0.01702062040567398, 0.02056715451180935, 0.044119421392679214, 0.025072209537029266, -0.007825651206076145, 0.012864741496741772, 0.010276730172336102, -0.004368124064058065, -0.013850649818778038, -0.004802882205694914, 0.011522809974849224, 0.03820396959781647, -0.012008917517960072, 0.010119259357452393, 0.04458498954772949, 0.024497097358107567, 0.005569700617343187, 0.03688942268490791, -0.01667829230427742, -0.003252130001783371, 0.025003744289278984, -0.0096126114949584, -0.005966802593320608, 0.022141870111227036, -0.025373460724949837, -0.0434073768556118, 0.019622325897216797, 0.010078179650008678, 0.02356596104800701, 0.011420111171901226, -0.016856303438544273, -0.018869200721383095, -0.017308177426457405, 0.015308973379433155, 0.01710277982056141, 0.0013847226509824395, -0.015582837164402008, -0.02829010784626007, -0.053293850272893906, 0.0013693178771063685, -0.02234726771712303, 0.04288703575730324, 0.00487477146089077, -0.026783857494592667, -0.024647722020745277, -0.0339043103158474, 0.0005939416005276144, -0.02559255063533783, 0.01832147315144539, -0.011673434637486935, -0.030946584418416023, -0.020923176780343056, 0.031932491809129715, 0.04058658331632614, 0.020005734637379646, 0.011741900816559792, 0.01584300771355629, 0.012714116834104061, -0.012926360592246056, -0.013254997320473194, -0.014459996484220028, 0.009626304730772972, 0.007647640071809292, 0.00974954292178154, -0.021347666159272194, 0.0006983521161600947, 0.007503862027078867, -0.0167604498565197, 0.04463976249098778, 0.001736466190777719, -0.010879230685532093, 0.011468037031590939, -0.008791021071374416, 0.0030450206249952316, 0.023387949913740158, 0.017582042142748833, 0.028002550825476646, -0.0074696289375424385, -0.016555052250623703, -0.016157951205968857, -0.008065282367169857, -0.019526472315192223, -5.150988727109507e-05, -0.02974158339202404, 0.0021669454872608185, 0.018376246094703674, 0.025469312444329262, -0.013693179003894329, -0.027290504425764084, -0.0066548846662044525, -0.00963315088301897, 0.014377838000655174, 0.00027407752349972725, 0.009468832984566689, 0.0006863705930300057, 0.007332697045058012, 0.02954987995326519, 0.01270042359828949, -0.014035508036613464, -0.00037549264379777014, -0.011447497643530369, 0.022716984152793884, 0.002576029160991311, -0.018020223826169968, 0.004087413661181927, -0.01584300771355629, -0.023963062092661858, -0.00011853157775476575, 0.008832099847495556, 0.014391530305147171, 0.005600510165095329, 0.0064700269140303135, -0.017924370244145393, -0.05214362591505051, 0.006579572334885597, -0.001869118888862431, -0.011283178813755512, 0.0011048683663830161, -0.013433008454740047, 0.01085184421390295, -0.026509994640946388, -0.004833692219108343, -0.017184939235448837, 0.0040121013298630714, -0.02638675458729267, -0.015021417289972305, 0.015432212501764297, 0.012344400398433208, 0.006305708549916744, -0.006107157561928034, 0.03286362811923027, -0.0049500842578709126, -0.016541359946131706, -0.03738237917423248, -0.04088783264160156, -0.002018032129853964, 0.015856700018048286, 0.028591357171535492, 0.0015601665945723653, 0.03784794732928276, -0.029385561123490334, 0.03442465141415596, -0.019896188750863075, 0.0038272433448582888, 0.01823931373655796, 0.00896903220564127, 0.026017040014266968, -0.0017279080348089337, -0.006761007010936737, 0.023251017555594444, 0.009379827417433262, 0.03908033296465874, -0.03042624332010746, 0.013960195705294609, 0.021731074899435043, -0.016596132889389992, 0.011420111171901226, -0.014062894508242607, -0.040312718600034714, -0.01660982519388199, 0.026290902867913246, -0.0073874699883162975, -0.01836255192756653, -0.040422264486551285, 0.002004339126870036, 0.03294578939676285, -0.000742854957934469, -0.007007484324276447, -0.012139002792537212, 0.024880506098270416, 0.0036766184493899345, -0.0063365185633301735, -0.03176817297935486, -0.0040839905850589275, -0.01260457094758749, -0.020594540983438492, -0.009592072106897831, -0.024702494964003563, -0.01009187288582325, -0.007900964468717575, 0.007264231331646442, -0.01062590628862381, -0.006507683079689741, -0.007736646104604006, 0.006422100588679314, -0.017623120918869972, -0.01138587761670351, -0.011906218715012074, -0.039436355233192444, -0.004765226040035486, -0.00772979948669672, -0.007229998242110014, 0.0087567875161767, 0.032507605850696564, 0.034479424357414246, 0.004932967480272055, 0.0234153363853693, -0.01233755424618721, 0.00039753009332343936, 0.01481601968407631, -0.014391530305147171, 0.04789873957633972, 0.016185337677598, 0.034178175032138824, 0.015158348716795444, -0.0037861638702452183, -0.02048499509692192, 0.024428630247712135, 0.03264453634619713, 0.013515166938304901, 0.023442720994353294, 0.029960675165057182, -0.03179556131362915, -0.015664996579289436, -0.01580192893743515, -0.0019752411171793938, -0.003563649719581008, -0.023374255746603012, 0.03409601375460625, 0.002877279184758663, -0.010530054569244385, -0.007188919000327587, 0.0076407939195632935, -0.04398249089717865, 0.012892127968370914, 0.0051965611055493355, 0.006781546864658594, -0.007531248033046722, 0.00927028153091669, -0.00779826520010829, 0.020923176780343056, -0.011755594052374363, 0.02273067645728588, 0.025003744289278984, 0.0028430463280528784, -0.028125789016485214, -0.026071812957525253, 0.0103794289752841, 0.03278147056698799, -0.005662129260599613, 0.031658630818128586, -0.02638675458729267, 0.0013479222543537617, 0.005141788627952337, 0.018458405509591103, 0.007051987107843161, -0.0058983368799090385, -0.0008601027657277882, 0.028618743643164635, -0.01058482751250267, -0.016199029982089996, 0.019594939425587654, -0.008955338969826698, -0.0007535527111031115, 4.84342708659824e-05, -0.003472932381555438, -0.008496616967022419, 0.007716106250882149, 0.008948491886258125, 0.039545901119709015, 0.005857257172465324, -0.005638166330754757, -0.011871986091136932, -0.025044823065400124, 0.019430620595812798, 0.0010261326096951962, -0.016993233934044838, 0.011687127873301506, -0.01150226965546608, -0.020128972828388214, 0.0009337036171928048, -0.006723350845277309, 0.03267192468047142, -0.009037497453391552, -0.0008160278666764498, 0.04064135253429413, 0.026564765721559525, -0.009249742142856121, 0.007702413015067577, 0.0005520062404684722, -0.020238518714904785, -0.02227880246937275, -0.0006932171527296305, -0.010420508682727814, -0.015528064221143723, -0.009133350104093552, -0.014501076191663742, -0.031439539045095444, -0.02319624461233616, 0.007510708644986153, -0.004648834001272917, 0.005528620909899473, -0.018485791981220245, -0.0016089484561234713, 0.0029423218220472336, 0.028454424813389778, -0.00826383288949728, -0.008448691107332706, 0.03483544662594795, -0.0232373233884573, 0.02204601839184761, -0.013070139102637768, -0.010427355766296387, 0.010906617157161236, -0.01954016648232937, 0.023387949913740158, -0.017280790954828262, -0.03264453634619713, -0.01644550822675228, -0.007408009842038155, 0.0255103912204504, -0.002781426999717951, -0.025688402354717255, -0.03968283161520958, -0.0027711570728570223, -0.01774635910987854, 0.029385561123490334, 0.014268292114138603, 0.00417984277009964, 0.025537777692079544, 0.02886522002518177, -0.008462384343147278, 0.012515565380454063, -0.008270679973065853, -0.02204601839184761, -0.014679087325930595, -0.012043151073157787, -0.005597086623311043, 0.004861078225076199, -0.00015950413944665343, 0.03976498916745186, 0.013207070529460907, -0.009208662435412407, -0.012844201177358627, -0.003543109865859151, -0.042174991220235825, 7.932415610412136e-05, -0.015267894603312016, 0.015486985445022583, 0.033301811665296555, 0.03294578939676285, -0.004549558740109205, 0.03803965076804161, -0.014268292114138603, 0.0346437431871891, -0.03880646824836731, 0.0012786005390807986, 0.004354430828243494, -0.0063365185633301735, 0.004960353951901197, -0.018444711342453957, -0.045214876532554626, -0.010598519816994667, 0.04496840015053749, 0.007127299439162016, 0.027673913165926933, 0.011940451338887215, -0.0019307382171973586, -0.00436127744615078, 0.0018434441881254315, -0.03217896819114685, -0.0027523289900273085, -0.02642783522605896, 0.021114882081747055, -0.02631828933954239, -0.0033411355689167976, -0.012228008359670639, -0.01309752557426691, -0.00020796514581888914, 0.005946262739598751, 0.002690709661692381, -0.022251415997743607, 0.00104496069252491, -0.013960195705294609, -0.0022456813603639603, -0.0018742538522928953, -0.033110104501247406, 0.03677987679839134, 0.011228406801819801, 0.03294578939676285, 0.046173397451639175, 0.007873577997088432, 0.005326646380126476, -0.010030253790318966, 0.03091919794678688, 0.020964257419109344, -0.014418916776776314, 0.01732187159359455, -0.009564685635268688, -0.011776133440434933, -0.02802993729710579, 0.004532441962510347, -0.02159414254128933, 0.012323861010372639, 0.0039812917821109295, -0.018170848488807678, -0.013809571042656898, 0.015089882537722588, 0.004638564307242632, -0.027126187458634377, -0.03908033296465874, 0.00797627680003643, 0.005990765523165464, -0.024784652516245842, -0.0023654967080801725, -0.01793806441128254, -0.026866016909480095, -0.001627776655368507, 0.02604442648589611, -0.0013453548308461905, -0.043544307351112366, -0.010447895154356956, 0.03220635652542114, 0.00019758829148486257, -0.0025058516766875982, 0.18118813633918762, 0.013446701690554619, 0.02219664305448532, 0.03409601375460625, 0.0057956380769610405, 0.009626304730772972, -0.005662129260599613, -0.015281587839126587, -0.033110104501247406, 0.00640840781852603, -0.027386358007788658, -0.008530850522220135, -0.021840620785951614, 0.0017852481687441468, -0.006298862397670746, -0.003974445164203644, -0.03902556002140045, -0.012775735929608345, -0.024647722020745277, -0.01667829230427742, 0.03475328907370567, 0.023209936916828156, 0.007839344441890717, -0.016212724149227142, 0.0028276413213461637, -0.014774939976632595, 0.02867351658642292, 0.0023535150103271008, 0.016500281170010567, -0.009797469712793827, 0.010934002697467804, -0.0087567875161767, -0.004094260279089212, -0.012501872144639492, -0.007620254065841436, -0.01907459832727909, 0.02197755128145218, 0.01073545217514038, 0.015829315409064293, 0.034862831234931946, -0.0012914378894492984, -0.017582042142748833, 0.01881442777812481, 0.00274205906316638, 0.0014146765461191535, -0.0028276413213461637, 0.00337023357860744, -0.013967041857540607, -0.013836956582963467, 0.032124198973178864, -0.03324703872203827, 0.010139798745512962, 0.023442720994353294, 0.02685232274234295, 0.003430141368880868, -0.009516758844256401, 0.02475726790726185, 0.029905902221798897, -0.010345196351408958, 0.010235651396214962, 0.00896903220564127, 0.016733065247535706, 0.020046813413500786, 0.0026770164258778095, 0.007942043244838715, 0.02768760733306408, -0.005018549971282482, -0.011803519912064075, 0.010331503115594387, 0.006394714582711458, 0.0009559550089761615, 0.0005160616710782051, -0.006223549600690603, 0.003180240746587515, -0.025866415351629257, -0.021881699562072754, 0.003425006289035082, 0.008031049743294716, 0.013816417194902897, 0.0350271500647068, -0.034452036023139954, -0.01595255360007286, 0.0028533160220831633, 0.02581164240837097, -0.02965942583978176, -0.014651700854301453, -0.01740402914583683, -0.009263435378670692, -0.02234726771712303, -0.02531868778169155, -0.0005712623242288828, 0.0030655604787170887, -0.00860616285353899, -0.0025058516766875982, -0.017349258065223694, 0.005508081056177616, 0.0011741900816559792, 0.022443119436502457, -0.03111090138554573, 0.004902157932519913, -0.029276015236973763, 0.033493515104055405, 0.03201465308666229, -0.006562456022948027, -0.0063878679648041725, 0.02174476720392704, -0.006452910602092743, 0.0014249463565647602, 0.006103734485805035, -0.036615557968616486, -0.0022302765864878893, -0.01545959897339344, 0.0019547012634575367, -0.02581164240837097, 0.0011373896850273013, -0.0018947935895994306, 0.007264231331646442, -0.01174874696880579, 0.01335084903985262, 0.007853037677705288, 0.02067670039832592, -0.03908033296465874, -0.0071136062033474445, 0.012481332756578922, -0.005446461960673332, -0.03127522021532059, -0.031822945922613144, -0.007202611770480871, 0.015541757456958294, -0.028125789016485214, 0.016815222799777985, -0.0232236310839653, 0.01260457094758749, -0.025236528366804123, -0.008927952498197556, 0.010215111076831818, 0.00017480198584962636, 0.00015469013305846602, -0.0005661273607984185, 0.011468037031590939, 0.024168459698557854, -0.03190510720014572, 0.039354193955659866, 2.970309878946864e-06, -0.0009225779213011265, -0.021279199048876762, -0.0013607596047222614, 0.0062338197603821754, -0.019389541819691658, -0.008770480751991272, 0.01235809363424778, -0.021046414971351624, 0.013227610848844051, -0.006956134922802448, 0.022525278851389885, -0.03864214941859245, -0.013925963081419468, -0.0144736897200346, 0.012940053828060627, -0.010276730172336102, -0.018157154321670532, 0.01545959897339344, 0.012186928652226925, 0.0035533797927200794, -0.015322666615247726, -0.018335165455937386, -0.1736295074224472, 0.021306585520505905, 0.01652766577899456, -0.0177052803337574, 0.00674046715721488, 0.022716984152793884, 0.020663006231188774, -0.03168601542711258, 0.011132554151117802, -0.006333095021545887, 0.013467241078615189, -0.02700294740498066, -0.03590351343154907, -0.011290025897324085, -0.02037544921040535, 0.02007419988512993, 0.0003481062885839492, 0.018896587193012238, 0.05595032870769501, 0.03012499213218689, 0.019362155348062515, -0.020786244422197342, 0.0007193197961896658, -0.008640395477414131, 0.00824329350143671, 0.026482608169317245, 0.014706473797559738, -0.002540084533393383, 0.0007163244299590588, -0.003977868240326643, -0.015528064221143723, 0.014350451529026031, 0.012022610753774643, -0.017349258065223694, -0.014076587744057178, 0.009859088808298111, -0.0044913627207279205, -0.028262721374630928, -0.013179684057831764, 0.004282541573047638, 0.018937665969133377, 0.016322268173098564, -0.004296234808862209, 0.010892923921346664, 0.007791418582201004, 0.0487477146089077, 0.025222834199666977, -0.0015404826262965798, 0.016842609271407127, -0.011919911950826645, 0.023593347519636154, -0.05548476055264473, 0.008640395477414131, 0.012262241914868355, 0.01336454227566719, 0.0048473854549229145, 0.008825253695249557, 0.015637610107660294, -0.012351247482001781, -0.03012499213218689, -0.015281587839126587, -0.022210335358977318, -0.017650507390499115, -0.002409999491646886, -0.021306585520505905, 0.006630921736359596, -0.01793806441128254, -0.0035739196464419365, -0.020854711532592773, 0.014459996484220028, -0.01074229832738638, 0.00018261137302033603, 0.020594540983438492, 0.0015721480594947934, 0.031549084931612015, -0.0005986486794427037, -0.03384953737258911, -0.009174429811537266, 0.012296474538743496, 0.012618264183402061, -0.024209540337324142, 0.039052944630384445, -0.02954987995326519, 0.03546533361077309, -0.012049997225403786, 0.00460775475949049, 0.020553460344672203, -0.005843563936650753, 0.01045474223792553, -0.014665394090116024, 0.019704483449459076, -0.022908687591552734, 0.00016356930427718908, 0.007134146057069302, 0.011906218715012074, 0.02277175523340702, -0.0010227093007415533, 0.014364144764840603, 0.006090041249990463, -0.009283974766731262, 0.019594939425587654, -0.04809044301509857, -0.0072847711853682995, 0.01667829230427742, 0.02707141451537609, 0.02963203936815262, -0.008886872790753841, 0.007175225764513016, 0.031987264752388, 0.03130260482430458, -0.030015448108315468, 0.011337951757013798, -0.015089882537722588, 0.0407508984208107, 0.0017955180956050754, 0.013022213242948055, -0.012974286451935768, -0.001908486825414002, 0.010153491981327534, 0.0010552306193858385, 0.022716984152793884, -0.019909881055355072, -0.012419712729752064, 0.012590877711772919, 0.02422323264181614, 0.021224426105618477, -0.09497588872909546, -0.005901759956032038, 0.0009020381257869303, 0.015199428424239159, -0.031165674328804016, -0.00026017040363512933, -0.021238120272755623, 0.02144351787865162, -0.032124198973178864, 0.03450680896639824, -0.02437385730445385, -0.003536263480782509, 0.0045529818162322044, 0.012864741496741772, -0.01744510978460312, 0.004943237639963627, -0.019334768876433372, -0.009249742142856121, 0.005559430457651615, 0.031850334256887436, -0.004772072657942772, -0.013528860174119473, 0.027783459052443504, 0.005097285844385624, 0.0003855485701933503, -0.009208662435412407, -0.0419011265039444, 0.012049997225403786, 0.01823931373655796, -0.0019889341201633215, -0.009071731008589268, -0.013042752631008625, 0.017458802089095116, -0.007942043244838715, -0.0046043312177062035, -0.03130260482430458, -0.002863585948944092, 0.01671937108039856, 0.020320676267147064, -0.015240508131682873, -0.004963777493685484, 0.022224029526114464, -0.011447497643530369, 0.008482923731207848, 0.006240666378289461, -0.026509994640946388, -0.0224705059081316, 0.008975878357887268, 0.009989174082875252, -0.03141215071082115, -0.02155306376516819, 5.530760608962737e-05, -0.031056128442287445, -0.031658630818128586, 0.025606244802474976, 0.01011241227388382, 0.016965847462415695, 0.002916647121310234, -0.004306504502892494, 0.021991245448589325, -0.011858292855322361, -0.0009978903690353036, -0.014665394090116024, 0.02315516583621502, 0.02097794972360134, 0.025948572903871536, -0.02619505114853382, -0.02071777917444706, -0.014186132699251175, -0.0022182948887348175, -0.025839028880000114, 0.013282382860779762, -0.039847150444984436, 0.0272220391780138, -0.03801226243376732, 0.02288130111992359, -0.00393336545675993, -0.018157154321670532, 0.013809571042656898, 0.011474884115159512, -0.00144976528827101, -0.0037313911598175764, -0.007298464421182871, -0.010420508682727814, 0.024497097358107567, 0.0055731236934661865, -0.0014437745558097959, -0.0017039448721334338, 0.00548411812633276, -0.030672719702124596, 0.025154368951916695, -0.013453547842800617, 0.000474126311019063, -0.027824539691209793, 0.025647323578596115, 0.0028824140317738056, -0.04017578437924385, -0.013898576609790325, -0.0054704248905181885, -0.02147090435028076, -0.02856397069990635, -0.011988378129899502, -0.05345816910266876, 0.018143462017178535, -0.011146247386932373, -0.0005468713352456689, -0.00265134172514081, -0.005449885036796331, -0.007647640071809292, -0.030261924490332603, 0.005415651947259903, 0.017006928101181984, -0.02216925658285618, 0.02897476591169834, -0.019772950559854507, -0.02531868778169155, -0.012056843377649784, -0.018307778984308243, 0.015404826030135155, 0.027180960401892662, 0.04116169363260269, 0.015911472961306572, 0.0232236310839653, -0.016253802925348282, -0.017801132053136826, 0.01785590499639511, -0.013152298517525196, -0.007065680343657732, 0.0033599636517465115, -0.008551389910280704, -0.018253007903695107, -0.0232373233884573, -0.00343698775395751, -0.032233741134405136, 0.016596132889389992, -0.0059291464276611805, 0.03716328740119934, -0.0445576049387455, 0.007722952868789434, 0.031822945922613144, 0.018225621432065964, -0.005199984647333622, -0.004885041620582342, -0.01785590499639511, 0.015541757456958294, -0.002813948318362236, -0.009838548488914967, -0.002617108868435025, -0.003077541943639517, -0.007983122952282429, 0.007736646104604006, 0.009605764411389828, 0.03245283290743828, 0.018499484285712242, -0.011276332661509514, -0.0018211927963420749, -0.025839028880000114, -0.03308271989226341, 0.00018464395543560386, 0.02060823328793049, 0.02482573315501213, 0.02090948447585106, 0.03527362644672394, -0.008955338969826698, -0.0052171009592711926, -0.024510789662599564, 0.012049997225403786, -0.0274137444794178, -0.020991642028093338, 0.022799141705036163, 0.02238834649324417, -0.032233741134405136, 0.0007612551562488079, -0.018307778984308243, 0.022155562415719032, 0.00833914615213871, 0.004484516102820635, 0.0024442323483526707, -0.011906218715012074, 0.004162726458162069, 0.002896107267588377, 0.017239712178707123, 0.03215158358216286, -0.027016641572117805, -0.021676301956176758, 0.0016106601106002927, 0.023470107465982437, 0.02974158339202404, 0.00021566756186075509, 0.01641812175512314, 0.0042688483372330666, -0.022402040660381317, -0.008845793083310127, 0.004563251975923777, -0.030097607523202896, 0.00698694447055459, 0.00591203011572361, -0.010516361333429813, -0.00548411812633276, -0.016240110620856285, 0.014446303248405457, -3.375154483364895e-05, 0.02734527736902237, 0.014035508036613464, -0.019334768876433372, -0.02311408519744873, -0.0009550992399454117, -0.001896505244076252, -0.026249824091792107, -0.011913065798580647, 0.003991561476141214, 0.022018631920218468, -0.0002576029219198972, -0.003690311685204506, -0.01911567710340023, 0.015829315409064293, 0.0055217742919921875, 0.005597086623311043, 0.0017681317403912544, -0.029412947595119476, -0.021799540147185326, 0.04381817206740379, 0.004330467898398638, 0.011488577350974083, 0.03146692365407944, -0.01595255360007286, 0.045023173093795776, -0.012460792437195778, 0.0056039332412183285, -0.000942261831369251, 0.011769287288188934, -0.00797627680003643, -0.00692190183326602, -0.014747553505003452, -0.032617151737213135, -0.014980337582528591, -0.00018357417138759047, -0.02037544921040535, -0.004772072657942772, -0.01954016648232937, -0.01782851852476597, 0.06956134736537933, 0.015267894603312016, -0.013200224377214909, 0.02106010913848877, -0.013884883373975754, 0.012762042693793774, -0.019101984798908234, 0.018458405509591103, -0.013227610848844051, -0.04757010191679001, 0.015144655480980873, -0.01157758291810751, 0.006055808160454035, -0.024839425459504128, -0.0007603993290103972, -0.006237242836505175, 0.002077939920127392, 0.007579174358397722, -0.0087567875161767, -0.016623519361019135, 0.0009824855951592326, 0.027057720348238945, -0.0013094102032482624, -0.005059629678726196, 0.01433675829321146, 0.0033770801965147257, 0.000534461869392544, -0.0010732029331848025, -0.005525197368115187, -0.022511586546897888, 0.009564685635268688, -0.012440253049135208, -0.033301811665296555, 0.0005182012100704014, 0.010776531882584095, -0.015788234770298004, -0.003039885777980089, -0.007989970035851002, 0.015432212501764297, 0.027358971536159515, -0.015172041952610016, 0.015267894603312016, -0.02409999445080757, -0.018869200721383095, -0.012830507941544056, -0.013542553409934044, 0.0034523927606642246, -0.016130564734339714, -0.028509197756648064]","[-0.010689236223697662, 0.03695382550358772, 0.023664133623242378, -0.030849600210785866, -0.006911733653396368, 0.030247390270233154, -0.011989463120698929, -0.010956124402582645, -0.026634126901626587, -0.02876923605799675, 0.013542892411351204, 0.0006646555848419666, -0.007568690925836563, -0.004619228187948465, 0.005594398360699415, 0.03230037912726402, 0.0027048145420849323, -0.010750825516879559, -0.0016894398722797632, -0.014808902516961098, -0.025908736512064934, -0.012632733210921288, 0.0005093982326798141, -0.008622558787465096, -0.03714543581008911, -0.016328115016222, 0.010709765367209911, -0.009505344554781914, -0.006432702764868736, -0.008834701031446457, 0.026155095547437668, -0.022309159860014915, -0.029973657801747322, -0.00240713101811707, -0.019831886515021324, 0.0016577895730733871, 0.01680714637041092, -0.011031401343643665, 0.052173323929309845, 0.0034165179822593927, 0.027441635727882385, -0.01805262826383114, -0.001114602666348219, -0.01009386871010065, -0.01392611674964428, 0.04768412187695503, 0.01788838766515255, -0.036461107432842255, -0.00221380777657032, 0.00033446631277911365, 5.650401362800039e-06, 0.018381105735898018, -0.026702560484409332, -0.0006261620437726378, -0.005392521154135466, -0.014849962666630745, 0.010011749342083931, 0.02303455024957657, -0.0005213739932514727, 0.0248548686504364, -0.006696169730275869, -0.0007472028955817223, -0.02114580012857914, -0.002930643502622843, -0.023896805942058563, 0.0008318887557834387, -0.0013566843699663877, 0.00016177991346921772, 0.002463588258251548, -0.012037365697324276, 0.01157202199101448, 0.0011086147278547287, 0.007288115564733744, -0.0018203180516138673, 0.010764512233436108, -0.016122816130518913, -0.006210295483469963, -0.0032984709832817316, 0.006220560520887375, -0.004643179476261139, -0.0016723315929993987, -0.006754337809979916, -0.03498295322060585, 0.006018682848662138, -0.0072470554150640965, 0.017984194681048393, 0.0035687813069671392, 0.002602165099233389, -0.005772324278950691, -0.007459197659045458, 0.0033070251811295748, -0.006121332757174969, 0.018463226035237312, 0.016068071126937866, 0.003284784499555826, 0.018873823806643486, -0.0034678427036851645, 0.0112846028059721, -0.01710825227200985, -0.0025097804609686136, -0.016588160768151283, 0.01693032681941986, -0.017600970342755318, 0.006521665491163731, -0.025005420669913292, 0.005981044843792915, 0.015397426672279835, -0.012270038016140461, -0.008362513966858387, -0.032546740025281906, 0.0030315823387354612, 0.004745828919112682, 0.023376716300845146, -0.00846516340970993, -0.008903134614229202, -0.01329653337597847, -0.0020444360561668873, -0.02456744946539402, -0.033504799008369446, -0.005809962283819914, 0.014672037214040756, -0.01268063671886921, 0.040183860808610916, -0.049654990434646606, 0.019941378384828568, -0.017532536759972572, -0.008170900866389275, -0.016068071126937866, -0.017614657059311867, -0.00925214309245348, 0.036159999668598175, 0.030876973643898964, -0.00018070591613650322, 0.02846813201904297, -0.019380228593945503, 0.002824572380632162, -0.009936472401022911, -0.0006227403646335006, -0.006268463563174009, -0.010928750969469547, 0.014863649383187294, 0.0076713403686881065, -0.003558516502380371, -0.0064771841280162334, -0.02085838094353676, 0.025073854252696037, 0.019941378384828568, -0.0194076020270586, -0.011004027910530567, -0.008109311573207378, 0.012536927126348019, 0.01406982634216547, 0.019530780613422394, -0.0010247842874377966, -0.010306010954082012, -0.008766268379986286, 0.016232309862971306, -0.01708087883889675, -0.004629493225365877, -0.007561847567558289, -0.0024533234536647797, 8.153151429723948e-05, 0.01912018284201622, 0.0054198941215872765, 0.00015119418094400316, 0.02318510226905346, -0.006220560520887375, 0.0060631646774709225, -0.021419530734419823, -0.012530083768069744, -0.0017364876111969352, 0.017943134531378746, -0.014713096432387829, 0.0170945655554533, -0.005676518194377422, -0.012331628240644932, 0.028112279251217842, 0.024499017745256424, -0.014097199775278568, -0.022473400458693504, -0.0006073429249227047, 0.03594101592898369, 0.008793641813099384, 0.03462710231542587, -0.015192127786576748, -0.0005247956141829491, -0.011852596886456013, 0.007815049961209297, -0.011387252248823643, 0.0035722029861062765, 0.004981922917068005, 0.002680863020941615, -0.01406982634216547, -0.01695770025253296, -0.6166635155677795, -0.03618737310171127, -0.029426192864775658, -0.006836457643657923, 0.014576231129467487, 0.011927872896194458, -0.003082907060161233, 0.028522877022624016, -0.04793047904968262, 0.013652385212481022, -0.0005893792840652168, 0.0072059957310557365, -0.01367975864559412, -0.011900500394403934, 0.014425678178668022, -0.016902953386306763, -0.01025126501917839, -0.03213614225387573, 0.03013789653778076, 0.01883276365697384, -0.03758340701460838, 0.014357245527207851, -0.0006022104644216597, 0.017327237874269485, 0.005502013955265284, -0.0006193187437020242, 0.0044857836328446865, -0.017464103177189827, 0.018709585070610046, 0.04448145627975464, -0.013871370814740658, 0.013344436883926392, 0.003818561788648367, 0.021898562088608742, 0.048587433993816376, -0.003811718663200736, -0.007178622763603926, 0.008396729826927185, -0.006460076197981834, 0.03720018267631531, -0.02923458069562912, -0.009128963574767113, 0.03670746460556984, -0.010997184552252293, 0.0032454354222863913, -0.0005816805642098188, 0.019667645916342735, -0.008430946618318558, 0.020091930404305458, -0.02846813201904297, 0.014275125227868557, 0.013009115122258663, -0.0067953974939882755, 0.007144405972212553, 0.00462607154622674, -0.003756972262635827, 0.008903134614229202, -0.02007824368774891, 0.016410235315561295, -0.02174801006913185, -0.005262498278170824, -0.0014405148103833199, -0.032409872859716415, -0.008540439419448376, -0.039116308093070984, 0.026223529130220413, 0.020297229290008545, -0.002129977336153388, -0.0060084182769060135, 0.005881817080080509, 0.006538773886859417, 0.022459713742136955, -0.010087025351822376, 0.014288811944425106, 0.03342268243432045, 0.012577987276017666, 0.02876923605799675, -0.013891900889575481, -0.025251779705286026, 0.009915943257510662, 0.027482695877552032, -0.012311098165810108, -0.019558154046535492, -0.0023352764546871185, 0.010381286963820457, -0.014589916914701462, -0.03314894810318947, -0.032738350331783295, 0.008574656210839748, -0.0012027100892737508, -0.005286450032144785, 0.03449023514986038, 0.02113211341202259, -0.026072975248098373, 0.009108433499932289, -0.018435852602124214, 0.004916911479085684, -0.01929810829460621, 0.024362150579690933, -0.03251936659216881, -0.016136502847075462, 0.0033275550231337547, -0.0015885011525824666, 0.008615715429186821, 0.01260535977780819, 0.010921908542513847, -0.01693032681941986, -0.01151043176651001, 0.02410210482776165, -0.025867676362395287, -0.028194399550557137, -0.0025268888566643, -0.005204330198466778, -0.013659228570759296, -0.012181075289845467, -0.03331318870186806, 0.02222704142332077, 0.005963936448097229, -0.021268978714942932, -0.010538683272898197, 0.003664587624371052, 0.022733446210622787, 0.01569853164255619, -0.01041550375521183, 0.0026928388979285955, -0.005265919957309961, 0.002904981141909957, 0.018887510523200035, 0.0038904165849089622, -0.012687480077147484, 0.019941378384828568, -0.030192643404006958, 0.002993944101035595, 0.0036372144240885973, 0.009765390306711197, -0.012256351299583912, -0.001579091651365161, -0.027154218405485153, 0.01553429290652275, -0.008170900866389275, 7.944644312374294e-05, 0.00785610917955637, 0.01268063671886921, -0.024280032142996788, 0.03230037912726402, -0.010442877188324928, -0.02677099220454693, -0.0015200681518763304, -0.02920720726251602, -0.0032197730615735054, -0.031342316418886185, 0.008369357325136662, -0.0024789858143776655, 0.009929629042744637, 0.007808206137269735, -0.0034182288218289614, -0.006432702764868736, -0.030849600210785866, 0.005303557962179184, -0.03993750363588333, -0.01679345965385437, 0.028016474097967148, -0.004923754837363958, -0.01803894154727459, -0.02672993205487728, -0.03246461972594261, -0.019708706066012383, 0.028331264853477478, -0.012961211614310741, -0.01662922091782093, -0.011613081209361553, -0.0026877063792198896, 0.003555094823241234, -0.02345883473753929, -0.005043512675911188, 0.00832145381718874, -0.024759061634540558, -0.011298289522528648, 0.0033155791461467743, -0.017614657059311867, 0.020735202357172966, 0.022309159860014915, 0.00590576883405447, 0.004441302269697189, 0.007342861965298653, 0.018928570672869682, 0.00013141275849193335, 0.019831886515021324, -0.029754672199487686, 0.04015648737549782, 0.0012121197069063783, 0.009471128694713116, -0.023226162418723106, 0.0035927328281104565, 0.0023318547755479813, 0.03219088539481163, 0.011113520711660385, 0.00895103719085455, 0.005040090996772051, -0.0036303710658103228, 0.0233356561511755, 0.01553429290652275, 0.0017997880931943655, -0.006549038924276829, 0.008191430941224098, -0.027893293648958206, -0.008807328529655933, -0.008615715429186821, 0.022760817781090736, 0.0022753975354135036, 0.0034627101849764585, -0.04319491609930992, 0.001772414892911911, 0.017628343775868416, 0.011599394492805004, 0.01880539022386074, 0.006340318359434605, -0.006915155332535505, -0.01110667735338211, -0.02455376274883747, 0.021953308954834938, -0.005450689233839512, 0.03624211996793747, 0.0013960333308205009, -0.006501135881990194, 0.020967872813344002, 0.0037809237837791443, 0.0012369266478344798, 0.0017510296311229467, 0.00493401987478137, 0.017327237874269485, -0.005567025393247604, 0.0065456172451376915, 0.017340924590826035, -0.004629493225365877, 0.018435852602124214, 0.021255291998386383, -0.019503407180309296, 0.0151510676369071, -0.02174801006913185, -0.0022120969370007515, 0.02751006931066513, 0.01694401353597641, -0.038158245384693146, 0.01617756299674511, 0.008841544389724731, -0.00901262741535902, 0.017792582511901855, 0.002210386097431183, 0.05203646048903465, 0.003233459545299411, 0.0038493566680699587, -0.045658502727746964, -0.0025285996962338686, 0.008341983892023563, -0.0038356701843440533, 0.008410416543483734, 0.03205402195453644, -0.009142650291323662, -0.0008981832070276141, 0.032902590930461884, -0.03495557978749275, 0.03126019984483719, -0.01913386955857277, 0.025771871209144592, 0.017915761098265648, -0.001994822174310684, -0.006624315399676561, -0.008061408065259457, -0.02054358832538128, 0.005176957231014967, -0.04292118176817894, 0.0029220895376056433, -0.03807612508535385, 0.014370931312441826, -0.006815927568823099, -0.005864708684384823, 0.0128311887383461, 0.032656230032444, 0.012454807758331299, -0.009758546948432922, -0.013234944082796574, 0.01352236233651638, 0.013173353858292103, 0.005991309881210327, -0.021570084616541862, -0.01189365703612566, 0.019955065101385117, -0.006966480053961277, 0.0074386680498719215, 0.029809419065713882, 0.0060631646774709225, 0.010381286963820457, -0.01112036406993866, -0.00657641189172864, 0.03826773911714554, 0.017135625705122948, 0.010114398784935474, 0.023718880489468575, 0.036762211471796036, 0.002694549737498164, 0.026456201449036598, -0.02255551889538765, -0.023116670548915863, 0.04615122079849243, -0.01516475435346365, -0.009717486798763275, -0.02425265870988369, 0.007910856045782566, -6.118204964877805e-06, 0.0019486298551782966, 0.010949281044304371, -0.01912018284201622, 0.004845057148486376, 0.005228281952440739, 0.000911014445591718, -0.009300045669078827, -0.0069185770116746426, 0.0272363368421793, -0.005064042750746012, 0.01033338438719511, -0.035667285323143005, -0.024375837296247482, 0.007007540203630924, 0.019695019349455833, 0.029508313164114952, 0.006812505889683962, -0.014370931312441826, 0.01290646567940712, 0.008588342927396297, -0.016670281067490578, -0.023212475702166557, -0.007992975413799286, -0.0025593945756554604, -0.0003588455729186535, -0.008574656210839748, 0.03985538333654404, -0.022760817781090736, 0.009580621495842934, -0.0004448145627975464, 0.007356548216193914, -0.0005654277047142386, -0.027099471539258957, 0.005963936448097229, 0.0011530962074175477, 0.01898331567645073, 0.020762573927640915, 0.0388699471950531, 0.023239849135279655, -0.006898047402501106, 0.003365193260833621, 0.010524996556341648, -0.0037261773832142353, -0.01677977293729782, -0.01081925816833973, 0.006507979240268469, 0.03063061460852623, -0.012447964400053024, 0.016506042331457138, 0.04713665693998337, 0.024622196331620216, 0.004622649867087603, 0.033805906772613525, -0.01679345965385437, 0.002696260577067733, 0.022144921123981476, -0.007664497010409832, -0.012482180260121822, 0.01836741901934147, -0.023664133623242378, -0.048423197120428085, 0.023417774587869644, 0.01677977293729782, 0.016533413901925087, 0.016232309862971306, -0.018846450373530388, -0.017642028629779816, -0.02252814546227455, 0.020598335191607475, 0.017669402062892914, 0.0034421803429722786, -0.016889266669750214, -0.027920667082071304, -0.04741038754582405, 0.0047868890687823296, -0.012653263285756111, 0.03377853333950043, 0.0018391370540484786, -0.023978926241397858, -0.02766062133014202, -0.04149777442216873, -0.0027133687399327755, -0.033504799008369446, 0.014945768751204014, -0.009601150639355183, -0.024499017745256424, -0.022760817781090736, 0.03509244695305824, 0.04727352038025856, 0.017778895795345306, 0.008355670608580112, 0.01695770025253296, 0.011537805199623108, 0.0020615444518625736, -0.01647866889834404, -0.01461729034781456, 0.012420590966939926, 0.0037809237837791443, 0.01788838766515255, -0.02501910738646984, 0.0004533686733338982, 0.0037809237837791443, -0.01157202199101448, 0.0450562909245491, 0.0005748372641392052, -0.015424800105392933, 0.012536927126348019, -0.008088781498372555, 0.0060631646774709225, 0.018627464771270752, 0.013597638346254826, 0.028796609491109848, -0.0023318547755479813, -0.015205814503133297, -0.02348620817065239, -0.005118789151310921, -0.017162999138236046, -0.002287373412400484, -0.0327109768986702, 0.001206131768412888, 0.01390558760613203, 0.024827495217323303, -0.011373565532267094, -0.024225285276770592, -0.006665375083684921, -0.02020142413675785, 0.017340924590826035, 0.0005654277047142386, 0.002085495973005891, 0.011777320876717567, 0.0071923090144991875, 0.029891537502408028, 0.014179319143295288, -0.016081757843494415, -0.00367485242895782, -0.008198274299502373, 0.020420409739017487, 0.007048599887639284, -0.018394792452454567, 0.005762059241533279, -0.013782408088445663, -0.03202664852142334, 0.006744072772562504, 0.009614837355911732, 0.019955065101385117, 0.0032591219060122967, 0.003233459545299411, -0.010593429207801819, -0.050585679709911346, 0.004273641388863325, -0.0007869795663282275, -0.010285480879247189, 0.0058270706795156, -0.012489023618400097, 0.006145284045487642, -0.01898331567645073, -0.0076713403686881065, -0.013255473226308823, 0.00013879069592803717, -0.02549813874065876, -0.009539561346173286, 0.0037603937089443207, 0.01250955369323492, 0.010128085501492023, 0.000348366767866537, 0.025443391874432564, -0.010059651918709278, -0.019955065101385117, -0.0341891311109066, -0.041744135320186615, -0.0019024376524612308, 0.01561641227453947, 0.028386011719703674, -0.0028074642177671194, 0.03501032665371895, -0.02893347665667534, 0.03251936659216881, -0.01727249100804329, 0.006316366605460644, 0.021501651033759117, 0.005820227321237326, 0.03314894810318947, -0.0036166845820844173, -0.005710734520107508, 0.02349989488720894, 0.007301801815629005, 0.03761078044772148, -0.03232775256037712, 0.00972433015704155, 0.024608509615063667, -0.010237578302621841, 0.014918395318090916, -0.005153005477041006, -0.04834107682108879, -0.011353036388754845, 0.025758184492588043, -0.0017963664140552282, -0.014411991462111473, -0.035201940685510635, -5.4559284762945026e-05, 0.02846813201904297, 0.004780045710504055, -0.009327419102191925, -0.010504466481506824, 0.025566572323441505, 0.0012831188505515456, -0.009430068545043468, -0.03468184918165207, -0.006186343729496002, -0.013556579127907753, -0.014713096432387829, -0.016396548599004745, -0.020297229290008545, -0.015944890677928925, -0.009765390306711197, 0.006186343729496002, -0.010052808560431004, -0.006583255250006914, -0.0072607421316206455, 0.004366025794297457, -0.014398304745554924, -0.00830776710063219, -0.014644663780927658, -0.03369641304016113, -0.008567812852561474, -0.002179591218009591, -0.005840757396072149, 0.013248630799353123, 0.028057534247636795, 0.02969992533326149, 0.01151043176651001, 0.017464103177189827, -0.01664290763437748, -0.0043078577145934105, 0.013693445362150669, -0.007486571092158556, 0.04215473309159279, 0.019626587629318237, 0.04125141724944115, 0.010634489357471466, -0.008492535911500454, -0.02939881943166256, 0.018093686550855637, 0.02770168147981167, 0.017012445256114006, 0.02425265870988369, 0.02688048593699932, -0.03323106840252876, -0.01586277037858963, -0.015110008418560028, 0.007021226454526186, -0.007411294616758823, -0.01725880429148674, 0.022651325911283493, 0.0009503634064458311, -0.001129999989643693, -0.006059742998331785, 0.0017399092903360724, -0.04776623845100403, 0.017669402062892914, 0.005221438594162464, 0.008075094781816006, -0.006651688367128372, 0.013193883933126926, -0.004845057148486376, 0.02315773069858551, -0.01561641227453947, 0.024019986391067505, 0.019476033747196198, 0.002855367260053754, -0.021980682387948036, -0.03063061460852623, 0.001383202150464058, 0.03123282454907894, -0.0029905224218964577, 0.0310685858130455, -0.020475156605243683, -0.0030811962205916643, -8.169190550688654e-05, 0.014849962666630745, 0.002947751898318529, -0.00598788820207119, 0.006487449165433645, 0.029918910935521126, -0.008061408065259457, -0.01788838766515255, 0.02177538350224495, -0.01017598807811737, -0.0018151855329051614, 0.002521756337955594, -0.0024704316165298223, -0.005430159159004688, 0.00840357318520546, 0.01445305161178112, 0.03432599827647209, 0.01135987974703312, 0.0011308554094284773, -0.02111842669546604, -0.022774504497647285, 0.011031401343643665, -0.012769599445164204, -0.013036487624049187, 0.011914187110960484, -0.010292324237525463, -0.025292839854955673, 0.00695963716134429, -0.006952793803066015, 0.03388802707195282, 0.0011282892664894462, -0.0005752649740315974, 0.03854146972298622, 0.031971901655197144, -0.008472006767988205, 0.010785042308270931, -0.0038630433846265078, -0.0233082827180624, -0.01801156811416149, 0.001012808526866138, -0.011968933045864105, -0.01469940971583128, -0.009108433499932289, -0.01586277037858963, -0.036461107432842255, -0.026661500334739685, 0.010853474959731102, -0.010511309839785099, 0.0108808483928442, -0.014028767123818398, 0.00420178659260273, 0.0008442922262474895, 0.026223529130220413, -0.005861287005245686, -0.004434458911418915, 0.0326288565993309, -0.024649569764733315, 0.014193005859851837, -0.006525087170302868, -0.01460360363125801, 0.011181953363120556, -0.017299864441156387, 0.036461107432842255, -0.006898047402501106, -0.023910492658615112, -0.02315773069858551, -0.0101075554266572, 0.026469888165593147, -0.004147040192037821, -0.0279754139482975, -0.03402489051222801, -0.0020221953745931387, -0.007294958457350731, 0.022911371663212776, 0.024950675666332245, 0.011982619762420654, 0.02068045549094677, 0.025306526571512222, -0.004725299309939146, 0.019818199798464775, -0.008793641813099384, -0.021268978714942932, -0.014494110830128193, -0.004502892028540373, -0.010456563904881477, 0.011154579930007458, 0.005981044843792915, 0.03481871634721756, 0.002908402821049094, -0.00501271802932024, -0.01406982634216547, -0.006638001650571823, -0.036625344306230545, -0.0001896877511171624, -0.02255551889538765, 0.016916640102863312, 0.029754672199487686, 0.036324240267276764, -0.004677396267652512, 0.036926452070474625, -0.009183709509670734, 0.03339530900120735, -0.03763815388083458, -0.003644057782366872, 0.006104224361479282, -0.0085609694942832, 0.0021624830551445484, -0.016560787335038185, -0.05252917855978012, -0.013816623948514462, 0.05351461097598076, 0.003007630817592144, 0.024978047236800194, 0.008567812852561474, -0.001777547411620617, -0.00367485242895782, -0.0028314157389104366, -0.03657060116529465, -0.002997365780174732, -0.02518334612250328, 0.024348463863134384, -0.03295733779668808, -0.010388130322098732, -0.01234531495720148, -0.012235822156071663, -0.005156427156180143, 0.006754337809979916, 0.0019349432550370693, -0.015233187936246395, -0.0036303710658103228, -0.013234944082796574, -0.005580711644142866, 0.0022069644182920456, -0.03391540050506592, 0.027893293648958206, 0.006076850928366184, 0.022747131064534187, 0.03640636056661606, 0.007869795896112919, 0.010490779764950275, -0.0005106813041493297, 0.02767430804669857, 0.023239849135279655, -0.004790310747921467, 0.02410210482776165, -0.009519031271338463, -0.012208448722958565, -0.023212475702166557, -0.00023930167662911117, -0.024362150579690933, 0.013570265844464302, -0.001733065932057798, -0.016683967784047127, -0.01561641227453947, 0.010353914462029934, 0.009074216708540916, -0.025730811059474945, -0.034298624843358994, 0.011051930487155914, 0.003897259710356593, -0.03079485334455967, 0.0016791749512776732, -0.018093686550855637, -0.03339530900120735, 0.0038630433846265078, 0.025265466421842575, -0.0006466919439844787, -0.042045239359140396, -0.02144690416753292, 0.026976291090250015, 0.0007869795663282275, -0.0025200454983860254, 0.17825430631637573, 0.016109129413962364, 0.024362150579690933, 0.0310959592461586, 0.008102468214929104, 0.008526752702891827, -0.005368569400161505, -0.013611325062811375, -0.03542092442512512, 0.013015958480536938, -0.027879606932401657, -0.00901262741535902, -0.01374819129705429, 0.010586586780846119, -0.00995015911757946, 0.0014935503713786602, -0.0388973206281662, -0.01367975864559412, -0.025744497776031494, -0.011681514792144299, 0.02983679063618183, 0.020612021908164024, 0.010100712068378925, -0.013727661222219467, 0.0030555338598787785, -0.009833822958171368, 0.03126019984483719, 0.007103346288204193, 0.017204057425260544, -0.009368479251861572, 0.00986803974956274, -0.002248024335131049, -0.010997184552252293, -0.004064920824021101, 0.0009982665069401264, -0.02191224880516529, 0.028522877022624016, 0.010613959282636642, 0.015383739955723286, 0.023705193772912025, -0.008458320051431656, -0.014015080407261848, 0.019325481727719307, 0.0033874339424073696, -0.0022155186161398888, 0.0036372144240885973, 0.002918667858466506, -0.013816623948514462, -0.0085609694942832, 0.033504799008369446, -0.04218210652470589, 0.011366723105311394, 0.017778895795345306, 0.023513581603765488, 0.003544829785823822, -0.0022668433375656605, 0.027414262294769287, 0.03561253845691681, -0.011291446164250374, 0.009450598619878292, 0.008300923742353916, 0.009922786615788937, 0.02423897199332714, 0.002352384617552161, 0.009101590141654015, 0.03076747991144657, -0.0027989100199192762, -0.015096321702003479, 0.02081732079386711, 0.00450631370767951, 0.0019400757737457752, -0.0006428425549529493, 0.0012771310284733772, 0.013659228570759296, -0.029289327561855316, -0.017956821247935295, 0.0003864326572511345, 0.012461651116609573, 0.012796972878277302, 0.03276572376489639, -0.024978047236800194, -0.020885754376649857, 0.008923664689064026, 0.03813087195158005, -0.03563991189002991, -0.010778198949992657, -0.01546586025506258, -0.001409719930961728, -0.019955065101385117, -0.02128266543149948, -0.0023951553739607334, -0.006484027486294508, -0.014247752726078033, -0.009286358952522278, -0.016109129413962364, 0.007240212056785822, -0.011325662955641747, 0.017833642661571503, -0.026045603677630424, -5.4238505981629714e-05, -0.02770168147981167, 0.02674361877143383, 0.022582892328500748, -0.006750916130840778, -0.000657812284771353, 0.01072345208376646, -0.004643179476261139, -0.00017183100862894207, 0.002783512696623802, -0.02675730548799038, 0.0022771083749830723, -0.00838988646864891, 0.0005504580331034958, -0.02193962223827839, 0.003108569420874119, 0.006265041884034872, 0.004660287871956825, -0.014425678178668022, 0.010668706148862839, 0.010928750969469547, 0.02813965268433094, -0.04590486362576485, -0.01771046221256256, 0.011010871268808842, -8.72520831762813e-05, -0.026866799220442772, -0.03249199315905571, -0.010073338635265827, 0.022172294557094574, -0.027592189610004425, 0.02225441485643387, -0.01849059946835041, 0.01959921419620514, -0.022144921123981476, -0.019544467329978943, 0.004728720989078283, -0.0077808331698179245, 0.006555882282555103, 0.0015252006705850363, 0.013782408088445663, 0.018750643357634544, -0.024061046540737152, 0.03793925791978836, -0.007123876363039017, -0.0035824680235236883, -0.019517093896865845, -0.004800575319677591, 0.007862952537834644, -0.021652203053236008, -0.004324966110289097, 0.018764330074191093, -0.020324602723121643, 0.01571221835911274, 0.0007262452854774892, 0.02846813201904297, -0.04026598110795021, -0.0076713403686881065, -0.009382165037095547, 0.012372687458992004, -0.0012642998481169343, -0.01836741901934147, 0.015411113388836384, 0.017642028629779816, 0.004208629950881004, -0.014220379292964935, -0.01801156811416149, -0.17354610562324524, 0.016506042331457138, 0.008444633334875107, -0.014302498660981655, 0.00367485242895782, 0.02396523952484131, 0.022117547690868378, -0.026374081149697304, 0.008670462295413017, -0.014343558810651302, 0.01454885769635439, -0.02224072813987732, -0.038787830621004105, -0.010032279416918755, -0.018572717905044556, 0.013098077848553658, 0.0018596670124679804, 0.010853474959731102, 0.06005680933594704, 0.029782045632600784, 0.020598335191607475, -0.019243361428380013, 0.0004178690433036536, -0.006323209963738918, 0.014165632426738739, 0.024184225127100945, 0.010203361511230469, -0.016506042331457138, 0.005673096515238285, -0.0027578503359109163, -0.017833642661571503, 0.017231430858373642, 0.014097199775278568, -0.016519729048013687, -0.009984375908970833, 0.01335812360048294, -0.0051838005892932415, -0.02158377133309841, -0.017929447814822197, 0.0022018321324139833, 0.016766086220741272, 0.023349342867732048, -0.001393467071466148, 0.009327419102191925, 0.011530961841344833, 0.054965391755104065, 0.02783854864537716, 0.000184020638698712, 0.01850428618490696, -0.0024601665791124105, 0.026784678921103477, -0.050476185977458954, 0.007664497010409832, 0.0031444968190044165, 0.004170991946011782, 0.00019268169126007706, 0.005703891161829233, 0.015657471492886543, -0.011558335274457932, -0.024006299674510956, -0.00923845637589693, -0.02299349009990692, -0.01883276365697384, 0.0043078577145934105, -0.020762573927640915, 0.014357245527207851, -0.014124573208391666, -0.011236700229346752, -0.03388802707195282, 0.01927073486149311, -0.019092809408903122, -0.0001036118483170867, 0.017491476610302925, 0.002715079579502344, 0.0303295087069273, 0.0034935050643980503, -0.037364423274993896, -0.0002814307517837733, 0.017450416460633278, 0.01384399738162756, -0.02039303630590439, 0.04103243350982666, -0.032738350331783295, 0.035995762795209885, -0.01724511757493019, 0.00793822854757309, 0.020584648475050926, -0.0024019984994083643, 0.010990341193974018, -0.016109129413962364, 0.016109129413962364, -0.026853112503886223, 0.0008605450857430696, -0.00011088285828009248, 0.009813293814659119, 0.019544467329978943, -0.004930598195642233, 0.016232309862971306, 0.005536230280995369, -0.021186858415603638, 0.01896962895989418, -0.04847794398665428, -0.004759515635669231, 0.013960333541035652, 0.027906980365514755, 0.03804875165224075, -0.007336018607020378, 0.004797153640538454, 0.02627827599644661, 0.02863237075507641, -0.02907034195959568, 0.015753278508782387, -0.023582015186548233, 0.039116308093070984, -0.0009991219267249107, 0.015630099922418594, -0.0186411514878273, -0.003305314341560006, 0.013563422486186028, 0.004872430115938187, 0.02318510226905346, -0.009922786615788937, -0.0124274343252182, 0.011264072731137276, 0.02969992533326149, 0.026825739070773125, -0.09131700545549393, -0.007678183726966381, 0.004499470349401236, 0.017696775496006012, -0.03046637587249279, 0.0004935730830766261, -0.024006299674510956, 0.02939881943166256, -0.038295112550258636, 0.028358638286590576, -0.019982438534498215, 0.005139318760484457, 0.005029825959354639, 0.008814171887934208, -0.01957184076309204, 0.005495170596987009, -0.013234944082796574, -0.013207570649683475, 0.002590189455077052, 0.029617805033922195, -0.003153050784021616, -0.011770477518439293, 0.02783854864537716, 0.012112642638385296, -0.001876775291748345, -0.014973142184317112, -0.0388973206281662, 0.004848478827625513, 0.012016836553812027, 0.00043797126272693276, -0.0018305829726159573, -0.005252233240753412, 0.020310916006565094, -0.010155458003282547, 0.002378046978265047, -0.019859258085489273, -0.008718364872038364, 0.023869432508945465, 0.020310916006565094, -0.0013147691497579217, -0.0054404241964221, 0.020776260644197464, -0.008006662130355835, 0.00878679845482111, 0.007069129962474108, -0.03339530900120735, -0.020119303837418556, -0.00308632873930037, 0.0033446631859987974, -0.031150706112384796, -0.02147427760064602, 0.0007617449155077338, -0.02440321072936058, -0.02890610322356224, 0.028057534247636795, 0.00895103719085455, 0.014357245527207851, 0.007979288697242737, -0.009519031271338463, 0.022979803383350372, -0.0015252006705850363, -0.012571143917739391, -0.006217138841748238, 0.02252814546227455, 0.01680714637041092, 0.02318510226905346, -0.02365044690668583, -0.017039818689227104, -0.014877336099743843, -0.008971567265689373, -0.02003718540072441, 0.005888660438358784, -0.04015648737549782, 0.022774504497647285, -0.04086819291114807, 0.030876973643898964, -0.0025303105358034372, -0.01508263498544693, 0.011305132880806923, 0.009525874629616737, -0.002821150701493025, -0.0004717600531876087, -0.01976345293223858, -0.00474925059825182, 0.02285662479698658, 0.0021265556570142508, -0.0012805527076125145, 0.0033292658627033234, 0.002745874458923936, -0.03375115990638733, 0.025552885606884956, -0.012311098165810108, -0.0006821915740147233, -0.029809419065713882, 0.025936109945178032, 0.002070098416879773, -0.03481871634721756, -0.01708087883889675, -0.0006920287851244211, -0.02114580012857914, -0.027277396991848946, -0.005758637562394142, -0.053240880370140076, 0.014165632426738739, -0.008766268379986286, 0.0003453728277236223, 0.006610628683120012, -0.0028981377836316824, -0.009826979599893093, -0.03060324117541313, 0.005779167637228966, 0.008848387748003006, -0.020625708624720573, 0.03509244695305824, -0.02066676877439022, -0.027893293648958206, -0.008396729826927185, -0.019667645916342735, 0.013228100724518299, 0.019872944802045822, 0.037720274180173874, 0.009211082942783833, 0.020434096455574036, -0.018312672153115273, -0.011955246329307556, 0.012824345380067825, -0.007069129962474108, -0.0005046934238635004, -3.966975782532245e-05, -0.0012009992497041821, -0.020132990553975105, -0.01406982634216547, -0.006891204044222832, -0.035530418157577515, 0.015794338658452034, -0.012536927126348019, 0.03813087195158005, -0.045330025255680084, 0.004797153640538454, 0.03654322773218155, 0.018079999834299088, -0.00020316049631219357, -0.0072607421316206455, -0.01946234703063965, 0.016766086220741272, -0.0009743149275891483, -0.009532717987895012, -0.004728720989078283, 0.00010842354822671041, -0.008232491090893745, 0.012276881374418736, 0.009991219267249107, 0.032875217497348785, 0.027140531688928604, -0.01695770025253296, -0.009361635893583298, -0.02707209810614586, -0.0389246940612793, -0.005382256116718054, 0.017956821247935295, 0.026989977806806564, 0.017477789893746376, 0.03153393045067787, -0.012735382653772831, -0.0017185239121317863, -0.01894225738942623, 0.01166782807558775, -0.024936988949775696, -0.0241157915443182, 0.018572717905044556, 0.027578502893447876, -0.03845934942364693, 0.002318168058991432, -0.019517093896865845, 0.019092809408903122, 0.011558335274457932, 0.0070280698128044605, -0.004937441553920507, -0.0038698865100741386, -0.00041316429269500077, 0.0023267222568392754, 0.020242484286427498, 0.025292839854955673, -0.027564816176891327, -0.021487964317202568, 0.0035927328281104565, 0.027742741629481316, 0.02551182545721531, -0.002795488340780139, 0.019202301278710365, 0.007301801815629005, -0.01835373230278492, -0.007452354766428471, 0.0029751250986009836, -0.03561253845691681, 0.0016406814102083445, -0.0030298714991658926, -0.008992097340524197, -0.008430946618318558, -0.008369357325136662, 0.009512187913060188, 0.005081150680780411, 0.023568328469991684, 0.01336496602743864, -0.02037934958934784, -0.02069414220750332, -0.00310685858130455, 0.003265965264290571, -0.025580259039998055, -0.02069414220750332, -0.00536172604188323, 0.015370053239166737, -0.00462607154622674, -0.0005106813041493297, -0.017943134531378746, 0.010785042308270931, 0.008198274299502373, 0.006217138841748238, 0.0012668661074712873, -0.025853989645838737, -0.018860137090086937, 0.04461831972002983, 0.006692748051136732, 0.017299864441156387, 0.031643424183130264, -0.022281788289546967, 0.04524790495634079, -0.010518153198063374, 0.017518850043416023, -0.003763815388083458, 0.008759425021708012, -0.009204239584505558, -0.006323209963738918, -0.016218623146414757, -0.037692900747060776, -0.012639576569199562, 9.083412442123517e-05, -0.018928570672869682, 0.0022719758562743664, -0.015972264111042023, -0.01929810829460621, 0.06919945776462555, 0.012420590966939926, -0.012249508872628212, 0.013802938163280487, -0.01328284665942192, 0.015260560438036919, -0.019147556275129318, 0.023732567206025124, -0.016998758539557457, -0.045494262129068375, 0.015821712091565132, -0.007466041017323732, 0.0031804239843040705, -0.02657938003540039, 0.0034781077411025763, -0.0019520515343174338, -0.0031804239843040705, 0.00838988646864891, 0.0014157078694552183, -0.020872067660093307, -0.0014062983682379127, 0.03213614225387573, -0.003811718663200736, -0.00704175652936101, 0.016820833086967468, 0.0009024603059515357, -0.0002504220465198159, -0.0008079371764324605, -0.006566147319972515, -0.02209017425775528, 0.014275125227868557, -0.016382861882448196, -0.0342165045440197, -0.00637453468516469, 0.01018967479467392, -0.021693263202905655, 0.0006851854850538075, -0.010771355591714382, 0.020872067660093307, 0.023075610399246216, -0.009929629042744637, 0.010285480879247189, -0.019831886515021324, -0.02395155280828476, -0.013036487624049187, -0.0151510676369071, -0.0029015594627708197, -0.0140013936907053, -0.029590433463454247]","[-0.0055763996206223965, -0.0013924422673881054, -0.01290992833673954, -0.021390564739704132, -0.0039817215874791145, -0.004134227056056261, -0.04002276808023453, -0.01709388568997383, -0.018406759947538376, -0.028803661465644836, 0.020051168277859688, 0.013115479610860348, -0.018565896898508072, 0.0007853208226151764, 0.01644407957792282, 0.015953410416841507, 0.006730137392878532, 0.001692480407655239, 0.016006454825401306, -0.010701913386583328, -0.01248556561768055, 0.004926593042910099, 0.014640535227954388, 0.0003881018201354891, -0.022424951195716858, 0.009926123544573784, 0.01652364805340767, -0.018526112660765648, -0.005738851148635149, 0.012724270112812519, 0.009428823366761208, -0.0013965864200145006, -0.016576692461967468, -0.03177420422434807, -0.03081938810646534, -0.010662129148840904, -0.015263819135725498, 0.008706078864634037, 0.03636263310909271, -0.004508860409259796, 0.03784790635108948, -0.009674157947301865, -0.011006924323737621, -0.018061965703964233, -0.0003236599441152066, 0.026814458891749382, 0.009694050066173077, -0.05346978083252907, -0.02062140591442585, -0.0012034679530188441, 0.007287114392966032, 0.031005047261714935, -0.023777607828378677, -0.0038325313944369555, -0.00037152512231841683, -0.0013916133902966976, 0.02401631325483322, 0.019666587933897972, -0.02457329072058201, -0.00548688555136323, -0.016377773135900497, 0.002161600859835744, 0.0012117562582716346, 0.017306067049503326, -0.039227087050676346, -0.006421810947358608, -0.026509447023272514, 0.013433752581477165, -0.009919493459165096, 0.011524117551743984, 0.02629726566374302, 0.007147870026528835, -0.00481718685477972, 0.002078717341646552, 0.019533975049853325, -0.005854887887835503, 0.014149865135550499, 0.008394437842071056, 0.0071346089243888855, -0.016908226534724236, 0.027212299406528473, -0.027451004832983017, -0.023286938667297363, -0.013964205980300903, 0.01884438470005989, 0.0062825665809214115, -0.02076728083193302, 0.029705435037612915, -0.018526112660765648, -0.023777607828378677, 0.03227813541889191, 0.018128272145986557, 0.02864452637732029, 0.015621875412762165, 0.0065046944655478, 0.012531979940831661, 0.0019809147343039513, 0.023552166298031807, 0.026854243129491806, -0.015993192791938782, -0.00999906100332737, 0.006922427099198103, -0.023286938667297363, -0.008168994449079037, -0.02214646153151989, -0.005738851148635149, 0.0048039257526397705, 0.0019262117566540837, -0.013287877663969994, -0.017783476039767265, 0.010867680422961712, 0.03084591031074524, 0.030156319960951805, -0.014335524290800095, 0.01822110079228878, -0.019056566059589386, -0.002053852193057537, -0.020939677953720093, -0.013572996482253075, 0.011504225432872772, 0.01912287250161171, 0.02206689491868019, 0.019679849967360497, -0.0062925126403570175, 0.030527638271450996, 0.02489156275987625, -0.018406759947538376, -0.007976705208420753, -0.014879239723086357, -0.021178383380174637, 0.0369461327791214, 0.009939385578036308, 0.01049636211246252, 0.03500997647643089, -0.005006161518394947, 0.015038375742733479, -0.006083646323531866, 0.013805069960653782, -0.006726821884512901, -0.01413660403341055, -0.0015905337641015649, 0.0035076283384114504, 0.0074661425314843655, 0.0014197938144207, -0.010164828039705753, 0.01979920268058777, 0.02944020740687847, -0.01032396499067545, -0.013301138766109943, -0.01367245614528656, 0.004263525363057852, -0.006179791409522295, 0.019533975049853325, -0.0023920168168842793, 0.028803661465644836, 0.012114247307181358, 0.006027285475283861, -0.010642237029969692, 0.007930289953947067, -0.009316101670265198, -0.0014289109967648983, 0.009687419049441814, 0.022199507802724838, 0.02211993932723999, 0.01839349791407585, 0.009568067267537117, 0.004840394482016563, -0.02674815244972706, -0.02059488371014595, 0.007386574521660805, 0.01697453297674656, 0.005453731864690781, -0.0006887615891173482, 0.04105715453624725, 0.017677385360002518, 0.008593358099460602, -0.00013706853496842086, -0.03482431545853615, -0.006345557980239391, 0.006929057650268078, -0.011066600680351257, 0.0016817054711282253, 0.02782232128083706, 0.017080625519156456, -0.01227338332682848, 0.0010401875479146838, 0.0033833030611276627, -0.0030451384373009205, -0.0063024586997926235, -0.01096051000058651, -0.016603216528892517, 0.012916559353470802, -0.010569299571216106, -0.0027964881155639887, -0.6441835761070251, -0.027557095512747765, -0.0043530394323170185, -0.0020289872772991657, -0.018340453505516052, 0.009170226752758026, -0.01161031611263752, 0.018459806218743324, -0.03039502538740635, 0.031827252358198166, 0.00102941261138767, 0.025077221915125847, 0.011265520937740803, -0.01584731787443161, -0.0051454054191708565, -0.008779016323387623, 0.003819270059466362, -0.011517486535012722, -0.01239936612546444, -0.0006564370705746114, 0.010542776435613632, 0.015515784732997417, -0.015807535499334335, 0.023936744779348373, 0.006624046713113785, -0.0004769943479914218, -0.014375308528542519, 0.014919023960828781, 0.011524117551743984, 0.02954629808664322, -0.015688182786107063, 0.014905762858688831, 0.014176388271152973, 0.0039054688531905413, 0.05110926181077957, 0.006604154594242573, -0.02084684930741787, -0.00887184590101242, 0.011185952462255955, 0.0303419791162014, -0.046202559024095535, -0.010900833643972874, 0.0029987238813191652, 0.0033468343317508698, -0.0058814105577766895, -0.008394437842071056, -0.009289578534662724, -0.0130359111353755, 0.02694707177579403, 0.0018284092657268047, -0.01543621625751257, 0.007273852825164795, -0.01719997636973858, -0.010105152614414692, 0.001518425066024065, -0.007704847026616335, 0.008513789623975754, 0.015064898878335953, 0.004697835072875023, -0.016391035169363022, 0.001967653399333358, 0.014083558693528175, -0.006140007171779871, 0.008082795888185501, -0.017332591116428375, 0.008719340898096561, -0.0038623695727437735, 0.015940148383378983, 0.018035441637039185, -0.003154544625431299, 0.008911630138754845, 0.013188417069613934, -0.009103920310735703, -0.018366975709795952, -0.0021035822574049234, -0.0040546590462327, 0.028061026707291603, -0.017902828752994537, 0.0071147168055176735, 0.025833118706941605, 0.011212475597858429, -0.017889566719532013, -0.032755546271800995, -0.005029368679970503, 0.007983335293829441, -0.019732896238565445, -0.025899425148963928, 0.016059501096606255, 0.005321118514984846, 0.006176475901156664, 0.004429292399436235, 0.01644407957792282, 0.005825050175189972, -0.028458867222070694, 0.004273471422493458, 0.013327660970389843, -0.012578395195305347, -0.009515021927654743, 0.022385166957974434, -0.033657316118478775, -0.030023707076907158, 0.00656768586486578, 0.02731839008629322, 0.005709012970328331, 0.04646778479218483, -0.00023373137810267508, -0.02649618685245514, 0.013990729115903378, 0.04996878281235695, -0.013606149703264236, 0.014163126237690449, -0.03222509101033211, -0.014057035557925701, 0.013858115300536156, -0.008964675478637218, -0.025249619036912918, 0.011616946198046207, -0.002748415805399418, -0.007684954907745123, 0.008467375300824642, -0.00037857022834941745, 0.014242694713175297, 0.023353245109319687, -0.017040841281414032, -0.0005437155487015843, 0.028724094852805138, 0.014826194383203983, 0.02034291811287403, 0.0028213532641530037, -0.008832062594592571, 0.0031678059604018927, -0.0011827470734715462, 0.022690176963806152, -0.017611078917980194, 0.02034291811287403, 0.0021947540808469057, 0.01564839854836464, 0.006445018108934164, 0.0037496481090784073, -0.03087243251502514, -0.0006825453601777554, 0.0007488520932383835, 0.028830185532569885, -0.01388463843613863, 0.00834802258759737, -0.013228201307356358, -0.013539843261241913, 0.00881217047572136, 0.013858115300536156, 0.007181023713201284, -0.023963266983628273, -0.019427884370088577, -0.011119646020233631, 0.017465204000473022, -0.002135078189894557, -0.00737994397059083, 0.043603334575891495, -0.032304659485816956, -0.017491726204752922, -0.031933341175317764, -0.023804131895303726, 0.019706372171640396, -0.02776927687227726, -0.006401918828487396, -0.007386574521660805, -0.012028048746287823, 0.0026025408878922462, 0.0006543649360537529, 0.01867198757827282, -0.03201290965080261, 0.001456262543797493, 0.008394437842071056, -0.004571851808577776, 0.005440470762550831, -0.006345557980239391, 0.006862751208245754, -0.01388463843613863, -0.0103372260928154, -0.02949325181543827, -0.0113848727196455, 0.009654265828430653, 0.01991855539381504, -0.015064898878335953, -0.015091421082615852, 0.0023190793581306934, 0.020462270826101303, -0.00933599378913641, 0.012850252911448479, -0.037503112107515335, 0.031137660145759583, -0.005082414019852877, 0.003902153577655554, -0.0056062377989292145, -0.003882261458784342, 0.014335524290800095, 0.03129679709672928, 0.012518718838691711, -0.01714693196117878, 0.0003170292475260794, 0.012551872059702873, 0.02047553099691868, 0.03079286590218544, 0.028803661465644836, 0.00857346598058939, -0.011902065947651863, -0.030925478786230087, 0.011026816442608833, -0.0005333551089279354, 0.037476588040590286, 0.008241931907832623, -0.010575930587947369, -0.015290342271327972, 0.002168231410905719, -0.01387137733399868, 0.01570144295692444, 0.004283417481929064, -0.017438681796193123, -0.002738469745963812, -0.020687712356448174, 0.019560497254133224, 0.04240981116890907, 0.0033219694159924984, 0.02814059518277645, 0.0017156878020614386, 0.015369909815490246, 0.015369909815490246, 0.00255281082354486, 0.02629726566374302, 0.00737994397059083, -0.05118883028626442, 0.009740465320646763, 0.006070385221391916, -0.00844748318195343, 0.01413660403341055, 0.0250241756439209, 0.005284649785608053, 0.024506982415914536, -0.007996596395969391, 0.016788875684142113, -0.011742929928004742, -0.007161131594330072, 0.011557270772755146, 0.012074463069438934, -0.01365919504314661, 0.007718108128756285, -0.021761883050203323, 0.013075695373117924, 0.01794261299073696, -0.0059576635248959064, -0.00022026280930731446, -0.006667145993560553, 0.00036365119740366936, -0.001646894495934248, 0.0032523472327739, 0.01757129468023777, -0.003447952214628458, -0.017438681796193123, -0.0043430938385427, 0.020303133875131607, 0.025329187512397766, 0.019401362165808678, 0.006027285475283861, 0.011709775775671005, -0.024560028687119484, 0.014110080897808075, -0.0012722612591460347, -0.00027517310809344053, -0.02341955155134201, 0.013042542152106762, -0.020024646073579788, 0.008580096065998077, -0.031827252358198166, -0.024003051221370697, -0.012830360792577267, -0.006474856287240982, -0.016563432291150093, 0.018526112660765648, -0.022557564079761505, 0.014614013023674488, 0.001425595604814589, -0.019852247089147568, -0.005705697927623987, 0.013069065287709236, 0.025130266323685646, 0.0022991872392594814, -0.028724094852805138, 0.0023853862658143044, 0.004154119174927473, 0.01779673807322979, 0.001765417866408825, 0.0009075739653781056, 0.01879134029150009, -0.017584556713700294, -0.015224034897983074, -0.011530747637152672, 0.028034502640366554, 0.02237190492451191, -0.005858203396201134, 0.027875367552042007, -0.009342623874545097, 0.015608614310622215, 0.017650863155722618, -0.014083558693528175, -0.01227338332682848, 0.02782232128083706, -0.01062234491109848, -0.002599225379526615, -0.01677561365067959, -0.007618648000061512, -0.0038888922426849604, 0.00739320507273078, -0.005811788607388735, -0.009912862442433834, 0.008792278356850147, 0.01714693196117878, -8.101858838927001e-05, 0.01323483232408762, -0.009501760825514793, 0.02519657276570797, -0.0092232720926404, 0.01363267283886671, 0.017306067049503326, -0.01904330588877201, 0.007432989310473204, 0.06662504374980927, 0.036733951419591904, 0.0086861876770854, 0.002484846394509077, -0.02954629808664322, 0.021761883050203323, -0.011902065947651863, -0.017014317214488983, 0.027663186192512512, -0.00581841915845871, 0.00020337531168479472, -0.018101748079061508, 0.021364042535424232, -0.02214646153151989, 0.005990816745907068, -0.013990729115903378, 0.02322063222527504, -0.023804131895303726, 0.027159254997968674, 0.0015631822170689702, -0.004976323340088129, 0.007797676604241133, 0.019865509122610092, 0.032357703894376755, 0.026801196858286858, 0.004233687650412321, 0.02957282029092312, 0.006696984171867371, -0.0038623695727437735, -0.007956813089549541, -0.02426827885210514, 0.02814059518277645, 0.016165591776371002, 0.01290992833673954, -0.013480166904628277, 0.030235888436436653, -0.011298674158751965, -0.0013957575429230928, 0.005758743267506361, -0.01762434095144272, -0.022040370851755142, 0.021377302706241608, -0.008135841228067875, 0.0016883362550288439, 0.02491808496415615, -0.008639772422611713, -0.020064430311322212, 0.031482454389333725, -0.011902065947651863, 0.016802135854959488, -0.006620731204748154, -0.006209629122167826, -0.049226149916648865, 0.007280483841896057, 0.007665062788873911, 0.020807065069675446, -0.012843621894717216, -0.015011853538453579, -0.020661190152168274, -0.025859640911221504, -0.038378361612558365, -0.028061026707291603, 0.015926886349916458, 0.009256425313651562, -0.017027579247951508, -0.01932179369032383, -0.01265796273946762, 0.0006725993007421494, -0.011822497472167015, 0.004396139178425074, -0.001733922166749835, -0.04132238030433655, -0.018857646733522415, 0.02059488371014595, 0.014706842601299286, 0.023154325783252716, 0.012843621894717216, 0.01590036414563656, -0.001967653399333358, 0.004134227056056261, -0.01887090690433979, -0.029758479446172714, -0.011961741372942924, -0.002672162838280201, -0.022080155089497566, -0.0024831886403262615, -0.01429574005305767, 0.001379180932417512, -0.028883229941129684, 0.020183781161904335, 0.02816711738705635, 0.004280101973563433, 0.018937215209007263, -0.029307594522833824, 0.0011048365850001574, -0.0012374501675367355, 0.02082032710313797, 0.0015358306700363755, 0.0018201209604740143, -0.010529515333473682, -0.015595353208482265, -0.003988352604210377, 0.0003520475293044001, 5.110283746034838e-05, -0.0021864657755941153, 0.0033683839719742537, 0.024188710376620293, 0.014706842601299286, -0.010012323036789894, -0.02906888909637928, 0.017491726204752922, -0.0035938271321356297, -0.005483570042997599, -0.012047940865159035, 0.026814458891749382, 0.004535383079200983, 0.006103538442403078, 0.015781011432409286, 0.014096819795668125, 0.020210305228829384, 0.017690647393465042, -0.03039502538740635, 0.01799565739929676, 0.0015200828202068806, -0.005112252198159695, -0.019666587933897972, 0.0008868530858308077, -0.02011747471988201, -0.01977268047630787, 0.0029423630330711603, 0.0055366153828799725, -0.0066737765446305275, -0.0019892032723873854, -0.034956932067871094, -0.043629854917526245, -0.006395288277417421, -0.028511911630630493, -0.0037861168384552, -0.008367914706468582, -0.002042248612269759, 0.01652364805340767, -0.023658256977796555, 0.017266282811760902, -0.0044326079078018665, 0.014574228785932064, -0.026814458891749382, -0.015754489228129387, -0.0031512293498963118, 0.019507452845573425, 0.005841626785695553, 0.006633992772549391, 0.018751556053757668, -0.021987326443195343, -0.01686844229698181, -8.91515301191248e-05, -0.02901584468781948, 0.007088194135576487, -0.004081181716173887, 0.0007169419550336897, 0.02991761639714241, 0.03676047548651695, -0.011345088481903076, 0.030501116067171097, -0.005112252198159695, 0.0036203498020768166, -0.004810556303709745, 0.00020886633137706667, -0.013831593096256256, -0.01251208782196045, 0.012538610957562923, 0.01979920268058777, -0.007127977907657623, 0.02666858397424221, -0.015064898878335953, 0.010363748297095299, 0.004260210320353508, -0.02466611936688423, -0.020037906244397163, -0.04641474038362503, -0.035752613097429276, -0.018738294020295143, -0.0027268659323453903, -0.02954629808664322, 0.0025445225182920694, -0.034983452409505844, -0.0162186361849308, 0.036733951419591904, -0.019388100132346153, 0.03140288591384888, 0.01672256737947464, 0.01954723708331585, 0.01632472686469555, 0.03503650054335594, -0.006769921630620956, 0.009369147010147572, -0.016032977029681206, -0.0032026171684265137, -0.018406759947538376, 0.00580515805631876, 0.003267266321927309, -0.004237002693116665, 0.03339209035038948, -0.007777784485369921, -0.0044027697294950485, -0.008500528521835804, 0.0031064723152667284, -0.042356766760349274, -0.008759125135838985, 0.004174011293798685, -0.008387806825339794, 0.008122580125927925, -0.028803661465644836, 0.003438006155192852, 0.006295828148722649, 0.01957375928759575, 0.029174979776144028, -0.02042248658835888, 0.019388100132346153, -0.010091890580952168, -0.02214646153151989, 0.008885107934474945, -0.0434972420334816, 0.03310034051537514, 0.009070766158401966, 0.012432520277798176, 0.026456402614712715, 0.01364593394100666, -0.007366682402789593, 0.02062140591442585, 0.028379298746585846, 0.007545710541307926, 0.01579427346587181, 0.018406759947538376, 0.0008242760668508708, 0.010317333973944187, -0.018778078258037567, -0.016125807538628578, -0.02542201615869999, -0.026482924818992615, 0.02369804121553898, 0.0008636456914246082, -0.008639772422611713, -0.002799803391098976, 0.000921664119232446, -0.011650100350379944, 0.01223360002040863, 0.009594590403139591, 0.011941850185394287, -0.018154794350266457, -0.001682534348219633, -0.0018648779951035976, 0.013002757914364338, -0.012618178501725197, 0.00820877868682146, 0.02234538272023201, 0.014826194383203983, -0.01757129468023777, -0.027928411960601807, 0.0025445225182920694, -0.006511325016617775, -0.0055200387723743916, 0.011490963399410248, -0.0014711815165355802, 0.014415092766284943, -0.005589660722762346, 0.012817098759114742, -0.0030219312757253647, -0.00384910823777318, -0.03981058672070503, 0.025010915473103523, -0.029334116727113724, -0.017664125189185143, 0.014149865135550499, 0.010489731095731258, -0.0016195429489016533, -0.011490963399410248, -0.018976997584104538, -0.018300669267773628, -0.01609928533434868, 0.019335055723786354, 0.03901490569114685, 0.012087725102901459, -0.01694801077246666, 0.019003521651029587, -0.002244484145194292, 0.0003868585918098688, 0.021337520331144333, -0.0013725501485168934, 0.00987307820469141, -0.007771153934299946, 0.004190587904304266, -0.013725502416491508, -0.0011711433762684464, -0.005569769069552422, -0.0027351544704288244, -0.0174254197627306, 0.02127121202647686, 0.02284931391477585, -0.011172691360116005, 0.022703438997268677, -0.004170695785433054, 0.00912381149828434, -0.051029693335294724, -0.015993192791938782, -0.029652388766407967, -0.008381175808608532, 0.0008686187211424112, -0.013466905802488327, -0.023485859856009483, -0.01518425066024065, 0.014242694713175297, 0.017226500436663628, -0.015330125577747822, -0.007552341558039188, 0.007479404099285603, 0.02189449593424797, 0.01097377110272646, -0.004953115712851286, -0.01430900115519762, 0.01926874741911888, -0.016351250931620598, 0.011464441195130348, -0.019653327763080597, 0.0026937127113342285, 0.03246379643678665, -0.01960028149187565, -0.02997066080570221, -0.01059582270681858, -0.037874430418014526, 0.002290898934006691, 0.000566094066016376, 0.006445018108934164, -0.004290048032999039, 0.0029274439439177513, -0.03697265684604645, -0.019984861835837364, -0.026734890416264534, 0.04641474038362503, -0.008951414376497269, -0.028936276212334633, 0.01719997636973858, -0.002032302552834153, -0.018579157069325447, -0.006809705402702093, 0.005994132254272699, -0.0108477883040905, 0.004926593042910099, -0.017160192131996155, -0.025037437677383423, -0.0067235068418085575, -0.01849959045648575, 0.04079192504286766, 0.02609834633767605, -0.007333529181778431, -0.002522972645238042, -0.011172691360116005, -0.013858115300536156, -0.009926123544573784, 0.023074757307767868, -0.00524818105623126, 0.023936744779348373, 0.0015432900981977582, 0.0130359111353755, 0.010277549736201763, -0.0078109377063810825, -0.0035838810727000237, -0.03543433919548988, -0.003965144976973534, 0.01062234491109848, -0.017359113320708275, 0.011703145690262318, -0.007035148795694113, -0.0018416706006973982, 0.00693568866699934, 0.03124375082552433, 0.02107229270040989, 0.03424081578850746, 0.0010957194026559591, -0.011292043142020702, -0.006700299214571714, 0.008480636402964592, -0.00804964266717434, 0.01324809342622757, -0.006527901627123356, -0.008785647340118885, -0.025912687182426453, 0.004717726726084948, -0.019003521651029587, 0.007366682402789593, -0.0303419791162014, -0.0039618294686079025, -0.004827132914215326, -0.022610610350966454, 0.005563138052821159, 0.0009249794529750943, 0.02296866662800312, -0.011099753901362419, -0.017385635524988174, 0.028405820950865746, 0.00346784433349967, 0.019427884370088577, 0.02209341712296009, 0.004913331940770149, 0.0036932872608304024, 0.007492665201425552, 0.04248937964439392, -0.016258420422673225, -0.018539372831583023, 0.0040281363762915134, -0.0034413214307278395, 0.024586550891399384, -0.022027110680937767, 0.013937683776021004, -0.04248937964439392, -0.013990729115903378, -0.01096051000058651, -0.011391503736376762, -0.01162357721477747, 0.02084684930741787, 0.00847400538623333, -0.017451941967010498, -0.01664300076663494, -0.016152329742908478, -0.014003990218043327, 0.012154031544923782, -0.024480460211634636, 0.0015781011898070574, -0.013281246647238731, -0.027663186192512512, 0.01629820466041565, -0.012339690700173378, -0.020780542865395546, 0.016152329742908478, 0.012604917399585247, 0.018353715538978577, 0.021059030666947365, 0.20984767377376556, 0.010953878983855247, 0.015834057703614235, 0.02042248658835888, -0.010648868046700954, 0.03039502538740635, 0.018579157069325447, -0.0012415943201631308, -0.001641921466216445, 0.004253579303622246, -0.024109141901135445, 0.009581328369677067, -0.021337520331144333, -0.007247330155223608, -0.002188123529776931, -0.021231427788734436, -0.035301726311445236, -0.013466905802488327, -0.043974652886390686, -0.024851778522133827, 0.023101279512047768, 0.02536897175014019, -0.01717345416545868, -0.04026147350668907, 0.012730900198221207, 0.00820877868682146, -0.0006444189348258078, 0.006050493102520704, 0.008725970983505249, -0.0034976822789758444, -0.005211712326854467, -0.01151085551828146, -0.005844941828399897, 0.008752494119107723, -0.015542307868599892, -0.009932754561305046, 0.008195517584681511, -0.03527520224452019, 0.037078745663166046, 0.009806771762669086, 0.006448333617299795, -0.02639009617269039, -0.004837078973650932, -0.007499296218156815, -0.0017571294447407126, 0.03339209035038948, 0.003278869902715087, -0.01499859243631363, -0.002085347892716527, 0.012989496812224388, -0.009886340238153934, -0.0031876980792731047, 0.021907757967710495, 0.009773618541657925, 0.026827720925211906, -0.01539643295109272, 0.02229233644902706, -0.014879239723086357, -0.024361107498407364, 0.023883700370788574, -0.017213238403201103, 0.02486504055559635, -0.021536439657211304, -0.003653503255918622, -0.0035242049489170313, 0.008228670805692673, -0.005523354280740023, -0.02991761639714241, -0.015117944218218327, -0.02189449593424797, -0.0009481868473812938, -0.02164253033697605, -0.0010435028234496713, 0.0024152242112904787, -0.005685805808752775, -0.0017007687129080296, -0.005022738128900528, 0.005785265937447548, 0.011570531874895096, 0.026801196858286858, -0.024931346997618675, -0.0035076283384114504, -0.01587384194135666, -0.018751556053757668, -0.0027666501700878143, -0.02729186788201332, 0.012949712574481964, -0.024387631565332413, -0.021735360845923424, -0.003829216118901968, -0.00041296688141301274, -0.005825050175189972, 0.0007177708321250975, 0.003179409774020314, 0.00248981942422688, 0.0324903205037117, 0.0250241756439209, 0.019335055723786354, -0.010575930587947369, 0.019162656739354134, -0.027610139921307564, 0.03256988525390625, 0.019361577928066254, 0.00244008912704885, -0.02654923126101494, -0.005394055973738432, -0.0044591305777430534, 0.011113015003502369, 0.01641755737364292, -0.026230959221720695, -0.018884168937802315, -0.01313537172973156, -0.003819270059466362, -0.014667058363556862, -0.007187654264271259, -0.011504225432872772, -0.008944783359766006, -0.027610139921307564, 0.01686844229698181, -0.0039054688531905413, 0.02324715442955494, -0.014388569630682468, 0.009435453452169895, 0.018154794350266457, -0.015316864475607872, -0.011762821115553379, -0.02957282029092312, -0.011391503736376762, -0.02296866662800312, -0.03912099450826645, 0.027504049241542816, -0.022504517808556557, 0.002352232811972499, -0.026032039895653725, 0.0012275041081011295, 0.021204905584454536, 0.0027749384753406048, -0.017637601122260094, -0.02259734831750393, -0.027557095512747765, 0.003384960815310478, -0.013480166904628277, -0.001126386341638863, 0.009455345571041107, -0.001780336839146912, -0.031031569465994835, 0.00946197658777237, -0.012478934600949287, 0.002032302552834153, -0.021854711696505547, -0.025581153109669685, -0.00957469828426838, 0.011006924323737621, -0.016762351617217064, 0.019653327763080597, -0.02581985667347908, -0.033604271709918976, -0.030156319960951805, 0.003587196348235011, -0.016987795010209084, -0.011053338646888733, -0.011364980600774288, 0.01731932908296585, 0.011378242634236813, -0.03588522598147392, 0.0027567041106522083, -0.1685783416032791, 0.008546942844986916, 0.02562093734741211, -0.02257082611322403, 0.01784978248178959, 0.004081181716173887, 0.04291374236345291, -0.023857176303863525, -0.004044712986797094, 0.011530747637152672, 0.0017040841048583388, -0.010456577874720097, 0.0025925948284566402, -0.004856971092522144, -0.02036944031715393, 0.026151390746235847, -0.017001057043671608, 0.033630795776844025, 0.037476588040590286, 0.0059709250926971436, 0.033232953399419785, -0.027557095512747765, -0.0016452368581667542, 0.002042248612269759, 0.006627361755818129, 0.00820877868682146, -0.012817098759114742, 0.01564839854836464, -0.00429336354136467, -0.030235888436436653, -0.022889098152518272, 0.008195517584681511, -0.019255487248301506, 0.00923653319478035, -0.01278394553810358, -0.014468138106167316, 0.011040077544748783, -0.010854418389499187, 0.004538698587566614, 0.023353245109319687, 0.004767457023262978, 0.0007032661815173924, 0.002249457174912095, -0.017756953835487366, -0.001538317184895277, 0.03206595405936241, 0.0173723753541708, -0.017756953835487366, 0.008062903769314289, -0.012299906462430954, 0.025262881070375443, -0.036203496158123016, 0.006962211336940527, 0.010343856178224087, 0.018327191472053528, 0.00586814945563674, -0.0005826707929372787, 0.01453444454818964, -0.026562493294477463, -0.0038789461832493544, -0.010549407452344894, -0.014468138106167316, 0.012730900198221207, -0.007983335293829441, -0.02469264157116413, -0.014003990218043327, 0.0048337639309465885, 0.006143322680145502, -0.019613543525338173, 0.0055100927129387856, 0.0020356178283691406, -0.0034413214307278395, 0.005559823010116816, -0.00012712251918856055, 0.013500059023499489, 0.010940617881715298, -0.004807241261005402, -0.015661660581827164, -0.00338661833666265, 0.015595353208482265, -0.012525349855422974, 0.053071942180395126, -0.010556038469076157, 0.023207370191812515, -0.021151861175894737, 0.010270918719470501, 0.013619410805404186, 0.00911055039614439, -0.010005692020058632, -0.025063959881663322, 0.025833118706941605, -0.019401362165808678, -0.011265520937740803, 0.002819695509970188, 0.016152329742908478, 0.013791808858513832, 0.020608145743608475, -0.017040841281414032, 0.011338458396494389, -0.008102688007056713, -0.0013592888135463, -0.005377479363232851, -0.031455934047698975, 0.04073888063430786, 0.013698979280889034, -0.01794261299073696, -0.01336081512272358, 0.008102688007056713, 0.013606149703264236, -0.001775363809429109, -0.01892395317554474, 0.023936744779348373, 0.022477995604276657, 0.013831593096256256, 0.027530571445822716, -0.002562756882980466, 0.0014488029992207885, -0.0037960626650601625, 0.017359113320708275, 0.017186716198921204, 0.010516254231333733, -0.012293275445699692, -0.00429336354136467, 0.01669604517519474, 0.008991198614239693, -0.008832062594592571, -0.09219294041395187, -0.016841920092701912, 0.010032215155661106, 0.036680907011032104, -0.020435746759176254, 0.00392536073923111, 0.005334380082786083, 0.01059582270681858, -0.01997159980237484, 0.01794261299073696, -0.007545710541307926, -0.018101748079061508, -0.005563138052821159, 0.0027765959966927767, 0.009488498792052269, -0.013241462409496307, -0.007088194135576487, -0.001714030047878623, 0.005201766267418861, 0.029652388766407967, 0.00737994397059083, -0.030925478786230087, 0.02014399692416191, -0.009886340238153934, -7.480233034584671e-05, -0.008294977247714996, -0.031986385583877563, 0.021059030666947365, 0.010204612277448177, 0.015621875412762165, -0.012604917399585247, -0.01576775126159191, 0.0135199511423707, 0.0060073938220739365, -0.03140288591384888, -0.04638822004199028, -0.007214176934212446, 0.004608320537954569, -0.002315764082595706, -0.06683722883462906, 0.009992430917918682, 0.006401918828487396, 0.006547793745994568, -0.00011759092012653127, 0.01869850978255272, -0.014255955815315247, -0.024705903604626656, 0.03779486194252968, 0.0031064723152667284, -0.03729093074798584, -0.02644314058125019, 0.012750792317092419, -0.027504049241542816, -0.05304541811347008, 0.03073981963098049, -0.012299906462430954, 0.020077690482139587, -0.011020185425877571, -0.008195517584681511, 0.006305774208158255, -0.017836522310972214, 0.0036104037426412106, -0.034108202904462814, 0.036654382944107056, 0.029731957241892815, 0.003421429544687271, -0.011185952462255955, -0.006531217135488987, 0.007326898630708456, 0.006468225736171007, -0.0055200387723743916, 0.025899425148963928, -0.022186245769262314, 0.014892500825226307, -0.027663186192512512, 0.007492665201425552, 0.01864546537399292, -0.010144935920834541, -0.004770772531628609, 0.009773618541657925, -0.02471916563808918, -0.024188710376620293, 0.010317333973944187, 0.002680451376363635, -0.0039982981979846954, 0.0033982221502810717, -0.005453731864690781, 0.0006091934628784657, 0.02912193536758423, -0.011285413056612015, -0.0024069359060376883, 0.010788111947476864, 0.015303603373467922, 0.0006966355140320957, 0.013805069960653782, -0.01267122384160757, -0.0018300669034942985, 0.015038375742733479, 0.0008561862050555646, -0.009541545063257217, -0.034532565623521805, -0.01879134029150009, -0.055379416793584824, 0.03087243251502514, -0.02121816761791706, 0.010774850845336914, -0.0028395876288414, -0.002554468344897032, 0.0022361958399415016, 0.005132144317030907, -0.018088487908244133, 0.018605681136250496, -0.030103275552392006, -0.0024218547623604536, -0.0562811903655529, -0.019016781821846962, -0.026257481426000595, 0.011829128488898277, 0.016802135854959488, 0.011172691360116005, 0.027928411960601807, 0.0010435028234496713, -0.0010841157054528594, -0.02042248658835888, -0.020754020661115646, 0.02347259782254696, -0.026907287538051605, 0.009813402779400349, 0.006716876290738583, -0.01641755737364292, 0.003267266321927309, -0.03256988525390625, 0.01731932908296585, -0.012173923663794994, 0.02164253033697605, 0.021483395248651505, -0.005022738128900528, -0.02314106374979019, 0.0028478759340941906, 0.003663449315354228, 0.0020240142475813627, -0.01391116064041853, 0.008679556660354137, -0.024705903604626656, 0.014812933281064034, -0.003746332600712776, -0.009137073531746864, 0.001977599458768964, -0.0027368119917809963, 0.016841920092701912, 0.024334585294127464, -0.0014695238787680864, 0.017690647393465042, 0.012366212904453278, -0.009568067267537117, 0.0173988975584507, -0.01796913519501686, -0.02734491229057312, 0.005231604445725679, -0.01937483809888363, 0.0078109377063810825, -0.014852717518806458, 0.05020748823881149, 0.00035391238634474576, 0.00974709540605545, -0.015104683116078377, 0.024825256317853928, 0.0014711815165355802, -0.009965907782316208, 0.037927474826574326, -0.003510943613946438, -0.008633141405880451, -0.005294595845043659, 0.004313255660235882, 0.02711947076022625, -0.0011172691592946649, 0.025090482085943222, 0.030607206746935844, -0.0024102511815726757, 0.01674909144639969, -0.02209341712296009, 0.011537378653883934, 0.04678605869412422, -0.027451004832983017, -0.026960333809256554, 0.012730900198221207, 0.01540969405323267, 0.021151861175894737, 0.009183487854897976, 0.01251208782196045, 0.00912381149828434, 0.006202998571097851, -0.0031064723152667284, -0.002738469745963812, -0.0007347619393840432, -0.016815397888422012, 0.03044806979596615, 0.023976529017090797, 0.012452412396669388, -0.012160662561655045, -0.017982397228479385, 0.028856707736849785, 0.027981458231806755, -0.012810468673706055, -0.006411864887923002, -0.02347259782254696, -0.027557095512747765, 0.010900833643972874, -0.023525642231106758, 0.0135199511423707, 0.03328600153326988, 0.022358642891049385, 0.009773618541657925, 0.004545329138636589, 0.023737825453281403, 0.01694801077246666, -0.012087725102901459, -0.0037529633846133947, 0.01672256737947464, -0.050021830946207047, -0.023233892396092415, 0.02991761639714241, -0.0016352907987311482, 0.0035440970677882433, 0.026363572105765343, -0.0024682695511728525, 0.023432813584804535, -0.0012880091089755297, 0.011431287974119186, -0.005440470762550831, 0.026085084304213524, 0.021987326443195343, -0.015661660581827164, 0.015025114640593529, -0.01074832770973444, -0.020913155749440193, -0.012565133161842823, -0.019825724884867668, -0.013606149703264236, 0.01601971685886383, -0.0013493428705260158, 0.057925596833229065, 0.021005986258387566, -0.04071236029267311, 0.003839162178337574, 0.0027036587707698345, 0.01265796273946762, 0.015979932621121407, -0.0011653415858745575, -0.01706736348569393, -0.03612393140792847, 0.023578688502311707, -0.009024351835250854, -0.019030043855309486, -0.02429480105638504, -0.02234538272023201, -0.00542389415204525, -0.008958045393228531, 0.011888803914189339, -0.0011330170091241598, -0.0009357543312944472, 0.0009274659678339958, 0.009150334633886814, -0.012644701637327671, 0.034453000873327255, -0.018406759947538376, -0.01994507759809494, 0.027610139921307564, -0.0005569768836721778, 0.013752024620771408, -0.023034973070025444, -0.008301608264446259, 0.01712040789425373, -0.022809529677033424, 0.002163258381187916, -0.00236880942247808, 0.0018184632062911987, -0.017810000106692314, 0.0013916133902966976, 0.003650187747552991, 0.024957869201898575, -0.01771716959774494, 0.026032039895653725, -0.009442084468901157, 0.01239936612546444, -0.009740465320646763, -0.0009282948449254036, -0.008832062594592571, -0.005619498901069164, -0.01313537172973156]"
19123,"MongoDB LINQ: Count with predicate inside Where not supported?<p>I have a collection of documents which look a bit like:</p>
<pre><code>{
  &quot;_id&quot;: {
    &quot;$oid&quot;: &quot;620d91300adfc5baaafc3006&quot;
  },
  &quot;Results&quot;: [
    {
      &quot;LabelIndex&quot;: 18,
      &quot;Label&quot;: &quot;modal&quot;,
      &quot;Probability&quot;: 2.264034495769797e-26
    },
    {
      &quot;LabelIndex&quot;: 10,
      &quot;Label&quot;: &quot;galaxy&quot;,
      &quot;Probability&quot;: 2.4459039011662245e-34
    }
  ]
}
</code></pre>
<p>I want to query this collection with LINQ with this query:</p>
<pre><code>var results = documents
    .Where(x =&gt; x.Results.Count(y =&gt; y.Probability &gt; .7) &gt; 1)
    .ToList();
</code></pre>
<p>However this results in:</p>
<pre><code>InvalidOperationException
Count({document}{Results}.Where(({document}{Probability} &gt; 0.7))) is not supported. 
</code></pre>
<p>What am I doing wrong?</p>
",https://stackoverflow.com/questions/6081483/maximum-size-of-a-canvas-element,"Embed Field: MongoDB LINQ: Count with predicate inside Where not supported?<p>I have a collection of documents which look a bit like:</p>
<pre><code>{
  &quot;_id&quot;: {
    &quot;$oid&quot;: &quot;620d91300adfc5baaafc3006&quot;
  },
  &quot;Results&quot;: [
    {
      &quot;LabelIndex&quot;: 18,
      &quot;Label&quot;: &quot;modal&quot;,
      &quot;Probability&quot;: 2.264034495769797e-26
    },
    {
      &quot;LabelIndex&quot;: 10,
      &quot;Label&quot;: &quot;galaxy&quot;,
      &quot;Probability&quot;: 2.4459039011662245e-34
    }
  ]
}
</code></pre>
<p>I want to query this collection with LINQ with this query:</p>
<pre><code>var results = documents
    .Where(x =&gt; x.Results.Count(y =&gt; y.Probability &gt; .7) &gt; 1)
    .ToList();
</code></pre>
<p>However this results in:</p>
<pre><code>InvalidOperationException
Count({document}{Results}.Where(({document}{Probability} &gt; 0.7))) is not supported. 
</code></pre>
<p>What am I doing wrong?</p>; Answer: https://stackoverflow.com/questions/6081483/maximum-size-of-a-canvas-element","[-0.01906638778746128, 0.0274210087954998, -0.004027373623102903, 0.004613173194229603, -0.013431551866233349, 0.015914227813482285, -0.02203723043203354, -0.024673329666256905, -0.01700214110314846, -0.007454999722540379, 0.023920157924294472, 0.0010242778807878494, 0.0061822799034416676, -0.03567799553275108, -0.012483114376664162, 0.037044864147901535, 0.005523255094885826, -0.008640546351671219, -0.0063880071975290775, -0.009003184735774994, -0.0022368484642356634, 0.0091147655621171, 0.010042281821370125, -0.004853769671171904, -0.04457657411694527, 0.006764592602849007, 0.035510625690221786, -0.02616572380065918, 0.00958201102912426, 0.0012300051748752594, 0.03361374884843826, 0.01014688890427351, -0.03154950216412544, -0.04170336574316025, -0.01560738030821085, -0.017587941139936447, 0.016095547005534172, 0.005547663196921349, 0.02100510708987713, -0.019401131197810173, 0.045469220727682114, 0.011834550648927689, 0.0004432726127561182, -0.04170336574316025, -0.012162319384515285, 0.03453429043292999, 9.627122199162841e-05, 0.02523123286664486, -0.006492614280432463, -0.00011038228694815189, 0.012706276029348373, 0.04287496581673622, -0.015732908621430397, -0.005746416747570038, 0.002646559616550803, -0.05149459093809128, 0.021409587934613228, 0.02419910952448845, 0.014868156053125858, 0.01771347038447857, 0.000446759513579309, 0.023208828642964363, -0.006217149086296558, -0.031800560653209686, -0.023418042808771133, 0.009058975614607334, -0.021674592047929764, 0.00855686143040657, 0.00957503728568554, 0.0023205343168228865, 0.012162319384515285, 0.007901323027908802, 0.007210916373878717, -0.03068475052714348, 0.03461797907948494, -0.010941903106868267, -0.008250013925135136, 0.007594475522637367, 0.014547361060976982, 0.005307067185640335, 0.019652187824249268, -0.02708626538515091, -0.011709021404385567, 0.0124203497543931, 0.0012326203286647797, 0.03082422725856304, 0.0013258950784802437, 0.03977859392762184, 0.0017382213845849037, -0.02101905457675457, 0.01123480312526226, 0.014163801446557045, 0.045273955911397934, 0.006499588023871183, 0.014798418618738651, 0.018369007855653763, -0.020447202026844025, 0.029903683811426163, -0.006007934454828501, -0.020865630358457565, -0.01781110279262066, 0.014247487299144268, -0.029652627184987068, -0.0070051890797913074, -0.03520377725362778, 0.000446759513579309, 0.015328427776694298, -0.011534676887094975, 0.0061718192882835865, 0.009805172681808472, -0.007461973465979099, -0.0002994378446601331, 0.0066599855199456215, -0.021716434508562088, 0.013117730617523193, -0.020112458616495132, 0.018815331161022186, -0.019345341250300407, -0.026109933853149414, -0.0067994617857038975, -0.00891949888318777, 0.014798418618738651, 0.04385129734873772, -0.01437999028712511, 0.021883806213736534, 0.004808439873158932, 0.00417731050401926, -0.008054747246205807, -0.012427323497831821, -0.010516501031816006, 0.04220547899603844, 0.023264620453119278, 0.005317527800798416, 0.01947086863219738, -0.014658941887319088, 0.029541045427322388, -0.0014348607510328293, 0.011939157731831074, -0.008849761448800564, 0.004306325688958168, -0.0032585111912339926, 0.00973543431609869, 0.015523694455623627, -0.021674592047929764, -0.004302838817238808, 0.027755752205848694, -0.030573168769478798, -0.0019090796122327447, 0.003518285695463419, -0.020740101113915443, 0.00520246010273695, 0.014463675208389759, 0.00855686143040657, 0.0208098404109478, -0.0012169292895123363, -0.015705013647675514, 0.008856735192239285, -0.015049475245177746, 0.007461973465979099, -0.023111196234822273, 0.028787875548005104, 0.02327856793999672, -0.008424358442425728, -0.005575558636337519, 0.0025524133816361427, 0.019596397876739502, 0.02677941881120205, -0.0245199054479599, -0.009749381802976131, -0.01015386264771223, -0.008250013925135136, 0.04926297068595886, -0.043321289122104645, 0.032721102237701416, 0.013564054854214191, -0.011374278925359249, -0.010495579801499844, 0.0036821700632572174, -0.0362916924059391, -0.026904946193099022, -0.014575256034731865, 0.026737576350569725, 0.008270935155451298, 0.03562220558524132, -0.030740540474653244, -0.03459008410573006, 0.005226868204772472, -0.0025053401477634907, -0.013215363956987858, 0.004930481314659119, 0.003288150066509843, 0.0319400355219841, 0.007019136566668749, -0.033223215490579605, -0.5869156122207642, -0.020014826208353043, -0.00011768299009418115, -0.020740101113915443, 0.0237109437584877, -0.015216846950352192, -0.03732381388545036, 0.018466640263795853, -0.03679380565881729, 0.020042721182107925, 0.0010120737133547664, 0.0015743369003757834, -0.015063422732055187, -0.00290982099249959, 0.011541650630533695, -0.009337927214801311, 0.013759320601820946, -0.00891949888318777, -0.013522211462259293, -0.003286406397819519, -0.03431113064289093, 0.02802075631916523, -0.012601668946444988, 0.0026535335928201675, -0.011123222298920155, -0.002976072020828724, 0.005052523221820593, 0.004093624651432037, 0.0039925044402480125, 0.023320410400629044, -0.037351708859205246, 0.015021580271422863, -0.0013328688219189644, 0.019931139424443245, 0.05138301104307175, -0.017852945253252983, -0.01598396524786949, 0.0025977431796491146, 6.935669080121443e-05, 0.03082422725856304, -0.018787436187267303, -0.001729504088871181, 0.009679644368588924, -0.029122617095708847, -0.027434956282377243, 0.0027407060842961073, 0.017281092703342438, 0.017225302755832672, 0.013822085224092007, 0.0006856123800389469, -0.005512794479727745, 0.006335703656077385, 0.0005348038394004107, 0.008431332185864449, 0.01875954121351242, -0.0032951238099485636, 0.023306462913751602, -0.016667397692799568, 0.01638844609260559, -0.019122177734971046, 0.004986271727830172, -0.016834769397974014, -0.04482763260602951, -0.012036791071295738, -0.040448080748319626, 0.012936411425471306, -0.009519246406853199, -0.012992202304303646, 0.002841826295480132, -0.005941683426499367, 0.018480587750673294, 0.006136950105428696, 0.007838559336960316, 0.016221074387431145, 0.01670924201607704, 0.017699522897601128, 0.02740706130862236, -0.016346603631973267, -0.007123743649572134, 0.004334221128374338, 0.0341995507478714, -0.030628960579633713, -0.04214968904852867, 0.01199494767934084, 0.021451430395245552, -0.005146669689565897, -0.02329251542687416, -0.007733951788395643, 0.007817637175321579, -0.007901323027908802, 0.02133984863758087, 0.020642468705773354, 0.0011899058008566499, -0.02493833377957344, -0.006625116802752018, -0.030238427221775055, -0.014505518600344658, 0.0166952945291996, 0.027072317898273468, -0.00023514805070590228, -0.045162372291088104, -0.013131678104400635, 0.0051815384067595005, 0.010781505145132542, 0.05021141096949577, 0.0032166684977710247, -0.0022647439036518335, -0.004926994442939758, 0.013989456929266453, -0.030238427221775055, -0.018689801916480064, -0.015133161097764969, -0.015579484403133392, 0.012106528505682945, -0.00558950612321496, -0.029401570558547974, 0.042707592248916626, -0.012427323497831821, -0.013020097278058529, 0.01915007457137108, -0.007747899275273085, 0.029847893863916397, -0.00022403354523703456, 0.0033038409892469645, -0.012545878998935223, 0.01924770697951317, 0.014923946931958199, -0.013201416470110416, 0.013815111480653286, -0.00208516838029027, 0.006764592602849007, 0.016555817797780037, 0.025817032903432846, 0.015453956089913845, 0.010642029345035553, 0.011081378906965256, -0.005453517194837332, 0.01576080359518528, 0.012978254817426205, 0.009909779764711857, -0.008396463468670845, 0.016820821911096573, 0.028411289677023888, -0.019959036260843277, 0.0034189089201390743, -0.01499368529766798, -0.05185722932219505, 0.006579787004739046, -0.01771347038447857, 0.005282658617943525, -0.011729943566024303, -0.01948481611907482, 0.012064686045050621, 0.012685354799032211, -0.013431551866233349, -0.007845533080399036, -0.00026761984918266535, -0.01956850290298462, 0.0063147819600999355, -0.02718389965593815, -0.012273900210857391, 0.012908516451716423, -0.005062983836978674, -0.00017172998923342675, 0.012699302285909653, -0.028983142226934433, -0.009644774720072746, 0.013466421514749527, 0.009344900958240032, -0.0100004393607378, 0.005781285930424929, -0.006255504675209522, -0.007252759300172329, -0.008473175577819347, 0.0035775629803538322, -0.008717258460819721, -0.02637493796646595, -0.0005661859759129584, 0.021465377882122993, -0.0025367222260683775, 0.0027563972398638725, 0.018982702866196632, -0.001855032634921372, -0.015900280326604843, -0.010690846480429173, -0.0007496842299588025, 0.016193179413676262, -0.002444319427013397, 0.0023745812941342592, 0.026639942079782486, 0.03154950216412544, -0.00013696993119083345, -0.0264586228877306, -0.00018861968419514596, -0.012490088120102882, 0.018885068595409393, 0.013836032710969448, 0.012922463938593864, -0.000104607104731258, 0.022929877042770386, 0.02895524725317955, 0.050016142427921295, 0.022427763789892197, -0.012601668946444988, 0.024380428716540337, -0.030517378821969032, -0.011053483933210373, -0.02288803458213806, 0.005066470708698034, 0.026193618774414062, 0.017057931050658226, -0.020419307053089142, -0.0211306344717741, -0.0043934984132647514, -0.014282356947660446, 0.03149371221661568, -0.012964307330548763, -0.006569325923919678, 0.010927955619990826, 0.012789961881935596, 0.0033892702776938677, -0.005749903619289398, 0.04245653748512268, 0.0005792618612758815, -0.016737136989831924, -0.004037834238260984, 0.01185547187924385, 0.034785348922014236, 0.003870462765917182, -0.027574433013796806, -0.017043983563780785, 0.00912173930555582, 0.023864367976784706, 0.019442973658442497, -0.022581186145544052, 0.014449727721512318, 0.034060072153806686, -0.0029011035803705454, 0.025482291355729103, -0.024994123727083206, -0.0008739051991142333, 0.03986227884888649, -0.007740925531834364, -0.015830541029572487, 0.03143792226910591, -0.018382955342531204, 0.04287496581673622, 0.036821700632572174, 0.008696337230503559, 0.032386358827352524, 0.0008320623310282826, 0.0075875017791986465, -0.0008534195949323475, 0.00458527822047472, -0.0005897225346416235, -0.05068562924861908, -0.0035322331823408604, 0.024338586255908012, 0.006429850123822689, 0.028453132137656212, 0.021451430395245552, -0.03079633228480816, -0.0006551019614562392, -0.002212440362200141, 0.02265092544257641, 0.009065949358046055, -0.02245565876364708, 0.0043377080000936985, 0.004431854467839003, 0.0049095600843429565, -0.0070819007232785225, -0.04717082902789116, 0.019498763605952263, -0.034785348922014236, -0.007137691602110863, -0.004069216549396515, 0.01437999028712511, 0.04142441228032112, 0.029317883774638176, 0.03135423734784126, -0.0037414473481476307, -0.016751084476709366, 0.012748119421303272, 0.006541430950164795, -0.017448464408516884, -0.01432419940829277, 0.0028261353727430105, 0.005735956132411957, -0.027253637090325356, 0.01885717362165451, 0.027156004682183266, 0.02461753785610199, 0.006398467812687159, -0.02979210391640663, -0.007831585593521595, 0.01835506036877632, 0.03944385051727295, 0.0005400341469794512, -0.02216275781393051, 0.00031098819454200566, 0.0043377080000936985, 0.01013991516083479, -0.010642029345035553, 0.006342677399516106, 0.03623590245842934, 0.00027459365082904696, -0.019122177734971046, -0.041061773896217346, -0.007817637175321579, 0.00916358269751072, -0.033111635595560074, -0.018173741176724434, -0.00208865525200963, 0.0333905890583992, -0.024031737819314003, 0.010425841435790062, -0.011918236501514912, 0.009142660535871983, 0.022176705300807953, 0.013473395258188248, -0.0019334879470989108, -0.025273077189922333, -0.0335579589009285, 0.007517763879150152, 0.03325111046433449, -0.004334221128374338, -0.018871121108531952, 0.010181758552789688, -0.01225995272397995, 0.011192959733307362, -0.03523167222738266, -0.02206512540578842, 0.021814068779349327, 0.008396463468670845, -0.028899455443024635, -0.028899455443024635, 0.0215351153165102, -0.0011419608490541577, -0.0036926306784152985, -0.00644031073898077, 0.012734171003103256, -0.02790917456150055, 0.005035088397562504, -0.03149371221661568, 0.002390272216871381, 0.012999176047742367, 0.005021140910685062, 0.028411289677023888, -0.006199714262038469, -0.0072876280173659325, 0.007733951788395643, 0.012448245659470558, -0.004037834238260984, -0.014310251921415329, -0.0019108230480924249, 0.015593431890010834, 0.02152116782963276, 0.004072703421115875, 0.0022978694178164005, 0.062485311180353165, 0.03464587405323982, -0.007803690154105425, 0.032302673906087875, 0.018801383674144745, 0.002887156093493104, 0.03283268213272095, 0.007454999722540379, 0.014282356947660446, 0.010265443474054337, -0.005341935902833939, -0.047951895743608475, 0.012845752760767937, 0.000722224882338196, 0.014045246876776218, 0.005540689453482628, -0.014714732766151428, -0.014770522713661194, -0.022079072892665863, -0.01225297898054123, 0.013794190250337124, -0.0028453131671994925, -0.035510625690221786, -0.012524956837296486, -0.04499500244855881, -0.007137691602110863, -0.013522211462259293, 0.021688539534807205, 0.010655976831912994, -0.020572731271386147, -0.019429026171565056, -0.02832760289311409, -0.009191477671265602, -0.003978556953370571, 0.009979518130421638, -0.01617923192679882, -0.03205161541700363, -0.0061543844640254974, 0.014421832747757435, 0.03584536910057068, 0.0051815384067595005, 0.02276250533759594, -0.00958898477256298, 0.006775053218007088, 0.0026884025428444147, -0.011151117272675037, -0.01567711867392063, 0.01549579855054617, -0.017699522897601128, 0.005348910111933947, -0.013061940670013428, -0.0046201469376683235, -0.008940420113503933, -0.015830541029572487, 0.027169952169060707, -0.009344900958240032, -0.019749822095036507, 0.004278430715203285, 0.008061720989644527, 0.01937323622405529, -0.006816896144300699, -0.016248969361186028, 0.04756136238574982, 1.7884001863421872e-05, -0.01648608036339283, -0.0038216460961848497, -0.009233320131897926, -0.010293339379131794, 0.012573773972690105, -0.005955630913376808, 0.000406660110456869, 0.009128713048994541, 0.01267140731215477, 0.006858739070594311, -0.007601449731737375, 0.003720525885000825, -0.010035308077931404, 0.006775053218007088, 0.004410932771861553, 0.025705453008413315, 0.006178793031722307, 0.0007841174374334514, 0.025370709598064423, 0.026821261271834373, -0.0158863328397274, -0.00998649187386036, -0.007859480567276478, 0.011374278925359249, -0.008222118020057678, -0.007629344705492258, -0.019331391900777817, -0.006837817840278149, -0.023571467027068138, -0.02792312204837799, -0.006332216784358025, -0.020781945437192917, 0.012810883112251759, -0.02308330126106739, -0.011395200155675411, -0.038383834064006805, -0.012845752760767937, -0.0072946022264659405, 0.012789961881935596, 0.00291156442835927, -0.007183020934462547, 0.005690626334398985, -0.018062159419059753, -0.027476798743009567, -0.017852945253252983, -0.015788698568940163, -0.020419307053089142, -0.0025611305609345436, 0.027574433013796806, -0.00931700598448515, -0.003954148385673761, 0.015816593542695045, 0.024784909561276436, -0.005620888434350491, -0.010725715197622776, -0.018940860405564308, -0.0009702309034764767, -0.015021580271422863, 0.006360111758112907, 0.018410850316286087, 0.023431992158293724, 0.03604063391685486, -0.020265882834792137, -0.0010608903830870986, -0.02192564867436886, 0.0042644827626645565, 0.009086870588362217, 0.017169512808322906, 0.005282658617943525, 0.00813843309879303, -0.007224863860756159, 0.00769908307120204, 0.008940420113503933, 0.03163318708539009, -0.027030475437641144, 0.01138822641223669, 0.042512327432632446, -0.010370050556957722, 0.017685573548078537, -0.008542913943529129, -0.021493272855877876, -0.02111668698489666, 0.026598099619150162, -0.005314040929079056, -0.01241337601095438, -0.0312147606164217, 0.004954889882355928, 0.0021828014869242907, 0.020781945437192917, 0.01730898953974247, -0.01390577107667923, 0.015091318637132645, 0.00018589553656056523, -0.01039794646203518, -0.020949315279722214, 0.004076190292835236, -0.0072876280173659325, -0.01864795945584774, -0.011318488977849483, -0.00933095347136259, 0.03029421716928482, -0.012552852742373943, 0.008452254347503185, 0.0051152873784303665, 0.014003404416143894, 0.005439569242298603, 0.03101949393749237, -0.014658941887319088, -0.005216407589614391, -0.007720004301518202, -0.029429465532302856, 0.011890340596437454, -0.007109796162694693, -0.018285321071743965, -0.030461588874459267, 0.024492010474205017, 0.02906682714819908, 0.0044876448810100555, 0.010014386847615242, 0.010209653526544571, -0.029429465532302856, 0.0020607600454241037, -0.03411586210131645, 0.03525956720113754, 0.00014143751468509436, 0.018410850316286087, 0.02442227117717266, 0.019596397876739502, -0.004738701973110437, 0.011409148573875427, 0.0028331091161817312, 0.000584056309890002, 0.047840315848588943, 0.0459713339805603, -0.017741365358233452, -0.022692767903208733, -0.011311515234410763, -0.017685573548078537, -0.010900060646235943, -0.028467079624533653, 0.019219812005758286, 0.001226518303155899, -0.012225084006786346, 0.0019003624329343438, 0.0018079594010487199, -0.05026720091700554, -0.007636318448930979, -0.0120577123016119, -0.0020450688898563385, -0.011987973935902119, -0.0079431664198637, -0.03213530406355858, 0.0025733348447829485, -0.007810663897544146, 0.040029652416706085, 0.013222337700426579, 0.018369007855653763, -0.02657020464539528, 0.0034537778701633215, 0.002191518899053335, 0.014275383204221725, 0.002644816180691123, 0.04577606916427612, -0.0018375981599092484, -0.00476659694686532, 0.02019614540040493, 0.00353048974648118, 0.005683652590960264, 0.004679424222558737, -0.015133161097764969, 0.036012738943099976, -0.015035527758300304, 0.00414244132116437, -0.007123743649572134, -0.009916753508150578, 0.01534237526357174, 0.0014828057028353214, -0.02482675202190876, -0.00703308405354619, 0.00013544441026169807, -0.0017242737812921405, 0.026918895542621613, 0.011485859751701355, 0.0015089574735611677, -0.0037414473481476307, -0.017183460295200348, 0.015900280326604843, -0.01650002785027027, -0.028299707919359207, -0.003905331948772073, -0.023766733705997467, -0.0070714401081204414, 0.0030859096441417933, -0.007845533080399036, 0.017643731087446213, 0.01478447113186121, -0.0018480588914826512, 0.033641643822193146, 0.012148371897637844, -0.013145625591278076, 0.006813409272581339, 0.015133161097764969, 0.0018062159651890397, -0.04987666755914688, 0.015300532802939415, -0.009616879746317863, -0.001582182478159666, -0.017741365358233452, -0.008487123064696789, -0.042093899101018906, -0.00999346561729908, 0.0073713138699531555, -0.0008555989479646087, -0.00394020089879632, -0.02110273949801922, -0.002566360868513584, 0.0012221597135066986, 0.02090747281908989, -0.050239305943250656, -0.0182295311242342, 0.046808190643787384, 0.009149634279310703, 0.020767997950315475, 0.022483553737401962, -0.005579045508056879, 0.014338146895170212, -0.021772224456071854, 0.004592251963913441, -0.008605677634477615, -0.025914667174220085, -0.007329470943659544, 0.01814584620296955, 0.014923946931958199, -0.024059634655714035, -0.0025750782806426287, -0.04502289742231369, 0.009261216036975384, -0.01056531723588705, 0.010593213140964508, 0.001935231382958591, 0.0020206605549901724, 0.008515018038451672, 0.009142660535871983, -0.01834111288189888, -0.0029063341207802296, -0.05007193237543106, -0.02793707139790058, -0.022748557850718498, -0.01730898953974247, -0.012538905255496502, -0.004599225707352161, -0.03464587405323982, 0.023920157924294472, 0.02327856793999672, 0.0052547636441886425, -0.028160233050584793, -0.007985008880496025, -0.025426499545574188, -0.023878315463662148, 0.007322497200220823, -0.0033997308928519487, 0.016346603631973267, 0.029317883774638176, -0.018522432073950768, 0.04134072735905647, 0.008835813030600548, 0.024896491318941116, -0.050099827349185944, -0.0032933803740888834, -0.013103783130645752, -0.011374278925359249, 0.025161495432257652, -0.019847454503178596, -0.007399209309369326, -0.03459008410573006, 0.01811795122921467, -0.014045246876776218, 0.02267882041633129, 0.029317883774638176, -0.00641590217128396, -0.018620064482092857, -0.01721135526895523, -0.0083476472645998, 0.028592608869075775, -0.02390621043741703, 0.0012404659064486623, -0.014352094382047653, 0.003415422048419714, -0.0003380117123015225, -0.0027110674418509007, 0.010572290979325771, 0.005579045508056879, 0.030573168769478798, -0.010265443474054337, 0.0019177969079464674, -0.02864839881658554, -0.003765855683013797, -0.03325111046433449, -0.02576124295592308, 0.020726153627038002, 0.0014287587255239487, 0.014338146895170212, 0.03896963223814964, 0.023250672966241837, -0.002667481079697609, -0.015370270237326622, 0.0033299927599728107, 0.012985228560864925, -0.008312777616083622, 0.008842786774039268, -0.020321672782301903, 0.013773269020020962, 0.01220416184514761, 0.004655016120523214, 0.006680907215923071, -0.0010826835641637444, 0.02648651786148548, -0.007210916373878717, -0.04092229902744293, 0.004219152964651585, 0.016346603631973267, -0.02110273949801922, 0.0017373496666550636, -0.0004515539912972599, 0.014603151939809322, -0.009644774720072746, -0.02318093366920948, -0.015593431890010834, -0.04326549917459488, 0.0038913842290639877, 0.02802075631916523, -0.000263261201325804, -0.0162908136844635, 0.014212618581950665, 0.02358541451394558, -0.01853637956082821, 0.00249836640432477, 0.21122266352176666, -0.0017905249260365963, 0.002669224515557289, 0.032804787158966064, 0.0007884760270826519, 0.02203723043203354, -0.019833507016301155, -0.0132293114438653, -0.04148020222783089, 0.006485640536993742, 0.009045027196407318, 0.015900280326604843, 0.0036751963198184967, 0.0017974987858906388, 0.003181799314916134, -0.003975070081651211, -0.02453385293483734, -0.03018263727426529, -0.03986227884888649, -0.023306462913751602, 0.019903244450688362, 0.001889901701360941, 0.00726670678704977, -0.00937977060675621, 0.009979518130421638, -0.0007178662344813347, 0.029485255479812622, 0.0018846712773665786, 0.011067431420087814, 0.002521031303331256, -0.009198451414704323, 0.01405919436365366, 0.007189995143562555, -0.018801383674144745, 0.0015525437192991376, -0.020140353590250015, -0.007176047191023827, 0.012552852742373943, -0.005728982388973236, 0.029931578785181046, 0.016416341066360474, -0.027142057195305824, 0.013822085224092007, -0.0014139394043013453, -0.013515237718820572, -0.013801163993775845, -0.0009998695459216833, -0.005233841948211193, -0.0034921339247375727, 0.02379462867975235, -0.021967491135001183, 0.016402393579483032, 0.02463148534297943, -0.0013982482487335801, -0.004958376754075289, -0.030266322195529938, 0.02749074622988701, -0.014923946931958199, -0.020893525332212448, 0.018731646239757538, 0.0022019795142114162, 0.021618802100419998, 0.0077827684581279755, 0.02864839881658554, 0.009072923101484776, 0.02111668698489666, -0.01606765203177929, 0.01814584620296955, -0.02316698618233204, 0.01966613531112671, -0.013989456929266453, -0.002038095146417618, 0.006914529483765364, -0.008710284717381, -0.007915270514786243, -0.017699522897601128, 0.012782988138496876, 0.03224688395857811, 0.021088792011141777, 0.022497501224279404, -0.012190214358270168, -0.028090493753552437, -0.010286365635693073, -0.005136208608746529, -0.05665520578622818, -0.010830322280526161, -0.03132634237408638, -0.004623633809387684, -0.011757838539779186, -0.002920281607657671, -0.01102558895945549, 0.009630827233195305, -0.027379166334867477, -0.007991982623934746, -0.01832716539502144, 0.012517983093857765, 0.00972846057265997, 0.0019177969079464674, -0.01824347861111164, -0.03618010878562927, -0.035287462174892426, 0.05057404935359955, 0.018926912918686867, -0.0049758111126720905, -0.025189390406012535, 0.021284058690071106, -0.017657678574323654, -0.0002911564370151609, -0.020949315279722214, -0.03152160719037056, -0.003758881939575076, -0.024798857048153877, 0.008270935155451298, -0.022581186145544052, 0.02008456364274025, 0.0036856569349765778, 0.005924249067902565, 0.0032933803740888834, 0.020851682871580124, -0.009930700995028019, 0.0010242778807878494, -0.02873208373785019, -0.000791091239079833, 0.0079431664198637, -0.01514710858464241, -0.024645432829856873, -0.027769699692726135, 0.006904068868607283, -0.009505298919975758, -0.03244214877486229, 0.01122782938182354, 0.0001020464114844799, 0.000652922666631639, -0.011262698099017143, 0.0032166684977710247, 0.0013651227345690131, -0.013333918526768684, -0.02884366549551487, -0.013117730617523193, -0.022274339571595192, 0.0014374759048223495, -0.016221074387431145, 0.007573554292321205, -0.0007758360006846488, -0.001157652004621923, -0.005069957580417395, 0.012762066908180714, 0.00602536927908659, 0.00042779947398230433, -0.019596397876739502, -0.011060457676649094, -0.01412195898592472, 0.006450771354138851, -0.019108230248093605, 0.01164625771343708, -0.030573168769478798, 0.018257426097989082, 0.005167590919882059, -0.006150897592306137, -0.005934709683060646, -0.03732381388545036, 0.0038216460961848497, -0.0018219070043414831, -0.005645296536386013, -0.0070993355475366116, -0.019749822095036507, -0.1773020625114441, 0.016011860221624374, 0.02853681705892086, -0.029847893863916397, 0.0215351153165102, 0.03481324389576912, -0.006503074895590544, -0.005397726781666279, -0.02873208373785019, -0.027058370411396027, 0.012392454780638218, 0.0010460710618644953, -0.03252583369612694, -0.03514798730611801, -0.01266443356871605, -0.0024565234780311584, 0.009386744350194931, 0.02842523716390133, 0.01997298374772072, 0.025607818737626076, 0.024059634655714035, -0.004574817139655352, 0.01041189394891262, -0.0356501005589962, -0.03665433079004288, 0.021298006176948547, -0.008124484680593014, 0.02442227117717266, 0.015830541029572487, -0.01987534947693348, -0.01225995272397995, -0.012538905255496502, 0.014156827703118324, -0.02131195366382599, -0.01226692646741867, 0.004135467577725649, -0.0077827684581279755, -0.02995947375893593, -0.01288062147796154, -0.004302838817238808, 0.020837735384702682, 0.03598484396934509, 0.0011306283995509148, 0.004285404458642006, 0.012971281073987484, 0.038662783801555634, 0.026207566261291504, -0.013271154835820198, 0.013843006454408169, -0.0007252758950926363, 0.0248406995087862, -0.03916490077972412, -0.00046245058183558285, -0.0003399730776436627, -0.01350129023194313, 0.007106309290975332, 0.011039536446332932, 0.022999614477157593, -0.04711503908038139, -0.024157267063856125, 0.0002780805516522378, -0.04482763260602951, -0.0005003706319257617, 1.5691066437284462e-05, -0.0156492218375206, -0.004407445900142193, -0.027379166334867477, 0.02968052215874195, -0.011939157731831074, 0.007692108862102032, -0.021046949550509453, -0.0018498023273423314, 0.0026744550559669733, 0.020363517105579376, 0.018508482724428177, 0.02182801626622677, -0.010160836391150951, 0.013745373114943504, -0.005488385912030935, 0.023515677079558372, -0.024227004498243332, 0.023041458800435066, -0.00034193447208963335, 0.036738015711307526, -0.008926472626626492, -0.026751523837447166, 0.017964527010917664, 0.005694113206118345, 0.0041738236322999, 0.0034921339247375727, 0.03196793049573898, -0.026500467211008072, -0.008417384698987007, -0.007991982623934746, 0.006572812795639038, 0.01687661185860634, -0.011918236501514912, 0.025426499545574188, 0.007413156796246767, 0.005153643433004618, -0.0031765690073370934, -0.04245653748512268, -0.0335579589009285, 0.01061413437128067, 0.032581627368927, 0.00937977060675621, 0.009407665580511093, 0.012176266871392727, 0.03690538555383682, 0.010711767710745335, -0.04535764083266258, 0.0072318376041948795, -0.016221074387431145, 0.01874559372663498, 0.0061090546660125256, 0.024492010474205017, -0.011932183988392353, -0.0018341111717745662, -0.002200236078351736, 0.015928175300359726, 0.06209477782249451, -0.023250672966241837, -0.009107791818678379, -0.00767816137522459, -0.011102301068603992, 0.024282796308398247, -0.08441095799207687, -0.013571028597652912, 0.0008115767850540578, 0.01732293702661991, -0.024031737819314003, 0.0013703530421480536, -0.014024325646460056, 0.005962605122476816, -0.023208828642964363, 0.03556641563773155, -0.003357887966558337, -0.01668134704232216, 0.012169293127954006, 0.01824347861111164, -0.004881664644926786, 0.00770605681464076, 0.017560046166181564, -0.005136208608746529, 0.03305584564805031, 0.015593431890010834, 0.011102301068603992, -0.025733347982168198, 0.017350832000374794, -0.0012064685579389334, -0.019805612042546272, -0.0036751963198184967, -0.015133161097764969, 0.006419389043003321, 0.020433254539966583, -0.0017338627949357033, 0.00021684181410819292, -0.03696117550134659, -0.002562873996794224, 0.0039157927967607975, -0.0107675576582551, -0.005851023830473423, -0.02431069128215313, 0.0037937508895993233, 0.02432463876903057, -0.015997912734746933, 0.004797979258000851, 0.010593213140964508, 0.007845533080399036, 0.0013189212186262012, -0.016667397692799568, -0.00829185638576746, -0.009463456459343433, 0.024854646995663643, 0.027783647179603577, -0.037853825837373734, -0.00834067352116108, -0.016402393579483032, 0.00036917589022777975, -0.0019578963983803988, 0.028508922085165977, 0.021911701187491417, 0.020377464592456818, 0.021200373768806458, -0.0333905890583992, 0.023208828642964363, -0.006157871335744858, 0.010676898062229156, 0.010718741454184055, 0.021967491135001183, 0.01803426444530487, 0.01324325893074274, -0.008689363487064838, -0.016946351155638695, -0.010795453563332558, -0.005366344470530748, -0.021869858726859093, 0.016932403668761253, -0.030740540474653244, 0.023738838732242584, -0.015105266124010086, 0.019652187824249268, -0.018522432073950768, -0.0312984436750412, 0.005491872783750296, 0.012329691089689732, -0.00540818739682436, -0.0005648783408105373, -0.007475920952856541, 0.011618362739682198, 0.03101949393749237, 0.021897753700613976, 0.0023850419092923403, 0.006126489490270615, 0.007524737622588873, -0.014923946931958199, -0.017016088590025902, -0.004550409037619829, 0.03241425380110741, -0.027644170448184013, -0.009142660535871983, 0.017267145216464996, -0.011367305181920528, -0.015328427776694298, -0.0014601408038288355, 0.0048258742317557335, -0.01956850290298462, -0.006789001170545816, -0.06270847469568253, 0.01617923192679882, -0.01467288937419653, -0.025161495432257652, -0.027448903769254684, -0.013780242763459682, -0.013550106436014175, -0.0022019795142114162, 0.01729504205286503, 0.04725451394915581, -0.013822085224092007, 0.023236725479364395, -0.007040058262646198, -0.009909779764711857, -0.010342155583202839, -0.012866673991084099, -0.002669224515557289, -0.0012395941885188222, 0.0024478062987327576, 0.018382955342531204, 0.017267145216464996, -0.0145194660872221, -0.02689099870622158, 0.024338586255908012, -0.01866190694272518, -0.00599747383967042, -0.0025977431796491146, 0.018508482724428177, -0.007134204264730215, -0.013801163993775845, 0.01220416184514761, -0.03202372044324875, -0.009212398901581764, 0.013173521496355534, 0.00016976860933937132, -0.04111756384372711, 0.029903683811426163, 0.031995825469493866, 0.025314919650554657, -0.02545439451932907, -0.023920157924294472, -0.015928175300359726, -0.0009475660044699907, -0.0030492970254272223, -0.012859700247645378, 0.009149634279310703, 0.005028114654123783, -0.012064686045050621, 0.015091318637132645, 0.024129372090101242, 0.04005754739046097, 0.01185547187924385, -0.007454999722540379, -0.021883806213736534, -0.008954368531703949, -0.03618010878562927, 0.0297642070800066, 0.016458183526992798, 0.03595694899559021, 0.021716434508562088, 0.033836912363767624, -0.0015159313334152102, 0.005638322792947292, -0.0158863328397274, 0.014233539812266827, -0.012552852742373943, -0.015635274350643158, 0.02358541451394558, 0.0021270110737532377, -0.01567711867392063, -0.021758276969194412, -0.018480587750673294, 0.0036961177829653025, 0.01595607027411461, 0.021772224456071854, -0.00896831601858139, -0.012141398154199123, -0.005749903619289398, -0.0014008635189384222, 0.0030771922320127487, 0.019038492813706398, -0.02100510708987713, -0.015021580271422863, 0.010160836391150951, 0.0017556558595970273, 0.028174180537462234, -0.02934577874839306, 0.011897314339876175, 0.0008464457932859659, -0.004250535275787115, -0.027964966371655464, 0.0079431664198637, -0.01935928873717785, 0.01637449860572815, 0.0015176747692748904, -0.03422744572162628, -0.031465817242860794, -0.0019892784766852856, 0.01814584620296955, 0.02369699627161026, 0.02831365540623665, 0.025900719687342644, -0.009665695950388908, -0.015453956089913845, -0.022120915353298187, 0.010383998975157738, 0.0007483766530640423, -0.02616572380065918, 0.010983745567500591, 0.014338146895170212, -0.009651748463511467, -0.006161358207464218, -0.028704188764095306, 0.009135686792433262, 0.0132293114438653, -0.003563615260645747, 0.008277908898890018, -0.023208828642964363, -0.0312984436750412, 0.014826313592493534, 0.00520246010273695, 0.011834550648927689, 0.0335579589009285, -0.0032062076497823, 0.04772873595356941, 0.006129976361989975, -0.018606116995215416, -0.03037790209054947, 0.04407446086406708, 0.001261387369595468, -0.002313560340553522, -0.012022843584418297, -0.02584492787718773, -0.017852945253252983, 0.017448464408516884, -0.016137389466166496, -0.0002532363578211516, -0.00994464848190546, -0.0017783207586035132, 0.06739486753940582, -0.005376805085688829, -0.0027407060842961073, 0.012566800229251385, -0.02566360868513584, 0.013201416470110416, 0.03975069895386696, 0.009491351433098316, -0.018606116995215416, -0.023543572053313255, 0.036738015711307526, -0.008124484680593014, 0.007120256777852774, -0.04295865073800087, -0.012043764814734459, -0.012608642689883709, 0.0003449855139479041, 0.004745675716549158, -0.03977859392762184, -0.0030963702592998743, 0.01834111288189888, 0.012336664833128452, 0.023752786219120026, -0.0038111854810267687, 0.007517763879150152, 0.0065205092541873455, -0.00042453050264157355, -0.007573554292321205, -0.006548404693603516, -0.023431992158293724, 0.015942122787237167, 0.010223601013422012, -0.010711767710745335, -0.02182801626622677, -0.004916533827781677, 0.002874951809644699, -0.0031451869290322065, 0.009275163523852825, 0.015272636897861958, 0.018187688663601875, 0.010690846480429173, 0.023724891245365143, -0.019903244450688362, -0.009337927214801311, -0.004808439873158932, -0.01574685610830784, -0.004076190292835236, -0.009421613067388535, -0.028188128024339676]","[-0.013169560581445694, 0.03228048235177994, -0.010424761101603508, -0.001679563894867897, -0.009555460885167122, 0.020301932469010353, -0.014552228152751923, -0.018180018290877342, -0.012361864559352398, -0.014648056589066982, 0.024915385991334915, 0.010698556900024414, 0.007905843667685986, -0.028721142560243607, 0.002144160680472851, 0.03493629768490791, 0.009870326146483421, -0.0077826352789998055, -0.0015589228132739663, -0.010739626362919807, 0.005349278450012207, -0.003131535369902849, 0.006232268642634153, -0.004343080334365368, -0.03468988463282585, -0.004267786629498005, 0.030418673530220985, -0.020466210320591927, 0.011992240324616432, 0.00863140169531107, 0.03496367856860161, 0.004924895707517862, -0.03622313588857651, -0.03477201983332634, -0.006413658149540424, -0.023738065734505653, 0.016414036974310875, 0.017919911071658134, 0.018426433205604553, -0.01963113248348236, 0.03808494657278061, -0.002758488990366459, 0.008432899601757526, -0.03778377175331116, -0.014757574535906315, 0.04306802526116371, -0.0075156851671636105, 0.024997524917125702, -0.007098146714270115, -0.005585426930338144, 0.0033505717292428017, 0.04531314596533775, -0.019809100776910782, -0.007727876305580139, -0.0077073415741324425, -0.04731185361742973, 0.025983188301324844, 0.015510511584579945, 0.001060101785697043, 0.016934247687458992, -0.004979654680937529, 0.0168794896453619, -0.01770087517797947, -0.02562725357711315, -0.02614746429026127, 0.005958473309874535, -0.022588124498724937, 0.0027978471480309963, 0.010335777886211872, 0.0075567541643977165, 0.018399054184556007, 0.003723618108779192, 0.00834391638636589, -0.029925841838121414, 0.0356481671333313, -0.007043387740850449, -0.006588202901184559, 0.009500701911747456, 0.0058249980211257935, 0.0022108983248472214, 0.021670909598469734, -0.026024257764220238, -0.018837125971913338, 0.004794842563569546, -0.001808761153370142, 0.023874962702393532, -0.0038913176394999027, 0.028091412037611008, 0.0017762479837983847, -0.023122025653719902, 0.016715211793780327, 0.014730194583535194, 0.043423958122730255, 0.0028628737200051546, 0.013826670125126839, 0.024915385991334915, -0.014483778737485409, 0.03474464267492294, -0.010445295833051205, -0.019425787031650543, -0.017796704545617104, 0.01957637444138527, -0.020657867193222046, -0.003911852370947599, -0.031185301020741463, 0.002691751578822732, 0.014264742843806744, -0.017919911071658134, 0.006139862816780806, 0.006968094035983086, -0.009925085119903088, -0.009808721952140331, 0.006868842989206314, -0.03102102316915989, 0.01945316605269909, -0.021369734779000282, 0.014579607173800468, -0.01247138250619173, -0.02418982796370983, -0.011711600236594677, -0.006872265599668026, 0.005489598494023085, 0.050734296441078186, -0.014429019764065742, 0.021492943167686462, -0.0034224430564790964, -0.0024111110251396894, -0.012266036123037338, -0.020151345059275627, -0.010965507477521896, 0.031678132712841034, 0.02727002650499344, 0.005585426930338144, 0.025613563135266304, -0.005821575410664082, 0.023409510031342506, 0.0014143246226012707, 0.0015152866253629327, 0.00123892433475703, 0.003990568686276674, -0.002019241452217102, 0.016345588490366936, 0.008775143884122372, -0.023395821452140808, -0.0031828719656914473, 0.029213974252343178, -0.0240803100168705, -0.004883826244622469, 0.0009685513796284795, -0.027844997122883797, -0.0044389087706804276, 0.004209605045616627, 0.009685513563454151, 0.020904282107949257, 0.0082823121920228, -0.019535304978489876, 0.014853402972221375, -0.01410046499222517, 0.0012029887875542045, -0.02306726574897766, 0.018919264897704124, 0.02006920613348484, -0.005297941621392965, -0.0022879031021147966, 0.0025394526310265064, 0.023039886727929115, 0.025928428396582603, -0.02506597340106964, -0.005034413654357195, -0.008973645977675915, -0.00418907031416893, 0.04106931760907173, -0.035045817494392395, 0.028967557474970818, 0.014032016508281231, -0.01700269617140293, -0.008823058567941189, -0.0011011710157617927, -0.026585537940263748, -0.022793469950556755, 0.00011315452138660476, 0.03594934195280075, 0.012211277149617672, 0.03696238622069359, -0.023738065734505653, -0.02700992114841938, 0.001496463199146092, 0.007419856730848551, -0.010869679041206837, 0.003412175690755248, 0.0013801001477986574, 0.030172258615493774, 0.009480167180299759, -0.03605886176228523, -0.6137398481369019, -0.02850210666656494, -0.012868385761976242, -0.016153931617736816, 0.026476019993424416, -0.009425408206880093, -0.0303365346044302, 0.024176137521862984, -0.03301972895860672, 0.03282807394862175, -0.0006618149345740676, 0.0032975238282233477, -0.016906868666410446, -0.009398028254508972, 0.007200820371508598, -0.01657831482589245, 0.008959955535829067, 0.0011430960148572922, -0.01957637444138527, -0.008131724782288074, -0.0318697914481163, 0.028529485687613487, -0.02513442188501358, -0.004914628341794014, -0.008391830138862133, -0.0007999960798770189, 0.01084914430975914, 0.007022853009402752, 0.013142181560397148, 0.027858685702085495, -0.029159214347600937, 0.01478495355695486, 0.003620944684371352, 0.016715211793780327, 0.050871193408966064, -0.017673496156930923, -0.01334752794355154, 0.004746928345412016, 0.006211734376847744, 0.02820092998445034, -0.02802296355366707, -0.00505152577534318, 0.010308398865163326, -0.022779781371355057, -0.02089059166610241, -0.002354640746489167, 0.026777194812893867, 0.01956268399953842, 0.010821765288710594, 0.01028786413371563, 0.003465223591774702, 0.00123892433475703, 0.0017659806180745363, -0.0023101491387933493, 0.022286949679255486, -0.003016883507370949, 0.02176673710346222, -0.02232801914215088, 0.010472675785422325, -0.017468148842453957, -0.0006690876325592399, -0.02594211883842945, -0.03619575873017311, -0.013094266876578331, -0.044108446687459946, 0.023122025653719902, -0.005054948385804892, -0.012211277149617672, 0.005698367487639189, -0.0016667298041284084, 0.019863858819007874, 0.0018310070736333728, 0.012245501391589642, 0.015086129307746887, 0.021150698885321617, 0.0115678571164608, 0.024244586005806923, -0.009014715440571308, 0.0047708856873214245, 0.005246605258435011, 0.028912799432873726, -0.03827660158276558, -0.04695591703057289, 0.0055991169065237045, 0.020343001931905746, -0.012368708848953247, -0.016304519027471542, -0.011033955961465836, 0.005352701060473919, -0.0034464001655578613, 0.01563371904194355, 0.027283716946840286, -0.00030866157612763345, -0.02120545692741871, 0.002251967554911971, -0.035483889281749725, -0.016592003405094147, 0.004565538838505745, 0.019494235515594482, -0.006701143458485603, -0.044929832220077515, -0.019151991233229637, 0.01285469625145197, 0.011252992786467075, 0.044245343655347824, 0.0012979615712538362, -0.0012740044621750712, -0.005287674721330404, 0.020657867193222046, -0.02301250770688057, -0.013005283661186695, -0.01824846677482128, -0.012122293002903461, 0.015359924174845219, -0.009459632448852062, -0.025914737954735756, 0.04347871616482735, -0.0076320478692650795, -0.01794729195535183, 0.018782367929816246, -0.0036346344277262688, 0.026790883392095566, -0.0009172147256322205, 0.0006917613209225237, -0.017399700358510017, 0.012430313043296337, 0.01719435304403305, -0.0031298240646719933, 0.015907514840364456, -0.00412746611982584, 0.011341976001858711, -0.002847472671419382, 0.015127197839319706, 0.015510511584579945, 0.016112862154841423, 0.005670988000929356, -0.010041448287665844, 0.011294062249362469, 0.012101758271455765, 0.009028404951095581, -0.01568847894668579, 0.00641023600474, 0.021150698885321617, -0.012423468753695488, -0.0027516442351043224, -0.011095560155808926, -0.04150738939642906, 0.004613453056663275, -0.014648056589066982, -0.005475908983498812, -0.009925085119903088, -0.015346234664320946, 0.007118681445717812, 0.012676728889346123, -0.016030723229050636, -0.0055375127121806145, 0.005917403846979141, -0.016920559108257294, 0.009172147139906883, -0.030227016657590866, -0.017413390800356865, 0.012526141479611397, 0.005920826457440853, -0.0011217057472094893, 0.007022853009402752, -0.028173550963401794, -0.006310984957963228, 0.018549641594290733, -0.001114005222916603, -0.009014715440571308, -0.003833136288449168, -0.006180932279676199, -0.0022861920297145844, -0.011800583451986313, 0.0055238232016563416, -0.008453434333205223, -0.024970144033432007, -0.0005925104487687349, 0.022040532901883125, -0.0001552933536004275, 0.0061432854272425175, 0.023464269936084747, -0.0018789212917909026, -0.018837125971913338, 0.0033197698649019003, -0.0031606261618435383, 0.013217475265264511, -0.00464425515383482, -0.008576642721891403, 0.03518271446228027, 0.023368440568447113, 0.011116094887256622, -0.023806514218449593, -0.005400615278631449, -0.004041905049234629, 0.01269726362079382, 0.016646763309836388, 0.0092200618237257, 0.004575806204229593, 0.018494881689548492, 0.030528191477060318, 0.03953606262803078, 0.015510511584579945, -0.018056809902191162, 0.019288888201117516, -0.028118792921304703, -0.007563598919659853, -0.023779135197401047, 0.0026215913239866495, 0.017399700358510017, 0.011225612834095955, -0.023149404674768448, -0.023861272260546684, 0.0028902532067149878, -0.0055238232016563416, 0.03134957700967789, -0.019083542749285698, -0.010500055737793446, 0.017235422506928444, 0.019713271409273148, 0.008918887004256248, 0.001032722182571888, 0.03863253816962242, 0.00252576288767159, -0.010951817966997623, -0.006208311766386032, 0.0206441767513752, 0.028529485687613487, 0.009240596555173397, -0.01568847894668579, -0.018974024802446365, 0.00630071759223938, 0.01894664391875267, 0.011875877156853676, -0.018152637407183647, 0.01338175218552351, 0.023806514218449593, -0.006451305001974106, 0.01701638661324978, -0.026982540264725685, -0.011862187646329403, 0.029159214347600937, -0.009240596555173397, -0.014634366147220135, 0.0303365346044302, -0.030309155583381653, 0.033978015184402466, 0.03931702673435211, 0.012307105585932732, 0.031103162094950676, -0.007659427355974913, -0.0034926030784845352, -0.004100086633116007, 0.004243829287588596, -0.0038160239346325397, -0.05853746458888054, 0.0017052323091775179, 0.01497661042958498, 0.014730194583535194, 0.025969497859477997, 0.01807049848139286, -0.027187887579202652, 0.014155224896967411, -0.008337071165442467, 0.02820092998445034, 0.014867092482745647, -0.014045706018805504, 0.004671634640544653, 0.016769971698522568, -0.0043773045763373375, -0.0002812820312101394, -0.046545226126909256, 0.017919911071658134, -0.04720233380794525, 0.001940525253303349, 0.002380309160798788, 0.016112862154841423, 0.046298809349536896, 0.03953606262803078, 0.023149404674768448, -0.004356769844889641, -0.002607901580631733, 0.007700496818870306, 0.013915653340518475, -0.012827316299080849, -0.01431950181722641, 0.0012534697307273746, -0.01069171167910099, -0.029788944870233536, 0.017933601513504982, 0.018672849982976913, 0.022875608876347542, -0.010821765288710594, -0.029213974252343178, -0.016236070543527603, 0.025038592517375946, 0.03844087943434715, -0.00505152577534318, -0.02550404518842697, -0.003075065091252327, -0.005089172627776861, 0.0028286492452025414, -0.017837774008512497, 0.002245122566819191, 0.025435596704483032, -0.0016453395364806056, -0.013518650084733963, -0.036414794623851776, 6.272696191444993e-05, 0.004859869368374348, -0.03269117698073387, -0.010294708423316479, -0.009767652489244938, 0.019288888201117516, -0.0222048107534647, 0.010712246410548687, -0.006742212921380997, 0.012847851030528545, 0.025421906262636185, 0.012868385761976242, 0.0029142103157937527, -0.021835187450051308, -0.027995584532618523, 0.0037578425835818052, 0.018686538562178612, -0.0015144310891628265, -0.019781721755862236, 0.005397192668169737, -0.005150776822119951, 0.013176405802369118, -0.03014487773180008, -0.02839258685708046, 0.028118792921304703, 0.025120731443166733, -0.017344942316412926, -0.016728902235627174, 0.009685513563454151, 0.005965318065136671, 0.0013236298691481352, -0.009151612408459187, 0.01431950181722641, -0.02869376167654991, -0.004192492924630642, -0.027050990611314774, 0.013457045890390873, 0.024477312341332436, 0.0047708856873214245, 0.02670874632894993, -0.009398028254508972, 0.0011251281248405576, 0.01425105333328247, 0.0029124990105628967, -0.010239949449896812, -0.016222380101680756, -0.02013765461742878, 0.018111567944288254, 0.01675628125667572, 0.006988628767430782, 0.013094266876578331, 0.06045403331518173, 0.030227016657590866, -0.010185190476477146, 0.021657219156622887, 0.020466210320591927, 0.003511426504701376, 0.02288929931819439, 0.009979844093322754, -0.00014588164049200714, 0.007467770949006081, 0.0002872713084798306, -0.04134311154484749, 0.010458986274898052, 0.002193785971030593, 0.015647409483790398, -0.0020260862074792385, -0.01256721094250679, -0.00812487956136465, -0.026051636785268784, 0.001265448285266757, 0.018741298466920853, -0.004291743505746126, -0.032609038054943085, -0.009651289321482182, -0.04219187796115875, -0.008638245984911919, -0.009042094461619854, 0.013970412313938141, 0.021219147369265556, -0.007262424100190401, -0.019056163728237152, -0.0431227833032608, -0.009548615664243698, -0.019918618723750114, 0.0013227742165327072, -0.013210630044341087, -0.02506597340106964, -0.009966154582798481, 0.010609573684632778, 0.042493052780628204, 0.0100072231143713, 0.016646763309836388, -0.00918583758175373, 0.002713997382670641, 0.024682659655809402, -0.007748411037027836, -0.023176783695816994, 0.017344942316412926, -0.011649996042251587, 0.012936835177242756, -0.017550287768244743, -0.008063276298344135, -0.008432899601757526, -0.016989007592201233, 0.027352165430784225, -0.010116741992533207, -0.015647409483790398, 0.004517624620348215, 0.004264364019036293, 0.01509981881827116, -0.005013878922909498, -0.006187777034938335, 0.04714757576584816, -0.007166595663875341, -0.01770087517797947, -0.002325549954548478, 0.003935809712857008, -0.009172147139906883, 0.007235044613480568, -0.015715857967734337, 0.0019730383064597845, 0.006889377720654011, 0.008918887004256248, -0.003747575217857957, -0.0011679086601361632, 0.010335777886211872, -0.01807049848139286, 0.006995473522692919, -4.2245781514793634e-05, 0.019288888201117516, 0.01019203569740057, 0.006334942299872637, 0.0331292487680912, 0.027776548638939857, -0.024052929133176804, -0.012498762458562851, -0.01451115868985653, 0.017166974022984505, 0.00027251202845945954, -0.004661367274820805, -0.024614211171865463, -0.013737685978412628, -0.02627067267894745, -0.0303365346044302, -0.004035060293972492, -0.017605047672986984, 0.007919533178210258, -0.02225956879556179, -0.013361217454075813, -0.036168377846479416, -0.0030031937640160322, -0.006523176562041044, 0.018152637407183647, -0.0012337907683104277, -0.009740272536873817, 0.0014399929204955697, -0.0215750802308321, -0.03362208232283592, -0.008480814285576344, -0.02506597340106964, -0.01700269617140293, -0.0064718397334218025, 0.016838420182466507, -0.011800583451986313, -0.010821765288710594, 0.013450201600790024, 0.023026196286082268, -0.01038369257003069, -0.015387304127216339, -0.022218501195311546, -0.006085103843361139, -0.004254096653312445, 0.01071909163147211, 0.020781073719263077, 0.027612270787358284, 0.03871467709541321, -0.026366502046585083, 0.005924249067902565, -0.01006882730871439, 0.003436132799834013, 0.002739665564149618, 0.021670909598469734, 0.00500361155718565, -0.0009163591312244534, -0.003881050506606698, 0.012464537285268307, -0.003210251685231924, 0.03132219985127449, -0.029433010146021843, 0.005421150010079145, 0.043862029910087585, 2.391699490544852e-05, 0.01850857213139534, -0.009404873475432396, -0.028912799432873726, -0.0150039903819561, 0.029186595231294632, -0.00103186652995646, -0.009582840837538242, -0.031240060925483704, -0.0007465204107575119, 0.005814730655401945, 0.017796704545617104, 0.020972730591893196, -0.014470089226961136, 0.019548995420336723, -0.002479559974744916, -0.01644141599535942, -0.015031370334327221, 0.014045706018805504, -0.014538537710905075, -0.009822411462664604, -0.01197855081409216, -0.0034994480665773153, 0.02820092998445034, -0.021109629422426224, 0.010541124269366264, 0.0027054413221776485, 0.0063965460285544395, 0.004675057251006365, 0.01519564725458622, -0.011225612834095955, -0.010698556900024414, -0.0008693005074746907, -0.016934247687458992, 0.002229721751064062, -0.008261777460575104, -0.017837774008512497, -0.020534658804535866, 0.02101380005478859, 0.02444993332028389, -0.0013766777701675892, 0.005256872624158859, 0.010725936852395535, -0.036606449633836746, 0.011273527517914772, -0.028118792921304703, 0.02932349219918251, -0.01022625993937254, 0.031048404052853584, 0.01776932366192341, 0.01568847894668579, -0.007200820371508598, 0.014935541898012161, -0.0015632008435204625, 0.0031127119436860085, 0.043423958122730255, 0.04569645971059799, -0.011314596980810165, -0.017481839284300804, -0.013607633300125599, -0.017536597326397896, -0.02043882943689823, -0.028967557474970818, 0.011403580196201801, 0.008200173266232014, -0.01059588324278593, 0.0014357148902490735, -0.005342433694750071, -0.049611736088991165, -0.00196277117356658, -2.14704832615098e-05, 0.001499030040577054, -0.01253298670053482, 0.0009223484084941447, -0.026243293657898903, -0.004880403634160757, -0.002970680594444275, 0.042931124567985535, 0.004829067271202803, 0.027790237218141556, -0.017112215980887413, 0.0014365704264491796, -0.002479559974744916, 0.0038160239346325397, 0.004161690827459097, 0.04364299401640892, -0.005140509456396103, -0.007330873049795628, 0.00847396906465292, 0.0037646873388439417, -0.0035456509795039892, 0.006666919216513634, -0.012813626788556576, 0.0312674380838871, -0.005479331128299236, 0.0011550745693966746, -0.006636117119342089, -0.010178345255553722, 0.010465830564498901, 0.0062185791321098804, -0.020726315677165985, 0.0023392399307340384, 0.00667376397177577, 0.007898998446762562, 0.021054869517683983, 0.029213974252343178, -0.0002586083428468555, -0.005181578919291496, -0.015606340020895004, 0.01175266969949007, -0.02669505588710308, -0.023176783695816994, -0.005838687997311354, -0.019494235515594482, -0.01165684126317501, 0.00134416448418051, -0.010109896771609783, 0.0107806958258152, 0.014155224896967411, -0.0003587148094084114, 0.03271855413913727, 0.015770617872476578, -0.012279725633561611, 0.014606987126171589, 0.012690418399870396, -0.007125526666641235, -0.045422665774822235, 0.013806135393679142, -0.007337717805057764, -0.0020791341084986925, -0.015209336765110493, -0.014702815562486649, -0.042054980993270874, -0.007727876305580139, 0.0184538122266531, 0.002847472671419382, -0.004394416697323322, -0.02108224853873253, -0.002583944471552968, 0.005681255366653204, 0.020917972549796104, -0.04651784524321556, -0.012964214198291302, 0.04613453149795532, 9.983908239519224e-05, 0.01694793812930584, 0.02946038916707039, -0.004390994552522898, 0.020110275596380234, -0.018166327849030495, 0.008734074421226978, -0.01106818113476038, -0.020288242027163506, -0.00626649335026741, 0.01838536374270916, 0.02650339901447296, -0.0278176162391901, 0.003798911813646555, -0.029871083796024323, 0.010137276723980904, -0.011780048720538616, 0.015086129307746887, 0.011745824478566647, 0.002222876762971282, 0.007864774204790592, 0.004873558878898621, -0.015565270557999611, -0.007734721526503563, -0.044738177210092545, -0.02739323489367962, -0.010212570428848267, -0.013676082715392113, -0.020288242027163506, -0.008720384910702705, -0.02670874632894993, 0.025148112326860428, 0.019056163728237152, 0.005167888943105936, -0.01989123970270157, -0.007180285640060902, -0.012231811881065369, -0.009774497710168362, 0.0013236298691481352, -0.0033163472544401884, 0.014401640743017197, 0.022656572982668877, -0.023998171091079712, 0.03362208232283592, 0.00944594293832779, 0.013854049146175385, -0.04213711991906166, -0.007810015231370926, -0.011396734975278378, -0.018604399636387825, 0.032225724309682846, -0.01956268399953842, -0.014155224896967411, -0.032225724309682846, 0.016290828585624695, -0.014771264046430588, 0.027215266600251198, 0.029186595231294632, -0.0057189022190868855, -0.024422554299235344, -0.0222048107534647, -0.015127197839319706, 0.021780427545309067, -0.015127197839319706, 0.003987146075814962, -0.006136440206319094, -0.0008821347146295011, 0.004031638149172068, 0.005602539051324129, 0.010178345255553722, 0.012738333083689213, 0.02713312767446041, -0.011670530773699284, -0.0009762519039213657, -0.02564094401896, -0.013484425842761993, -0.034114912152290344, -0.01738600991666317, 0.01390880811959505, -0.0024966720957309008, 0.020343001931905746, 0.02976156398653984, 0.01826215535402298, -0.0027687563560903072, -0.0109449727460742, 0.0077073415741324425, 0.004110353998839855, -0.0006258792709559202, 0.020835833624005318, -0.0007028842228464782, 0.010178345255553722, 0.01775563508272171, -0.003482335712760687, 0.012491917237639427, 0.0007632048218511045, 0.017481839284300804, -0.0016359278233721852, -0.042054980993270874, 0.005619651637971401, 0.01668783277273178, -0.029871083796024323, 0.005842110142111778, 0.002869718475267291, 0.015442063100636005, -0.0026010568253695965, -0.023669615387916565, -0.012827316299080849, -0.05078905448317528, -0.007029698230326176, 0.016906868666410446, 0.00753621943295002, -0.023601166903972626, 0.004206182435154915, 0.01724911294877529, -0.015537891536951065, -0.0017813816666603088, 0.2132318913936615, 0.0039084297604858875, 0.003716773120686412, 0.02937825210392475, 0.0073034935630857944, 0.02888541854918003, -0.021711979061365128, -0.008419210091233253, -0.038988471031188965, 0.00758413365110755, 0.007898998446762562, 0.015496822074055672, 0.015578960999846458, 0.006406813394278288, -0.006961249280720949, -0.0021681177895516157, -0.02013765461742878, -0.0369076244533062, -0.032170966267585754, -0.028721142560243607, 0.01882343739271164, 0.0028543174266815186, 0.00252576288767159, -0.010999731719493866, 0.016153931617736816, 0.00872723013162613, 0.028091412037611008, -0.002041487256065011, 0.01272464357316494, -0.001262881443835795, -0.007036542985588312, 0.024230897426605225, 0.002116780960932374, -0.014333191327750683, 0.010198879987001419, -0.0234368909150362, -0.010650643147528172, 0.004853024147450924, -0.005948205944150686, 0.02063048630952835, 0.013785600662231445, -0.01889188587665558, 0.009617065079510212, -0.008049585856497288, -0.01926150918006897, -0.00372019549831748, -0.0021664064843207598, 0.002659238176420331, 0.005291096866130829, 0.017974670976400375, -0.033978015184402466, 0.022369088605046272, 0.01775563508272171, -0.0065471334382891655, -0.01016465574502945, -0.023806514218449593, 0.028912799432873726, -0.013094266876578331, -0.020931661128997803, 0.017413390800356865, 0.006464994978159666, 0.0051747336983680725, 0.0050275688990950584, 0.022108981385827065, 0.008802523836493492, 0.025599874556064606, -0.014990300871431828, 0.013682927004992962, -0.0181252583861351, 0.019097231328487396, -0.0024915386456996202, 0.0020072627812623978, 0.011020266450941563, -0.006495797075331211, -0.01341597642749548, -0.009726583026349545, 0.008754609152674675, 0.03230786323547363, 0.02471003867685795, 0.02702360972762108, -0.0050994399935007095, -0.021931014955043793, 0.0023084378335624933, 0.0010113319149240851, -0.05475908890366554, -0.006779859773814678, -0.03299235180020332, -0.009459632448852062, -0.010137276723980904, 0.005722324829548597, -0.005722324829548597, 0.006889377720654011, -0.026366502046585083, -0.021246526390314102, -0.010253638960421085, 0.01291630044579506, 0.003905007615685463, -0.006119328085333109, -0.011964861303567886, -0.038112327456474304, -0.035921961069107056, 0.04446437954902649, 0.016427727416157722, -0.00903524924069643, -0.02131497487425804, 0.019672201946377754, -0.013402286916971207, -0.0027790237218141556, -0.01637296751141548, -0.026873022317886353, -0.005763394292443991, -0.022095292806625366, 0.010547969490289688, -0.02006920613348484, 0.02320416457951069, 0.011239303275942802, 0.004914628341794014, 0.0017386010149493814, 0.007912687957286835, -0.008200173266232014, 0.005712057463824749, -0.03162337467074394, -0.01412784494459629, 0.012998438440263271, -0.009774497710168362, -0.024107689037919044, -0.02201315388083458, 0.007324028294533491, -0.00583184277638793, -0.031486477702856064, 0.012067534029483795, -0.006211734376847744, 0.0023118602111935616, -0.01410046499222517, 0.006957826670259237, -0.0027790237218141556, -0.008918887004256248, -0.029925841838121414, -0.020028136670589447, -0.02932349219918251, 0.005448529496788979, -2.9384882509475574e-05, 0.003075065091252327, -0.0062904502265155315, -0.0003691960300784558, 0.0025822333991527557, 0.004503935109823942, 0.002358063356950879, -0.0051644667983055115, -0.014524848200380802, 0.0004598907835315913, -0.018289536237716675, 0.00932273454964161, -0.017399700358510017, 0.016906868666410446, -0.03058295138180256, 0.014168914407491684, 0.009637599810957909, -0.007522529922425747, -0.0068038166500627995, -0.03800280764698982, -0.004031638149172068, 0.005807885900139809, -0.0018566753715276718, -0.0035524959675967693, -0.017605047672986984, -0.1738053411245346, 0.008713539689779282, 0.022971438243985176, -0.03093888610601425, 0.019959688186645508, 0.039809856563806534, 0.0007478038314729929, -0.003983723931014538, -0.02783130668103695, -0.03310186788439751, 0.010828609578311443, 0.0035764530766755342, -0.03137695789337158, -0.03871467709541321, -0.01594858430325985, -0.0004164685378782451, 0.010589038953185081, 0.027283716946840286, 0.01794729195535183, 0.017358630895614624, 0.019288888201117516, -0.016715211793780327, 0.01010305155068636, -0.03619575873017311, -0.025107042863965034, 0.01694793812930584, -0.009925085119903088, 0.02108224853873253, 0.0100072231143713, -0.028967557474970818, -0.013532339595258236, -0.008781989105045795, 0.006632694508880377, -0.016167620196938515, -0.009842946194112301, 0.005482753738760948, -0.0026506821159273386, -0.03477201983332634, -0.009028404951095581, -0.0024128223303705454, 0.01737232133746147, 0.0325268991291523, 0.0064410376362502575, -0.0012714376207441092, 0.014853402972221375, 0.045997634530067444, 0.019809100776910782, -0.009480167180299759, 0.019726961851119995, 0.007358252536505461, 0.026845643296837807, -0.030665090307593346, -0.0017377454787492752, -0.002818381879478693, -0.008049585856497288, 0.00552040059119463, 0.01600334420800209, 0.029159214347600937, -0.03865991532802582, -0.024614211171865463, 0.006054301746189594, -0.042246636003255844, 0.0021800962276756763, 0.008049585856497288, -0.0061432854272425175, -0.005232915282249451, -0.029159214347600937, 0.01889188587665558, -0.026859333738684654, 0.0014930408215150237, -0.025175491347908974, 0.004616875667124987, -0.0005719757755286992, 0.022410156205296516, 0.015140888281166553, 0.02970680594444275, -0.0007833116687834263, 0.009487012401223183, -0.0076936520636081696, 0.013094266876578331, -0.019234130159020424, 0.024436242878437042, -0.010397382080554962, 0.04287636652588844, -0.009863480925559998, -0.027530131861567497, 0.019932309165596962, 0.0039084297604858875, 0.0038160239346325397, -0.004356769844889641, 0.02946038916707039, -0.0150039903819561, -0.006550556048750877, -0.0034686459694057703, -0.0008316536550410092, 0.013422821648418903, -0.0063657439313828945, 0.019302578642964363, 0.006543711293488741, -0.01197855081409216, -0.011252992786467075, -0.029624667018651962, -0.0493926964700222, 0.009740272536873817, 0.03162337467074394, 0.013566563837230206, 0.0025719660334289074, 0.009740272536873817, 0.03140433877706528, 0.0033813738264143467, -0.04164428636431694, 0.014264742843806744, -0.010109896771609783, 0.025654632598161697, -0.0033505717292428017, 0.015305165201425552, -0.010698556900024414, -0.004521047230809927, -0.0029621245339512825, 0.020917972549796104, 0.05694945156574249, -0.015729548409581184, -0.012546676211059093, -0.0162497591227293, -0.007289803586900234, 0.026243293657898903, -0.09402135759592056, -0.018344294279813766, 0.0026934626512229443, 0.015866445377469063, -0.03140433877706528, -0.004065862391144037, -0.015496822074055672, 0.005414304789155722, -0.035976722836494446, 0.02814617194235325, 0.002407688647508621, -0.02138342335820198, 0.0107806958258152, 0.01237555406987667, -0.012786246836185455, 0.010075672529637814, 0.024436242878437042, -0.011075025424361229, 0.03819446265697479, 0.011095560155808926, 0.022341707721352577, -0.022848229855298996, 0.012224966660141945, 0.009897705167531967, -0.02863900363445282, -0.011294062249362469, -0.013162716291844845, 0.0019268353935331106, 0.014155224896967411, -0.0017659806180745363, -0.0025685434229671955, -0.02863900363445282, -0.0012192453723400831, 0.001916568144224584, -0.012320795096457005, -0.005232915282249451, -0.0206441767513752, 0.00592767121270299, 0.025107042863965034, -0.01159523706883192, 0.004387571942061186, 0.017673496156930923, 0.012122293002903461, 0.01003460306674242, -0.011136629618704319, -0.012806781567633152, -0.0029826590325683355, 0.019206751137971878, 0.0278176162391901, -0.028091412037611008, -0.002613035263493657, -0.012437158264219761, 0.003128112992271781, -0.003665436524897814, 0.029049696400761604, 0.018618090078234673, 0.02282085083425045, 0.031431715935468674, -0.033539943397045135, 0.02325892262160778, 0.003105867188423872, 0.006454727612435818, 0.013053197413682938, 0.030966265127062798, 0.00950754713267088, 0.008309692144393921, 0.0041411560960114, -0.02325892262160778, -0.010274173691868782, -0.018960334360599518, -0.017030077055096626, 0.013860894367098808, -0.029405631124973297, 0.019412096589803696, -0.012266036123037338, 0.03063770942389965, -0.0008697283337824047, -0.028173550963401794, 0.005116552580147982, 0.006095371209084988, -0.01010305155068636, -0.001394645543769002, -0.01889188587665558, 0.011273527517914772, 0.028419967740774155, 0.019740652292966843, 0.003586720209568739, 0.0168931782245636, 0.011136629618704319, -0.006944137159734964, -0.020274553447961807, -0.0093843387439847, 0.015332545153796673, -0.03159599378705025, -0.002765333978459239, 0.015578960999846458, -0.005592272151261568, -0.015592650510370731, 0.0027550666127353907, -0.0017274781130254269, -0.0187686774879694, -0.00501730153337121, -0.059358853846788406, 0.014114155434072018, -0.013361217454075813, -0.027543822303414345, -0.020055515691637993, -0.009541771374642849, -0.011834807693958282, -0.003343726973980665, 0.015346234664320946, 0.04487507417798042, -0.020712625235319138, 0.026434950530529022, -0.009261131286621094, -0.017057456076145172, -0.012231811881065369, -0.01894664391875267, 0.004709281492978334, -0.001810472342185676, -0.000645130523480475, 0.014593297615647316, 0.01794729195535183, -0.021903635933995247, -0.023122025653719902, 0.030856747180223465, -0.0168794896453619, -0.004281476140022278, -0.0023905765265226364, 0.03345780447125435, -0.0029792366549372673, -0.004144578706473112, 0.014018326997756958, -0.02632543258368969, -0.011827963404357433, 0.00843974482268095, -0.0023306836374104023, -0.04150738939642906, 0.032116204500198364, 0.028365207836031914, 0.023902341723442078, -0.02168460004031658, -0.028967557474970818, -0.023122025653719902, 0.014826023019850254, -0.004028215538710356, -0.011362510733306408, 0.01490816194564104, 0.002176673850044608, -0.015852756798267365, 0.020411450415849686, 0.017536597326397896, 0.040603864938020706, 0.015359924174845219, -0.012279725633561611, -0.03707190230488777, -0.011273527517914772, -0.03471726179122925, 0.016715211793780327, 0.012485072016716003, 0.03427919000387192, 0.016619384288787842, 0.03414229303598404, 0.00012395660451147705, 0.009247440844774246, -0.012779402546584606, 0.019672201946377754, -0.01291630044579506, -0.012245501391589642, 0.0203293114900589, 0.000647269538603723, -0.015551581047475338, -0.021670909598469734, -0.023916032165288925, 0.005708634853363037, 0.014579607173800468, 0.01787884160876274, -0.008836748078465462, -0.009007870219647884, -0.0014074797509238124, -0.0009779630927368999, 0.0025770997162908316, 0.02262919396162033, -0.015592650510370731, -0.011458339169621468, 0.014429019764065742, 0.009014715440571308, 0.03274593502283096, -0.023669615387916565, 0.013087422586977482, 0.001422880683094263, -0.009562306106090546, -0.023532718420028687, 0.0075909788720309734, -0.011020266450941563, 0.01637296751141548, -0.002842338988557458, -0.025408217683434486, -0.02439517341554165, -0.003081910079345107, 0.015469443053007126, 0.029980601742863655, 0.03430657088756561, 0.02294405736029148, -0.009240596555173397, -0.01682472974061966, -0.017974670976400375, 0.014018326997756958, -0.008268622681498528, -0.02662660740315914, 0.0045450045727193356, 0.015921205282211304, -0.004106931854039431, -0.0006827773759141564, -0.03063770942389965, 0.013258544728159904, 0.021150698885321617, -0.0028303603176027536, 0.014059396460652351, -0.03515533357858658, -0.0300079807639122, 0.007146060932427645, 0.0003642762894742191, 0.015784306451678276, 0.03608623892068863, -0.0004025648522656411, 0.04402630776166916, 0.0032941014505922794, 0.002633569994941354, -0.031185301020741463, 0.0325268991291523, 0.004579228814691305, 0.0015871579525992274, -0.01253983099013567, -0.023491648957133293, -0.025996876880526543, 0.017043765634298325, -0.017960980534553528, 0.0038434036541730165, -0.011561012826859951, -0.008761454373598099, 0.05913981422781944, -0.006666919216513634, -0.004233561921864748, 0.0033813738264143467, -0.015455752611160278, 0.009863480925559998, 0.03381373733282089, 0.01065748743712902, -0.02169828861951828, -0.0253260787576437, 0.036798108369112015, -0.0019285466987639666, 0.011738979257643223, -0.0368802472949028, -0.01116400957107544, 0.003278700402006507, -0.008302846923470497, 0.005325321573764086, -0.022423846647143364, -0.003792066825553775, 0.01332014799118042, 0.01813894882798195, 0.013929342851042747, -0.005421150010079145, 0.007611513137817383, 0.0029895040206611156, -0.004709281492978334, -0.009487012401223183, -0.004948852583765984, -0.030993644148111343, 0.023614857345819473, 0.005291096866130829, -0.01600334420800209, -0.02325892262160778, -0.010452141053974628, 0.00676959240809083, -0.003121268004179001, 0.002840627683326602, 0.018180018290877342, 0.014990300871431828, 0.01244400255382061, 0.027872376143932343, -0.012402934022247791, -0.02100011147558689, -0.0038399810437113047, -0.013682927004992962, -0.002216031774878502, -0.00987717043608427, -0.020151345059275627]","[-0.0013829160016030073, 0.013440738432109356, 0.017452199012041092, -0.015161849558353424, -0.017787044867873192, -0.031127329915761948, -0.026881476864218712, -0.021979324519634247, -0.020961390808224678, -0.016219964250922203, 0.02986830659210682, -0.01983630657196045, 0.010032000951468945, -0.008518494665622711, -0.015938693657517433, 0.017666500061750412, 0.008565372787415981, 0.02077387645840645, 0.013594767078757286, -0.0028947480022907257, -0.01774686388671398, 0.010735178366303444, -0.00929533876478672, 0.008779674768447876, -0.030377274379134178, 0.01392961386591196, 0.024417005479335785, -0.034850820899009705, 0.022340957075357437, -0.031020179390907288, 0.034904398024082184, 0.01774686388671398, -0.043047863990068436, -0.016407478600740433, -0.012610319070518017, -0.0067036268301308155, -0.0185638889670372, -0.024751853197813034, 0.004269292578101158, -0.01952824741601944, 0.009851183742284775, 0.024269673973321915, -0.01370191853493452, -0.008190345019102097, -0.005977009888738394, -0.0021413431968539953, -0.0036464782897382975, -0.0070786545984447, -0.01889873668551445, 0.01970236748456955, 0.030698725953698158, 0.021805202588438988, -0.01797455921769142, -0.0203720610588789, 0.01387603860348463, -0.02909146249294281, -0.02121587283909321, 0.016461053863167763, 0.03273459151387215, -0.012181715108454227, 0.03002903237938881, 0.02121587283909321, 0.009268551133573055, -0.001665024203248322, -0.02791280299425125, -0.011023146100342274, 0.00929533876478672, 0.026787718757987022, -7.90028425399214e-05, -0.006368780042976141, 0.030832665041089058, 0.024269673973321915, -0.0098846685141325, 0.0020341924391686916, 0.025756392627954483, 0.012543349526822567, -0.013346981257200241, -0.0019253672799095511, 0.0062415385618805885, -0.0009275247575715184, 0.021939141675829887, 0.0023389027919620275, 0.012730863876640797, 0.021416781470179558, -0.002968414220958948, 0.024617914110422134, 0.0138224633410573, 0.032413139939308167, 0.009194884449243546, -0.009435974061489105, 0.007098745554685593, 0.005524966865777969, -0.008029619231820107, 0.0009350588079541922, 0.012650500051677227, -0.007011685520410538, -8.303146751131862e-05, 0.006288417149335146, -0.0019973593298345804, -0.013246526941657066, -0.015362757258117199, 0.013340284116566181, -0.03774389624595642, -0.015362757258117199, -0.023050831630825996, -0.026332328096032143, -0.00013163652329239994, 0.022300776094198227, -0.0019136477494612336, -0.006415658630430698, -0.010989662259817123, 0.025073304772377014, 4.2326690163463354e-05, -0.01012575812637806, -0.012020989321172237, -0.01816207356750965, 0.03134163096547127, -0.0007178271771408617, 0.00028420097078196704, -0.016086025163531303, 0.026841294020414352, 0.032681018114089966, 0.016621779650449753, -0.032413139939308167, 0.010152545757591724, 0.03844037652015686, -0.021081935614347458, 0.0021882217843085527, -0.026064449921250343, -0.011498628184199333, 0.07725578546524048, 0.00882655382156372, -0.0141573091968894, -0.012054474093019962, 0.007313047535717487, 0.016594992950558662, -0.011826777830719948, 0.01947467215359211, -0.03849395364522934, -0.021590901538729668, -0.002802665112540126, 0.01871122233569622, 0.022916894406080246, 0.008525191806256771, -0.013213042169809341, 0.01899249292910099, 0.006479279603809118, 0.031154116615653038, 0.009248459711670876, -0.007071957923471928, -0.0063285985961556435, 0.006104251369833946, -0.0029483232647180557, 0.03777068480849266, -0.017545955255627632, -0.0033350710291415453, -0.02059975638985634, -0.007473773788660765, -0.011699536815285683, -0.035574089735746384, 0.009509640745818615, 0.021657871082425117, 0.01960861124098301, 0.008411344140768051, 0.007922467775642872, 0.015804754570126534, 0.008973886258900166, -0.012717469595372677, 0.014143915846943855, -0.0017478986410424113, -0.026533236727118492, 0.03549372777342796, -0.021055147051811218, 0.015242212451994419, 0.006023888476192951, 0.04717317223548889, -0.010882510803639889, -0.0009124567150138319, -0.0007324767066165805, 0.0018450041534379125, -0.02076048217713833, 0.015322575345635414, 0.012757651507854462, 0.01932733878493309, -0.00994494091719389, -0.015898510813713074, 0.02981473132967949, -0.005153287667781115, 0.022863319143652916, 0.00512315146625042, 0.01936752162873745, 0.02826104313135147, -0.0368599034845829, -0.01802813448011875, -0.6313329935073853, -0.015242212451994419, -0.0072192903608083725, -0.015416332520544529, -0.006717020645737648, 0.035681240260601044, -0.008163557387888432, 0.008116679266095161, -0.02946649119257927, -0.0028261044062674046, -0.008431434631347656, 0.02759135141968727, 0.009556518867611885, -0.01788080297410488, -0.00977082084864378, 0.00470794178545475, 0.007882286794483662, -0.02917182631790638, 0.013561283238232136, -0.006767247803509235, -0.008377859368920326, 0.005103060510009527, -0.008451525121927261, 0.016581598669290543, 0.015992268919944763, -0.0017018573125824332, -0.0001990243763430044, -0.010701693594455719, -0.01369522139430046, 0.02890395000576973, -0.02855570800602436, 0.0182290431112051, -0.011585688218474388, 0.021590901538729668, 0.03795819729566574, -0.013018831610679626, -0.016809294000267982, 0.006057373248040676, -0.00023104407591745257, 0.04117272421717644, -0.010487392544746399, 0.001493415329605341, 0.0182290431112051, 0.005136545281857252, -0.009201581589877605, 0.004547215532511473, 0.00250130333006382, -0.021497145295143127, 0.012248684652149677, -0.013916220515966415, -0.02076048217713833, -0.007252775132656097, 0.01481360848993063, -0.0062984623946249485, -0.012000897899270058, -0.017679894343018532, 0.016648568212985992, 0.023184770718216896, 0.017679894343018532, -0.022622229531407356, -0.011954019777476788, -0.007641196716576815, -0.04031551629304886, -0.01459930744022131, -0.004021506290882826, 0.00709204887971282, -0.0355205163359642, -0.02026491053402424, -0.01774686388671398, -0.0018483526073396206, 0.010259696282446384, 0.0006588104879483581, 0.004423322156071663, -0.00032208047923631966, 0.0025783178862184286, 0.02735026180744171, 0.026479659602046013, -0.042887140065431595, -0.002176502253860235, -0.007527349051088095, 0.033109620213508606, -0.00976412370800972, -0.02785922773182392, 0.0032948895823210478, 0.032948896288871765, 0.010755268856883049, -0.015858329832553864, -0.005889949854463339, -0.006043978966772556, -0.008578767068684101, 0.032573867589235306, 0.00975742656737566, 0.000343636202160269, -0.032868530601263046, -0.0018701176159083843, 0.027149353176355362, 0.00127911358140409, 0.02722971700131893, 0.017211109399795532, -0.0026419388595968485, -0.01944788359105587, -0.010199423879384995, -0.022541865706443787, -0.01405015867203474, 0.05914728343486786, 0.010996358469128609, -0.008257314562797546, 0.01512166764587164, 0.02935934066772461, -0.03624378517270088, 0.008853341452777386, -0.002692165784537792, -0.013594767078757286, -0.007801923435181379, 0.007822014391422272, -0.024524157866835594, 0.004654366057366133, -0.007373319938778877, -0.005799541249871254, -0.009663669392466545, -0.0013837531441822648, 0.002077722456306219, 0.013025528751313686, 0.012221897020936012, -0.0026084540877491236, 0.01741201803088188, 0.0011133645894005895, -0.025876937434077263, -0.012027685530483723, -0.0036464782897382975, -0.012349138967692852, 0.006080812308937311, 0.026760932058095932, -0.004456806927919388, 0.033806100487709045, -0.008458222262561321, -0.006171220913529396, 0.0030923073645681143, 0.004791653249412775, -0.017679894343018532, -0.01446536835283041, 0.0047514718025922775, 0.00708535173907876, -0.003977976273745298, -0.012650500051677227, 0.0032848441042006016, -0.022207019850611687, -0.004061687737703323, -0.015202030539512634, 0.016501234844326973, -0.014612700790166855, -0.033591799437999725, 0.031770236790180206, 0.0005763545050285757, 0.010440513491630554, -0.007795226294547319, -0.0013552912278100848, -0.02949327975511551, 0.01004539430141449, -0.010728481225669384, 0.0005466368747875094, 0.012382622808218002, -0.017063777893781662, -0.007929164916276932, -0.005568497348576784, -0.0020559574477374554, -0.0019973593298345804, 0.014907365664839745, -0.012161624617874622, -0.034663308411836624, -0.006516112480312586, -0.015349362976849079, 0.004232459701597691, 0.027256503701210022, -0.0015042978338897228, -0.003023663768544793, -0.030913028866052628, -0.011203963309526443, -0.025341182947158813, -0.006951413117349148, 0.015148455277085304, 0.012175017967820168, -0.007741651032119989, -0.01971576176583767, 0.01860407181084156, 0.017398623749613762, 0.015791360288858414, 0.012583531439304352, -0.016353903338313103, 0.0023891297169029713, -0.008109982125461102, -0.014786820858716965, -0.017144139856100082, 0.011960716918110847, 0.006412310525774956, 0.012335744686424732, -0.01904606819152832, 0.005796192679554224, 9.182118810713291e-05, 0.03139520809054375, 0.03661881387233734, 0.009308732114732265, 0.027202928438782692, -0.0012799507239833474, -0.0019387612119317055, -0.034154340624809265, -0.005186771973967552, 0.001282462035305798, -0.0007349880179390311, 0.023318709805607796, 0.011090115644037724, 0.007929164916276932, -0.0066768391989171505, -0.02110872231423855, 0.003783765248954296, 0.01746559329330921, 0.011264235712587833, -0.003612993750721216, -0.03016297146677971, 0.012014292180538177, 0.0042927321046590805, -0.01968897320330143, 0.033859677612781525, 0.00024820497492328286, -0.03527942672371864, 0.021470356732606888, 0.00953642837703228, 0.023961614817380905, -0.008304192684590816, -0.05030733719468117, -0.021470356732606888, -0.03010939620435238, -0.0048753647133708, -0.005109757650643587, 0.010393635369837284, 0.02705559693276882, 0.03637772426009178, 0.006857655942440033, 0.013320193625986576, -0.0074469861574471, 0.03629735857248306, 0.009148006327450275, 0.023814283311367035, -0.009904759004712105, 0.009616791270673275, 0.012275472283363342, 0.043369319289922714, 0.02045242302119732, 0.0007755882106721401, -0.00044576439540833235, -0.0021179041359573603, 0.005796192679554224, -0.008860038593411446, 0.020706906914711, 0.007185805588960648, 0.008337677456438541, 0.011974110268056393, 0.015269000083208084, 0.012690681964159012, 0.025582272559404373, 0.01872461661696434, 0.001328503480181098, -0.007018382661044598, -0.0007575901690870523, 0.016608385369181633, -0.017023595049977303, -0.02049260586500168, -0.0009283619001507759, -0.01956842839717865, 0.011866959743201733, -0.010018606670200825, -0.031046966090798378, 0.012148230336606503, 0.009369004517793655, 0.004339610692113638, -0.00238075852394104, 0.01978273130953312, -0.005662254057824612, 0.02780565246939659, 0.03158272057771683, -0.024550944566726685, -0.03996727615594864, 0.016300328075885773, 0.002067676978185773, -0.013032224960625172, -0.02930576540529728, 0.0020258212462067604, 0.04149417579174042, 0.00034447331563569605, 0.012529955245554447, 0.030913028866052628, 0.022689199075102806, 0.01793437823653221, -0.007159017957746983, -0.012228594161570072, -0.022166837006807327, 0.025314394384622574, -0.001450722455047071, -0.013969795778393745, 0.0026637038681656122, 0.05512912571430206, 0.01418409775942564, -0.0009819372789934278, 0.00732644135132432, 0.033484648913145065, 0.022193625569343567, -0.025582272559404373, -0.034234706312417984, -0.005826328881084919, -0.02994867041707039, -0.002504651667550206, -0.03482403606176376, 0.015309181995689869, 0.007286259438842535, 0.00020624451281037182, -0.00017820110952015966, 0.009857880882918835, -0.004714638460427523, 0.013032224960625172, 0.004101869650185108, -0.005966964643448591, -0.02943970263004303, -0.019769337028265, 0.001268231077119708, 0.02799316681921482, 0.001023793127387762, -0.0020927905570715666, 0.0052972715348005295, -0.04165490344166756, 0.0014214233960956335, -0.012891589663922787, -0.0077081662602722645, 0.023841070011258125, -0.01730486750602722, -0.013213042169809341, -0.03131484240293503, -0.0006077463622204959, -0.015831541270017624, 0.0038272954989224672, -0.00917479395866394, 0.0275109875947237, -0.00517672672867775, -0.010849026031792164, -0.02724311128258705, -0.021389992907643318, 0.004306125920265913, -0.005879904143512249, 0.03986012563109398, 0.022823136299848557, -0.0025130228605121374, -0.02922540158033371, 0.02767171338200569, 0.015898510813713074, -0.004517079330980778, 0.021028360351920128, 0.01935412734746933, 0.010674905963242054, 0.013447434641420841, -0.022649016231298447, 0.024309854954481125, 0.009449368342757225, 0.006924625486135483, 0.034797247499227524, 0.0089470986276865, -0.0032245717011392117, 0.016152994707226753, -0.00025113485753536224, 0.03517227619886398, 0.016889657825231552, -0.033645376563072205, -0.01936752162873745, 0.04789644107222557, -0.013594767078757286, 0.0010263044387102127, 0.01842995174229145, -0.01746559329330921, -0.021657871082425117, 0.002442705212160945, -0.005822980310767889, -0.003844037652015686, -0.006496021989732981, -0.01759953238070011, -0.016983414068818092, -0.043181803077459335, -0.001525225816294551, -0.020894421264529228, 0.0026201738510280848, -0.014009976759552956, -0.016675354912877083, -0.0196353979408741, -0.009134612046182156, -0.00756083382293582, -0.010688300244510174, -0.003083936171606183, -0.0071322303265333176, -0.023613374680280685, -0.016219964250922203, 0.04961085692048073, 0.027082383632659912, -0.013353678397834301, 0.04039588198065758, 0.00458739697933197, -0.009094431065022945, -0.007212593220174313, 0.002225054893642664, -0.01865764707326889, -0.008277405053377151, -0.03924400731921196, 0.008150164037942886, -0.008565372787415981, 0.007286259438842535, -0.01030657533556223, -0.0027356958016753197, 0.01879158429801464, 0.015429725870490074, -0.009014067240059376, 0.013420647010207176, -0.033431071788072586, 0.01410373393446207, -0.032198838889598846, -0.027202928438782692, 0.04002085328102112, 0.014907365664839745, -0.032600656151771545, 0.007112139370292425, -0.022916894406080246, -0.010614633560180664, -0.003937794826924801, -0.0044333674013614655, 0.006449143402278423, 0.011599082499742508, -0.002325508976355195, -0.025742998346686363, -0.003509191330522299, 0.007420198060572147, -0.013681828044354916, 0.015215424820780754, -0.006462537217885256, 0.01353449560701847, -0.0005181749584153295, 0.0017361791105940938, 0.004393185954540968, -0.005565148778259754, 0.0008881803369149566, 0.0066734906286001205, -0.015992268919944763, -0.003296563634648919, 0.017251290380954742, -0.01967557892203331, 0.01931394636631012, 0.015818148851394653, -0.034582946449518204, -0.015938693657517433, -0.015027910470962524, 0.013594767078757286, 0.03600269556045532, -0.026372509077191353, -0.023613374680280685, -0.034368645399808884, -0.034127555787563324, -0.008277405053377151, 0.021992716938257217, -0.0028528920374810696, -0.004306125920265913, -0.016487840563058853, 0.011090115644037724, -0.002022472908720374, -0.030377274379134178, -0.011659354902803898, -0.03691347688436508, -0.01500112283974886, 0.007460379973053932, 0.008839947171509266, 0.021456962451338768, 0.011224054731428623, 0.009857880882918835, 0.003261404810473323, 0.009556518867611885, -0.006074115168303251, 0.001769663649611175, -0.021256055682897568, -0.01040702871978283, 0.03225241228938103, 0.033886466175317764, 0.022501684725284576, 0.033297136425971985, 0.0030119442380964756, -0.0034656610805541277, 0.011572294868528843, 0.007393410429358482, -0.006680187303572893, 0.03136841952800751, -0.016809294000267982, -0.002407546155154705, 0.02836819551885128, 0.024216098710894585, 0.0010011909762397408, 0.004517079330980778, 0.016849474981427193, -3.699007356772199e-05, -0.004091823939234018, -0.020787270739674568, -0.030645150691270828, -0.033056046813726425, -0.01405015867203474, 0.0024929321371018887, -0.007339835166931152, -0.011518719606101513, -0.007996134459972382, -0.0021430174820125103, 0.01875140331685543, 0.011967413127422333, 0.03139520809054375, 0.010835632681846619, 0.0038808707613497972, 0.0036565237678587437, -0.002226729178801179, -0.0012180041521787643, 0.04623560234904289, 0.0013678479008376598, -0.02812710590660572, -0.015135060995817184, -0.005046136677265167, -0.006686884444206953, 0.009797608479857445, 0.0033836239017546177, 0.015295787714421749, 0.012335744686424732, -0.022796349599957466, 0.03597590699791908, -0.02911825105547905, 0.015831541270017624, 0.011458447203040123, -0.021965930238366127, 0.016367295756936073, -0.005247044377028942, -0.0040014153346419334, -0.01938091404736042, -0.008203739300370216, 0.034261491149663925, -0.01370191853493452, 0.031100541353225708, -0.024912578985095024, -0.03150235861539841, -0.021564114838838577, 0.012489774264395237, 0.03075230121612549, 0.001796451397240162, 0.004540518391877413, 0.016327114775776863, 0.012509864754974842, -0.01770668290555477, -0.02055957540869713, 0.011813384480774403, 0.0020241469610482454, 0.03080587647855282, 0.012576834298670292, 0.004239156376570463, 0.008183647878468037, -0.010534270666539669, -0.005059530492872, -0.007808620110154152, -0.016836080700159073, 0.02728329226374626, -0.011632567271590233, 0.011465143412351608, -0.0017211110098287463, -0.002861263230443001, -0.031127329915761948, 0.006475931033492088, -0.01842995174229145, 0.001280787866562605, -0.024269673973321915, -0.01380906905978918, -0.02970758080482483, 0.033350709825754166, -0.026533236727118492, 0.005883252713829279, 0.019769337028265, 0.008438131771981716, -0.02879679761826992, 0.007976043038070202, -0.01000521332025528, -0.012931771576404572, 0.00014597213885281235, 0.008230526931583881, 0.015992268919944763, -0.016782505437731743, 0.04575342312455177, 0.016903050243854523, -0.0017345048254355788, -0.00870600901544094, -0.01028648391366005, 0.026412691920995712, -0.01971576176583767, -0.012556743808090687, -0.008009527809917927, -0.0027089081704616547, 0.00971054844558239, 0.00476821418851614, -0.021014966070652008, -0.035225849598646164, -0.008551979437470436, -0.021644476801156998, 0.032975681126117706, -0.012797832489013672, -0.004188929684460163, 0.0005524966982193291, -0.0015151803381741047, 0.0035761604085564613, -0.024497369304299355, -0.0074469861574471, -0.009308732114732265, -0.026988627389073372, 0.0005612864042632282, -0.006194659974426031, -0.0295200664550066, 0.032118476927280426, 0.013467526063323021, -0.014197491109371185, 0.03530621528625488, 0.02874322235584259, -0.026318933814764023, 0.04476227983832359, -0.00982439611107111, 0.03139520809054375, -0.04896795004606247, 0.01007218286395073, -0.012603621929883957, -0.03798498585820198, 0.005829677451401949, -0.00673711160197854, -0.03128805756568909, -0.01826922409236431, -0.0036833113990724087, -0.0029801337514072657, 0.004664411768317223, 0.01505469810217619, 0.00995163805782795, 0.004912198055535555, -0.00023795028391759843, -0.03005582094192505, -0.0019169962033629417, 0.015362757258117199, -0.010601240210235119, 0.00719919940456748, 0.012683984823524952, -0.021068541333079338, -0.008009527809917927, -0.03075230121612549, -0.00957660935819149, 0.00910782441496849, -0.016474448144435883, -0.016005661338567734, 0.009094431065022945, -0.00939579214900732, -0.02909146249294281, -0.0066734906286001205, -0.044681914150714874, -0.003385297954082489, -0.009141309186816216, 0.009610094130039215, 0.002596734557300806, -0.01865764707326889, 0.005223605316132307, 0.01386264432221651, -0.007547440007328987, 0.008424737490713596, -0.02935934066772461, -0.01829601265490055, -0.042538899928331375, -0.022474896162748337, 0.0020911162719130516, -0.012047776952385902, 0.004205672070384026, 0.012811226770281792, 0.016313720494508743, -0.008618948981165886, -0.03517227619886398, -0.0008450688328593969, -0.04567306116223335, -0.024470580741763115, 0.005009303335100412, 0.021309630945324898, 0.023975009098649025, 0.027216322720050812, 0.008264011703431606, 0.03530621528625488, 0.004008112475275993, 0.03811892494559288, -0.032895319163799286, -0.008444828912615776, -0.010219515301287174, 0.010661512613296509, 0.00259003764949739, -0.00223510037176311, -0.002722301986068487, -0.007286259438842535, 0.03827965259552002, 0.013213042169809341, -0.013373768888413906, -0.00028671231120824814, -0.006690233014523983, 0.01446536835283041, -0.01469306368380785, 0.00690453452989459, 0.012871499173343182, -0.023358890786767006, -0.0027038853149861097, -0.054754097014665604, 0.011806687340140343, 0.011445052921772003, -0.01982291229069233, 0.0019169962033629417, -0.00993824377655983, -0.0028227558359503746, -0.02051939256489277, 0.00027122566825710237, -0.006378825753927231, 0.00025552973966114223, -0.00971054844558239, 0.0022752818185836077, 0.010802147909998894, -0.0013276663376018405, -0.0186978280544281, 0.052503928542137146, 0.0066734906286001205, -0.00982439611107111, 0.0006073278491385281, 0.007607712410390377, -0.02045242302119732, 0.0037938107270747423, 0.0023640161380171776, -0.04663741961121559, 0.012215199880301952, 0.011659354902803898, 0.0293861273676157, -0.012014292180538177, -0.010628027841448784, -3.1522657081950456e-05, -0.0293861273676157, -0.03996727615594864, 0.013547888956964016, 0.01912643201649189, -0.008150164037942886, -0.006291765719652176, 0.008485009893774986, -0.025742998346686363, -0.026493053883314133, -0.0032245717011392117, -0.016876263543963432, -0.021644476801156998, 0.011123600415885448, 0.02887716144323349, -0.00934891402721405, -0.01512166764587164, 0.0034656610805541277, 0.017519168555736542, 0.006084160879254341, -0.0022702591959387064, 0.19544319808483124, 0.007313047535717487, 0.0013804046902805567, 0.02839498221874237, -0.03080587647855282, 0.023010650649666786, 0.006931322161108255, -0.00031433714320883155, -0.03760995715856552, 0.008632342331111431, -0.009556518867611885, 0.0295200664550066, -0.022970469668507576, -0.00339701771736145, 0.01885855384171009, -0.00959000363945961, -0.026144813746213913, -0.014907365664839745, -0.04811074212193489, -0.009797608479857445, 0.01517524290829897, -0.00690453452989459, -0.0020576317328959703, -0.015349362976849079, 0.023666949942708015, -0.03010939620435238, -0.012831317260861397, 0.002164782490581274, 0.01422427874058485, 0.008230526931583881, -0.002342251129448414, 0.007527349051088095, 0.00942258071154356, 0.01871122233569622, -0.013300102204084396, -0.024617914110422134, 0.024269673973321915, 0.00348575203679502, 0.01786740869283676, 0.02946649119257927, -0.016019055619835854, -0.00888682622462511, -0.01470645796507597, 0.014009976759552956, 0.00749386427924037, 0.008109982125461102, -0.023117801174521446, -0.0179611649364233, -0.017157534137368202, 0.026171602308750153, 0.001103319227695465, -0.0032731243409216404, 0.02836819551885128, 0.022287381812930107, -0.008618948981165886, -0.006834216881543398, 0.012985346838831902, -0.015349362976849079, 0.016608385369181633, 0.015684209764003754, -0.03811892494559288, 0.025930512696504593, 0.014746639877557755, 0.024403613060712814, -0.0014624421019107103, 0.015831541270017624, -0.004239156376570463, 0.02741723135113716, -0.0142912482842803, -0.00015821497072465718, -0.025434939190745354, -0.008813159540295601, 0.00034049703390337527, 0.022541865706443787, -0.003043754491955042, -0.014505550265312195, 0.01498772855848074, 0.033431071788072586, 0.022381139919161797, 0.01923358254134655, 0.016179783269762993, -0.02919861488044262, -0.0052939229644834995, -0.006763899233192205, 0.0047782594338059425, -0.04524445906281471, 0.014076946303248405, 0.006599824409931898, 0.005595284979790449, -0.03519906476140022, -0.01844334416091442, -0.006978200748562813, -0.013547888956964016, 0.006311856210231781, 4.041701686219312e-05, 0.024189310148358345, -0.008498404175043106, 0.034449007362127304, -0.017144139856100082, 0.013112588785588741, -0.042271021753549576, 0.03755638375878334, 0.023519616574048996, 0.013514404185116291, -0.016568204388022423, -0.01441179309040308, -0.026131419464945793, 0.008920310065150261, 0.0002869215968530625, -0.025086699053645134, -0.015014516189694405, -0.001773012219928205, 0.002563249785453081, 0.0010070508578792214, 0.00446350360289216, 0.02046581730246544, -0.016970019787549973, -0.015295787714421749, 0.007728257216513157, -0.0038976131472736597, -0.022247200831770897, -0.0373956561088562, -0.0011769854463636875, -0.0011049933964386582, -0.002712256507948041, -0.022729380056262016, -0.035145487636327744, -0.0002046749141300097, -0.009958334267139435, -0.04578021168708801, -0.014090340584516525, -0.0007651242194697261, -0.0008588812197558582, 0.004044945817440748, -0.00898058246821165, -0.011592385359108448, -0.021028360351920128, -0.021577507257461548, 0.007520652376115322, -0.008136769756674767, 0.0011234099511057138, -0.02981473132967949, 0.012329047545790672, 0.0057560112327337265, -0.006104251369833946, -0.021189086139202118, 0.016903050243854523, 0.010708390735089779, 0.0019471322884783149, -0.015603846870362759, -0.023599980399012566, -0.01907285675406456, 0.014438580721616745, -0.02949327975511551, -0.006442446261644363, -0.010996358469128609, 0.004018157720565796, -0.042833562940359116, -0.012777741998434067, 0.008813159540295601, -0.022541865706443787, -0.000761775765568018, 0.02946649119257927, -0.006285068579018116, -0.01952824741601944, -0.02054618112742901, -0.16951268911361694, 0.01880497857928276, 0.026251964271068573, -0.01946127787232399, 0.012349138967692852, 0.03139520809054375, 0.015456514433026314, 0.003266427433118224, -0.016568204388022423, -0.008592161349952221, 0.008458222262561321, -0.008069800212979317, -0.02014436572790146, 0.0287164356559515, -0.009797608479857445, -0.024671489372849464, 0.006686884444206953, -0.008632342331111431, 0.0377974733710289, 0.01940770260989666, 0.025528697296977043, 0.007976043038070202, 0.01841655746102333, -0.006120993755757809, -0.021202480420470238, -0.003690008306875825, -0.012904983945190907, -0.005424513015896082, 0.042458534240722656, -0.019769337028265, 0.0013251550262793899, -0.0018667691620066762, 0.01470645796507597, -0.016514629125595093, -0.012864802032709122, -0.004363049753010273, -0.0027390443719923496, -0.01463948842138052, -0.0025163714308291674, 0.0032781471963971853, 0.007065260782837868, 0.02882358618080616, -0.01782722771167755, -0.006117645185440779, -0.007252775132656097, 0.025836754590272903, 0.01844334416091442, -0.020947996526956558, -0.013353678397834301, -0.006194659974426031, 0.024925973266363144, -0.01439839880913496, 0.011257538571953773, 0.002258539665490389, 0.008572069928050041, -0.011612475849688053, -0.01980951800942421, 0.005987055134028196, 0.009429276920855045, -0.0048117442056536674, 0.001890208455733955, -0.032707806676626205, 0.015804754570126534, -0.002313789213076234, -0.008511797524988651, -0.00011008078581653535, -0.007842104882001877, 0.024725064635276794, -0.005196817684918642, 0.011438355781137943, 0.0004738077986985445, -0.03975297510623932, 0.01918000727891922, -0.0038373407442122698, 0.033940039575099945, 0.011552204377949238, -0.02061315067112446, 0.010534270666539669, -0.005970312748104334, 0.021523931995034218, -0.006050676107406616, 0.027202928438782692, 0.002926558256149292, 0.025542089715600014, 0.0023640161380171776, 0.008605554699897766, 0.0031894128769636154, -0.0038574314676225185, -0.0007785180932842195, -0.009737336076796055, 0.022019505500793457, -0.023104408755898476, -0.021376600489020348, -0.02045242302119732, 0.013742099516093731, -0.008618948981165886, 0.023131195455789566, 0.0061846147291362286, 0.005471391603350639, 0.011070025153458118, 0.023573193699121475, -0.032895319163799286, -0.013233133591711521, -0.015978874638676643, 0.04971800744533539, 0.012650500051677227, 0.0035962513647973537, 0.0052403477020561695, 0.026412691920995712, 0.016849474981427193, -0.011311114765703678, -0.00435300450772047, 0.011766505427658558, -0.006341992411762476, 0.009730638936161995, 0.03576160594820976, 0.01840316317975521, -0.01884516142308712, 0.0203720610588789, -0.0036431297194212675, 0.022876711562275887, 0.002226729178801179, -0.014143915846943855, 0.011773202568292618, -0.012087957933545113, 0.001048906589858234, -0.0983109325170517, -0.010393635369837284, 0.01818886213004589, 0.033350709825754166, 0.005906692240387201, 0.04165490344166756, -0.016072630882263184, 0.017264684662222862, 0.0034087372478097677, 0.025367969647049904, -0.005414467770606279, -0.01837637461721897, -0.0048083956353366375, 0.005387680139392614, 0.025247424840927124, 0.00708535173907876, -0.0032496852800250053, 0.002956694457679987, -0.022260595113039017, 0.011197267100214958, -0.0033702298533171415, -0.043556831777095795, 0.02030509151518345, -0.010802147909998894, 0.011070025153458118, -0.005997100844979286, -0.022327564656734467, 0.008284102194011211, 0.03573481738567352, -0.00738671375438571, 0.012375926598906517, -0.01844334416091442, -0.0138224633410573, -0.00476151704788208, -0.005273832008242607, -0.01974254846572876, -0.012757651507854462, -0.027484199032187462, 0.015978874638676643, -0.011123600415885448, -0.0032162005081772804, 0.00917479395866394, 0.015871724113821983, -0.024510763585567474, -0.02893073670566082, -0.008056406863033772, -0.01798795349895954, 0.02736365608870983, -0.006763899233192205, -0.01998363807797432, -0.025555483996868134, 0.011003055609762669, 0.005993752274662256, -0.008920310065150261, 0.03051121160387993, 0.0030889587942510843, 0.016380690038204193, 0.00032773101702332497, -0.016461053863167763, -0.006211402360349894, 0.0026737491134554148, -0.01376888807862997, -0.02812710590660572, -0.011016449891030788, 0.022890105843544006, -0.011619172990322113, -0.021724840626120567, 0.006599824409931898, 0.0007362437318079174, -0.00029278139118105173, 0.0004520427610259503, 0.023104408755898476, -0.01848352700471878, 0.010808845050632954, -0.021617690101265907, 0.02015775814652443, -0.033645376563072205, -0.010453907772898674, 0.006013842765241861, 0.031073754653334618, 0.0012782764388248324, -0.011645960621535778, 0.00959000363945961, 0.02903788723051548, 0.017398623749613762, -0.00894040148705244, 0.0062750233337283134, -0.010279787704348564, 0.00464432081207633, -0.04658384248614311, 0.015510089695453644, 0.02043903060257435, 0.04993230849504471, 0.013045619241893291, -0.01907285675406456, 0.006546248681843281, 0.006087508983910084, -0.006502718664705753, -0.006402264814823866, -0.0008266522781923413, -0.0412798747420311, 0.02054618112742901, -0.04044945538043976, 0.013561283238232136, 0.021684659644961357, -0.0010170962195843458, -0.015911905094981194, -0.01005878858268261, 0.0007529860595241189, 0.003263079095631838, -0.012108049355447292, -0.007882286794483662, -0.012181715108454227, 0.0017746863886713982, -0.01844334416091442, 0.005474740173667669, -0.01892552338540554, 0.02061315067112446, -0.001890208455733955, -0.012248684652149677, -0.0005474740173667669, -0.0023573192302137613, -0.021242661401629448, 0.022608835250139236, -0.0062448871321976185, -0.013501010835170746, 0.012248684652149677, 0.0392707958817482, 0.0003377764078322798, 0.006586430594325066, -0.016233358532190323, -0.016809294000267982, 0.005692390259355307, -0.025006335228681564, -0.005387680139392614, 0.004550563637167215, 0.0099851218983531, -0.024189310148358345, -0.003700053784996271, 0.020706906914711, 0.01477342750877142, -0.00371679593808949, -0.010393635369837284, -0.013742099516093731, -0.01741201803088188, -0.00939579214900732, 0.002998550422489643, 0.01877819187939167, -0.023479435592889786, 0.022782955318689346, 0.010159242898225784, 0.023050831630825996, 0.02066672593355179, 0.007641196716576815, -0.0010129106231033802, -0.006529506761580706, 0.004748123232275248, -0.032466717064380646, 0.008357767947018147, -0.006546248681843281, 0.033672161400318146, 0.0004499499627854675, 0.016019055619835854, 0.0028244301211088896, 0.02051939256489277, -0.008712705224752426, -0.006536203436553478, 0.011357992887496948, -0.016126206144690514, 0.03252029046416283, 0.024912578985095024, -0.003787113819271326, -0.0053508467972278595, -0.0009986796649172902, 0.012884892523288727, 0.007989437319338322, 0.012228594161570072, 0.002596734557300806, -0.0005717503954656422, 0.014505550265312195, -0.0185638889670372, 0.015871724113821983, -0.0010313271777704358, -0.014666276052594185, -0.0008245594799518585, 0.016313720494508743, 0.01905946247279644, -0.005468043033033609, -0.0047548203729093075, 0.023573193699121475, -0.0013829160016030073, 0.01951485313475132, -0.031770236790180206, -0.0012129814131185412, -0.01938091404736042, -0.0030621711630374193, 0.009194884449243546, 0.004624229855835438, -0.01024630293250084, 0.04556591063737869, 0.008150164037942886, 0.01747898757457733, 0.00719919940456748, -0.013614858500659466, -0.007842104882001877, -0.006482628174126148, -0.02739044278860092, 0.014371611177921295, -0.007252775132656097, -0.0025515302550047636, -0.012422804720699787, 0.00911452155560255, -0.017519168555736542, -0.001266556908376515, -0.008150164037942886, 0.004115263465791941, 0.002194918692111969, 0.005625421181321144, 0.00019002538465429097, 0.006837565451860428, -0.023841070011258125, 0.03624378517270088, 0.007426895201206207, -0.007473773788660765, 0.025367969647049904, -0.01891212910413742, 0.01821564882993698, 0.024443794041872025, -0.023385679349303246, -0.01814867928624153, 0.043797921389341354, 0.013353678397834301, 0.015202030539512634, -0.010373543947935104, -0.009389095939695835, -0.006459188647568226, -0.011364690028131008, -0.005762707907706499, 0.00750056141987443, 0.0035225851461291313, 0.014853790402412415, 0.06327259540557861, 0.016139600425958633, -0.014505550265312195, -0.0013201322872191668, -0.016501234844326973, 0.021363206207752228, 0.025649242103099823, -0.00882655382156372, 0.0006177917821332812, -0.013742099516093731, 0.011110206134617329, -0.005551754962652922, 0.004480245988816023, -0.034850820899009705, -0.006482628174126148, -0.005625421181321144, 0.003998067229986191, 0.053709376603364944, -0.023921433836221695, 0.01028648391366005, 0.02930576540529728, 0.0053809829987585545, 0.012730863876640797, 0.024912578985095024, -0.0005608678911812603, -0.001312598236836493, 0.01777365244925022, 0.001007887884043157, -0.011404871009290218, -0.008257314562797546, -0.005093015264719725, 0.013835856691002846, -0.014920759946107864, -0.010996358469128609, -0.004510382190346718, 0.0063553862273693085, -0.007667984813451767, 0.0005813772440887988, -0.007252775132656097, 0.0038373407442122698, -0.0006830868660472333, -0.00359959970228374, -0.0304576363414526, -0.00743359187617898, 0.004687850829213858, -0.026720749214291573, 0.005956918932497501, -0.01458591315895319, -0.04741426184773445]"
19124,"Why is mongo telling me I need two arguments for $in in the query below?<p>I have the following query:</p>
<pre><code>const productTypes = await ProductTypes.find(
        {type},
        {
            style: {
                $in: styles
            }
        }      
);
</code></pre>
<p>This is my styles array:</p>
<pre><code>styles [ 'mom' ]
</code></pre>
<p>And I get this error:</p>
<pre><code>MongoServerError: Expression $in takes exactly 2 arguments. 1 were passed in.
</code></pre>
","That's just it:  I am not seeing any errors.  And nothing indicates there are any runtime errors.  The application just sits there waiting and waiting forever.  I think because process.poll() is None and never finishes, which kind of makes sense.  It is the same as if you would run only ping test file, and the python sits at the input waiting.  Only in this case this input is never displayed in the QTextEdit box because I can't get the stdin to show up.","Embed Field: Why is mongo telling me I need two arguments for $in in the query below?<p>I have the following query:</p>
<pre><code>const productTypes = await ProductTypes.find(
        {type},
        {
            style: {
                $in: styles
            }
        }      
);
</code></pre>
<p>This is my styles array:</p>
<pre><code>styles [ 'mom' ]
</code></pre>
<p>And I get this error:</p>
<pre><code>MongoServerError: Expression $in takes exactly 2 arguments. 1 were passed in.
</code></pre>; Answer: That's just it:  I am not seeing any errors.  And nothing indicates there are any runtime errors.  The application just sits there waiting and waiting forever.  I think because process.poll() is None and never finishes, which kind of makes sense.  It is the same as if you would run only ping test file, and the python sits at the input waiting.  Only in this case this input is never displayed in the QTextEdit box because I can't get the stdin to show up.","[-0.008430255576968193, 0.02495465613901615, 0.010947671718895435, -0.012004026211798191, -0.03473622351884842, 0.01002164650708437, -0.0006769413012079895, -0.024721434339880943, -0.026834143325686455, -0.024680277332663536, 0.026971330866217613, -0.005569868255406618, 0.008999589830636978, -0.006914319004863501, -0.02039998397231102, 0.009623799473047256, 0.012134355492889881, 0.016284318640828133, 0.008498850278556347, -0.0011283784406259656, -0.008361661806702614, 0.019960980862379074, -0.010350899770855904, -0.0008377095218747854, -0.030840057879686356, 0.019137848168611526, 0.030675431713461876, -0.03632761165499687, -0.00202868040651083, 0.00601916154846549, 0.009267108514904976, -0.005370944272726774, -0.024707715958356857, -0.031718067824840546, -0.026546046137809753, -0.011366098187863827, 0.000843282847199589, -0.030785182490944862, 0.03023642674088478, 0.004444919526576996, 0.023322107270359993, -0.016805635765194893, 0.015598374418914318, -0.007339604664593935, -0.022855665534734726, 0.027231991291046143, 0.022965416312217712, -0.00843711569905281, -0.023802269250154495, -0.0026443153619766235, 0.03073030710220337, 0.005864824168384075, -0.05284515395760536, -0.006845724768936634, 0.005394952371716499, -0.00819703470915556, 0.020646924152970314, 0.013917811214923859, 0.02639513835310936, 0.003662942908704281, 0.015488623641431332, 0.0130329430103302, 0.002407664665952325, -0.008279348723590374, -0.018095212057232857, 0.006465025246143341, -0.012072620913386345, 0.006982913240790367, -0.000678656215313822, -0.021223118528723717, -0.0009603220969438553, 0.018040336668491364, -0.03218450769782066, -0.00012711406452581286, 0.03679405525326729, -0.011331800371408463, -0.014089296571910381, -0.006214655935764313, 0.02082527056336403, 0.00489764241501689, 0.008382240310311317, -0.023994334042072296, -0.036739178001880646, 0.0336935855448246, 0.0039030234329402447, 0.023212356492877007, 0.0235553290694952, 0.040031712502241135, 0.03635505214333534, -0.012600797228515148, 0.010748747736215591, 0.013965826481580734, 0.0007536813500337303, 0.007140680681914091, 0.005734494887292385, 0.0168467927724123, 0.002428242936730385, 0.03248632326722145, -0.01129064429551363, 0.007915797643363476, -0.03712330758571625, 0.02495465613901615, -0.019672883674502373, -0.009020168334245682, -0.023088887333869934, 0.022005094215273857, 0.0032513760961592197, -0.0230751670897007, -0.001858909148722887, -0.008876119740307331, 0.007339604664593935, 0.010090241208672523, 0.027355460450053215, -0.019247598946094513, -0.0007772606913931668, -0.014295079745352268, -0.0032908180728554726, -0.03841288387775421, -0.03075774386525154, -0.01580415852367878, 0.00571048678830266, -5.793014497612603e-05, 0.015817876905202866, -0.029056603088974953, 0.03769950196146965, 0.02642257697880268, -0.026834143325686455, -0.028013966977596283, 0.0074081989005208015, -0.017121171578764915, 0.037617187947034836, 0.03402283787727356, 0.0007811191026121378, 0.031690627336502075, -0.013849216513335705, -0.001626545563340187, -0.03975733369588852, -0.0015305132837966084, -0.019563132897019386, -0.015529779717326164, 0.03512034937739372, -0.0048667751252651215, 0.011626756750047207, 0.011201471090316772, -0.021456338465213776, 0.033611271530389786, 0.006711965426802635, 0.023308388888835907, 0.021401463076472282, 0.011379816569387913, 0.027643557637929916, 0.003539472818374634, -0.011997167021036148, -0.021579809486865997, 0.0003187497495673597, 0.004719296935945749, -0.025626881048083305, 0.003354267915710807, 0.004468927625566721, -0.0136365732178092, 0.04620521143078804, 0.004698718897998333, -0.027122238650918007, -8.327793329954147e-05, 0.008841822855174541, 0.028782224282622337, 0.03599835932254791, -0.0019703751895576715, 0.0031879262533038855, -0.008004970848560333, -0.0068834517151117325, 0.024186396971344948, -0.020015856251120567, 0.03248632326722145, 0.0026237370911985636, -0.008690915070474148, 0.009191654622554779, 0.0043077305890619755, -0.013128974474966526, -0.006780559662729502, -0.009294546209275723, -0.0011000832309946418, -0.005120574496686459, 0.03347408398985863, -0.022498974576592445, -0.03860494866967201, -0.011853118427097797, -0.00584767572581768, -0.007943235337734222, 0.03254120051860809, 0.009342562407255173, 0.016009941697120667, -0.002899829763919115, -0.02125055529177189, -0.6225082278251648, -0.004331738688051701, 0.002361363498494029, -0.03443440794944763, -0.00419454975053668, -0.00873207114636898, -0.004616405349224806, 0.016105974093079567, -0.039894524961709976, 0.03791900351643562, -0.006221515126526356, 0.01596878468990326, 0.011222049593925476, -0.01026172749698162, 0.013355336152017117, -0.01311525609344244, 0.017752239480614662, -0.02518787607550621, -0.01909669116139412, 0.0258738212287426, -0.03215707093477249, 0.02880966290831566, -0.00019249312754254788, 0.01316327229142189, -0.01301922369748354, -0.0003772694035433233, -0.005981434602290392, -0.011688491329550743, -0.0048324777744710445, 0.05023856461048126, -0.03575142100453377, 0.02646373212337494, 0.005806518718600273, 0.005364084616303444, 0.04812585562467575, 0.0007176692597568035, -0.02023535780608654, 0.014116734266281128, -0.019398506730794907, 0.02535250224173069, -0.023212356492877007, 0.0026923315599560738, 0.03613554686307907, -0.020578330382704735, -0.00557329785078764, 0.016174567863345146, 0.01587275229394436, 0.001189255970530212, 0.020674362778663635, -0.026353981345891953, -0.009603220969438553, 0.010090241208672523, -0.003628645557910204, 0.013773762620985508, 0.025311347097158432, -0.016435226425528526, 0.02610704116523266, -0.014281361363828182, 0.031169310212135315, -0.013417071662843227, 0.00855372566729784, -0.006636511534452438, -0.025956133380532265, -0.0042357062920928, -0.026971330866217613, 0.02831578254699707, -0.01016569510102272, 0.004410622175782919, -0.0021761583629995584, -0.019892385229468346, 0.014363674446940422, 0.013856075704097748, -0.020111888647079468, 0.001555378781631589, 0.009239669889211655, 0.020221639424562454, 0.007874640636146069, 0.005645322147756815, -0.017066296190023422, 0.010638996958732605, -0.0007275296957232058, 0.01883603259921074, -0.031361375004053116, -0.00170457165222615, 0.023582765832543373, -0.01893206313252449, -0.0065027521923184395, -0.02042742259800434, -0.012223528698086739, 0.000541038578376174, 0.019151566550135612, 0.01857537217438221, 0.0008402818348258734, -0.011558162048459053, -0.01952197588980198, 0.025434816256165504, 0.0015253687743097544, 0.03182781860232353, 0.014624333009123802, -0.032211948186159134, -0.01176394522190094, -0.0018829172477126122, -0.007511090487241745, 0.008855541236698627, 0.026052165776491165, 0.01606481708586216, -0.012772283516824245, -0.0022979136556386948, 0.027382899075746536, -0.011427832767367363, -0.008491991087794304, -0.010776185430586338, -0.01583159528672695, -0.022965416312217712, -0.001953226514160633, -0.03495572507381439, 0.026436295360326767, -0.017944304272532463, -0.010234289802610874, -0.008347942493855953, 0.018561653792858124, 0.006139202043414116, -0.003944179974496365, 0.007655139081180096, 0.0054909843020141125, -0.007133821025490761, 0.005909410770982504, 0.013588557951152325, 0.002517415676265955, 0.022828228771686554, -0.006869732402265072, -0.004122525453567505, 0.04173285514116287, -0.0083753801882267, -0.010693872347474098, 0.0026443153619766235, 0.03314483165740967, -0.009788425639271736, 0.010899655520915985, -0.01895950175821781, 0.004318019840866327, 0.01622944325208664, 0.010762467049062252, 0.01817752607166767, 0.022567568346858025, -0.02750636823475361, -0.04604058340191841, -0.00655762804672122, -0.008498850278556347, -0.012477328069508076, -0.028398096561431885, -0.019727759063243866, 0.0040847985073924065, 0.01812264882028103, -0.005137722939252853, 0.0015459470450878143, 0.01271054893732071, -0.021360306069254875, 0.009445453993976116, -0.03643736243247986, -0.002033825032413006, 0.022800790145993233, -0.008622320368885994, 0.006122053135186434, -0.014967305585741997, -0.016901668161153793, -0.006684527732431889, 0.015749281272292137, 0.000678656215313822, -0.029605358839035034, 0.006139202043414116, 0.002959849778562784, -0.011805102229118347, -0.028699912130832672, -0.011674772948026657, 0.006633081939071417, -0.021909061819314957, -0.008629179559648037, -0.010755606926977634, 0.004935369361191988, 0.000528177130036056, 0.006869732402265072, -0.0019463670905679464, -0.014967305585741997, 0.01717604696750641, 0.0060088722966611385, 0.014542019926011562, 0.003414287930354476, -0.03347408398985863, 0.034626469016075134, 0.017052575945854187, 0.014871273189783096, -0.033254582434892654, -0.02046857960522175, -0.019206441938877106, 0.018163805827498436, 0.00017427273269277066, 0.029221229255199432, -0.006938327103853226, 0.007415058556944132, 0.002033825032413006, 0.03575142100453377, 0.004287152085453272, -0.011928572319447994, -0.004979955963790417, -0.026889018714427948, 0.004294011741876602, -0.012086339294910431, 0.01632547564804554, 0.015584655106067657, 0.009754128754138947, 0.009932474233210087, -0.019206441938877106, -0.008546866476535797, -0.0008107004687190056, 0.03748000040650368, -0.02815115638077259, 0.008786947466433048, 0.004513513762503862, 0.027643557637929916, -0.016929106786847115, -0.000793551851529628, 0.0041499631479382515, 0.016668448224663734, 0.004095087759196758, -0.011976588517427444, -0.010316602885723114, 0.004959377460181713, -0.012765424326062202, -0.012395014055073261, -0.00022464677749667317, 0.022471535950899124, -0.0008908702293410897, -0.002169298939406872, 0.0014490574831143022, 0.020194200798869133, 0.04999162256717682, -0.0036252159625291824, 0.056851066648960114, -0.016407789662480354, -0.0016659873072057962, 0.011167174205183983, 0.007147539872676134, 0.0035051757004112005, 0.040223777294158936, -0.0002480117545928806, 0.04658934101462364, 0.014816397801041603, -0.010481229983270168, 0.026052165776491165, 0.008251910097897053, -0.0015382302226498723, -0.021593527868390083, -0.024268710985779762, 0.016051096841692924, -0.001874342910014093, 0.016558697447180748, 0.011462129652500153, 0.008690915070474148, 0.016970263794064522, -0.022169720381498337, -0.018890907987952232, 0.020454861223697662, -0.01432251837104559, 0.006413579452782869, 0.0003937749133910984, -0.008965292945504189, -0.027904216200113297, -0.019302474334836006, -0.00788835994899273, 0.01002164650708437, -0.03800131753087044, 0.011153454892337322, -0.04066278040409088, 0.03298020362854004, 0.0008175598923116922, 0.021977657452225685, 0.02668323554098606, 0.003019870026037097, 0.008752649649977684, -0.0340777151286602, -0.005851105321198702, 0.016119692474603653, -0.003328545019030571, -0.016147129237651825, -0.010097100399434566, -0.009479750879108906, 0.02767099440097809, 0.012923191301524639, 0.014377393759787083, 0.015063337981700897, 0.005069128703325987, 0.007586544379591942, -0.007250431925058365, -0.01351996324956417, -0.00494565861299634, 0.04184260591864586, 0.019371068105101585, -0.007915797643363476, 0.001343593467026949, 0.013170131482183933, 0.02883709967136383, -0.027094801887869835, 0.0104263536632061, 0.048043541610240936, -0.010625277645885944, 0.009308264590799809, -0.04063534364104271, 0.016051096841692924, -0.007147539872676134, 0.017848271876573563, -0.02127799391746521, -0.006615933030843735, 0.002959849778562784, -0.01321128848940134, -0.009994208812713623, -0.004678140394389629, 0.02013932541012764, 0.016627291217446327, -0.008889839053153992, -0.006681098137050867, -0.03234913572669029, -0.02234806679189205, 0.0273691788315773, 0.03333689644932747, 0.027808183804154396, -0.0028037976007908583, -0.002726628677919507, -0.004901072476059198, -0.0030524523463100195, -0.029468169435858727, -0.01111229881644249, 0.017807114869356155, -0.009321983903646469, -0.026902737095952034, 0.0003738396626431495, 0.021840468049049377, -0.007264150772243738, 0.024803748354315758, -0.015982503071427345, 0.001268139574676752, -0.006293539423495531, -0.018424464389681816, -0.0074013397097587585, -0.0010434928117319942, -0.011180892586708069, 0.003397139487788081, 0.036409925669431686, 0.00976098794490099, 0.003693810198456049, 0.02075667679309845, 0.013835497200489044, 0.036025796085596085, -0.032568637281656265, 0.007504231296479702, -0.007188696879893541, 0.019604289904236794, 0.009376859292387962, 0.003354267915710807, 0.05663156509399414, 0.005998583510518074, 0.008416537195444107, 0.008203894831240177, 0.028754787519574165, -0.014061858877539635, 0.019179003313183784, 0.0018314714543521404, 0.009459172375500202, 0.01474780309945345, -0.02101733535528183, -0.02776702679693699, -0.010879077017307281, 0.013142693787813187, 0.01734067313373089, -0.012669391930103302, -0.01155130285769701, -0.027300585061311722, -0.021003615111112595, 0.014075578190386295, -0.011215190403163433, -0.022306909784674644, -0.025366222485899925, -0.023925738409161568, -0.023280950263142586, 0.01734067313373089, -0.026957612484693527, 0.04255598783493042, 0.0168467927724123, -0.00819703470915556, -0.023253513500094414, -0.02720455266535282, -0.013142693787813187, -0.0023990904446691275, 0.011084860190749168, 0.0024659698829054832, -0.021319150924682617, -0.029989486560225487, 0.0020955600775778294, 0.005734494887292385, 0.01746414229273796, 0.01746414229273796, 0.009342562407255173, -0.0013744609896093607, 0.007291588466614485, -0.004167112056165934, -0.020180482417345047, -0.004534092266112566, 0.002975283656269312, -0.0026391709689050913, -0.004040212370455265, 0.006722254678606987, 0.00808042474091053, -0.012511624954640865, 0.006098045036196709, 0.012559641152620316, -0.0003738396626431495, -0.006643371190875769, -0.02779446542263031, 0.010714450851082802, 0.012443030253052711, -0.005244044587016106, 0.036711741238832474, -0.01006966270506382, -0.00028123718220740557, 0.0019618007354438305, -0.007799187209457159, -0.02352789044380188, -0.005545860156416893, -0.0022241745609790087, -0.0038035614416003227, 0.004245995543897152, 0.0032187937758862972, -0.015159370377659798, -0.0031759224366396666, 0.010275445878505707, -0.018657686188817024, 0.005196028389036655, -0.0010074807796627283, 0.021360306069254875, 0.014116734266281128, 0.026792986318469048, 0.044531505554914474, 0.004513513762503862, -0.009610080160200596, 0.014041280373930931, -0.016737041994929314, 0.017546456307172775, -0.008711493574082851, 0.015214245766401291, 0.01467920932918787, -1.736296690069139e-05, -0.02655976451933384, -0.004883923567831516, -0.005899121519178152, -0.008848682045936584, 0.007394480053335428, 0.0032822436187416315, -0.025860100984573364, -0.05553405359387398, 0.0020904154516756535, -0.012395014055073261, 0.007168118376284838, 0.011126017197966576, -0.010206852108240128, -0.004225417040288448, 0.0016702745342627168, -0.0032325126230716705, -0.0195494145154953, -0.0027729300782084465, -0.029962049797177315, 0.009363139979541302, 0.028617598116397858, 0.005875113420188427, 0.005559579003602266, 0.0019858088344335556, 0.005518422462046146, 0.018067773431539536, -0.004781031981110573, -0.033117394894361496, -0.040223777294158936, 0.001576814567670226, -0.0042494251392781734, 0.013170131482183933, 0.033089954406023026, 0.02900172770023346, 0.013773762620985508, 0.034269779920578, -0.02459796518087387, 0.01146898977458477, 0.0357239805161953, 0.011366098187863827, -0.022595006972551346, -0.00245225103572011, -0.008738931268453598, 0.002088700421154499, -0.009479750879108906, 0.023966895416378975, -0.013821778818964958, 0.006070607341825962, 0.034461844712495804, -0.006176928989589214, 0.012374435551464558, -0.0066605196334421635, -0.027588682249188423, -0.02620307356119156, 0.030318740755319595, -0.021922782063484192, -0.002426528139039874, -0.03512034937739372, 0.016215724870562553, 0.008265629410743713, -0.015323996543884277, 0.003518894547596574, -0.001953226514160633, 0.005827097222208977, -0.005672759842127562, -0.0020218209829181433, -0.004547811113297939, 0.00015669541608076543, -0.022306909784674644, -0.007710014469921589, -0.011619897559285164, -0.03259607404470444, -0.007881500758230686, -0.005511562805622816, 0.027328023687005043, -0.004383184481412172, 0.01021371129900217, 0.007593404036015272, 0.02902916446328163, -0.007634560577571392, -0.009383718483150005, -0.005058839451521635, -0.0031176169868558645, -0.0029221228323876858, -0.036217860877513885, -0.027314303442835808, -0.03750743716955185, 0.021401463076472282, 0.011866836808621883, 0.013897232711315155, -0.004801610484719276, -0.017765957862138748, -0.016270600259304047, -0.003518894547596574, -0.03616298735141754, 0.044339440762996674, 0.01450086385011673, 0.027396617457270622, 0.03857751190662384, 0.014240204356610775, -0.010151976719498634, 0.0063964310102164745, 0.017519017681479454, -0.005209747236222029, 0.03435209393501282, 0.013972686603665352, -0.007497371640056372, -0.023898301646113396, -0.001864053774625063, 0.008636039681732655, 0.006382712163031101, -0.025846382603049278, 0.027588682249188423, 0.011105438694357872, 0.0005075988010503352, -0.010193132795393467, 0.00637928256765008, -0.04911361634731293, -0.004211698193103075, -0.012093198485672474, 0.01195601001381874, 0.005093136802315712, -0.00989131722599268, -0.023843426257371902, 0.013238726183772087, -0.004496365319937468, 0.031224187463521957, 0.029111478477716446, -0.011105438694357872, -0.03841288387775421, -0.005580157041549683, 0.0032462317030876875, 0.024556808173656464, 0.013437650166451931, 0.03234913572669029, -0.01736811175942421, 0.01795802265405655, 0.0016556981718167663, 0.005916269961744547, -0.015173088759183884, -0.017450423911213875, -0.0032925328705459833, 0.03174550458788872, -0.022210877388715744, 0.006149491295218468, 0.0013821778120473027, -0.01006966270506382, 0.01324558537453413, -0.018451903015375137, -0.014226485975086689, -0.012278404086828232, 0.008869260549545288, 0.0006619362975470722, 0.027616119012236595, -0.0007991251768544316, 0.018973220139741898, -0.003772693919017911, -0.00842339638620615, 0.01583159528672695, -0.012374435551464558, -0.0017028568545356393, 0.007154399529099464, -0.025489691644906998, -0.042994990944862366, -0.006077466998249292, -0.010652715340256691, 0.0260658860206604, -0.02343185804784298, 0.007271009963005781, 0.022567568346858025, 0.024351025000214577, 0.004294011741876602, -0.006489033345133066, -8.670765237184241e-05, 0.004081368912011385, -0.031004684045910835, -0.0019103550584986806, -0.017162326723337173, -0.006708535831421614, -0.006204366683959961, -0.005576727446168661, -0.03720562160015106, -0.010193132795393467, 0.010398915968835354, 0.012504765763878822, -0.019302474334836006, -0.017752239480614662, 0.01590018905699253, 0.02134658768773079, 0.008073564618825912, -0.02421383559703827, -0.008155878633260727, 0.031141873449087143, -0.015749281272292137, -0.004294011741876602, -0.016599852591753006, -0.0035017458721995354, -0.038632385432720184, -0.02603844739496708, 0.017258359119296074, -0.012058901600539684, -0.011249487288296223, -0.004966237116605043, -0.02000213786959648, -0.005727635230869055, -0.015241683460772038, -0.019700322300195694, -0.05141838639974594, -0.009438593871891499, -0.015365153551101685, 0.02672439254820347, 0.0001163961787824519, 0.003323400393128395, -0.011578740552067757, 0.02241666056215763, -0.0038447179831564426, 0.00967867486178875, -0.033967964351177216, -0.028013966977596283, -0.031004684045910835, -0.009363139979541302, -0.008807525038719177, -0.011139736510813236, -0.019055534154176712, 0.06491777300834656, 0.028178593143820763, -0.012703689746558666, -0.01756017468869686, 0.007915797643363476, -0.022622443735599518, -0.03144368901848793, 0.0010683583095669746, 0.002141861245036125, 0.026436295360326767, 0.022361785173416138, -0.03234913572669029, 0.06310687959194183, 0.0048633455298841, 0.032211948186159134, -0.043516308069229126, -0.007415058556944132, -0.026189355179667473, 0.010961391031742096, 0.008574304170906544, -0.005967715755105019, -0.017752239480614662, -0.0016325475880876184, 0.018232401460409164, 0.019412225112318993, 0.03509291261434555, 0.02407664619386196, -0.013046661391854286, -0.02694389410316944, -0.0013187279691919684, -0.01609225384891033, 0.010741888545453548, 0.013760043308138847, -0.005048550199717283, -0.019247598946094513, -0.004712437745183706, -0.012134355492889881, -0.0008492848719470203, 0.007819765247404575, -0.0014319088077172637, 0.00869777426123619, -0.0032016453333199024, -0.00029602786526083946, -0.014473426155745983, 0.003275384195148945, -0.011393535882234573, -0.027712151408195496, 0.048894114792346954, -0.003793272189795971, 0.012134355492889881, 0.03737024962902069, -0.012374435551464558, -0.012923191301524639, -0.018232401460409164, 0.009575783275067806, -0.02511928230524063, 0.006050029303878546, 0.009445453993976116, -0.009747269563376904, -0.030126675963401794, 0.0025585724506527185, 0.011345519684255123, -0.0004295726539567113, 0.005007393658161163, 0.007524809334427118, -0.0025808655191212893, -0.014418549835681915, -0.012106917798519135, -0.009850161150097847, -0.015817876905202866, -0.025462254881858826, -0.007511090487241745, 0.01570812612771988, -0.0003472593380138278, -0.01739554852247238, -0.026011008769273758, -0.016997700557112694, -0.008183316327631474, 0.01710745133459568, 0.0016334049869328737, -0.03281557932496071, -0.0031724926084280014, 0.03248632326722145, -0.013417071662843227, 0.016929106786847115, 0.20271027088165283, 0.012861456722021103, -0.00432487903162837, 0.034297216683626175, -0.012216668576002121, 0.020935021340847015, 0.015063337981700897, -0.013801200315356255, -0.009664955548942089, 0.014116734266281128, 0.00445520831272006, 0.008958432823419571, -0.014967305585741997, -0.003961328417062759, -0.0019292185315862298, -0.0007905508391559124, -0.04477844759821892, -0.021401463076472282, -0.03874213621020317, -0.0014653486432507634, 0.026093322783708572, -0.007648279424756765, -0.00482218898832798, -0.012436171062290668, 0.01895950175821781, -0.009095622226595879, 0.00574478367343545, 0.005768791772425175, -0.006804567761719227, 0.00637928256765008, -0.018822312355041504, -0.0033354044426232576, 0.01570812612771988, 0.003892734181135893, -0.017354391515254974, 0.008848682045936584, 0.008512569591403008, 0.010837920941412449, -0.0032616653479635715, 0.007545387838035822, -0.007504231296479702, 0.010494948364794254, 0.02199137583374977, 0.006080896593630314, -0.015763001516461372, -0.0061083342880010605, -0.010309743694961071, -0.01613341085612774, -0.017148608341813087, 0.01327988225966692, -0.034489281475543976, -0.015310278162360191, 0.04134872555732727, 0.012305841781198978, -0.00984330102801323, -0.006670808885246515, 0.005065699107944965, -0.007881500758230686, -0.012237247079610825, 0.022800790145993233, 0.0015510916709899902, 0.025983572006225586, 0.005038261413574219, 0.00816273782402277, -0.006732543930411339, 0.008320504799485207, -0.024131521582603455, 0.010405776090919971, 0.002477973932400346, -0.005247474182397127, -0.012655673548579216, 0.01440483145415783, -0.0016256880480796099, 0.0022687609307467937, -0.01008338201791048, -0.007367042358964682, 0.026710672304034233, 0.015365153551101685, 0.0167507603764534, 0.018561653792858124, -0.018383309245109558, -0.0003678376669995487, -0.005394952371716499, 0.01450086385011673, -0.03627273812890053, 0.015159370377659798, 0.015392591245472431, -0.009424875490367413, 0.0024128092918545008, -0.009562063962221146, -0.014075578190386295, 0.012744845822453499, -0.009431734681129456, -0.007154399529099464, -0.024062927812337875, 0.003095323918387294, 0.013561119325459003, 0.025846382603049278, -0.019851230084896088, -0.012106917798519135, -0.04101947322487831, 0.027328023687005043, 0.03528497740626335, 0.006180358584970236, -0.019659165292978287, 0.03125162422657013, -0.004170541651546955, -0.008416537195444107, -0.008251910097897053, -0.02134658768773079, 0.003930461127310991, -0.007017210591584444, -0.0021590099204331636, -0.022951697930693626, 0.004256284795701504, 0.00655762804672122, 0.005775651428848505, -0.009438593871891499, 0.006026021204888821, 0.005590446293354034, 0.002664893865585327, -0.02933098003268242, -0.014336236752569675, -0.0035257539711892605, -0.012491046451032162, -0.04096459597349167, -0.01736811175942421, -0.0015116498107090592, 0.006938327103853226, -0.010103960521519184, 0.016668448224663734, -0.013252444565296173, -0.006828575860708952, -0.005525281652808189, 0.0023836565669625998, 0.012401874177157879, 0.0033131111413240433, -0.012916332110762596, 0.0008724354556761682, 0.015406309626996517, 0.007874640636146069, -0.01812264882028103, 0.005189169198274612, 0.020111888647079468, 0.0054841251112520695, -0.016833074390888214, 0.00418769009411335, 0.01133866049349308, -0.02075667679309845, -0.010172554291784763, -0.013952108100056648, -0.002169298939406872, 0.013712027110159397, -0.014199048280715942, 0.02303401194512844, -0.04011402651667595, -0.011661053635179996, -0.02381598763167858, 0.004221987444907427, -0.005734494887292385, -0.035861171782016754, -0.012312700971961021, 0.005617883987724781, -0.007133821025490761, -0.0390988290309906, -0.018534217029809952, -0.17516274750232697, 0.015982503071427345, 0.01701141893863678, -0.031333938241004944, 0.011962869204580784, 0.02867247350513935, 0.00036355049815028906, -0.013314180076122284, -0.02639513835310936, -0.009095622226595879, 0.009287686087191105, -0.014281361363828182, -0.04798866808414459, -0.008869260549545288, 0.01129064429551363, -0.004791321232914925, -0.008409678004682064, 0.013835497200489044, 0.030291302129626274, 0.02016676403582096, 0.035861171782016754, -0.007435636594891548, 0.0274652112275362, -0.01153758354485035, 0.00013718886475544423, 0.011750226840376854, 0.016051096841692924, 0.00803240854293108, 0.00016141128435265273, -0.02013932541012764, 0.007977533154189587, 0.0010417780140414834, 0.03542216494679451, 0.012964348308742046, 0.024803748354315758, -0.021771874278783798, 0.0006567917298525572, -0.024872342124581337, 0.002256756881251931, 0.010049085132777691, 0.012930050492286682, 0.02160724624991417, -0.017916865646839142, 0.019933542236685753, -0.00325823575258255, 0.006242093630135059, 0.004883923567831516, 0.013958967290818691, 0.033062517642974854, -0.01765620708465576, 0.011565021239221096, -0.029934611171483994, -0.014624333009123802, 0.018643967807292938, 0.01520052645355463, 0.010124538093805313, -4.646201341529377e-05, 0.011119158007204533, -0.02867247350513935, -0.01337591465562582, -0.015365153551101685, -0.02815115638077259, -0.007353323511779308, -0.002966709202155471, -0.006492463406175375, 0.014418549835681915, 0.007003491744399071, 0.02580522559583187, -0.03904395177960396, 0.0050897072069346905, 0.0003766263253055513, 0.006711965426802635, 0.048400234431028366, -0.009534626267850399, 0.006053458899259567, -0.013314180076122284, -0.008046126924455166, 0.012360717169940472, 0.005226896144449711, -0.005940278060734272, -0.028782224282622337, 0.0257777888327837, -0.004427770618349314, 0.040882281959056854, 0.006845724768936634, 0.0046369838528335094, 0.004918220918625593, 0.014802679419517517, -0.01006966270506382, -0.011043704114854336, 0.021099647507071495, -0.029138915240764618, -0.007559106685221195, -0.0025379941798746586, 0.016627291217446327, 0.03056568093597889, 0.006252382881939411, 0.011976588517427444, 0.016805635765194893, -0.016380351036787033, 0.0040505011565983295, -0.017573894932866096, -0.03245888650417328, 0.018547935411334038, 0.02521531470119953, 0.034297216683626175, 0.0048324777744710445, 0.012943769805133343, 0.05745469778776169, 0.02381598763167858, -0.04077253118157387, 0.022732196375727654, -0.011846259236335754, 0.04864717274904251, 0.017326954752206802, 0.01821868121623993, 0.005069128703325987, 0.013204428367316723, 0.005439538508653641, -0.013252444565296173, 0.05262564867734909, -0.018712561577558517, -0.015913909301161766, 0.013993265107274055, 0.016668448224663734, -0.005415530409663916, -0.07693551480770111, -0.02241666056215763, 0.0042151277884840965, 0.00825877021998167, -0.010618418455123901, 0.009479750879108906, -0.003872155910357833, 0.009623799473047256, -0.009219092316925526, 0.02985229715704918, -0.036739178001880646, 0.0037383968010544777, 0.004907931666821241, 0.01919272355735302, -0.0296876709908247, 0.016956543549895287, -0.013986404985189438, 0.010186273604631424, -0.017546456307172775, 0.021497495472431183, -0.011935431510210037, -0.0296876709908247, 0.012072620913386345, -0.003971617668867111, -0.005593876354396343, 0.00022743342560715973, -0.023116324096918106, -0.01710745133459568, 0.010810483247041702, 0.005580157041549683, 0.012477328069508076, -0.02293797954916954, 0.017162326723337173, -0.00851942878216505, 0.007689435966312885, 0.00427686283364892, -0.028082560747861862, -0.036766618490219116, 0.033940527588129044, 0.005374373868107796, -0.012765424326062202, 0.007668857928365469, 0.010282306000590324, 0.0076139820739626884, 0.00495251826941967, -0.0017834552563726902, -0.026011008769273758, 0.02407664619386196, 0.011914853006601334, -0.03421490266919136, -0.03322714567184448, 0.011386675760149956, -0.010433213785290718, -0.006122053135186434, 0.021031053736805916, 0.0104263536632061, 0.015653250738978386, 0.01590018905699253, 0.0021538652945309877, 0.029797421768307686, -0.01129064429551363, -0.007648279424756765, -0.006032880395650864, 0.01319756917655468, 0.019576851278543472, 0.006691386923193932, -0.0019154995679855347, -0.01006966270506382, 0.001746585825458169, -0.0166547279804945, -0.036903806030750275, 0.01432251837104559, -0.02521531470119953, 0.0065541984513401985, -0.0005521851708181202, -0.006410149857401848, -0.021415183320641518, -0.0032273682300001383, -0.008615461178123951, 0.0031021833419799805, -0.012052042409777641, -0.0017380114877596498, -0.008368520997464657, -0.023829706013202667, 0.016270600259304047, 0.021648403257131577, 0.011078000999987125, 0.0015973929548636079, -0.0008167024934664369, -0.051336076110601425, 0.00842339638620615, -0.002143576042726636, 0.021881625056266785, -0.00990503653883934, -0.007799187209457159, 0.027643557637929916, -0.016147129237651825, -0.009562063962221146, 0.006852583959698677, -0.003649223828688264, -0.035531915724277496, -0.030318740755319595, -0.045080263167619705, 0.012964348308742046, -9.096800567931496e-06, -0.020962459966540337, 0.006893740501254797, -0.001958371140062809, 0.0020201061852276325, -0.0235553290694952, 0.0072367130778729916, 0.008526287972927094, -0.01555721741169691, 0.011784523725509644, -0.007174978032708168, -0.012765424326062202, 0.01119461189955473, -0.010906514711678028, 0.01613341085612774, 0.010138257406651974, 0.007264150772243738, -0.006307258270680904, 0.02658720314502716, -0.024227553978562355, 0.003841288387775421, 0.003964758478105068, -0.015461185947060585, -0.02013932541012764, 0.0098227234557271, -0.01609225384891033, -0.007298447657376528, -0.03281557932496071, 0.022540131583809853, -0.009376859292387962, 0.017134889960289, 0.013540541753172874, 0.022471535950899124, -0.03962014615535736, 0.009184794500470161, 0.0392908938229084, 0.024982092902064323, 0.00018874187662731856, -0.0013727460755035281, -0.04288524016737938, 0.002836379921063781, -0.027739590033888817, -0.015282840467989445, -0.002477973932400346, -0.012676251120865345, 0.009562063962221146, 0.005381233524531126, 0.008217613212764263, 0.01629803702235222, 0.011050563305616379, -0.01639406941831112, -0.0191652849316597, -0.008512569591403008, -0.026861580088734627, 0.009342562407255173, 0.027520086616277695, 0.007799187209457159, 0.014349956065416336, 0.018534217029809952, 0.0026083034463226795, 0.008574304170906544, -0.014000124298036098, 0.009850161150097847, -0.021058492362499237, -0.0361081101000309, -0.02238922379910946, 0.03665686771273613, -0.007689435966312885, -0.016311757266521454, -0.025050686672329903, 0.001385607523843646, 0.0035154647193849087, 0.05103426054120064, 0.007456215098500252, 0.0017405838007107377, -0.004928510170429945, 0.004986815620213747, 0.013698308728635311, 0.0031724926084280014, 0.0022739055566489697, -0.009198513813316822, 0.0042357062920928, 0.015008462592959404, 0.02385714463889599, -0.01841074600815773, 0.02525647170841694, -0.008190175518393517, 0.004630124196410179, -0.01727207936346531, -0.0034091433044523, -0.016009941697120667, 0.0296876709908247, 0.010330322198569775, -0.00821075402200222, -0.012792862020432949, 0.001365029253065586, 0.00041028045234270394, -0.008272488601505756, 0.034818533807992935, 0.0014199047582224011, -0.0054189604707062244, -0.018945783376693726, -0.01351996324956417, -0.0037898425944149494, -0.027753308415412903, -0.008512569591403008, -0.029276104643940926, 0.007538528181612492, -0.013567979447543621, -0.010241148993372917, -0.020372547209262848, 7.400696631520987e-05, -0.01739554852247238, -0.0028621028177440166, -0.026504889130592346, -0.02407664619386196, -0.028699912130832672, 0.01876743696630001, -0.008464553393423557, 0.00338856503367424, -0.010906514711678028, -0.014199048280715942, 0.04033352807164192, 0.0071201021783053875, 3.5469486192596378e-06, -0.010961391031742096, 0.009123059920966625, -0.004640413448214531, 0.005274911876767874, -0.0014164750464260578, -0.008677195757627487, -0.016709603369235992, -0.02170327864587307, -0.017848271876573563, 0.018534217029809952, -0.009541485458612442, -0.0014653486432507634, 0.08028292655944824, 0.0027214842848479748, 0.012065760791301727, 0.009232810698449612, -0.004115666262805462, 0.017285797744989395, 0.011846259236335754, 0.0021744435653090477, -0.007367042358964682, -0.03352896124124527, 0.03073030710220337, -0.02208740822970867, -0.00571048678830266, -0.03380333632230759, 0.005244044587016106, -0.005436108913272619, 0.0072778696194291115, 0.011256346479058266, -0.03520266339182854, -0.01587275229394436, 0.0019703751895576715, 0.014027561992406845, 0.022265752777457237, 0.004424341022968292, 0.0020115317311137915, 0.00788835994899273, 0.018204962834715843, 0.004002485424280167, -0.0035566214937716722, -0.040415842086076736, -0.004983385559171438, -0.0014833546010777354, -0.020537173375487328, -0.0027249138802289963, -0.00803240854293108, -0.006218085531145334, -0.009315123781561852, 0.018712561577558517, 0.020207921043038368, 0.01860281080007553, 0.0014190473593771458, 0.012134355492889881, -0.03144368901848793, -0.013917811214923859, 0.010364619083702564, -0.008588023483753204, 0.010412635281682014, -0.0023647930938750505, -0.03454415872693062]","[0.00935198925435543, 0.029868369922041893, 0.0046133846044540405, -0.02210470288991928, -0.02230241894721985, 0.01969256065785885, 0.0035984399728477, -0.006854171399027109, -0.01321405079215765, -0.036485280841588974, 0.031871896237134933, -0.01998254470527172, 0.013734704814851284, -0.02265830896794796, -0.009167454205453396, 0.008673163130879402, 0.012080476619303226, 0.030263802036643028, 0.02715306356549263, 0.008587486110627651, -0.011098484508693218, -0.0009539820021018386, -0.005921608302742243, -0.002150166779756546, -0.02612493745982647, 0.0047353096306324005, 0.02720578759908676, -0.03305819630622864, 0.013372224755585194, 0.0013378815492615104, 0.012040933594107628, -0.01774175837635994, -0.017689034342765808, -0.032109156250953674, -0.021050214767456055, -0.012034342624247074, -0.002038127277046442, -0.019428938627243042, 0.025979945436120033, 0.0030283574014902115, 0.018440356478095055, -0.02775939367711544, 0.018321726471185684, -0.014749648980796337, -0.018756702542304993, 0.02939384989440441, 0.015606421045958996, -0.0079547930508852, -0.029420211911201477, -0.009694698266685009, 0.024516843259334564, 0.022684670984745026, -0.05578240752220154, -0.0008740716148167849, -0.0030300049111247063, -0.011032579466700554, 0.021972890943288803, 0.03068559803068638, 0.0331636443734169, -0.0005280677578411996, 0.0025834953412413597, 0.008310683071613312, -0.0012596186716109514, 0.001698714098893106, -0.02114248275756836, 0.007902069017291069, -0.01592276617884636, 0.0024071980733424425, -0.009760603308677673, -0.01476282998919487, -0.0009193816222250462, 0.015474610030651093, -0.014261948876082897, -0.0034962864592671394, 0.020509788766503334, 0.004514526110142469, -0.01689816825091839, -0.011717996560037136, 0.003792861010879278, -0.002726839855313301, 0.018664436414837837, -0.016726814210414886, -0.025900859385728836, 0.025307709351181984, 0.004250904079526663, 0.02775939367711544, 0.02671808749437332, 0.03395450860261917, 0.03419176861643791, -0.009951729327440262, 0.005503108724951744, 0.007051887921988964, -0.0011706462828442454, 0.0009070243686437607, -0.0020924992859363556, 0.017768120393157005, 0.004985750652849674, 0.03303183242678642, -0.0233173631131649, 0.020681142807006836, -0.03796156495809555, 0.022249694913625717, -0.02120838686823845, -0.008066832087934017, -0.024991363286972046, 0.01610730215907097, -0.004817691631615162, -0.013042696751654148, -0.012541815638542175, -0.02387096919119358, 0.012831799685955048, 0.004063073545694351, 0.027970291674137115, -0.01050533540546894, 0.005186762195080519, -0.0026625818572938442, -0.004498050082474947, -0.022513316944241524, -0.013576531782746315, -0.018690798431634903, -0.004257495049387217, -0.007493454497307539, 0.008495218120515347, -0.025044087320566177, 0.04842735454440117, 0.015316436067223549, -0.030659236013889313, -0.02296147309243679, -0.015777774155139923, -0.015711870044469833, 0.05217078700661659, 0.032900020480155945, 0.005470155738294125, 0.027073975652456284, -0.004056483041495085, 0.003130510915070772, -0.028761157765984535, 0.0036972982343286276, -0.011006217449903488, -0.012067295610904694, 0.031371016055345535, -0.007902069017291069, 0.014077412895858288, 0.018150372430682182, -0.022249694913625717, 0.035747140645980835, 0.016964074224233627, 0.030659236013889313, 0.004949502646923065, 0.006336813326925039, 0.020246166735887527, -0.002997052390128374, -0.0048111011274158955, -0.023910513147711754, 0.016120484098792076, -0.006508167367428541, -0.021946528926491737, -0.007401186972856522, 0.004965978674590588, -0.012238649651408195, 0.04871733859181404, 0.0039609200321137905, -0.014077412895858288, 0.00890383217483759, 0.016568640246987343, 0.03274184837937355, 0.027627581730484962, 0.003921377006918192, 0.004211361054331064, -0.00373684149235487, -0.010281256400048733, 0.018018562346696854, -0.012192516587674618, 0.022065158933401108, -0.004695766139775515, -0.004224542062729597, 0.017280420288443565, 0.0033068081829696894, -0.01882260851562023, -0.00186018249951303, -0.005232896190136671, 0.005885360296815634, 0.006735541392117739, 0.02137974090874195, -0.019850734621286392, -0.02410822920501232, -0.011355516500771046, -0.003272207686677575, -0.014815554954111576, 0.020259348675608635, -0.00451123109087348, 0.004666109103709459, -0.006221478339284658, -0.013405176810920238, -0.6352235078811646, -0.010353753343224525, -0.005292211193591356, -0.04573841020464897, 0.006709178909659386, 0.008047061040997505, 0.004066369030624628, 0.03239914029836655, -0.03390178456902504, 0.04318127781152725, -0.004992341157048941, 0.011764130555093288, 0.00263457209803164, -0.015804138034582138, 0.013892877846956253, -0.025413157418370247, 0.012146382592618465, -0.023475537076592445, 0.000930091249756515, 0.02447729930281639, -0.027363959699869156, 0.02333054505288601, -0.009912186302244663, 0.008073423057794571, -0.012667035683989525, 0.0011286315275356174, 0.009569477289915085, -0.009358580224215984, -0.006468623876571655, 0.050641778856515884, -0.032952744513750076, 0.024332307279109955, 0.014248767867684364, -0.003914786037057638, 0.0424167737364769, -0.0020892040338367224, -0.025966763496398926, 0.02072068676352501, -0.00018546218052506447, 0.019547568634152412, -0.02412141114473343, -0.0018997258739545941, 0.031001944094896317, -0.0175044983625412, -0.008185462094843388, 0.008982918225228786, 0.02570314146578312, -0.009338808245956898, 0.032662760466337204, -0.019600292667746544, 0.005025293678045273, -0.0003464157343842089, 0.0021336902864277363, 0.00016260120901279151, 0.02624356746673584, -0.02247377298772335, 0.018809428438544273, -0.014248767867684364, 0.02228923700749874, -0.012765893712639809, 0.001147579401731491, -0.02174881286919117, -0.036775264889001846, 0.0035490107256919146, -0.02671808749437332, 0.04484209790825844, 0.0017563813598826528, -0.006755312904715538, 0.00211062328889966, -0.014354215934872627, 0.003293626941740513, 0.012344098649919033, -0.018914876505732536, 0.014130137860774994, 0.008165690116584301, 0.016608184203505516, 0.01184980757534504, -0.00981332827359438, -0.00865998212248087, 0.000776860979385674, 0.0036775264889001846, 0.004985750652849674, -0.046265654265880585, -0.016450010240077972, 0.033690888434648514, -0.032109156250953674, -0.007888887077569962, -0.027179425582289696, -0.0021402807906270027, 0.0016023273346945643, 0.024213677272200584, -0.0008724239305593073, 0.001968926517292857, -0.011493917554616928, -0.00883792620152235, 0.03682798892259598, 0.009180635213851929, 0.022697851061820984, 0.010604193434119225, -0.026414921507239342, -0.01937621459364891, 0.01181685458868742, -0.009371761232614517, 0.017346326261758804, 0.022434229031205177, 0.015487791039049625, -0.017464956268668175, -0.0027581448666751385, 0.027443047612905502, -0.03152918815612793, 0.0028421743772923946, 0.00035980279790237546, -0.012508862651884556, -0.008027289062738419, -0.00819864310324192, -0.03297910839319229, 0.02594040147960186, -0.020193442702293396, -0.021129300817847252, -0.01476282998919487, 0.006353289354592562, 0.01627865619957447, -0.004241018556058407, -0.0020562512800097466, 0.006076486315578222, -0.014696924947202206, 0.0006541120237670839, 0.013207460753619671, 0.0017267238581553102, 0.01659500226378441, 0.0072166514582931995, 0.002361064311116934, 0.027838479727506638, -0.003082729410380125, -0.0024022553116083145, -0.010373524390161037, 0.0053614117205142975, -0.009866052307188511, 0.021221568807959557, -0.021551096811890602, -0.004422258585691452, -0.0013321147998794913, 0.0005742015782743692, 0.011757539585232735, 0.023370087146759033, -0.010742595419287682, -0.028286637738347054, -0.012324326671659946, 0.001851944369263947, 0.0035720777232199907, -0.026217205449938774, -0.012653854675590992, 0.0009754013153724372, 0.012462728656828403, 0.014868278987705708, 0.004392601083964109, 0.007341871969401836, -0.01627865619957447, 0.0146441999822855, -0.03521989658474922, -0.017109066247940063, 0.021458828821778297, -0.0004699885321315378, -0.0023379973135888577, -0.019389396533370018, -0.020457064732909203, -0.0009226768743246794, 0.021155662834644318, -0.016621366143226624, -0.022025614976882935, -0.013161326758563519, 0.005562423728406429, -0.005776616279035807, -0.03000018000602722, 0.011197343468666077, 0.01731996424496174, -0.020377978682518005, -0.011961846612393856, -0.0017679148586466908, -0.0016641137190163136, 0.008890651166439056, 0.006145687308162451, 0.0037335462402552366, -0.004128979053348303, 0.007407777477055788, 0.017952656373381615, 0.009721060283482075, 0.005578899756073952, -0.03996508941054344, 0.04004417732357979, -0.000857595237903297, 0.017702214419841766, -0.010986445471644402, -0.02818118780851364, -0.010327390395104885, 0.026032669469714165, 0.0030563671607524157, 0.03311092033982277, -0.009338808245956898, -0.012779074721038342, 0.010498745366930962, 0.03590531274676323, 0.01284498069435358, -0.0017926293658092618, 0.0032145404256880283, -0.02546588145196438, -0.00204966077581048, -0.0037796800024807453, 0.014261948876082897, 0.02648082748055458, 0.0042311325669288635, -0.012653854675590992, -0.008449084125459194, -0.011355516500771046, 0.01621275208890438, 0.03809337317943573, -0.018005380406975746, 0.00204966077581048, -0.0006388713954947889, 0.008778611198067665, -0.01585686206817627, 0.003562191966921091, 0.011546642519533634, 0.01448602695018053, -0.018176734447479248, -0.015500972047448158, -0.00846885610371828, 0.007361643481999636, -0.010070359334349632, -0.01053828839212656, -0.0073748244903981686, 0.023857789114117622, -0.005288915708661079, -0.001968926517292857, -0.008910422213375568, 0.011428012512624264, 0.036538004875183105, -0.012502271682024002, 0.0436030738055706, -0.020694324746727943, -0.002260558307170868, 0.012133201584219933, 0.005381183698773384, 0.0021238045301288366, 0.04616020619869232, 0.007018934935331345, 0.04523753002285957, 0.025320889428257942, -0.0108150914311409, 0.036959800869226456, 0.005341640207916498, -0.01639728620648384, -0.01534279901534319, -0.03324273228645325, 0.019903458654880524, -0.005470155738294125, 0.018018562346696854, 0.016489554196596146, 0.0016047987155616283, 0.015210988000035286, -0.01749131828546524, -0.03176644816994667, 0.041151389479637146, -0.009253131225705147, 0.000974577444139868, 0.017148608341813087, -0.003433676203712821, -0.017517680302262306, -0.02326463907957077, -0.010689870454370975, 0.018031742423772812, -0.027126701548695564, 0.006745427381247282, -0.03432358056306839, 0.018018562346696854, -0.006251135841012001, 0.020760230720043182, 0.015329618006944656, -0.0030860246624797583, 0.01883579045534134, -0.031871896237134933, -0.011843216605484486, 0.0050911991856992245, 0.0017085998551920056, -0.013187688775360584, -0.01621275208890438, 0.0025818475987762213, 0.018427176401019096, 0.016753176227211952, 0.024147773161530495, 0.02757485769689083, 0.010353753343224525, -0.0005021174438297749, -0.013734704814851284, -0.0191916786134243, -0.0022325485479086637, 0.035747140645980835, 0.0029327943921089172, -0.0022770348004996777, 0.009674926288425922, 0.019297128543257713, 0.02550542540848255, -0.021287474781274796, 0.011750949546694756, 0.05240804702043533, -0.010360343381762505, -0.003446857212111354, -0.029209313914179802, 0.02818118780851364, -0.022249694913625717, 0.00704529695212841, -0.028655707836151123, -0.0068343994207680225, 0.018203096464276314, 0.0087522491812706, -0.008192053064703941, -0.005282325204461813, 0.00811296608299017, 0.01991664059460163, -0.00657736836001277, 0.010755776427686214, -0.03171372413635254, -0.015290074050426483, 0.022434229031205177, 0.031001944094896317, 0.026507189497351646, -0.014657381922006607, -0.007888887077569962, 0.009279493242502213, 0.02217060700058937, -0.02126111276447773, 0.007091430947184563, 0.01467056293040514, -0.01791311241686344, -0.01659500226378441, -0.002102385275065899, 0.017715396359562874, -0.00826454907655716, 0.016080940142273903, -0.01738586835563183, 0.005453679710626602, -0.0014235586859285831, -0.03540442883968353, -0.015685508027672768, -0.007203470449894667, -0.0034732194617390633, 0.0011607605265453458, 0.031133754178881645, 0.004909959156066179, 0.011862988583743572, 0.01121052447706461, 0.003506172215566039, 0.026283109560608864, -0.03224096819758415, 0.00385876651853323, -0.013616074807941914, 0.010274666361510754, 0.014169680885970592, 0.014064231887459755, 0.05164354294538498, 0.000753382162656635, 0.007493454497307539, 0.010604193434119225, 0.030421976000070572, -0.005974332801997662, 0.010274666361510754, 0.0013214051723480225, 0.009404714219272137, 0.006504871882498264, -0.018506262451410294, -0.019349852576851845, -0.015527334064245224, 0.028023015707731247, 0.015698688104748726, -0.029815644025802612, -0.001244790037162602, -0.012594539672136307, -0.031318288296461105, 0.017965836450457573, -0.019178498536348343, -0.01895442046225071, -0.015817318111658096, -0.030580148100852966, -0.029815644025802612, 0.02453002519905567, -0.035799864679574966, 0.04906005039811134, 0.01209365762770176, -0.013563350774347782, -0.023356907069683075, -0.0318191722035408, -0.004527707118541002, -0.018862152472138405, -0.0018947828793898225, -0.008165690116584301, -0.01882260851562023, -0.025531787425279617, 0.0011212171521037817, 0.01622593216598034, 0.017768120393157005, -0.0014663971960544586, 0.0009070243686437607, -0.004946207161992788, 0.027627581730484962, -0.007262785453349352, -0.012133201584219933, -0.005796388257294893, -0.004573841113597155, 0.01057124137878418, -0.0201143566519022, 0.0002733018482103944, 0.002764735370874405, -0.013945601880550385, 0.0008732478017918766, 0.013181098736822605, -0.0003455919213593006, -0.005980923306196928, -0.0397278293967247, 0.01409059390425682, 0.008185462094843388, -0.005971037782728672, 0.018203096464276314, -0.019758466631174088, -0.006379651837050915, -0.0025324185844510794, 0.019336670637130737, -0.02048342674970627, -0.01312178373336792, 0.004204770550131798, -0.0075989034958183765, 0.010643737390637398, -0.0025818475987762213, -0.021906984969973564, 0.005384478718042374, 0.010182398371398449, -0.01572505012154579, 0.0034995817113667727, 0.0006932434043847024, 0.012620901688933372, 0.0023495308123528957, 0.026704905554652214, 0.02690262161195278, 0.0003944031777791679, -0.01730678230524063, 0.013576531782746315, -0.0015141787007451057, 0.010591012425720692, -0.00043703580740839243, 0.005035179667174816, 0.015026452019810677, -0.00966174528002739, -0.017873570322990417, -0.004339876584708691, -0.010274666361510754, -0.010828272439539433, 0.015659144148230553, -0.0048934826627373695, 0.0026609343476593494, -0.04652927815914154, 0.002494522836059332, -0.00642578536644578, 0.0026296291034668684, 0.016542278230190277, -0.03405996039509773, -0.008778611198067665, -0.002843822119757533, -0.010604193434119225, -0.01364243682473898, -0.021300654858350754, -0.0350089967250824, 0.005193352699279785, 0.020799772813916206, -0.004557364620268345, 0.007130974438041449, 0.004188294056802988, 0.003624801989644766, 0.003661049995571375, -0.0036775264889001846, -0.04186316952109337, -0.04489482194185257, -0.005249372683465481, -0.0053614117205142975, 0.01931030862033367, 0.0350089967250824, 0.034666288644075394, 0.009562887251377106, 0.03843608498573303, -0.011362106539309025, 0.003232664428651333, 0.028629345819354057, 0.015290074050426483, -0.012317736633121967, -0.022486954927444458, 0.0011352221481502056, 0.006659749895334244, -0.008758840151131153, 0.031186478212475777, -0.006376356352120638, 0.021841080859303474, 0.01755722239613533, -0.006494986359030008, 0.009029052220284939, -0.0026197433471679688, -0.03018471598625183, -0.02253967896103859, 0.022750576958060265, -0.00835022609680891, 0.0015298312064260244, -0.02040434069931507, 0.007546178996562958, 0.01272635068744421, -0.0007904539816081524, 0.0017662672325968742, 0.007592312525957823, 0.01285157073289156, -0.0023693025577813387, 0.012390232644975185, -0.004669404122978449, -0.008047061040997505, -0.022038796916604042, -0.01224524062126875, -0.01094031147658825, -0.043655797839164734, -0.01455193292349577, -0.008119557052850723, 0.04083504155278206, -0.004669404122978449, 0.015329618006944656, 0.011671862564980984, 0.02503090538084507, -0.011256658472120762, 0.0065543013624846935, -0.008844517171382904, 0.002743316115811467, 0.001559488708153367, -0.036959800869226456, -0.026810353621840477, -0.023225095123052597, 0.02230241894721985, 0.018638072535395622, 0.004797919653356075, -0.006020466797053814, -0.0190203245729208, -0.024859551340341568, -0.015105539001524448, -0.02971019595861435, 0.032530952244997025, 0.00020502787083387375, 0.031977344304323196, 0.030290164053440094, 0.015896404162049294, -0.01273294072598219, 0.011975027620792389, 0.01165868155658245, -0.021775174885988235, 0.025241803377866745, 0.0176758524030447, 0.0009309150627814233, -0.01931030862033367, -0.016845444217324257, 0.014921003952622414, -0.007467092480510473, -0.025650417432188988, 0.027812117710709572, -0.003486400470137596, 0.0008691286784596741, -0.0068739429116249084, 0.009035643190145493, -0.03796156495809555, -0.0003120213223155588, -0.013464491814374924, 0.020180262625217438, 0.0014350920682772994, -0.006343403831124306, -0.016357744112610817, 0.0018288773717358708, -0.006195116322487593, 0.03218824416399002, 0.025624055415391922, -0.018690798431634903, -0.031502824276685715, -0.0020727277733385563, 0.004531002603471279, 0.010459201410412788, 0.01415649987757206, 0.03498263657093048, -0.008547942154109478, 0.01992982067167759, 0.008257958106696606, 0.014525570906698704, -0.013668798841536045, -0.0004827577213291079, -0.004191589541733265, 0.026467645540833473, -0.029552021995186806, 0.002044718014076352, 0.006692702881991863, -0.0022902158088982105, 0.0062577263452112675, 0.005348230712115765, -0.012627492658793926, -0.02222333289682865, 0.0018667731201276183, 0.00890383217483759, 0.02193334884941578, 0.005226305685937405, 0.01659500226378441, -0.007750486023724079, -0.007460501976311207, 0.018137192353606224, -0.021406104788184166, 0.0037104792427271605, 0.0061358013190329075, -0.011474146507680416, -0.026704905554652214, -0.0023099875543266535, -0.016779538244009018, 0.03171372413635254, -0.013906058855354786, 0.0005680229514837265, 0.020562512800097466, 0.023541441187262535, -0.014116956852376461, 0.006363175343722105, -0.004804510623216629, 0.0003076962602790445, -0.045290254056453705, 0.004481573589146137, -0.01780766434967518, -0.01221228763461113, -0.002122156787663698, -0.014855097979307175, -0.03627438470721245, -0.01102598849684, 0.016318200156092644, -0.00263457209803164, -0.006847580894827843, -0.01671363227069378, 0.028523897752165794, 0.0002798923815134913, 0.003410609206184745, -0.015303255058825016, -0.011520280502736568, 0.03158191218972206, -0.020760230720043182, -0.0010058826301246881, -0.024951819330453873, -0.010360343381762505, -0.037935201078653336, -0.030949220061302185, 0.01730678230524063, -0.015896404162049294, 0.005480041727423668, -0.01455193292349577, -0.01257476769387722, 0.010531697422266006, -0.005634919740259647, -0.012910885736346245, -0.042258601635694504, 0.005236191209405661, -0.007289147470146418, 0.022882387042045593, 0.028444809839129448, -0.00537459272891283, 0.00012954548583365977, 0.009833099320530891, -0.007677990011870861, 0.015355980023741722, -0.029789282009005547, -0.03334818035364151, -0.02739032357931137, -0.02119520679116249, -0.010103312321007252, -0.010670099407434464, -0.022078340873122215, 0.06332200020551682, 0.010801910422742367, -0.0027218968607485294, -0.008923604153096676, -0.004675994627177715, -0.011981618590652943, -0.02253967896103859, -0.005549242254346609, -0.002539009088650346, 0.022262874990701675, 0.03050106205046177, -0.039569657295942307, 0.04774193838238716, 0.000476167188026011, 0.01804492436349392, -0.03748704493045807, 0.008824745193123817, -0.026704905554652214, 0.002324816305190325, 0.00542402220889926, -0.006597139872610569, -0.024081867188215256, -0.010037406347692013, 0.02910386584699154, 0.00769776152446866, 0.02807573974132538, 0.023607347160577774, -0.01981119066476822, -0.0249122753739357, -0.015659144148230553, -0.01102598849684, 0.01093372143805027, 0.01597549207508564, 0.01651591621339321, -0.012627492658793926, -0.015817318111658096, -0.0190203245729208, 0.008646800182759762, 0.0045870221219956875, -0.004936321172863245, -0.0031090916600078344, 0.0005774968885816634, -0.00666634039953351, -0.008844517171382904, 0.001035540015436709, -0.009483800269663334, -0.017029980197548866, 0.03208279237151146, -0.0031618159264326096, 0.019732104614377022, 0.022368324920535088, -0.0010849691461771727, -0.007664809003472328, 0.0072561949491500854, 0.01912577450275421, -0.010841453447937965, 0.026164481416344643, 0.006705883890390396, 0.0033265796955674887, -0.019600292667746544, 0.0029080798849463463, -0.0007529702270403504, 0.0053251637145876884, -0.0001160554529633373, 0.015711870044469833, 0.01057124137878418, -0.02242104895412922, -0.007460501976311207, -0.013708342798054218, -0.02684989757835865, -0.024213677272200584, -0.008804974146187305, -0.0028981941286474466, -0.00914109218865633, -0.021116120740771294, -0.025716323405504227, -0.02070750668644905, -0.018611710518598557, 0.013490854762494564, -0.012495681643486023, -0.045290254056453705, -0.01712224632501602, 0.034349944442510605, -0.002291863551363349, 0.018796246498823166, 0.1998254507780075, 0.030659236013889313, -0.0100571783259511, 0.03342726454138756, -0.0018733636243268847, 0.02070750668644905, 0.011230295524001122, -0.008330454118549824, -0.007671399507671595, 0.015105539001524448, -0.00539106922224164, 0.02223651297390461, 0.007249603979289532, 0.001225018291734159, 0.00039605083293281496, -0.01224524062126875, -0.04658200219273567, -0.02065478079020977, -0.041836805641651154, 0.011269839480519295, 0.0336645245552063, -0.003071195911616087, -0.011408240534365177, -0.020865678787231445, 0.019363034516572952, -0.006705883890390396, -0.00045433599734678864, 0.0023297590669244528, -0.009253131225705147, -0.00953652523458004, -0.0172540582716465, -0.004346467088907957, 0.007434139493852854, 0.01967938058078289, -0.009806737303733826, -0.001394724939018488, 0.019086230546236038, 0.0048572346568107605, -0.012891114689409733, -0.012825208716094494, -0.01742541231215, 0.015659144148230553, 0.028523897752165794, 0.005417431704699993, -0.01999572664499283, -0.006349994335323572, -0.016871806234121323, 0.001392253558151424, 0.000490172125864774, 0.023475537076592445, -0.04884915053844452, -0.006514757871627808, 0.03503536060452461, 0.024820009246468544, -0.01579095609486103, -0.0007439082255586982, 0.03340090438723564, -0.0056678722612559795, -0.012798846699297428, 0.017293600365519524, -0.007315509486943483, 0.007822982035577297, 0.0022506725508719683, -0.006646568886935711, 0.004554069600999355, 0.018967600539326668, -0.02139292284846306, -0.011520280502736568, 0.013563350774347782, 0.0007039530319161713, 0.006854171399027109, -0.0007958087953738868, 0.011704815551638603, 0.01791311241686344, -0.0027746211271733046, 0.004643042106181383, 0.011803673580288887, 0.00847544614225626, 0.012930657714605331, 0.015896404162049294, -0.013681979849934578, 0.008455675095319748, 0.016331380233168602, 0.023106465116143227, -0.02350189909338951, 0.018611710518598557, -0.002090851776301861, -0.016502736136317253, 0.009444257244467735, -0.012858161702752113, -0.005120856687426567, 0.0100176353007555, -0.014130137860774994, 0.004840758629143238, -0.01427512988448143, 0.018730340525507927, 0.01026148535311222, 0.022631946951150894, -0.015685508027672768, -0.019890278577804565, -0.03521989658474922, 0.028708431869745255, 0.02108975686132908, 0.0022210150491446257, -0.021287474781274796, 0.01890169456601143, -0.011408240534365177, -0.013523806817829609, -0.009806737303733826, -0.008804974146187305, 0.00014828736311756074, -0.012232059612870216, -0.002642810344696045, -0.009062005206942558, -0.0039510345086455345, -0.0031980639323592186, -0.005249372683465481, -0.0032343119382858276, 0.001734962104819715, -0.01184980757534504, 0.01730678230524063, -0.03822518512606621, -0.027680307626724243, 0.005918313283473253, 0.0035984399728477, -0.032109156250953674, -0.0218015369027853, 0.0005630800733342767, 0.0019425643840804696, -0.028023015707731247, 0.024213677272200584, -0.009701288305222988, 0.003059662412852049, 0.002090851776301861, -0.008178872056305408, 0.00537459272891283, 0.009938548319041729, -0.010683280415832996, 0.0010792023967951536, -0.004300333559513092, 0.01969256065785885, -0.008501808159053326, 0.008791793137788773, 0.0029558613896369934, 0.00487371115013957, -0.024582749232649803, -0.008765430189669132, 0.007210060954093933, -0.01503963302820921, -0.010103312321007252, 0.0017942769918590784, 0.004606794100254774, 0.011988209560513496, -0.015527334064245224, 0.010215351358056068, -0.029182951897382736, 0.0042311325669288635, -0.03305819630622864, 0.004171817563474178, -0.004600203596055508, -0.03856789320707321, -0.010511926375329494, 0.015171444043517113, -0.0005387773853726685, -0.039754193276166916, -0.03413904458284378, -0.16608184576034546, 0.020615238696336746, 0.025413157418370247, -0.025320889428257942, 0.013734704814851284, 0.02849753573536873, -0.00250605633482337, -0.010834863409399986, -0.016568640246987343, 0.0009490390657447278, 0.010208760388195515, -0.023132827132940292, -0.04523753002285957, 0.01038670539855957, 0.004339876584708691, -0.014024688862264156, -0.005338344722986221, 0.0066399783827364445, 0.02459592930972576, 0.014631018973886967, 0.05079995468258858, -0.005061541683971882, 0.02156427688896656, -0.011862988583743572, -0.005684348754584789, 0.011994799599051476, 0.00890383217483759, 0.0020397750195115805, 0.0004211772757116705, -0.011553232558071613, 0.0015751412138342857, -0.004830872640013695, 0.03582622483372688, 0.016502736136317253, 0.027311235666275024, -0.027970291674137115, -0.0009136148728430271, -0.016331380233168602, -0.009450847283005714, 0.02181471884250641, -0.0020117652602493763, 0.015685508027672768, -0.003211245173588395, 0.02132701687514782, -0.005615147762000561, 0.023673253133893013, 0.016199570149183273, 0.027258511632680893, 0.028708431869745255, -0.006399423349648714, 0.018638072535395622, -0.026204023510217667, -0.0021649955306202173, 0.026955345645546913, 0.022249694913625717, 0.015566877089440823, -0.0010462496429681778, 0.015448247082531452, -0.02521544136106968, -0.02131383679807186, -0.012871342711150646, -0.03287366032600403, 0.011138028465211391, -0.004445325583219528, 0.0013024572981521487, 0.02690262161195278, -0.0007212532218545675, 0.012647263705730438, -0.032161880284547806, 0.005888655781745911, 0.00033673588768579066, -4.2323685192968696e-05, 0.038910601288080215, -0.01900714449584484, 0.002921260893344879, -0.008257958106696606, -0.010604193434119225, 0.012943838723003864, 0.009516753256320953, -0.01132915448397398, -0.031028306111693382, 0.011895941570401192, -0.0057436637580394745, 0.04658200219273567, -0.006063305307179689, 0.0007785086054354906, 0.003227721434086561, 0.013550168834626675, -0.010208760388195515, -0.012818618677556515, 0.01986391469836235, -0.03558896481990814, -0.01738586835563183, -0.016015034168958664, -0.009279493242502213, 0.025953583419322968, 0.005875474773347378, 0.010558060370385647, 0.025782229378819466, -0.023014197126030922, -0.0003643337986432016, -0.022276056930422783, -0.048743702471256256, 0.029683833941817284, 0.01743859425187111, 0.03756612911820412, 0.015935948118567467, 0.00910813920199871, 0.04871733859181404, 0.015777774155139923, -0.01712224632501602, 0.01621275208890438, -0.006501576863229275, 0.04299674183130264, 0.033269092440605164, 0.008732478134334087, 0.0023693025577813387, 0.015329618006944656, 0.02095794677734375, -0.0032310166861861944, 0.04558023810386658, -0.010927130468189716, -0.01585686206817627, 0.013378814794123173, 0.03097558207809925, 0.008330454118549824, -0.07444684207439423, -0.020140718668699265, 0.013352452777326107, 0.01743859425187111, -0.01804492436349392, 0.015500972047448158, -0.00826454907655716, 0.005552537739276886, -0.02090522274374962, 0.027469409629702568, -0.04718833416700363, -0.0018437061225995421, 0.013629255816340446, 0.002519237343221903, -0.03221460431814194, 0.014696924947202206, -0.015540515072643757, -0.0023544738069176674, 0.006663045380264521, 0.018862152472138405, 0.0014029631856828928, -0.03121284209191799, 0.00844249315559864, 0.004985750652849674, 0.0006874766550026834, -0.00704529695212841, -0.026085393503308296, -0.025044087320566177, 0.0100176353007555, 0.013734704814851284, -0.009444257244467735, -0.022645127028226852, 0.01467056293040514, 0.003845585510134697, 0.012258421629667282, 0.000871600117534399, -0.02211788296699524, -0.023106465116143227, 0.042074065655469894, 0.008877470158040524, -0.007236422970890999, -0.00475178612396121, 0.01221228763461113, 0.006122620310634375, -0.008482037112116814, -0.015197806991636753, -0.022038796916604042, 0.022737395018339157, -0.005740368273109198, -0.029631109908223152, -0.028471171855926514, 0.00409932155162096, 0.0024352080654352903, -0.020918402820825577, 0.01840081438422203, 0.010736004449427128, 0.019587112590670586, 0.02132701687514782, 0.0038554712664335966, 0.0397278293967247, -0.009167454205453396, -0.013695161789655685, -0.0030085856560617685, 0.01597549207508564, 0.021906984969973564, 0.007763667032122612, -0.010439430363476276, -0.02186744287610054, 5.560775753110647e-05, -0.019178498536348343, -0.017662672325968742, 0.019244404509663582, -0.030764684081077576, -0.00974742230027914, -0.016133664175868034, -0.006379651837050915, -0.02538679540157318, 0.0015916175907477736, -0.006920076906681061, -0.000857595237903297, -0.01154005154967308, 0.0025818475987762213, -0.016871806234121323, -0.01706952229142189, 0.016120484098792076, 0.018479900434613228, 0.023963237181305885, 0.004020235035568476, -0.004853939637541771, -0.05243441089987755, 0.01269339770078659, -0.0028866606298834085, 0.01786038838326931, -0.011678453534841537, -0.002448389073833823, 0.011072122491896152, -0.009740832261741161, -0.021037032827734947, -0.002413788577541709, -0.004333286080509424, -0.027970291674137115, -0.028154825791716576, -0.043945781886577606, 0.01567232608795166, -0.004639746621251106, -0.016305018216371536, 0.01809764839708805, 0.01846671849489212, -0.005710710771381855, -0.027917565777897835, 0.010623965412378311, 0.010340571403503418, -0.01689816825091839, -0.005984218791127205, -0.022921930998563766, -0.017715396359562874, 0.0161600261926651, -0.0079547930508852, 0.02126111276447773, -0.0014474494382739067, 0.005058246664702892, -0.02139292284846306, 0.019033506512641907, -0.02489909529685974, 0.004053188022226095, 0.0041190930642187595, -0.019903458654880524, -0.015896404162049294, 0.013385405763983727, -0.014604656957089901, -0.011474146507680416, -0.019718922674655914, 0.02696852758526802, -0.012680216692388058, 0.018031742423772812, 0.03279457241296768, 0.018084466457366943, -0.058893147855997086, -0.007710942532867193, 0.051538094878196716, 0.020628418773412704, -0.029631109908223152, -0.001122041023336351, -0.04840099439024925, 0.009793556295335293, -0.017992200329899788, -0.015988672152161598, -0.006445557344704866, -0.014116956852376461, 0.016252294182777405, 0.011493917554616928, 0.01931030862033367, 0.026045851409435272, 0.013800609856843948, -0.013464491814374924, -0.016542278230190277, -0.006906895432621241, -0.032530952244997025, 0.004985750652849674, 0.020035270601511, 0.011217114515602589, 0.0202857106924057, 0.006333517841994762, -0.0039773965254426, 0.01907305046916008, -0.026414921507239342, 0.01184980757534504, -0.008692934177815914, -0.03097558207809925, 0.004112502560019493, 0.04096685349941254, -0.021168844774365425, -0.0019705742597579956, -0.00890383217483759, -0.007275966461747885, 0.00030048785265535116, 0.0419158935546875, 0.0027943928726017475, 0.022750576958060265, 0.004382715094834566, 0.007882297039031982, 0.01597549207508564, 0.0027976881247013807, -0.0008254662971012294, -0.008132738061249256, 0.00962879229336977, 0.009589249268174171, 0.02739032357931137, -0.01094031147658825, 0.028813881799578667, -0.014301491901278496, 0.007770257536321878, -0.023014197126030922, 0.0019952887669205666, -0.014868278987705708, 0.02728487364947796, 0.002514294581487775, 0.0027943928726017475, -0.019837552681565285, -0.004507935605943203, 0.0053251637145876884, 0.0019211451290175319, 0.03268912434577942, 0.006933257915079594, -0.0021649955306202173, -0.008706115186214447, -0.004916549660265446, 0.0037269555032253265, -0.034508116543293, -0.013253594748675823, -0.03445539250969887, 0.006979391444474459, -0.008369997143745422, 0.002417083829641342, -0.02356780506670475, -0.0034040187019854784, -0.011632319539785385, -0.000800339796114713, -0.0172540582716465, -0.011164390482008457, -0.025307709351181984, 0.016067758202552795, -0.010742595419287682, 0.010610784403979778, -0.005341640207916498, -0.009332218207418919, 0.03250458836555481, 0.013438129797577858, -0.00011337804608047009, -0.022552859038114548, 0.013747885823249817, 0.004264085553586483, 0.02072068676352501, -0.004705652128905058, -0.004761671647429466, -0.009174044243991375, -0.015184625051915646, -0.017754940316081047, 0.016608184203505516, -0.0062840888276696205, -0.004184998571872711, 0.06000036001205444, -0.007941612042486668, 0.0022094815503805876, 0.00941789522767067, -0.00028751272475346923, 0.005710710771381855, 0.009556296281516552, -0.004626565612852573, -0.02004845067858696, -0.019956182688474655, 0.024806827306747437, -0.02102385275065899, -0.0006281617097556591, -0.014459664933383465, -0.0048572346568107605, 0.008396360091865063, 0.0009959967574104667, 0.009892414323985577, -0.004049892537295818, -0.027469409629702568, -0.0032540836837142706, 0.03424449265003204, 0.0017118952237069607, -0.0010281256400048733, 0.01014285534620285, -0.0030151763930916786, 0.005097789689898491, 0.016476372256875038, -0.009154273197054863, -0.04146773740649223, -0.01248909067362547, -0.003684116993099451, -0.04418304190039635, -0.0027729736175388098, -0.011401650495827198, -0.008554533123970032, -0.0068343994207680225, 0.012278193607926369, 0.013042696751654148, 0.014828735962510109, 0.008719297125935555, 0.010498745366930962, -0.027812117710709572, -0.02083931677043438, -0.003644573735073209, -0.0056217387318611145, 0.004471687600016594, 0.0010956787737086415, -0.026072213426232338]","[-0.03586645796895027, -0.012822468765079975, 0.010144403204321861, -0.0020646348129957914, -0.02131235972046852, -0.01933535747230053, -0.00869319960474968, -0.017021846026182175, -0.024074554443359375, -0.024957895278930664, 0.00982892420142889, 0.014820503070950508, -0.0159001424908638, 0.017933228984475136, -0.022153636440634727, -0.010172445327043533, 0.008882487192749977, -0.010726286098361015, 0.003014577319845557, -0.009807892143726349, 0.005727696698158979, 0.030089687556028366, -0.009408284910023212, -0.014273672364652157, 0.002075150841847062, 0.01013038121163845, 0.004774249158799648, -0.03659556433558464, -0.008188433013856411, -0.0006011627847328782, 0.007992135360836983, 0.010039242915809155, -0.026626428589224815, -0.027790196239948273, -0.017176078632473946, -0.011833968572318554, 0.0012549053644761443, -0.028547344729304314, 0.014210577122867107, -0.030622495338320732, 0.001204078202135861, 0.010852477513253689, -0.0019279272528365254, -0.012661224231123924, -0.03690403327345848, 0.016446972265839577, 0.013593640178442001, -0.009078784845769405, -0.002911170246079564, -0.0033791307359933853, 0.032921988517045975, -0.024481171742081642, -0.025616895407438278, -0.019153080880641937, 0.038474418222904205, 0.007900996133685112, 0.012703288346529007, -0.009913051500916481, -0.025098107755184174, -0.0015221862122416496, 0.01727422885596752, 0.010011200793087482, -0.0019770017825067043, -0.01394417230039835, -0.014568119309842587, 0.001493267365731299, -0.002599196508526802, 0.016685334965586662, 0.019840124994516373, -0.005068696103990078, 0.016264695674180984, 0.013109905645251274, -0.027089130133390427, 0.012626171112060547, 0.053757622838020325, -0.016685334965586662, -0.016418930143117905, 0.013817980885505676, 0.02251819148659706, 0.003999572712928057, 0.0010428334353491664, -0.027551833540201187, -0.03614688292145729, 0.025448640808463097, 0.0049845683388412, -0.010859488509595394, 0.0010936605976894498, 0.03387543559074402, 0.008272560313344002, -0.01667131297290325, 0.029500793665647507, 0.021508658304810524, 0.002674560993909836, 0.025112129747867584, 0.01737237721681595, -0.0012855769600719213, -0.00027275789761915803, 0.03738075867295265, 0.011995213106274605, -0.016306759789586067, -0.010677211917936802, 0.013993246480822563, -0.018409952521324158, -0.0063586547039449215, -0.015409396961331367, 0.012521011754870415, 0.002553627360612154, -0.02683674730360508, 0.014960715547204018, -0.004213397391140461, -0.012205532751977444, 0.014904630370438099, 0.00431855721399188, -0.01559167355298996, 0.002807763172313571, -0.016685334965586662, 0.021200189366936684, -0.022167658433318138, -0.04024109989404678, -0.013530544005334377, 0.017807036638259888, 0.010424829088151455, 0.005044159013777971, -0.010649168863892555, 0.016573164612054825, 0.01798931509256363, -0.02340153232216835, -0.04377446696162224, 0.007683666422963142, -0.024635406211018562, 0.018073441460728645, 0.027047067880630493, -0.006407729350030422, 0.006817852146923542, -0.0018402942223474383, -0.008980635553598404, -0.036988161504268646, -0.005664600990712643, -0.003957509063184261, 0.006425255909562111, 0.018970804288983345, 0.019237209111452103, -0.0016475014854222536, -0.0008754542795941234, 0.009001667611300945, 0.026808705180883408, -0.00434659980237484, -0.0006949301459826529, 0.0038874023593962193, -0.0055419146083295345, 0.012836490757763386, -0.012023255228996277, -0.022391999140381813, -0.024046510457992554, -0.03182832524180412, 0.03704424574971199, -0.01514299213886261, 0.008041209541261196, -0.009268072433769703, -0.026500236243009567, -0.008202454075217247, 0.00795708131045103, -0.021704955026507378, -0.015816014260053635, -0.008216475136578083, 0.016601206734776497, 0.036988161504268646, -0.014526056125760078, -0.008798358961939812, -0.0015099175507202744, -0.010039242915809155, 0.03028598427772522, -0.020429018884897232, 0.024256831035017967, 0.008952593430876732, -0.0028323004953563213, 0.0008276942535303533, -0.019587740302085876, 0.022700468078255653, -0.004616509657353163, 0.0012741846730932593, 0.011125893332064152, 0.0016290985513478518, 0.037268586456775665, -0.0063656652346253395, -0.028280939906835556, 0.0033949047792702913, -0.0017009576549753547, 0.011462404392659664, 0.01772291027009487, 0.022616339847445488, 0.029725132510066032, 0.0022311375942081213, -0.027958450838923454, -0.5954000353813171, -0.015661779791116714, -0.015535588376224041, 0.0026500236708670855, 0.004027615301311016, 0.02159278653562069, 0.0063446336425840855, -0.013523533940315247, -0.04848561808466911, 0.02400444820523262, 0.0002121815487043932, 0.03076270967721939, 0.02745368517935276, -0.002891890937462449, -0.013067841529846191, -0.0005836361669935286, 0.037100329995155334, -0.01306083146482706, -0.03701620548963547, 0.023948362097144127, -0.013579619117081165, 0.015787972137331963, -0.0033949047792702913, 0.005107254721224308, -0.003256444353610277, -0.013334246352314949, 0.007725730538368225, -0.022139616310596466, 0.008272560313344002, 0.024929853156208992, -0.01888667605817318, -6.265763659030199e-05, 0.011069808155298233, 0.009261061437427998, 0.04873800277709961, -0.009660668671131134, -0.01721814274787903, 0.008265550248324871, -0.0423162505030632, 0.02174701914191246, -0.02084965817630291, 0.0036981150042265654, 0.03314632922410965, -0.007627581246197224, -0.007192921359091997, 0.018858633935451508, 0.017428463324904442, 0.007270038593560457, -0.0038243066519498825, -0.015942206606268883, -0.013607661239802837, -0.015563631430268288, -0.0014494507340714335, 0.02100389078259468, 0.017933228984475136, -0.013607661239802837, 0.019111016765236855, -0.010929594747722149, 0.0171199943870306, -0.0025974437594413757, 0.013951183296740055, 0.02459334209561348, 0.011876031756401062, -0.013832001946866512, 0.016727399080991745, 0.0008347049006260931, -0.009527466259896755, 0.002101440681144595, -0.007669645361602306, -0.022742532193660736, 0.014498013071715832, 0.0016597701469436288, -0.01193211693316698, -0.01710597239434719, 0.013551576063036919, 0.036988161504268646, 0.019111016765236855, 0.023738043382763863, 0.002865601098164916, 0.020316848531365395, -0.02535049058496952, 0.0029357075691223145, 0.00023376118042506278, 0.01664327085018158, 0.019980337470769882, 0.004234429448843002, -0.012149447575211525, -0.017652804031968117, -0.01936340145766735, -0.006572479382157326, -0.0046094986610114574, 0.047756511718034744, 0.009534476324915886, -0.02997751720249653, 0.0028410637751221657, 0.016250673681497574, -0.007943060249090195, 0.027033045887947083, 0.0022241270635277033, -0.030229900032281876, -0.015507546253502369, -0.017666824162006378, 0.01057205256074667, -0.008552986197173595, 0.03121138922870159, 0.011819946579635143, -0.012135425582528114, -0.00989201944321394, 0.01020749844610691, 0.027790196239948273, -0.009941094554960728, -0.04164322838187218, -0.013334246352314949, -0.013796948827803135, -0.002036592224612832, -0.035614073276519775, 0.020036421716213226, 0.008174411952495575, 0.018045399338006973, 0.015465482138097286, 0.03118334710597992, -0.014512034133076668, 0.009331167675554752, -0.005177360959351063, 0.004507844336330891, 0.010985679924488068, 0.02038695476949215, 0.010621126741170883, -0.0021855684462934732, 0.011679734103381634, -0.03586645796895027, -0.012766383588314056, 0.01862027309834957, -0.011350234039127827, -0.010677211917936802, 0.021396487951278687, 0.03827812150120735, -0.014540077187120914, 0.0063271066173911095, 0.0009814902441576123, 0.0012733082985505462, 0.023639893159270287, 0.002162783872336149, 0.018634293228387833, 0.014203566126525402, -0.03042619861662388, -0.02386423386633396, -0.005973069462925196, -0.019012868404388428, -0.016460994258522987, -0.005748728755861521, -0.010691232979297638, -0.011595605872571468, 0.021228231489658356, -0.026065576821565628, -0.01341837365180254, 0.029584920033812523, -0.011840978637337685, 0.010551020503044128, -0.012787415646016598, 0.02401846833527088, 0.018255718052387238, -0.008707220666110516, 0.011728808283805847, -0.011953148990869522, -0.004199376329779625, -0.01934937946498394, 0.01153952069580555, -0.009120848961174488, -0.038334205746650696, 0.007929039187729359, 0.0015370838809758425, -9.316489740740508e-05, 0.004434232600033283, -0.024859746918082237, -0.005752233788371086, -0.012976703234016895, 0.014329757541418076, -0.014301715418696404, -0.006162356585264206, -0.006593511439859867, 0.0159001424908638, -0.0017771983984857798, -0.020779550075531006, 0.04111041873693466, -0.018031377345323563, 0.0025361008010804653, -0.01192510686814785, -0.023639893159270287, 0.014350789599120617, 0.0024484675377607346, 0.01696575991809368, -0.04512050747871399, 0.003293250221759081, -0.025841236114501953, -0.00012378169049043208, -0.007115804124623537, 0.030790751799941063, 0.01667131297290325, 0.04259667545557022, -0.0014012525789439678, 0.02220972254872322, 0.0016089429846033454, -0.007620570715516806, -0.023121105507016182, -0.014357800595462322, 0.009821913205087185, -0.024985937401652336, 0.007718720007687807, -0.0063200960867106915, 0.005286026280373335, 0.028589408844709396, -0.030173813924193382, -0.0033949047792702913, -0.013698799535632133, 0.026051554828882217, -0.0351373516023159, 0.027047067880630493, 0.006046681199222803, 0.03376326337456703, -0.002169794635847211, 0.007389219477772713, -0.0031179841607809067, -0.013747874647378922, 0.0320526659488678, -0.010361732915043831, 0.01470833271741867, 0.009183944202959538, 0.009807892143726349, -0.013439405709505081, -0.020274784415960312, -0.001984012546017766, -0.014455948956310749, -0.003985551651567221, 0.02052716724574566, 0.030538368970155716, 0.05922592803835869, 0.00596605846658349, 0.012023255228996277, 0.0012514000991359353, -0.000423705845605582, -0.01681152544915676, -0.0030180825851857662, -0.00573821272701025, 0.021228231489658356, -0.006544436793774366, 0.05266396328806877, -0.011174967512488365, -0.014652247540652752, 0.004381652921438217, 0.009983157739043236, 0.0008158637792803347, -0.05134596303105354, 0.009885009378194809, 0.003533364972099662, -0.00023858100757934153, 0.00017504704010207206, -0.0005503356223925948, 0.04169931635260582, 0.026822727173566818, 0.0041397856548428535, 0.018409952521324158, -0.0012873295927420259, -0.013348267413675785, 0.007830889895558357, -0.021116061136126518, -0.02413063868880272, -0.046999361366033554, 0.023050999268889427, -0.004928483162075281, -0.03452041372656822, -0.023499680683016777, 0.0018788527231663465, -0.03042619861662388, 0.0479528084397316, 0.02127029560506344, 0.017652804031968117, 0.0320526659488678, 0.02279861643910408, -0.013775916770100594, -0.03432411700487137, -0.009134870022535324, 0.05058881267905235, 0.008279571309685707, -0.008391741663217545, -0.007788826245814562, -0.027706068009138107, 0.013074852526187897, -0.01800333522260189, 0.004223913419991732, -0.003009319305419922, -0.009786860086023808, 0.0008763305959291756, 0.007038687355816364, -0.00633762264624238, 0.0033072715159505606, 0.03482888266444206, 0.02222374454140663, -0.008468858897686005, 0.0027446674648672342, 0.00469012139365077, -0.0011585090542212129, -0.01709195226430893, 0.008861455135047436, 0.021480616182088852, 0.00465156277641654, 0.015801992267370224, -0.04032522812485695, 0.029192324727773666, -0.023359468206763268, 0.026514258235692978, 0.020807594060897827, 0.004413201007992029, -0.027481727302074432, -0.03684794902801514, -0.002192579209804535, -0.01936340145766735, 0.012640192173421383, 0.023878255859017372, -0.006554952822625637, -0.042512550950050354, -0.031856369227170944, -0.008314624428749084, 0.002572906669229269, 0.0211581252515316, 0.02401846833527088, 0.028996026143431664, -0.006400718819350004, -0.025897322222590446, -0.033202413469552994, -0.03452041372656822, -0.027986492961645126, 0.030930964276194572, -0.006407729350030422, -0.01013038121163845, 0.008230497129261494, 0.01857820898294449, 0.01238079834729433, 0.03121138922870159, -0.004469286184757948, 0.017961271107196808, -0.016418930143117905, 0.0029199335258454084, -0.0013653230853378773, 0.018325824290513992, -0.0049179671332240105, -0.0030987048521637917, 0.01665729098021984, 0.012570085935294628, 0.004213397391140461, 0.013874066062271595, 0.0066601126454770565, 0.031716156750917435, -0.02833702601492405, 0.00013243545254226774, 0.018185611814260483, 0.0005332471337169409, 0.014224598184227943, -0.007613560184836388, 0.04419510439038277, 0.0025676486548036337, 0.010039242915809155, 0.0033388196025043726, 0.004136280156672001, 0.0038803918287158012, 0.000317231664666906, 0.016839569434523582, -0.008139358833432198, 0.016531100496649742, -0.012184500694274902, -0.028070621192455292, 0.019545678049325943, -0.011469414457678795, -0.008286582306027412, 0.02922036685049534, -0.018073441460728645, -0.05933809652924538, 0.002807763172313571, 0.014652247540652752, 0.003961014095693827, -0.031295519322156906, -0.019307315349578857, -0.004399179480969906, -0.004746206570416689, -0.00072209641803056, -0.011812936514616013, -0.014806482009589672, 0.008391741663217545, 0.008994657546281815, -0.028112685307860374, -0.004003078211098909, -0.03825007751584053, 0.001226862776093185, 0.025757107883691788, 0.02056923136115074, 0.00017920960090123117, -0.024789638817310333, 0.00048723979853093624, -0.007382208947092295, 0.013881076127290726, 0.038951143622398376, 0.018690379336476326, -0.023934340104460716, 0.004525371361523867, -0.006765272002667189, -0.04186756908893585, -0.0023731032852083445, 0.014960715547204018, 0.0052124145440757275, 0.016895653679966927, 0.015858078375458717, 0.006880947854369879, -0.00610977690666914, 0.020429018884897232, 0.01948959194123745, 0.017624760046601295, 0.016124483197927475, -0.029725132510066032, 0.0055278935469686985, 0.012072330340743065, -0.0050020948983728886, 0.032024625688791275, 0.003971530124545097, 0.004700637422502041, 0.019223187118768692, -0.04652263969182968, -0.013109905645251274, 0.0017614244716241956, -0.018395932391285896, -0.008272560313344002, -0.02055520936846733, 0.016615228727459908, -0.025729065760970116, -0.019321337342262268, 0.04111041873693466, -0.026808705180883408, 0.007333134301006794, -0.008097294718027115, -0.0012470184592530131, 0.03768922761082649, 0.019713932648301125, 0.05877724662423134, 0.021256275475025177, 0.00832163542509079, -0.009920062497258186, -0.037436842918395996, 0.006789809558540583, -0.00848287995904684, 0.016685334965586662, -0.006197409704327583, 0.020190656185150146, -0.03948394954204559, -0.011637669987976551, 0.005079212132841349, -0.0010971658630296588, -0.004367631860077381, 0.027818238362669945, -0.060347627848386765, -0.02222374454140663, 0.011623648926615715, -0.01461018342524767, 0.024831702932715416, -0.0004719040298368782, 0.0171199943870306, 0.0015598684549331665, 0.016713377088308334, 0.007711709011346102, -0.01933535747230053, 0.012976703234016895, -0.02641610987484455, 0.004563929513096809, 0.01992425136268139, 0.020485103130340576, 0.011434361338615417, 0.01221955381333828, 0.01124507375061512, 0.0066285645589232445, -0.029725132510066032, 0.0051948875188827515, -0.013607661239802837, -0.001915658707730472, 0.016082419082522392, 0.0013618177035823464, 0.027649981901049614, 0.017582695931196213, 0.012787415646016598, 0.03362305089831352, -0.018381910398602486, 0.007494379300624132, 0.006271021440625191, -0.008840423077344894, -0.018255718052387238, 0.01665729098021984, -0.002560637891292572, -0.005110759753733873, -0.017035866156220436, 0.013376310467720032, -0.029781218618154526, -0.027243364602327347, 0.04343795403838158, 0.024200744926929474, 0.017470527440309525, -0.025406576693058014, -0.028855813667178154, -0.007077245973050594, 0.023808149620890617, -0.01514299213886261, 0.009092805907130241, 0.0007251635543070734, 0.002280212240293622, 0.0027148721273988485, -0.019840124994516373, 0.002071645576506853, -0.003328303573653102, -0.002139999298378825, -0.029781218618154526, 0.006737229414284229, 0.009927072562277317, 0.03076270967721939, -0.01078938227146864, -0.004977557808160782, -0.01020048838108778, 0.010859488509595394, 0.011609627865254879, 0.009261061437427998, 0.012086351402103901, -0.011595605872571468, 0.020625317469239235, -0.005124781280755997, 0.026149705052375793, -0.006540931295603514, -0.041615188121795654, -0.0019139059586450458, 0.005177360959351063, 0.0028778696432709694, -0.028827771544456482, -0.007627581246197224, -0.009359210729598999, 0.007199931889772415, -0.013684778474271297, 0.0037331683561205864, 0.0003967586671933532, -0.008335656486451626, -0.02983730286359787, 0.0050020948983728886, -0.01573188602924347, 0.04329774156212807, 0.017148036509752274, 0.03928765282034874, 0.03286590054631233, 0.01163065992295742, -0.013691789470613003, -0.011749840341508389, 0.012584106996655464, 0.0052124145440757275, 0.032333094626665115, -0.004069679416716099, -0.009667678736150265, -0.009527466259896755, 0.007837900891900063, -0.0029234387911856174, -0.011146925389766693, -0.03342675417661667, 0.011791904456913471, 0.00803419854491949, 0.0016483778599649668, -0.013986236415803432, -0.005734707228839397, -0.044896166771650314, 0.0008662527543492615, -0.016909675672650337, -0.014147480949759483, -0.002648270921781659, -0.0005428867880254984, -0.0260936189442873, 0.027804216369986534, -0.020162614062428474, 0.02669653482735157, 0.021564742550253868, 0.0030180825851857662, -0.008651135489344597, -0.0019770017825067043, -0.028252897784113884, 0.02668251283466816, 0.007908007130026817, 0.0030075665563344955, -0.02772008813917637, -0.003659556619822979, 0.0027078615967184305, -0.004160817712545395, -0.025883300229907036, -0.032305050641298294, 0.0025220795068889856, 0.03118334710597992, -0.01950361393392086, -0.009345189668238163, -0.009324157610535622, -0.007487368304282427, 0.011434361338615417, -0.029052112251520157, -0.010298636741936207, -0.0037191470619291067, -0.002702603582292795, 0.0029216862749308348, 0.019153080880641937, -0.004045141860842705, 0.02024674229323864, -0.002515068743377924, -0.006835378706455231, -0.020625317469239235, -0.016727399080991745, 0.0017544138245284557, -0.0018665841780602932, -0.011981192044913769, -0.03883897140622139, -0.018269740045070648, -0.010515967383980751, -0.010165434330701828, -0.0077467625960707664, 0.004823323339223862, 0.01634882390499115, 0.028463216498494148, 0.01139930821955204, 0.006463814526796341, 0.013663746416568756, 0.0026324971113353968, -0.02187321148812771, -0.002429188461974263, -0.011118882335722446, -0.010684222914278507, 0.01348848082125187, 0.011749840341508389, -0.026612406596541405, -0.013369299471378326, 0.019321337342262268, 0.02938862331211567, -0.0167975053191185, -0.01177087239921093, 0.005401701666414738, 0.04946710914373398, 0.0075364429503679276, -0.02833702601492405, 0.0010288121411576867, 0.018508102744817734, -0.0031723168212920427, -0.013383320532739162, 0.017007824033498764, 0.019671868532896042, -0.00690197991207242, -0.015563631430268288, 0.003701620502397418, 0.007017655298113823, -0.023639893159270287, 0.00975180696696043, -0.009934083558619022, -0.020162614062428474, -0.02986534684896469, -0.016587184742093086, -0.03250134736299515, -0.022251786664128304, -0.014582141302525997, 0.014806482009589672, -0.024326937273144722, 4.455593443708494e-05, -0.021480616182088852, 0.024999959394335747, -0.013285171240568161, 0.002329286653548479, -0.016124483197927475, 0.007077245973050594, -0.031239433214068413, 0.03196854144334793, -0.014988758601248264, -0.022532211616635323, -0.012429873459041119, 0.03544582054018974, 0.03886701539158821, -0.014736374840140343, -0.027411621063947678, 0.019475571811199188, -0.02086367830634117, -0.0058048139326274395, -0.00015061932208482176, 0.005429744254797697, 0.026752620935440063, -0.011217031627893448, -0.02038695476949215, 0.04273689165711403, 0.008945582434535027, 0.02849126048386097, -0.012191510759294033, -0.03466062620282173, 0.0006051062955521047, 0.023513702675700188, -0.007466336712241173, 0.0008640619344078004, -0.011490446515381336, 0.010480913333594799, 0.024999959394335747, 0.023471638560295105, 0.024509213864803314, 0.01817159168422222, 0.00839875265955925, -0.011609627865254879, 0.005531398579478264, -0.023499680683016777, 0.00951344519853592, 0.003757705446332693, -0.03931569680571556, -0.021410508081316948, 0.001975249033421278, 0.029472749680280685, -0.0027989998925477266, -0.005580473225563765, -0.00870020966976881, 0.022391999140381813, -0.008097294718027115, -0.016587184742093086, -0.03241721913218498, 0.0025431113317608833, 0.007143846713006496, -0.022391999140381813, 0.04169931635260582, 0.0017798274056985974, -0.007634592242538929, 0.029360579326748848, -0.013958193361759186, -0.014806482009589672, -0.027958450838923454, 0.010074296034872532, -0.05518779531121254, -0.0016930706333369017, 0.02206951007246971, -0.02341555245220661, -0.048794087022542953, 0.014273672364652157, 0.009856966324150562, -0.014119438827037811, -0.007697687949985266, -0.016446972265839577, -0.03780139610171318, -0.009737785905599594, 0.013965204358100891, 0.00704219238832593, 0.011588595807552338, -0.0038768865633755922, 0.005864404141902924, 0.02009250782430172, 0.025827214121818542, -0.011069808155298233, -0.02070944383740425, -0.037268586456775665, -0.00532808993011713, 0.01380395982414484, 0.009197966195642948, -0.024817682802677155, -0.00490745110437274, -0.002369597787037492, -0.025308426469564438, 0.02652828022837639, 0.19113822281360626, -0.016685334965586662, 0.01798931509256363, 0.026766641065478325, -0.022728510200977325, 0.021228231489658356, 0.016096441075205803, -0.018844613805413246, -0.0065970164723694324, 0.03679186478257179, 0.014750396832823753, -0.012836490757763386, -0.013327235355973244, 0.0005818835343234241, -0.01341837365180254, 0.03132355958223343, -0.029192324727773666, -0.02445312775671482, -0.021088019013404846, -0.01786312274634838, 0.013937161304056644, -0.0006419121637009084, -0.013222075998783112, -0.0018017357215285301, 0.025013979524374008, 0.00750138983130455, 0.0027499254792928696, 0.0024572310503572226, 0.012822468765079975, 0.014322747476398945, -0.028084643185138702, 0.01065617986023426, -0.0016553885070607066, -0.005184371955692768, -0.030622495338320732, -0.007823879830539227, 0.007038687355816364, 0.013881076127290726, 0.0217329990118742, 0.01515701413154602, 0.002823537215590477, 0.010172445327043533, -0.0064042238518595695, -0.024354979395866394, -0.0026430131401866674, 0.01049493532627821, -0.008293592371046543, -0.03662360832095146, -0.0004951267619617283, -0.006474330555647612, -0.01573188602924347, -0.01648903638124466, 0.04228821024298668, -0.0030408671591430902, 0.0036490405909717083, -0.01740041933953762, -0.0159001424908638, -0.010291626676917076, 0.0006143077625893056, 0.014792460016906261, -0.004188860300928354, 0.03121138922870159, -0.019713932648301125, 0.03791356459259987, -0.02816876955330372, 0.0034877958241850138, -0.022307870909571648, 0.04784063994884491, -0.0009902535239234567, -0.003435215912759304, -0.010158424265682697, 0.017666824162006378, 0.010908562690019608, -0.010032232850790024, -0.02550472505390644, -0.020597273483872414, 0.022097552195191383, 0.018073441460728645, 0.0347447544336319, 0.007045697886496782, 0.0015467235352844, 0.0024677468463778496, -0.027089130133390427, -0.010985679924488068, -0.03883897140622139, 4.592520053847693e-05, 0.034884966909885406, 0.021200189366936684, 0.005783781874924898, 0.00013429766113404185, -0.011217031627893448, -0.011392297223210335, 0.000662944104988128, -0.023766085505485535, 0.008097294718027115, 0.005254478193819523, -0.0016501304926350713, 0.04621417075395584, 0.005033642984926701, 0.006523404736071825, -0.02922036685049534, -0.010060274973511696, 0.029781218618154526, 0.00430804118514061, 0.005990596022456884, 0.0014468218432739377, 0.0018683368107303977, 0.009913051500916481, 0.0002495351363904774, -0.026472194120287895, -0.006831873208284378, -0.010403797030448914, -0.006730218883603811, -0.017442483454942703, 0.008595050312578678, 0.02893994189798832, -0.0034404739271849394, -0.015381354838609695, 0.00838473066687584, 0.01651707850396633, -0.019545678049325943, -0.007333134301006794, -0.017007824033498764, -0.013173000887036324, -0.026360023766756058, -0.02865951508283615, 0.001835036207921803, -0.015479503199458122, 0.0003312529588583857, -0.010445860214531422, -0.004216902889311314, -0.004784765187650919, -0.022013423964381218, -0.012408841401338577, 0.002699098316952586, -0.005005600396543741, -0.026191769167780876, -0.009499423205852509, -0.009127859026193619, 0.02324729785323143, -0.015773950144648552, -0.004150301683694124, -0.008959603495895863, 0.01004625391215086, 0.00434659980237484, -0.018830591812729836, 0.026626428589224815, -0.007333134301006794, -0.03805378079414368, 0.0015554868150502443, -0.03076270967721939, -0.02612166292965412, 0.018185611814260483, -0.007417262066155672, 0.03452041372656822, -0.03348283842206001, -0.03729663044214249, -0.013285171240568161, -0.006165862083435059, 0.03255743533372879, -0.03777335211634636, -0.020204678177833557, 0.02851930260658264, -0.0014266661601141095, -0.028996026143431664, 0.00757850706577301, -0.17767778038978577, -0.0032424230594187975, -0.015773950144648552, -0.028883855789899826, 0.011013722978532314, 0.02086367830634117, 0.024803660809993744, -0.01004625391215086, -0.022616339847445488, -0.016236653551459312, -0.0024186724331229925, -0.0033913992810994387, -0.018956782296299934, -0.002898901468142867, 0.00603265967220068, -0.001717607956379652, -0.004041636828333139, 0.015577652491629124, 0.046578723937273026, 0.005597999785095453, 0.029276452958583832, -0.020919764414429665, 0.02966904826462269, -0.0020506135188043118, 0.025392554700374603, -0.005692643579095602, -0.0015072886599227786, 0.004129269625991583, 0.007564485538750887, -0.05078510940074921, 0.003347582882270217, 0.019405463710427284, 0.008272560313344002, 0.0159001424908638, 0.018115505576133728, -0.001709720934741199, 0.0055033559910953045, -0.018213655799627304, 0.011791904456913471, 0.006807336118072271, 0.014140469953417778, 0.03597863018512726, 0.00989201944321394, -0.014582141302525997, -0.003925960976630449, 0.006954559590667486, 0.020905742421746254, -0.010158424265682697, 0.02324729785323143, -0.003789253532886505, 0.016545120626688004, -0.02746770530939102, -0.03446432948112488, -0.01402829959988594, -0.006793314591050148, -0.0061202929355204105, -0.021859189495444298, 0.01228264905512333, 0.005576967727392912, 0.007094772532582283, 0.0033370668534189463, -0.04021305963397026, -0.011714787222445011, 0.005724191199988127, -0.017750952392816544, -0.011876031756401062, -0.00427999859675765, 0.02476159669458866, -0.03477279841899872, 0.012857521884143353, -0.011266105808317661, -0.013747874647378922, 0.023639893159270287, 0.00853896513581276, -0.003347582882270217, 0.0033265508245676756, -0.010039242915809155, 0.03073466569185257, 0.002664044965058565, -0.006116787437349558, -0.004591972101479769, 0.048233237117528915, 0.006954559590667486, 0.020639337599277496, 0.008623093366622925, 0.008763305842876434, 0.024354979395866394, 0.014483992010354996, -0.005864404141902924, -0.021368445828557014, 0.012450904585421085, 0.0023135128431022167, 0.0058433725498616695, -0.011427351273596287, 0.044783998280763626, 0.024551277980208397, 0.014876588247716427, -0.0022206217981874943, 0.0030443724244832993, -0.03883897140622139, 0.0005043282289989293, 0.02952883578836918, -0.012107383459806442, -0.007599538657814264, 0.028547344729304314, 0.027229344472289085, -0.02941666543483734, 0.017793016508221626, 0.03614688292145729, 0.011791904456913471, -0.0353897325694561, 0.013053820468485355, 0.009092805907130241, 0.037128373980522156, -0.013397341594099998, 0.021859189495444298, 0.008279571309685707, -0.0011918095406144857, -0.00573821272701025, -0.0022083530202507973, 0.03634318336844444, -0.009478391148149967, -0.014778438955545425, 0.013446416705846786, -0.0023766085505485535, -0.027664003893733025, -0.10673005133867264, -0.04758825525641441, 0.011034755036234856, 0.006116787437349558, -0.005261488724499941, 0.01862027309834957, 0.0036875992082059383, 0.015325269661843777, -0.006758261471986771, 0.0077748047187924385, 0.008181422017514706, 0.0009981405455619097, -0.008314624428749084, 0.012563074938952923, -0.016993802040815353, -0.01073329709470272, 0.0012216048780828714, 0.005682127550244331, -0.02952883578836918, 0.01888667605817318, -0.020050443708896637, -0.03468867018818855, -0.0017351345159113407, -0.00020111787307541817, -0.028996026143431664, -0.004991578869521618, -0.013369299471378326, -0.004076689947396517, 0.01282947976142168, 0.021859189495444298, 0.04097020626068115, 5.430511009762995e-05, 0.013965204358100891, -0.016559142619371414, 0.013958193361759186, 0.006022143643349409, -0.02952883578836918, -0.027481727302074432, 0.03575428947806358, -0.010614115744829178, 0.0022714489605277777, 0.014974736608564854, 0.018381910398602486, -0.0032021119259297848, 0.015619716607034206, 0.01380395982414484, -0.009366221725940704, 0.022153636440634727, 0.02232189290225506, -0.025602875277400017, -0.026346001774072647, 0.039063312113285065, 0.004770743660628796, -0.001758795464411378, 0.036062754690647125, -0.012934639118611813, 0.011034755036234856, 0.026570342481136322, -0.010081307031214237, 0.015773950144648552, 0.0037401788868010044, 9.683452663011849e-05, -0.009793870151042938, 0.006656607147306204, -0.01545146107673645, -0.007893986068665981, 0.01245791558176279, -0.009338178671896458, 0.009955115616321564, -0.03222092241048813, -0.012163468636572361, 0.0038698757998645306, 0.001569508109241724, 0.024523235857486725, -4.19269417761825e-05, -0.000796146341599524, -0.00393647700548172, 0.0047181639820337296, -0.007844910956919193, 0.018648315221071243, -0.023177191615104675, 0.013404352590441704, 0.006894968915730715, -0.006106271408498287, 0.006225452292710543, 0.01476441789418459, -0.010459882207214832, 0.016727399080991745, 0.006278032436966896, -0.0259674284607172, -0.0019594752229750156, -0.003620998002588749, 0.019475571811199188, 0.006134313996881247, -0.006544436793774366, 0.023569786921143532, 0.007340144831687212, 0.0002694716677069664, 0.008419784717261791, -0.006190399173647165, -0.05580473318696022, -0.02143855206668377, -0.04155910015106201, -7.541920058429241e-05, 0.00981490220874548, -0.030959006398916245, -0.009183944202959538, -0.03379130735993385, 0.023499680683016777, -0.019826103001832962, -0.018031377345323563, -0.01573188602924347, -0.005075706634670496, 0.03390347585082054, 0.006214936729520559, 0.0026167230680584908, -0.008707220666110516, -0.00029641881701536477, 0.0015633737202733755, 0.0060957553796470165, 0.02278459444642067, -0.004714658483862877, 0.0169236958026886, -0.03376326337456703, 0.008875476196408272, 0.011714787222445011, 0.0031951013952493668, -0.006323601584881544, -0.013902108184993267, 0.004826828837394714, -0.0019349378999322653, -0.052888303995132446, 0.020891720429062843, -0.004153807181864977, 0.01965784840285778, -0.006688155233860016, 0.01334125641733408, 0.014427906833589077, 0.015956226736307144, 8.138920384226367e-05, 0.027075110003352165, 0.019293293356895447, -0.01191108487546444, -0.019615784287452698, 0.004728680010885, -0.026149705052375793, -0.024102596566081047, 0.0012741846730932593, -0.016909675672650337, -0.001698328647762537, 0.004052152391523123, 0.005752233788371086, 0.004143291153013706, 0.003142521483823657, -0.007270038593560457, -0.02369597926735878, -0.007725730538368225, -0.04097020626068115, 0.001622964278794825, -4.2549959289317485e-06, -0.027649981901049614, -0.011083829216659069, 0.048373449593782425, 0.012836490757763386, -0.00651989970356226, 0.012941650114953518, 0.018059421330690384, -0.003901423653587699, -0.0291081964969635, -0.03045424073934555, 0.00809028372168541, 0.0035088276490569115, -0.010438850149512291, -0.028883855789899826, 0.0199382733553648, 0.0018175096483901143, 0.061413247138261795, 0.004854871425777674, -0.019125038757920265, -0.017049888148903847, -0.009913051500916481, 0.01364972535520792, 0.0017351345159113407, 0.004795280750840902, -0.03289394453167915, -0.008279571309685707, 0.038895055651664734, -0.0016282221768051386, -0.013593640178442001, 0.028855813667178154, -0.0011576326796784997, 0.0024905314203351736, -0.012836490757763386, -0.017736930400133133, -0.012100372463464737, 0.0022889755200594664, 0.008454837836325169, 0.004749711602926254, 0.006775788031518459, 0.024957895278930664, -0.0028393110260367393, -0.0029690079391002655, 0.011371266096830368, -0.016559142619371414, -0.015619716607034206, -0.02593938447535038, -0.01890069805085659, -0.007185910828411579, -0.019994359463453293, -0.02023272030055523, -0.013334246352314949, -0.008041209541261196, -0.013460437767207623, 0.0011804172536358237, 0.016278717666864395, 0.012913607060909271, -0.004532381892204285, 0.006972086150199175, -0.041446931660175323, -0.024845724925398827, -0.017582695931196213, 0.000972726964391768, 0.01041781809180975, 0.013832001946866512, -0.0030987048521637917, -0.016278717666864395, 0.026612406596541405, 0.018858633935451508, 0.019601762294769287, -0.0013346514897421002, 0.007347155828028917, -0.004521865863353014, -0.01521309930831194, -0.007978113368153572, -0.022237764671444893, -0.032921988517045975, -0.009730774909257889, -0.011946138925850391, 0.010705254040658474, -0.0019997863564640284, -0.0022784594912081957, 0.0779583677649498, 0.014778438955545425, 0.004655068274587393, -0.005286026280373335, 0.00898764654994011, 0.007739751599729061, 0.024523235857486725, 0.00494600972160697, 0.008868465200066566, -0.026738598942756653, 0.03522147983312607, -0.025869278237223625, -0.0054647973738610744, -0.05395392328500748, 0.01890069805085659, -0.015816014260053635, -0.005878425668925047, -2.5509436454740353e-05, -0.031435731798410416, 0.015956226736307144, 0.007431283127516508, 0.008679178543388844, 0.02142453007400036, 0.006758261471986771, -0.023569786921143532, 0.016264695674180984, 0.03886701539158821, 0.005051169544458389, -0.0014196555130183697, -0.03836224600672722, 0.018634293228387833, 0.006505878176540136, 0.00701414979994297, -0.017947250977158546, 0.011784893460571766, 0.022125594317913055, -0.005727696698158979, -0.0006660112412646413, 0.045653317123651505, 0.018648315221071243, -0.011434361338615417, 0.015199077315628529, -0.040409356355667114, 7.454286969732493e-05, 0.00536664854735136, -0.0075434534810483456, -0.007466336712241173, 0.007550464477390051, -0.05098140984773636]"
